352 678
33 313 3
40 49 4
130 189 3
168 249 5
147 294 3
109 95 3
231 107 5
211 313 3
164 108 3
202 44 3
238 260 4
209 173 3
123 96 3
110 248 4
86 286 3
57 280 4
154 285 3
318 348 3
283 34 3
293 265 3
39 25 2
125 323 3
51 20 2
251 183 3
28 140 4
286 342 5
192 249 3
270 84 3
248 197 4
175 264 5
256 322 3
70 315 2
42 222 3
178 88 4
42 271 5
325 264 3
146 352 3
66 322 3
159 287 3
147 89 2
62 24 3
36 278 4
301 252 4
246 290 4
216 10 3
8 223 3
271 188 3
198 255 4
134 351 3
157 215 3
164 134 4
311 288 4
124 23 4
136 34 4
126 274 3
260 132 4
158 172 2
173 232 3
219 115 3
165 5 4
228 220 3
203 284 2
285 282 3
52 174 3
82 142 2
28 250 3
269 7 3
66 21 2
84 199 2
301 111 2
155 220 3
59 203 3
336 317 3
212 92 1
344 60 3
24 83 3
345 262 3
142 300 3
220 13 4
122 205 3
251 323 3
35 131 3
224 235 3
242 28 3
104 184 3
343 81 5
276 67 6
250 239 3
176 208 3
292 252 4
75 341 3
53 83 3
305 90 3
170 324 2
105 170 3
186 261 2
167 275 4
338 209 4
347 125 3
115 103 3
345 41 3
301 45 2
122 26 4
179 318 4
35 11 3
4 76 3
294 31 3
23 239 4
71 14 3
193 253 5
41 195 4
98 342 3
11 283 3
141 65 3
170 151 2
84 300 5
229 118 3
233 213 3
80 340 3
53 62 3
337 16 4
34 35 4
195 282 4
328 109 3
191 193 3
332 24 5
212 39 3
278 275 3
40 37 2
71 238 3
46 93 2
288 352 4
101 113 2
190 292 6
25 92 3
162 10 3
162 119 4
296 12 3
259 17 2
60 282 3
188 42 3
102 218 3
142 233 2
154 202 4
308 226 2
55 29 3
138 256 3
3 342 2
219 277 3
99 199 2
231 312 2
72 199 3
17 170 3
335 82 2
292 124 5
95 198 4
85 297 5
213 335 2
281 329 5
85 154 2
244 150 4
9 49 5
68 224 3
344 18 4
270 99 2
306 304 1
163 323 3
290 72 4
207 32 3
18 167 3
277 192 3
133 171 4
325 165 4
151 307 4
321 154 4
310 68 5
221 235 3
240 115 5
332 293 3
344 78 3
245 99 2
325 98 3
39 112 5
85 315 3
265 104 2
333 107 2
64 331 4
156 182 3
309 247 3
273 258 4
32 287 4
215 120 4
317 17 4
305 153 5
222 47 3
69 43 4
119 79 3
58 278 2
94 304 3
44 6 3
113 264 3
206 111 2
173 272 3
51 298 3
314 188 4
322 138 2
156 22 1
105 169 3
87 246 3
137 244 3
22 345 3
163 343 4
114 143 3
155 296 3
217 79 1
330 263 3
66 298 3
269 144 3
180 241 2
99 15 4
174 330 3
75 114 4
163 347 4
94 122 2
157 120 4
87 204 4
125 183 3
143 19 3
227 209 3
89 294 4
315 80 3
175 349 4
169 287 3
243 327 5
15 177 3
189 160 3
239 242 4
333 319 2
183 164 4
143 201 2
61 254 3
298 210 5
320 288 2
305 302 2
100 261 3
309 220 3
307 238 2
16 96 4
232 272 3
266 90 4
191 27 5
271 23 4
169 159 4
260 275 3
141 234 2
281 137 5
302 171 3
149 48 4
69 261 4
225 318 3
21 46 2
53 177 5
140 182 3
9 223 3
145 208 5
157 88 3
87 29 2
127 300 4
210 21 3
212 56 1
331 296 4
149 190 3
258 194 2
181 33 3
291 118 1
324 185 3
44 128 2
203 211 3
146 139 4
76 120 3
31 5 1
130 77 4
129 29 5
109 348 3
45 295 2
4 215 3
203 277 3
299 158 3
93 1 3
284 219 3
330 54 4
142 200 2
152 55 3
337 320 3
329 118 3
190 338 2
206 47 4
242 124 5
4 30 3
162 197 4
79 275 3
250 42 3
284 237 4
136 274 3
284 59 2
157 211 4
251 108 5
326 36 3
59 211 3
96 352 4
20 39 5
171 101 3
183 163 4
52 263 3
269 20 3
182 228 4
263 224 4
347 343 2
346 268 3
64 155 4
165 294 3
321 85 2
116 74 3
326 10 4
52 166 3
254 214 4
5 147 2
283 38 4
109 303 2
135 225 3
97 340 4
40 103 2
128 6 3
128 91 3
68 339 3
295 23 4
156 314 4
35 160 3
11 2 3
159 324 3
235 76 3
66 46 2
12 77 2
342 184 3
158 226 2
172 226 3
256 273 3
54 117 4
259 105 4
207 63 3
253 121 4
241 77 3
105 159 2
297 321 3
279 236 6
351 223 3
221 161 2
232 191 3
22 220 2
50 184 2
95 118 3
334 244 3
217 278 4
302 169 4
332 279 4
60 262 4
7 51 2
268 281 2
237 176 4
82 273 2
43 261 2
230 327 4
180 106 4
148 38 3
167 36 1
65 205 3
2 187 3
93 322 2
2 351 4
27 26 2
218 180 3
194 174 3
26 121 3
121 191 5
321 241 3
234 336 3
152 258 2
226 350 4
297 315 4
324 151 3
336 41 4
145 10 2
327 74 2
91 44 3
148 97 3
316 12 4
79 197 3
30 110 4
161 30 3
6 145 3
83 62 3
181 150 3
48 292 4
202 128 2
4 216 3
55 257 4
317 195 3
285 18 4
240 73 4
61 73 3
245 270 3
289 173 3
119 217 2
214 61 4
144 127 2
126 261 3
62 50 3
227 272 4
116 113 4
158 308 3
189 274 3
268 334 3
127 213 4
201 257 3
249 181 3
217 36 3
212 348 3
198 328 3
67 236 5
84 245 3
126 186 4
5 207 3
204 273 3
335 256 2
329 291 5
134 9 4
307 14 3
262 78 3
45 111 3
337 352 2
136 160 4
122 304 5
102 38 4
196 132 2
200 300 4
172 350 4
327 175 4
147 31 1
19 339 5
172 349 3
81 126 4
112 92 3
350 308 3
88 120 4
224 110 5
168 192 3
50 15 4
102 131 3
19 257 4
218 70 4
86 246 4
311 346 4
140 13 4
310 52 2
91 254 2
196 58 3
194 204 2
264 299 4
188 234 3
319 132 2
290 199 5
293 104 3
12 78 3
229 137 4
123 225 3
146 16 2
100 69 3
326 6 4
295 222 2
14 63 4
149 209 4
70 297 1
58 167 3
289 121 4
230 153 2
199 270 3
252 149 4
71 307 5
102 340 3
232 289 4
316 77 3
69 186 3
265 24 2
236 104 3
192 33 4
41 60 4
185 207 3
312 195 4
243 153 3
320 146 5
103 168 3
334 281 5
247 296 1
114 257 4
111 306 3
206 295 2
26 94 2
228 156 2
162 110 3
230 133 4
253 90 4
328 117 4
107 196 3
130 180 3
333 132 2
330 1 4
135 303 3
76 161 3
179 280 4
8 103 5
62 265 2
65 234 2
81 136 3
96 311 5
98 299 2
210 213 4
64 13 4
116 175 4
190 227 4
100 316 3
221 54 4
210 144 3
135 348 4
271 222 2
198 291 3
314 345 4
189 218 3
312 17 3
137 178 4
74 349 4
228 22 2
226 299 2
3 98 3
88 255 2
223 187 3
76 215 5
341 260 4
306 47 3
204 29 3
222 206 4
89 31 2
117 161 3
8 115 5
245 177 5
101 32 4
8 49 3
308 236 2
123 346 4
166 339 3
80 254 3
116 243 3
30 235 1
319 107 3
166 152 3
82 72 3
90 302 4
338 48 4
150 313 2
177 83 4
267 290 3
108 134 3
91 214 4
141 231 4
54 57 3
27 122 3
133 305 3
179 25 4
303 280 4
97 187 3
196 333 2
78 106 3
233 335 3
56 139 4
118 225 3
247 43 4
133 243 3
282 18 3
95 291 5
263 310 3
309 262 5
293 276 4
119 326 3
131 283 2
179 1 4
176 61 3
178 211 3
238 319 3
174 138 3
71 341 3
56 112 4
166 194 1
24 53 3
316 296 3
127 200 3
252 45 3
290 86 3
246 72 2
129 86 4
306 205 3
277 59 2
106 77 3
259 94 3
329 123 3
7 20 3
268 329 3
148 240 3
67 350 3
274 100 4
143 55 4
25 56 3
241 70 4
182 250 4
351 164 3
16 135 5
129 87 3
178 229 2
231 317 3
1 57 4
152 339 4
131 11 4
21 93 2
19 75 5
312 65 3
344 285 3
208 214 3
15 267 2
280 117 4
325 3 4
139 337 5
3 299 4
343 34 5
94 205 2
63 114 3
233 200 3
80 148 4
75 201 4
298 269 3
43 331 4
37 168 2
185 287 5
295 301 2
46 138 2
286 267 3
303 318 1
21 322 2
33 150 5
95 328 2
38 340 4
248 68 5
267 50 3
249 37 3
145 237 3
276 279 3
216 237 2
263 221 4
240 97 5
193 266 5
219 73 4
229 255 3
204 258 3
336 141 2
216 208 2
14 185 4
155 309 2
129 89 3
165 113 4
27 259 3
266 153 3
10000
0
0
0
0
0
0
0
0
0
0
0
0
0
0
0
0
0
0
0
0
0
0
0
0
0
0
0
0
0
0
0
0
0
0
0
0
0
0
0
0
0
0
0
0
0
0
1
1 94
0
0
0
0
0
0
0
0
0
0
0
0
0
0
0
0
0
0
0
0
0
0
0
0
0
0
0
0
0
0
0
0
0
0
0
0
0
0
1
2 318
0
0
0
0
0
0
0
0
0
0
0
0
0
0
0
0
0
0
0
0
0
1
3 329
0
0
0
0
1
4 307
0
0
0
0
0
1
5 231
0
0
0
1
6 337
0
0
0
0
0
0
0
0
0
0
0
0
0
0
0
0
0
0
0
0
0
0
0
0
0
0
0
0
0
0
0
0
0
0
0
0
0
1
7 216
1
8 179
0
0
0
0
0
0
0
0
0
0
0
0
0
0
0
0
0
0
0
0
0
0
0
0
0
0
0
0
0
0
0
0
0
0
0
0
0
0
0
0
0
0
0
0
0
0
0
0
0
0
0
1
9 337
0
0
0
0
0
0
0
1
10 334
0
0
0
0
0
0
0
0
0
0
0
0
0
0
0
0
0
0
0
0
0
0
0
0
0
0
0
0
0
0
0
1
11 26
0
0
0
0
0
0
0
0
1
12 166
0
0
0
0
0
0
0
0
0
0
0
0
0
0
0
0
0
0
0
0
0
0
0
0
0
0
0
0
1
13 96
0
0
0
0
0
0
1
14 261
0
0
0
0
0
0
0
0
0
0
0
1
15 91
0
0
0
0
1
16 351
1
17 217
0
0
0
0
0
0
0
0
0
0
0
0
0
0
1
18 101
0
0
1
19 265
0
0
1
20 54
0
0
0
0
1
21 25
0
0
0
0
0
0
0
0
0
0
0
0
0
0
0
1
22 236
0
0
0
0
0
0
0
0
0
0
0
0
0
0
0
0
1
23 280
0
0
0
0
0
0
0
0
0
0
0
0
0
0
0
0
0
0
0
0
0
0
0
0
0
0
0
0
0
0
0
0
0
0
0
0
0
0
0
0
1
24 190
0
0
1
25 8
1
26 52
0
0
0
0
0
0
0
0
0
1
27 270
0
0
1
28 42
1
29 312
0
0
0
0
0
0
0
0
0
0
0
0
0
0
0
0
0
0
0
0
0
0
0
0
0
0
0
0
0
0
0
0
0
0
0
1
30 340
0
0
0
0
0
0
0
0
0
0
0
0
0
0
1
31 37
0
0
0
1
32 52
0
0
1
33 97
0
0
0
0
0
0
0
0
0
0
0
0
0
0
0
1
34 109
1
35 339
0
0
1
36 346
0
1
37 33
0
0
1
38 322
0
0
0
0
1
39 98
0
0
0
0
0
0
0
1
40 333
0
0
0
0
0
0
0
0
0
0
0
0
0
0
0
0
0
0
1
41 49
0
0
0
0
0
0
0
0
0
0
0
0
0
0
0
0
0
0
0
0
0
0
0
0
0
0
0
0
0
0
0
0
0
0
0
0
0
0
1
42 174
1
43 235
0
0
0
0
0
0
1
44 152
0
0
1
45 7
0
0
0
0
0
0
0
0
0
0
0
0
1
46 256
1
47 180
0
0
0
1
48 296
0
0
0
0
0
1
49 250
0
0
0
0
0
0
1
50 83
1
51 22
0
0
1
52 34
0
0
0
0
0
0
0
1
53 166
0
1
54 33
0
0
0
1
55 350
0
0
1
56 316
0
0
0
0
0
1
57 178
0
0
0
0
0
0
0
0
0
0
0
0
0
0
0
0
0
0
1
58 60
0
1
59 13
1
60 152
0
0
1
61 229
0
0
0
0
1
62 188
0
0
0
0
0
0
1
63 117
0
0
0
0
0
0
0
0
0
0
1
64 74
0
0
0
0
0
0
0
0
0
0
0
0
0
1
65 244
0
1
66 161
0
0
0
0
0
1
67 7
0
0
0
0
0
0
0
1
68 76
0
1
69 275
0
1
70 146
1
71 310
0
0
0
0
0
1
72 118
0
0
0
0
1
73 210
0
0
0
0
1
74 216
0
1
75 25
0
0
0
0
0
1
76 35
0
0
0
1
77 95
0
0
0
0
0
0
0
0
1
78 17
0
0
0
0
0
1
79 207
0
0
0
0
0
0
0
0
0
0
0
0
0
0
0
1
80 57
1
81 261
0
1
82 229
0
1
83 48
0
0
1
84 39
0
0
0
0
0
0
0
0
0
0
0
0
0
0
0
0
0
0
1
85 348
0
0
0
1
86 143
1
87 217
0
0
0
0
0
0
0
0
1
88 160
0
0
0
0
0
0
0
0
0
0
0
0
0
0
0
0
1
89 230
1
90 101
0
1
91 286
0
0
0
0
0
1
92 76
0
1
93 13
0
0
0
0
0
0
0
0
1
94 304
0
1
95 102
0
0
0
0
1
96 20
0
0
0
1
97 292
0
0
1
98 12
0
0
1
99 15
0
0
0
1
100 175
0
0
1
101 202
0
1
102 132
0
0
1
103 139
0
0
0
0
0
0
0
1
104 343
1
105 154
0
0
0
0
0
0
0
0
0
0
1
106 28
1
107 182
0
0
0
0
0
0
0
1
108 5
0
0
0
0
0
0
0
0
0
0
0
1
109 324
0
0
0
0
0
0
0
0
0
0
1
110 28
0
1
111 310
0
1
112 272
0
0
0
0
0
0
0
0
1
113 189
1
114 235
0
0
0
1
115 197
0
0
0
0
0
1
116 95
0
0
1
117 119
0
0
0
0
0
0
1
118 123
0
1
119 63
0
0
1
120 73
0
0
1
121 220
0
0
0
0
1
122 295
0
0
0
0
0
0
0
1
123 270
0
0
0
0
0
1
124 115
1
125 155
1
126 332
0
0
0
0
0
1
127 64
0
0
0
0
1
128 300
1
129 70
0
0
0
0
0
1
130 66
0
0
0
0
0
0
1
131 126
0
1
132 188
0
0
0
1
133 8
0
0
0
0
0
0
0
1
134 224
0
1
135 133
0
0
0
0
1
136 237
0
1
137 323
0
0
0
1
138 154
0
0
0
1
139 48
0
0
0
0
0
0
0
0
0
0
0
1
140 41
0
1
141 18
0
0
0
1
142 263
0
1
143 238
0
0
0
0
0
0
0
0
0
1
144 285
0
0
1
145 14
0
0
0
0
0
0
1
146 152
1
147 202
0
0
1
148 223
0
0
0
1
149 120
0
0
0
0
0
0
0
0
0
0
0
1
150 201
0
0
0
0
0
0
0
1
151 265
1
152 268
1
153 19
0
0
1
154 346
1
155 297
0
1
156 80
0
0
0
0
0
1
157 143
1
158 40
0
1
159 273
0
0
0
1
160 117
0
0
0
0
0
0
1
161 209
0
0
0
0
0
1
162 14
0
0
0
0
0
1
163 191
0
0
0
0
0
0
0
0
0
0
0
0
0
0
0
0
1
164 264
1
165 19
0
0
0
0
0
0
0
0
0
1
166 51
0
0
0
0
1
167 138
0
0
0
1
168 169
0
0
0
1
169 106
0
0
0
0
0
0
0
0
0
0
0
0
0
0
0
1
170 134
0
0
0
0
0
0
0
1
171 161
1
172 181
0
0
0
0
0
0
0
1
173 202
0
1
174 233
0
1
175 197
1
176 69
1
177 71
1
178 94
0
0
0
0
0
0
0
0
1
179 232
0
0
1
180 257
0
0
1
181 110
0
0
0
0
1
182 58
0
0
1
183 291
0
0
0
1
184 138
0
0
0
0
0
0
0
1
185 114
0
0
0
0
1
186 119
0
0
1
187 17
1
188 295
1
189 3
0
0
0
0
1
190 119
0
0
1
191 200
0
0
0
1
192 194
0
0
0
0
0
0
0
1
193 240
1
194 163
0
0
1
195 234
0
0
0
0
0
0
1
196 134
0
0
0
1
197 302
0
0
0
1
198 310
1
199 235
1
200 155
1
201 82
0
1
202 119
1
203 69
0
0
1
204 176
0
1
205 21
1
206 142
1
207 333
1
208 232
0
0
0
1
209 290
1
210 7
1
211 55
1
212 85
0
0
0
0
0
0
1
213 263
0
0
1
214 183
1
215 152
0
0
1
216 193
0
0
0
0
0
0
0
0
0
0
1
217 205
0
1
218 183
1
219 162
0
1
220 215
0
0
1
221 30
1
222 56
0
0
1
223 110
0
0
0
0
0
0
0
1
224 67
0
1
225 163
0
0
1
226 248
0
0
0
0
0
0
0
0
1
227 314
0
1
228 62
0
1
229 36
0
0
1
230 197
1
231 311
0
0
0
0
0
0
0
0
1
232 54
0
0
0
0
0
0
1
233 290
0
0
1
234 275
0
0
0
0
1
235 214
1
236 131
0
0
0
1
237 235
0
0
0
0
0
0
0
0
0
1
238 19
0
0
0
0
0
0
0
1
239 342
1
240 8
0
0
0
1
241 52
1
242 269
0
1
243 211
1
244 115
1
245 339
1
246 239
0
0
1
247 275
0
0
0
0
0
0
0
1
248 125
0
0
1
249 102
0
0
1
250 263
0
0
1
251 227
0
1
252 75
0
0
0
0
0
1
253 219
0
1
254 89
1
255 177
1
256 320
0
0
0
0
0
0
1
257 12
1
258 26
1
259 234
0
0
0
0
1
260 134
0
0
0
0
0
1
261 120
0
0
0
0
0
0
0
0
1
262 77
0
0
1
263 198
1
264 268
0
0
0
0
0
1
265 326
0
1
266 122
0
1
267 95
1
268 79
0
0
0
0
0
0
0
0
1
269 194
1
270 61
0
1
271 306
0
0
0
0
0
1
272 130
0
0
0
0
0
0
0
0
0
0
1
273 349
0
0
1
274 229
1
275 190
0
0
0
0
0
1
276 166
1
277 54
0
0
1
278 10
1
279 25
0
1
280 316
1
281 281
1
282 251
0
0
0
0
0
0
1
283 278
0
0
1
284 279
1
285 69
1
286 27
0
1
287 243
1
288 341
0
1
289 111
0
1
290 348
0
0
1
291 271
0
0
0
0
0
0
0
0
0
0
0
0
1
292 224
1
293 186
0
0
0
0
0
0
1
294 14
1
295 121
0
0
1
296 268
1
297 246
1
298 173
0
0
0
1
299 263
0
0
1
300 63
0
0
0
1
301 322
1
302 308
0
0
1
303 279
0
0
0
1
304 63
0
0
0
0
0
1
305 238
0
0
1
306 263
0
1
307 2
1
308 285
0
0
0
0
1
309 34
0
0
0
0
1
310 236
0
0
0
0
0
1
311 257
1
312 68
1
313 193
1
314 119
0
0
0
1
315 50
0
0
0
0
0
0
0
1
316 336
0
0
1
317 325
1
318 115
0
0
0
0
0
0
1
319 199
0
0
1
320 337
0
0
0
0
1
321 76
0
0
0
0
0
1
322 164
1
323 328
0
1
324 64
1
325 72
1
326 320
1
327 25
1
328 19
0
0
0
1
329 57
1
330 3
0
1
331 54
0
1
332 144
0
0
0
0
1
333 105
1
334 276
0
0
0
0
1
335 278
0
0
0
1
336 136
0
1
337 45
1
338 45
0
0
1
339 145
1
340 149
1
341 31
0
1
342 138
1
343 316
0
0
0
0
0
1
344 184
0
0
0
0
0
0
0
1
345 166
0
0
1
346 226
1
347 120
1
348 81
0
1
349 282
0
0
1
350 90
0
0
0
1
351 3
1
352 198
0
0
0
1
353 68
1
354 199
0
1
355 181
1
356 110
1
357 320
1
358 172
0
1
359 178
0
0
0
0
0
1
360 337
1
361 310
1
362 336
0
0
1
363 20
0
0
0
0
0
0
0
0
1
364 58
0
0
0
0
1
365 311
1
366 231
0
0
0
0
1
367 30
0
0
0
1
368 115
0
0
0
1
369 300
0
0
1
370 66
0
0
1
371 222
0
0
0
0
1
372 348
0
1
373 321
1
374 239
0
0
0
0
1
375 114
0
1
376 90
0
1
377 159
0
0
0
0
1
378 199
0
1
379 284
0
0
0
0
1
380 320
0
0
0
0
0
0
0
0
1
381 23
0
0
1
382 327
1
383 197
1
384 339
0
1
385 248
0
1
386 29
1
387 22
0
0
0
0
1
388 92
0
1
389 129
0
0
1
390 207
0
1
391 213
0
1
392 59
0
0
0
1
393 152
0
0
0
0
0
0
0
0
1
394 37
0
0
0
0
1
395 254
0
0
1
396 252
0
0
0
1
397 10
1
398 318
0
0
1
399 60
1
400 142
1
401 223
0
0
1
402 167
1
403 260
1
404 123
1
405 101
1
406 303
1
407 239
1
408 97
0
0
1
409 68
0
0
0
0
1
410 49
0
1
411 162
0
0
0
0
0
0
0
0
0
1
412 10
0
0
0
0
0
0
0
1
413 81
0
1
414 109
1
415 252
0
0
0
0
0
1
416 314
0
0
0
0
0
1
417 268
0
0
1
418 151
0
0
1
419 335
0
0
1
420 156
0
0
1
421 339
1
422 308
0
0
1
423 62
0
0
0
0
1
424 318
0
0
0
0
0
1
425 125
1
426 310
0
1
427 29
0
0
1
428 75
0
0
0
0
1
429 132
1
430 225
0
0
0
0
0
0
0
1
431 166
0
1
432 194
0
0
0
0
1
433 49
1
434 342
0
0
1
435 234
1
436 76
0
1
437 25
0
1
438 88
1
439 99
0
0
0
1
440 335
0
0
0
0
0
0
1
441 242
0
0
1
442 122
1
443 33
0
1
444 239
0
1
445 183
0
1
446 191
0
0
0
1
447 59
1
448 307
1
449 99
0
0
0
0
1
450 160
0
1
451 246
0
1
452 290
0
1
453 14
0
1
454 8
0
1
455 245
0
1
456 344
1
457 110
0
1
458 351
1
459 110
1
460 233
1
461 54
1
462 45
1
463 54
1
464 151
1
465 74
0
1
466 282
0
0
0
0
0
0
0
0
1
467 209
0
1
468 121
0
1
469 194
0
0
1
470 53
1
471 71
1
472 237
1
473 54
1
474 104
1
475 199
0
1
476 350
1
477 195
1
478 347
1
479 152
0
0
1
480 12
1
481 179
1
482 351
1
483 45
1
484 268
0
0
0
0
0
1
485 55
0
1
486 9
0
1
487 202
0
0
1
488 77
1
489 248
0
1
490 129
1
491 141
1
492 257
1
493 282
1
494 63
0
0
0
1
495 157
0
0
0
1
496 245
0
1
497 249
1
498 312
0
1
499 125
1
500 204
0
0
1
501 297
0
0
1
502 182
0
0
0
0
0
0
0
1
503 151
0
1
504 199
0
1
505 28
0
0
1
506 57
0
1
507 207
0
0
0
1
508 162
0
0
1
509 252
0
1
510 350
1
511 260
1
512 224
1
513 127
1
514 300
1
515 164
0
0
0
1
516 331
0
0
1
517 16
1
518 24
0
1
519 160
0
0
0
1
520 84
0
1
521 326
0
0
0
1
522 121
0
0
1
523 248
0
0
0
0
1
524 250
0
1
525 292
0
1
526 58
1
527 196
0
0
0
0
0
0
1
528 311
0
0
0
1
529 49
1
530 25
1
531 276
0
1
532 344
1
533 233
0
1
534 243
0
0
0
1
535 278
0
0
0
1
536 318
0
0
1
537 189
0
0
1
538 346
0
0
0
1
539 278
1
540 295
0
0
0
0
1
541 81
0
1
542 313
1
543 28
1
544 60
1
545 76
1
546 55
1
547 163
0
0
1
548 106
0
1
549 269
1
550 104
1
551 60
0
0
0
0
0
0
0
0
1
552 278
0
0
0
1
553 176
0
1
554 176
0
0
1
555 273
1
556 130
1
557 197
1
558 91
0
0
0
1
559 187
1
560 121
0
0
1
561 64
0
0
0
0
1
562 37
1
563 166
0
1
564 167
1
565 198
0
0
0
1
566 119
0
1
567 97
0
1
568 283
0
1
569 145
1
570 41
1
571 193
0
0
1
572 136
0
1
573 248
1
574 224
0
0
0
1
575 261
0
0
0
0
0
0
1
576 244
0
1
577 175
1
578 180
0
0
1
579 13
0
1
580 254
1
581 310
1
582 147
0
1
583 62
1
584 159
1
585 32
0
0
1
586 291
0
1
587 288
0
0
1
588 204
1
589 99
1
590 173
0
0
0
0
0
0
1
591 130
1
592 288
0
1
593 80
0
1
594 191
0
1
595 112
1
596 350
1
597 188
0
0
1
598 235
1
599 250
1
600 351
0
0
1
601 297
1
602 160
0
1
603 174
0
1
604 79
0
0
1
605 10
0
1
606 343
0
1
607 93
0
0
1
608 157
0
0
1
609 26
1
610 25
0
0
1
611 181
0
0
1
612 134
1
613 289
1
614 56
1
615 266
1
616 203
1
617 145
1
618 3
0
1
619 230
0
0
1
620 251
0
0
1
621 195
0
1
622 129
1
623 162
1
624 239
0
1
625 255
1
626 129
1
627 22
1
628 163
0
0
0
1
629 215
1
630 244
1
631 216
0
1
632 110
0
1
633 71
0
1
634 230
0
1
635 110
0
1
636 70
1
637 258
1
638 162
1
639 176
0
0
1
640 217
1
641 251
1
642 88
0
1
643 211
1
644 16
1
645 80
0
0
1
646 234
1
647 342
0
0
0
0
0
0
0
1
648 119
0
1
649 20
1
650 243
0
0
0
0
1
651 64
1
652 222
0
1
653 101
1
654 88
1
655 167
0
0
0
0
1
656 83
0
1
657 205
1
658 248
0
0
1
659 97
1
660 301
0
1
661 130
0
1
662 29
1
663 310
1
664 27
0
1
665 200
0
1
666 349
1
667 59
0
1
668 237
1
669 118
1
670 308
1
671 10
1
672 297
1
673 113
1
674 141
0
0
1
675 143
0
1
676 315
1
677 107
0
1
678 219
1
679 166
0
0
0
1
680 294
0
0
0
0
0
1
681 331
1
682 193
1
683 262
0
1
684 167
0
1
685 105
1
686 165
0
1
687 241
0
1
688 68
1
689 66
0
0
0
1
690 302
0
1
691 19
0
1
692 110
0
0
0
1
693 250
0
1
694 252
0
1
695 285
1
696 91
0
0
1
697 303
1
698 124
1
699 310
1
700 205
0
0
1
701 72
0
0
0
1
702 204
0
0
0
0
0
1
703 112
0
0
0
0
0
0
0
1
704 274
0
0
1
705 67
1
706 276
1
707 69
0
1
708 184
1
709 183
1
710 68
0
1
711 281
1
712 260
0
0
1
713 106
1
714 107
1
715 235
0
1
716 162
1
717 314
0
0
0
0
1
718 104
1
719 284
1
720 145
0
1
721 242
1
722 6
0
1
723 263
0
1
724 48
1
725 206
0
1
726 254
1
727 42
0
1
728 320
0
0
0
1
729 341
0
1
730 110
0
0
1
731 117
0
0
1
732 275
0
1
733 91
0
0
1
734 209
1
735 116
1
736 280
1
737 274
1
738 40
0
1
739 25
0
1
740 251
1
741 193
1
742 140
1
743 261
0
1
744 51
1
745 335
0
1
746 119
0
0
1
747 164
1
748 235
1
749 112
1
750 112
0
1
751 126
1
752 171
1
753 30
1
754 98
0
0
0
1
755 228
1
756 172
1
757 136
1
758 97
1
759 110
0
1
760 119
1
761 278
0
1
762 185
1
763 265
0
0
0
1
764 208
0
1
765 310
0
1
766 248
1
767 47
1
768 136
0
1
769 352
0
0
1
770 297
1
771 271
0
1
772 79
0
0
0
1
773 162
0
0
1
774 147
1
775 255
1
776 30
0
1
777 228
0
1
778 248
0
0
0
1
779 61
0
1
780 117
0
0
0
1
781 198
0
1
782 187
0
1
783 242
1
784 340
0
1
785 8
1
786 296
1
787 249
1
788 307
1
789 236
1
790 213
0
1
791 94
1
792 309
1
793 146
1
794 339
0
0
1
795 265
1
796 52
1
797 263
1
798 35
1
799 83
1
800 215
0
1
801 63
0
0
1
802 21
1
803 215
1
804 57
0
0
0
0
1
805 296
1
806 233
0
1
807 104
0
1
808 158
1
809 198
1
810 18
1
811 267
0
1
812 302
1
813 108
0
1
814 158
0
1
815 219
1
816 298
1
817 114
0
1
818 323
0
1
819 193
0
1
820 151
0
1
821 298
1
822 213
0
1
823 334
1
824 137
1
825 215
1
826 210
1
827 29
0
1
828 295
1
829 276
1
830 301
1
831 236
0
1
832 161
0
1
833 310
1
834 310
1
835 45
1
836 119
1
837 332
1
838 310
0
0
0
0
1
839 304
1
840 334
1
841 314
1
842 307
0
1
843 152
0
0
1
844 189
0
1
845 171
0
1
846 23
1
847 42
1
848 234
1
849 96
0
0
1
850 265
1
851 124
1
852 214
1
853 68
0
1
854 166
1
855 76
1
856 262
1
857 111
0
1
858 256
0
1
859 129
1
860 76
0
1
861 199
1
862 96
1
863 180
1
864 109
0
1
865 184
0
0
0
1
866 128
1
867 225
1
868 18
0
1
869 64
1
870 122
0
1
871 305
0
0
0
0
1
872 343
1
873 162
1
874 263
1
875 159
1
876 107
1
877 208
1
878 215
1
879 112
1
880 308
1
881 132
1
882 39
0
0
1
883 215
1
884 235
0
1
885 107
1
886 294
1
887 198
0
1
888 282
1
889 271
1
890 283
1
891 273
0
1
892 148
1
893 312
0
1
894 184
0
1
895 79
1
896 140
1
897 11
0
1
898 38
0
0
0
0
0
1
899 347
1
900 10
0
1
901 324
1
902 241
0
1
903 129
1
904 127
1
905 268
1
906 202
1
907 158
1
908 312
1
909 225
0
1
910 103
1
911 145
1
912 208
1
913 292
1
914 215
0
1
915 118
0
0
1
916 8
0
0
1
917 269
1
918 230
1
919 15
1
920 93
1
921 109
1
922 56
0
1
923 302
0
0
0
1
924 36
1
925 80
1
926 256
0
1
927 54
1
928 257
1
929 34
0
1
930 217
1
931 15
1
932 64
1
933 155
1
934 117
1
935 172
0
1
936 330
0
0
0
1
937 95
0
1
938 246
1
939 182
1
940 267
1
941 117
0
1
942 347
1
943 138
0
0
1
944 264
1
945 315
0
0
1
946 54
1
947 208
1
948 344
0
1
949 181
1
950 123
0
1
951 310
0
1
952 187
0
0
1
953 2
1
954 235
1
955 335
0
1
956 98
1
957 234
0
1
958 245
1
959 139
1
960 53
1
961 256
1
962 52
0
0
0
0
0
1
963 184
1
964 46
0
0
1
965 246
0
0
1
966 272
1
967 106
1
968 6
1
969 351
0
0
1
970 347
1
971 267
1
972 105
1
973 177
1
974 118
1
975 79
1
976 262
0
1
977 262
1
978 252
1
979 45
0
1
980 44
0
1
981 119
1
982 235
0
1
983 164
0
0
0
1
984 10
1
985 292
0
1
986 352
1
987 109
1
988 203
1
989 144
0
1
990 287
1
991 292
0
0
0
1
992 28
1
993 342
0
1
994 119
1
995 266
0
1
996 206
0
1
997 125
0
1
998 219
1
999 339
1
1000 119
0
1
1001 5
1
1002 47
1
1003 226
1
1004 323
0
0
1
1005 157
1
1006 144
1
1007 188
1
1008 92
0
0
0
1
1009 117
1
1010 61
1
1011 24
0
0
1
1012 251
0
0
1
1013 197
1
1014 213
0
1
1015 303
0
1
1016 258
1
1017 97
0
1
1018 283
0
1
1019 245
1
1020 180
1
1021 226
0
1
1022 34
1
1023 56
1
1024 4
1
1025 232
1
1026 76
1
1027 258
0
0
1
1028 99
0
0
0
1
1029 88
0
1
1030 138
1
1031 151
1
1032 274
1
1033 31
0
1
1034 276
0
0
1
1035 182
1
1036 9
1
1037 268
0
1
1038 9
1
1039 249
1
1040 240
0
1
1041 9
1
1042 329
1
1043 179
1
1044 27
0
1
1045 293
1
1046 91
1
1047 70
1
1048 156
0
1
1049 58
1
1050 229
1
1051 84
1
1052 292
1
1053 202
1
1054 323
0
1
1055 122
0
1
1056 167
1
1057 105
0
1
1058 219
0
0
1
1059 197
1
1060 95
1
1061 70
1
1062 228
1
1063 112
1
1064 92
0
0
1
1065 146
0
1
1066 180
1
1067 89
0
0
1
1068 307
1
1069 164
0
1
1070 178
1
1071 164
1
1072 108
1
1073 144
0
1
1074 100
1
1075 211
1
1076 157
0
1
1077 173
0
1
1078 127
1
1079 132
1
1080 190
1
1081 243
1
1082 54
1
1083 290
1
1084 108
0
1
1085 164
1
1086 275
0
0
1
1087 308
1
1088 338
1
1089 268
1
1090 263
1
1091 31
0
1
1092 253
0
0
1
1093 269
1
1094 88
1
1095 187
0
1
1096 146
1
1097 214
1
1098 318
0
1
1099 244
1
1100 272
0
1
1101 67
1
1102 235
0
0
1
1103 72
1
1104 15
1
1105 251
0
0
1
1106 233
0
1
1107 179
0
1
1108 288
1
1109 193
0
1
1110 277
1
1111 252
1
1112 157
1
1113 151
0
1
1114 56
0
1
1115 200
1
1116 335
1
1117 195
1
1118 159
1
1119 331
1
1120 278
0
1
1121 81
1
1122 336
0
1
1123 76
1
1124 93
0
0
1
1125 51
1
1126 82
1
1127 192
1
1128 302
0
0
1
1129 330
1
1130 290
1
1131 178
1
1132 81
1
1133 4
1
1134 276
0
1
1135 141
0
1
1136 38
1
1137 165
1
1138 71
1
1139 75
0
1
1140 311
1
1141 321
1
1142 321
0
1
1143 17
1
1144 281
0
1
1145 253
0
0
0
1
1146 159
1
1147 79
0
1
1148 248
0
1
1149 76
0
0
1
1150 161
1
1151 342
1
1152 185
1
1153 214
0
0
0
1
1154 290
0
1
1155 165
1
1156 52
1
1157 91
1
1158 348
1
1159 63
1
1160 325
1
1161 290
0
0
1
1162 318
1
1163 69
1
1164 269
0
1
1165 326
0
1
1166 240
1
1167 16
1
1168 159
0
0
1
1169 347
1
1170 341
1
1171 149
1
1172 129
1
1173 19
1
1174 170
1
1175 275
1
1176 322
1
1177 76
1
1178 241
0
1
1179 185
1
1180 119
1
1181 314
1
1182 344
1
1183 163
1
1184 259
1
1185 77
1
1186 339
1
1187 232
1
1188 143
1
1189 297
1
1190 26
1
1191 259
1
1192 292
1
1193 316
1
1194 252
1
1195 79
1
1196 218
1
1197 168
0
1
1198 216
0
1
1199 232
1
1200 142
0
1
1201 261
1
1202 41
0
1
1203 194
0
1
1204 119
1
1205 119
1
1206 11
1
1207 257
0
0
0
1
1208 252
0
0
0
1
1209 35
1
1210 150
1
1211 286
1
1212 309
1
1213 211
1
1214 187
1
1215 334
0
1
1216 117
1
1217 86
1
1218 25
1
1219 138
0
0
0
0
0
1
1220 213
1
1221 46
1
1222 318
0
1
1223 121
1
1224 153
1
1225 246
0
0
1
1226 23
1
1227 89
0
1
1228 280
1
1229 324
1
1230 236
1
1231 268
1
1232 132
1
1233 238
0
1
1234 2
0
0
1
1235 286
0
0
1
1236 326
1
1237 111
1
1238 148
1
1239 16
0
1
1240 268
0
1
1241 3
1
1242 205
1
1243 135
1
1244 308
0
1
1245 90
1
1246 66
0
1
1247 278
1
1248 84
1
1249 344
1
1250 219
1
1251 161
0
1
1252 256
0
0
0
1
1253 37
1
1254 228
0
0
1
1255 131
0
1
1256 101
1
1257 319
1
1258 119
1
1259 351
0
1
1260 166
1
1261 345
1
1262 76
0
0
1
1263 110
1
1264 121
0
1
1265 215
1
1266 326
1
1267 229
0
0
1
1268 14
1
1269 60
1
1270 32
1
1271 333
1
1272 289
1
1273 95
1
1274 224
1
1275 10
1
1276 25
1
1277 194
1
1278 68
0
1
1279 136
1
1280 166
1
1281 257
1
1282 245
1
1283 200
1
1284 320
1
1285 107
1
1286 293
1
1287 290
0
1
1288 163
0
1
1289 271
1
1290 30
0
0
1
1291 99
0
0
1
1292 244
1
1293 217
1
1294 286
0
0
0
1
1295 3
0
1
1296 3
1
1297 330
1
1298 142
1
1299 257
1
1300 247
1
1301 57
1
1302 201
1
1303 238
1
1304 227
1
1305 143
1
1306 72
1
1307 306
1
1308 25
1
1309 330
1
1310 57
0
1
1311 192
1
1312 164
1
1313 228
1
1314 105
1
1315 235
1
1316 46
0
0
1
1317 185
0
0
0
0
1
1318 70
1
1319 153
1
1320 234
1
1321 264
1
1322 85
0
1
1323 102
1
1324 278
0
1
1325 96
1
1326 176
0
1
1327 276
1
1328 189
1
1329 63
1
1330 149
1
1331 330
1
1332 71
0
1
1333 72
0
1
1334 31
1
1335 152
1
1336 76
0
1
1337 58
1
1338 145
1
1339 310
0
1
1340 237
1
1341 33
1
1342 134
0
1
1343 123
1
1344 334
1
1345 38
1
1346 320
1
1347 239
1
1348 126
1
1349 150
1
1350 197
0
0
1
1351 188
0
0
1
1352 3
0
1
1353 208
1
1354 331
1
1355 347
1
1356 198
0
1
1357 186
0
1
1358 112
1
1359 187
1
1360 11
1
1361 89
0
1
1362 275
1
1363 78
0
1
1364 8
1
1365 345
1
1366 275
1
1367 108
1
1368 37
1
1369 306
0
1
1370 276
1
1371 207
0
0
1
1372 20
1
1373 310
1
1374 303
1
1375 152
1
1376 319
1
1377 209
1
1378 224
1
1379 324
1
1380 161
1
1381 221
0
1
1382 68
1
1383 2
1
1384 310
0
1
1385 159
1
1386 284
1
1387 328
1
1388 135
1
1389 336
0
1
1390 337
1
1391 208
1
1392 129
0
1
1393 182
1
1394 287
1
1395 23
1
1396 335
1
1397 281
1
1398 233
0
0
1
1399 82
0
0
1
1400 250
1
1401 62
0
0
1
1402 146
1
1403 251
1
1404 219
1
1405 61
1
1406 68
1
1407 10
1
1408 21
0
1
1409 202
1
1410 110
1
1411 318
1
1412 303
1
1413 173
1
1414 88
1
1415 72
1
1416 245
0
1
1417 229
0
1
1418 18
1
1419 308
1
1420 104
0
1
1421 191
1
1422 346
1
1423 4
1
1424 93
1
1425 73
0
1
1426 235
1
1427 134
1
1428 55
1
1429 190
1
1430 278
1
1431 122
1
1432 221
1
1433 251
1
1434 241
1
1435 292
0
1
1436 176
1
1437 299
1
1438 297
1
1439 192
0
1
1440 12
0
1
1441 69
1
1442 110
1
1443 320
1
1444 256
1
1445 198
1
1446 102
0
0
1
1447 231
1
1448 229
1
1449 282
0
0
1
1450 325
1
1451 149
0
0
1
1452 90
0
1
1453 210
1
1454 315
0
0
1
1455 61
1
1456 36
1
1457 93
1
1458 191
1
1459 10
1
1460 132
1
1461 135
1
1462 19
1
1463 194
1
1464 145
1
1465 228
1
1466 267
1
1467 304
1
1468 101
0
1
1469 138
1
1470 205
1
1471 348
1
1472 169
1
1473 201
1
1474 287
1
1475 54
1
1476 200
1
1477 15
1
1478 56
1
1479 59
1
1480 195
0
1
1481 78
0
1
1482 288
1
1483 119
1
1484 172
1
1485 213
1
1486 335
0
0
0
1
1487 148
1
1488 333
1
1489 274
1
1490 287
0
1
1491 4
1
1492 304
1
1493 153
0
1
1494 193
1
1495 75
1
1496 223
0
1
1497 184
1
1498 90
0
1
1499 218
1
1500 327
1
1501 174
1
1502 107
1
1503 301
1
1504 124
1
1505 255
1
1506 267
0
1
1507 241
1
1508 111
0
0
0
0
1
1509 237
0
0
0
1
1510 11
1
1511 300
0
1
1512 18
1
1513 297
1
1514 242
1
1515 274
1
1516 152
1
1517 265
0
0
1
1518 53
1
1519 275
0
1
1520 257
1
1521 289
1
1522 16
1
1523 350
1
1524 191
1
1525 71
1
1526 184
1
1527 248
1
1528 250
1
1529 322
1
1530 118
1
1531 68
0
0
1
1532 235
1
1533 154
1
1534 197
1
1535 291
0
1
1536 157
1
1537 82
1
1538 283
1
1539 119
0
1
1540 26
1
1541 244
1
1542 85
1
1543 23
0
1
1544 290
0
1
1545 280
1
1546 69
1
1547 337
1
1548 161
1
1549 228
1
1550 267
1
1551 14
1
1552 229
1
1553 349
1
1554 4
1
1555 141
0
1
1556 256
1
1557 147
1
1558 36
1
1559 114
0
0
1
1560 68
1
1561 191
1
1562 352
1
1563 88
1
1564 237
1
1565 120
1
1566 4
1
1567 135
1
1568 338
0
1
1569 234
1
1570 23
1
1571 295
0
0
1
1572 318
1
1573 198
0
0
1
1574 112
1
1575 296
1
1576 127
1
1577 19
1
1578 68
1
1579 28
1
1580 227
1
1581 100
0
1
1582 318
0
0
1
1583 108
1
1584 322
1
1585 323
1
1586 177
1
1587 102
1
1588 22
1
1589 298
1
1590 104
1
1591 245
1
1592 340
0
1
1593 256
1
1594 205
1
1595 47
0
1
1596 297
0
0
1
1597 128
0
0
0
1
1598 237
0
1
1599 75
0
0
0
1
1600 218
0
1
1601 327
1
1602 133
1
1603 20
1
1604 216
1
1605 193
1
1606 91
1
1607 128
1
1608 283
1
1609 206
1
1610 38
1
1611 183
1
1612 216
1
1613 78
0
1
1614 327
1
1615 76
1
1616 287
1
1617 308
1
1618 181
0
1
1619 304
0
1
1620 312
1
1621 74
1
1622 300
1
1623 31
1
1624 193
0
1
1625 156
1
1626 231
1
1627 215
1
1628 67
1
1629 90
1
1630 153
0
1
1631 256
0
0
1
1632 194
1
1633 329
1
1634 27
1
1635 350
1
1636 110
1
1637 304
1
1638 322
1
1639 127
0
1
1640 281
1
1641 215
0
1
1642 19
1
1643 185
1
1644 235
1
1645 321
1
1646 247
0
0
0
1
1647 58
1
1648 313
0
1
1649 189
1
1650 343
1
1651 308
1
1652 217
1
1653 263
1
1654 95
1
1655 172
1
1656 39
1
1657 35
0
1
1658 54
1
1659 215
1
1660 352
0
1
1661 102
1
1662 258
1
1663 285
1
1664 85
1
1665 322
1
1666 245
1
1667 166
1
1668 30
0
0
1
1669 285
1
1670 211
1
1671 72
1
1672 114
0
1
1673 47
1
1674 152
1
1675 230
1
1676 154
1
1677 125
0
1
1678 180
1
1679 115
1
1680 342
1
1681 96
1
1682 215
0
1
1683 147
1
1684 269
1
1685 272
0
1
1686 330
1
1687 252
1
1688 323
1
1689 349
1
1690 59
1
1691 343
1
1692 275
1
1693 339
1
1694 326
1
1695 267
1
1696 248
1
1697 59
1
1698 29
1
1699 281
0
1
1700 30
1
1701 152
1
1702 252
1
1703 225
1
1704 90
1
1705 10
1
1706 46
0
0
1
1707 192
1
1708 20
1
1709 71
1
1710 316
1
1711 68
1
1712 58
1
1713 303
1
1714 11
1
1715 121
0
1
1716 306
0
1
1717 250
1
1718 9
1
1719 328
1
1720 329
1
1721 52
1
1722 122
1
1723 62
1
1724 38
0
1
1725 267
1
1726 168
1
1727 3
0
0
1
1728 44
1
1729 109
1
1730 197
1
1731 31
1
1732 123
1
1733 286
1
1734 126
1
1735 255
1
1736 10
1
1737 161
1
1738 45
0
1
1739 335
1
1740 19
1
1741 235
0
1
1742 45
1
1743 86
1
1744 111
1
1745 211
1
1746 30
1
1747 101
1
1748 170
0
1
1749 116
1
1750 85
0
0
1
1751 114
1
1752 263
1
1753 322
1
1754 28
1
1755 151
1
1756 278
1
1757 92
1
1758 112
1
1759 87
1
1760 137
1
1761 241
1
1762 315
1
1763 55
1
1764 176
1
1765 26
1
1766 117
1
1767 257
1
1768 224
1
1769 248
1
1770 84
1
1771 183
1
1772 136
1
1773 305
1
1774 93
1
1775 281
1
1776 107
1
1777 233
1
1778 326
1
1779 286
1
1780 71
0
1
1781 122
1
1782 214
0
1
1783 267
1
1784 14
1
1785 307
1
1786 187
0
1
1787 287
1
1788 250
1
1789 27
1
1790 237
1
1791 52
1
1792 145
1
1793 295
1
1794 330
1
1795 239
0
1
1796 312
0
1
1797 164
0
1
1798 284
0
1
1799 228
1
1800 206
1
1801 194
1
1802 39
1
1803 79
0
1
1804 316
1
1805 168
1
1806 13
1
1807 231
1
1808 146
1
1809 85
1
1810 188
1
1811 152
1
1812 7
1
1813 52
1
1814 59
0
0
1
1815 167
0
1
1816 104
1
1817 259
0
1
1818 313
1
1819 30
1
1820 157
1
1821 64
1
1822 299
1
1823 149
1
1824 44
1
1825 162
1
1826 170
0
1
1827 10
0
1
1828 90
1
1829 170
1
1830 219
0
0
1
1831 250
1
1832 18
1
1833 57
1
1834 103
0
0
1
1835 162
1
1836 15
1
1837 295
1
1838 236
0
0
1
1839 302
1
1840 347
1
1841 31
1
1842 198
1
1843 346
0
1
1844 46
0
0
1
1845 140
1
1846 324
1
1847 191
1
1848 333
1
1849 260
1
1850 208
1
1851 249
1
1852 91
1
1853 268
0
1
1854 186
1
1855 329
1
1856 190
1
1857 117
1
1858 348
1
1859 120
0
1
1860 131
1
1861 192
1
1862 307
1
1863 50
1
1864 52
1
1865 222
1
1866 272
0
0
1
1867 30
1
1868 41
1
1869 111
1
1870 158
1
1871 227
1
1872 212
1
1873 70
1
1874 28
1
1875 138
0
1
1876 151
0
0
1
1877 135
0
1
1878 46
0
1
1879 112
1
1880 220
1
1881 173
1
1882 52
1
1883 128
1
1884 26
0
0
1
1885 258
1
1886 178
1
1887 28
0
1
1888 3
1
1889 181
1
1890 220
1
1891 6
0
1
1892 4
1
1893 37
1
1894 227
1
1895 181
1
1896 31
1
1897 217
1
1898 33
1
1899 253
1
1900 81
1
1901 141
1
1902 203
1
1903 194
1
1904 69
1
1905 302
1
1906 143
1
1907 165
0
1
1908 345
1
1909 42
0
1
1910 78
1
1911 117
1
1912 329
0
1
1913 339
1
1914 301
1
1915 128
1
1916 166
1
1917 208
1
1918 273
0
1
1919 145
1
1920 261
1
1921 32
1
1922 199
1
1923 215
0
1
1924 348
1
1925 32
1
1926 254
1
1927 223
1
1928 206
1
1929 334
1
1930 173
1
1931 148
0
1
1932 172
0
0
1
1933 165
1
1934 246
1
1935 256
1
1936 144
1
1937 191
1
1938 21
1
1939 107
1
1940 244
1
1941 319
1
1942 321
1
1943 301
1
1944 286
1
1945 307
1
1946 125
0
1
1947 79
1
1948 304
0
1
1949 15
1
1950 315
1
1951 32
1
1952 350
1
1953 234
1
1954 206
1
1955 324
1
1956 57
1
1957 160
1
1958 220
1
1959 71
0
1
1960 343
1
1961 75
1
1962 79
1
1963 306
1
1964 12
1
1965 234
1
1966 138
1
1967 121
1
1968 102
1
1969 194
1
1970 93
1
1971 18
1
1972 2
1
1973 18
1
1974 206
1
1975 83
1
1976 324
1
1977 68
1
1978 79
1
1979 299
1
1980 31
0
1
1981 321
1
1982 138
1
1983 17
1
1984 270
1
1985 2
1
1986 108
1
1987 21
1
1988 267
0
1
1989 66
1
1990 246
1
1991 53
1
1992 221
1
1993 125
1
1994 146
1
1995 14
0
1
1996 247
1
1997 341
0
0
1
1998 349
1
1999 164
1
2000 180
1
2001 58
1
2002 117
1
2003 18
1
2004 256
1
2005 208
1
2006 301
1
2007 14
1
2008 347
1
2009 230
0
1
2010 208
1
2011 323
1
2012 159
1
2013 257
1
2014 298
1
2015 178
1
2016 144
1
2017 156
0
0
1
2018 352
1
2019 225
1
2020 104
1
2021 284
1
2022 301
0
1
2023 316
1
2024 207
1
2025 320
1
2026 77
1
2027 267
1
2028 28
1
2029 337
1
2030 157
1
2031 151
1
2032 296
1
2033 2
1
2034 235
1
2035 3
1
2036 185
1
2037 327
0
1
2038 117
1
2039 121
1
2040 68
1
2041 185
1
2042 310
1
2043 216
1
2044 264
1
2045 342
1
2046 20
1
2047 333
1
2048 284
1
2049 247
1
2050 101
1
2051 202
1
2052 189
1
2053 15
1
2054 28
1
2055 52
1
2056 90
1
2057 18
1
2058 131
1
2059 144
1
2060 297
1
2061 8
1
2062 105
1
2063 84
1
2064 131
1
2065 305
1
2066 19
1
2067 196
1
2068 72
1
2069 302
1
2070 265
1
2071 346
1
2072 55
1
2073 67
1
2074 311
1
2075 29
1
2076 122
1
2077 151
1
2078 297
1
2079 252
1
2080 326
1
2081 13
1
2082 304
1
2083 260
1
2084 37
1
2085 247
1
2086 340
1
2087 326
1
2088 86
1
2089 78
1
2090 169
1
2091 81
1
2092 138
0
1
2093 97
1
2094 108
1
2095 46
1
2096 149
1
2097 99
1
2098 54
1
2099 297
1
2100 161
0
1
2101 62
1
2102 255
0
1
2103 257
1
2104 323
1
2105 271
1
2106 285
1
2107 248
1
2108 161
1
2109 111
1
2110 305
0
1
2111 119
1
2112 285
1
2113 215
1
2114 152
1
2115 189
1
2116 106
1
2117 104
1
2118 250
1
2119 200
0
1
2120 129
1
2121 278
1
2122 14
1
2123 248
0
1
2124 264
1
2125 310
1
2126 252
1
2127 170
1
2128 346
1
2129 163
1
2130 296
1
2131 174
1
2132 188
1
2133 86
1
2134 221
1
2135 209
1
2136 215
1
2137 162
1
2138 38
1
2139 174
1
2140 249
1
2141 99
1
2142 315
1
2143 185
1
2144 124
1
2145 228
1
2146 339
1
2147 14
1
2148 324
1
2149 52
1
2150 4
1
2151 65
1
2152 81
1
2153 128
1
2154 79
1
2155 263
1
2156 203
1
2157 284
1
2158 260
1
2159 174
1
2160 181
1
2161 17
1
2162 282
1
2163 31
1
2164 96
1
2165 114
1
2166 22
1
2167 8
1
2168 42
1
2169 220
1
2170 218
1
2171 132
1
2172 183
1
2173 86
1
2174 215
1
2175 16
1
2176 216
0
1
2177 219
1
2178 100
0
1
2179 234
1
2180 126
1
2181 242
1
2182 334
1
2183 152
1
2184 43
1
2185 351
1
2186 209
1
2187 89
1
2188 278
1
2189 35
1
2190 88
1
2191 50
1
2192 118
1
2193 85
1
2194 164
1
2195 209
1
2196 19
1
2197 79
1
2198 184
1
2199 110
1
2200 10
1
2201 235
1
2202 84
1
2203 308
1
2204 166
0
1
2205 37
1
2206 222
1
2207 269
1
2208 258
1
2209 97
1
2210 34
1
2211 138
1
2212 254
1
2213 212
1
2214 9
1
2215 165
1
2216 204
1
2217 259
1
2218 199
0
1
2219 115
1
2220 280
1
2221 36
1
2222 177
1
2223 148
1
2224 236
1
2225 181
1
2226 80
1
2227 138
1
2228 91
0
1
2229 174
1
2230 166
1
2231 5
1
2232 263
1
2233 343
1
2234 329
1
2235 59
1
2236 168
1
2237 319
1
2238 19
1
2239 103
0
1
2240 30
1
2241 284
1
2242 323
1
2243 338
1
2244 305
1
2245 85
1
2246 164
1
2247 334
1
2248 333
1
2249 70
1
2250 186
1
2251 145
1
2252 266
1
2253 57
1
2254 107
1
2255 256
1
2256 198
1
2257 38
1
2258 145
1
2259 128
1
2260 226
1
2261 135
1
2262 22
1
2263 136
1
2264 76
1
2265 108
1
2266 199
1
2267 60
1
2268 132
1
2269 170
1
2270 131
1
2271 59
1
2272 134
1
2273 250
1
2274 198
1
2275 313
1
2276 301
1
2277 165
1
2278 132
1
2279 303
1
2280 280
1
2281 251
0
1
2282 82
1
2283 102
1
2284 95
1
2285 45
1
2286 296
1
2287 205
1
2288 134
1
2289 25
1
2290 74
1
2291 77
1
2292 214
1
2293 49
1
2294 294
1
2295 348
0
1
2296 25
1
2297 168
1
2298 32
1
2299 4
1
2300 256
1
2301 121
1
2302 46
1
2303 73
1
2304 66
1
2305 263
1
2306 350
1
2307 226
1
2308 153
1
2309 33
1
2310 133
1
2311 71
0
0
1
2312 25
1
2313 251
1
2314 118
1
2315 105
1
2316 172
1
2317 104
1
2318 275
1
2319 347
1
2320 56
1
2321 38
1
2322 330
1
2323 157
1
2324 59
1
2325 111
1
2326 310
1
2327 41
1
2328 299
1
2329 291
1
2330 12
1
2331 207
1
2332 198
1
2333 257
1
2334 310
1
2335 199
1
2336 99
1
2337 167
0
1
2338 302
1
2339 98
1
2340 90
1
2341 36
1
2342 331
1
2343 56
1
2344 27
1
2345 208
1
2346 223
1
2347 106
1
2348 37
1
2349 167
1
2350 193
1
2351 125
1
2352 248
1
2353 231
1
2354 206
1
2355 12
1
2356 112
1
2357 225
1
2358 172
1
2359 138
1
2360 251
1
2361 19
1
2362 125
1
2363 256
1
2364 271
1
2365 59
1
2366 205
1
2367 196
1
2368 82
1
2369 329
1
2370 182
1
2371 322
1
2372 317
1
2373 30
1
2374 292
1
2375 75
1
2376 263
1
2377 318
1
2378 312
1
2379 269
1
2380 216
1
2381 217
1
2382 76
1
2383 124
1
2384 50
1
2385 55
1
2386 14
1
2387 289
1
2388 144
1
2389 316
1
2390 226
1
2391 79
1
2392 231
1
2393 314
1
2394 181
1
2395 302
0
1
2396 347
1
2397 242
1
2398 179
1
2399 248
1
2400 339
1
2401 238
1
2402 166
1
2403 126
1
2404 216
1
2405 31
1
2406 97
1
2407 198
1
2408 160
1
2409 66
1
2410 215
1
2411 241
1
2412 8
1
2413 88
1
2414 76
1
2415 174
1
2416 46
1
2417 351
1
2418 346
1
2419 136
1
2420 257
1
2421 290
1
2422 27
1
2423 270
1
2424 225
1
2425 58
1
2426 302
1
2427 100
1
2428 246
1
2429 170
1
2430 37
1
2431 219
1
2432 158
1
2433 4
1
2434 134
1
2435 153
1
2436 317
1
2437 35
1
2438 87
1
2439 54
1
2440 143
1
2441 137
1
2442 100
0
1
2443 184
1
2444 175
1
2445 239
1
2446 24
1
2447 235
1
2448 337
1
2449 186
1
2450 132
1
2451 257
1
2452 267
1
2453 295
1
2454 351
1
2455 194
0
1
2456 106
1
2457 193
1
2458 91
0
1
2459 312
1
2460 230
1
2461 142
1
2462 97
1
2463 44
1
2464 266
1
2465 7
1
2466 37
1
2467 213
1
2468 39
1
2469 273
1
2470 215
1
2471 194
1
2472 24
1
2473 35
1
2474 309
1
2475 210
1
2476 310
1
2477 278
1
2478 21
1
2479 340
1
2480 256
1
2481 315
1
2482 237
1
2483 317
1
2484 262
1
2485 27
1
2486 113
1
2487 124
1
2488 244
1
2489 234
1
2490 56
1
2491 265
1
2492 303
1
2493 332
1
2494 52
0
1
2495 257
1
2496 16
1
2497 150
1
2498 328
1
2499 348
1
2500 320
1
2501 10
1
2502 48
1
2503 325
1
2504 151
1
2505 46
1
2506 285
1
2507 233
1
2508 341
1
2509 138
1
2510 211
1
2511 221
1
2512 167
1
2513 144
1
2514 292
1
2515 198
1
2516 273
1
2517 238
1
2518 329
1
2519 104
1
2520 136
1
2521 16
1
2522 182
1
2523 71
1
2524 152
1
2525 259
1
2526 46
1
2527 93
1
2528 11
1
2529 257
1
2530 83
1
2531 179
1
2532 329
1
2533 110
1
2534 247
1
2535 41
1
2536 21
1
2537 292
1
2538 271
1
2539 76
1
2540 130
1
2541 160
1
2542 326
1
2543 52
1
2544 162
1
2545 83
1
2546 46
1
2547 351
1
2548 294
1
2549 76
1
2550 209
1
2551 118
1
2552 215
1
2553 276
1
2554 107
1
2555 278
1
2556 292
1
2557 184
1
2558 323
1
2559 313
1
2560 227
1
2561 231
1
2562 117
1
2563 316
1
2564 332
1
2565 171
1
2566 161
1
2567 26
1
2568 194
1
2569 198
1
2570 278
1
2571 267
1
2572 155
1
2573 248
1
2574 226
1
2575 233
1
2576 298
1
2577 109
1
2578 127
1
2579 250
1
2580 49
1
2581 284
1
2582 179
1
2583 263
1
2584 136
1
2585 185
1
2586 52
1
2587 152
1
2588 175
1
2589 322
1
2590 12
1
2591 330
1
2592 213
1
2593 75
1
2594 193
1
2595 230
1
2596 266
1
2597 330
1
2598 84
1
2599 301
1
2600 80
1
2601 173
1
2602 114
1
2603 77
1
2604 180
1
2605 23
1
2606 19
1
2607 214
1
2608 330
1
2609 230
1
2610 306
1
2611 48
1
2612 117
1
2613 52
1
2614 275
1
2615 312
1
2616 239
1
2617 257
1
2618 312
1
2619 254
1
2620 46
1
2621 117
1
2622 54
1
2623 211
1
2624 82
1
2625 10
1
2626 263
1
2627 187
1
2628 231
1
2629 79
1
2630 214
1
2631 181
1
2632 271
1
2633 238
1
2634 323
1
2635 143
1
2636 138
1
2637 130
1
2638 72
1
2639 80
1
2640 304
1
2641 132
1
2642 329
1
2643 121
1
2644 50
1
2645 184
1
2646 6
1
2647 248
1
2648 346
1
2649 159
1
2650 165
1
2651 148
1
2652 38
1
2653 287
1
2654 267
1
2655 198
1
2656 175
1
2657 254
0
1
2658 225
1
2659 23
1
2660 346
1
2661 161
1
2662 20
1
2663 68
1
2664 298
0
1
2665 261
0
1
2666 255
1
2667 86
1
2668 30
1
2669 76
1
2670 123
1
2671 211
1
2672 87
1
2673 18
1
2674 110
1
2675 127
1
2676 242
1
2677 166
1
2678 321
1
2679 288
1
2680 200
1
2681 240
1
2682 272
1
2683 330
1
2684 88
1
2685 21
1
2686 298
1
2687 169
1
2688 2
1
2689 101
1
2690 48
1
2691 218
1
2692 330
1
2693 214
1
2694 51
1
2695 212
1
2696 277
1
2697 85
1
2698 13
1
2699 320
1
2700 112
1
2701 218
0
1
2702 38
1
2703 151
1
2704 208
1
2705 325
1
2706 323
1
2707 131
1
2708 26
1
2709 344
1
2710 48
1
2711 263
1
2712 19
1
2713 125
1
2714 139
1
2715 271
1
2716 270
1
2717 178
1
2718 254
1
2719 150
1
2720 121
1
2721 77
1
2722 80
1
2723 306
1
2724 311
1
2725 101
1
2726 101
1
2727 269
0
1
2728 107
1
2729 165
1
2730 79
1
2731 181
1
2732 230
1
2733 347
1
2734 3
1
2735 276
1
2736 118
1
2737 256
1
2738 52
1
2739 316
1
2740 47
1
2741 308
1
2742 305
1
2743 90
1
2744 123
1
2745 297
0
1
2746 310
1
2747 42
1
2748 152
1
2749 283
1
2750 141
1
2751 263
1
2752 164
1
2753 23
1
2754 239
1
2755 173
1
2756 66
1
2757 115
0
1
2758 119
0
1
2759 30
1
2760 135
1
2761 262
1
2762 116
1
2763 307
1
2764 347
0
1
2765 110
1
2766 159
1
2767 200
1
2768 280
1
2769 323
1
2770 339
1
2771 210
1
2772 274
1
2773 110
1
2774 148
1
2775 142
1
2776 349
1
2777 110
1
2778 76
1
2779 211
1
2780 286
1
2781 33
1
2782 222
1
2783 290
1
2784 125
1
2785 124
1
2786 63
1
2787 112
1
2788 297
1
2789 79
1
2790 76
0
1
2791 130
0
1
2792 347
1
2793 121
1
2794 343
1
2795 138
1
2796 260
1
2797 218
1
2798 327
1
2799 109
1
2800 220
1
2801 239
1
2802 186
1
2803 166
1
2804 189
1
2805 200
1
2806 314
1
2807 204
1
2808 289
1
2809 304
1
2810 25
0
1
2811 166
1
2812 97
1
2813 221
1
2814 314
1
2815 74
1
2816 211
1
2817 313
1
2818 295
1
2819 61
0
1
2820 211
1
2821 114
1
2822 197
1
2823 14
1
2824 131
1
2825 79
1
2826 323
1
2827 248
1
2828 277
1
2829 230
1
2830 110
0
1
2831 144
1
2832 274
1
2833 134
1
2834 150
1
2835 69
1
2836 204
1
2837 350
1
2838 221
1
2839 26
1
2840 261
1
2841 146
0
1
2842 74
1
2843 100
1
2844 303
1
2845 260
1
2846 21
1
2847 240
1
2848 100
1
2849 177
1
2850 54
1
2851 92
1
2852 69
1
2853 176
1
2854 239
1
2855 311
1
2856 184
0
0
1
2857 240
1
2858 17
1
2859 235
1
2860 296
0
1
2861 351
1
2862 308
1
2863 282
1
2864 50
1
2865 252
1
2866 161
1
2867 307
1
2868 197
1
2869 158
1
2870 63
1
2871 339
1
2872 67
1
2873 279
1
2874 216
0
1
2875 45
1
2876 165
1
2877 80
0
1
2878 252
1
2879 256
1
2880 211
1
2881 116
1
2882 208
1
2883 93
1
2884 161
1
2885 171
1
2886 44
1
2887 159
0
1
2888 220
1
2889 252
1
2890 161
1
2891 177
1
2892 148
1
2893 9
0
1
2894 191
1
2895 288
1
2896 104
1
2897 297
1
2898 152
1
2899 132
1
2900 245
1
2901 208
1
2902 350
1
2903 275
1
2904 285
1
2905 289
1
2906 44
1
2907 268
1
2908 330
1
2909 194
1
2910 240
1
2911 210
1
2912 79
1
2913 154
1
2914 165
1
2915 26
1
2916 260
1
2917 115
1
2918 140
1
2919 169
1
2920 271
1
2921 132
1
2922 113
1
2923 345
1
2924 307
1
2925 54
1
2926 55
1
2927 89
1
2928 159
1
2929 96
1
2930 4
1
2931 281
1
2932 59
1
2933 215
1
2934 320
1
2935 10
1
2936 268
1
2937 20
1
2938 227
1
2939 140
1
2940 168
1
2941 143
1
2942 164
1
2943 138
1
2944 12
1
2945 159
0
1
2946 161
1
2947 127
1
2948 18
1
2949 78
1
2950 91
1
2951 156
1
2952 79
1
2953 110
1
2954 12
0
1
2955 145
1
2956 224
1
2957 21
1
2958 62
1
2959 205
1
2960 41
1
2961 351
1
2962 54
1
2963 79
1
2964 174
1
2965 250
1
2966 24
1
2967 82
0
1
2968 215
1
2969 88
1
2970 192
1
2971 84
1
2972 258
1
2973 291
1
2974 238
1
2975 238
1
2976 45
1
2977 51
1
2978 314
1
2979 301
1
2980 326
1
2981 110
1
2982 284
1
2983 244
1
2984 133
1
2985 226
1
2986 59
1
2987 185
1
2988 321
1
2989 10
1
2990 72
1
2991 174
1
2992 248
0
1
2993 334
1
2994 135
1
2995 185
1
2996 18
1
2997 316
1
2998 237
1
2999 106
1
3000 237
1
3001 79
1
3002 92
1
3003 258
1
3004 346
1
3005 92
1
3006 86
1
3007 95
1
3008 59
1
3009 327
1
3010 55
1
3011 15
1
3012 39
1
3013 73
1
3014 233
1
3015 2
1
3016 110
1
3017 115
1
3018 152
1
3019 243
1
3020 259
0
1
3021 178
0
1
3022 14
1
3023 42
1
3024 78
1
3025 160
1
3026 88
0
0
1
3027 207
0
1
3028 348
1
3029 251
0
0
1
3030 325
1
3031 80
0
1
3032 62
1
3033 74
1
3034 24
1
3035 210
1
3036 40
1
3037 98
0
1
3038 314
1
3039 324
0
1
3040 247
1
3041 202
0
0
0
1
3042 77
1
3043 227
1
3044 124
1
3045 70
1
3046 141
1
3047 91
1
3048 88
0
1
3049 110
1
3050 170
0
1
3051 91
1
3052 320
0
1
3053 87
1
3054 173
1
3055 175
1
3056 55
1
3057 11
1
3058 44
1
3059 94
1
3060 248
1
3061 264
1
3062 81
1
3063 168
1
3064 266
1
3065 175
1
3066 255
1
3067 75
1
3068 244
1
3069 198
1
3070 282
1
3071 257
1
3072 144
1
3073 292
1
3074 22
1
3075 5
1
3076 16
1
3077 50
1
3078 164
0
1
3079 52
0
1
3080 263
1
3081 75
1
3082 147
0
1
3083 97
1
3084 81
1
3085 253
1
3086 138
1
3087 45
1
3088 196
1
3089 286
0
0
1
3090 328
1
3091 56
1
3092 146
1
3093 6
1
3094 35
0
0
1
3095 326
1
3096 316
1
3097 324
1
3098 187
1
3099 244
1
3100 174
1
3101 242
1
3102 239
1
3103 4
0
0
1
3104 164
1
3105 87
1
3106 2
0
1
3107 183
1
3108 348
1
3109 239
0
1
3110 88
1
3111 193
1
3112 178
1
3113 79
1
3114 112
1
3115 238
1
3116 161
1
3117 286
1
3118 15
1
3119 48
1
3120 33
1
3121 153
1
3122 208
1
3123 221
1
3124 51
1
3125 149
1
3126 274
0
1
3127 87
1
3128 351
1
3129 329
1
3130 28
1
3131 133
1
3132 100
1
3133 208
1
3134 343
1
3135 343
0
1
3136 36
1
3137 138
1
3138 274
0
0
1
3139 63
1
3140 310
1
3141 14
1
3142 256
1
3143 160
1
3144 352
1
3145 49
1
3146 139
1
3147 102
1
3148 332
1
3149 182
0
1
3150 88
1
3151 23
1
3152 328
1
3153 119
1
3154 109
1
3155 190
1
3156 278
1
3157 198
0
0
1
3158 9
1
3159 162
1
3160 44
1
3161 96
1
3162 222
1
3163 25
0
1
3164 305
1
3165 175
1
3166 215
1
3167 80
1
3168 110
1
3169 218
0
1
3170 244
1
3171 306
1
3172 112
1
3173 69
1
3174 36
0
1
3175 259
1
3176 194
1
3177 189
1
3178 68
0
1
3179 104
1
3180 109
1
3181 41
1
3182 328
1
3183 176
1
3184 127
0
0
0
1
3185 131
1
3186 110
1
3187 305
0
1
3188 180
1
3189 293
1
3190 59
1
3191 299
1
3192 131
0
1
3193 248
0
0
1
3194 213
1
3195 252
0
1
3196 345
1
3197 342
0
1
3198 117
1
3199 180
1
3200 193
1
3201 326
1
3202 189
0
1
3203 148
1
3204 231
1
3205 258
1
3206 21
1
3207 285
1
3208 88
1
3209 250
1
3210 310
0
1
3211 77
1
3212 344
1
3213 57
1
3214 110
0
1
3215 188
1
3216 159
1
3217 54
1
3218 196
1
3219 195
0
0
1
3220 315
1
3221 82
1
3222 87
1
3223 194
1
3224 119
1
3225 150
1
3226 113
1
3227 19
1
3228 83
1
3229 84
1
3230 312
1
3231 256
1
3232 278
1
3233 62
1
3234 36
1
3235 229
1
3236 158
1
3237 197
0
0
1
3238 33
1
3239 105
1
3240 159
1
3241 70
1
3242 271
1
3243 327
1
3244 310
1
3245 86
1
3246 314
1
3247 235
1
3248 257
0
0
1
3249 218
1
3250 237
1
3251 279
1
3252 2
1
3253 229
1
3254 351
1
3255 331
0
1
3256 8
1
3257 18
1
3258 84
1
3259 134
0
1
3260 323
1
3261 54
1
3262 38
1
3263 263
1
3264 111
0
0
0
1
3265 314
1
3266 116
0
0
0
1
3267 166
1
3268 43
1
3269 249
1
3270 156
1
3271 114
1
3272 257
1
3273 303
1
3274 257
1
3275 210
1
3276 76
1
3277 16
1
3278 256
1
3279 252
1
3280 260
1
3281 106
1
3282 270
0
1
3283 276
1
3284 192
1
3285 70
1
3286 28
0
1
3287 309
1
3288 109
1
3289 286
1
3290 258
1
3291 342
1
3292 216
1
3293 176
1
3294 209
1
3295 30
1
3296 263
0
1
3297 239
1
3298 302
1
3299 179
0
1
3300 228
1
3301 139
1
3302 14
1
3303 310
1
3304 91
1
3305 319
1
3306 117
1
3307 340
1
3308 298
1
3309 245
1
3310 35
1
3311 344
1
3312 245
1
3313 122
1
3314 283
1
3315 290
1
3316 256
1
3317 179
1
3318 119
1
3319 5
1
3320 93
0
1
3321 210
1
3322 244
1
3323 211
1
3324 4
1
3325 19
0
1
3326 152
0
0
1
3327 160
0
1
3328 278
1
3329 120
1
3330 84
0
1
3331 216
1
3332 30
0
1
3333 247
0
1
3334 284
1
3335 306
1
3336 124
0
1
3337 284
1
3338 48
1
3339 100
1
3340 37
1
3341 244
1
3342 77
0
1
3343 50
1
3344 317
1
3345 182
0
1
3346 330
1
3347 52
1
3348 103
1
3349 150
1
3350 274
0
1
3351 68
1
3352 198
1
3353 167
1
3354 224
1
3355 46
1
3356 339
1
3357 282
1
3358 205
1
3359 322
1
3360 312
0
1
3361 338
1
3362 66
1
3363 96
1
3364 45
1
3365 186
1
3366 34
1
3367 102
1
3368 32
1
3369 46
1
3370 248
1
3371 81
1
3372 74
0
1
3373 245
1
3374 285
1
3375 108
1
3376 7
1
3377 275
0
1
3378 79
1
3379 25
1
3380 16
1
3381 262
1
3382 268
0
1
3383 287
1
3384 50
0
1
3385 265
0
1
3386 160
1
3387 205
1
3388 230
1
3389 256
1
3390 238
1
3391 118
0
1
3392 147
1
3393 258
1
3394 326
1
3395 242
1
3396 278
0
1
3397 93
1
3398 96
1
3399 181
1
3400 9
0
0
1
3401 58
1
3402 245
1
3403 16
1
3404 220
1
3405 68
1
3406 19
1
3407 49
1
3408 300
1
3409 235
1
3410 119
0
0
0
1
3411 26
0
1
3412 34
1
3413 311
1
3414 269
1
3415 102
1
3416 47
0
1
3417 3
0
1
3418 26
1
3419 12
0
1
3420 332
1
3421 91
0
0
1
3422 267
1
3423 179
1
3424 72
1
3425 347
1
3426 83
1
3427 168
1
3428 203
1
3429 33
0
0
1
3430 4
1
3431 138
1
3432 64
1
3433 19
1
3434 175
1
3435 310
1
3436 306
0
1
3437 68
1
3438 108
1
3439 281
0
1
3440 269
0
0
1
3441 242
0
1
3442 33
1
3443 92
1
3444 158
1
3445 248
0
1
3446 91
1
3447 125
1
3448 150
0
1
3449 316
1
3450 331
1
3451 24
1
3452 339
0
0
0
1
3453 175
0
0
1
3454 201
1
3455 240
1
3456 94
1
3457 348
1
3458 118
1
3459 328
1
3460 109
0
1
3461 76
0
0
1
3462 20
1
3463 305
1
3464 342
1
3465 145
1
3466 142
1
3467 110
0
1
3468 94
1
3469 169
1
3470 154
1
3471 286
1
3472 255
1
3473 77
1
3474 19
0
1
3475 261
1
3476 66
1
3477 340
1
3478 306
1
3479 111
1
3480 298
1
3481 252
0
0
1
3482 77
1
3483 55
1
3484 15
1
3485 312
0
0
1
3486 183
1
3487 208
1
3488 251
0
0
1
3489 72
0
1
3490 32
1
3491 197
1
3492 299
1
3493 175
1
3494 132
1
3495 330
1
3496 191
1
3497 168
0
0
1
3498 66
0
1
3499 87
1
3500 283
1
3501 125
1
3502 140
1
3503 98
1
3504 31
1
3505 81
1
3506 2
1
3507 57
1
3508 51
1
3509 58
1
3510 287
1
3511 207
0
1
3512 43
1
3513 46
0
0
1
3514 298
1
3515 58
1
3516 335
1
3517 339
1
3518 146
1
3519 345
0
0
1
3520 212
1
3521 121
1
3522 54
1
3523 36
0
1
3524 261
1
3525 206
0
1
3526 174
1
3527 167
0
0
1
3528 263
1
3529 297
1
3530 248
0
0
1
3531 242
0
1
3532 36
1
3533 170
1
3534 287
0
1
3535 332
1
3536 318
1
3537 24
1
3538 105
1
3539 301
1
3540 106
0
1
3541 221
1
3542 79
1
3543 271
1
3544 110
1
3545 242
1
3546 336
0
1
3547 349
1
3548 318
0
1
3549 60
1
3550 90
1
3551 5
0
1
3552 12
1
3553 124
1
3554 165
1
3555 336
1
3556 10
0
1
3557 218
1
3558 342
1
3559 278
0
1
3560 100
1
3561 246
1
3562 330
1
3563 213
1
3564 235
1
3565 31
1
3566 195
1
3567 187
1
3568 64
1
3569 90
1
3570 160
0
1
3571 309
1
3572 124
1
3573 310
1
3574 30
1
3575 39
1
3576 235
1
3577 179
1
3578 40
1
3579 347
0
1
3580 62
1
3581 76
1
3582 207
1
3583 160
0
1
3584 224
1
3585 36
1
3586 143
1
3587 87
0
0
1
3588 313
1
3589 284
1
3590 273
1
3591 97
0
1
3592 40
0
1
3593 104
0
1
3594 207
0
1
3595 169
1
3596 166
1
3597 214
1
3598 217
1
3599 146
1
3600 131
1
3601 280
1
3602 150
1
3603 230
1
3604 135
1
3605 155
1
3606 270
1
3607 57
1
3608 267
1
3609 200
0
1
3610 10
1
3611 108
1
3612 162
1
3613 328
1
3614 250
1
3615 164
1
3616 56
1
3617 258
1
3618 34
0
1
3619 150
1
3620 186
0
0
1
3621 252
0
1
3622 163
1
3623 255
0
1
3624 258
0
1
3625 78
0
1
3626 345
1
3627 108
1
3628 35
1
3629 193
0
0
1
3630 51
1
3631 86
1
3632 343
1
3633 114
1
3634 218
1
3635 83
1
3636 245
0
1
3637 125
1
3638 119
1
3639 2
1
3640 19
1
3641 340
0
0
1
3642 41
0
1
3643 75
1
3644 135
1
3645 40
1
3646 350
0
0
1
3647 342
1
3648 77
1
3649 328
0
0
0
1
3650 344
1
3651 55
1
3652 179
0
1
3653 351
0
1
3654 126
1
3655 213
0
1
3656 172
0
1
3657 131
1
3658 221
1
3659 263
0
1
3660 35
1
3661 216
1
3662 289
1
3663 162
0
1
3664 151
0
1
3665 78
1
3666 57
1
3667 84
1
3668 250
1
3669 124
1
3670 297
1
3671 219
1
3672 230
1
3673 138
1
3674 148
1
3675 318
1
3676 33
1
3677 66
0
0
1
3678 89
1
3679 100
0
1
3680 180
1
3681 192
1
3682 96
0
1
3683 14
0
0
0
1
3684 59
0
1
3685 279
1
3686 258
1
3687 56
1
3688 314
0
0
1
3689 162
1
3690 119
1
3691 128
1
3692 5
0
1
3693 294
1
3694 89
1
3695 8
0
0
1
3696 131
0
1
3697 255
1
3698 197
1
3699 299
0
0
1
3700 235
1
3701 13
0
1
3702 154
1
3703 13
0
1
3704 266
1
3705 33
1
3706 56
1
3707 94
1
3708 148
1
3709 189
1
3710 223
1
3711 192
0
1
3712 129
1
3713 101
1
3714 222
1
3715 331
1
3716 90
1
3717 35
1
3718 176
1
3719 307
0
1
3720 206
1
3721 75
1
3722 13
1
3723 350
1
3724 264
0
0
1
3725 174
1
3726 310
1
3727 276
1
3728 115
1
3729 257
1
3730 56
0
0
1
3731 139
1
3732 202
1
3733 302
1
3734 164
1
3735 306
1
3736 293
1
3737 248
0
1
3738 166
1
3739 152
0
0
0
1
3740 205
0
1
3741 5
0
1
3742 220
1
3743 118
0
1
3744 301
0
1
3745 160
0
1
3746 198
1
3747 76
0
1
3748 302
0
0
1
3749 88
1
3750 341
1
3751 68
0
1
3752 155
1
3753 68
0
0
0
1
3754 341
1
3755 32
1
3756 37
1
3757 197
1
3758 10
1
3759 40
1
3760 230
0
0
1
3761 41
1
3762 110
0
1
3763 163
1
3764 110
1
3765 348
1
3766 70
1
3767 195
1
3768 180
0
1
3769 212
0
1
3770 237
0
1
3771 74
1
3772 75
0
1
3773 257
0
1
3774 312
1
3775 206
1
3776 246
0
1
3777 273
1
3778 166
1
3779 278
1
3780 278
0
1
3781 252
0
1
3782 334
0
1
3783 211
1
3784 56
1
3785 92
1
3786 291
0
0
1
3787 272
0
0
0
1
3788 74
0
0
1
3789 318
1
3790 181
0
0
1
3791 254
1
3792 299
1
3793 352
0
1
3794 95
1
3795 145
1
3796 325
1
3797 235
1
3798 93
1
3799 52
0
0
1
3800 207
1
3801 49
1
3802 251
0
1
3803 160
1
3804 126
0
0
0
0
1
3805 167
0
0
1
3806 194
0
0
0
0
1
3807 117
0
1
3808 5
1
3809 111
1
3810 293
1
3811 252
1
3812 39
0
1
3813 57
1
3814 259
1
3815 10
1
3816 96
1
3817 217
1
3818 213
0
1
3819 19
1
3820 275
1
3821 89
1
3822 125
1
3823 260
1
3824 108
1
3825 185
1
3826 343
1
3827 228
1
3828 332
0
1
3829 55
1
3830 22
0
1
3831 283
0
0
1
3832 244
1
3833 309
1
3834 258
0
1
3835 75
1
3836 221
0
1
3837 94
1
3838 76
0
1
3839 247
1
3840 248
0
1
3841 151
0
1
3842 315
1
3843 329
1
3844 326
1
3845 76
0
1
3846 223
1
3847 54
1
3848 85
1
3849 145
0
1
3850 349
1
3851 282
0
1
3852 300
0
0
1
3853 287
0
1
3854 10
0
0
1
3855 180
0
1
3856 229
1
3857 296
1
3858 69
1
3859 158
1
3860 242
0
1
3861 79
1
3862 158
0
1
3863 144
0
1
3864 240
0
1
3865 31
1
3866 193
1
3867 222
0
0
0
1
3868 325
1
3869 138
1
3870 98
1
3871 206
1
3872 73
1
3873 297
1
3874 132
1
3875 180
1
3876 264
1
3877 228
1
3878 280
0
0
0
1
3879 117
1
3880 341
1
3881 286
1
3882 52
0
1
3883 74
0
1
3884 327
1
3885 248
0
1
3886 79
1
3887 229
0
0
1
3888 26
1
3889 24
0
1
3890 14
0
1
3891 22
0
1
3892 202
0
1
3893 52
1
3894 161
0
0
1
3895 89
0
1
3896 312
0
0
1
3897 342
1
3898 252
1
3899 170
1
3900 200
1
3901 33
1
3902 250
0
1
3903 339
0
1
3904 289
0
1
3905 273
0
0
1
3906 248
0
1
3907 161
0
0
1
3908 341
0
1
3909 318
1
3910 122
1
3911 79
0
0
0
1
3912 46
1
3913 7
0
0
0
0
1
3914 181
0
1
3915 270
0
1
3916 155
0
1
3917 183
1
3918 207
0
1
3919 204
1
3920 54
1
3921 212
1
3922 252
0
1
3923 46
1
3924 173
0
0
1
3925 73
1
3926 58
0
1
3927 38
0
0
1
3928 28
1
3929 278
1
3930 120
0
1
3931 220
1
3932 177
0
1
3933 107
1
3934 234
1
3935 261
0
1
3936 256
1
3937 145
1
3938 103
1
3939 11
0
1
3940 174
1
3941 329
1
3942 153
1
3943 275
1
3944 203
0
1
3945 82
1
3946 21
1
3947 68
0
0
1
3948 325
1
3949 106
1
3950 242
0
1
3951 131
1
3952 310
0
1
3953 76
1
3954 289
0
0
0
0
1
3955 14
0
1
3956 321
0
1
3957 232
0
1
3958 19
1
3959 282
1
3960 183
1
3961 24
1
3962 179
1
3963 152
0
0
0
1
3964 188
0
0
1
3965 273
1
3966 76
0
1
3967 78
1
3968 334
1
3969 167
1
3970 208
1
3971 194
1
3972 157
0
1
3973 196
1
3974 131
0
1
3975 190
0
0
0
0
0
1
3976 62
0
0
1
3977 174
1
3978 345
1
3979 55
0
0
1
3980 67
1
3981 326
0
1
3982 256
0
0
1
3983 295
0
1
3984 187
1
3985 31
0
1
3986 144
0
1
3987 254
0
1
3988 118
1
3989 53
1
3990 327
1
3991 301
1
3992 76
1
3993 35
1
3994 193
0
1
3995 179
1
3996 60
0
0
0
1
3997 264
1
3998 280
0
1
3999 14
1
4000 303
0
1
4001 180
1
4002 151
0
1
4003 171
0
0
1
4004 257
0
0
1
4005 159
0
1
4006 299
1
4007 51
0
1
4008 117
0
1
4009 241
1
4010 133
1
4011 13
0
1
4012 42
1
4013 118
1
4014 34
1
4015 249
1
4016 235
1
4017 2
1
4018 136
0
0
0
1
4019 325
1
4020 294
0
1
4021 89
1
4022 7
0
1
4023 24
0
1
4024 320
1
4025 110
0
1
4026 271
0
0
1
4027 21
0
1
4028 170
1
4029 42
0
1
4030 294
1
4031 337
0
1
4032 168
1
4033 114
1
4034 51
1
4035 160
0
1
4036 46
1
4037 311
0
0
0
1
4038 90
0
1
4039 19
1
4040 306
1
4041 259
0
0
1
4042 341
0
0
0
0
0
1
4043 91
0
1
4044 174
0
1
4045 306
0
1
4046 3
1
4047 174
1
4048 344
0
1
4049 286
0
0
0
0
1
4050 38
1
4051 28
0
1
4052 4
0
1
4053 298
0
0
1
4054 224
1
4055 23
1
4056 172
0
0
0
1
4057 82
0
1
4058 39
1
4059 263
1
4060 296
1
4061 93
1
4062 38
0
1
4063 195
0
0
0
1
4064 280
0
1
4065 339
0
0
1
4066 224
0
1
4067 106
1
4068 266
1
4069 32
0
1
4070 194
0
1
4071 146
0
0
0
1
4072 14
1
4073 5
0
0
1
4074 91
1
4075 344
0
1
4076 305
0
1
4077 310
1
4078 106
1
4079 38
0
1
4080 214
1
4081 214
0
0
1
4082 138
1
4083 117
0
0
0
0
0
0
0
1
4084 9
0
1
4085 46
0
1
4086 280
0
1
4087 115
1
4088 249
0
1
4089 90
0
1
4090 215
1
4091 184
1
4092 243
0
0
0
1
4093 163
1
4094 50
1
4095 169
1
4096 89
1
4097 127
0
1
4098 173
0
1
4099 317
0
1
4100 49
0
1
4101 75
1
4102 219
0
0
0
1
4103 323
0
0
1
4104 61
0
0
0
0
1
4105 271
0
0
0
1
4106 252
0
0
1
4107 83
1
4108 57
0
0
1
4109 79
1
4110 214
0
0
0
1
4111 234
0
0
1
4112 245
0
1
4113 221
0
1
4114 266
1
4115 221
0
1
4116 207
0
1
4117 124
1
4118 126
1
4119 204
0
1
4120 304
1
4121 345
1
4122 197
0
1
4123 110
0
0
0
1
4124 203
0
0
1
4125 189
1
4126 302
1
4127 318
0
0
1
4128 283
0
1
4129 223
0
0
0
0
0
0
0
1
4130 322
1
4131 287
1
4132 194
1
4133 276
1
4134 117
1
4135 335
1
4136 138
1
4137 122
0
0
1
4138 148
0
1
4139 280
0
0
1
4140 288
1
4141 103
1
4142 330
1
4143 102
0
0
0
1
4144 264
1
4145 152
0
1
4146 213
0
1
4147 68
0
1
4148 242
1
4149 39
0
1
4150 127
0
1
4151 55
1
4152 191
1
4153 208
1
4154 6
0
0
1
4155 268
1
4156 7
0
0
1
4157 113
0
0
1
4158 76
0
1
4159 351
1
4160 300
0
1
4161 161
1
4162 227
1
4163 50
1
4164 21
1
4165 291
0
0
0
1
4166 184
0
0
1
4167 209
0
1
4168 74
0
1
4169 25
0
1
4170 162
1
4171 238
0
1
4172 28
0
1
4173 99
1
4174 100
0
1
4175 218
0
1
4176 30
0
1
4177 77
0
1
4178 33
0
0
0
0
1
4179 119
1
4180 350
0
0
1
4181 201
0
1
4182 271
0
1
4183 315
1
4184 326
0
0
1
4185 213
0
1
4186 129
0
1
4187 153
0
1
4188 307
0
1
4189 186
0
0
1
4190 134
0
0
1
4191 25
0
0
0
1
4192 106
1
4193 173
1
4194 166
1
4195 181
0
1
4196 87
1
4197 161
0
0
1
4198 257
0
0
1
4199 92
1
4200 296
0
0
0
1
4201 263
0
1
4202 120
1
4203 235
0
0
1
4204 320
0
0
1
4205 193
1
4206 198
1
4207 241
1
4208 144
0
0
1
4209 109
0
1
4210 242
0
0
1
4211 292
0
0
0
0
1
4212 337
1
4213 252
1
4214 79
1
4215 148
1
4216 183
1
4217 54
0
1
4218 212
0
0
1
4219 195
0
0
0
1
4220 263
1
4221 270
0
0
0
1
4222 106
0
0
0
0
1
4223 137
0
1
4224 86
0
1
4225 132
1
4226 20
0
0
1
4227 48
1
4228 285
0
1
4229 145
1
4230 241
0
0
1
4231 209
1
4232 324
0
0
0
0
0
0
1
4233 103
0
1
4234 218
0
1
4235 19
0
1
4236 145
0
1
4237 193
0
1
4238 228
1
4239 230
0
1
4240 258
1
4241 161
0
1
4242 65
0
1
4243 183
0
0
0
0
1
4244 235
1
4245 330
0
1
4246 100
0
0
1
4247 92
0
1
4248 23
1
4249 194
0
1
4250 38
1
4251 327
1
4252 26
1
4253 98
0
0
0
1
4254 226
0
1
4255 70
1
4256 78
1
4257 216
1
4258 169
0
0
1
4259 7
0
1
4260 293
0
0
0
1
4261 284
1
4262 165
1
4263 253
0
0
1
4264 142
0
1
4265 18
1
4266 153
0
0
0
0
1
4267 22
1
4268 295
0
1
4269 4
0
0
1
4270 204
0
1
4271 308
0
1
4272 259
0
0
1
4273 113
0
1
4274 198
1
4275 50
1
4276 164
0
0
0
0
0
1
4277 140
0
0
1
4278 57
0
1
4279 163
1
4280 282
0
1
4281 172
0
0
1
4282 9
1
4283 351
0
0
0
1
4284 250
1
4285 191
1
4286 141
0
0
0
1
4287 60
1
4288 212
1
4289 136
1
4290 148
1
4291 14
1
4292 79
0
0
1
4293 190
0
1
4294 245
0
0
1
4295 291
1
4296 248
1
4297 150
0
1
4298 41
0
0
0
1
4299 233
0
1
4300 171
0
0
0
1
4301 348
0
0
0
1
4302 165
1
4303 188
1
4304 265
1
4305 68
0
1
4306 156
1
4307 149
1
4308 165
0
1
4309 209
1
4310 90
0
0
1
4311 152
1
4312 74
0
1
4313 244
1
4314 349
1
4315 20
0
1
4316 339
1
4317 54
1
4318 80
0
0
0
1
4319 162
1
4320 154
0
1
4321 274
0
1
4322 87
1
4323 352
1
4324 206
1
4325 263
0
1
4326 150
0
0
0
1
4327 263
0
0
0
1
4328 35
0
0
0
1
4329 334
0
0
1
4330 280
1
4331 251
1
4332 2
1
4333 151
1
4334 183
0
0
0
0
0
0
0
1
4335 326
1
4336 145
1
4337 176
0
0
0
0
1
4338 150
1
4339 300
0
0
0
1
4340 141
1
4341 254
1
4342 107
0
0
1
4343 224
0
1
4344 65
1
4345 326
1
4346 260
1
4347 325
0
0
1
4348 155
0
0
0
0
0
0
0
0
0
0
1
4349 236
0
0
1
4350 231
1
4351 89
1
4352 330
1
4353 102
1
4354 206
1
4355 26
1
4356 254
0
1
4357 346
0
0
0
0
1
4358 53
0
0
1
4359 119
0
1
4360 213
1
4361 118
0
1
4362 110
0
1
4363 126
0
0
0
0
0
0
0
0
0
1
4364 280
1
4365 46
1
4366 123
0
0
0
0
0
0
0
0
1
4367 5
1
4368 239
1
4369 28
0
1
4370 173
0
1
4371 327
0
1
4372 113
1
4373 335
0
1
4374 10
1
4375 266
0
0
1
4376 54
1
4377 22
1
4378 314
1
4379 129
1
4380 52
1
4381 38
0
0
0
1
4382 240
0
0
0
1
4383 68
0
1
4384 327
0
0
1
4385 31
0
1
4386 198
0
0
1
4387 231
0
0
1
4388 191
1
4389 80
1
4390 78
1
4391 46
1
4392 32
0
0
1
4393 19
0
0
1
4394 297
1
4395 217
0
0
1
4396 128
1
4397 159
0
0
0
0
1
4398 169
0
0
1
4399 336
1
4400 67
0
0
0
0
0
0
1
4401 218
1
4402 212
1
4403 55
0
1
4404 108
0
0
0
1
4405 66
0
1
4406 259
0
1
4407 117
0
0
0
0
0
1
4408 149
0
0
0
1
4409 320
1
4410 274
0
1
4411 40
0
1
4412 24
1
4413 204
0
0
0
0
1
4414 110
0
0
1
4415 267
0
0
1
4416 256
0
0
0
0
0
0
1
4417 2
0
1
4418 171
1
4419 87
1
4420 189
1
4421 340
0
0
0
0
0
0
0
0
0
0
1
4422 326
1
4423 142
0
0
1
4424 220
0
0
1
4425 173
0
0
1
4426 117
1
4427 120
0
1
4428 138
1
4429 152
0
1
4430 192
1
4431 330
1
4432 270
1
4433 341
0
1
4434 38
1
4435 232
1
4436 220
0
0
1
4437 11
0
1
4438 213
0
1
4439 166
1
4440 89
1
4441 3
0
0
0
0
1
4442 345
1
4443 52
0
0
0
0
0
1
4444 120
1
4445 101
0
1
4446 121
0
1
4447 166
1
4448 164
0
0
0
0
1
4449 330
0
0
0
1
4450 36
1
4451 173
1
4452 30
0
0
1
4453 339
0
0
0
1
4454 213
0
0
1
4455 203
0
0
0
1
4456 21
0
0
1
4457 24
0
0
0
1
4458 139
1
4459 161
1
4460 54
1
4461 82
1
4462 85
0
0
1
4463 272
0
0
1
4464 265
1
4465 304
0
1
4466 94
0
0
1
4467 320
1
4468 200
1
4469 190
0
0
0
0
1
4470 81
0
1
4471 320
0
0
0
1
4472 317
1
4473 131
0
0
1
4474 291
0
0
0
0
0
0
0
0
1
4475 100
0
1
4476 10
0
0
1
4477 199
1
4478 197
0
1
4479 128
1
4480 255
1
4481 112
0
0
0
1
4482 172
0
0
0
1
4483 248
0
0
1
4484 2
1
4485 14
1
4486 327
0
0
0
0
0
1
4487 53
0
0
1
4488 104
0
0
0
0
0
0
0
1
4489 62
1
4490 248
1
4491 55
0
0
1
4492 215
1
4493 139
0
1
4494 334
1
4495 175
1
4496 70
0
0
0
0
0
0
0
1
4497 159
1
4498 86
0
1
4499 148
0
1
4500 99
1
4501 192
0
1
4502 225
0
1
4503 76
0
0
0
0
0
0
0
0
0
0
0
0
0
0
0
1
4504 68
0
0
0
0
0
1
4505 344
0
0
0
0
1
4506 183
0
1
4507 104
0
0
1
4508 75
1
4509 63
0
0
1
4510 194
1
4511 310
0
0
1
4512 310
0
0
0
0
1
4513 101
0
1
4514 214
1
4515 279
0
0
0
0
0
1
4516 208
1
4517 79
0
0
0
0
1
4518 52
0
0
0
0
0
0
0
0
0
0
0
0
0
1
4519 231
0
0
0
1
4520 39
1
4521 152
0
1
4522 184
0
0
1
4523 65
1
4524 311
0
1
4525 46
0
1
4526 46
0
0
1
4527 294
1
4528 163
0
0
0
0
0
0
0
0
0
1
4529 294
1
4530 96
0
1
4531 25
0
0
1
4532 101
0
1
4533 65
0
0
0
0
0
0
0
0
0
0
0
0
1
4534 95
0
0
0
0
0
1
4535 289
0
0
0
0
0
0
0
0
1
4536 59
0
0
0
0
0
0
0
0
0
1
4537 256
0
0
0
0
1
4538 224
0
0
0
0
1
4539 324
0
0
0
1
4540 326
0
0
0
1
4541 226
1
4542 55
0
1
4543 130
1
4544 286
1
4545 155
0
1
4546 21
0
0
0
1
4547 338
0
0
0
0
0
0
1
4548 336
0
0
0
0
1
4549 263
0
0
1
4550 72
0
0
1
4551 332
0
0
0
0
0
0
0
0
0
1
4552 83
0
1
4553 133
1
4554 164
0
0
1
4555 139
1
4556 163
0
0
0
0
0
0
0
1
4557 312
0
0
0
0
0
1
4558 117
0
0
0
0
0
0
1
4559 297
1
4560 197
0
1
4561 93
0
1
4562 243
0
0
1
4563 38
1
4564 279
0
0
0
0
1
4565 332
0
0
0
1
4566 75
0
1
4567 192
0
0
0
0
0
0
0
0
0
1
4568 143
0
0
0
0
0
0
1
4569 155
0
0
0
0
1
4570 127
1
4571 330
1
4572 162
0
1
4573 117
1
4574 261
0
0
0
0
0
0
0
0
0
0
0
0
0
0
0
0
0
0
1
4575 30
0
0
0
0
0
1
4576 272
1
4577 198
0
1
4578 321
0
1
4579 75
0
1
4580 263
0
0
0
0
1
4581 140
0
1
4582 326
0
0
0
0
0
1
4583 89
0
0
1
4584 19
0
1
4585 18
1
4586 262
0
0
1
4587 274
0
0
0
0
0
0
1
4588 310
0
0
1
4589 175
0
1
4590 279
0
0
0
0
0
0
0
0
1
4591 193
0
0
0
0
0
1
4592 123
0
0
0
0
0
0
0
0
0
0
0
0
1
4593 156
0
1
4594 26
0
0
0
0
0
0
0
1
4595 258
0
1
4596 309
1
4597 298
1
4598 310
0
0
0
0
0
1
4599 152
0
0
0
0
0
1
4600 229
0
0
0
0
0
0
1
4601 172
0
0
1
4602 9
0
0
0
0
1
4603 218
0
1
4604 98
1
4605 120
0
0
0
0
0
0
0
1
4606 188
0
0
0
0
0
0
0
0
0
1
4607 310
1
4608 308
0
0
0
0
0
1
4609 116
0
0
1
4610 119
0
0
0
0
1
4611 26
0
1
4612 90
0
1
4613 181
1
4614 221
1
4615 32
0
0
1
4616 154
0
0
1
4617 221
0
0
0
1
4618 330
1
4619 68
0
1
4620 298
0
0
0
0
1
4621 201
0
0
0
0
1
4622 9
1
4623 11
0
0
0
0
0
1
4624 30
0
0
1
4625 246
0
0
0
1
4626 152
1
4627 212
0
0
0
0
0
0
0
0
0
0
1
4628 102
0
0
0
0
0
0
0
0
0
0
1
4629 292
0
0
0
0
0
1
4630 324
0
0
1
4631 156
0
0
0
1
4632 298
0
1
4633 132
1
4634 172
0
0
0
0
0
0
0
0
0
0
0
0
0
1
4635 302
0
0
0
0
0
0
0
1
4636 290
0
1
4637 140
0
1
4638 59
0
0
0
0
0
1
4639 322
0
0
1
4640 184
1
4641 290
0
0
0
0
0
0
0
0
0
1
4642 87
0
0
0
0
0
0
0
0
0
1
4643 344
0
0
0
0
0
0
0
0
0
0
0
0
0
0
0
1
4644 119
0
0
0
0
0
1
4645 165
1
4646 231
0
1
4647 152
1
4648 235
1
4649 205
0
0
0
1
4650 208
0
0
0
0
0
1
4651 120
0
1
4652 283
0
0
1
4653 281
0
0
1
4654 147
1
4655 244
1
4656 326
0
0
0
0
1
4657 73
1
4658 44
1
4659 76
0
1
4660 79
0
0
1
4661 298
0
0
1
4662 277
0
1
4663 161
1
4664 133
0
0
0
0
0
0
1
4665 307
0
0
0
0
1
4666 349
0
0
0
1
4667 226
0
1
4668 267
0
0
1
4669 319
0
0
1
4670 333
0
0
0
0
0
0
1
4671 18
1
4672 313
0
0
0
1
4673 301
0
0
0
0
0
0
0
0
0
0
0
0
0
0
1
4674 37
1
4675 22
0
0
0
0
0
0
0
0
0
1
4676 247
0
0
0
0
0
0
0
0
0
0
0
0
0
0
0
0
0
0
0
0
1
4677 245
1
4678 163
0
0
0
1
4679 302
0
0
0
0
0
1
4680 197
1
4681 60
1
4682 94
0
0
0
0
0
0
0
1
4683 223
0
1
4684 174
1
4685 322
0
1
4686 289
0
0
0
0
0
0
0
0
0
0
0
1
4687 206
0
0
0
0
0
0
0
0
0
0
0
0
1
4688 217
0
0
0
0
0
0
0
0
1
4689 210
1
4690 57
1
4691 318
1
4692 240
0
0
0
0
0
0
0
0
0
0
0
0
0
0
0
0
0
0
0
0
0
0
0
0
1
4693 25
0
1
4694 250
0
0
0
0
1
4695 124
0
0
0
0
0
0
0
0
1
4696 146
0
0
0
0
0
0
0
1
4697 337
0
0
0
0
0
0
0
0
0
0
0
0
0
0
0
0
0
0
0
0
0
0
1
4698 77
0
0
0
0
0
0
0
0
0
0
0
0
0
0
0
0
0
1
4699 97
0
0
1
4700 39
0
0
0
0
0
0
0
0
0
0
0
0
0
0
0
0
0
0
0
1
4701 75
1
4702 29
0
0
0
0
1
4703 249
0
0
0
0
1
4704 308
0
0
1
4705 43
0
0
0
1
4706 260
0
1
4707 59
0
1
4708 111
0
0
0
0
0
1
4709 166
0
0
1
4710 59
1
4711 79
1
4712 150
1
4713 183
0
0
0
0
0
1
4714 154
1
4715 93
0
1
4716 18
0
0
1
4717 68
0
0
0
0
0
0
0
1
4718 218
0
0
0
0
0
0
0
0
0
1
4719 119
0
1
4720 127
1
4721 273
0
0
1
4722 140
0
0
1
4723 254
0
0
0
0
1
4724 172
0
0
0
0
0
0
0
0
1
4725 230
0
1
4726 235
0
0
0
0
0
0
0
0
1
4727 350
0
0
0
0
0
0
1
4728 19
0
0
0
0
0
0
0
0
0
0
0
0
0
0
0
1
4729 196
0
0
0
0
0
0
0
0
0
0
0
0
0
0
0
0
1
4730 285
0
0
1
4731 43
0
0
0
0
0
0
0
0
0
0
0
0
0
0
0
0
0
0
0
0
0
0
0
0
0
0
0
1
4732 223
0
0
0
0
0
0
0
0
0
0
0
0
0
0
0
0
0
0
0
0
0
0
0
0
0
0
0
0
0
0
0
0
1
4733 37
0
0
0
0
0
0
0
0
0
0
0
0
0
1
4734 189
1
4735 140
0
0
0
1
4736 59
0
0
0
0
0
1
4737 273
0
0
1
4738 25
1
4739 270
0
0
0
0
0
0
0
0
0
0
0
0
0
0
0
0
0
0
0
0
1
4740 207
0
0
0
0
0
0
0
0
0
0
0
0
0
0
0
0
1
4741 213
0
0
0
0
0
0
0
0
0
0
1
4742 59
0
0
0
0
0
0
0
0
0
0
0
0
0
0
0
1
4743 259
0
0
0
1
4744 123
0
0
1
4745 208
0
0
0
0
0
0
0
0
0
0
0
0
0
0
0
0
0
0
0
0
0
0
0
0
0
0
0
0
0
0
0
0
0
0
0
0
0
0
1
4746 96
0
0
0
0
1
4747 166
0
0
0
0
0
0
0
0
0
0
0
0
0
0
0
0
0
0
0
0
0
1
4748 197
0
0
0
0
0
0
0
0
0
0
0
0
0
0
0
0
0
0
0
0
0
0
0
1
4749 52
0
0
0
0
0
0
0
0
0
0
0
0
0
0
0
0
0
0
0
0
0
0
0
1
4750 347
1
4751 245
0
0
0
0
0
0
0
0
0
0
0
0
0
0
0
0
0
0
0
0
0
0
0
0
0
0
0
0
0
0
0
0
0
0
1
4752 174
0
0
0
0
0
0
0
0
0
0
0
0
0
0
0
0
1
4753 36
0
0
0
0
0
1
4754 292
0
0
0
0
0
0
0
0
0
0
0
0
0
0
0
0
0
0
0
0
0
0
0
0
0
0
0
0
0
0
0
0
0
0
0
0
0
0
1
4755 81
0
0
0
0
0
0
0
0
0
0
0
0
0
0
0
0
0
0
0
0
0
0
1
4756 240
0
0
0
0
0
0
0
0
0
0
0
0
0
0
0
0
0
0
0
0
0
0
0
0
0
0
0
0
0
0
0
0
0
0
0
0
0
0
0
0
0
0
0
0
0
0
0
0
0
0
0
0
0
0
0
0
0
0
0
0
0
0
0
0
0
0
0
0
0
0
0
0
0
0
0
0
0
0
0
0
0
0
0
0
0
0
0
0
0
0
0
0
0
0
0
0
0
0
0
0
0
0
0
0
0
0
0
0
0
0
0
0
0
0
0
0
0
0
0
0
0
0
0
0
0
0
0
0
0
0
0
0
0
0
0
0
0
0
0
0
0
0
0
0
0
0
0
0
0
0
0
0
0
0
0
0
0
0
0
0
0
0
0
0
0
0
0
0
0
0
0
0
0
0
0
0
0
0
0
0
0
0
0
0
0
0
0
0
0
0
0
0
0
0
0
0
0
0
0
0
0
0
0
0
0
0
0
0
0
0
0
0
0
0
0
0
0
0
0
0
0
0
0
0
0
0
0
0
0
0
0
0
0
0
0
0
0
0
0
0
0
0
0
0
0
0
0
0
0
0
0
0
0
0
0
0
0
0
0
0
0
0
0
0
0
0
0
0
0
0
0
0
0
0
0
0
0
0
0
0
0
0
0
0
0
0
0
0
0
0
0
0
0
0
0
0
0
0
0
0
0
0
0
0
0
0
0
0
0
0
0
0
0
0
0
0
0
0
0
0
0
0
0
0
0
0
0
0
0
0
0
0
0
0
0
0
0
0
0
0
0
0
0
0
0
0
0
0
0
0
0
0
0
0
0
0
0
0
0
0
0
0
0
0
0
0
0
0
0
0
0
0
0
0
0
0
0
0
0
0
0
0
0
0
0
0
0
0
0
0
0
0
0
0
0
0
0
0
0
0
0
0
0
0
0
0
0
0
0
0
0
0
0
0
0
0
0
0
0
0
0
0
0
0
0
0
0
0
0
0
0
0
0
0
0
0
0
0
0
0
0
0
0
0
0
0
0
0
0
0
0
0
0
0
0
0
0
0
0
0
0
0
0
0
0
0
0
0
0
0
0
0
0
0
0
0
0
0
0
0
0
0
0
0
0
0
0
0
0
0
0
0
0
0
0
0
0
0
0
0
0
0
0
0
0
0
0
0
0
0
0
0
0
0
0
0
0
0
0
0
0
0
0
0
0
0
0
0
0
0
0
0
0
0
0
0
0
0
0
0
0
0
0
0
0
0
0
0
0
0
0
0
0
0
0
0
0
0
0
