225 349
75 103 3
97 18 5
20 188 3
165 158 5
96 21 3
106 74 4
197 175 3
187 39 4
20 53 4
200 52 2
103 179 4
130 172 3
141 195 4
222 177 1
204 156 3
143 209 2
23 109 5
10 110 3
116 183 4
84 8 3
170 157 3
178 13 2
46 194 3
51 172 5
105 209 5
130 101 5
28 81 5
43 14 5
168 17 3
23 86 1
18 151 2
142 158 4
203 65 5
26 210 3
112 149 2
111 5 4
202 76 3
121 123 4
182 1 4
61 148 4
69 55 4
58 216 4
139 208 3
94 188 4
94 20 3
220 155 3
45 126 3
36 207 3
112 68 3
186 141 3
128 98 5
97 35 3
64 222 4
50 218 2
29 159 4
101 38 3
205 123 2
24 8 4
84 67 4
146 219 2
150 152 4
184 179 3
147 4 3
217 95 3
181 118 5
204 128 3
56 218 3
214 108 2
92 84 3
38 160 4
32 96 3
205 41 3
191 15 4
101 187 3
178 1 4
107 127 3
97 199 3
170 164 3
54 104 4
46 104 4
100 145 3
107 70 4
16 37 3
105 205 3
44 182 3
162 48 4
9 2 5
159 103 4
152 144 4
95 195 4
140 68 2
223 63 3
193 204 1
57 25 6
201 187 4
139 134 4
149 27 3
117 35 3
129 105 3
65 9 4
134 225 4
192 119 3
221 196 2
95 27 3
104 151 3
87 199 3
175 89 2
183 210 3
93 176 4
47 66 3
83 34 3
170 54 3
71 16 4
109 71 5
200 88 3
73 190 3
173 224 3
99 38 5
168 211 2
184 131 4
12 49 4
195 116 4
220 49 3
154 117 4
225 206 4
82 197 5
109 11 3
155 13 3
221 79 3
14 72 2
120 29 3
88 102 4
223 127 5
77 171 3
198 26 1
133 136 4
36 7 4
4 213 3
3 120 5
6 33 5
2 36 2
166 30 5
78 214 2
181 137 2
100 92 2
17 98 2
60 83 2
63 70 2
126 106 4
68 203 3
173 50 4
215 218 5
203 198 5
163 169 3
42 209 4
119 34 4
185 99 4
127 61 3
100 84 4
133 197 4
156 127 3
192 50 3
82 144 4
221 171 4
206 152 4
118 86 3
52 102 4
164 113 4
109 57 2
144 111 4
149 116 4
110 39 3
199 117 2
215 22 4
60 176 4
198 122 4
174 216 3
176 138 4
125 120 4
42 143 1
13 182 3
106 6 4
151 209 5
58 202 3
107 49 4
72 138 2
157 124 2
38 201 3
165 224 3
27 135 4
167 188 3
80 137 3
208 14 3
121 60 3
201 99 4
206 175 3
122 112 2
126 140 3
211 98 3
67 92 2
24 67 3
195 32 3
89 139 4
22 56 3
85 169 3
222 124 2
158 69 4
124 177 4
82 166 4
78 1 5
207 212 1
54 194 2
114 57 2
154 87 4
217 62 3
210 122 3
93 134 3
12 202 5
155 61 5
23 180 4
61 178 3
125 199 5
4 55 3
77 196 3
51 130 4
41 121 3
74 132 3
42 18 3
43 139 2
105 69 2
162 44 4
6 85 3
141 47 3
132 108 4
94 185 3
148 193 5
121 138 5
196 90 2
78 40 4
145 19 3
3 21 3
26 112 2
5 82 3
212 6 4
146 54 2
17 33 4
57 11 3
20 200 4
164 124 2
51 189 3
76 147 3
190 128 3
73 19 3
28 15 2
53 52 3
113 151 3
137 10 3
180 118 3
125 46 2
223 70 2
25 65 3
148 156 2
62 27 4
175 153 4
11 114 4
140 135 5
153 43 4
29 31 2
81 191 5
67 8 4
188 79 3
91 211 4
136 87 4
217 115 5
96 75 3
15 92 5
55 129 2
32 186 4
161 115 3
161 108 5
59 77 3
58 174 3
189 110 4
58 147 5
159 31 3
172 179 5
40 108 3
142 224 4
7 9 3
83 41 3
132 168 4
214 91 3
213 129 3
160 221 4
154 133 3
214 40 4
74 161 3
165 76 3
162 146 4
177 64 3
89 153 3
48 115 2
111 150 5
219 3 4
135 45 2
91 193 4
143 123 4
66 189 3
212 2 5
85 207 4
213 113 3
192 142 5
37 71 3
90 59 3
159 131 2
172 66 3
31 131 4
180 181 3
171 166 3
56 34 4
203 114 3
163 145 4
220 174 3
179 186 3
24 191 3
136 30 3
64 216 4
75 21 5
47 80 3
167 88 3
10 80 3
62 45 3
157 44 3
17 190 4
119 218 1
102 150 4
73 163 4
160 196 2
33 132 3
93 208 2
59 184 4
90 171 3
219 194 3
86 37 3
185 79 2
63 81 4
167 5 5
89 225 3
215 173 5
10000
0
0
0
0
0
0
0
0
0
0
0
0
0
0
0
0
0
0
0
0
0
0
0
0
0
0
0
0
0
0
0
0
0
0
0
0
0
0
0
0
0
0
0
0
0
0
0
0
0
0
0
0
1
1 95
0
0
0
0
0
0
0
0
0
0
0
0
0
0
0
0
0
0
0
0
0
0
0
0
0
0
0
0
0
0
0
0
0
0
0
1
2 129
0
0
0
0
1
3 53
1
4 81
0
0
0
0
0
1
5 122
1
6 107
0
0
0
1
7 124
0
0
0
1
8 125
0
0
0
0
0
0
0
0
0
0
1
9 41
0
0
0
0
0
0
0
0
0
0
0
0
0
0
1
10 32
0
0
0
0
0
0
0
0
0
0
0
0
0
0
0
1
11 124
1
12 109
0
0
0
1
13 106
0
1
14 152
0
0
0
1
15 225
0
0
0
0
0
0
0
0
0
0
0
0
0
1
16 170
0
0
0
0
0
1
17 23
1
18 66
1
19 50
0
0
0
0
0
0
0
1
20 202
0
0
0
0
1
21 184
0
1
22 178
0
0
0
0
1
23 40
0
0
0
1
24 195
0
1
25 122
0
0
1
26 190
0
0
1
27 96
0
1
28 198
1
29 134
0
0
0
0
0
0
0
1
30 136
1
31 12
0
0
0
0
0
0
0
0
0
0
0
0
0
0
0
1
32 159
0
1
33 21
0
0
0
0
0
1
34 208
0
1
35 215
0
0
0
1
36 172
0
0
1
37 111
0
0
0
0
0
0
1
38 131
1
39 201
0
1
40 173
0
0
0
0
0
0
1
41 210
0
0
0
0
1
42 128
0
0
0
0
0
0
0
0
0
0
0
0
0
1
43 191
1
44 104
0
1
45 11
1
46 182
0
0
0
0
0
0
1
47 45
0
0
0
1
48 217
0
0
1
49 214
0
0
0
0
0
0
1
50 153
0
0
0
0
0
0
0
1
51 136
0
0
1
52 172
0
1
53 8
0
0
0
1
54 41
0
1
55 166
0
0
0
0
0
1
56 79
1
57 98
0
0
0
1
58 103
0
0
1
59 91
0
1
60 186
0
0
0
0
0
0
0
0
0
0
1
61 103
0
0
0
1
62 81
0
0
0
1
63 178
1
64 98
0
0
0
1
65 95
0
0
0
0
0
0
1
66 153
1
67 178
0
1
68 86
0
0
0
0
0
1
69 130
1
70 218
0
1
71 188
0
0
0
0
0
1
72 96
0
1
73 49
0
0
0
0
1
74 176
0
0
1
75 124
0
0
0
0
0
0
0
1
76 7
1
77 223
0
0
0
0
0
1
78 200
0
0
0
0
0
0
0
0
1
79 51
0
0
0
0
0
0
1
80 175
1
81 204
1
82 183
0
0
0
0
0
0
1
83 225
0
0
1
84 99
1
85 36
0
0
1
86 54
0
0
1
87 45
0
0
1
88 220
1
89 179
0
1
90 82
0
0
0
0
1
91 69
0
0
0
0
0
0
0
0
0
1
92 208
0
0
1
93 78
1
94 100
1
95 167
0
0
1
96 106
0
0
0
0
0
0
0
0
0
0
0
0
0
1
97 209
0
1
98 83
0
1
99 62
0
0
1
100 122
1
101 76
0
0
0
1
102 106
1
103 137
0
0
0
1
104 20
0
1
105 34
0
0
0
0
0
1
106 80
1
107 200
0
1
108 85
1
109 32
0
0
1
110 112
0
1
111 168
0
0
0
1
112 161
0
0
0
0
0
0
0
0
0
1
113 69
0
0
0
0
0
0
1
114 203
0
0
0
1
115 205
0
1
116 60
0
0
0
1
117 133
0
1
118 14
1
119 42
0
0
0
0
0
1
120 153
0
0
0
0
0
0
0
0
0
1
121 215
1
122 91
0
0
0
1
123 115
1
124 21
1
125 194
1
126 39
0
0
0
1
127 94
0
1
128 97
1
129 87
0
0
0
1
130 115
1
131 62
0
1
132 54
1
133 130
1
134 17
1
135 127
1
136 36
1
137 90
1
138 111
1
139 74
0
0
1
140 48
0
1
141 43
1
142 14
0
1
143 67
0
0
0
0
1
144 75
0
1
145 122
1
146 79
0
0
0
0
1
147 117
0
0
1
148 201
0
0
1
149 47
0
0
0
1
150 159
0
1
151 43
0
1
152 29
1
153 20
1
154 193
1
155 215
0
1
156 34
0
1
157 201
0
1
158 158
0
0
0
0
1
159 213
1
160 192
0
1
161 42
1
162 95
1
163 216
1
164 71
0
0
0
0
0
0
1
165 48
0
1
166 161
0
1
167 80
1
168 103
1
169 85
1
170 103
1
171 107
1
172 11
1
173 209
1
174 213
0
1
175 167
0
0
0
1
176 102
1
177 89
0
0
0
1
178 95
1
179 159
1
180 29
1
181 89
0
0
1
182 177
1
183 116
0
1
184 114
0
0
0
1
185 123
1
186 122
1
187 149
1
188 105
0
0
1
189 25
1
190 202
0
0
0
0
1
191 105
0
1
192 132
0
0
1
193 172
0
1
194 96
0
1
195 121
1
196 154
0
0
1
197 35
0
0
1
198 22
1
199 128
1
200 98
0
0
0
0
1
201 55
1
202 152
0
1
203 65
1
204 39
0
1
205 141
0
1
206 57
1
207 21
0
0
0
1
208 149
1
209 44
0
1
210 149
1
211 89
0
1
212 126
1
213 164
1
214 194
0
0
1
215 120
0
1
216 209
0
1
217 79
1
218 62
1
219 81
0
1
220 174
0
0
0
0
0
1
221 79
1
222 167
0
0
1
223 51
1
224 64
0
1
225 37
0
1
226 33
0
1
227 58
1
228 121
0
1
229 77
0
0
0
0
1
230 116
1
231 195
1
232 131
1
233 153
0
0
0
0
1
234 157
1
235 143
0
0
1
236 48
1
237 63
0
0
1
238 27
1
239 76
1
240 189
1
241 75
0
0
1
242 11
1
243 136
1
244 86
1
245 3
1
246 13
1
247 95
1
248 67
1
249 213
0
1
250 6
1
251 155
1
252 196
1
253 103
1
254 159
1
255 195
1
256 95
0
0
1
257 8
0
0
0
0
1
258 130
1
259 116
0
1
260 32
1
261 104
0
1
262 140
1
263 125
1
264 157
0
1
265 132
0
1
266 51
0
1
267 123
1
268 32
0
0
1
269 218
1
270 38
0
0
1
271 50
1
272 209
0
0
1
273 191
1
274 201
1
275 181
1
276 67
1
277 21
0
1
278 101
0
1
279 141
1
280 13
0
0
1
281 61
1
282 28
1
283 27
1
284 37
1
285 136
1
286 13
0
0
1
287 143
1
288 208
1
289 174
1
290 81
1
291 101
0
0
0
0
1
292 80
1
293 168
1
294 42
0
1
295 154
1
296 148
1
297 57
0
1
298 69
0
1
299 82
1
300 201
1
301 96
0
1
302 220
0
1
303 134
1
304 2
1
305 76
1
306 186
1
307 217
1
308 8
1
309 160
0
0
1
310 209
1
311 124
1
312 190
1
313 188
1
314 126
0
1
315 120
0
1
316 103
1
317 195
1
318 23
0
0
1
319 52
0
1
320 57
1
321 96
1
322 22
0
0
1
323 117
1
324 101
1
325 191
1
326 134
0
1
327 216
1
328 183
1
329 113
1
330 48
0
0
1
331 6
1
332 182
1
333 83
1
334 63
0
0
1
335 66
1
336 3
0
1
337 207
0
0
1
338 165
0
1
339 157
1
340 102
1
341 123
1
342 217
1
343 143
0
1
344 124
0
1
345 68
0
0
0
0
1
346 139
1
347 218
1
348 118
0
1
349 95
1
350 209
1
351 53
1
352 111
1
353 77
0
1
354 32
1
355 77
1
356 211
1
357 72
1
358 213
1
359 205
1
360 66
1
361 180
1
362 122
0
1
363 196
1
364 153
0
1
365 72
1
366 171
1
367 17
1
368 85
1
369 155
0
1
370 141
0
0
1
371 81
0
1
372 165
0
0
0
1
373 95
0
1
374 160
1
375 29
0
1
376 67
1
377 166
1
378 185
1
379 172
1
380 82
1
381 58
1
382 73
0
1
383 125
1
384 180
1
385 126
1
386 54
1
387 70
0
0
1
388 158
0
1
389 66
0
0
1
390 99
1
391 156
1
392 127
1
393 62
0
0
1
394 170
0
1
395 93
1
396 75
1
397 98
0
0
0
0
0
0
1
398 77
0
0
1
399 160
1
400 56
0
1
401 43
1
402 36
1
403 121
1
404 148
0
0
1
405 54
0
1
406 165
0
1
407 119
1
408 167
1
409 183
1
410 84
1
411 220
0
1
412 95
1
413 147
1
414 59
0
1
415 185
0
1
416 146
1
417 55
1
418 133
1
419 22
1
420 35
1
421 102
0
1
422 104
1
423 39
1
424 53
1
425 35
1
426 8
0
1
427 34
0
1
428 3
0
1
429 213
1
430 61
0
1
431 4
1
432 85
0
0
0
1
433 222
1
434 166
1
435 82
0
1
436 150
0
0
1
437 216
1
438 72
1
439 177
0
1
440 126
1
441 58
1
442 93
1
443 143
1
444 20
1
445 39
0
1
446 31
0
0
1
447 199
0
1
448 18
1
449 22
1
450 168
0
1
451 52
1
452 130
0
0
1
453 126
0
1
454 19
1
455 14
1
456 29
1
457 223
0
0
0
1
458 111
0
1
459 33
1
460 192
1
461 123
1
462 13
0
1
463 105
1
464 28
1
465 93
0
0
1
466 96
1
467 6
1
468 66
1
469 66
1
470 134
1
471 48
1
472 191
1
473 114
1
474 113
1
475 89
1
476 60
1
477 130
0
1
478 33
1
479 70
1
480 185
1
481 130
0
1
482 174
1
483 20
1
484 87
1
485 182
1
486 208
1
487 129
1
488 96
1
489 27
1
490 71
1
491 55
1
492 170
0
1
493 106
1
494 193
0
1
495 203
1
496 86
0
1
497 213
1
498 69
1
499 199
1
500 175
1
501 126
1
502 188
1
503 193
1
504 124
1
505 73
1
506 205
0
1
507 30
1
508 25
1
509 151
1
510 129
0
1
511 117
1
512 112
1
513 94
1
514 132
0
0
1
515 61
1
516 24
1
517 19
1
518 219
1
519 217
0
1
520 36
1
521 207
1
522 105
1
523 167
1
524 182
1
525 109
1
526 99
1
527 78
1
528 25
1
529 129
0
0
0
1
530 127
0
1
531 31
1
532 218
1
533 198
1
534 67
0
1
535 193
1
536 220
1
537 191
1
538 191
1
539 168
1
540 16
1
541 110
0
1
542 21
1
543 3
1
544 37
1
545 183
1
546 208
1
547 128
0
1
548 94
1
549 124
1
550 197
1
551 41
1
552 150
1
553 73
1
554 187
1
555 170
1
556 84
0
1
557 67
1
558 125
0
1
559 84
1
560 48
1
561 166
1
562 197
0
1
563 103
1
564 50
1
565 195
1
566 141
1
567 97
1
568 114
1
569 103
1
570 14
1
571 31
1
572 22
1
573 160
1
574 22
1
575 119
1
576 42
1
577 201
1
578 28
0
1
579 182
1
580 200
1
581 82
1
582 125
1
583 12
1
584 135
1
585 27
1
586 27
1
587 11
1
588 105
1
589 162
1
590 132
0
1
591 193
1
592 41
1
593 157
0
1
594 43
0
1
595 170
1
596 142
1
597 44
0
1
598 157
1
599 80
1
600 164
0
1
601 187
1
602 50
1
603 190
1
604 124
0
1
605 202
1
606 201
1
607 153
1
608 21
1
609 223
1
610 195
1
611 31
1
612 79
1
613 201
1
614 178
1
615 97
1
616 178
1
617 31
0
0
1
618 79
1
619 40
1
620 55
1
621 71
1
622 167
1
623 197
1
624 63
1
625 196
1
626 199
1
627 164
1
628 103
1
629 215
1
630 30
1
631 92
1
632 128
1
633 38
1
634 160
1
635 42
1
636 55
1
637 175
1
638 219
1
639 208
1
640 200
1
641 17
1
642 8
1
643 47
1
644 83
1
645 83
1
646 16
1
647 168
1
648 112
1
649 43
1
650 93
1
651 164
1
652 90
1
653 91
1
654 129
1
655 82
1
656 176
1
657 4
1
658 22
1
659 34
1
660 121
1
661 66
1
662 167
1
663 133
1
664 99
1
665 140
1
666 42
1
667 189
1
668 70
1
669 94
1
670 149
1
671 197
1
672 89
1
673 116
1
674 179
1
675 218
1
676 156
1
677 90
1
678 181
1
679 3
1
680 136
1
681 225
1
682 149
1
683 65
1
684 18
1
685 132
1
686 163
1
687 65
1
688 82
1
689 162
1
690 103
1
691 25
1
692 207
1
693 91
1
694 10
1
695 65
1
696 142
1
697 88
1
698 142
1
699 205
1
700 53
1
701 117
1
702 204
1
703 195
1
704 75
1
705 179
1
706 179
1
707 216
1
708 90
1
709 96
1
710 22
1
711 37
1
712 210
1
713 107
1
714 82
1
715 78
1
716 31
1
717 75
1
718 209
1
719 158
1
720 151
1
721 68
1
722 58
1
723 105
1
724 32
1
725 52
1
726 84
1
727 64
1
728 78
1
729 46
0
1
730 44
1
731 191
1
732 148
1
733 184
1
734 41
1
735 131
1
736 179
1
737 167
1
738 161
1
739 157
1
740 4
1
741 4
1
742 16
1
743 87
1
744 155
1
745 20
1
746 18
1
747 220
1
748 137
1
749 98
1
750 97
1
751 75
1
752 151
1
753 8
1
754 103
1
755 39
1
756 78
1
757 113
1
758 173
1
759 29
1
760 36
1
761 218
1
762 91
1
763 97
1
764 51
1
765 81
1
766 188
1
767 63
1
768 157
1
769 75
1
770 93
1
771 9
1
772 211
1
773 117
1
774 217
1
775 173
1
776 21
1
777 111
1
778 148
1
779 22
1
780 190
1
781 12
1
782 130
1
783 199
1
784 139
1
785 222
1
786 212
1
787 119
1
788 152
1
789 156
1
790 59
1
791 50
1
792 206
1
793 77
1
794 46
1
795 219
1
796 41
1
797 13
1
798 144
1
799 168
1
800 66
1
801 26
1
802 195
1
803 204
1
804 186
1
805 17
1
806 58
1
807 72
1
808 200
1
809 169
1
810 207
1
811 32
1
812 42
1
813 31
1
814 215
1
815 147
1
816 169
1
817 142
1
818 118
1
819 31
1
820 130
1
821 196
1
822 88
1
823 45
1
824 215
1
825 66
1
826 103
1
827 129
1
828 33
1
829 137
1
830 56
1
831 25
1
832 134
1
833 48
1
834 82
1
835 27
1
836 5
1
837 123
1
838 31
1
839 160
1
840 155
1
841 151
1
842 54
1
843 19
1
844 162
1
845 29
1
846 178
1
847 216
1
848 140
1
849 71
1
850 186
1
851 146
1
852 84
1
853 192
1
854 150
1
855 21
1
856 48
1
857 145
1
858 149
1
859 110
1
860 29
1
861 172
1
862 48
1
863 8
1
864 163
1
865 110
1
866 45
1
867 223
1
868 125
1
869 39
1
870 63
1
871 162
1
872 185
1
873 179
1
874 6
1
875 85
1
876 154
1
877 181
1
878 214
1
879 172
1
880 183
1
881 48
1
882 123
1
883 48
1
884 31
1
885 125
1
886 149
1
887 192
1
888 78
1
889 67
1
890 11
1
891 11
1
892 60
1
893 210
1
894 120
1
895 161
1
896 149
1
897 28
1
898 50
1
899 74
1
900 80
1
901 75
1
902 128
1
903 223
1
904 150
1
905 45
1
906 52
1
907 103
1
908 97
1
909 96
1
910 58
1
911 108
1
912 76
1
913 21
1
914 173
1
915 194
1
916 38
1
917 17
1
918 138
1
919 58
1
920 37
1
921 32
1
922 224
1
923 199
1
924 6
1
925 86
1
926 76
1
927 180
1
928 87
1
929 112
1
930 53
1
931 34
1
932 48
1
933 157
0
1
934 217
1
935 46
1
936 39
1
937 20
1
938 140
1
939 196
1
940 187
1
941 141
1
942 175
1
943 141
1
944 84
1
945 41
1
946 58
0
1
947 43
1
948 198
1
949 200
1
950 154
1
951 154
1
952 173
1
953 8
1
954 126
1
955 7
1
956 2
1
957 21
1
958 118
1
959 159
1
960 197
1
961 224
1
962 148
0
0
1
963 107
1
964 171
1
965 129
1
966 213
1
967 159
1
968 64
1
969 144
1
970 69
1
971 51
1
972 187
1
973 22
1
974 43
1
975 170
1
976 211
1
977 62
1
978 130
1
979 5
1
980 3
1
981 125
1
982 187
1
983 22
1
984 8
1
985 48
1
986 43
1
987 185
1
988 30
1
989 218
1
990 213
1
991 95
1
992 209
0
1
993 32
1
994 215
1
995 135
1
996 126
1
997 12
1
998 54
1
999 151
1
1000 37
1
1001 72
1
1002 214
1
1003 22
1
1004 3
1
1005 207
1
1006 137
1
1007 196
1
1008 85
1
1009 110
1
1010 30
1
1011 199
1
1012 63
1
1013 43
1
1014 208
1
1015 192
1
1016 153
1
1017 3
1
1018 174
1
1019 132
1
1020 43
0
1
1021 54
1
1022 50
1
1023 46
1
1024 158
1
1025 223
1
1026 9
1
1027 202
1
1028 167
1
1029 179
1
1030 94
1
1031 61
1
1032 8
1
1033 131
1
1034 7
1
1035 108
1
1036 78
1
1037 60
1
1038 124
1
1039 118
1
1040 43
1
1041 48
1
1042 150
1
1043 73
1
1044 203
1
1045 222
1
1046 224
1
1047 34
1
1048 160
1
1049 147
1
1050 25
1
1051 143
1
1052 8
1
1053 53
1
1054 112
0
1
1055 30
1
1056 83
1
1057 150
1
1058 203
1
1059 41
1
1060 57
1
1061 62
1
1062 50
1
1063 97
1
1064 147
1
1065 155
1
1066 113
1
1067 42
1
1068 178
1
1069 209
1
1070 30
1
1071 178
1
1072 219
1
1073 220
1
1074 2
1
1075 209
1
1076 9
1
1077 84
1
1078 94
1
1079 126
1
1080 176
1
1081 110
1
1082 97
1
1083 75
1
1084 208
1
1085 148
1
1086 119
1
1087 195
1
1088 94
1
1089 66
1
1090 180
1
1091 116
1
1092 206
1
1093 5
1
1094 31
1
1095 16
1
1096 4
1
1097 104
1
1098 69
1
1099 167
1
1100 183
1
1101 47
1
1102 37
1
1103 165
1
1104 125
1
1105 28
1
1106 103
1
1107 171
1
1108 119
1
1109 182
1
1110 215
1
1111 42
1
1112 37
1
1113 91
1
1114 32
1
1115 216
1
1116 89
1
1117 205
1
1118 172
1
1119 60
1
1120 168
1
1121 86
1
1122 16
1
1123 115
1
1124 201
1
1125 121
1
1126 179
1
1127 75
1
1128 21
1
1129 155
1
1130 80
1
1131 76
1
1132 52
1
1133 79
1
1134 218
1
1135 137
1
1136 23
1
1137 135
0
1
1138 17
1
1139 67
0
1
1140 95
1
1141 64
1
1142 179
1
1143 35
1
1144 141
1
1145 141
1
1146 186
1
1147 92
1
1148 21
1
1149 159
1
1150 28
1
1151 12
1
1152 41
1
1153 143
1
1154 82
1
1155 40
1
1156 163
1
1157 162
1
1158 129
1
1159 80
1
1160 20
1
1161 168
1
1162 151
1
1163 125
1
1164 94
1
1165 8
1
1166 129
0
0
1
1167 124
1
1168 174
1
1169 5
1
1170 49
1
1171 30
1
1172 205
1
1173 23
1
1174 51
1
1175 168
1
1176 207
1
1177 177
1
1178 178
1
1179 220
1
1180 57
1
1181 95
1
1182 162
1
1183 109
1
1184 123
1
1185 15
1
1186 68
1
1187 201
1
1188 85
1
1189 27
1
1190 114
1
1191 66
1
1192 153
1
1193 120
1
1194 53
1
1195 38
1
1196 131
0
1
1197 180
1
1198 135
1
1199 173
0
1
1200 66
1
1201 159
1
1202 21
1
1203 4
1
1204 220
1
1205 38
1
1206 179
1
1207 156
1
1208 46
1
1209 33
1
1210 195
1
1211 175
1
1212 133
1
1213 49
0
0
1
1214 199
1
1215 133
1
1216 80
1
1217 32
1
1218 109
1
1219 34
1
1220 148
1
1221 96
1
1222 168
0
1
1223 179
1
1224 36
1
1225 167
1
1226 27
1
1227 159
1
1228 219
1
1229 13
1
1230 72
1
1231 192
0
1
1232 34
1
1233 171
1
1234 205
1
1235 21
1
1236 73
1
1237 61
1
1238 102
1
1239 156
1
1240 202
1
1241 85
1
1242 38
1
1243 78
1
1244 100
1
1245 39
1
1246 212
0
1
1247 72
1
1248 98
1
1249 195
1
1250 106
1
1251 144
1
1252 14
1
1253 147
1
1254 19
1
1255 110
1
1256 56
1
1257 35
1
1258 175
1
1259 151
1
1260 198
1
1261 24
1
1262 87
1
1263 216
1
1264 12
1
1265 224
1
1266 215
1
1267 179
1
1268 181
1
1269 120
1
1270 75
1
1271 167
1
1272 66
1
1273 12
1
1274 184
1
1275 107
1
1276 21
1
1277 27
1
1278 122
1
1279 106
1
1280 12
1
1281 153
1
1282 224
1
1283 96
1
1284 52
1
1285 10
1
1286 106
1
1287 52
1
1288 179
1
1289 45
1
1290 68
1
1291 183
1
1292 199
1
1293 80
1
1294 182
1
1295 25
1
1296 5
1
1297 164
1
1298 142
1
1299 163
1
1300 219
1
1301 119
1
1302 15
1
1303 119
1
1304 95
0
1
1305 96
1
1306 47
1
1307 167
1
1308 11
1
1309 203
0
1
1310 155
0
1
1311 117
1
1312 85
1
1313 125
1
1314 131
0
1
1315 212
1
1316 211
1
1317 95
1
1318 140
1
1319 131
1
1320 163
1
1321 22
1
1322 123
1
1323 190
1
1324 127
1
1325 140
1
1326 112
1
1327 199
1
1328 172
1
1329 145
1
1330 193
1
1331 168
1
1332 73
1
1333 110
1
1334 174
1
1335 122
1
1336 180
1
1337 68
1
1338 105
1
1339 135
0
1
1340 122
1
1341 128
1
1342 164
1
1343 112
1
1344 35
1
1345 220
1
1346 31
1
1347 178
1
1348 25
1
1349 158
1
1350 218
1
1351 116
1
1352 71
1
1353 180
1
1354 121
1
1355 47
1
1356 166
1
1357 97
1
1358 153
1
1359 27
1
1360 105
1
1361 84
1
1362 201
1
1363 53
1
1364 216
1
1365 6
1
1366 171
1
1367 107
1
1368 162
1
1369 129
1
1370 27
0
1
1371 133
1
1372 58
1
1373 209
1
1374 186
1
1375 75
1
1376 3
1
1377 172
1
1378 115
1
1379 114
1
1380 145
1
1381 94
1
1382 103
1
1383 14
1
1384 159
1
1385 82
1
1386 182
1
1387 32
0
1
1388 75
0
1
1389 209
1
1390 147
1
1391 152
1
1392 68
1
1393 5
0
1
1394 224
0
1
1395 13
1
1396 175
1
1397 189
1
1398 46
1
1399 147
1
1400 112
1
1401 149
1
1402 81
1
1403 213
1
1404 18
1
1405 103
1
1406 91
1
1407 24
1
1408 29
0
1
1409 8
0
1
1410 72
1
1411 202
1
1412 98
1
1413 71
1
1414 100
1
1415 195
1
1416 165
1
1417 128
1
1418 57
1
1419 9
1
1420 86
1
1421 186
1
1422 206
0
1
1423 113
1
1424 116
1
1425 50
1
1426 140
1
1427 123
1
1428 136
1
1429 79
1
1430 9
1
1431 62
1
1432 97
1
1433 89
1
1434 63
1
1435 64
1
1436 141
1
1437 190
1
1438 148
0
1
1439 124
0
1
1440 48
1
1441 90
1
1442 172
1
1443 149
1
1444 182
1
1445 209
1
1446 174
1
1447 45
1
1448 35
1
1449 182
1
1450 219
1
1451 42
1
1452 182
0
1
1453 100
1
1454 138
1
1455 128
1
1456 175
1
1457 213
1
1458 51
1
1459 194
1
1460 207
1
1461 163
1
1462 108
1
1463 46
1
1464 117
1
1465 157
1
1466 186
1
1467 121
0
1
1468 160
1
1469 18
1
1470 127
1
1471 130
1
1472 31
1
1473 137
1
1474 18
1
1475 89
1
1476 41
1
1477 30
1
1478 203
1
1479 131
1
1480 217
1
1481 138
1
1482 67
1
1483 161
1
1484 34
1
1485 58
0
1
1486 13
1
1487 169
1
1488 5
1
1489 179
1
1490 172
1
1491 128
1
1492 147
0
1
1493 123
1
1494 90
1
1495 153
1
1496 48
0
1
1497 217
1
1498 175
1
1499 59
1
1500 25
1
1501 183
1
1502 75
1
1503 221
1
1504 180
1
1505 44
1
1506 199
1
1507 129
1
1508 214
1
1509 175
1
1510 19
1
1511 145
1
1512 35
1
1513 103
1
1514 97
1
1515 98
1
1516 107
1
1517 215
0
0
1
1518 21
1
1519 39
1
1520 64
1
1521 23
1
1522 146
1
1523 178
1
1524 47
1
1525 153
1
1526 50
0
1
1527 103
1
1528 63
1
1529 103
0
1
1530 79
1
1531 91
1
1532 214
0
1
1533 86
1
1534 26
1
1535 16
1
1536 59
0
1
1537 107
1
1538 161
1
1539 25
1
1540 52
1
1541 155
1
1542 7
1
1543 53
1
1544 22
1
1545 21
1
1546 212
1
1547 23
1
1548 215
1
1549 122
1
1550 160
1
1551 117
1
1552 72
1
1553 86
1
1554 193
1
1555 98
1
1556 163
1
1557 221
1
1558 185
1
1559 93
1
1560 129
1
1561 74
1
1562 159
0
0
0
1
1563 189
1
1564 98
1
1565 81
0
1
1566 31
1
1567 110
1
1568 83
1
1569 119
1
1570 125
1
1571 161
1
1572 210
0
1
1573 95
1
1574 194
1
1575 131
1
1576 14
1
1577 85
1
1578 92
1
1579 140
1
1580 225
1
1581 99
1
1582 89
1
1583 161
1
1584 85
1
1585 156
1
1586 64
1
1587 205
1
1588 32
0
1
1589 217
1
1590 88
1
1591 115
1
1592 38
1
1593 48
1
1594 10
1
1595 216
1
1596 26
1
1597 141
1
1598 121
1
1599 37
1
1600 67
1
1601 186
1
1602 152
1
1603 152
1
1604 96
1
1605 217
1
1606 103
1
1607 8
1
1608 39
0
1
1609 10
1
1610 19
1
1611 109
1
1612 31
1
1613 184
1
1614 63
1
1615 196
0
1
1616 117
1
1617 195
1
1618 49
1
1619 130
1
1620 203
1
1621 149
1
1622 199
1
1623 93
1
1624 196
1
1625 64
1
1626 222
1
1627 39
1
1628 134
1
1629 122
1
1630 132
1
1631 158
1
1632 125
1
1633 212
1
1634 99
1
1635 66
0
1
1636 105
1
1637 180
1
1638 196
1
1639 89
1
1640 133
1
1641 33
1
1642 186
1
1643 60
1
1644 97
1
1645 151
1
1646 40
0
1
1647 12
1
1648 33
1
1649 76
1
1650 180
1
1651 163
1
1652 74
1
1653 128
1
1654 217
0
1
1655 31
1
1656 122
1
1657 18
1
1658 131
0
1
1659 173
1
1660 61
1
1661 77
1
1662 190
0
0
1
1663 55
1
1664 94
1
1665 15
1
1666 139
1
1667 14
1
1668 135
1
1669 27
1
1670 20
1
1671 142
1
1672 111
1
1673 198
0
1
1674 192
1
1675 135
1
1676 188
1
1677 72
1
1678 59
1
1679 175
1
1680 10
1
1681 212
1
1682 144
1
1683 74
1
1684 127
0
1
1685 40
1
1686 140
1
1687 173
1
1688 6
1
1689 191
1
1690 197
1
1691 167
1
1692 190
1
1693 3
0
1
1694 74
1
1695 149
0
1
1696 129
1
1697 106
1
1698 94
1
1699 151
1
1700 104
1
1701 48
1
1702 86
1
1703 48
1
1704 94
0
1
1705 173
1
1706 55
1
1707 92
1
1708 96
1
1709 101
1
1710 13
1
1711 146
1
1712 64
1
1713 155
1
1714 215
0
0
0
1
1715 146
1
1716 64
0
1
1717 46
1
1718 126
0
1
1719 170
1
1720 96
1
1721 214
1
1722 68
1
1723 49
1
1724 103
1
1725 42
0
1
1726 148
1
1727 16
1
1728 105
1
1729 151
1
1730 179
1
1731 203
1
1732 97
1
1733 192
1
1734 144
1
1735 52
1
1736 180
0
1
1737 57
1
1738 214
0
1
1739 163
1
1740 32
1
1741 143
1
1742 110
1
1743 147
1
1744 75
0
1
1745 96
1
1746 23
1
1747 139
1
1748 216
1
1749 94
1
1750 81
1
1751 94
1
1752 225
1
1753 32
1
1754 203
1
1755 7
1
1756 50
1
1757 159
1
1758 172
1
1759 224
1
1760 167
1
1761 217
0
1
1762 104
1
1763 219
1
1764 159
1
1765 43
1
1766 85
1
1767 40
0
1
1768 109
1
1769 8
1
1770 206
0
1
1771 162
1
1772 189
1
1773 199
1
1774 217
1
1775 115
1
1776 105
1
1777 94
1
1778 96
0
1
1779 90
1
1780 160
0
1
1781 210
1
1782 176
1
1783 145
1
1784 204
1
1785 29
1
1786 213
0
1
1787 195
1
1788 195
1
1789 65
1
1790 29
1
1791 87
1
1792 31
1
1793 66
1
1794 175
1
1795 156
0
1
1796 43
1
1797 33
1
1798 139
1
1799 111
1
1800 114
0
1
1801 149
0
1
1802 71
1
1803 48
1
1804 85
1
1805 38
1
1806 127
1
1807 10
1
1808 176
1
1809 102
1
1810 157
1
1811 194
1
1812 15
1
1813 117
1
1814 190
1
1815 146
1
1816 30
1
1817 116
1
1818 5
1
1819 130
0
1
1820 48
1
1821 36
0
1
1822 225
1
1823 84
1
1824 27
1
1825 67
1
1826 192
0
1
1827 159
1
1828 156
1
1829 208
1
1830 151
1
1831 131
1
1832 66
1
1833 122
0
1
1834 8
1
1835 44
1
1836 160
0
1
1837 21
1
1838 100
1
1839 176
1
1840 75
1
1841 13
1
1842 113
1
1843 88
1
1844 69
0
1
1845 20
0
0
1
1846 185
1
1847 113
0
1
1848 159
0
1
1849 60
1
1850 46
0
1
1851 14
1
1852 160
0
1
1853 174
1
1854 123
1
1855 133
0
1
1856 175
1
1857 29
0
1
1858 70
1
1859 183
1
1860 28
1
1861 44
1
1862 119
1
1863 75
1
1864 64
1
1865 36
0
1
1866 135
1
1867 45
1
1868 221
1
1869 179
1
1870 86
1
1871 27
0
1
1872 166
1
1873 174
1
1874 67
1
1875 106
1
1876 218
1
1877 182
1
1878 31
1
1879 160
1
1880 61
0
1
1881 125
1
1882 40
1
1883 162
1
1884 213
1
1885 51
1
1886 205
1
1887 10
1
1888 76
1
1889 177
1
1890 111
1
1891 108
1
1892 151
1
1893 111
1
1894 32
1
1895 140
1
1896 178
1
1897 223
1
1898 21
1
1899 179
1
1900 123
1
1901 92
1
1902 188
0
0
0
1
1903 168
0
0
1
1904 103
0
1
1905 160
1
1906 207
1
1907 44
1
1908 101
1
1909 85
1
1910 88
1
1911 96
1
1912 125
0
1
1913 224
0
1
1914 212
1
1915 90
1
1916 75
1
1917 215
1
1918 37
1
1919 175
1
1920 103
1
1921 174
1
1922 66
1
1923 26
0
1
1924 201
1
1925 57
1
1926 97
1
1927 12
1
1928 33
1
1929 192
1
1930 73
0
1
1931 31
1
1932 185
1
1933 193
1
1934 185
1
1935 52
1
1936 153
1
1937 46
1
1938 160
1
1939 135
1
1940 5
0
0
0
1
1941 113
1
1942 11
1
1943 35
1
1944 178
1
1945 126
0
1
1946 179
1
1947 174
1
1948 107
1
1949 75
1
1950 82
0
1
1951 140
1
1952 25
1
1953 121
1
1954 127
1
1955 179
1
1956 87
0
1
1957 32
1
1958 47
1
1959 224
1
1960 193
0
0
1
1961 171
1
1962 2
0
1
1963 13
1
1964 100
1
1965 110
1
1966 222
1
1967 124
1
1968 180
1
1969 126
1
1970 35
1
1971 120
1
1972 48
1
1973 36
1
1974 30
0
1
1975 71
1
1976 143
1
1977 131
1
1978 13
1
1979 145
1
1980 39
1
1981 190
0
1
1982 158
1
1983 31
1
1984 139
1
1985 95
1
1986 192
1
1987 187
1
1988 132
0
0
1
1989 91
1
1990 67
1
1991 119
1
1992 42
1
1993 129
1
1994 32
1
1995 215
1
1996 19
1
1997 8
1
1998 69
1
1999 12
1
2000 21
1
2001 219
1
2002 113
1
2003 166
0
0
1
2004 50
1
2005 94
1
2006 48
1
2007 159
1
2008 172
1
2009 3
1
2010 71
1
2011 97
1
2012 152
1
2013 106
1
2014 55
1
2015 156
1
2016 133
1
2017 196
1
2018 190
1
2019 152
1
2020 156
1
2021 134
1
2022 14
1
2023 136
1
2024 13
1
2025 147
1
2026 216
1
2027 60
0
1
2028 85
1
2029 204
1
2030 125
0
1
2031 183
1
2032 197
1
2033 166
1
2034 29
0
1
2035 206
1
2036 180
0
1
2037 59
1
2038 15
1
2039 184
0
0
1
2040 216
1
2041 98
0
1
2042 147
1
2043 37
1
2044 222
1
2045 47
1
2046 80
1
2047 66
1
2048 15
1
2049 219
1
2050 97
1
2051 26
1
2052 114
0
1
2053 159
1
2054 89
1
2055 82
1
2056 182
0
1
2057 138
0
1
2058 24
1
2059 184
1
2060 5
1
2061 143
1
2062 186
1
2063 8
1
2064 91
1
2065 57
1
2066 61
1
2067 49
1
2068 3
0
0
1
2069 217
1
2070 38
0
1
2071 152
0
1
2072 29
1
2073 82
1
2074 95
1
2075 109
1
2076 89
1
2077 16
0
1
2078 121
1
2079 26
1
2080 192
1
2081 149
1
2082 124
1
2083 65
1
2084 96
1
2085 141
1
2086 14
0
1
2087 196
1
2088 75
1
2089 63
1
2090 34
1
2091 125
1
2092 152
1
2093 157
1
2094 163
1
2095 126
1
2096 60
1
2097 9
1
2098 42
1
2099 113
1
2100 201
1
2101 117
1
2102 181
1
2103 201
1
2104 121
1
2105 88
1
2106 145
1
2107 125
1
2108 133
1
2109 75
1
2110 191
1
2111 66
1
2112 195
0
1
2113 73
0
0
1
2114 43
1
2115 200
1
2116 71
0
1
2117 29
1
2118 107
0
1
2119 55
0
1
2120 102
0
1
2121 140
1
2122 172
1
2123 75
1
2124 150
1
2125 48
1
2126 151
1
2127 207
1
2128 90
1
2129 34
1
2130 123
1
2131 96
1
2132 92
1
2133 211
1
2134 65
1
2135 168
1
2136 133
1
2137 125
1
2138 218
1
2139 190
0
1
2140 214
1
2141 4
1
2142 40
1
2143 52
1
2144 71
0
1
2145 223
1
2146 138
0
0
1
2147 217
1
2148 171
1
2149 151
1
2150 58
1
2151 77
1
2152 137
1
2153 9
1
2154 89
0
1
2155 14
1
2156 215
0
1
2157 86
1
2158 18
1
2159 170
1
2160 96
1
2161 43
1
2162 142
1
2163 137
1
2164 118
1
2165 215
1
2166 167
1
2167 94
1
2168 174
1
2169 139
1
2170 132
1
2171 39
1
2172 202
0
1
2173 47
0
1
2174 11
1
2175 182
1
2176 193
1
2177 104
0
1
2178 134
1
2179 216
0
1
2180 190
1
2181 118
0
0
1
2182 109
1
2183 44
0
1
2184 96
1
2185 120
1
2186 21
1
2187 11
1
2188 198
0
1
2189 199
1
2190 124
1
2191 175
1
2192 5
1
2193 134
1
2194 198
1
2195 134
1
2196 215
1
2197 188
0
0
0
1
2198 125
0
1
2199 202
1
2200 129
0
1
2201 29
1
2202 85
0
1
2203 60
1
2204 187
1
2205 213
0
1
2206 219
1
2207 217
1
2208 39
0
1
2209 182
0
1
2210 118
0
1
2211 36
1
2212 126
0
1
2213 115
1
2214 29
1
2215 186
1
2216 176
0
1
2217 67
1
2218 204
1
2219 200
1
2220 96
1
2221 130
1
2222 172
0
1
2223 54
0
1
2224 224
1
2225 11
1
2226 160
1
2227 169
1
2228 131
1
2229 98
1
2230 16
1
2231 185
1
2232 133
1
2233 164
1
2234 145
1
2235 135
0
0
1
2236 72
1
2237 129
1
2238 53
1
2239 22
1
2240 216
1
2241 131
1
2242 61
1
2243 200
1
2244 123
1
2245 159
1
2246 33
1
2247 31
0
0
1
2248 10
1
2249 195
1
2250 106
1
2251 193
0
0
1
2252 60
1
2253 215
1
2254 95
1
2255 86
1
2256 45
1
2257 70
1
2258 144
1
2259 159
1
2260 156
1
2261 100
0
1
2262 106
1
2263 130
1
2264 9
0
1
2265 162
1
2266 205
1
2267 192
1
2268 193
1
2269 156
1
2270 166
1
2271 68
1
2272 209
1
2273 127
1
2274 45
1
2275 29
1
2276 149
0
0
1
2277 217
0
1
2278 113
1
2279 88
0
1
2280 98
0
1
2281 137
0
1
2282 143
0
1
2283 213
1
2284 217
1
2285 119
1
2286 85
0
1
2287 108
1
2288 201
1
2289 32
1
2290 5
1
2291 82
1
2292 110
1
2293 161
1
2294 178
1
2295 67
0
1
2296 75
0
1
2297 217
1
2298 176
1
2299 66
0
1
2300 111
1
2301 91
1
2302 54
1
2303 7
1
2304 122
1
2305 81
1
2306 149
1
2307 124
0
1
2308 100
1
2309 3
1
2310 165
1
2311 195
1
2312 112
1
2313 94
1
2314 166
1
2315 177
1
2316 122
1
2317 225
1
2318 158
1
2319 205
1
2320 48
1
2321 205
0
1
2322 172
1
2323 43
1
2324 212
1
2325 32
1
2326 89
1
2327 153
1
2328 187
0
1
2329 25
1
2330 143
0
1
2331 11
1
2332 36
1
2333 53
1
2334 187
1
2335 23
1
2336 131
1
2337 64
1
2338 133
1
2339 41
1
2340 163
0
0
1
2341 96
1
2342 95
1
2343 223
0
1
2344 211
1
2345 42
0
1
2346 195
1
2347 53
1
2348 127
1
2349 14
1
2350 76
1
2351 116
1
2352 140
1
2353 221
1
2354 16
1
2355 163
1
2356 186
1
2357 2
1
2358 140
1
2359 95
1
2360 105
1
2361 179
0
1
2362 135
1
2363 2
1
2364 137
1
2365 205
0
1
2366 225
0
1
2367 161
1
2368 163
1
2369 187
1
2370 200
1
2371 197
1
2372 27
0
1
2373 203
0
1
2374 23
1
2375 212
0
0
1
2376 74
1
2377 123
0
1
2378 178
1
2379 225
0
1
2380 39
1
2381 22
0
1
2382 21
1
2383 156
1
2384 82
1
2385 127
1
2386 167
1
2387 81
1
2388 153
1
2389 125
1
2390 214
0
1
2391 178
1
2392 21
1
2393 157
1
2394 146
1
2395 23
1
2396 4
1
2397 170
1
2398 151
0
1
2399 63
0
0
1
2400 196
0
1
2401 177
0
1
2402 198
1
2403 17
1
2404 195
0
1
2405 218
0
1
2406 42
1
2407 63
0
1
2408 197
0
1
2409 206
1
2410 36
1
2411 193
1
2412 163
1
2413 127
0
1
2414 99
0
1
2415 222
1
2416 103
0
0
1
2417 168
1
2418 51
1
2419 222
0
0
0
1
2420 65
0
1
2421 74
1
2422 46
1
2423 97
1
2424 30
1
2425 95
1
2426 122
1
2427 95
0
1
2428 135
1
2429 104
0
1
2430 33
1
2431 132
1
2432 12
1
2433 198
1
2434 125
1
2435 125
0
1
2436 133
1
2437 195
1
2438 25
1
2439 67
1
2440 63
1
2441 66
1
2442 213
1
2443 140
1
2444 177
1
2445 23
0
1
2446 110
0
1
2447 146
1
2448 169
1
2449 21
0
1
2450 102
1
2451 208
1
2452 123
0
0
1
2453 20
0
1
2454 115
0
1
2455 179
0
1
2456 14
1
2457 131
1
2458 185
1
2459 127
1
2460 149
1
2461 155
1
2462 71
0
1
2463 172
1
2464 181
1
2465 110
1
2466 57
1
2467 95
0
0
1
2468 168
0
1
2469 172
1
2470 198
1
2471 172
1
2472 59
1
2473 23
1
2474 105
1
2475 33
1
2476 193
1
2477 39
1
2478 197
1
2479 161
1
2480 53
1
2481 158
0
1
2482 192
0
1
2483 93
1
2484 108
1
2485 50
1
2486 156
0
1
2487 99
1
2488 137
1
2489 216
1
2490 57
1
2491 7
1
2492 86
0
1
2493 98
1
2494 35
0
1
2495 61
1
2496 61
1
2497 98
1
2498 148
0
1
2499 172
1
2500 29
1
2501 141
1
2502 126
0
1
2503 187
1
2504 3
1
2505 2
1
2506 54
0
1
2507 63
1
2508 107
1
2509 86
1
2510 49
1
2511 54
1
2512 36
1
2513 79
0
1
2514 210
1
2515 20
0
0
1
2516 216
1
2517 128
1
2518 11
1
2519 127
1
2520 185
1
2521 198
1
2522 180
1
2523 95
0
0
1
2524 108
1
2525 202
0
1
2526 21
1
2527 140
0
1
2528 204
1
2529 175
1
2530 219
1
2531 73
1
2532 224
0
0
1
2533 211
1
2534 63
1
2535 17
0
1
2536 7
1
2537 155
0
1
2538 179
0
1
2539 167
1
2540 124
1
2541 30
0
0
0
1
2542 121
1
2543 69
1
2544 194
0
1
2545 151
0
1
2546 18
1
2547 97
1
2548 126
1
2549 15
1
2550 67
1
2551 70
0
0
1
2552 207
0
1
2553 50
1
2554 18
1
2555 150
1
2556 136
1
2557 145
1
2558 68
1
2559 28
1
2560 138
1
2561 130
1
2562 209
1
2563 143
1
2564 195
1
2565 3
1
2566 8
1
2567 225
0
1
2568 140
1
2569 31
1
2570 116
1
2571 59
1
2572 19
1
2573 154
1
2574 66
1
2575 46
1
2576 172
1
2577 113
1
2578 224
1
2579 69
1
2580 161
1
2581 31
1
2582 132
1
2583 56
1
2584 48
1
2585 121
1
2586 178
1
2587 59
1
2588 145
1
2589 96
1
2590 119
1
2591 220
1
2592 197
0
1
2593 94
1
2594 66
1
2595 70
1
2596 116
0
1
2597 95
1
2598 124
1
2599 90
1
2600 83
1
2601 89
1
2602 199
1
2603 172
0
1
2604 97
0
1
2605 174
1
2606 150
1
2607 152
1
2608 16
1
2609 215
1
2610 28
0
1
2611 41
0
1
2612 36
1
2613 95
1
2614 32
0
1
2615 72
1
2616 109
0
1
2617 118
1
2618 106
1
2619 130
1
2620 51
1
2621 184
0
1
2622 217
0
1
2623 210
1
2624 189
0
0
1
2625 81
1
2626 37
1
2627 201
1
2628 195
1
2629 38
1
2630 193
1
2631 124
0
0
1
2632 114
1
2633 30
1
2634 88
1
2635 94
1
2636 95
0
1
2637 21
1
2638 66
1
2639 49
1
2640 55
1
2641 93
0
0
0
1
2642 213
1
2643 183
0
1
2644 172
1
2645 127
1
2646 135
1
2647 30
1
2648 20
1
2649 189
1
2650 206
1
2651 158
0
1
2652 28
0
1
2653 119
1
2654 97
1
2655 80
1
2656 201
1
2657 193
1
2658 200
1
2659 115
1
2660 189
1
2661 110
1
2662 176
1
2663 22
1
2664 159
1
2665 156
0
1
2666 163
1
2667 46
0
1
2668 88
1
2669 195
1
2670 211
1
2671 178
1
2672 10
0
1
2673 145
0
1
2674 79
1
2675 79
1
2676 179
1
2677 82
1
2678 70
1
2679 3
1
2680 75
1
2681 171
1
2682 133
1
2683 82
1
2684 16
0
1
2685 67
1
2686 4
1
2687 177
1
2688 161
1
2689 31
1
2690 69
1
2691 11
0
0
1
2692 26
1
2693 105
0
1
2694 50
1
2695 189
1
2696 97
1
2697 196
0
1
2698 173
1
2699 208
1
2700 3
1
2701 125
1
2702 150
1
2703 141
1
2704 156
0
1
2705 59
1
2706 127
0
1
2707 52
1
2708 149
1
2709 3
1
2710 158
1
2711 116
1
2712 12
0
1
2713 152
0
0
1
2714 193
0
1
2715 95
1
2716 126
1
2717 136
1
2718 163
1
2719 80
1
2720 41
1
2721 114
1
2722 151
0
1
2723 144
1
2724 84
1
2725 2
1
2726 140
1
2727 202
0
1
2728 131
1
2729 4
1
2730 50
1
2731 42
0
1
2732 15
1
2733 84
0
0
1
2734 56
1
2735 124
0
1
2736 184
0
0
0
1
2737 172
1
2738 32
1
2739 86
1
2740 191
1
2741 9
0
1
2742 46
1
2743 147
1
2744 161
1
2745 118
0
1
2746 195
1
2747 90
0
1
2748 211
1
2749 82
0
1
2750 216
0
1
2751 55
1
2752 72
1
2753 53
0
1
2754 21
1
2755 125
1
2756 148
0
0
0
1
2757 94
1
2758 108
1
2759 81
0
0
0
0
1
2760 73
0
0
1
2761 217
0
1
2762 18
0
0
1
2763 106
0
1
2764 213
1
2765 99
1
2766 25
1
2767 190
0
1
2768 120
1
2769 90
1
2770 28
1
2771 193
0
1
2772 188
1
2773 90
0
1
2774 218
1
2775 70
0
1
2776 155
1
2777 76
1
2778 48
0
1
2779 190
1
2780 155
0
1
2781 26
0
1
2782 113
1
2783 54
1
2784 92
1
2785 116
1
2786 90
1
2787 44
0
0
1
2788 100
1
2789 189
0
1
2790 203
1
2791 159
0
1
2792 32
0
1
2793 151
1
2794 193
1
2795 106
1
2796 6
1
2797 223
1
2798 223
1
2799 57
0
1
2800 56
1
2801 206
0
1
2802 141
1
2803 170
0
0
1
2804 41
0
0
0
0
1
2805 44
1
2806 130
1
2807 55
1
2808 130
1
2809 35
1
2810 161
0
0
1
2811 68
1
2812 57
1
2813 187
1
2814 82
1
2815 21
1
2816 209
1
2817 219
1
2818 67
1
2819 32
1
2820 172
1
2821 28
1
2822 87
1
2823 29
0
1
2824 128
0
1
2825 23
1
2826 79
1
2827 85
0
0
1
2828 69
1
2829 203
1
2830 69
0
1
2831 91
1
2832 201
0
1
2833 25
0
1
2834 205
1
2835 141
0
0
1
2836 166
1
2837 114
1
2838 202
1
2839 179
1
2840 218
0
0
1
2841 2
1
2842 222
1
2843 154
0
0
1
2844 92
1
2845 217
1
2846 18
1
2847 3
0
1
2848 164
1
2849 62
1
2850 32
1
2851 81
0
0
0
1
2852 215
0
1
2853 76
1
2854 138
1
2855 198
0
0
0
1
2856 106
1
2857 113
1
2858 42
1
2859 2
1
2860 212
1
2861 29
1
2862 220
0
1
2863 97
0
1
2864 206
0
1
2865 186
0
1
2866 53
1
2867 65
1
2868 12
0
1
2869 170
0
1
2870 121
1
2871 74
1
2872 127
0
1
2873 111
0
0
1
2874 127
0
1
2875 224
0
1
2876 198
1
2877 31
1
2878 220
0
0
1
2879 221
0
0
1
2880 37
1
2881 176
0
1
2882 200
1
2883 142
1
2884 130
0
1
2885 99
1
2886 31
0
1
2887 69
1
2888 78
1
2889 107
0
0
1
2890 109
1
2891 167
0
0
0
1
2892 38
1
2893 41
1
2894 83
1
2895 102
0
1
2896 224
1
2897 137
0
0
1
2898 172
1
2899 118
1
2900 4
0
1
2901 128
1
2902 44
1
2903 15
1
2904 28
1
2905 180
1
2906 23
0
0
1
2907 103
0
0
0
1
2908 110
0
1
2909 94
1
2910 96
1
2911 28
1
2912 149
1
2913 136
1
2914 179
1
2915 21
1
2916 187
1
2917 195
1
2918 19
0
1
2919 61
1
2920 66
1
2921 42
1
2922 85
1
2923 205
1
2924 96
1
2925 167
0
1
2926 148
1
2927 80
1
2928 180
1
2929 99
1
2930 107
0
1
2931 32
1
2932 201
0
1
2933 3
1
2934 181
1
2935 176
1
2936 75
1
2937 43
1
2938 167
1
2939 99
1
2940 72
1
2941 47
1
2942 218
1
2943 19
1
2944 82
1
2945 83
1
2946 144
1
2947 161
1
2948 149
1
2949 22
1
2950 96
0
1
2951 74
1
2952 71
1
2953 30
1
2954 219
1
2955 186
0
1
2956 21
1
2957 141
0
1
2958 11
1
2959 123
1
2960 124
0
1
2961 194
0
0
1
2962 66
1
2963 20
0
1
2964 21
1
2965 40
1
2966 206
0
0
0
1
2967 202
1
2968 3
1
2969 119
0
1
2970 196
0
1
2971 25
1
2972 60
0
1
2973 161
1
2974 71
1
2975 83
1
2976 200
1
2977 44
1
2978 138
1
2979 90
1
2980 215
1
2981 57
1
2982 132
0
1
2983 90
1
2984 217
1
2985 191
1
2986 9
0
0
0
1
2987 156
1
2988 154
0
1
2989 194
0
0
1
2990 211
1
2991 46
0
1
2992 209
0
1
2993 114
0
1
2994 116
1
2995 59
1
2996 15
1
2997 149
1
2998 175
1
2999 25
0
1
3000 155
1
3001 56
1
3002 93
1
3003 156
1
3004 203
1
3005 52
0
0
1
3006 17
1
3007 41
1
3008 105
1
3009 155
0
0
0
1
3010 186
1
3011 109
1
3012 183
1
3013 93
0
1
3014 123
0
1
3015 152
1
3016 187
1
3017 139
1
3018 128
0
1
3019 225
1
3020 206
0
1
3021 188
0
1
3022 28
1
3023 155
1
3024 138
0
1
3025 130
0
1
3026 200
1
3027 38
0
1
3028 209
1
3029 132
0
1
3030 184
0
0
1
3031 185
1
3032 171
1
3033 72
0
0
1
3034 13
1
3035 9
1
3036 164
1
3037 96
1
3038 100
1
3039 188
0
0
1
3040 121
0
1
3041 69
0
1
3042 6
1
3043 146
1
3044 130
0
0
1
3045 168
0
1
3046 223
0
1
3047 47
1
3048 92
0
1
3049 60
1
3050 28
1
3051 125
0
1
3052 131
1
3053 46
0
0
0
1
3054 203
1
3055 192
1
3056 114
0
1
3057 3
1
3058 181
1
3059 120
1
3060 81
1
3061 97
0
1
3062 11
0
0
0
1
3063 88
1
3064 158
1
3065 172
0
1
3066 217
1
3067 100
1
3068 125
1
3069 186
0
1
3070 129
1
3071 74
0
0
1
3072 162
1
3073 48
0
1
3074 77
1
3075 37
1
3076 68
1
3077 142
1
3078 30
1
3079 53
0
0
0
1
3080 187
1
3081 87
1
3082 56
0
0
1
3083 62
0
1
3084 19
0
1
3085 66
1
3086 167
1
3087 6
1
3088 217
1
3089 170
1
3090 174
1
3091 160
1
3092 98
1
3093 181
1
3094 32
1
3095 166
1
3096 47
1
3097 79
1
3098 144
1
3099 108
1
3100 38
1
3101 101
1
3102 163
0
1
3103 47
1
3104 88
0
1
3105 208
1
3106 35
0
0
1
3107 166
0
1
3108 27
0
1
3109 135
0
0
1
3110 46
1
3111 201
1
3112 29
1
3113 121
1
3114 136
1
3115 210
0
0
0
1
3116 87
0
1
3117 99
1
3118 62
0
0
1
3119 157
1
3120 192
0
0
1
3121 81
0
1
3122 8
1
3123 202
1
3124 45
1
3125 92
1
3126 148
0
1
3127 171
1
3128 35
0
1
3129 161
1
3130 115
1
3131 216
0
1
3132 126
1
3133 29
1
3134 207
0
1
3135 101
0
0
1
3136 14
1
3137 48
1
3138 119
1
3139 191
1
3140 88
0
0
1
3141 28
0
1
3142 33
1
3143 94
1
3144 187
0
1
3145 127
1
3146 43
1
3147 142
1
3148 58
0
0
1
3149 45
1
3150 126
0
1
3151 92
1
3152 217
1
3153 173
1
3154 105
1
3155 60
1
3156 58
1
3157 60
1
3158 37
1
3159 76
1
3160 172
0
1
3161 45
0
1
3162 47
0
1
3163 161
0
1
3164 133
1
3165 81
0
1
3166 62
1
3167 83
0
1
3168 183
0
1
3169 106
0
0
1
3170 203
1
3171 179
1
3172 97
1
3173 130
0
0
0
1
3174 186
1
3175 111
0
0
0
0
0
1
3176 74
1
3177 103
1
3178 154
1
3179 172
1
3180 177
1
3181 127
1
3182 66
0
1
3183 137
1
3184 88
1
3185 179
0
1
3186 74
1
3187 121
1
3188 209
1
3189 134
1
3190 177
1
3191 171
0
1
3192 45
1
3193 79
1
3194 79
0
0
1
3195 157
1
3196 152
1
3197 143
1
3198 95
1
3199 51
1
3200 163
1
3201 139
0
0
1
3202 73
1
3203 208
0
0
0
1
3204 152
1
3205 124
1
3206 12
0
0
1
3207 75
0
1
3208 172
1
3209 178
1
3210 29
1
3211 69
1
3212 123
1
3213 138
0
1
3214 223
1
3215 206
1
3216 23
1
3217 198
1
3218 182
0
0
1
3219 117
0
1
3220 98
0
0
1
3221 97
0
0
1
3222 197
0
1
3223 21
1
3224 171
0
1
3225 55
0
0
0
1
3226 27
1
3227 150
1
3228 74
0
0
0
1
3229 213
1
3230 95
0
1
3231 205
0
0
1
3232 167
0
0
1
3233 64
1
3234 63
1
3235 69
0
1
3236 96
1
3237 25
0
0
0
0
1
3238 192
1
3239 167
0
1
3240 23
1
3241 34
1
3242 33
0
1
3243 50
1
3244 2
1
3245 193
1
3246 17
1
3247 103
1
3248 127
0
1
3249 71
0
0
0
0
0
1
3250 22
1
3251 64
1
3252 137
1
3253 193
0
0
0
1
3254 216
0
0
0
1
3255 65
0
1
3256 178
1
3257 70
0
0
1
3258 54
0
1
3259 193
1
3260 40
1
3261 53
1
3262 181
1
3263 180
0
1
3264 163
1
3265 179
1
3266 222
1
3267 125
0
0
1
3268 176
1
3269 142
0
1
3270 58
1
3271 12
0
1
3272 125
0
1
3273 35
0
0
0
1
3274 67
1
3275 139
1
3276 208
1
3277 96
1
3278 149
1
3279 148
0
1
3280 108
1
3281 144
1
3282 119
0
1
3283 184
0
0
1
3284 222
0
0
1
3285 195
1
3286 84
1
3287 82
0
1
3288 122
1
3289 117
0
0
0
0
0
1
3290 12
0
1
3291 145
1
3292 109
1
3293 28
1
3294 117
1
3295 216
0
0
1
3296 77
1
3297 109
0
0
1
3298 220
0
0
0
0
1
3299 6
0
1
3300 108
0
0
0
0
0
0
1
3301 54
1
3302 89
0
0
0
1
3303 54
0
0
1
3304 125
0
0
0
1
3305 59
0
1
3306 207
0
1
3307 8
0
0
1
3308 36
0
0
1
3309 30
0
0
0
1
3310 153
1
3311 45
1
3312 29
1
3313 191
1
3314 191
1
3315 13
1
3316 66
0
0
0
1
3317 112
1
3318 81
1
3319 210
0
0
0
0
1
3320 75
1
3321 204
1
3322 37
1
3323 85
0
1
3324 51
1
3325 32
1
3326 27
0
1
3327 223
1
3328 161
1
3329 24
1
3330 21
1
3331 31
0
1
3332 212
1
3333 38
1
3334 82
0
1
3335 27
1
3336 73
1
3337 39
1
3338 26
1
3339 146
1
3340 107
1
3341 185
1
3342 38
0
1
3343 38
0
1
3344 59
1
3345 3
0
1
3346 110
1
3347 11
0
1
3348 95
1
3349 19
1
3350 38
1
3351 156
1
3352 94
1
3353 64
1
3354 156
1
3355 89
0
1
3356 102
1
3357 176
1
3358 91
1
3359 13
0
0
0
1
3360 134
0
0
1
3361 171
0
1
3362 86
1
3363 117
1
3364 151
1
3365 210
0
0
1
3366 85
0
0
0
0
0
0
1
3367 67
0
0
1
3368 100
0
1
3369 27
0
1
3370 80
0
1
3371 200
1
3372 21
1
3373 68
1
3374 153
1
3375 202
1
3376 98
1
3377 105
1
3378 221
0
0
0
1
3379 222
1
3380 61
1
3381 111
0
1
3382 168
1
3383 168
0
1
3384 151
0
1
3385 3
1
3386 63
1
3387 222
0
1
3388 75
1
3389 5
0
1
3390 223
0
1
3391 154
1
3392 78
0
1
3393 23
1
3394 96
1
3395 171
1
3396 39
0
1
3397 111
1
3398 134
1
3399 168
1
3400 142
0
0
1
3401 43
0
0
0
0
0
1
3402 217
1
3403 36
0
1
3404 151
1
3405 142
0
1
3406 80
0
1
3407 166
1
3408 145
0
0
1
3409 95
1
3410 186
1
3411 53
1
3412 68
1
3413 18
0
1
3414 131
1
3415 173
0
1
3416 45
1
3417 172
0
1
3418 70
0
1
3419 165
1
3420 11
1
3421 2
0
0
1
3422 112
1
3423 179
0
1
3424 156
0
1
3425 25
0
0
0
1
3426 183
0
0
0
1
3427 184
0
0
1
3428 99
1
3429 20
0
1
3430 89
1
3431 156
0
0
0
1
3432 16
1
3433 224
0
1
3434 215
1
3435 156
1
3436 72
0
0
1
3437 131
1
3438 149
1
3439 10
1
3440 217
0
1
3441 43
1
3442 84
1
3443 115
1
3444 88
0
0
1
3445 140
1
3446 180
1
3447 74
1
3448 25
1
3449 146
1
3450 9
0
1
3451 3
0
1
3452 195
0
1
3453 49
0
0
1
3454 17
0
0
0
0
1
3455 22
1
3456 4
1
3457 31
0
0
1
3458 26
0
1
3459 21
0
0
1
3460 37
1
3461 112
0
1
3462 161
1
3463 196
1
3464 98
0
1
3465 126
0
0
1
3466 186
0
1
3467 76
1
3468 221
0
1
3469 155
1
3470 164
1
3471 129
1
3472 212
0
1
3473 224
1
3474 146
0
1
3475 19
0
1
3476 60
0
1
3477 170
0
0
1
3478 149
0
0
1
3479 133
0
1
3480 77
0
0
1
3481 85
1
3482 43
1
3483 160
1
3484 178
0
0
0
1
3485 34
1
3486 56
0
1
3487 222
1
3488 96
1
3489 212
1
3490 148
0
1
3491 194
0
1
3492 187
0
0
0
1
3493 110
1
3494 159
1
3495 125
1
3496 90
1
3497 168
0
0
0
0
1
3498 130
1
3499 58
0
0
0
1
3500 20
1
3501 146
0
0
1
3502 140
1
3503 81
1
3504 158
1
3505 208
0
1
3506 146
1
3507 125
0
1
3508 120
1
3509 8
1
3510 170
0
1
3511 32
1
3512 31
0
1
3513 156
1
3514 118
1
3515 87
1
3516 129
1
3517 94
1
3518 67
0
0
0
0
0
0
1
3519 153
1
3520 196
1
3521 186
0
1
3522 29
1
3523 60
1
3524 73
0
0
0
0
1
3525 44
0
1
3526 105
1
3527 144
1
3528 217
1
3529 216
1
3530 225
0
1
3531 3
0
0
0
1
3532 120
0
0
0
1
3533 181
1
3534 103
0
0
1
3535 51
1
3536 33
1
3537 184
1
3538 217
0
1
3539 211
1
3540 151
0
1
3541 138
0
0
0
0
1
3542 40
1
3543 197
1
3544 213
1
3545 63
0
0
1
3546 174
1
3547 219
0
1
3548 155
1
3549 163
0
1
3550 160
1
3551 81
1
3552 71
1
3553 205
0
0
1
3554 34
0
1
3555 95
1
3556 56
1
3557 52
1
3558 111
0
1
3559 61
0
1
3560 153
0
1
3561 144
0
0
0
0
1
3562 109
0
0
0
0
0
1
3563 9
0
1
3564 32
1
3565 209
1
3566 202
1
3567 217
0
1
3568 71
1
3569 85
1
3570 7
0
1
3571 189
0
0
1
3572 88
1
3573 143
0
0
1
3574 124
1
3575 197
0
1
3576 150
1
3577 144
1
3578 107
1
3579 136
0
0
0
1
3580 28
0
1
3581 201
0
0
1
3582 36
0
1
3583 77
0
1
3584 72
1
3585 84
0
1
3586 11
0
0
1
3587 54
1
3588 131
0
1
3589 218
1
3590 100
1
3591 27
0
1
3592 74
0
1
3593 216
0
1
3594 115
0
1
3595 55
0
0
1
3596 103
0
0
0
1
3597 47
1
3598 106
0
1
3599 208
1
3600 82
0
1
3601 80
1
3602 101
0
1
3603 72
1
3604 177
1
3605 151
0
1
3606 199
1
3607 169
1
3608 97
1
3609 8
1
3610 208
0
0
1
3611 149
0
0
0
1
3612 37
1
3613 175
1
3614 62
0
0
0
0
1
3615 88
0
1
3616 151
0
0
1
3617 75
1
3618 159
1
3619 91
0
1
3620 95
0
1
3621 195
1
3622 84
1
3623 166
1
3624 134
1
3625 103
0
1
3626 2
1
3627 131
0
1
3628 194
1
3629 101
1
3630 206
1
3631 109
1
3632 20
0
1
3633 149
1
3634 77
0
0
1
3635 217
1
3636 75
0
0
1
3637 89
1
3638 102
0
0
1
3639 105
1
3640 168
0
1
3641 107
0
1
3642 22
0
0
1
3643 169
0
0
1
3644 6
1
3645 169
0
0
1
3646 87
1
3647 81
0
0
0
1
3648 9
0
0
0
0
0
0
1
3649 155
1
3650 144
0
0
1
3651 90
0
1
3652 4
1
3653 148
1
3654 31
1
3655 103
0
1
3656 221
0
1
3657 6
1
3658 156
0
0
0
0
1
3659 149
1
3660 47
1
3661 97
1
3662 158
1
3663 92
1
3664 36
1
3665 169
1
3666 188
1
3667 112
0
0
1
3668 27
1
3669 92
1
3670 214
0
1
3671 99
1
3672 118
1
3673 56
0
0
1
3674 127
1
3675 88
1
3676 196
1
3677 219
0
1
3678 84
1
3679 79
0
1
3680 101
0
0
1
3681 19
1
3682 81
0
1
3683 37
1
3684 94
1
3685 165
0
1
3686 30
1
3687 206
1
3688 180
0
1
3689 5
0
1
3690 130
1
3691 100
0
0
0
1
3692 17
1
3693 161
1
3694 116
0
0
0
0
1
3695 156
1
3696 52
0
0
0
0
1
3697 180
1
3698 186
0
0
0
0
0
1
3699 128
0
0
0
1
3700 63
0
0
0
0
0
1
3701 135
1
3702 43
0
1
3703 214
1
3704 32
0
1
3705 15
0
0
1
3706 129
0
1
3707 90
0
1
3708 160
1
3709 64
0
0
1
3710 113
0
0
0
0
1
3711 51
0
0
1
3712 32
1
3713 215
0
0
0
1
3714 81
0
1
3715 142
0
1
3716 14
0
0
0
1
3717 143
0
0
0
0
1
3718 37
1
3719 101
1
3720 92
1
3721 73
1
3722 67
1
3723 78
1
3724 96
1
3725 220
0
1
3726 10
0
0
0
1
3727 145
1
3728 134
1
3729 136
1
3730 32
0
1
3731 223
1
3732 32
0
0
1
3733 113
0
1
3734 79
1
3735 32
0
1
3736 67
1
3737 101
1
3738 157
0
0
1
3739 176
0
0
1
3740 125
0
1
3741 85
0
1
3742 124
1
3743 176
1
3744 49
0
0
1
3745 168
0
0
0
1
3746 4
0
0
1
3747 65
1
3748 103
0
0
1
3749 12
0
1
3750 130
1
3751 79
0
1
3752 157
0
0
0
1
3753 48
0
1
3754 17
0
1
3755 62
1
3756 75
0
1
3757 126
0
0
1
3758 21
0
0
0
0
1
3759 79
1
3760 136
0
0
1
3761 73
0
0
1
3762 58
1
3763 222
0
1
3764 202
0
1
3765 195
0
1
3766 177
1
3767 68
0
1
3768 155
0
0
0
1
3769 149
1
3770 77
1
3771 75
1
3772 201
0
1
3773 44
0
0
1
3774 103
0
1
3775 10
0
0
1
3776 157
0
1
3777 221
0
0
1
3778 71
0
0
0
1
3779 210
0
0
0
0
1
3780 100
0
0
1
3781 98
1
3782 222
0
0
0
1
3783 162
1
3784 61
1
3785 125
0
0
0
0
1
3786 30
1
3787 102
1
3788 126
1
3789 69
1
3790 95
0
1
3791 63
0
1
3792 199
0
0
0
1
3793 162
1
3794 130
0
0
0
0
1
3795 103
0
1
3796 101
0
0
1
3797 107
1
3798 93
0
0
0
1
3799 74
0
0
0
0
1
3800 103
0
0
0
0
1
3801 22
1
3802 131
0
1
3803 174
1
3804 195
1
3805 61
0
1
3806 95
0
1
3807 165
1
3808 44
0
1
3809 44
1
3810 163
1
3811 66
0
1
3812 129
1
3813 208
0
0
0
1
3814 141
1
3815 140
0
0
1
3816 186
0
0
0
1
3817 33
0
0
0
0
0
1
3818 21
0
1
3819 95
1
3820 215
0
1
3821 111
0
1
3822 115
0
0
1
3823 37
1
3824 201
1
3825 92
0
1
3826 151
0
0
0
1
3827 147
0
0
0
1
3828 6
0
0
1
3829 148
1
3830 33
1
3831 21
1
3832 59
0
0
0
0
1
3833 160
0
0
1
3834 75
1
3835 75
0
0
0
0
1
3836 116
0
1
3837 143
0
0
0
0
1
3838 67
1
3839 12
1
3840 149
1
3841 56
0
0
0
0
1
3842 80
1
3843 92
0
0
0
0
1
3844 201
1
3845 104
1
3846 22
1
3847 60
0
1
3848 121
0
1
3849 217
0
0
1
3850 122
0
1
3851 148
1
3852 57
0
1
3853 203
0
0
0
0
0
1
3854 126
1
3855 170
1
3856 31
0
1
3857 218
0
1
3858 88
0
1
3859 46
0
1
3860 209
0
1
3861 218
0
0
0
1
3862 75
1
3863 158
1
3864 96
0
0
0
0
0
0
0
0
1
3865 79
0
1
3866 115
0
0
0
0
0
1
3867 88
1
3868 54
1
3869 29
0
1
3870 92
0
0
0
0
1
3871 37
0
0
0
0
1
3872 20
0
0
0
1
3873 201
1
3874 78
1
3875 86
1
3876 136
1
3877 141
0
0
1
3878 115
0
1
3879 150
1
3880 21
0
1
3881 102
0
1
3882 161
1
3883 129
0
1
3884 74
0
1
3885 176
0
0
1
3886 217
0
0
0
0
1
3887 116
1
3888 148
0
1
3889 79
0
1
3890 73
0
1
3891 24
1
3892 137
0
1
3893 40
0
1
3894 57
1
3895 80
0
1
3896 210
0
1
3897 43
1
3898 56
0
0
0
0
1
3899 187
1
3900 15
0
1
3901 34
1
3902 161
0
1
3903 80
1
3904 41
0
0
0
1
3905 152
0
1
3906 31
1
3907 25
0
0
0
0
1
3908 21
0
0
1
3909 32
1
3910 106
1
3911 144
0
1
3912 207
0
1
3913 119
1
3914 98
0
0
0
1
3915 125
0
0
0
1
3916 29
1
3917 213
1
3918 42
1
3919 94
0
1
3920 124
0
1
3921 36
0
1
3922 63
1
3923 72
1
3924 224
1
3925 120
0
1
3926 10
1
3927 196
1
3928 4
0
1
3929 130
1
3930 163
0
0
0
1
3931 97
0
0
0
0
0
1
3932 198
1
3933 26
0
0
0
1
3934 182
0
0
0
1
3935 146
0
0
1
3936 177
0
1
3937 154
0
0
0
0
1
3938 127
1
3939 159
1
3940 62
0
1
3941 193
0
0
0
0
0
0
0
0
0
0
1
3942 112
0
0
0
0
0
0
1
3943 105
0
0
0
1
3944 80
0
0
0
0
1
3945 163
0
1
3946 219
1
3947 186
1
3948 110
0
0
1
3949 134
1
3950 59
1
3951 159
0
0
1
3952 187
1
3953 199
0
0
0
0
0
1
3954 208
0
0
1
3955 188
0
1
3956 125
0
1
3957 191
0
0
1
3958 21
0
1
3959 68
1
3960 102
0
0
1
3961 4
1
3962 139
0
1
3963 103
0
0
0
1
3964 92
0
1
3965 76
0
0
0
1
3966 56
0
1
3967 192
0
1
3968 173
1
3969 23
1
3970 61
0
0
1
3971 63
0
0
1
3972 71
1
3973 68
1
3974 195
1
3975 130
1
3976 197
1
3977 62
1
3978 89
0
0
0
0
1
3979 92
0
0
0
0
1
3980 53
1
3981 105
0
0
0
1
3982 216
0
0
0
0
1
3983 33
1
3984 198
0
1
3985 19
1
3986 196
0
0
0
0
0
1
3987 107
1
3988 141
1
3989 90
1
3990 107
0
1
3991 116
0
0
1
3992 95
1
3993 224
1
3994 194
1
3995 162
0
1
3996 92
1
3997 119
1
3998 27
0
0
1
3999 107
0
0
0
1
4000 179
0
0
0
0
0
1
4001 102
0
0
0
0
0
1
4002 221
0
0
0
0
1
4003 112
0
0
1
4004 208
0
0
0
1
4005 171
1
4006 161
0
0
0
0
0
1
4007 166
1
4008 100
0
0
0
0
0
0
1
4009 216
1
4010 71
1
4011 53
0
0
1
4012 154
1
4013 212
0
1
4014 224
1
4015 109
1
4016 111
1
4017 153
1
4018 35
0
0
0
1
4019 141
0
1
4020 186
0
1
4021 132
0
1
4022 145
0
1
4023 13
0
1
4024 134
0
1
4025 145
0
0
0
1
4026 78
0
0
1
4027 59
1
4028 28
0
0
1
4029 178
1
4030 21
0
0
0
1
4031 223
1
4032 210
0
0
0
1
4033 92
1
4034 93
0
0
0
0
1
4035 192
0
0
0
1
4036 208
1
4037 102
0
0
0
1
4038 92
1
4039 144
0
1
4040 147
0
1
4041 180
1
4042 166
0
0
0
0
0
0
0
1
4043 88
0
1
4044 175
1
4045 133
0
0
1
4046 137
0
1
4047 76
0
1
4048 10
0
0
1
4049 94
0
0
0
1
4050 156
0
1
4051 98
0
0
0
1
4052 113
0
1
4053 11
1
4054 93
1
4055 48
0
1
4056 137
1
4057 8
0
0
1
4058 22
1
4059 48
1
4060 86
0
0
1
4061 183
1
4062 98
0
1
4063 54
0
0
1
4064 54
1
4065 76
0
1
4066 50
0
0
0
0
0
1
4067 87
0
0
0
1
4068 150
0
1
4069 212
0
0
1
4070 203
1
4071 9
1
4072 64
1
4073 81
0
0
1
4074 2
0
1
4075 185
0
0
0
0
0
0
0
1
4076 20
0
0
1
4077 98
1
4078 97
0
0
0
0
1
4079 158
0
0
0
0
0
1
4080 95
1
4081 135
0
1
4082 149
0
0
0
0
1
4083 160
0
0
0
0
0
0
0
1
4084 158
1
4085 194
0
0
0
0
0
0
1
4086 169
0
1
4087 60
1
4088 36
0
0
0
1
4089 120
0
1
4090 67
0
1
4091 113
0
0
0
0
0
0
0
0
0
0
1
4092 196
0
1
4093 125
1
4094 3
0
1
4095 183
1
4096 68
0
0
1
4097 133
1
4098 14
0
0
0
0
1
4099 66
0
0
0
0
0
1
4100 21
0
1
4101 16
1
4102 196
0
0
1
4103 31
0
1
4104 131
0
1
4105 131
0
0
0
0
1
4106 208
1
4107 171
0
0
1
4108 181
1
4109 66
1
4110 204
0
0
0
1
4111 23
0
0
1
4112 155
1
4113 22
0
0
1
4114 103
0
0
1
4115 208
0
1
4116 41
1
4117 32
1
4118 26
1
4119 67
0
0
0
1
4120 32
1
4121 131
1
4122 32
0
0
1
4123 88
1
4124 187
0
0
1
4125 141
0
0
1
4126 203
1
4127 225
1
4128 22
1
4129 217
0
0
0
0
0
0
0
0
0
1
4130 208
0
1
4131 71
0
0
0
1
4132 64
0
0
1
4133 212
0
0
1
4134 185
1
4135 150
0
0
0
0
1
4136 116
0
1
4137 181
0
0
1
4138 87
0
0
0
0
1
4139 130
1
4140 217
0
1
4141 21
0
1
4142 88
0
1
4143 125
0
1
4144 19
1
4145 115
0
0
1
4146 195
0
1
4147 114
0
0
0
0
0
0
0
1
4148 125
0
0
0
0
0
0
0
1
4149 97
0
0
1
4150 96
0
0
1
4151 224
0
1
4152 195
1
4153 170
1
4154 148
1
4155 104
1
4156 18
0
0
0
1
4157 93
0
1
4158 166
0
0
0
1
4159 14
0
0
0
1
4160 222
1
4161 224
0
0
1
4162 21
0
1
4163 156
1
4164 71
0
1
4165 185
0
0
0
0
1
4166 23
0
1
4167 29
0
0
0
0
0
1
4168 65
0
1
4169 71
0
0
1
4170 95
0
1
4171 125
0
1
4172 121
0
1
4173 190
0
0
1
4174 171
1
4175 94
1
4176 22
0
1
4177 97
0
0
0
1
4178 92
0
0
0
1
4179 117
0
1
4180 109
0
0
1
4181 219
0
0
1
4182 65
0
1
4183 97
0
0
0
1
4184 28
0
1
4185 171
0
0
1
4186 121
0
0
0
1
4187 96
1
4188 103
0
0
0
0
0
0
0
1
4189 4
0
0
0
0
1
4190 201
0
0
1
4191 120
1
4192 172
1
4193 178
1
4194 66
1
4195 17
0
0
0
0
0
1
4196 218
1
4197 184
1
4198 143
0
1
4199 18
0
0
0
1
4200 97
1
4201 122
0
0
0
1
4202 87
1
4203 33
0
0
1
4204 209
1
4205 53
0
0
0
0
1
4206 33
0
1
4207 205
0
0
1
4208 2
1
4209 2
0
0
1
4210 195
0
0
1
4211 208
0
0
1
4212 148
0
0
1
4213 14
1
4214 84
0
0
0
0
1
4215 208
1
4216 99
0
0
0
1
4217 204
1
4218 9
1
4219 49
0
0
0
0
0
0
0
1
4220 63
0
0
0
0
1
4221 179
0
0
0
0
0
0
0
0
1
4222 10
0
0
0
1
4223 152
0
1
4224 121
0
0
0
0
0
1
4225 144
1
4226 30
0
1
4227 8
0
0
1
4228 94
0
0
0
0
0
0
0
0
1
4229 39
1
4230 93
0
0
0
0
1
4231 107
1
4232 156
0
0
0
0
1
4233 216
1
4234 137
1
4235 221
0
1
4236 33
0
0
1
4237 125
0
1
4238 162
0
1
4239 133
0
0
0
1
4240 168
0
1
4241 125
0
1
4242 169
0
1
4243 133
0
1
4244 133
1
4245 207
0
0
0
0
0
1
4246 191
1
4247 83
1
4248 111
0
0
0
0
0
0
0
1
4249 119
1
4250 75
1
4251 191
0
0
1
4252 31
0
0
0
1
4253 12
0
1
4254 71
1
4255 17
0
0
1
4256 59
0
0
0
0
1
4257 6
0
0
0
0
1
4258 91
1
4259 59
0
1
4260 159
0
1
4261 19
1
4262 113
0
0
1
4263 135
0
0
0
1
4264 189
0
1
4265 168
0
1
4266 40
0
0
0
0
0
0
0
0
0
0
0
1
4267 12
0
1
4268 161
0
1
4269 212
0
0
1
4270 63
1
4271 203
1
4272 172
0
0
0
0
0
0
0
1
4273 32
0
0
0
0
0
0
1
4274 58
0
0
0
0
1
4275 48
1
4276 11
1
4277 39
0
1
4278 48
1
4279 104
1
4280 123
0
1
4281 165
1
4282 168
0
0
1
4283 203
0
0
0
0
0
0
0
0
1
4284 162
0
0
0
0
0
0
0
0
1
4285 142
1
4286 30
1
4287 78
0
0
1
4288 5
1
4289 88
0
0
0
1
4290 199
1
4291 7
1
4292 151
1
4293 131
1
4294 24
0
0
0
1
4295 48
0
1
4296 22
0
0
1
4297 64
0
0
0
0
1
4298 140
0
0
1
4299 3
1
4300 155
1
4301 191
0
0
0
0
0
0
1
4302 19
0
1
4303 130
0
0
0
0
0
0
1
4304 87
0
0
1
4305 98
0
0
0
0
0
0
1
4306 32
1
4307 85
0
0
1
4308 26
0
0
0
0
0
1
4309 27
0
0
1
4310 96
0
1
4311 151
1
4312 21
0
0
1
4313 135
0
0
1
4314 63
1
4315 153
1
4316 141
1
4317 18
0
0
1
4318 204
0
0
1
4319 43
0
0
0
0
0
0
1
4320 201
0
1
4321 39
1
4322 195
0
1
4323 219
0
1
4324 71
0
0
1
4325 196
0
0
1
4326 189
0
0
1
4327 136
0
0
0
1
4328 118
0
0
0
1
4329 9
1
4330 10
0
0
1
4331 12
0
0
0
0
1
4332 32
1
4333 96
1
4334 13
0
0
1
4335 207
0
0
0
1
4336 219
0
0
0
1
4337 186
0
1
4338 59
0
0
0
1
4339 101
0
0
0
0
0
0
0
0
0
0
0
0
0
1
4340 83
1
4341 111
0
1
4342 33
0
1
4343 20
1
4344 38
1
4345 207
0
0
0
0
1
4346 119
0
1
4347 136
0
1
4348 20
0
1
4349 2
0
0
1
4350 181
0
0
0
0
1
4351 96
0
0
0
1
4352 103
0
0
1
4353 211
1
4354 143
0
0
0
1
4355 202
0
0
1
4356 95
0
1
4357 93
0
0
1
4358 63
0
1
4359 39
1
4360 184
0
1
4361 132
0
0
1
4362 169
0
0
1
4363 155
0
0
0
0
0
1
4364 55
0
0
0
1
4365 169
1
4366 7
0
0
0
0
0
0
0
0
0
0
0
0
0
1
4367 117
1
4368 207
1
4369 190
0
0
0
0
0
0
1
4370 225
0
1
4371 156
1
4372 163
0
0
0
0
0
0
0
1
4373 3
0
1
4374 190
0
1
4375 215
0
0
0
0
1
4376 36
1
4377 57
0
0
0
1
4378 20
0
0
0
1
4379 44
0
0
0
1
4380 140
0
0
0
0
0
1
4381 156
0
0
1
4382 29
1
4383 9
1
4384 128
0
0
0
1
4385 37
0
0
0
0
0
1
4386 143
0
0
1
4387 131
1
4388 100
0
0
0
0
1
4389 198
0
1
4390 208
0
0
1
4391 12
0
0
0
0
0
1
4392 85
1
4393 155
1
4394 11
0
0
0
0
0
1
4395 47
1
4396 157
0
1
4397 104
0
1
4398 141
0
0
0
0
1
4399 158
1
4400 145
0
1
4401 186
1
4402 95
0
0
1
4403 145
0
1
4404 81
1
4405 177
0
0
0
1
4406 120
0
1
4407 11
0
1
4408 103
0
0
0
1
4409 193
0
0
1
4410 103
0
0
1
4411 172
0
0
0
1
4412 191
1
4413 7
0
0
0
0
0
1
4414 167
1
4415 173
0
0
0
1
4416 192
0
1
4417 79
0
0
0
0
0
0
0
0
0
0
1
4418 179
0
0
1
4419 17
0
0
0
1
4420 53
0
1
4421 147
0
0
0
1
4422 216
0
0
0
0
1
4423 197
0
0
1
4424 146
0
0
1
4425 212
0
1
4426 89
1
4427 96
0
1
4428 147
1
4429 55
0
0
1
4430 31
0
0
0
0
0
0
0
0
0
1
4431 129
0
0
0
0
1
4432 156
0
0
0
0
1
4433 102
0
0
0
0
0
0
1
4434 92
0
0
0
1
4435 16
0
1
4436 199
0
1
4437 66
0
0
0
0
0
0
0
1
4438 2
0
1
4439 193
1
4440 85
0
0
1
4441 181
0
0
0
0
0
0
0
0
1
4442 30
0
0
0
0
0
0
0
1
4443 224
1
4444 100
0
0
0
0
1
4445 203
0
0
0
0
0
0
0
0
0
0
0
0
0
0
0
1
4446 118
1
4447 45
0
0
0
1
4448 29
0
1
4449 100
0
0
1
4450 124
0
0
0
0
0
1
4451 14
1
4452 187
1
4453 66
0
0
0
0
0
0
0
0
0
1
4454 213
0
1
4455 31
0
1
4456 142
1
4457 117
1
4458 160
1
4459 76
0
1
4460 10
0
1
4461 16
0
0
0
0
0
1
4462 175
0
1
4463 22
1
4464 172
0
0
0
1
4465 108
0
0
1
4466 75
0
0
0
0
0
0
0
1
4467 201
1
4468 6
0
0
1
4469 163
0
1
4470 198
0
0
0
0
0
0
1
4471 198
0
0
0
0
1
4472 225
0
1
4473 54
0
0
0
0
0
0
0
1
4474 28
0
1
4475 138
0
0
0
0
0
1
4476 223
0
0
0
0
1
4477 186
1
4478 202
0
1
4479 135
0
0
0
0
1
4480 175
0
0
0
1
4481 148
0
1
4482 181
0
0
0
0
1
4483 192
0
0
0
0
0
0
0
0
1
4484 83
0
0
0
0
0
0
0
0
1
4485 163
0
0
1
4486 165
1
4487 203
1
4488 123
0
0
0
0
0
0
1
4489 30
1
4490 98
1
4491 139
1
4492 13
0
0
1
4493 25
1
4494 81
0
0
0
0
0
1
4495 10
0
0
0
0
0
0
0
0
0
1
4496 8
0
1
4497 161
1
4498 219
0
0
0
0
0
1
4499 91
0
1
4500 9
0
1
4501 225
0
0
0
1
4502 24
0
0
0
0
0
0
1
4503 5
0
0
1
4504 141
0
0
0
0
1
4505 86
0
1
4506 195
0
0
0
0
0
1
4507 92
0
0
0
0
0
0
0
0
1
4508 192
0
0
0
1
4509 53
0
0
0
0
0
0
0
0
1
4510 81
1
4511 178
0
0
0
0
0
1
4512 42
0
0
1
4513 17
0
0
0
0
1
4514 31
0
0
1
4515 205
0
0
0
0
0
0
0
0
0
0
0
0
0
1
4516 141
1
4517 9
1
4518 119
0
0
0
0
0
1
4519 223
0
1
4520 219
1
4521 164
1
4522 173
0
0
0
0
1
4523 16
0
0
0
0
0
1
4524 148
0
1
4525 191
0
0
0
0
1
4526 12
0
0
1
4527 190
0
0
0
0
0
0
0
0
0
0
0
1
4528 180
0
0
0
0
0
0
0
0
0
0
0
0
0
0
0
0
0
0
0
0
0
0
0
1
4529 199
1
4530 61
1
4531 186
0
1
4532 131
1
4533 131
0
0
0
0
1
4534 8
0
0
0
0
1
4535 179
1
4536 90
1
4537 170
0
1
4538 7
0
0
1
4539 47
0
0
0
0
0
0
0
1
4540 144
0
0
0
0
0
0
0
0
1
4541 88
1
4542 2
1
4543 28
0
0
0
1
4544 34
0
0
0
0
0
0
0
0
0
0
0
1
4545 170
1
4546 8
0
0
0
0
0
0
0
0
1
4547 180
1
4548 91
0
1
4549 137
0
0
0
0
0
0
0
0
1
4550 222
0
1
4551 19
1
4552 223
1
4553 66
0
1
4554 213
0
0
0
0
0
0
0
0
1
4555 64
0
0
0
1
4556 42
0
1
4557 61
1
4558 12
0
0
1
4559 210
0
1
4560 52
1
4561 126
0
1
4562 15
0
0
0
0
0
0
0
0
1
4563 180
1
4564 71
0
0
0
0
0
0
0
0
0
0
1
4565 98
0
0
0
0
0
0
0
0
0
0
0
0
0
0
0
1
4566 108
0
0
0
1
4567 89
0
1
4568 20
0
0
1
4569 73
0
0
0
0
0
1
4570 54
0
0
0
0
0
0
0
0
0
1
4571 52
0
0
0
1
4572 22
0
0
0
0
1
4573 225
0
0
0
0
0
0
0
0
0
0
0
0
0
0
1
4574 157
1
4575 172
0
0
0
0
0
1
4576 124
0
0
1
4577 115
0
0
0
0
0
0
0
0
0
0
0
0
0
1
4578 45
0
0
1
4579 46
0
0
0
1
4580 212
0
1
4581 158
0
0
0
0
0
0
0
0
0
0
1
4582 15
0
1
4583 125
0
1
4584 178
1
4585 224
0
0
0
0
1
4586 90
0
0
0
0
1
4587 88
0
0
0
1
4588 58
1
4589 76
0
0
0
0
0
0
0
0
0
1
4590 108
1
4591 15
1
4592 93
0
0
0
1
4593 161
0
0
0
0
0
0
1
4594 27
0
0
0
0
0
0
0
0
0
0
0
0
0
1
4595 139
0
0
0
0
0
0
0
0
0
0
1
4596 63
1
4597 109
0
0
0
0
0
0
1
4598 130
0
1
4599 123
0
1
4600 158
0
0
0
0
0
0
0
0
0
1
4601 108
1
4602 98
0
0
0
0
1
4603 167
0
0
0
0
0
0
1
4604 210
0
0
0
0
0
0
0
0
1
4605 20
1
4606 136
1
4607 180
1
4608 7
0
0
0
0
0
0
0
0
0
0
0
0
0
0
0
0
0
0
0
1
4609 56
1
4610 103
0
0
0
0
0
0
1
4611 88
0
0
0
0
0
0
0
0
0
1
4612 190
0
0
0
0
0
1
4613 158
0
0
0
0
0
0
0
0
0
0
0
0
0
0
0
0
0
0
0
1
4614 30
0
0
1
4615 177
0
0
1
4616 55
1
4617 89
0
0
1
4618 52
0
0
1
4619 2
0
0
1
4620 125
0
1
4621 211
1
4622 135
1
4623 15
0
1
4624 61
0
0
0
1
4625 186
1
4626 194
0
1
4627 10
0
0
0
0
0
1
4628 31
0
0
1
4629 70
0
0
0
0
1
4630 69
1
4631 172
0
0
0
0
0
0
0
1
4632 17
0
1
4633 60
0
0
1
4634 19
1
4635 219
1
4636 96
0
1
4637 56
0
0
1
4638 187
0
0
0
0
0
0
0
0
0
0
0
0
0
0
0
0
1
4639 25
0
0
0
0
0
0
0
0
0
1
4640 67
0
0
0
0
0
0
0
0
1
4641 170
0
0
0
1
4642 40
0
1
4643 177
0
0
0
0
0
1
4644 95
0
0
0
0
0
1
4645 20
0
0
0
0
0
0
1
4646 77
0
0
0
0
0
0
0
0
0
0
1
4647 64
0
0
0
0
0
0
0
1
4648 178
0
0
0
0
0
0
1
4649 58
0
0
0
1
4650 155
1
4651 106
0
0
0
0
1
4652 8
0
0
1
4653 216
0
0
0
1
4654 222
0
0
0
0
0
0
1
4655 7
0
0
0
0
0
0
0
0
0
0
0
0
0
0
0
0
0
0
0
0
0
1
4656 17
0
0
1
4657 22
0
0
1
4658 43
0
0
1
4659 14
0
0
0
0
0
0
1
4660 52
0
1
4661 205
0
0
0
0
0
0
0
0
0
0
0
0
0
0
0
0
0
0
0
0
0
0
0
0
0
0
0
0
0
0
0
0
1
4662 203
0
0
0
0
0
1
4663 10
0
0
1
4664 215
0
0
0
0
0
0
0
0
0
0
0
0
0
0
1
4665 200
0
0
0
0
1
4666 219
1
4667 101
0
1
4668 138
0
0
0
0
0
0
0
0
0
0
0
0
1
4669 46
0
0
0
0
0
0
0
1
4670 203
0
0
0
0
0
0
0
1
4671 196
0
0
0
0
0
0
0
0
0
0
0
0
0
0
0
0
0
0
0
0
1
4672 79
0
0
0
1
4673 168
0
0
0
0
0
0
0
0
0
0
1
4674 122
1
4675 26
0
0
0
0
0
0
0
0
0
0
0
0
1
4676 46
0
0
1
4677 221
0
0
1
4678 99
0
0
0
0
0
0
0
0
0
0
0
0
0
1
4679 199
0
0
1
4680 3
1
4681 54
0
0
0
0
0
1
4682 41
0
0
0
0
0
0
0
0
0
0
0
0
0
0
0
0
0
0
0
0
0
0
0
0
0
0
0
0
0
1
4683 62
0
0
0
0
0
0
0
0
0
0
0
0
0
0
0
0
0
0
0
0
0
0
0
0
1
4684 139
0
0
0
0
0
0
1
4685 111
0
0
0
0
0
0
0
0
0
0
0
1
4686 130
0
0
0
0
0
0
0
0
0
0
0
0
0
0
0
0
0
0
0
0
1
4687 49
0
0
0
0
0
1
4688 97
0
0
0
1
4689 99
0
0
0
0
0
0
1
4690 121
0
0
0
0
0
0
0
0
0
0
0
0
0
0
0
0
1
4691 162
0
0
0
0
0
0
0
0
0
1
4692 30
0
0
0
0
0
0
0
0
0
0
0
0
0
0
0
0
1
4693 147
1
4694 112
0
0
0
0
0
0
0
0
0
0
0
0
0
0
1
4695 109
0
0
0
0
0
0
0
0
0
0
1
4696 35
0
0
0
0
0
0
0
0
0
0
0
1
4697 158
0
0
0
0
0
0
0
0
0
0
1
4698 30
0
0
0
0
0
0
0
0
0
0
0
0
0
0
0
0
0
0
0
0
1
4699 19
0
0
0
0
0
0
0
0
0
0
0
0
0
0
0
0
0
0
0
0
0
0
0
0
0
0
0
0
0
0
0
0
0
0
0
0
0
0
0
0
0
0
0
0
0
0
0
0
0
0
0
0
0
0
1
4700 107
0
0
0
0
0
0
1
4701 92
1
4702 224
0
0
0
0
0
0
0
0
0
0
1
4703 154
1
4704 192
0
0
0
0
0
0
0
0
0
0
0
0
0
0
0
0
1
4705 98
0
0
0
0
0
0
0
0
1
4706 87
0
0
0
0
0
0
0
0
0
0
0
0
0
0
1
4707 48
0
0
0
0
0
0
0
0
0
0
0
0
0
0
0
0
1
4708 81
0
0
0
0
0
0
0
0
0
0
0
0
0
0
0
0
0
0
0
0
0
0
0
0
0
0
0
0
0
0
1
4709 105
0
0
0
0
0
0
0
0
0
0
0
0
0
0
0
0
0
0
0
0
0
1
4710 81
0
0
0
0
0
0
1
4711 143
0
0
1
4712 7
0
1
4713 20
0
0
0
0
0
1
4714 164
0
0
0
0
0
0
0
0
0
0
0
0
0
0
1
4715 170
0
0
1
4716 159
0
0
0
0
0
1
4717 94
0
1
4718 165
0
0
0
0
1
4719 39
0
0
0
0
0
0
0
0
0
0
0
0
0
0
0
0
0
0
0
0
0
0
0
0
0
0
0
0
0
0
0
0
1
4720 116
0
0
0
0
0
0
0
0
0
1
4721 70
0
0
1
4722 3
0
0
0
1
4723 51
0
0
0
1
4724 96
0
1
4725 26
0
0
0
0
0
0
0
0
0
1
4726 33
0
0
0
0
0
0
0
0
0
0
0
0
0
0
0
0
0
0
0
0
0
0
1
4727 7
0
0
0
0
0
0
1
4728 158
0
0
0
0
0
0
0
0
0
0
0
0
0
0
0
0
0
0
0
0
0
0
0
0
0
0
0
0
0
0
0
0
0
0
0
0
0
0
0
0
0
0
0
0
0
0
0
0
0
0
0
0
0
0
0
0
0
0
0
0
0
0
0
0
0
0
0
0
0
0
0
0
0
1
4729 214
0
0
0
0
0
0
0
0
0
1
4730 151
0
0
0
0
0
0
0
0
0
0
0
0
0
0
0
0
0
0
0
0
0
0
0
0
0
0
0
0
0
0
0
0
0
0
0
0
0
0
1
4731 176
1
4732 42
0
0
0
0
0
1
4733 122
0
0
0
0
0
0
0
0
0
0
0
0
0
0
0
0
0
0
0
0
0
0
0
0
0
0
0
0
0
0
0
0
0
0
0
0
0
0
0
0
0
0
0
0
0
0
0
0
0
0
0
0
0
0
0
0
0
0
0
0
0
0
0
0
0
0
0
0
0
0
0
1
4734 131
0
0
0
0
0
0
0
0
0
0
0
0
0
0
0
0
0
0
0
0
0
0
1
4735 130
0
0
0
0
0
0
0
0
0
0
0
0
0
0
0
0
0
0
0
0
0
0
0
0
0
0
0
0
0
0
0
0
0
0
0
0
0
0
0
0
0
0
0
0
0
0
0
0
0
0
0
0
0
0
0
0
0
0
0
0
0
0
0
0
0
0
0
0
0
0
0
0
0
0
0
0
0
0
0
0
0
0
0
0
0
0
0
0
0
0
0
0
0
0
0
0
0
0
0
0
0
0
0
0
0
0
0
0
0
0
0
0
0
0
0
0
0
0
0
0
0
0
0
0
0
0
0
0
0
0
0
0
0
0
0
0
0
0
0
0
0
0
0
0
0
0
0
0
0
0
0
0
0
0
0
0
0
0
0
0
0
0
0
0
0
0
0
0
0
0
0
0
0
0
0
0
0
0
0
0
0
0
0
0
0
0
0
0
0
0
0
0
0
0
0
0
0
0
0
0
0
0
0
0
0
0
0
0
0
0
0
0
0
0
0
0
0
0
0
0
0
0
0
0
0
0
0
0
0
0
0
0
0
0
0
0
0
0
0
0
0
0
0
0
0
0
0
0
0
0
0
0
0
0
0
0
0
0
0
0
0
0
0
0
0
0
0
0
0
0
0
0
0
0
0
0
0
0
0
0
0
0
0
0
0
0
0
0
0
0
0
0
0
0
0
0
0
0
0
0
0
0
0
0
0
0
0
0
0
0
0
0
0
0
0
0
0
0
0
0
0
0
0
0
0
0
0
0
0
0
0
0
0
0
0
0
0
0
0
0
0
0
0
0
0
0
0
0
0
0
0
0
0
0
0
0
0
0
0
0
0
0
0
0
0
0
0
0
0
0
0
0
0
0
0
0
0
0
0
0
0
0
0
0
0
0
0
0
0
0
0
0
0
0
0
0
0
0
0
0
0
0
0
0
0
0
0
0
0
0
0
0
0
0
0
0
0
0
0
0
0
0
0
0
0
0
0
0
0
0
0
0
0
0
0
0
0
0
0
0
0
0
0
0
0
0
0
0
0
0
0
0
0
0
0
0
0
0
0
0
0
0
0
0
0
0
0
0
0
0
0
0
0
0
0
0
0
0
0
0
0
0
0
0
0
0
0
0
0
0
0
0
0
0
0
0
0
0
0
0
0
0
0
0
0
0
0
0
0
0
0
0
0
0
0
0
0
0
0
0
0
0
0
0
0
0
0
0
0
0
0
0
0
0
0
0
0
0
0
0
0
0
0
0
0
0
0
0
0
0
0
0
0
0
0
0
0
0
0
0
0
0
0
0
0
0
0
0
0
0
0
0
0
0
0
0
0
0
0
0
0
0
0
0
0
0
0
0
0
0
0
0
0
0
0
0
0
0
0
0
0
0
0
0
0
0
0
0
0
0
0
0
0
0
0
0
0
0
0
0
0
0
0
0
0
0
0
0
0
0
0
0
0
0
0
0
0
0
0
0
0
0
0
0
0
0
0
0
0
0
0
0
0
0
0
0
0
0
0
0
0
0
0
0
0
0
0
0
0
0
0
0
0
0
0
0
0
