260 488
14 59 3
242 26 3
147 45 3
159 203 5
89 137 4
163 91 3
168 99 3
24 259 5
86 120 3
208 30 4
157 125 5
225 88 4
102 140 4
14 148 3
2 68 2
116 112 3
43 193 4
41 118 3
210 82 3
4 235 3
200 126 5
39 33 3
96 85 3
73 44 3
42 207 3
135 71 3
24 20 3
119 27 5
97 171 2
46 232 5
183 146 4
130 197 1
156 114 2
139 205 3
139 46 4
121 177 3
48 183 4
180 243 1
171 233 3
147 120 3
162 39 3
96 195 2
236 140 4
104 206 3
85 251 3
243 88 3
62 192 3
187 170 3
229 132 4
12 74 3
50 181 4
118 37 4
27 19 3
1 137 4
231 52 4
251 229 3
202 117 4
92 131 4
138 157 3
65 173 4
198 243 3
249 172 3
73 164 2
145 118 4
238 98 4
61 108 5
16 251 2
57 88 3
64 60 3
253 134 3
93 220 4
120 129 4
14 213 3
222 9 4
107 7 2
255 217 5
91 32 3
238 65 5
190 240 5
180 6 4
211 72 4
90 186 5
94 104 4
181 256 3
13 122 4
171 189 2
87 3 4
136 144 4
254 216 4
248 119 4
197 159 2
124 131 5
180 225 4
117 121 3
32 227 3
91 106 4
190 34 3
228 100 3
67 101 4
202 140 3
11 254 3
41 49 3
233 97 2
221 67 3
248 158 5
6 188 3
135 84 2
68 179 3
244 148 3
235 131 4
101 221 5
51 59 2
15 214 3
235 160 3
93 130 3
64 204 3
84 204 3
42 213 3
155 53 4
60 53 3
59 180 3
163 48 3
231 178 3
66 228 3
64 146 1
212 248 3
79 135 4
154 66 5
226 161 5
76 149 4
92 235 5
135 204 3
224 89 4
170 80 3
136 179 4
1 198 4
76 252 3
125 249 3
209 194 3
222 80 4
129 257 3
239 231 4
40 160 4
134 70 4
51 244 4
115 191 4
93 161 3
42 182 4
21 109 4
53 260 4
26 157 4
89 213 3
159 196 5
3 31 3
190 239 4
57 188 3
45 31 2
220 137 3
109 72 4
205 208 4
30 15 3
188 101 3
178 122 3
246 185 4
246 206 4
8 129 4
101 22 3
233 189 2
244 78 5
115 251 2
74 169 3
205 44 4
39 167 3
250 242 3
84 18 2
160 124 3
6 57 5
169 63 2
39 102 3
55 186 3
158 55 3
161 11 5
90 67 2
50 141 4
124 4 4
14 1 3
89 1 2
40 234 3
158 61 4
75 103 4
79 192 4
227 3 5
214 29 2
22 177 5
182 139 3
203 185 3
125 103 3
139 201 4
95 126 3
43 181 2
8 168 3
227 105 3
38 185 3
172 103 4
73 216 3
30 232 3
152 35 3
156 134 2
145 4 5
133 87 3
228 255 3
215 102 3
18 135 3
67 10 5
95 87 5
80 187 3
117 140 3
48 179 2
17 241 4
167 98 4
117 236 4
112 201 4
213 258 4
49 176 3
258 148 3
215 173 3
195 210 2
98 33 5
17 153 3
36 20 6
154 26 3
142 246 4
162 33 5
9 144 4
16 191 6
210 174 4
255 259 3
34 225 3
43 219 3
78 55 4
85 94 2
102 162 3
215 151 5
192 32 3
51 148 3
100 217 4
230 143 3
41 176 2
166 226 4
110 113 3
62 95 3
66 259 4
176 145 3
76 209 3
73 208 3
175 211 3
63 69 3
29 15 5
257 82 5
97 74 4
63 12 2
10 244 4
59 198 4
245 107 4
28 78 3
54 146 3
123 214 1
149 198 4
195 257 4
116 212 4
12 250 5
83 250 3
111 191 3
96 111 5
77 260 2
158 28 5
167 65 3
75 138 4
35 133 3
15 110 2
71 192 3
123 110 4
101 121 3
125 219 3
115 132 3
88 6 4
110 56 3
184 256 5
43 141 4
34 243 3
7 53 3
82 45 4
200 93 3
236 47 2
253 114 3
92 160 3
146 71 5
55 23 3
177 162 3
163 68 4
130 247 3
7 54 3
44 207 4
209 233 4
129 96 3
143 171 3
154 24 3
164 84 3
143 97 5
218 31 3
21 143 4
50 184 5
222 153 2
225 239 3
245 136 3
260 29 2
220 247 4
130 159 3
69 185 4
175 151 4
25 50 4
56 113 3
32 106 4
199 114 4
220 11 4
126 226 4
231 236 3
178 52 2
147 257 3
175 215 3
10 51 3
40 124 5
252 209 5
54 155 5
206 142 3
46 41 3
196 165 3
242 83 4
138 26 2
2 91 3
164 216 3
86 218 4
9 170 2
94 174 3
87 62 3
13 21 2
11 224 2
90 10 3
164 208 3
9 17 3
151 173 3
13 127 4
99 253 4
165 69 4
27 223 4
52 239 4
149 196 4
152 237 4
228 83 3
85 191 4
27 108 4
224 137 3
223 160 3
70 218 3
254 226 3
86 99 3
62 227 3
128 23 3
157 20 5
61 23 3
194 252 3
237 246 3
161 126 3
18 30 3
115 16 3
122 240 3
118 113 5
7 155 3
103 193 4
2 106 4
200 133 3
195 94 3
153 144 3
22 221 3
69 142 3
127 81 3
190 189 3
40 223 3
171 240 3
142 38 1
71 166 4
249 75 4
166 79 3
187 199 4
211 109 3
248 108 3
89 207 3
25 193 4
201 234 4
57 47 4
250 26 4
60 77 4
63 38 4
194 165 2
112 212 3
234 119 3
37 46 3
21 81 4
254 150 3
5 128 3
258 116 3
211 151 4
35 197 4
163 179 3
232 56 5
196 252 5
229 172 6
203 35 3
241 144 5
176 37 2
8 111 3
58 152 5
54 60 3
218 147 4
70 105 4
200 197 3
212 28 3
169 165 5
149 247 4
123 29 2
68 187 4
224 216 3
230 13 3
207 150 4
18 204 2
179 170 5
123 260 2
242 12 3
202 162 3
157 154 4
230 100 4
38 237 4
127 109 2
127 72 2
91 183 4
168 120 3
181 193 2
47 188 3
47 117 4
210 104 3
209 189 4
121 202 4
203 237 4
19 223 4
74 194 4
15 56 4
31 105 3
133 95 3
217 81 6
45 58 4
92 19 1
232 49 3
5 221 5
104 174 4
37 49 3
136 48 2
112 182 3
90 5 3
182 44 3
155 107 4
116 28 2
258 78 3
86 134 3
105 106 2
77 214 2
206 174 3
150 224 2
141 256 2
241 245 3
128 186 2
156 2 4
52 175 5
25 132 4
199 80 2
219 36 4
36 184 4
58 3 3
215 167 1
10000
0
0
0
0
0
0
0
0
0
0
0
0
0
0
0
0
0
0
0
0
0
0
0
0
0
0
0
0
0
0
0
0
0
0
0
0
0
0
0
0
0
0
0
0
0
0
0
0
0
0
0
0
0
0
0
0
0
0
0
0
0
0
0
0
0
0
0
0
0
0
0
0
0
0
0
0
0
0
0
0
0
0
0
0
0
0
0
0
0
0
0
0
0
0
0
0
0
0
0
0
0
1
1 17
0
0
0
0
0
0
0
0
0
0
0
0
0
0
0
0
0
0
0
0
0
0
0
0
0
0
0
0
0
0
0
0
0
0
0
0
0
0
0
0
0
1
2 231
0
0
0
0
0
0
0
0
0
0
0
0
0
0
0
0
0
0
0
0
0
0
0
0
0
0
0
0
1
3 151
0
0
0
0
0
0
0
0
0
0
0
0
0
0
0
0
0
0
0
0
0
0
0
0
0
0
0
0
1
4 109
0
0
0
0
0
0
0
0
0
0
0
0
0
0
0
0
0
0
0
0
0
0
0
0
0
0
0
0
0
0
0
0
0
0
0
0
0
0
0
0
0
0
0
0
0
0
0
0
0
0
0
0
0
0
0
0
0
0
0
0
0
0
0
0
0
0
0
0
0
0
0
0
0
0
0
0
0
0
0
0
0
0
0
0
1
5 125
1
6 246
0
0
0
0
0
0
0
0
0
0
0
0
0
0
0
0
1
7 76
0
0
0
0
0
0
0
0
0
0
0
0
0
0
0
1
8 259
0
0
0
0
0
0
0
0
0
0
0
0
0
0
0
0
0
0
0
0
0
0
0
0
0
0
0
0
0
0
0
0
0
0
0
0
0
0
0
0
0
0
0
0
0
0
0
0
0
0
0
0
0
0
0
0
1
9 8
0
0
0
0
0
0
0
0
0
0
0
0
0
0
0
0
0
0
0
0
0
0
0
0
0
0
0
0
0
0
0
0
0
0
0
0
0
0
0
0
0
0
0
0
0
0
0
0
1
10 42
0
0
0
0
0
0
0
1
11 156
0
0
0
0
0
0
1
12 57
0
0
0
0
1
13 214
0
0
0
0
1
14 135
0
0
0
0
0
0
0
0
1
15 56
1
16 56
0
0
0
0
0
0
0
0
0
0
0
0
0
0
0
0
1
17 117
0
0
0
0
0
0
1
18 115
0
0
0
0
0
0
0
0
0
0
0
0
0
0
0
0
0
0
0
0
0
0
0
0
0
0
0
0
0
0
0
0
0
0
0
0
0
0
0
0
0
0
0
0
0
0
0
1
19 89
0
0
1
20 171
0
0
0
0
0
0
0
0
0
0
0
0
0
0
0
0
0
0
0
0
0
0
0
1
21 238
0
1
22 168
0
0
0
0
0
0
0
0
0
0
0
0
0
0
0
0
1
23 154
0
0
0
0
0
0
0
0
0
0
0
0
0
0
0
0
0
0
1
24 205
0
1
25 58
0
0
0
1
26 84
0
0
0
0
0
0
0
0
1
27 90
0
0
0
0
0
1
28 258
0
0
0
0
0
0
0
0
0
0
0
0
0
0
0
0
0
0
0
0
0
0
0
0
0
0
1
29 66
0
0
0
0
0
0
0
0
0
0
0
1
30 165
0
0
0
0
0
0
0
0
1
31 112
0
0
0
0
0
0
0
0
0
0
0
0
1
32 148
0
0
0
0
0
0
0
0
0
1
33 156
0
1
34 235
0
0
0
0
0
1
35 83
0
0
0
0
0
1
36 253
0
0
0
0
0
0
0
0
0
0
0
0
0
0
0
1
37 92
0
0
0
0
0
0
0
0
0
0
0
0
0
0
0
0
0
0
1
38 256
0
1
39 73
0
0
0
0
1
40 194
0
0
0
0
0
1
41 171
0
0
0
0
0
1
42 73
0
0
0
0
1
43 100
0
0
0
0
0
0
0
0
0
0
0
1
44 27
1
45 76
0
0
0
0
0
0
0
0
0
0
0
0
0
0
0
0
0
0
0
0
0
0
0
0
0
0
1
46 190
0
0
0
0
0
0
0
0
0
0
0
0
0
0
0
0
0
0
0
0
0
0
1
47 57
0
0
0
0
1
48 85
0
0
0
0
0
0
0
0
0
0
0
0
0
0
0
0
0
0
0
0
0
0
0
0
0
0
0
0
0
0
0
0
0
1
49 68
0
0
0
0
0
0
0
0
0
1
50 142
0
0
0
0
0
0
0
0
0
0
0
0
0
0
0
1
51 73
0
0
0
0
0
0
0
0
0
0
0
0
0
0
0
0
1
52 178
0
0
0
0
0
0
0
1
53 235
0
0
0
0
0
0
0
0
0
0
0
0
0
1
54 103
0
0
0
0
0
0
0
0
0
0
0
0
0
0
0
0
0
1
55 5
0
0
0
0
0
0
0
0
0
0
0
0
0
0
0
0
0
0
0
1
56 188
0
0
0
0
0
0
0
0
0
0
0
0
0
0
0
0
0
0
1
57 172
0
1
58 139
0
1
59 3
0
0
0
0
0
0
0
0
0
0
0
0
0
0
0
0
0
0
0
0
0
0
0
0
0
0
1
60 243
0
0
0
0
0
0
0
0
0
0
0
0
0
0
0
0
0
0
0
0
0
0
0
0
0
0
0
0
0
0
0
0
0
0
0
0
0
0
1
61 35
0
0
0
0
0
0
0
0
1
62 163
0
0
0
0
0
1
63 208
0
1
64 129
0
0
0
0
0
0
0
0
0
1
65 113
1
66 57
0
0
0
0
0
1
67 128
0
0
0
0
0
0
0
0
0
0
0
0
0
0
0
0
0
1
68 32
0
1
69 176
0
0
0
0
0
0
0
0
1
70 74
0
0
0
0
0
0
0
0
0
0
0
0
0
0
0
0
0
1
71 151
0
0
0
0
0
0
0
0
0
0
0
0
0
1
72 33
0
0
0
0
0
0
0
1
73 254
0
0
1
74 218
0
0
0
0
0
0
1
75 132
0
0
0
0
0
0
0
0
0
0
0
0
0
0
0
0
0
0
0
0
0
0
0
0
0
0
0
0
0
0
1
76 247
0
0
0
0
1
77 234
1
78 78
0
1
79 15
0
0
0
0
0
0
0
0
0
0
0
0
0
0
1
80 85
0
0
0
0
0
0
0
0
0
0
0
1
81 150
0
0
0
0
0
1
82 227
0
0
0
0
0
1
83 146
1
84 146
1
85 221
1
86 14
0
1
87 172
0
0
0
0
0
0
1
88 21
0
0
0
0
0
0
1
89 245
0
1
90 9
0
0
0
0
0
0
1
91 242
0
0
0
0
0
1
92 204
0
0
0
0
0
1
93 209
0
0
0
1
94 93
0
1
95 226
0
1
96 236
0
1
97 81
0
0
0
0
0
0
1
98 45
0
0
0
0
1
99 40
0
0
0
0
0
0
0
1
100 51
0
0
0
0
0
0
1
101 197
0
1
102 123
0
0
0
0
0
0
0
1
103 45
0
1
104 92
0
1
105 251
0
0
1
106 16
1
107 233
0
1
108 183
0
0
1
109 78
0
0
0
1
110 90
0
0
0
1
111 81
0
0
1
112 121
0
0
0
0
1
113 253
0
0
0
0
0
1
114 60
0
1
115 183
1
116 75
0
1
117 185
0
0
0
0
0
0
0
1
118 57
0
0
0
0
0
0
0
0
0
0
0
0
0
0
0
1
119 229
0
0
0
0
0
0
1
120 80
0
0
0
1
121 258
1
122 203
0
0
0
0
0
0
1
123 178
0
1
124 149
1
125 225
0
0
1
126 169
1
127 100
0
0
0
0
0
0
0
0
0
0
0
0
0
1
128 209
0
0
0
0
0
0
0
0
0
0
0
0
0
0
0
0
0
0
0
0
0
0
1
129 152
0
0
1
130 250
0
0
0
0
0
0
1
131 58
0
0
0
0
0
0
0
0
0
0
0
0
0
0
0
0
0
0
0
1
132 180
0
0
0
0
0
0
0
0
0
0
0
0
1
133 96
0
0
0
0
0
0
0
0
0
0
0
0
0
0
0
0
0
0
0
0
0
0
0
1
134 76
0
0
0
0
0
0
0
0
0
0
0
0
0
1
135 123
1
136 240
0
1
137 186
0
0
0
0
1
138 63
0
0
0
1
139 62
0
0
0
0
0
1
140 33
0
0
0
1
141 60
1
142 171
0
0
0
0
0
0
0
0
0
0
0
0
0
0
0
1
143 252
0
0
1
144 135
0
0
1
145 11
0
0
0
0
0
0
1
146 232
0
1
147 50
0
0
0
0
0
0
0
0
0
0
1
148 47
1
149 192
0
1
150 57
0
0
1
151 145
0
0
0
0
0
0
0
0
1
152 90
0
0
0
0
0
0
0
0
0
1
153 216
0
0
1
154 240
0
0
0
1
155 7
0
0
0
0
0
0
0
0
1
156 65
0
0
0
0
0
0
0
0
0
0
0
0
0
0
0
0
0
1
157 54
0
1
158 182
0
0
0
0
1
159 47
0
0
0
1
160 209
1
161 136
0
0
0
0
0
0
0
0
0
0
0
1
162 106
1
163 200
1
164 240
0
0
0
0
0
1
165 43
1
166 202
0
0
0
0
1
167 109
0
1
168 86
0
0
0
0
0
0
0
0
0
0
1
169 164
1
170 249
1
171 162
0
0
0
0
0
0
0
0
0
0
0
0
1
172 78
0
0
1
173 21
0
1
174 162
0
0
0
0
0
0
0
0
1
175 256
0
0
0
0
0
0
0
0
0
0
0
1
176 118
0
0
0
1
177 234
0
0
1
178 99
0
0
0
0
1
179 242
0
0
1
180 35
0
0
0
0
0
0
0
0
0
1
181 115
0
0
0
0
0
0
0
1
182 188
1
183 214
0
1
184 127
0
0
1
185 46
1
186 63
0
0
0
1
187 39
1
188 224
0
0
1
189 211
0
0
0
1
190 111
0
0
0
0
0
0
0
0
0
0
0
0
1
191 55
1
192 258
1
193 128
1
194 118
0
0
0
1
195 225
0
1
196 113
1
197 96
0
1
198 44
0
0
1
199 138
0
0
0
0
0
1
200 31
0
1
201 89
0
0
0
0
0
0
1
202 38
0
0
0
1
203 115
0
0
1
204 234
0
0
0
0
0
0
0
0
0
1
205 221
0
0
0
0
0
1
206 12
0
1
207 167
0
1
208 193
0
0
0
1
209 144
0
0
0
0
0
0
1
210 93
0
0
0
0
1
211 75
0
0
0
0
0
1
212 20
1
213 64
0
0
1
214 123
0
1
215 172
0
0
0
0
0
1
216 76
0
1
217 26
1
218 225
0
0
0
0
0
0
0
1
219 30
0
0
0
0
1
220 68
1
221 243
0
1
222 260
0
0
0
0
0
0
0
1
223 233
0
0
0
0
0
0
0
0
1
224 164
0
0
0
0
0
0
0
0
0
0
0
0
0
0
0
0
0
1
225 31
0
0
0
0
0
0
1
226 158
0
0
1
227 37
0
0
0
1
228 49
0
0
1
229 148
0
1
230 175
1
231 205
0
0
0
0
0
0
0
0
1
232 132
1
233 255
0
0
0
0
0
0
0
1
234 223
0
0
0
0
0
0
0
0
1
235 116
0
0
0
1
236 198
0
1
237 94
0
0
0
0
0
0
0
0
0
0
1
238 84
1
239 123
1
240 71
0
1
241 182
1
242 2
1
243 116
0
0
0
0
0
0
1
244 213
1
245 89
1
246 71
0
0
0
1
247 142
0
0
0
0
0
0
1
248 199
0
1
249 243
0
0
0
1
250 58
0
0
0
0
0
0
0
0
0
0
0
1
251 249
0
1
252 170
0
1
253 94
0
0
0
0
0
1
254 153
0
1
255 240
0
0
0
0
0
0
0
0
1
256 198
0
0
0
1
257 12
0
0
0
0
1
258 236
0
1
259 19
0
0
0
1
260 231
0
0
1
261 5
0
0
1
262 50
0
0
0
0
1
263 62
0
0
0
0
0
1
264 188
0
0
0
0
0
0
0
0
0
0
0
1
265 196
0
0
0
0
1
266 17
0
1
267 52
0
1
268 174
0
1
269 88
0
0
0
0
0
0
0
0
0
0
0
0
0
0
1
270 155
0
0
0
0
0
1
271 97
1
272 233
0
1
273 190
0
0
0
0
0
1
274 42
0
0
0
0
0
1
275 14
1
276 195
0
1
277 200
0
0
0
1
278 180
0
0
0
0
0
0
1
279 215
1
280 15
0
0
1
281 174
0
0
0
0
1
282 110
0
0
0
0
0
0
0
0
0
0
0
0
0
0
0
0
0
1
283 217
0
0
0
0
0
1
284 73
0
1
285 219
0
0
0
0
0
0
1
286 69
0
1
287 253
0
0
0
0
0
0
1
288 214
1
289 241
1
290 157
0
0
0
0
0
0
0
1
291 21
1
292 7
0
0
0
0
1
293 3
0
1
294 120
0
1
295 151
0
0
1
296 122
0
0
1
297 19
0
1
298 116
0
0
1
299 102
0
0
0
0
0
1
300 46
1
301 33
0
1
302 7
0
0
1
303 153
0
0
0
0
0
1
304 183
0
0
0
0
0
1
305 245
0
0
0
0
0
0
1
306 80
0
0
0
0
1
307 21
0
0
0
1
308 77
1
309 34
0
1
310 107
0
0
0
0
0
0
0
0
0
0
0
0
0
0
0
0
0
0
0
0
1
311 207
0
1
312 162
0
0
0
1
313 58
1
314 83
0
0
0
0
0
0
0
0
0
0
0
0
0
0
0
1
315 78
0
1
316 112
0
1
317 178
0
1
318 15
1
319 243
1
320 138
0
0
1
321 63
0
0
0
1
322 163
0
0
0
0
1
323 188
0
0
1
324 225
0
0
1
325 229
0
0
0
0
0
0
1
326 98
0
0
1
327 160
0
0
1
328 206
0
0
0
0
1
329 201
0
1
330 244
0
0
0
0
0
1
331 143
0
0
1
332 125
0
0
0
0
0
0
0
1
333 43
1
334 165
0
1
335 108
0
0
0
0
0
0
0
1
336 136
0
1
337 102
1
338 22
0
0
0
0
0
0
0
1
339 20
0
1
340 50
1
341 191
0
0
1
342 191
0
0
1
343 91
1
344 78
1
345 209
0
1
346 35
0
0
0
0
0
0
0
1
347 62
0
0
0
0
0
1
348 260
1
349 39
1
350 16
1
351 187
1
352 182
0
0
0
1
353 246
1
354 211
0
0
0
0
0
0
1
355 252
1
356 131
0
0
0
0
0
0
0
0
0
0
0
0
0
0
0
0
1
357 153
0
1
358 239
0
0
1
359 96
0
0
0
0
0
0
1
360 211
0
0
0
0
0
1
361 51
0
0
1
362 62
0
0
1
363 79
0
0
1
364 20
0
0
0
0
1
365 234
0
0
0
0
0
0
0
0
0
0
1
366 21
0
0
0
0
0
1
367 215
0
0
0
1
368 66
0
0
1
369 62
1
370 178
0
1
371 182
0
0
0
0
0
0
0
0
0
0
0
1
372 189
0
0
1
373 3
0
0
0
0
0
0
1
374 121
0
0
0
0
0
0
0
1
375 255
1
376 30
0
0
0
0
1
377 165
0
1
378 6
0
0
0
0
1
379 240
1
380 77
0
0
1
381 74
0
1
382 186
0
0
0
0
0
1
383 195
1
384 226
0
0
1
385 200
0
0
0
0
1
386 26
1
387 258
1
388 112
0
1
389 19
1
390 183
0
1
391 235
0
0
1
392 51
1
393 51
0
0
0
0
0
0
1
394 187
1
395 35
0
0
1
396 221
0
0
1
397 102
0
0
0
0
0
0
1
398 72
0
1
399 47
0
0
0
1
400 28
0
0
0
1
401 23
0
1
402 95
0
1
403 241
1
404 73
0
0
0
0
1
405 196
1
406 98
0
0
0
0
1
407 147
0
1
408 231
1
409 240
0
0
1
410 63
1
411 239
0
0
1
412 26
0
1
413 20
0
0
0
0
0
1
414 57
0
0
1
415 41
0
1
416 183
0
1
417 161
0
0
0
0
0
0
0
1
418 35
1
419 176
1
420 254
1
421 87
0
1
422 209
0
1
423 47
0
0
0
0
0
0
1
424 227
0
0
1
425 94
1
426 176
0
1
427 201
0
1
428 260
0
0
0
0
1
429 215
0
1
430 113
0
0
0
0
0
1
431 82
0
1
432 88
0
0
1
433 35
0
1
434 10
0
0
0
0
0
1
435 236
0
0
0
0
0
0
0
0
1
436 100
0
0
0
0
1
437 259
1
438 80
0
0
0
1
439 48
0
0
1
440 252
1
441 184
0
0
1
442 199
0
0
0
0
0
0
0
0
0
0
1
443 201
1
444 191
1
445 123
0
1
446 193
0
0
1
447 102
1
448 49
0
1
449 224
0
0
0
1
450 197
0
0
0
0
0
0
1
451 246
0
0
0
1
452 129
0
0
1
453 233
0
1
454 167
0
0
1
455 152
0
0
0
0
0
0
0
1
456 139
0
0
0
0
0
1
457 53
0
1
458 147
0
0
1
459 121
0
1
460 40
0
0
0
0
0
1
461 27
0
1
462 180
1
463 234
0
0
0
0
1
464 66
0
1
465 41
0
0
1
466 106
0
0
1
467 243
0
0
0
0
0
1
468 124
0
0
1
469 36
0
1
470 171
0
0
1
471 137
0
0
0
0
0
1
472 30
0
0
0
1
473 189
0
1
474 122
0
1
475 229
1
476 136
0
0
0
0
1
477 144
1
478 208
1
479 30
0
0
0
0
1
480 134
0
0
0
0
0
0
1
481 131
0
0
1
482 134
0
1
483 227
1
484 63
0
0
0
1
485 236
0
1
486 173
1
487 26
0
1
488 231
1
489 48
0
0
0
0
1
490 197
1
491 209
1
492 156
0
1
493 38
0
0
1
494 25
1
495 95
1
496 209
0
1
497 13
0
1
498 171
0
1
499 97
1
500 236
0
0
0
1
501 77
0
0
0
0
0
1
502 226
0
1
503 201
0
0
1
504 88
1
505 182
0
0
0
1
506 115
0
0
0
0
0
0
0
0
0
0
0
0
0
0
0
0
0
0
0
0
0
1
507 171
1
508 85
1
509 93
0
0
0
1
510 234
1
511 40
0
0
0
0
0
1
512 217
0
0
1
513 170
0
0
0
0
0
0
1
514 3
1
515 36
0
0
1
516 256
0
0
1
517 140
0
0
1
518 257
0
0
1
519 182
1
520 103
0
0
0
0
0
0
1
521 131
1
522 68
0
0
1
523 44
0
1
524 136
0
1
525 13
0
1
526 115
0
0
0
1
527 179
1
528 163
1
529 44
0
1
530 240
0
0
1
531 163
1
532 144
1
533 154
0
1
534 190
0
1
535 97
0
1
536 184
0
0
0
0
0
1
537 226
0
0
0
0
1
538 145
0
0
0
1
539 225
0
0
1
540 56
0
0
0
1
541 136
1
542 11
1
543 198
0
0
0
0
1
544 228
1
545 207
0
1
546 232
0
0
0
0
0
0
0
0
0
0
0
1
547 111
0
1
548 83
1
549 223
1
550 171
0
0
0
1
551 259
1
552 239
0
0
1
553 17
1
554 171
1
555 10
0
1
556 246
0
1
557 160
0
0
0
1
558 117
0
1
559 61
0
1
560 138
1
561 178
0
1
562 77
0
1
563 158
0
0
1
564 118
1
565 197
1
566 149
1
567 42
0
1
568 104
1
569 72
0
0
0
0
0
1
570 106
1
571 237
0
0
1
572 98
0
0
0
0
0
0
0
0
0
0
1
573 116
0
0
1
574 145
1
575 26
1
576 185
1
577 205
1
578 112
0
0
0
0
0
0
0
0
0
0
0
0
1
579 213
0
0
0
1
580 101
1
581 226
1
582 62
0
1
583 104
0
0
0
0
0
1
584 191
0
0
0
1
585 152
0
1
586 199
0
0
0
0
0
0
1
587 197
1
588 15
0
1
589 166
0
1
590 166
1
591 9
0
0
1
592 107
1
593 248
1
594 28
1
595 14
0
0
1
596 160
0
0
0
1
597 62
1
598 42
1
599 16
0
0
0
0
0
1
600 140
1
601 14
0
0
1
602 13
1
603 224
0
0
0
1
604 205
0
1
605 75
1
606 17
0
1
607 246
0
0
0
0
0
0
1
608 197
1
609 90
0
0
0
0
0
1
610 70
1
611 149
1
612 228
0
0
1
613 150
1
614 192
1
615 243
1
616 4
0
0
0
1
617 240
0
1
618 194
0
1
619 211
0
1
620 203
0
0
1
621 243
1
622 41
1
623 21
0
1
624 233
0
0
0
0
1
625 143
0
1
626 243
1
627 225
0
1
628 166
0
1
629 241
0
0
0
0
1
630 175
0
0
1
631 188
0
1
632 251
0
0
0
0
0
0
1
633 117
1
634 70
1
635 231
0
1
636 149
1
637 201
0
1
638 257
0
1
639 79
1
640 171
0
1
641 51
0
0
1
642 62
0
0
1
643 103
0
0
0
1
644 258
1
645 137
1
646 247
0
1
647 203
0
0
1
648 157
0
1
649 203
1
650 211
0
0
0
0
0
1
651 48
1
652 211
0
0
1
653 165
1
654 16
0
0
0
1
655 21
1
656 111
0
1
657 81
1
658 170
0
1
659 253
1
660 246
0
0
0
0
0
0
0
0
0
0
1
661 226
0
0
0
0
0
0
0
1
662 227
0
0
0
1
663 122
1
664 252
0
0
0
0
0
0
0
0
1
665 29
0
0
0
0
0
0
0
0
1
666 163
0
0
0
1
667 243
1
668 161
0
1
669 2
0
1
670 63
0
1
671 248
1
672 223
1
673 201
0
0
0
0
0
0
1
674 10
0
0
0
0
0
0
1
675 222
0
0
0
0
1
676 253
1
677 145
1
678 90
1
679 224
1
680 206
0
1
681 249
1
682 46
1
683 92
1
684 57
1
685 21
0
1
686 214
0
1
687 202
1
688 258
0
1
689 16
0
0
1
690 21
1
691 193
0
0
1
692 33
1
693 221
0
1
694 190
0
0
0
0
0
1
695 63
0
1
696 90
0
1
697 102
0
1
698 209
1
699 31
0
0
1
700 132
0
0
1
701 138
0
0
0
1
702 90
1
703 121
1
704 165
1
705 53
0
1
706 214
0
0
0
0
0
0
0
1
707 180
0
0
0
0
1
708 29
0
0
0
0
1
709 237
1
710 77
1
711 130
1
712 228
1
713 124
1
714 104
0
0
0
1
715 161
0
0
0
0
0
0
0
0
0
0
1
716 160
1
717 67
0
1
718 73
0
0
0
0
0
1
719 250
0
0
0
0
1
720 129
0
0
1
721 231
0
0
1
722 84
0
0
0
0
1
723 171
0
1
724 94
0
1
725 177
0
1
726 71
0
1
727 77
0
0
0
0
0
0
0
0
1
728 242
0
0
1
729 178
0
0
0
0
0
0
0
1
730 149
1
731 89
0
1
732 202
1
733 93
0
0
1
734 72
1
735 241
1
736 149
0
1
737 80
0
0
1
738 40
1
739 252
0
0
0
1
740 186
1
741 141
0
0
1
742 221
1
743 128
1
744 99
1
745 101
0
0
0
0
0
0
0
0
1
746 166
0
1
747 87
1
748 26
0
1
749 72
0
1
750 225
1
751 84
0
0
0
0
0
1
752 26
1
753 32
1
754 178
0
0
0
0
0
1
755 162
1
756 224
0
0
1
757 211
1
758 184
0
1
759 143
1
760 59
1
761 238
1
762 52
1
763 191
0
0
1
764 128
0
1
765 74
0
0
0
0
0
1
766 46
0
0
1
767 160
0
1
768 5
1
769 104
1
770 195
1
771 18
1
772 254
1
773 58
1
774 40
0
0
1
775 8
0
1
776 149
0
0
1
777 239
1
778 233
0
1
779 34
0
0
0
0
0
1
780 14
0
0
1
781 249
1
782 40
0
1
783 257
1
784 32
1
785 257
0
0
0
0
0
1
786 151
1
787 43
1
788 9
0
0
0
0
0
0
1
789 3
1
790 96
1
791 159
0
1
792 207
1
793 172
1
794 69
1
795 237
1
796 98
0
1
797 116
1
798 101
1
799 247
1
800 14
1
801 51
0
1
802 64
1
803 23
0
0
1
804 229
1
805 102
1
806 233
0
1
807 216
1
808 25
1
809 197
0
1
810 128
0
0
1
811 131
0
0
0
1
812 82
1
813 140
0
1
814 235
0
1
815 205
0
0
1
816 196
1
817 248
1
818 52
0
1
819 35
0
0
0
1
820 182
0
0
0
0
1
821 152
0
0
0
1
822 97
1
823 97
0
0
0
0
1
824 163
1
825 231
0
1
826 29
1
827 184
0
0
0
1
828 94
0
0
0
0
1
829 184
1
830 255
0
0
1
831 54
1
832 42
0
0
0
0
1
833 127
1
834 143
0
0
0
1
835 197
1
836 251
0
1
837 52
1
838 70
0
1
839 103
0
0
1
840 25
1
841 234
0
0
0
0
0
0
0
1
842 155
1
843 117
0
0
0
0
0
0
1
844 99
1
845 210
1
846 149
1
847 212
0
0
0
1
848 164
0
1
849 146
0
0
1
850 164
0
0
0
1
851 187
1
852 189
0
0
0
0
0
1
853 65
1
854 17
1
855 230
1
856 155
0
0
1
857 121
0
1
858 254
0
0
0
0
0
0
0
0
0
1
859 49
0
0
0
0
1
860 250
1
861 135
0
0
1
862 37
0
0
0
1
863 47
1
864 53
0
0
1
865 69
0
0
0
0
1
866 235
0
1
867 260
0
0
0
1
868 110
1
869 45
1
870 227
1
871 101
0
0
1
872 100
0
1
873 120
1
874 14
1
875 141
0
0
1
876 233
1
877 16
1
878 226
1
879 178
1
880 240
1
881 18
1
882 186
0
1
883 251
0
1
884 176
1
885 150
1
886 21
0
0
1
887 34
1
888 35
1
889 93
0
1
890 220
0
0
0
0
1
891 132
1
892 18
0
1
893 4
1
894 33
0
1
895 156
1
896 122
1
897 21
1
898 19
1
899 72
0
0
0
0
0
1
900 214
0
0
0
1
901 189
0
0
1
902 75
0
0
1
903 99
1
904 198
1
905 201
0
0
1
906 197
0
1
907 181
0
1
908 260
0
0
0
0
0
1
909 195
0
0
1
910 186
1
911 201
0
0
0
1
912 197
1
913 122
0
1
914 25
0
1
915 127
1
916 141
0
1
917 178
1
918 38
0
0
0
1
919 205
1
920 243
0
0
0
0
0
0
0
0
0
0
1
921 243
0
0
0
1
922 45
1
923 28
0
1
924 60
0
0
1
925 38
1
926 213
1
927 130
1
928 236
0
0
1
929 258
1
930 160
0
0
1
931 76
1
932 213
1
933 251
0
1
934 133
1
935 230
1
936 186
0
0
1
937 197
0
1
938 102
0
1
939 94
1
940 71
1
941 9
0
1
942 234
0
1
943 140
1
944 226
0
1
945 227
0
1
946 53
0
1
947 61
1
948 179
1
949 130
0
1
950 149
1
951 149
1
952 123
0
0
1
953 111
1
954 240
0
1
955 205
0
1
956 120
1
957 122
0
0
0
1
958 253
1
959 35
0
0
0
0
0
1
960 145
1
961 88
1
962 189
0
1
963 122
1
964 208
0
0
0
0
0
1
965 140
0
0
1
966 111
1
967 13
0
0
0
1
968 179
0
0
0
0
0
0
0
0
0
1
969 55
0
0
0
0
1
970 134
0
0
0
0
1
971 54
0
1
972 243
1
973 18
1
974 121
1
975 73
0
0
0
0
1
976 135
1
977 198
0
0
0
0
0
0
1
978 168
1
979 162
0
0
1
980 31
1
981 75
0
0
0
0
0
0
1
982 144
0
1
983 34
1
984 21
0
1
985 19
0
1
986 62
0
0
0
1
987 57
0
0
0
1
988 120
0
0
1
989 21
1
990 9
0
0
0
0
1
991 24
0
0
1
992 176
0
1
993 26
0
1
994 227
1
995 234
1
996 34
1
997 97
1
998 166
0
0
1
999 180
0
0
0
0
0
1
1000 149
1
1001 175
1
1002 150
1
1003 63
0
0
0
0
1
1004 88
0
0
0
0
1
1005 213
1
1006 219
1
1007 128
1
1008 9
0
1
1009 187
1
1010 208
0
1
1011 166
1
1012 164
0
0
1
1013 198
0
1
1014 149
0
1
1015 38
1
1016 103
1
1017 240
1
1018 20
0
0
1
1019 59
0
0
1
1020 102
0
1
1021 98
0
0
1
1022 106
1
1023 47
0
0
1
1024 65
1
1025 75
0
0
1
1026 98
1
1027 56
1
1028 73
1
1029 46
1
1030 218
1
1031 136
0
0
0
0
0
1
1032 137
0
0
0
0
1
1033 13
0
0
0
0
1
1034 33
0
0
0
1
1035 229
1
1036 176
0
0
1
1037 106
0
0
1
1038 138
1
1039 190
0
1
1040 12
1
1041 247
1
1042 150
1
1043 59
1
1044 127
1
1045 190
0
1
1046 51
1
1047 128
1
1048 75
1
1049 185
0
1
1050 210
0
0
1
1051 193
1
1052 128
0
1
1053 165
1
1054 57
1
1055 41
0
0
1
1056 171
1
1057 189
1
1058 238
1
1059 59
0
0
0
0
0
1
1060 169
1
1061 35
0
1
1062 149
0
1
1063 217
1
1064 227
0
0
0
1
1065 34
0
1
1066 215
1
1067 192
0
1
1068 167
0
1
1069 15
1
1070 24
1
1071 238
1
1072 150
1
1073 140
0
1
1074 65
1
1075 21
0
0
1
1076 182
1
1077 239
0
0
1
1078 90
1
1079 52
1
1080 132
0
1
1081 27
1
1082 203
0
0
0
1
1083 88
0
1
1084 122
0
1
1085 38
0
1
1086 19
1
1087 80
1
1088 125
0
1
1089 178
0
0
0
1
1090 38
1
1091 122
0
0
1
1092 168
1
1093 252
0
1
1094 47
1
1095 259
1
1096 236
1
1097 228
1
1098 145
0
1
1099 4
1
1100 214
1
1101 33
0
1
1102 78
0
1
1103 254
0
1
1104 127
0
1
1105 148
0
1
1106 53
1
1107 88
0
0
0
1
1108 86
1
1109 54
1
1110 200
0
0
1
1111 21
1
1112 232
0
1
1113 256
0
0
1
1114 124
1
1115 73
1
1116 50
0
0
1
1117 40
0
1
1118 100
0
1
1119 15
0
1
1120 213
0
0
1
1121 35
0
1
1122 112
0
0
1
1123 243
1
1124 143
1
1125 152
0
0
0
1
1126 154
1
1127 32
1
1128 51
1
1129 246
1
1130 208
0
0
0
1
1131 176
1
1132 105
1
1133 176
1
1134 57
0
0
0
1
1135 13
1
1136 21
0
0
0
1
1137 96
1
1138 233
0
0
1
1139 244
1
1140 55
0
0
0
0
1
1141 118
1
1142 244
1
1143 245
1
1144 254
0
0
0
0
1
1145 193
0
1
1146 77
0
0
1
1147 209
1
1148 63
1
1149 187
0
0
1
1150 256
0
1
1151 2
0
0
1
1152 158
0
1
1153 150
0
1
1154 15
1
1155 218
0
1
1156 86
0
0
1
1157 78
1
1158 50
0
1
1159 193
0
1
1160 247
1
1161 189
1
1162 150
1
1163 123
1
1164 165
0
1
1165 246
0
0
0
0
1
1166 75
1
1167 117
1
1168 72
1
1169 159
0
1
1170 32
0
0
0
0
0
0
0
0
0
0
0
1
1171 88
0
1
1172 190
0
0
1
1173 173
0
1
1174 56
0
1
1175 27
0
1
1176 76
1
1177 232
1
1178 254
0
1
1179 14
1
1180 102
0
0
0
0
0
0
0
1
1181 27
0
1
1182 39
1
1183 10
0
1
1184 233
1
1185 35
1
1186 75
1
1187 257
1
1188 253
0
1
1189 236
1
1190 129
0
0
1
1191 3
0
0
1
1192 255
1
1193 56
0
0
1
1194 238
0
1
1195 31
1
1196 57
0
1
1197 20
1
1198 248
1
1199 40
0
0
1
1200 174
0
0
1
1201 115
0
0
1
1202 116
0
1
1203 102
1
1204 2
0
1
1205 204
1
1206 245
1
1207 102
0
1
1208 194
1
1209 69
0
0
1
1210 131
1
1211 166
0
1
1212 85
0
1
1213 187
1
1214 165
1
1215 175
0
1
1216 54
1
1217 187
0
1
1218 236
0
1
1219 203
0
1
1220 231
1
1221 42
1
1222 153
0
1
1223 149
1
1224 71
0
1
1225 43
0
0
1
1226 218
0
0
1
1227 134
1
1228 238
0
0
1
1229 96
0
1
1230 177
1
1231 111
1
1232 260
1
1233 116
1
1234 89
0
1
1235 235
0
0
0
0
1
1236 171
0
1
1237 83
0
0
1
1238 244
0
1
1239 130
1
1240 34
0
1
1241 159
1
1242 131
1
1243 132
1
1244 80
0
0
0
1
1245 167
1
1246 104
1
1247 114
0
1
1248 157
0
0
0
0
0
1
1249 213
1
1250 178
0
1
1251 138
1
1252 16
0
1
1253 205
0
0
0
1
1254 87
0
0
0
1
1255 185
1
1256 209
0
1
1257 110
1
1258 156
1
1259 31
1
1260 141
1
1261 113
0
1
1262 117
1
1263 157
0
0
1
1264 167
0
1
1265 180
1
1266 29
0
1
1267 253
1
1268 51
1
1269 41
0
0
1
1270 63
0
1
1271 143
0
0
1
1272 237
0
1
1273 218
1
1274 106
1
1275 215
1
1276 124
0
0
0
0
1
1277 236
1
1278 187
1
1279 15
1
1280 132
0
1
1281 88
1
1282 9
1
1283 47
0
1
1284 150
0
1
1285 210
1
1286 42
1
1287 98
1
1288 50
1
1289 178
1
1290 167
0
1
1291 180
0
0
1
1292 92
1
1293 100
1
1294 243
1
1295 98
1
1296 245
1
1297 139
1
1298 88
1
1299 60
0
1
1300 100
1
1301 52
1
1302 243
0
1
1303 34
1
1304 204
0
0
1
1305 216
0
0
0
1
1306 239
1
1307 211
1
1308 136
1
1309 155
1
1310 65
0
0
1
1311 235
0
0
1
1312 255
1
1313 8
0
1
1314 149
1
1315 3
0
1
1316 158
0
1
1317 51
0
0
1
1318 55
1
1319 227
0
0
0
1
1320 85
1
1321 231
0
1
1322 122
0
0
1
1323 58
0
0
1
1324 175
0
1
1325 181
0
1
1326 43
0
1
1327 2
1
1328 129
1
1329 39
0
0
1
1330 110
1
1331 231
0
1
1332 166
1
1333 191
1
1334 196
1
1335 239
1
1336 82
1
1337 165
0
1
1338 54
1
1339 34
1
1340 47
0
0
0
1
1341 145
0
0
0
1
1342 209
0
1
1343 247
0
1
1344 127
0
0
1
1345 22
0
1
1346 44
1
1347 179
1
1348 178
0
0
1
1349 66
1
1350 9
1
1351 252
0
1
1352 149
0
0
0
1
1353 137
1
1354 216
1
1355 141
1
1356 165
1
1357 246
1
1358 230
1
1359 20
0
1
1360 69
0
0
1
1361 201
0
0
1
1362 255
1
1363 226
1
1364 15
0
1
1365 246
1
1366 123
0
0
1
1367 53
0
0
1
1368 101
1
1369 35
1
1370 249
1
1371 82
1
1372 100
1
1373 28
1
1374 178
0
1
1375 89
0
0
1
1376 14
1
1377 210
1
1378 248
0
1
1379 140
1
1380 190
1
1381 231
0
1
1382 54
1
1383 90
1
1384 126
0
0
1
1385 22
1
1386 155
1
1387 238
1
1388 193
1
1389 91
0
0
0
1
1390 169
1
1391 28
1
1392 233
1
1393 255
0
0
1
1394 30
1
1395 15
0
0
0
0
1
1396 187
0
0
0
1
1397 75
1
1398 71
1
1399 97
0
0
1
1400 94
1
1401 13
1
1402 55
0
0
0
0
1
1403 7
0
1
1404 120
1
1405 13
1
1406 254
1
1407 26
1
1408 56
1
1409 44
0
0
1
1410 231
0
1
1411 136
1
1412 129
0
1
1413 249
1
1414 23
0
1
1415 170
1
1416 81
1
1417 121
0
1
1418 201
0
0
1
1419 88
1
1420 223
1
1421 61
0
1
1422 24
1
1423 189
0
1
1424 128
1
1425 233
1
1426 239
1
1427 126
1
1428 247
1
1429 13
1
1430 85
0
0
1
1431 180
1
1432 82
1
1433 123
1
1434 47
1
1435 165
0
1
1436 32
1
1437 175
1
1438 156
1
1439 165
1
1440 107
1
1441 104
1
1442 218
0
1
1443 223
0
0
0
0
0
1
1444 253
0
0
1
1445 189
0
1
1446 3
1
1447 21
1
1448 171
1
1449 3
1
1450 256
1
1451 244
0
0
1
1452 233
1
1453 102
1
1454 172
1
1455 203
0
1
1456 225
0
1
1457 67
0
1
1458 65
1
1459 100
0
0
1
1460 163
0
0
1
1461 187
0
0
1
1462 57
0
1
1463 185
0
0
1
1464 257
1
1465 175
1
1466 134
1
1467 157
1
1468 98
0
1
1469 89
1
1470 231
0
1
1471 111
0
1
1472 116
1
1473 148
0
1
1474 244
0
0
0
1
1475 143
1
1476 171
1
1477 186
0
1
1478 88
0
1
1479 218
1
1480 102
0
1
1481 7
1
1482 91
0
0
1
1483 181
0
1
1484 24
1
1485 142
0
0
0
0
0
1
1486 101
1
1487 41
0
1
1488 51
0
1
1489 57
1
1490 239
1
1491 214
1
1492 244
1
1493 36
0
1
1494 160
1
1495 32
0
1
1496 194
1
1497 54
1
1498 5
0
0
1
1499 150
1
1500 218
1
1501 96
0
0
0
1
1502 231
1
1503 129
0
0
1
1504 113
1
1505 171
0
1
1506 97
1
1507 183
0
1
1508 51
1
1509 226
0
1
1510 206
1
1511 153
1
1512 209
1
1513 260
0
0
1
1514 143
1
1515 177
0
0
1
1516 42
1
1517 225
0
1
1518 50
1
1519 213
1
1520 174
0
0
0
1
1521 74
1
1522 171
0
0
0
1
1523 50
1
1524 244
1
1525 191
0
1
1526 136
1
1527 162
1
1528 74
1
1529 142
1
1530 156
1
1531 180
1
1532 5
1
1533 213
1
1534 13
1
1535 123
1
1536 161
1
1537 76
1
1538 64
1
1539 198
0
1
1540 36
1
1541 88
0
1
1542 221
1
1543 54
0
0
1
1544 28
1
1545 147
1
1546 9
1
1547 214
1
1548 118
1
1549 131
0
1
1550 194
1
1551 231
1
1552 171
1
1553 61
1
1554 25
1
1555 32
1
1556 146
1
1557 81
0
1
1558 193
1
1559 175
0
1
1560 33
1
1561 161
1
1562 108
0
1
1563 86
1
1564 99
1
1565 112
0
1
1566 117
0
1
1567 131
0
1
1568 139
1
1569 255
0
0
1
1570 57
1
1571 231
1
1572 77
0
1
1573 234
1
1574 190
0
1
1575 47
0
1
1576 120
1
1577 169
0
1
1578 149
1
1579 242
1
1580 77
0
0
1
1581 13
1
1582 234
1
1583 24
1
1584 244
1
1585 176
0
1
1586 63
0
0
1
1587 108
1
1588 88
0
1
1589 190
1
1590 3
1
1591 239
0
1
1592 243
0
1
1593 158
0
1
1594 139
1
1595 54
1
1596 52
1
1597 205
1
1598 47
0
0
1
1599 171
0
1
1600 13
1
1601 52
1
1602 169
0
1
1603 212
1
1604 67
1
1605 231
1
1606 60
1
1607 71
0
0
0
1
1608 235
0
0
0
1
1609 191
1
1610 199
1
1611 79
1
1612 62
0
0
0
0
1
1613 84
0
1
1614 33
1
1615 6
1
1616 64
1
1617 15
0
0
0
1
1618 56
1
1619 14
0
0
1
1620 161
1
1621 43
1
1622 241
0
1
1623 51
0
1
1624 102
1
1625 239
0
1
1626 165
1
1627 181
1
1628 212
1
1629 22
1
1630 28
0
1
1631 115
1
1632 70
0
1
1633 56
0
0
1
1634 88
1
1635 46
1
1636 67
1
1637 193
1
1638 34
0
0
0
0
1
1639 207
0
1
1640 149
0
1
1641 116
1
1642 64
0
0
0
0
1
1643 243
1
1644 210
1
1645 46
1
1646 208
0
1
1647 40
1
1648 162
0
1
1649 51
0
0
1
1650 175
0
0
1
1651 225
1
1652 221
0
1
1653 134
1
1654 214
1
1655 24
0
1
1656 227
1
1657 160
0
1
1658 228
1
1659 168
1
1660 55
1
1661 257
0
1
1662 8
0
1
1663 237
0
1
1664 184
1
1665 203
1
1666 109
1
1667 137
0
1
1668 257
0
1
1669 82
1
1670 225
1
1671 100
0
1
1672 46
1
1673 153
1
1674 220
1
1675 117
0
1
1676 7
1
1677 17
0
0
0
1
1678 22
0
1
1679 18
1
1680 15
1
1681 205
0
1
1682 219
1
1683 154
0
0
0
0
1
1684 47
1
1685 196
1
1686 131
0
1
1687 79
0
1
1688 146
0
1
1689 122
0
1
1690 239
1
1691 251
1
1692 234
0
0
0
0
1
1693 198
1
1694 222
1
1695 47
1
1696 140
0
1
1697 115
1
1698 246
0
0
1
1699 11
0
1
1700 252
1
1701 95
1
1702 94
1
1703 90
1
1704 179
0
0
1
1705 163
0
1
1706 231
1
1707 142
1
1708 158
1
1709 95
0
1
1710 169
0
0
0
0
1
1711 70
1
1712 183
0
1
1713 186
0
1
1714 87
1
1715 176
0
1
1716 111
1
1717 209
1
1718 143
1
1719 198
1
1720 154
0
1
1721 233
1
1722 186
0
1
1723 73
1
1724 90
0
1
1725 68
1
1726 34
1
1727 145
0
0
1
1728 159
1
1729 86
1
1730 198
1
1731 81
1
1732 16
1
1733 168
1
1734 192
0
0
0
1
1735 104
0
1
1736 40
1
1737 247
1
1738 215
1
1739 117
1
1740 235
0
1
1741 21
0
1
1742 78
0
1
1743 254
0
1
1744 166
1
1745 255
1
1746 162
1
1747 34
0
1
1748 27
0
0
1
1749 116
1
1750 152
0
1
1751 9
0
1
1752 105
1
1753 37
0
0
0
0
1
1754 26
0
1
1755 258
1
1756 200
0
0
0
1
1757 28
0
1
1758 169
1
1759 115
1
1760 190
0
1
1761 105
0
1
1762 137
0
0
1
1763 189
0
0
0
1
1764 193
1
1765 206
1
1766 240
1
1767 54
1
1768 174
1
1769 35
0
0
0
0
1
1770 80
0
0
1
1771 20
1
1772 204
1
1773 21
1
1774 155
1
1775 178
0
1
1776 143
1
1777 41
1
1778 190
1
1779 97
1
1780 125
1
1781 154
0
1
1782 227
0
0
0
1
1783 66
1
1784 174
1
1785 243
0
1
1786 53
1
1787 138
1
1788 130
1
1789 193
1
1790 115
1
1791 117
1
1792 69
0
1
1793 247
1
1794 190
0
1
1795 84
1
1796 233
1
1797 61
1
1798 247
1
1799 225
0
1
1800 22
1
1801 243
1
1802 240
0
1
1803 138
1
1804 175
0
1
1805 230
1
1806 28
1
1807 197
0
0
1
1808 229
1
1809 189
1
1810 105
1
1811 49
1
1812 83
1
1813 221
1
1814 207
0
0
1
1815 114
1
1816 35
1
1817 165
1
1818 151
0
1
1819 143
1
1820 110
1
1821 134
1
1822 57
1
1823 178
1
1824 47
1
1825 97
0
1
1826 228
0
0
1
1827 202
1
1828 7
0
1
1829 164
1
1830 226
1
1831 4
1
1832 52
1
1833 165
0
1
1834 46
1
1835 60
1
1836 102
1
1837 236
0
1
1838 193
1
1839 219
1
1840 99
1
1841 99
1
1842 234
1
1843 141
1
1844 18
0
1
1845 141
1
1846 260
1
1847 208
1
1848 225
1
1849 101
1
1850 6
0
1
1851 147
0
1
1852 231
1
1853 128
0
1
1854 134
1
1855 240
1
1856 55
1
1857 174
1
1858 200
1
1859 250
0
1
1860 138
0
1
1861 15
1
1862 149
1
1863 161
0
0
1
1864 173
0
0
1
1865 121
0
1
1866 187
0
0
1
1867 114
1
1868 56
0
0
0
1
1869 163
1
1870 92
1
1871 7
0
1
1872 104
0
0
0
1
1873 232
1
1874 222
1
1875 20
1
1876 219
1
1877 68
1
1878 126
0
1
1879 206
1
1880 4
1
1881 88
0
0
1
1882 192
1
1883 234
1
1884 252
1
1885 106
1
1886 143
0
0
0
1
1887 225
1
1888 108
1
1889 45
1
1890 149
1
1891 121
0
0
0
1
1892 84
1
1893 127
1
1894 167
0
1
1895 7
0
0
1
1896 37
1
1897 171
0
1
1898 220
1
1899 17
0
1
1900 197
1
1901 96
1
1902 39
0
1
1903 239
1
1904 225
0
0
0
1
1905 19
1
1906 106
1
1907 78
0
0
1
1908 223
1
1909 46
0
0
1
1910 83
0
1
1911 63
1
1912 152
1
1913 104
0
0
1
1914 161
0
1
1915 141
0
1
1916 152
1
1917 169
1
1918 198
1
1919 145
0
0
0
0
0
1
1920 130
1
1921 219
0
1
1922 196
1
1923 153
1
1924 70
0
0
1
1925 35
0
1
1926 240
1
1927 194
0
1
1928 175
1
1929 73
1
1930 34
0
1
1931 200
1
1932 113
1
1933 139
1
1934 125
1
1935 233
1
1936 111
1
1937 135
1
1938 200
1
1939 50
1
1940 54
1
1941 42
1
1942 208
1
1943 142
0
1
1944 197
1
1945 203
1
1946 145
1
1947 215
1
1948 97
0
1
1949 229
1
1950 144
1
1951 189
1
1952 103
0
0
1
1953 122
0
1
1954 224
0
1
1955 54
1
1956 122
1
1957 130
1
1958 175
0
0
1
1959 10
0
0
1
1960 21
0
1
1961 129
1
1962 223
1
1963 23
0
1
1964 180
1
1965 168
0
1
1966 101
1
1967 90
0
1
1968 107
1
1969 146
1
1970 110
0
1
1971 220
1
1972 156
1
1973 233
1
1974 122
1
1975 22
1
1976 59
0
1
1977 164
0
0
1
1978 77
1
1979 228
1
1980 129
1
1981 96
1
1982 110
1
1983 97
1
1984 64
1
1985 215
0
1
1986 41
1
1987 178
1
1988 69
1
1989 23
0
0
1
1990 126
1
1991 113
1
1992 129
1
1993 78
1
1994 70
1
1995 236
1
1996 27
1
1997 171
1
1998 79
1
1999 89
1
2000 207
0
1
2001 207
0
1
2002 61
0
1
2003 77
0
1
2004 218
0
1
2005 243
0
0
1
2006 14
1
2007 21
0
1
2008 22
0
1
2009 9
1
2010 108
0
1
2011 239
1
2012 54
1
2013 255
0
1
2014 37
0
1
2015 222
0
1
2016 37
1
2017 110
1
2018 221
1
2019 4
1
2020 122
1
2021 83
1
2022 64
1
2023 237
1
2024 229
1
2025 152
0
0
0
0
0
0
0
0
0
1
2026 135
1
2027 47
1
2028 172
1
2029 178
1
2030 143
1
2031 84
0
1
2032 61
1
2033 141
0
1
2034 57
1
2035 63
0
0
1
2036 149
1
2037 182
1
2038 164
1
2039 146
1
2040 54
1
2041 15
0
1
2042 249
0
0
1
2043 219
1
2044 67
1
2045 233
1
2046 218
1
2047 65
0
0
0
1
2048 23
1
2049 231
1
2050 140
1
2051 90
0
0
0
1
2052 251
1
2053 259
1
2054 175
1
2055 118
0
0
1
2056 13
0
0
1
2057 209
1
2058 146
1
2059 258
1
2060 179
0
1
2061 233
0
1
2062 180
1
2063 259
1
2064 24
1
2065 240
1
2066 255
1
2067 30
0
1
2068 77
1
2069 243
1
2070 175
1
2071 103
0
1
2072 33
0
1
2073 177
0
1
2074 219
1
2075 105
1
2076 173
0
1
2077 160
0
0
1
2078 48
1
2079 178
1
2080 185
1
2081 203
0
0
1
2082 234
1
2083 75
1
2084 71
1
2085 259
1
2086 106
1
2087 83
1
2088 5
1
2089 223
1
2090 156
0
0
1
2091 242
1
2092 108
0
0
1
2093 95
0
0
0
1
2094 93
1
2095 177
1
2096 207
0
1
2097 12
1
2098 236
1
2099 68
1
2100 100
1
2101 191
1
2102 246
1
2103 51
0
0
1
2104 146
1
2105 27
1
2106 217
0
1
2107 97
1
2108 75
1
2109 25
0
0
1
2110 217
1
2111 128
0
1
2112 10
0
0
0
1
2113 144
0
1
2114 215
0
1
2115 138
0
0
0
1
2116 66
1
2117 157
1
2118 148
1
2119 125
0
0
1
2120 177
0
0
1
2121 259
1
2122 10
1
2123 116
1
2124 74
0
1
2125 197
1
2126 35
1
2127 189
1
2128 122
1
2129 199
1
2130 246
0
0
1
2131 50
1
2132 135
1
2133 184
1
2134 122
0
0
0
1
2135 14
1
2136 79
0
0
1
2137 137
0
0
1
2138 115
1
2139 34
0
1
2140 102
1
2141 232
1
2142 63
0
0
1
2143 149
1
2144 73
1
2145 149
1
2146 211
0
1
2147 57
0
0
0
1
2148 238
0
0
1
2149 78
0
1
2150 195
0
0
1
2151 147
1
2152 78
0
0
1
2153 28
1
2154 81
1
2155 155
1
2156 82
1
2157 178
0
0
1
2158 190
1
2159 35
1
2160 101
0
0
1
2161 180
1
2162 219
1
2163 50
1
2164 216
0
0
1
2165 25
0
1
2166 75
1
2167 126
0
0
1
2168 181
1
2169 178
1
2170 20
1
2171 72
1
2172 258
1
2173 102
1
2174 84
1
2175 40
0
1
2176 79
1
2177 215
1
2178 129
1
2179 7
1
2180 13
1
2181 153
1
2182 180
1
2183 41
1
2184 182
1
2185 51
0
1
2186 175
1
2187 189
0
1
2188 51
1
2189 256
1
2190 178
0
0
1
2191 191
1
2192 62
0
1
2193 161
1
2194 238
0
1
2195 205
1
2196 14
1
2197 176
0
0
1
2198 250
1
2199 217
0
1
2200 57
0
0
1
2201 190
1
2202 140
0
1
2203 250
1
2204 102
1
2205 100
1
2206 61
1
2207 67
1
2208 30
1
2209 75
0
1
2210 138
1
2211 240
0
1
2212 129
1
2213 258
0
1
2214 13
1
2215 163
1
2216 51
0
1
2217 108
1
2218 135
0
1
2219 37
0
0
1
2220 243
1
2221 77
1
2222 74
1
2223 141
1
2224 148
0
1
2225 260
1
2226 220
1
2227 10
0
0
1
2228 149
1
2229 140
1
2230 78
1
2231 13
0
1
2232 237
0
1
2233 81
1
2234 113
1
2235 230
1
2236 129
0
0
1
2237 118
1
2238 258
1
2239 6
1
2240 196
1
2241 180
1
2242 231
1
2243 100
1
2244 172
0
0
0
1
2245 162
1
2246 161
1
2247 67
1
2248 143
0
1
2249 103
1
2250 196
1
2251 159
0
1
2252 233
1
2253 52
1
2254 195
0
1
2255 176
0
1
2256 218
0
0
0
1
2257 145
1
2258 235
0
0
0
1
2259 49
1
2260 68
0
0
1
2261 139
1
2262 238
1
2263 51
1
2264 151
1
2265 232
1
2266 233
0
1
2267 178
0
1
2268 253
1
2269 139
0
1
2270 116
1
2271 124
1
2272 106
1
2273 174
1
2274 47
0
1
2275 260
1
2276 110
1
2277 226
0
1
2278 50
1
2279 36
1
2280 219
1
2281 91
1
2282 245
0
1
2283 248
1
2284 108
1
2285 170
0
1
2286 152
1
2287 236
1
2288 240
0
0
1
2289 28
1
2290 243
1
2291 119
1
2292 94
1
2293 231
1
2294 117
1
2295 65
1
2296 171
1
2297 150
1
2298 215
1
2299 13
1
2300 11
0
1
2301 165
1
2302 67
1
2303 256
1
2304 34
1
2305 104
0
1
2306 219
1
2307 255
0
0
0
1
2308 142
0
0
1
2309 31
1
2310 141
0
1
2311 209
0
1
2312 161
0
1
2313 230
0
1
2314 143
1
2315 216
0
0
1
2316 140
1
2317 154
1
2318 12
1
2319 243
1
2320 25
1
2321 189
1
2322 60
0
1
2323 85
1
2324 256
1
2325 246
1
2326 143
1
2327 44
0
1
2328 172
1
2329 48
1
2330 21
1
2331 163
1
2332 197
1
2333 225
1
2334 233
1
2335 74
0
1
2336 175
1
2337 228
1
2338 35
0
1
2339 143
0
0
1
2340 198
1
2341 147
1
2342 185
0
1
2343 97
1
2344 136
1
2345 21
0
1
2346 33
0
0
0
1
2347 91
1
2348 7
1
2349 31
0
1
2350 188
0
0
1
2351 239
0
0
0
1
2352 185
1
2353 59
1
2354 166
1
2355 237
0
1
2356 126
1
2357 207
1
2358 167
1
2359 112
1
2360 21
1
2361 136
1
2362 80
1
2363 195
1
2364 177
1
2365 168
1
2366 237
1
2367 151
0
1
2368 41
1
2369 56
0
0
0
1
2370 22
1
2371 93
1
2372 101
0
0
0
1
2373 171
1
2374 209
1
2375 201
1
2376 169
1
2377 54
1
2378 48
1
2379 217
1
2380 128
1
2381 145
0
1
2382 135
1
2383 163
0
1
2384 47
1
2385 165
0
1
2386 94
1
2387 172
1
2388 204
1
2389 141
1
2390 24
1
2391 215
1
2392 85
1
2393 107
1
2394 3
0
1
2395 65
0
1
2396 92
1
2397 30
1
2398 183
1
2399 246
1
2400 86
0
1
2401 256
1
2402 209
0
0
1
2403 47
1
2404 140
0
0
1
2405 145
1
2406 87
1
2407 207
0
1
2408 110
1
2409 175
1
2410 79
1
2411 60
1
2412 64
1
2413 54
1
2414 149
1
2415 255
1
2416 172
1
2417 19
0
0
1
2418 191
1
2419 226
0
1
2420 27
1
2421 225
1
2422 199
1
2423 178
1
2424 25
1
2425 33
1
2426 119
0
1
2427 255
0
0
1
2428 225
1
2429 10
1
2430 50
1
2431 13
1
2432 231
1
2433 89
1
2434 221
1
2435 127
1
2436 96
1
2437 67
0
1
2438 144
0
1
2439 120
1
2440 18
0
1
2441 76
1
2442 39
0
0
1
2443 114
0
1
2444 188
1
2445 160
1
2446 104
1
2447 212
1
2448 197
0
1
2449 232
1
2450 217
1
2451 204
1
2452 254
0
0
0
1
2453 124
1
2454 5
1
2455 70
1
2456 27
0
1
2457 51
0
1
2458 154
1
2459 191
1
2460 32
1
2461 110
1
2462 103
1
2463 243
1
2464 253
0
0
0
1
2465 101
0
1
2466 207
1
2467 123
1
2468 127
1
2469 64
1
2470 194
1
2471 47
1
2472 233
0
1
2473 88
1
2474 213
1
2475 219
1
2476 120
1
2477 108
0
0
1
2478 113
1
2479 174
1
2480 174
1
2481 18
1
2482 167
0
1
2483 233
1
2484 240
1
2485 216
1
2486 70
0
0
1
2487 94
1
2488 120
1
2489 159
1
2490 142
1
2491 137
1
2492 201
1
2493 142
1
2494 51
1
2495 9
0
1
2496 128
0
1
2497 109
1
2498 47
0
1
2499 95
1
2500 59
1
2501 29
1
2502 86
0
0
1
2503 143
0
1
2504 128
1
2505 36
1
2506 236
1
2507 39
1
2508 110
1
2509 165
1
2510 48
1
2511 260
0
1
2512 62
1
2513 186
1
2514 188
1
2515 243
1
2516 100
1
2517 80
1
2518 143
0
1
2519 117
0
0
0
1
2520 225
1
2521 83
1
2522 208
0
1
2523 106
0
1
2524 217
1
2525 165
1
2526 120
0
1
2527 125
1
2528 37
0
1
2529 38
1
2530 154
0
1
2531 47
1
2532 249
1
2533 182
1
2534 116
0
1
2535 236
1
2536 109
1
2537 52
0
0
1
2538 109
1
2539 52
1
2540 209
1
2541 248
1
2542 100
0
1
2543 154
0
1
2544 164
0
1
2545 60
1
2546 64
1
2547 42
1
2548 88
1
2549 150
0
1
2550 108
0
1
2551 230
1
2552 217
0
1
2553 219
0
1
2554 60
1
2555 166
1
2556 75
0
1
2557 57
1
2558 219
1
2559 72
1
2560 225
0
1
2561 32
1
2562 59
1
2563 225
0
1
2564 186
1
2565 123
1
2566 43
1
2567 129
1
2568 60
1
2569 61
0
1
2570 123
0
0
1
2571 174
1
2572 128
1
2573 219
1
2574 175
1
2575 111
1
2576 48
0
0
1
2577 67
1
2578 25
1
2579 101
1
2580 236
1
2581 215
1
2582 88
1
2583 105
1
2584 241
1
2585 61
0
0
1
2586 260
1
2587 111
1
2588 64
1
2589 21
0
0
1
2590 47
1
2591 133
1
2592 156
0
1
2593 60
1
2594 209
1
2595 97
0
1
2596 225
1
2597 102
1
2598 165
1
2599 156
1
2600 38
1
2601 61
0
1
2602 227
0
1
2603 218
1
2604 78
1
2605 73
1
2606 203
1
2607 85
1
2608 29
0
1
2609 6
0
1
2610 65
1
2611 51
1
2612 152
1
2613 165
1
2614 232
1
2615 97
0
1
2616 166
0
1
2617 240
1
2618 189
1
2619 131
1
2620 20
1
2621 58
1
2622 196
1
2623 81
0
1
2624 211
1
2625 47
0
1
2626 139
1
2627 99
1
2628 57
0
1
2629 161
1
2630 219
1
2631 13
1
2632 166
0
0
1
2633 129
0
1
2634 169
0
1
2635 73
0
1
2636 69
1
2637 40
1
2638 227
1
2639 225
1
2640 56
0
1
2641 209
1
2642 21
1
2643 58
1
2644 260
0
1
2645 59
1
2646 20
1
2647 231
1
2648 7
0
1
2649 8
0
1
2650 70
1
2651 217
0
0
1
2652 159
0
0
1
2653 74
1
2654 234
1
2655 64
1
2656 51
1
2657 233
1
2658 243
0
1
2659 102
1
2660 59
1
2661 97
1
2662 234
1
2663 185
0
1
2664 155
1
2665 156
1
2666 57
1
2667 251
1
2668 175
1
2669 124
1
2670 245
1
2671 182
1
2672 224
1
2673 193
1
2674 167
1
2675 114
1
2676 164
1
2677 3
1
2678 135
1
2679 176
1
2680 209
1
2681 207
0
0
1
2682 138
1
2683 215
1
2684 162
1
2685 105
1
2686 110
1
2687 47
0
1
2688 111
1
2689 46
1
2690 18
1
2691 230
1
2692 90
1
2693 154
1
2694 81
1
2695 240
0
1
2696 102
0
0
1
2697 13
1
2698 124
1
2699 167
1
2700 73
1
2701 15
1
2702 245
1
2703 44
0
0
0
1
2704 253
1
2705 159
1
2706 7
1
2707 159
1
2708 13
0
1
2709 34
0
1
2710 34
1
2711 76
1
2712 143
1
2713 24
1
2714 190
1
2715 148
1
2716 191
1
2717 87
1
2718 2
1
2719 12
0
1
2720 225
1
2721 97
0
1
2722 143
0
1
2723 178
1
2724 174
1
2725 27
1
2726 196
1
2727 102
1
2728 131
1
2729 126
1
2730 31
1
2731 15
1
2732 76
0
1
2733 238
1
2734 183
1
2735 213
1
2736 2
0
1
2737 115
0
1
2738 238
1
2739 87
1
2740 69
1
2741 52
0
1
2742 21
1
2743 153
1
2744 117
0
1
2745 250
1
2746 61
1
2747 20
0
1
2748 257
0
1
2749 131
1
2750 194
0
0
1
2751 94
1
2752 180
1
2753 259
1
2754 3
1
2755 215
1
2756 52
1
2757 171
1
2758 97
1
2759 7
1
2760 55
1
2761 226
1
2762 155
1
2763 153
0
1
2764 254
1
2765 47
0
1
2766 91
1
2767 78
0
1
2768 151
1
2769 211
1
2770 176
0
0
1
2771 51
1
2772 240
0
1
2773 85
1
2774 180
1
2775 196
1
2776 115
1
2777 251
0
1
2778 172
1
2779 43
0
1
2780 35
1
2781 35
1
2782 157
1
2783 180
1
2784 51
1
2785 250
1
2786 14
1
2787 248
1
2788 129
1
2789 127
1
2790 109
0
1
2791 250
1
2792 109
1
2793 243
0
1
2794 165
1
2795 200
1
2796 2
0
1
2797 185
1
2798 190
1
2799 57
1
2800 17
1
2801 52
1
2802 202
1
2803 209
1
2804 180
0
0
1
2805 35
1
2806 75
1
2807 178
1
2808 4
1
2809 150
1
2810 40
1
2811 180
1
2812 71
1
2813 48
1
2814 138
1
2815 122
1
2816 233
1
2817 157
1
2818 139
1
2819 14
1
2820 118
1
2821 130
1
2822 194
0
1
2823 147
1
2824 211
1
2825 222
1
2826 43
0
0
1
2827 190
0
0
1
2828 29
1
2829 189
1
2830 21
1
2831 100
1
2832 63
1
2833 190
1
2834 84
1
2835 24
1
2836 14
0
1
2837 2
1
2838 12
1
2839 127
1
2840 127
1
2841 106
1
2842 179
1
2843 199
1
2844 242
1
2845 75
1
2846 112
1
2847 50
0
1
2848 155
1
2849 68
1
2850 27
1
2851 29
1
2852 21
1
2853 7
1
2854 169
1
2855 87
1
2856 205
1
2857 214
1
2858 123
1
2859 45
1
2860 249
0
0
1
2861 51
1
2862 34
1
2863 99
1
2864 116
0
1
2865 122
1
2866 152
1
2867 68
0
0
0
0
1
2868 12
1
2869 3
1
2870 162
1
2871 222
1
2872 181
1
2873 45
0
0
1
2874 182
1
2875 207
1
2876 165
1
2877 153
1
2878 33
0
1
2879 250
1
2880 97
1
2881 159
1
2882 110
1
2883 123
1
2884 154
1
2885 65
1
2886 89
1
2887 57
1
2888 116
1
2889 219
1
2890 236
1
2891 202
0
1
2892 53
1
2893 62
0
1
2894 210
1
2895 153
1
2896 101
1
2897 16
1
2898 221
1
2899 132
1
2900 192
1
2901 198
1
2902 195
1
2903 30
1
2904 251
1
2905 187
1
2906 165
1
2907 141
1
2908 30
1
2909 172
1
2910 143
1
2911 216
1
2912 59
1
2913 15
1
2914 60
1
2915 207
1
2916 192
1
2917 238
1
2918 53
1
2919 82
0
1
2920 107
1
2921 131
1
2922 165
1
2923 216
0
1
2924 231
1
2925 167
1
2926 205
1
2927 185
0
1
2928 20
1
2929 196
1
2930 156
1
2931 161
1
2932 117
1
2933 60
1
2934 72
1
2935 54
1
2936 43
0
1
2937 237
0
1
2938 229
1
2939 208
1
2940 137
1
2941 3
1
2942 241
1
2943 211
1
2944 150
1
2945 193
1
2946 79
1
2947 70
0
1
2948 137
1
2949 211
1
2950 136
1
2951 51
1
2952 255
1
2953 67
1
2954 9
1
2955 252
1
2956 211
1
2957 193
1
2958 191
1
2959 67
0
1
2960 118
1
2961 93
1
2962 21
1
2963 176
1
2964 82
1
2965 121
1
2966 167
0
1
2967 124
1
2968 217
1
2969 150
1
2970 149
1
2971 96
1
2972 195
1
2973 133
1
2974 161
1
2975 249
1
2976 252
1
2977 152
1
2978 204
1
2979 97
0
1
2980 160
1
2981 23
1
2982 259
1
2983 24
1
2984 36
1
2985 152
0
1
2986 235
1
2987 144
1
2988 173
1
2989 57
0
1
2990 77
1
2991 25
1
2992 41
1
2993 149
0
1
2994 232
1
2995 161
1
2996 143
0
1
2997 136
1
2998 78
1
2999 36
1
3000 171
1
3001 219
1
3002 63
1
3003 225
1
3004 217
0
1
3005 209
1
3006 34
1
3007 51
1
3008 224
1
3009 4
1
3010 240
1
3011 197
1
3012 153
0
1
3013 231
1
3014 53
1
3015 149
1
3016 249
1
3017 29
1
3018 21
1
3019 149
1
3020 42
1
3021 244
0
1
3022 236
1
3023 52
1
3024 83
0
1
3025 124
1
3026 51
1
3027 33
1
3028 253
1
3029 62
1
3030 165
1
3031 217
1
3032 199
1
3033 252
0
1
3034 183
1
3035 206
1
3036 33
0
1
3037 161
0
1
3038 136
0
1
3039 64
1
3040 260
1
3041 18
1
3042 148
1
3043 39
1
3044 82
1
3045 142
1
3046 213
1
3047 68
1
3048 205
0
1
3049 231
0
1
3050 7
1
3051 55
1
3052 253
1
3053 95
1
3054 63
1
3055 74
1
3056 21
1
3057 214
1
3058 45
1
3059 167
1
3060 88
0
0
1
3061 153
1
3062 60
1
3063 143
0
1
3064 196
0
1
3065 220
1
3066 254
0
1
3067 167
1
3068 152
1
3069 246
1
3070 245
1
3071 108
1
3072 251
1
3073 22
1
3074 14
1
3075 205
1
3076 222
0
0
1
3077 113
1
3078 49
1
3079 101
1
3080 108
1
3081 235
1
3082 223
0
1
3083 127
1
3084 209
1
3085 73
1
3086 225
1
3087 252
1
3088 111
1
3089 190
1
3090 170
1
3091 167
1
3092 244
1
3093 219
1
3094 163
1
3095 28
0
1
3096 131
1
3097 46
1
3098 215
1
3099 46
1
3100 224
1
3101 259
1
3102 201
1
3103 189
0
1
3104 232
1
3105 165
1
3106 149
1
3107 146
1
3108 123
1
3109 29
1
3110 186
1
3111 211
1
3112 34
1
3113 16
0
1
3114 76
1
3115 83
1
3116 160
1
3117 108
0
1
3118 178
1
3119 149
1
3120 180
0
1
3121 102
1
3122 41
0
1
3123 222
1
3124 32
1
3125 35
0
1
3126 260
1
3127 28
1
3128 55
1
3129 68
1
3130 232
1
3131 239
1
3132 249
0
1
3133 120
1
3134 73
1
3135 133
1
3136 231
1
3137 121
1
3138 194
1
3139 154
1
3140 237
0
1
3141 86
0
1
3142 176
1
3143 14
1
3144 156
1
3145 42
1
3146 75
1
3147 214
1
3148 97
1
3149 136
1
3150 218
1
3151 190
1
3152 144
1
3153 259
1
3154 134
1
3155 13
1
3156 33
1
3157 229
1
3158 247
1
3159 38
0
1
3160 206
1
3161 146
1
3162 163
1
3163 106
0
1
3164 29
1
3165 214
1
3166 231
0
1
3167 189
1
3168 13
1
3169 249
1
3170 211
1
3171 69
1
3172 43
0
1
3173 71
1
3174 137
0
1
3175 156
1
3176 191
1
3177 51
1
3178 3
1
3179 189
1
3180 196
1
3181 102
1
3182 218
1
3183 220
1
3184 141
1
3185 88
1
3186 70
1
3187 185
0
1
3188 201
1
3189 53
1
3190 45
1
3191 99
1
3192 128
1
3193 258
1
3194 8
1
3195 50
1
3196 209
1
3197 205
1
3198 193
1
3199 210
1
3200 165
1
3201 226
1
3202 191
1
3203 57
1
3204 171
1
3205 30
1
3206 157
0
0
1
3207 195
1
3208 143
1
3209 212
0
1
3210 6
1
3211 36
1
3212 115
1
3213 140
1
3214 209
1
3215 14
1
3216 101
1
3217 87
0
1
3218 67
1
3219 57
1
3220 206
1
3221 175
1
3222 245
1
3223 113
1
3224 54
1
3225 4
1
3226 117
1
3227 133
1
3228 13
1
3229 9
1
3230 20
1
3231 165
1
3232 173
1
3233 249
0
1
3234 255
1
3235 47
1
3236 247
1
3237 72
1
3238 132
1
3239 175
1
3240 111
1
3241 12
1
3242 172
1
3243 59
1
3244 48
1
3245 57
1
3246 175
1
3247 175
1
3248 131
1
3249 119
1
3250 256
1
3251 53
1
3252 91
1
3253 213
1
3254 134
1
3255 240
1
3256 140
0
1
3257 246
1
3258 143
1
3259 5
1
3260 200
0
1
3261 152
1
3262 164
1
3263 104
1
3264 140
1
3265 53
1
3266 51
1
3267 129
1
3268 149
0
1
3269 161
1
3270 205
0
1
3271 52
1
3272 241
1
3273 149
1
3274 259
1
3275 81
0
1
3276 11
1
3277 2
0
1
3278 217
0
1
3279 69
1
3280 183
1
3281 210
1
3282 242
1
3283 171
1
3284 231
1
3285 239
0
1
3286 227
1
3287 13
1
3288 91
1
3289 7
1
3290 54
1
3291 150
1
3292 55
0
1
3293 30
1
3294 179
1
3295 172
1
3296 49
1
3297 2
1
3298 252
1
3299 79
1
3300 231
1
3301 159
1
3302 203
1
3303 165
0
1
3304 45
1
3305 209
1
3306 255
1
3307 71
1
3308 71
0
1
3309 73
1
3310 243
1
3311 19
1
3312 124
1
3313 99
1
3314 145
1
3315 161
0
1
3316 75
0
1
3317 240
1
3318 180
0
1
3319 104
1
3320 240
1
3321 226
1
3322 230
1
3323 180
0
1
3324 28
1
3325 63
1
3326 231
1
3327 122
0
1
3328 30
1
3329 66
0
1
3330 210
1
3331 236
1
3332 122
1
3333 113
1
3334 146
1
3335 260
1
3336 137
0
1
3337 52
1
3338 256
1
3339 160
0
1
3340 8
1
3341 216
1
3342 146
1
3343 245
1
3344 198
1
3345 89
1
3346 189
1
3347 8
1
3348 2
1
3349 96
1
3350 216
1
3351 7
1
3352 241
0
1
3353 246
1
3354 214
1
3355 29
1
3356 244
1
3357 81
0
1
3358 217
1
3359 52
1
3360 95
1
3361 134
1
3362 123
1
3363 84
1
3364 12
1
3365 53
1
3366 9
0
1
3367 240
1
3368 64
1
3369 239
0
1
3370 237
1
3371 225
1
3372 156
1
3373 102
1
3374 191
1
3375 250
1
3376 128
1
3377 239
1
3378 63
1
3379 134
1
3380 236
1
3381 167
1
3382 80
1
3383 99
1
3384 157
1
3385 98
1
3386 131
0
1
3387 36
1
3388 240
0
0
1
3389 240
1
3390 190
1
3391 99
1
3392 16
1
3393 121
1
3394 129
1
3395 129
1
3396 229
1
3397 51
1
3398 126
1
3399 51
1
3400 17
1
3401 102
0
1
3402 211
1
3403 196
1
3404 232
1
3405 127
1
3406 207
1
3407 19
1
3408 214
1
3409 26
1
3410 50
1
3411 42
1
3412 202
1
3413 180
1
3414 100
1
3415 233
0
1
3416 18
1
3417 124
1
3418 11
1
3419 196
1
3420 107
1
3421 44
1
3422 69
1
3423 38
1
3424 205
1
3425 195
1
3426 35
1
3427 74
1
3428 42
1
3429 8
1
3430 244
1
3431 97
1
3432 248
1
3433 73
1
3434 155
1
3435 226
1
3436 229
0
1
3437 231
1
3438 236
1
3439 149
1
3440 107
0
1
3441 149
1
3442 83
0
1
3443 80
1
3444 66
1
3445 90
0
1
3446 140
1
3447 79
0
1
3448 168
1
3449 218
1
3450 213
1
3451 161
1
3452 178
1
3453 4
1
3454 132
1
3455 177
1
3456 59
1
3457 135
1
3458 241
1
3459 217
1
3460 102
1
3461 113
1
3462 177
1
3463 110
1
3464 45
1
3465 257
1
3466 128
1
3467 92
1
3468 260
1
3469 222
1
3470 187
1
3471 104
1
3472 66
1
3473 253
1
3474 118
1
3475 8
1
3476 205
1
3477 5
1
3478 234
1
3479 237
1
3480 139
1
3481 189
1
3482 84
1
3483 220
1
3484 100
1
3485 64
1
3486 178
1
3487 30
1
3488 79
0
0
1
3489 38
1
3490 34
1
3491 250
1
3492 196
1
3493 214
1
3494 241
1
3495 178
1
3496 236
1
3497 171
0
1
3498 165
0
1
3499 221
1
3500 98
1
3501 216
1
3502 189
0
1
3503 171
1
3504 36
1
3505 107
1
3506 244
1
3507 27
1
3508 61
1
3509 236
1
3510 191
0
1
3511 150
0
1
3512 134
1
3513 13
1
3514 182
1
3515 50
1
3516 64
1
3517 109
1
3518 176
1
3519 10
1
3520 28
1
3521 104
1
3522 244
1
3523 196
0
1
3524 42
1
3525 170
1
3526 130
1
3527 239
1
3528 6
1
3529 177
0
1
3530 13
1
3531 77
0
1
3532 50
1
3533 112
1
3534 28
1
3535 243
0
1
3536 9
1
3537 29
1
3538 231
1
3539 124
1
3540 205
1
3541 91
1
3542 98
1
3543 65
1
3544 90
1
3545 126
1
3546 124
1
3547 146
1
3548 177
1
3549 146
1
3550 6
1
3551 127
1
3552 174
0
1
3553 173
1
3554 260
1
3555 68
0
0
1
3556 240
0
1
3557 46
1
3558 143
1
3559 190
1
3560 62
1
3561 78
1
3562 123
1
3563 219
1
3564 107
1
3565 15
1
3566 118
1
3567 41
1
3568 250
1
3569 242
1
3570 69
1
3571 89
1
3572 97
0
1
3573 181
1
3574 236
1
3575 59
1
3576 56
1
3577 212
1
3578 90
1
3579 218
1
3580 115
1
3581 208
1
3582 10
1
3583 200
1
3584 165
1
3585 28
1
3586 58
1
3587 199
1
3588 57
1
3589 242
1
3590 195
1
3591 179
1
3592 125
1
3593 13
1
3594 127
1
3595 247
1
3596 60
1
3597 211
1
3598 181
1
3599 77
1
3600 225
1
3601 13
1
3602 203
0
1
3603 125
1
3604 131
1
3605 181
1
3606 189
1
3607 14
1
3608 16
0
1
3609 228
1
3610 81
1
3611 100
1
3612 62
1
3613 16
1
3614 178
1
3615 172
1
3616 102
1
3617 256
1
3618 91
1
3619 102
1
3620 256
1
3621 166
1
3622 198
1
3623 123
1
3624 243
1
3625 94
1
3626 249
1
3627 180
1
3628 104
0
1
3629 56
1
3630 260
1
3631 86
0
0
0
1
3632 99
1
3633 88
1
3634 86
1
3635 257
1
3636 147
1
3637 218
1
3638 145
1
3639 15
1
3640 189
1
3641 88
1
3642 143
1
3643 257
1
3644 176
1
3645 216
1
3646 236
1
3647 47
1
3648 39
0
1
3649 73
1
3650 137
1
3651 211
1
3652 6
1
3653 57
1
3654 90
1
3655 171
1
3656 38
1
3657 191
1
3658 93
1
3659 50
1
3660 76
1
3661 116
1
3662 45
1
3663 122
1
3664 224
1
3665 179
1
3666 246
1
3667 111
1
3668 173
1
3669 47
1
3670 138
1
3671 205
1
3672 79
1
3673 138
1
3674 150
1
3675 27
1
3676 193
1
3677 66
1
3678 47
1
3679 153
1
3680 189
1
3681 33
1
3682 17
1
3683 143
1
3684 188
1
3685 112
1
3686 27
1
3687 123
1
3688 243
1
3689 178
1
3690 178
1
3691 181
1
3692 214
1
3693 209
1
3694 178
1
3695 125
1
3696 18
1
3697 96
1
3698 98
1
3699 50
1
3700 27
1
3701 178
1
3702 84
1
3703 16
1
3704 22
1
3705 39
1
3706 207
1
3707 217
1
3708 130
1
3709 61
1
3710 95
1
3711 7
1
3712 44
1
3713 133
1
3714 229
1
3715 48
1
3716 248
1
3717 148
0
1
3718 133
1
3719 159
1
3720 75
1
3721 231
1
3722 257
1
3723 8
0
1
3724 175
1
3725 88
1
3726 75
0
1
3727 80
0
1
3728 126
1
3729 209
1
3730 51
1
3731 170
1
3732 53
1
3733 246
1
3734 46
1
3735 144
1
3736 155
1
3737 251
1
3738 93
1
3739 99
0
1
3740 91
1
3741 77
1
3742 34
1
3743 173
1
3744 107
1
3745 61
1
3746 59
1
3747 205
1
3748 135
1
3749 227
1
3750 21
1
3751 119
1
3752 2
1
3753 81
1
3754 50
1
3755 100
1
3756 255
1
3757 250
1
3758 178
1
3759 226
1
3760 112
1
3761 160
1
3762 196
1
3763 35
1
3764 118
1
3765 143
1
3766 107
0
1
3767 216
1
3768 195
1
3769 229
1
3770 258
1
3771 102
1
3772 196
1
3773 143
1
3774 256
1
3775 222
1
3776 117
1
3777 53
1
3778 53
1
3779 180
1
3780 150
1
3781 134
1
3782 181
1
3783 126
1
3784 212
1
3785 259
1
3786 97
1
3787 45
1
3788 69
0
1
3789 210
1
3790 196
1
3791 172
1
3792 27
1
3793 29
1
3794 22
1
3795 194
1
3796 67
1
3797 250
1
3798 112
1
3799 227
1
3800 74
1
3801 207
1
3802 31
1
3803 46
1
3804 206
1
3805 48
1
3806 109
1
3807 196
1
3808 150
1
3809 140
1
3810 82
1
3811 232
1
3812 107
1
3813 99
1
3814 245
1
3815 116
1
3816 166
1
3817 165
1
3818 97
1
3819 18
0
1
3820 196
1
3821 21
1
3822 184
0
1
3823 11
1
3824 175
0
1
3825 60
1
3826 84
1
3827 196
1
3828 120
1
3829 26
1
3830 126
1
3831 73
1
3832 156
1
3833 93
1
3834 88
1
3835 80
1
3836 201
1
3837 173
1
3838 91
1
3839 161
1
3840 236
1
3841 23
1
3842 240
1
3843 140
1
3844 14
1
3845 140
1
3846 196
1
3847 259
1
3848 13
1
3849 251
0
1
3850 148
1
3851 167
1
3852 250
1
3853 174
1
3854 166
1
3855 159
1
3856 62
1
3857 57
1
3858 255
0
1
3859 210
1
3860 230
1
3861 214
1
3862 17
1
3863 195
1
3864 226
1
3865 136
1
3866 170
1
3867 224
1
3868 242
1
3869 223
1
3870 243
1
3871 24
0
1
3872 28
1
3873 182
1
3874 165
1
3875 149
1
3876 74
1
3877 88
0
1
3878 226
1
3879 179
1
3880 83
1
3881 158
1
3882 255
1
3883 122
1
3884 88
1
3885 53
1
3886 162
1
3887 144
1
3888 153
1
3889 47
1
3890 239
1
3891 157
1
3892 211
1
3893 139
1
3894 145
1
3895 70
1
3896 175
1
3897 13
1
3898 212
1
3899 34
1
3900 72
1
3901 76
1
3902 54
1
3903 40
1
3904 112
1
3905 170
1
3906 241
1
3907 17
1
3908 41
1
3909 113
1
3910 163
1
3911 132
1
3912 143
1
3913 85
1
3914 175
1
3915 155
1
3916 24
1
3917 52
1
3918 180
1
3919 70
1
3920 247
1
3921 255
1
3922 143
1
3923 68
1
3924 209
1
3925 180
0
1
3926 57
1
3927 172
1
3928 105
1
3929 65
1
3930 91
1
3931 161
1
3932 142
1
3933 41
1
3934 40
1
3935 132
1
3936 15
1
3937 152
0
1
3938 102
0
1
3939 149
1
3940 99
1
3941 243
1
3942 100
1
3943 76
1
3944 203
1
3945 73
1
3946 199
1
3947 151
1
3948 42
1
3949 231
1
3950 220
1
3951 77
1
3952 98
1
3953 228
1
3954 25
1
3955 42
1
3956 160
1
3957 188
1
3958 184
1
3959 138
1
3960 91
1
3961 135
1
3962 236
1
3963 83
1
3964 247
0
1
3965 58
1
3966 164
1
3967 162
1
3968 155
1
3969 132
1
3970 40
1
3971 165
1
3972 212
1
3973 150
0
1
3974 258
1
3975 101
1
3976 225
1
3977 51
1
3978 97
1
3979 159
0
1
3980 178
1
3981 10
1
3982 38
1
3983 43
1
3984 169
1
3985 106
1
3986 45
1
3987 124
1
3988 234
1
3989 213
1
3990 36
1
3991 113
1
3992 211
1
3993 256
1
3994 147
1
3995 169
1
3996 61
1
3997 14
1
3998 91
1
3999 3
1
4000 179
1
4001 252
1
4002 234
1
4003 40
1
4004 73
1
4005 243
1
4006 148
1
4007 51
1
4008 9
1
4009 249
1
4010 97
1
4011 104
1
4012 243
1
4013 226
1
4014 25
0
1
4015 243
1
4016 136
1
4017 248
1
4018 217
1
4019 133
1
4020 64
1
4021 134
1
4022 162
1
4023 13
1
4024 98
1
4025 222
1
4026 45
1
4027 21
1
4028 215
1
4029 140
1
4030 86
1
4031 91
1
4032 16
1
4033 109
1
4034 190
1
4035 100
1
4036 248
0
1
4037 196
1
4038 101
1
4039 57
1
4040 95
1
4041 11
1
4042 221
1
4043 3
1
4044 106
1
4045 38
1
4046 211
1
4047 124
1
4048 79
1
4049 35
1
4050 211
1
4051 195
1
4052 181
1
4053 64
1
4054 14
1
4055 249
1
4056 49
1
4057 107
1
4058 92
1
4059 251
1
4060 243
1
4061 63
1
4062 171
1
4063 225
1
4064 172
1
4065 103
1
4066 21
1
4067 36
1
4068 112
1
4069 25
1
4070 63
1
4071 235
1
4072 66
0
1
4073 42
1
4074 80
1
4075 129
1
4076 29
1
4077 153
1
4078 244
1
4079 2
1
4080 211
1
4081 13
1
4082 222
1
4083 106
1
4084 165
1
4085 163
1
4086 73
1
4087 97
1
4088 193
0
1
4089 63
1
4090 256
0
1
4091 186
1
4092 195
1
4093 98
1
4094 55
1
4095 116
1
4096 164
1
4097 139
1
4098 127
1
4099 222
1
4100 101
1
4101 43
1
4102 244
1
4103 122
1
4104 76
1
4105 93
1
4106 240
1
4107 236
1
4108 109
1
4109 41
1
4110 249
1
4111 21
1
4112 211
1
4113 198
1
4114 165
1
4115 192
1
4116 188
1
4117 168
1
4118 234
0
1
4119 207
1
4120 190
1
4121 118
1
4122 56
1
4123 34
1
4124 38
1
4125 253
1
4126 114
1
4127 106
1
4128 170
1
4129 108
1
4130 97
1
4131 76
1
4132 191
1
4133 253
1
4134 144
1
4135 48
1
4136 99
1
4137 34
1
4138 51
0
0
1
4139 157
1
4140 237
1
4141 215
1
4142 84
1
4143 172
1
4144 230
1
4145 210
1
4146 2
1
4147 250
1
4148 5
1
4149 40
0
1
4150 58
1
4151 197
1
4152 136
1
4153 81
1
4154 111
0
1
4155 159
1
4156 56
1
4157 154
1
4158 85
1
4159 87
1
4160 47
1
4161 11
1
4162 18
1
4163 134
1
4164 211
1
4165 160
1
4166 183
1
4167 42
1
4168 15
1
4169 143
1
4170 17
1
4171 242
1
4172 26
1
4173 114
1
4174 23
1
4175 120
1
4176 129
1
4177 57
1
4178 70
1
4179 224
1
4180 235
1
4181 102
1
4182 172
1
4183 75
1
4184 131
1
4185 220
1
4186 57
1
4187 173
1
4188 124
1
4189 134
1
4190 110
1
4191 154
1
4192 107
1
4193 196
1
4194 34
1
4195 172
1
4196 13
1
4197 128
1
4198 232
1
4199 49
1
4200 247
1
4201 61
1
4202 258
1
4203 209
1
4204 198
1
4205 67
1
4206 128
1
4207 217
1
4208 215
1
4209 77
1
4210 124
1
4211 138
1
4212 253
0
1
4213 230
1
4214 226
1
4215 55
1
4216 233
1
4217 31
1
4218 217
0
1
4219 232
1
4220 21
1
4221 95
1
4222 163
1
4223 190
1
4224 155
1
4225 90
1
4226 26
1
4227 215
0
1
4228 180
1
4229 79
1
4230 12
1
4231 235
1
4232 144
1
4233 175
1
4234 246
1
4235 21
1
4236 228
1
4237 68
1
4238 183
1
4239 67
1
4240 213
1
4241 215
1
4242 229
1
4243 153
1
4244 248
1
4245 90
1
4246 9
1
4247 180
1
4248 127
1
4249 56
1
4250 180
1
4251 138
1
4252 243
1
4253 258
1
4254 248
1
4255 119
1
4256 155
1
4257 206
1
4258 62
1
4259 259
1
4260 116
1
4261 256
1
4262 138
1
4263 158
1
4264 58
1
4265 53
1
4266 34
1
4267 180
1
4268 240
1
4269 150
1
4270 61
1
4271 186
1
4272 138
1
4273 62
1
4274 146
1
4275 214
1
4276 250
1
4277 23
1
4278 94
1
4279 212
1
4280 50
1
4281 8
1
4282 171
1
4283 144
1
4284 223
1
4285 169
1
4286 170
1
4287 194
1
4288 18
0
1
4289 112
0
1
4290 233
1
4291 193
1
4292 103
1
4293 74
1
4294 182
1
4295 87
1
4296 132
1
4297 197
1
4298 116
1
4299 147
1
4300 204
1
4301 71
1
4302 97
1
4303 247
1
4304 172
1
4305 165
1
4306 129
1
4307 227
1
4308 102
1
4309 70
1
4310 79
1
4311 59
1
4312 12
1
4313 213
1
4314 49
1
4315 111
1
4316 30
1
4317 207
1
4318 119
1
4319 108
1
4320 214
1
4321 134
1
4322 98
1
4323 73
1
4324 107
1
4325 6
1
4326 111
1
4327 63
1
4328 142
1
4329 116
1
4330 248
1
4331 208
1
4332 244
1
4333 27
1
4334 191
1
4335 23
1
4336 171
1
4337 203
1
4338 179
1
4339 102
1
4340 140
1
4341 9
1
4342 161
1
4343 159
1
4344 158
1
4345 199
1
4346 224
1
4347 249
1
4348 167
0
1
4349 120
1
4350 18
1
4351 234
1
4352 204
1
4353 50
1
4354 48
1
4355 195
1
4356 77
1
4357 13
1
4358 258
1
4359 220
1
4360 200
1
4361 117
1
4362 51
1
4363 133
1
4364 257
1
4365 227
1
4366 127
1
4367 28
1
4368 119
1
4369 197
1
4370 149
1
4371 52
1
4372 3
1
4373 111
1
4374 182
1
4375 14
1
4376 4
1
4377 190
1
4378 211
1
4379 115
1
4380 52
1
4381 231
1
4382 213
1
4383 126
1
4384 189
1
4385 251
1
4386 252
1
4387 256
1
4388 129
1
4389 5
1
4390 132
1
4391 10
1
4392 143
1
4393 102
1
4394 83
1
4395 25
1
4396 176
1
4397 49
1
4398 122
1
4399 88
1
4400 144
1
4401 45
1
4402 75
1
4403 242
1
4404 80
1
4405 84
1
4406 123
1
4407 55
1
4408 62
1
4409 201
1
4410 128
1
4411 251
1
4412 76
1
4413 114
1
4414 74
1
4415 156
1
4416 21
1
4417 47
1
4418 40
1
4419 16
1
4420 74
1
4421 86
1
4422 184
1
4423 18
1
4424 173
1
4425 190
1
4426 188
1
4427 103
1
4428 66
1
4429 147
1
4430 114
1
4431 198
1
4432 211
1
4433 251
1
4434 139
1
4435 10
1
4436 139
1
4437 137
1
4438 211
1
4439 236
1
4440 32
1
4441 232
1
4442 37
1
4443 257
1
4444 249
1
4445 31
1
4446 239
1
4447 181
1
4448 135
1
4449 80
1
4450 256
1
4451 238
0
1
4452 132
0
1
4453 119
0
0
1
4454 143
1
4455 93
1
4456 83
1
4457 204
1
4458 123
1
4459 121
1
4460 71
1
4461 132
0
1
4462 231
1
4463 222
1
4464 61
1
4465 31
1
4466 166
1
4467 98
1
4468 57
0
1
4469 239
1
4470 146
1
4471 5
0
0
1
4472 186
1
4473 160
1
4474 140
1
4475 116
1
4476 243
1
4477 207
1
4478 202
1
4479 143
1
4480 65
1
4481 124
1
4482 78
1
4483 104
1
4484 21
1
4485 135
1
4486 21
1
4487 113
1
4488 159
1
4489 195
1
4490 174
0
1
4491 192
1
4492 191
1
4493 177
1
4494 231
1
4495 20
1
4496 229
1
4497 223
0
1
4498 171
0
1
4499 250
1
4500 97
1
4501 137
0
1
4502 52
1
4503 137
1
4504 156
1
4505 17
1
4506 255
1
4507 214
1
4508 50
1
4509 240
1
4510 226
1
4511 184
1
4512 210
1
4513 186
1
4514 74
1
4515 246
1
4516 112
1
4517 100
0
1
4518 7
0
1
4519 211
0
0
1
4520 96
1
4521 129
1
4522 234
0
1
4523 129
1
4524 51
1
4525 139
1
4526 79
1
4527 71
0
1
4528 216
1
4529 73
1
4530 33
1
4531 165
1
4532 104
1
4533 102
1
4534 165
1
4535 15
1
4536 218
0
1
4537 42
1
4538 151
1
4539 225
1
4540 225
0
1
4541 111
0
1
4542 29
0
1
4543 123
1
4544 50
0
1
4545 123
0
1
4546 146
0
1
4547 52
1
4548 162
1
4549 44
1
4550 83
1
4551 172
1
4552 209
1
4553 135
1
4554 182
1
4555 226
0
1
4556 212
1
4557 174
1
4558 117
1
4559 171
1
4560 210
0
1
4561 57
1
4562 83
0
0
1
4563 38
1
4564 133
0
1
4565 51
1
4566 245
1
4567 227
1
4568 69
1
4569 13
1
4570 12
1
4571 5
1
4572 186
1
4573 118
1
4574 124
1
4575 67
1
4576 39
1
4577 64
1
4578 96
1
4579 248
1
4580 89
0
0
1
4581 228
1
4582 187
0
0
0
0
1
4583 140
1
4584 233
1
4585 69
1
4586 174
0
1
4587 104
1
4588 239
0
1
4589 117
0
1
4590 37
1
4591 211
1
4592 226
1
4593 80
0
1
4594 106
1
4595 34
0
1
4596 161
1
4597 132
1
4598 153
1
4599 48
1
4600 107
1
4601 48
0
0
0
1
4602 89
0
1
4603 242
0
0
1
4604 165
1
4605 145
1
4606 7
1
4607 122
1
4608 161
1
4609 141
1
4610 229
0
1
4611 73
1
4612 13
1
4613 250
1
4614 259
1
4615 58
1
4616 196
1
4617 113
1
4618 159
0
1
4619 96
1
4620 254
0
1
4621 243
0
0
1
4622 34
1
4623 24
1
4624 108
1
4625 24
0
1
4626 127
1
4627 221
1
4628 188
1
4629 7
1
4630 241
1
4631 145
1
4632 106
0
0
1
4633 219
1
4634 212
1
4635 248
1
4636 12
0
1
4637 236
1
4638 192
1
4639 90
1
4640 224
1
4641 40
0
0
1
4642 162
1
4643 229
0
1
4644 17
1
4645 24
1
4646 146
0
1
4647 27
1
4648 56
0
1
4649 227
0
1
4650 60
1
4651 233
0
0
0
0
0
0
0
1
4652 107
1
4653 120
1
4654 45
0
1
4655 28
1
4656 9
0
1
4657 22
1
4658 135
0
1
4659 203
1
4660 224
0
0
1
4661 158
1
4662 233
0
0
0
1
4663 139
0
0
1
4664 155
0
1
4665 196
1
4666 140
0
0
1
4667 145
1
4668 45
1
4669 129
1
4670 177
1
4671 178
0
0
1
4672 40
0
1
4673 8
1
4674 5
0
0
0
0
1
4675 106
1
4676 222
0
1
4677 174
0
1
4678 149
1
4679 112
1
4680 253
0
0
1
4681 216
1
4682 150
1
4683 25
0
0
1
4684 236
1
4685 56
0
1
4686 50
0
1
4687 55
1
4688 70
0
1
4689 232
1
4690 23
0
0
0
0
0
0
0
1
4691 57
0
0
0
0
0
0
0
1
4692 237
0
0
0
0
0
1
4693 118
0
1
4694 250
0
0
0
1
4695 16
1
4696 126
1
4697 186
0
1
4698 247
1
4699 115
1
4700 260
1
4701 108
1
4702 189
0
0
0
0
1
4703 190
0
1
4704 59
0
1
4705 197
0
0
0
0
0
0
1
4706 57
0
1
4707 29
1
4708 147
1
4709 158
0
0
0
1
4710 87
0
0
0
1
4711 202
0
0
1
4712 197
1
4713 243
0
1
4714 123
0
0
0
0
1
4715 88
0
0
1
4716 151
0
1
4717 24
0
0
1
4718 165
0
0
0
0
0
0
0
1
4719 26
0
0
0
0
0
0
0
0
0
0
0
0
0
0
1
4720 99
0
1
4721 214
0
1
4722 196
0
0
0
0
0
1
4723 240
0
1
4724 149
1
4725 89
0
1
4726 241
0
0
0
0
1
4727 88
1
4728 101
0
0
0
0
0
1
4729 35
0
0
0
1
4730 193
0
0
1
4731 60
0
0
0
1
4732 231
0
0
0
0
0
0
0
0
1
4733 39
0
0
0
0
0
0
0
0
0
0
1
4734 49
0
0
0
0
1
4735 22
1
4736 60
0
1
4737 190
0
1
4738 101
0
0
0
0
0
0
0
0
0
1
4739 229
0
0
1
4740 140
0
0
0
0
0
0
0
1
4741 141
0
1
4742 54
0
0
1
4743 240
0
1
4744 150
0
0
0
0
0
1
4745 235
0
0
0
0
0
0
0
0
0
0
0
0
1
4746 132
0
0
0
1
4747 20
0
1
4748 52
0
1
4749 186
0
0
0
0
0
0
0
0
0
0
0
0
0
0
0
0
0
0
1
4750 159
0
0
0
0
0
0
0
0
0
1
4751 238
0
0
0
0
0
0
0
1
4752 178
0
0
0
0
0
0
0
0
0
0
0
0
0
0
0
0
0
0
0
0
0
0
0
0
0
0
0
0
0
0
0
0
0
0
0
0
0
0
0
0
0
0
0
0
0
0
0
0
0
0
0
0
0
0
0
0
0
0
0
0
0
0
0
0
0
0
0
0
0
0
0
0
0
0
0
0
0
0
0
0
0
0
0
0
0
0
0
0
0
0
0
0
0
0
0
0
0
0
0
0
0
0
0
0
0
0
0
0
0
0
0
0
0
0
0
0
0
0
0
0
0
0
0
0
0
0
0
0
0
0
0
0
0
0
0
0
0
0
0
0
0
0
0
0
0
0
0
0
0
0
0
0
0
0
0
0
0
0
0
0
0
0
0
0
0
0
0
0
0
0
0
0
0
0
0
0
0
0
0
0
0
0
0
0
0
0
0
0
0
0
0
0
0
0
0
0
0
0
0
0
0
0
0
0
0
0
0
0
0
0
0
0
0
0
0
0
0
0
0
0
0
0
0
0
0
0
0
0
0
0
0
0
0
0
0
0
0
0
0
0
0
0
0
0
0
0
0
0
0
0
0
0
0
0
0
0
0
0
0
0
0
0
0
0
0
0
0
0
0
0
0
0
0
0
0
0
0
0
0
0
0
0
0
0
0
0
0
0
0
0
0
0
0
0
0
0
0
0
0
0
0
0
0
0
0
0
0
0
0
0
0
0
0
0
0
0
0
0
0
0
0
0
0
0
0
0
0
0
0
0
0
0
0
0
0
0
0
0
0
0
0
0
0
0
0
0
0
0
0
0
0
0
0
0
0
0
0
0
0
0
0
0
0
0
0
0
0
0
0
0
0
0
0
0
0
0
0
0
0
0
0
0
0
0
0
0
0
0
0
0
0
0
0
0
0
0
0
0
0
0
0
0
0
0
0
0
0
0
0
0
0
0
0
0
0
0
0
0
0
0
0
0
0
0
0
0
0
0
0
0
0
0
0
0
0
0
0
0
0
0
0
0
0
0
0
0
0
0
0
0
0
0
0
0
0
0
0
0
0
0
0
0
0
0
0
0
0
0
0
0
0
0
0
0
0
0
0
0
0
0
0
0
0
0
0
0
0
0
0
0
0
0
0
0
0
0
0
0
0
0
0
0
0
0
0
0
0
0
0
0
0
0
0
0
0
0
0
0
0
0
0
0
0
