208 359
60 101 3
179 121 3
37 135 3
184 195 2
9 90 3
41 154 4
194 51 5
193 120 3
52 198 3
123 118 3
83 103 4
208 5 4
170 62 4
52 53 4
40 38 2
83 11 2
155 204 3
32 65 2
160 62 4
171 71 2
32 194 3
140 58 2
109 144 5
116 46 2
121 190 3
22 37 2
118 113 3
66 189 3
2 38 3
42 119 2
68 92 3
72 105 2
195 26 4
98 17 5
179 7 2
132 201 3
155 13 3
89 163 4
3 167 3
23 79 2
180 15 3
37 97 3
113 24 3
77 125 4
13 35 5
58 100 1
146 12 4
99 54 3
124 145 4
170 150 4
106 82 4
86 149 3
102 59 3
15 144 4
112 30 4
57 95 2
177 81 4
61 68 3
101 206 3
185 11 5
41 119 4
70 77 4
202 165 4
186 110 3
204 146 3
102 45 5
74 93 4
112 94 4
85 55 3
174 156 3
107 49 4
191 69 4
1 109 3
115 129 3
107 176 3
157 95 2
157 120 2
63 119 3
145 111 4
6 156 3
190 8 4
105 193 5
181 199 3
41 150 4
83 148 3
148 123 4
146 178 3
66 162 3
71 42 4
173 171 3
10 28 2
67 205 3
79 166 3
84 2 3
20 178 3
183 3 3
46 30 3
70 98 4
92 96 5
152 44 4
56 58 1
126 37 3
12 20 2
44 147 3
138 128 3
49 207 3
191 165 5
120 164 4
174 67 3
176 139 5
76 38 2
100 43 3
129 39 3
72 61 3
137 9 3
46 53 3
76 117 4
122 126 3
59 45 2
47 202 3
130 201 3
91 168 3
97 22 2
159 161 2
1 9 2
25 28 3
131 168 4
118 88 4
47 4 4
175 87 3
140 206 3
142 50 5
101 196 4
169 168 3
183 78 3
88 196 4
55 164 4
134 172 3
139 168 2
201 114 5
89 84 3
35 96 4
5 117 3
192 84 3
43 34 5
25 124 4
133 85 4
131 102 3
136 127 4
27 151 3
24 130 2
134 124 2
122 97 2
199 186 3
146 189 3
126 97 2
177 104 4
171 111 3
148 86 3
60 34 3
162 106 3
1 190 4
80 130 3
186 39 2
79 32 2
116 152 4
131 45 5
21 87 3
30 152 4
161 30 3
139 91 4
72 92 4
184 61 3
93 73 4
14 108 3
26 29 3
16 3 3
48 25 3
17 75 3
129 87 3
4 191 6
111 63 5
50 62 3
98 125 2
207 205 4
187 143 4
50 150 2
8 179 4
17 111 3
167 18 4
77 147 3
81 35 3
51 74 4
19 194 3
122 127 3
47 15 2
119 197 3
172 145 3
195 114 4
18 16 3
186 188 4
69 81 3
199 27 4
151 128 3
175 21 5
118 196 3
47 158 3
36 27 3
71 197 2
208 32 3
176 169 5
40 31 1
121 8 3
94 97 3
103 136 4
133 60 3
140 100 2
67 6 2
173 5 4
33 10 4
88 123 2
13 92 3
15 4 3
29 182 4
153 75 4
160 142 4
158 165 2
163 2 3
141 49 4
159 46 4
115 77 2
100 56 2
163 16 2
150 160 4
68 105 3
134 28 3
16 154 3
101 140 2
104 106 3
202 144 4
40 76 4
135 22 3
11 148 4
24 132 4
203 157 3
91 176 3
198 10 2
166 153 3
153 36 2
48 33 3
78 143 2
135 91 4
177 162 2
14 7 3
141 174 5
179 192 2
5 19 3
24 86 3
89 18 3
123 11 3
203 114 3
136 99 4
158 4 4
175 136 3
190 9 2
195 68 3
149 80 4
64 151 4
65 23 3
185 6 4
180 104 3
94 22 3
87 54 3
155 26 3
175 99 2
194 108 3
86 80 2
197 117 2
53 10 3
178 66 3
117 171 2
41 50 3
59 112 3
147 172 5
173 197 3
79 65 2
142 187 2
193 95 2
81 66 2
69 96 5
21 127 3
12 64 3
203 132 5
128 200 4
135 107 3
113 58 3
57 203 4
125 172 3
185 156 3
31 163 3
33 28 4
82 180 4
206 60 2
33 198 2
108 19 2
154 3 4
204 20 4
183 187 2
51 121 4
138 29 4
141 205 3
90 93 4
90 82 5
54 39 2
126 207 3
31 38 2
23 74 2
44 115 4
31 14 3
200 138 3
89 2 4
181 110 4
133 34 2
109 137 4
70 181 3
188 149 5
64 36 3
159 52 5
137 82 4
75 173 3
120 57 3
155 184 5
110 39 3
73 178 5
182 128 3
34 206 4
167 78 6
103 99 3
73 23 3
208 108 3
147 116 4
161 53 3
161 198 5
48 10 3
34 55 2
1 8 3
43 164 3
63 170 3
138 80 4
56 140 1
19 208 3
200 182 2
54 188 4
192 7 3
170 42 3
113 56 5
166 65 3
20 151 3
35 189 3
10000
0
0
0
0
0
0
0
0
0
0
0
0
0
0
0
0
0
0
0
0
0
0
0
0
0
0
0
0
0
0
0
0
0
0
0
0
0
0
0
0
0
0
0
0
0
0
1
1 56
0
0
0
0
0
0
0
0
0
0
0
0
0
0
0
0
1
2 48
0
0
0
0
0
0
0
1
3 123
0
0
0
1
4 189
0
0
0
0
1
5 36
0
0
0
0
1
6 38
1
7 94
0
1
8 19
0
0
1
9 190
0
0
1
10 4
0
0
1
11 101
1
12 186
0
0
0
0
0
0
0
0
0
0
0
0
0
1
13 112
0
0
1
14 147
0
0
0
0
0
0
0
0
0
1
15 144
1
16 44
0
0
0
0
0
0
0
0
0
0
1
17 152
0
0
1
18 84
0
0
0
1
19 188
0
0
0
1
20 42
0
1
21 49
0
0
0
0
1
22 159
0
0
1
23 32
0
0
0
1
24 146
1
25 73
1
26 30
0
0
1
27 161
0
1
28 93
1
29 208
1
30 93
0
1
31 78
0
0
1
32 182
0
0
1
33 101
1
34 174
1
35 14
1
36 58
0
1
37 109
1
38 185
1
39 128
0
0
0
0
0
1
40 51
0
1
41 125
1
42 190
1
43 179
1
44 43
1
45 40
0
1
46 51
0
0
1
47 162
0
0
1
48 38
1
49 152
0
1
50 187
0
1
51 34
0
1
52 178
0
0
1
53 78
1
54 83
0
1
55 29
1
56 18
1
57 15
0
0
0
0
0
1
58 140
1
59 39
0
0
1
60 14
1
61 184
1
62 107
1
63 93
1
64 71
1
65 71
1
66 43
1
67 174
1
68 82
0
0
1
69 65
1
70 33
0
0
0
1
71 162
1
72 83
1
73 71
1
74 195
1
75 36
0
1
76 48
1
77 121
1
78 37
1
79 61
1
80 198
0
1
81 10
0
1
82 5
1
83 76
1
84 205
1
85 74
1
86 85
1
87 96
1
88 120
1
89 64
1
90 4
1
91 119
0
1
92 199
1
93 85
0
1
94 32
1
95 108
1
96 176
1
97 104
1
98 166
1
99 84
0
1
100 2
1
101 134
1
102 33
1
103 72
0
1
104 7
1
105 73
1
106 181
1
107 164
1
108 11
1
109 13
1
110 41
0
0
1
111 154
0
1
112 58
1
113 188
1
114 169
1
115 70
1
116 3
1
117 71
0
1
118 93
0
1
119 201
1
120 28
1
121 69
1
122 147
1
123 196
1
124 166
0
0
1
125 8
1
126 127
0
0
0
1
127 111
1
128 165
1
129 190
0
1
130 151
1
131 186
0
1
132 143
1
133 82
1
134 86
0
1
135 75
1
136 17
0
1
137 108
1
138 137
1
139 178
0
1
140 127
1
141 30
0
1
142 17
1
143 193
1
144 162
1
145 162
0
1
146 148
0
1
147 86
1
148 73
1
149 135
1
150 187
1
151 167
1
152 153
1
153 189
1
154 123
1
155 162
1
156 166
0
1
157 128
1
158 12
1
159 56
1
160 125
1
161 176
1
162 9
1
163 151
1
164 4
1
165 89
1
166 5
1
167 87
1
168 48
1
169 21
1
170 181
1
171 105
1
172 171
1
173 109
1
174 126
1
175 29
1
176 50
1
177 49
1
178 139
1
179 40
1
180 96
1
181 20
1
182 79
1
183 148
1
184 186
1
185 179
1
186 52
1
187 142
1
188 51
1
189 192
1
190 76
1
191 130
1
192 29
1
193 46
1
194 51
1
195 55
1
196 121
1
197 101
1
198 90
1
199 82
1
200 113
1
201 114
1
202 86
1
203 108
1
204 84
1
205 99
1
206 174
1
207 164
1
208 72
1
209 19
1
210 11
1
211 93
1
212 117
1
213 27
1
214 123
1
215 184
1
216 29
1
217 156
1
218 59
1
219 18
1
220 164
1
221 112
1
222 85
1
223 73
1
224 121
1
225 17
1
226 107
1
227 123
1
228 36
1
229 115
1
230 46
1
231 126
1
232 50
1
233 19
1
234 45
1
235 173
1
236 154
1
237 24
1
238 9
1
239 110
1
240 180
1
241 203
1
242 107
1
243 109
1
244 90
1
245 174
1
246 3
1
247 28
1
248 64
1
249 5
1
250 121
1
251 183
1
252 50
1
253 153
1
254 86
1
255 65
1
256 111
1
257 119
1
258 56
1
259 116
1
260 178
1
261 153
1
262 62
1
263 92
1
264 145
1
265 84
1
266 45
1
267 67
1
268 166
1
269 184
1
270 16
1
271 110
1
272 52
1
273 106
1
274 63
1
275 108
1
276 16
1
277 147
1
278 77
1
279 59
1
280 207
1
281 81
1
282 19
1
283 38
1
284 31
1
285 64
1
286 198
1
287 178
1
288 14
1
289 173
0
1
290 48
1
291 42
1
292 128
1
293 88
1
294 173
1
295 36
1
296 206
1
297 121
1
298 126
1
299 57
1
300 75
1
301 146
1
302 17
1
303 168
1
304 20
1
305 84
1
306 57
1
307 72
1
308 10
1
309 153
1
310 124
1
311 185
1
312 124
1
313 128
1
314 30
1
315 97
1
316 127
1
317 31
1
318 27
1
319 98
1
320 104
1
321 153
1
322 92
1
323 84
1
324 188
1
325 178
1
326 189
1
327 65
1
328 65
1
329 189
1
330 27
1
331 87
1
332 199
1
333 109
1
334 96
1
335 23
1
336 116
1
337 182
1
338 96
1
339 206
1
340 22
1
341 14
1
342 146
1
343 125
1
344 13
1
345 13
1
346 160
1
347 201
1
348 110
1
349 147
1
350 14
1
351 140
1
352 41
1
353 3
1
354 138
1
355 176
1
356 14
1
357 97
1
358 53
1
359 86
1
360 141
1
361 130
1
362 166
1
363 58
1
364 14
1
365 102
1
366 197
1
367 130
1
368 185
1
369 116
1
370 82
1
371 5
1
372 203
1
373 7
1
374 194
1
375 148
1
376 108
1
377 74
1
378 49
1
379 5
1
380 188
1
381 175
1
382 97
1
383 198
1
384 73
1
385 24
1
386 88
1
387 79
1
388 9
1
389 191
1
390 19
1
391 194
1
392 101
1
393 34
1
394 13
1
395 41
1
396 36
1
397 52
1
398 178
1
399 89
1
400 125
1
401 101
1
402 208
1
403 81
1
404 77
1
405 167
1
406 144
1
407 127
1
408 36
1
409 79
1
410 130
1
411 61
1
412 149
1
413 158
1
414 208
1
415 16
1
416 169
1
417 190
1
418 75
1
419 107
1
420 194
1
421 169
1
422 12
1
423 87
1
424 6
1
425 29
1
426 168
1
427 87
1
428 205
1
429 65
1
430 72
1
431 202
1
432 73
1
433 25
1
434 173
1
435 112
1
436 20
1
437 110
1
438 181
1
439 65
1
440 67
1
441 108
1
442 159
1
443 93
1
444 20
1
445 70
1
446 72
1
447 76
1
448 161
1
449 108
1
450 197
1
451 207
1
452 43
1
453 203
1
454 192
1
455 51
1
456 102
1
457 62
1
458 14
1
459 25
1
460 62
1
461 160
1
462 93
1
463 147
1
464 84
1
465 174
0
1
466 125
1
467 154
1
468 47
1
469 21
1
470 32
1
471 165
1
472 47
1
473 39
1
474 46
0
1
475 158
1
476 179
1
477 47
1
478 166
1
479 97
1
480 88
1
481 81
1
482 55
1
483 175
1
484 89
1
485 149
1
486 115
1
487 23
1
488 63
1
489 26
1
490 74
1
491 189
1
492 119
1
493 118
1
494 75
1
495 80
1
496 75
1
497 94
1
498 124
1
499 73
1
500 24
1
501 26
1
502 132
1
503 79
0
1
504 180
1
505 108
1
506 49
1
507 154
1
508 133
1
509 36
1
510 173
1
511 109
1
512 87
1
513 17
1
514 94
1
515 76
1
516 181
1
517 100
1
518 125
1
519 142
1
520 35
1
521 205
1
522 154
1
523 36
1
524 47
1
525 143
1
526 28
1
527 81
1
528 142
1
529 124
1
530 153
1
531 110
1
532 62
1
533 80
1
534 18
1
535 31
1
536 123
1
537 53
1
538 59
1
539 41
1
540 163
1
541 40
1
542 19
1
543 76
1
544 54
1
545 92
1
546 207
1
547 153
1
548 88
1
549 115
1
550 178
1
551 131
1
552 20
1
553 17
1
554 74
1
555 181
1
556 107
1
557 194
1
558 17
1
559 14
1
560 121
1
561 5
1
562 96
1
563 208
1
564 32
1
565 177
1
566 120
1
567 51
1
568 146
1
569 199
1
570 98
1
571 17
1
572 166
1
573 144
1
574 94
1
575 169
1
576 167
1
577 202
1
578 93
1
579 3
1
580 64
1
581 3
1
582 102
1
583 84
1
584 22
1
585 132
1
586 57
1
587 94
1
588 131
1
589 160
1
590 185
1
591 204
1
592 42
1
593 147
1
594 107
1
595 83
1
596 93
1
597 93
1
598 197
0
1
599 134
1
600 96
1
601 59
1
602 188
1
603 22
1
604 60
1
605 143
1
606 175
1
607 38
1
608 120
1
609 124
1
610 195
1
611 89
1
612 201
1
613 177
1
614 157
1
615 111
1
616 138
1
617 25
1
618 129
1
619 64
1
620 61
1
621 166
1
622 5
1
623 106
1
624 177
1
625 80
1
626 165
1
627 145
1
628 20
1
629 79
1
630 125
1
631 126
0
1
632 172
1
633 156
1
634 208
1
635 203
0
1
636 198
1
637 156
1
638 163
1
639 197
1
640 82
1
641 84
1
642 129
1
643 59
1
644 88
1
645 42
1
646 66
0
1
647 164
1
648 194
1
649 56
1
650 163
1
651 153
1
652 136
1
653 170
1
654 144
1
655 54
1
656 132
1
657 93
1
658 28
1
659 99
1
660 92
1
661 165
1
662 168
0
1
663 27
1
664 91
1
665 138
1
666 105
1
667 109
1
668 125
1
669 68
1
670 2
1
671 140
1
672 74
1
673 17
1
674 4
1
675 186
1
676 65
1
677 10
1
678 153
1
679 20
1
680 169
1
681 118
1
682 194
1
683 93
1
684 194
1
685 171
1
686 131
1
687 103
0
1
688 55
1
689 106
1
690 56
1
691 115
1
692 162
1
693 9
1
694 208
1
695 179
1
696 63
1
697 16
1
698 107
1
699 64
1
700 192
1
701 143
1
702 120
1
703 112
1
704 8
1
705 25
0
1
706 12
1
707 66
1
708 203
1
709 154
1
710 20
1
711 41
1
712 12
1
713 65
1
714 42
0
1
715 164
1
716 24
1
717 204
1
718 96
1
719 163
1
720 155
1
721 64
1
722 36
1
723 22
1
724 74
1
725 65
1
726 204
1
727 98
1
728 162
1
729 34
1
730 173
1
731 88
1
732 127
1
733 163
1
734 46
1
735 153
1
736 13
1
737 194
1
738 189
1
739 29
1
740 160
1
741 42
1
742 88
1
743 17
1
744 194
1
745 36
1
746 178
1
747 143
1
748 79
1
749 184
1
750 194
1
751 111
1
752 8
1
753 58
1
754 149
1
755 19
1
756 108
1
757 128
1
758 10
1
759 105
1
760 113
1
761 135
1
762 138
1
763 134
1
764 101
0
0
1
765 200
1
766 195
1
767 20
1
768 196
1
769 186
1
770 123
1
771 40
1
772 17
1
773 5
1
774 107
1
775 132
0
1
776 203
1
777 53
1
778 101
1
779 180
1
780 153
1
781 144
1
782 177
1
783 132
1
784 38
1
785 146
0
0
1
786 89
1
787 119
1
788 89
1
789 164
1
790 161
1
791 32
1
792 13
1
793 115
1
794 148
1
795 52
1
796 12
1
797 46
1
798 24
1
799 106
1
800 118
1
801 149
1
802 9
1
803 84
1
804 128
1
805 152
1
806 32
1
807 65
1
808 160
1
809 173
1
810 65
1
811 74
1
812 130
1
813 168
1
814 22
1
815 133
1
816 36
1
817 36
1
818 188
1
819 36
1
820 12
1
821 116
1
822 40
1
823 37
1
824 14
1
825 32
1
826 109
1
827 11
1
828 124
0
1
829 144
1
830 124
1
831 119
1
832 59
1
833 179
1
834 105
1
835 3
1
836 178
1
837 52
1
838 194
1
839 163
1
840 74
1
841 69
1
842 146
1
843 198
1
844 14
1
845 17
1
846 185
1
847 84
0
1
848 168
1
849 131
1
850 206
1
851 66
1
852 118
1
853 163
0
1
854 180
1
855 193
1
856 136
1
857 5
1
858 7
1
859 101
1
860 202
0
1
861 164
1
862 65
1
863 69
1
864 154
1
865 15
1
866 23
1
867 132
1
868 93
1
869 33
1
870 54
0
1
871 193
1
872 182
1
873 55
1
874 199
1
875 65
1
876 125
1
877 91
1
878 22
1
879 76
1
880 16
1
881 27
1
882 143
1
883 189
1
884 160
1
885 115
1
886 187
1
887 144
1
888 8
1
889 93
1
890 45
1
891 171
1
892 58
1
893 121
1
894 136
1
895 191
0
1
896 5
1
897 123
1
898 135
1
899 171
1
900 26
1
901 103
0
1
902 40
1
903 172
1
904 122
1
905 79
1
906 91
1
907 49
1
908 9
1
909 32
1
910 153
1
911 203
1
912 95
1
913 26
1
914 74
1
915 10
1
916 174
0
0
1
917 99
1
918 20
1
919 142
0
1
920 133
1
921 57
1
922 31
1
923 149
1
924 90
1
925 47
1
926 168
1
927 162
1
928 17
1
929 111
0
1
930 208
0
1
931 76
1
932 101
1
933 141
1
934 169
1
935 35
1
936 196
1
937 176
1
938 36
1
939 76
1
940 154
1
941 153
1
942 62
1
943 120
1
944 90
1
945 131
1
946 45
1
947 74
1
948 115
1
949 180
1
950 37
1
951 160
1
952 83
1
953 12
1
954 40
1
955 83
1
956 67
1
957 33
1
958 3
1
959 198
0
1
960 132
0
1
961 33
1
962 103
0
1
963 77
0
1
964 2
1
965 207
1
966 119
1
967 43
1
968 103
1
969 108
1
970 76
1
971 149
1
972 182
1
973 166
0
1
974 72
1
975 22
0
1
976 135
1
977 81
1
978 137
1
979 7
1
980 186
1
981 128
1
982 43
1
983 30
1
984 187
0
1
985 208
1
986 185
1
987 122
1
988 172
1
989 129
1
990 150
1
991 57
1
992 37
1
993 133
0
1
994 74
1
995 194
1
996 154
1
997 17
1
998 113
1
999 23
1
1000 76
0
1
1001 4
1
1002 159
0
1
1003 34
1
1004 112
1
1005 69
1
1006 41
1
1007 95
1
1008 107
1
1009 141
1
1010 152
1
1011 115
1
1012 97
1
1013 74
1
1014 154
1
1015 18
1
1016 112
1
1017 200
1
1018 81
1
1019 45
1
1020 165
0
1
1021 198
1
1022 150
1
1023 165
1
1024 181
1
1025 205
1
1026 128
1
1027 76
1
1028 181
1
1029 83
1
1030 55
1
1031 72
1
1032 8
1
1033 191
0
1
1034 56
1
1035 88
1
1036 113
1
1037 132
1
1038 166
1
1039 14
1
1040 19
1
1041 80
1
1042 119
1
1043 109
1
1044 8
1
1045 72
1
1046 161
1
1047 19
1
1048 158
1
1049 139
1
1050 60
1
1051 111
1
1052 19
1
1053 65
1
1054 51
1
1055 166
1
1056 107
1
1057 85
1
1058 178
1
1059 72
1
1060 170
1
1061 132
0
1
1062 208
0
1
1063 50
1
1064 15
1
1065 140
1
1066 9
1
1067 140
1
1068 66
1
1069 143
1
1070 155
1
1071 98
1
1072 83
1
1073 78
1
1074 76
1
1075 95
1
1076 87
1
1077 79
1
1078 36
1
1079 125
1
1080 143
1
1081 11
1
1082 118
1
1083 42
1
1084 105
1
1085 42
1
1086 137
1
1087 181
0
1
1088 202
1
1089 138
1
1090 102
0
1
1091 50
1
1092 73
1
1093 47
1
1094 198
1
1095 44
1
1096 196
0
1
1097 107
1
1098 93
1
1099 32
1
1100 115
1
1101 202
1
1102 72
1
1103 159
1
1104 92
1
1105 208
1
1106 201
1
1107 90
1
1108 56
1
1109 18
1
1110 38
1
1111 44
1
1112 121
1
1113 156
1
1114 183
1
1115 7
1
1116 32
1
1117 40
1
1118 141
1
1119 133
1
1120 62
1
1121 153
1
1122 61
1
1123 43
1
1124 110
1
1125 2
1
1126 17
1
1127 182
0
1
1128 58
1
1129 147
0
1
1130 199
1
1131 153
1
1132 172
1
1133 5
1
1134 80
1
1135 180
1
1136 184
1
1137 178
1
1138 74
1
1139 200
1
1140 135
1
1141 10
1
1142 155
1
1143 207
0
1
1144 23
1
1145 138
1
1146 171
1
1147 134
1
1148 174
1
1149 77
1
1150 36
0
1
1151 132
1
1152 173
1
1153 130
1
1154 15
0
1
1155 75
0
1
1156 72
1
1157 32
1
1158 45
1
1159 174
1
1160 46
1
1161 183
1
1162 47
1
1163 4
1
1164 162
1
1165 188
1
1166 49
1
1167 12
1
1168 101
1
1169 94
1
1170 4
1
1171 75
1
1172 73
0
1
1173 15
1
1174 203
1
1175 96
1
1176 130
1
1177 139
1
1178 32
1
1179 98
1
1180 21
1
1181 108
0
1
1182 34
1
1183 53
0
1
1184 40
1
1185 132
1
1186 183
1
1187 171
1
1188 101
1
1189 130
1
1190 109
1
1191 203
1
1192 178
1
1193 153
0
1
1194 27
0
1
1195 132
1
1196 52
1
1197 60
1
1198 130
1
1199 197
1
1200 38
1
1201 107
1
1202 185
1
1203 151
1
1204 208
1
1205 26
1
1206 15
0
1
1207 198
0
1
1208 20
1
1209 113
1
1210 50
1
1211 60
1
1212 7
1
1213 202
1
1214 99
1
1215 98
1
1216 163
1
1217 208
1
1218 73
1
1219 161
1
1220 47
1
1221 23
1
1222 72
1
1223 60
1
1224 36
1
1225 120
1
1226 39
1
1227 174
1
1228 59
1
1229 122
1
1230 208
1
1231 194
0
1
1232 178
1
1233 53
1
1234 198
1
1235 124
1
1236 153
0
1
1237 155
1
1238 27
1
1239 180
1
1240 175
1
1241 16
1
1242 46
1
1243 110
0
1
1244 176
1
1245 39
0
0
1
1246 27
1
1247 25
1
1248 110
1
1249 11
1
1250 70
1
1251 75
1
1252 111
1
1253 194
1
1254 170
1
1255 92
1
1256 91
1
1257 44
1
1258 205
1
1259 184
1
1260 139
1
1261 139
1
1262 64
1
1263 109
1
1264 111
1
1265 26
1
1266 165
1
1267 199
1
1268 33
1
1269 154
1
1270 141
1
1271 163
1
1272 164
1
1273 97
1
1274 80
1
1275 170
0
0
1
1276 3
1
1277 92
1
1278 122
1
1279 116
1
1280 166
1
1281 208
1
1282 182
1
1283 62
1
1284 121
1
1285 102
1
1286 183
1
1287 65
1
1288 177
0
0
1
1289 112
1
1290 115
1
1291 108
1
1292 75
0
1
1293 77
1
1294 170
1
1295 185
1
1296 92
1
1297 13
1
1298 49
1
1299 6
0
1
1300 48
1
1301 165
0
1
1302 41
0
1
1303 108
1
1304 9
1
1305 27
1
1306 45
1
1307 55
1
1308 80
1
1309 39
0
1
1310 170
1
1311 38
1
1312 79
1
1313 75
1
1314 66
1
1315 32
1
1316 16
1
1317 82
1
1318 176
1
1319 182
1
1320 199
1
1321 18
0
0
1
1322 133
1
1323 115
1
1324 146
0
1
1325 18
1
1326 34
1
1327 64
1
1328 20
1
1329 158
1
1330 178
1
1331 192
1
1332 123
1
1333 63
1
1334 163
1
1335 36
1
1336 84
1
1337 131
1
1338 28
1
1339 17
1
1340 125
1
1341 7
0
1
1342 47
1
1343 98
1
1344 79
1
1345 144
1
1346 197
1
1347 4
1
1348 22
1
1349 27
1
1350 15
1
1351 88
1
1352 187
0
1
1353 198
1
1354 125
1
1355 136
0
1
1356 20
1
1357 190
1
1358 21
1
1359 200
1
1360 25
1
1361 193
1
1362 2
1
1363 107
1
1364 44
0
1
1365 208
1
1366 177
1
1367 40
1
1368 76
0
1
1369 110
1
1370 53
0
1
1371 169
1
1372 38
1
1373 96
1
1374 66
1
1375 139
1
1376 164
1
1377 132
1
1378 42
1
1379 6
1
1380 32
1
1381 189
1
1382 161
1
1383 143
1
1384 201
1
1385 114
1
1386 64
0
1
1387 116
1
1388 170
1
1389 100
1
1390 112
1
1391 29
1
1392 194
1
1393 8
1
1394 103
1
1395 10
1
1396 181
1
1397 37
1
1398 26
1
1399 51
0
1
1400 38
0
1
1401 204
1
1402 134
1
1403 194
1
1404 193
1
1405 162
1
1406 117
1
1407 160
1
1408 6
1
1409 182
1
1410 65
1
1411 173
1
1412 8
1
1413 84
0
1
1414 92
1
1415 163
1
1416 184
1
1417 6
1
1418 125
0
1
1419 8
1
1420 51
1
1421 94
1
1422 142
1
1423 166
0
1
1424 50
1
1425 48
1
1426 206
1
1427 65
1
1428 25
1
1429 65
1
1430 207
1
1431 70
1
1432 133
1
1433 173
1
1434 102
1
1435 36
1
1436 9
0
1
1437 74
1
1438 23
1
1439 20
1
1440 133
1
1441 139
1
1442 79
1
1443 132
1
1444 206
1
1445 43
1
1446 91
1
1447 9
1
1448 25
1
1449 130
1
1450 52
1
1451 130
1
1452 76
1
1453 36
1
1454 122
1
1455 13
1
1456 38
1
1457 34
1
1458 100
1
1459 174
1
1460 184
1
1461 6
1
1462 193
1
1463 155
1
1464 64
1
1465 88
1
1466 117
1
1467 83
1
1468 92
1
1469 32
1
1470 113
1
1471 82
1
1472 125
1
1473 193
1
1474 2
1
1475 30
1
1476 130
1
1477 91
1
1478 16
1
1479 73
1
1480 77
0
0
0
0
1
1481 28
1
1482 168
1
1483 178
1
1484 32
1
1485 106
1
1486 167
1
1487 178
1
1488 93
1
1489 15
1
1490 102
1
1491 101
1
1492 206
1
1493 143
1
1494 23
1
1495 64
1
1496 24
1
1497 109
1
1498 47
1
1499 204
1
1500 195
1
1501 113
1
1502 193
1
1503 153
0
0
0
1
1504 171
1
1505 192
1
1506 38
1
1507 179
1
1508 45
1
1509 79
1
1510 36
1
1511 99
1
1512 208
1
1513 36
1
1514 90
0
1
1515 111
1
1516 178
1
1517 192
1
1518 184
0
1
1519 50
1
1520 188
1
1521 66
1
1522 27
1
1523 115
1
1524 83
1
1525 133
1
1526 112
1
1527 65
1
1528 199
1
1529 149
1
1530 3
0
1
1531 189
1
1532 7
1
1533 82
0
0
0
1
1534 14
1
1535 200
1
1536 56
1
1537 38
1
1538 32
1
1539 166
1
1540 208
1
1541 63
1
1542 164
1
1543 18
1
1544 69
0
0
0
1
1545 19
1
1546 98
1
1547 165
1
1548 2
1
1549 6
1
1550 125
0
1
1551 103
1
1552 171
1
1553 101
1
1554 80
1
1555 63
1
1556 27
0
1
1557 159
0
1
1558 8
0
1
1559 105
1
1560 85
1
1561 9
1
1562 155
0
1
1563 24
1
1564 109
1
1565 154
1
1566 5
1
1567 55
0
1
1568 47
0
1
1569 26
1
1570 16
1
1571 28
1
1572 205
1
1573 178
0
1
1574 133
0
1
1575 207
0
1
1576 74
1
1577 148
1
1578 69
1
1579 194
1
1580 188
1
1581 19
1
1582 184
0
0
1
1583 9
1
1584 88
1
1585 167
0
1
1586 83
1
1587 113
1
1588 98
1
1589 6
1
1590 8
1
1591 97
1
1592 198
1
1593 120
1
1594 44
1
1595 106
1
1596 102
1
1597 149
1
1598 112
1
1599 177
1
1600 29
0
1
1601 118
1
1602 153
0
1
1603 188
1
1604 180
1
1605 31
0
1
1606 51
1
1607 56
0
1
1608 113
1
1609 30
1
1610 95
0
1
1611 121
0
1
1612 50
0
1
1613 149
1
1614 153
1
1615 21
1
1616 157
1
1617 199
1
1618 32
1
1619 35
1
1620 25
1
1621 23
1
1622 198
1
1623 132
1
1624 183
1
1625 184
1
1626 43
1
1627 111
1
1628 45
1
1629 68
1
1630 42
1
1631 202
1
1632 135
1
1633 83
0
1
1634 190
1
1635 202
0
1
1636 46
1
1637 78
1
1638 163
1
1639 166
0
1
1640 64
0
1
1641 41
1
1642 204
1
1643 111
1
1644 75
1
1645 143
1
1646 107
0
0
1
1647 14
0
1
1648 108
1
1649 199
1
1650 97
1
1651 120
1
1652 55
1
1653 43
1
1654 183
1
1655 13
1
1656 34
1
1657 66
1
1658 75
0
1
1659 23
1
1660 22
1
1661 162
1
1662 58
1
1663 79
1
1664 30
1
1665 198
1
1666 186
1
1667 27
1
1668 50
1
1669 85
0
1
1670 153
1
1671 161
1
1672 10
1
1673 72
1
1674 82
1
1675 197
0
1
1676 61
1
1677 198
0
0
1
1678 189
1
1679 26
1
1680 16
1
1681 62
1
1682 207
1
1683 97
1
1684 108
1
1685 65
1
1686 115
1
1687 118
1
1688 124
1
1689 56
1
1690 154
1
1691 25
1
1692 206
0
0
1
1693 186
1
1694 75
1
1695 65
1
1696 14
1
1697 79
1
1698 35
1
1699 49
1
1700 25
1
1701 181
1
1702 5
1
1703 92
1
1704 172
1
1705 43
0
1
1706 19
1
1707 79
1
1708 106
1
1709 54
1
1710 70
1
1711 45
1
1712 160
0
0
1
1713 168
0
1
1714 94
1
1715 74
1
1716 74
1
1717 8
1
1718 83
1
1719 10
1
1720 149
1
1721 15
1
1722 6
1
1723 143
0
1
1724 121
1
1725 7
1
1726 53
1
1727 75
1
1728 11
1
1729 36
1
1730 145
1
1731 99
1
1732 65
1
1733 6
1
1734 26
1
1735 99
1
1736 176
1
1737 166
1
1738 43
0
1
1739 114
0
1
1740 77
1
1741 50
1
1742 208
1
1743 64
1
1744 158
1
1745 107
1
1746 80
0
1
1747 69
1
1748 76
1
1749 66
1
1750 177
1
1751 188
1
1752 31
1
1753 22
1
1754 130
1
1755 157
1
1756 187
0
1
1757 135
1
1758 12
1
1759 206
1
1760 135
0
1
1761 66
1
1762 102
1
1763 126
1
1764 112
1
1765 115
1
1766 149
1
1767 51
1
1768 196
1
1769 31
1
1770 168
1
1771 188
1
1772 138
1
1773 36
0
1
1774 168
1
1775 66
1
1776 75
1
1777 177
1
1778 138
0
1
1779 185
1
1780 14
0
1
1781 27
1
1782 143
0
0
1
1783 12
1
1784 75
1
1785 96
1
1786 133
1
1787 175
1
1788 171
1
1789 42
1
1790 196
1
1791 75
1
1792 19
1
1793 22
1
1794 98
1
1795 151
1
1796 163
1
1797 194
0
1
1798 104
0
1
1799 201
1
1800 106
1
1801 143
0
1
1802 95
1
1803 162
0
1
1804 9
1
1805 99
0
1
1806 8
1
1807 25
1
1808 108
1
1809 137
1
1810 77
0
0
1
1811 157
1
1812 159
1
1813 8
1
1814 75
0
1
1815 77
1
1816 105
1
1817 121
0
1
1818 138
1
1819 199
1
1820 108
1
1821 123
1
1822 120
1
1823 191
0
0
1
1824 145
0
0
1
1825 16
1
1826 150
1
1827 163
0
0
1
1828 2
0
1
1829 125
1
1830 178
1
1831 89
1
1832 72
1
1833 39
1
1834 11
1
1835 146
1
1836 88
0
0
1
1837 7
1
1838 115
1
1839 66
1
1840 77
1
1841 191
1
1842 98
1
1843 107
0
1
1844 184
1
1845 90
1
1846 65
0
1
1847 188
1
1848 112
1
1849 206
1
1850 91
1
1851 132
1
1852 10
1
1853 85
1
1854 11
1
1855 141
1
1856 87
1
1857 25
1
1858 173
1
1859 51
1
1860 88
1
1861 122
1
1862 187
1
1863 32
1
1864 151
1
1865 20
1
1866 51
1
1867 189
0
1
1868 63
1
1869 25
1
1870 202
0
1
1871 85
0
1
1872 130
1
1873 193
1
1874 65
1
1875 180
1
1876 151
1
1877 43
0
1
1878 151
1
1879 77
0
1
1880 28
0
0
1
1881 101
1
1882 188
0
1
1883 162
1
1884 16
1
1885 145
1
1886 59
1
1887 178
1
1888 18
0
0
0
0
1
1889 108
1
1890 141
1
1891 167
0
1
1892 187
1
1893 184
1
1894 67
0
1
1895 203
1
1896 3
0
0
0
1
1897 169
0
1
1898 131
1
1899 10
0
0
1
1900 192
1
1901 103
0
1
1902 102
0
1
1903 71
0
1
1904 14
1
1905 14
1
1906 118
1
1907 95
1
1908 67
0
1
1909 32
1
1910 13
1
1911 185
1
1912 60
1
1913 79
1
1914 48
1
1915 80
0
1
1916 178
1
1917 76
1
1918 40
1
1919 73
0
1
1920 35
1
1921 14
0
1
1922 48
1
1923 141
1
1924 122
1
1925 90
1
1926 124
1
1927 136
1
1928 21
1
1929 183
0
0
1
1930 147
1
1931 165
1
1932 176
1
1933 202
1
1934 70
1
1935 103
1
1936 138
1
1937 124
1
1938 58
1
1939 102
1
1940 105
0
1
1941 144
1
1942 33
0
1
1943 49
1
1944 139
0
0
1
1945 74
1
1946 53
1
1947 14
0
1
1948 85
1
1949 48
1
1950 116
1
1951 127
0
1
1952 93
0
1
1953 183
1
1954 63
1
1955 197
1
1956 198
1
1957 109
1
1958 120
1
1959 135
1
1960 203
1
1961 45
0
1
1962 163
1
1963 65
1
1964 206
0
0
0
1
1965 63
0
1
1966 108
0
1
1967 162
0
1
1968 189
1
1969 101
1
1970 127
0
1
1971 185
1
1972 102
0
1
1973 147
0
1
1974 24
0
1
1975 164
1
1976 141
1
1977 28
0
1
1978 60
1
1979 10
1
1980 88
1
1981 71
0
1
1982 43
1
1983 72
1
1984 5
0
1
1985 187
1
1986 111
1
1987 80
1
1988 76
1
1989 126
1
1990 10
1
1991 108
1
1992 80
1
1993 166
1
1994 166
1
1995 196
1
1996 77
1
1997 185
0
1
1998 17
0
0
0
1
1999 177
1
2000 153
1
2001 43
1
2002 114
1
2003 159
0
1
2004 176
1
2005 154
1
2006 120
1
2007 21
1
2008 125
1
2009 135
1
2010 95
0
1
2011 102
0
0
1
2012 81
1
2013 190
0
1
2014 54
0
1
2015 95
1
2016 42
1
2017 110
0
1
2018 167
1
2019 127
1
2020 56
1
2021 4
1
2022 206
0
0
1
2023 155
1
2024 173
1
2025 197
1
2026 85
1
2027 207
1
2028 14
0
1
2029 161
1
2030 183
1
2031 9
1
2032 69
1
2033 188
1
2034 152
1
2035 120
1
2036 15
1
2037 20
1
2038 27
0
1
2039 45
1
2040 193
1
2041 160
1
2042 160
1
2043 41
1
2044 76
1
2045 154
1
2046 155
0
1
2047 173
1
2048 19
1
2049 20
0
1
2050 128
1
2051 58
1
2052 135
1
2053 58
1
2054 78
1
2055 14
1
2056 10
1
2057 69
0
1
2058 98
1
2059 21
1
2060 199
1
2061 95
0
1
2062 166
1
2063 187
1
2064 124
0
1
2065 11
1
2066 17
1
2067 206
1
2068 177
1
2069 173
1
2070 195
1
2071 65
1
2072 140
1
2073 153
1
2074 23
1
2075 21
1
2076 97
1
2077 73
0
1
2078 137
1
2079 135
1
2080 162
1
2081 92
0
1
2082 48
1
2083 9
0
1
2084 76
1
2085 87
1
2086 161
1
2087 2
1
2088 124
1
2089 71
1
2090 174
1
2091 114
1
2092 94
1
2093 110
1
2094 119
1
2095 107
1
2096 24
0
1
2097 91
0
1
2098 71
1
2099 141
1
2100 135
1
2101 54
1
2102 49
1
2103 80
0
1
2104 59
1
2105 27
1
2106 71
1
2107 65
0
1
2108 14
0
1
2109 34
0
1
2110 134
1
2111 60
1
2112 206
1
2113 108
0
1
2114 33
1
2115 138
0
1
2116 153
1
2117 108
1
2118 172
1
2119 174
1
2120 102
1
2121 201
1
2122 132
1
2123 145
1
2124 29
1
2125 29
1
2126 4
1
2127 26
0
1
2128 38
1
2129 36
1
2130 14
1
2131 18
1
2132 27
1
2133 55
1
2134 186
1
2135 192
0
1
2136 102
1
2137 23
1
2138 54
1
2139 171
1
2140 51
1
2141 175
1
2142 205
1
2143 128
1
2144 96
0
1
2145 200
0
1
2146 88
1
2147 84
1
2148 173
1
2149 187
1
2150 61
1
2151 120
1
2152 186
1
2153 125
0
1
2154 47
1
2155 59
1
2156 20
1
2157 44
1
2158 71
1
2159 179
1
2160 33
1
2161 108
1
2162 5
0
1
2163 142
1
2164 78
1
2165 143
1
2166 190
1
2167 72
1
2168 195
1
2169 138
1
2170 173
1
2171 178
1
2172 128
0
0
1
2173 46
1
2174 173
1
2175 132
0
1
2176 96
1
2177 65
1
2178 14
0
0
1
2179 205
0
0
1
2180 29
1
2181 177
1
2182 27
0
1
2183 204
1
2184 163
1
2185 66
1
2186 74
1
2187 180
0
1
2188 18
1
2189 106
0
1
2190 151
1
2191 95
1
2192 207
0
1
2193 107
1
2194 171
0
1
2195 111
1
2196 82
1
2197 79
1
2198 2
1
2199 52
1
2200 184
0
0
1
2201 123
1
2202 77
1
2203 150
0
1
2204 142
0
0
1
2205 36
0
1
2206 190
0
0
0
1
2207 206
1
2208 142
1
2209 55
0
1
2210 172
1
2211 183
1
2212 58
1
2213 163
1
2214 150
0
1
2215 207
1
2216 123
1
2217 57
0
1
2218 153
1
2219 69
1
2220 195
0
0
1
2221 139
1
2222 191
1
2223 207
1
2224 13
1
2225 61
1
2226 79
1
2227 76
1
2228 140
1
2229 141
1
2230 165
1
2231 129
1
2232 112
1
2233 167
1
2234 196
1
2235 58
1
2236 63
0
1
2237 194
0
1
2238 118
1
2239 152
0
1
2240 198
1
2241 58
1
2242 151
1
2243 74
1
2244 109
0
1
2245 133
1
2246 32
1
2247 13
1
2248 102
0
1
2249 75
1
2250 21
1
2251 110
1
2252 73
1
2253 153
1
2254 82
1
2255 187
1
2256 142
1
2257 93
1
2258 180
1
2259 18
1
2260 65
1
2261 85
0
1
2262 207
1
2263 60
1
2264 147
1
2265 124
1
2266 201
1
2267 159
0
1
2268 55
1
2269 103
0
1
2270 36
1
2271 57
1
2272 149
1
2273 152
1
2274 87
1
2275 94
1
2276 67
1
2277 86
1
2278 126
0
1
2279 95
1
2280 103
1
2281 149
1
2282 135
1
2283 24
1
2284 188
0
0
1
2285 153
1
2286 38
0
1
2287 38
0
1
2288 34
1
2289 208
1
2290 51
1
2291 101
0
1
2292 84
1
2293 156
1
2294 143
1
2295 204
1
2296 144
0
0
1
2297 26
1
2298 191
1
2299 154
0
1
2300 113
1
2301 31
1
2302 14
1
2303 17
1
2304 18
0
1
2305 82
0
1
2306 95
1
2307 153
1
2308 14
0
1
2309 208
1
2310 147
0
1
2311 32
1
2312 94
1
2313 208
0
0
1
2314 65
1
2315 156
1
2316 158
1
2317 14
1
2318 73
1
2319 118
1
2320 130
1
2321 135
0
0
1
2322 192
1
2323 108
0
1
2324 144
0
0
1
2325 33
1
2326 14
1
2327 111
1
2328 28
0
1
2329 79
0
1
2330 57
0
1
2331 5
1
2332 34
1
2333 153
0
0
1
2334 152
1
2335 120
1
2336 98
1
2337 106
1
2338 168
1
2339 135
0
1
2340 33
1
2341 205
1
2342 117
1
2343 203
0
1
2344 164
1
2345 137
1
2346 149
1
2347 113
1
2348 91
1
2349 88
0
1
2350 131
1
2351 67
0
0
1
2352 75
1
2353 41
1
2354 180
1
2355 95
1
2356 194
1
2357 131
1
2358 57
1
2359 3
1
2360 188
1
2361 94
1
2362 51
1
2363 7
1
2364 166
1
2365 183
1
2366 104
0
0
1
2367 78
1
2368 140
1
2369 38
1
2370 80
1
2371 100
1
2372 78
0
0
0
1
2373 152
1
2374 32
1
2375 123
1
2376 137
0
0
0
1
2377 182
0
1
2378 56
0
1
2379 177
1
2380 113
1
2381 5
0
0
1
2382 29
1
2383 187
1
2384 28
1
2385 188
0
1
2386 123
1
2387 67
1
2388 90
0
1
2389 120
1
2390 198
1
2391 192
0
1
2392 191
0
1
2393 179
0
1
2394 143
0
1
2395 142
0
1
2396 99
0
1
2397 66
0
1
2398 98
1
2399 203
1
2400 120
1
2401 21
0
1
2402 127
0
1
2403 35
1
2404 194
1
2405 141
1
2406 47
1
2407 169
1
2408 120
1
2409 96
1
2410 47
1
2411 65
0
1
2412 200
1
2413 68
0
1
2414 158
1
2415 77
0
1
2416 158
1
2417 76
1
2418 44
1
2419 6
1
2420 25
0
1
2421 83
0
1
2422 186
1
2423 197
1
2424 198
1
2425 150
1
2426 96
0
1
2427 157
0
1
2428 61
0
1
2429 153
1
2430 93
1
2431 144
1
2432 58
1
2433 147
0
1
2434 197
1
2435 157
1
2436 113
1
2437 162
1
2438 106
0
1
2439 100
0
1
2440 62
1
2441 50
0
1
2442 121
0
1
2443 67
0
1
2444 197
0
1
2445 81
1
2446 20
1
2447 23
0
1
2448 86
0
0
1
2449 38
1
2450 208
1
2451 2
1
2452 116
1
2453 128
0
1
2454 40
1
2455 112
1
2456 51
0
0
1
2457 91
0
1
2458 95
1
2459 182
0
1
2460 123
1
2461 199
0
0
1
2462 19
1
2463 162
1
2464 184
1
2465 151
1
2466 28
1
2467 200
1
2468 198
1
2469 20
1
2470 82
0
1
2471 154
0
1
2472 144
0
0
1
2473 64
1
2474 27
1
2475 179
0
0
1
2476 67
1
2477 22
1
2478 203
1
2479 74
1
2480 194
0
1
2481 196
1
2482 98
0
1
2483 157
1
2484 112
1
2485 48
1
2486 12
0
1
2487 5
0
1
2488 146
1
2489 72
1
2490 36
1
2491 65
0
1
2492 79
0
0
1
2493 176
0
0
1
2494 94
1
2495 168
1
2496 162
1
2497 208
0
0
1
2498 22
0
1
2499 36
1
2500 24
1
2501 93
1
2502 190
1
2503 150
1
2504 100
0
0
0
1
2505 131
0
1
2506 138
1
2507 146
1
2508 192
0
0
0
0
1
2509 100
0
1
2510 160
1
2511 173
1
2512 79
1
2513 164
1
2514 163
0
1
2515 152
0
1
2516 36
1
2517 142
1
2518 123
0
0
0
1
2519 134
1
2520 95
1
2521 3
1
2522 90
0
1
2523 44
1
2524 67
1
2525 37
1
2526 202
0
1
2527 17
1
2528 194
1
2529 48
1
2530 88
0
0
1
2531 102
1
2532 27
1
2533 38
1
2534 106
1
2535 102
1
2536 137
1
2537 4
0
1
2538 164
1
2539 6
0
1
2540 103
1
2541 2
0
0
1
2542 69
1
2543 34
1
2544 169
0
0
1
2545 6
0
1
2546 141
1
2547 197
1
2548 35
1
2549 202
1
2550 97
1
2551 78
1
2552 177
1
2553 81
1
2554 127
1
2555 147
1
2556 22
1
2557 24
0
1
2558 33
1
2559 134
0
1
2560 67
1
2561 93
0
0
1
2562 164
1
2563 38
0
1
2564 185
0
0
1
2565 31
0
1
2566 25
1
2567 148
0
1
2568 176
0
0
1
2569 156
1
2570 135
0
1
2571 172
1
2572 106
1
2573 157
0
1
2574 3
0
0
0
1
2575 103
1
2576 6
0
1
2577 152
1
2578 169
1
2579 188
1
2580 179
1
2581 118
1
2582 32
0
0
0
1
2583 111
1
2584 172
0
1
2585 100
1
2586 141
1
2587 93
0
1
2588 181
1
2589 128
1
2590 44
1
2591 23
1
2592 46
1
2593 170
0
1
2594 204
1
2595 79
1
2596 194
0
0
1
2597 69
0
1
2598 91
0
1
2599 145
1
2600 51
0
0
1
2601 7
0
1
2602 20
1
2603 186
1
2604 62
0
1
2605 200
1
2606 189
0
0
1
2607 36
1
2608 118
1
2609 190
1
2610 143
1
2611 78
0
1
2612 21
0
1
2613 20
0
1
2614 119
1
2615 136
0
0
0
1
2616 128
1
2617 151
1
2618 6
1
2619 134
1
2620 5
0
1
2621 198
1
2622 179
0
1
2623 94
1
2624 24
0
1
2625 122
1
2626 190
1
2627 7
1
2628 188
0
0
1
2629 119
0
1
2630 51
1
2631 187
1
2632 208
1
2633 197
0
1
2634 136
1
2635 149
0
1
2636 126
1
2637 73
1
2638 4
1
2639 57
0
1
2640 96
0
0
1
2641 149
0
0
0
1
2642 144
1
2643 154
0
0
1
2644 114
1
2645 114
1
2646 98
0
1
2647 40
0
1
2648 49
0
1
2649 178
1
2650 110
1
2651 107
0
0
1
2652 62
0
1
2653 162
1
2654 51
0
0
1
2655 78
0
0
1
2656 135
0
1
2657 208
1
2658 134
0
1
2659 84
1
2660 86
1
2661 124
0
1
2662 161
0
0
1
2663 102
0
1
2664 97
1
2665 80
1
2666 108
1
2667 152
0
1
2668 42
1
2669 34
1
2670 93
0
1
2671 152
1
2672 59
1
2673 21
1
2674 25
1
2675 95
1
2676 54
1
2677 197
0
0
1
2678 157
1
2679 205
1
2680 95
1
2681 151
0
1
2682 89
1
2683 168
1
2684 119
0
1
2685 176
1
2686 100
1
2687 198
0
1
2688 52
1
2689 156
1
2690 92
0
1
2691 79
0
0
0
1
2692 176
1
2693 194
1
2694 26
1
2695 194
1
2696 38
0
1
2697 76
0
0
1
2698 36
1
2699 105
0
1
2700 41
1
2701 17
1
2702 200
0
0
0
0
0
0
1
2703 83
1
2704 52
1
2705 3
1
2706 29
1
2707 65
1
2708 108
1
2709 76
1
2710 9
0
0
0
1
2711 96
1
2712 125
0
1
2713 166
1
2714 70
1
2715 79
1
2716 192
1
2717 115
1
2718 121
1
2719 153
1
2720 202
1
2721 22
0
1
2722 60
1
2723 163
1
2724 113
0
1
2725 35
1
2726 25
0
1
2727 23
1
2728 116
1
2729 58
1
2730 116
0
1
2731 11
1
2732 28
1
2733 191
0
0
1
2734 129
0
0
1
2735 165
1
2736 102
0
1
2737 117
1
2738 104
1
2739 111
1
2740 124
1
2741 174
1
2742 28
0
1
2743 6
0
1
2744 191
1
2745 23
1
2746 115
0
0
1
2747 202
1
2748 153
1
2749 73
1
2750 58
1
2751 168
1
2752 102
1
2753 43
1
2754 17
1
2755 99
1
2756 208
1
2757 6
1
2758 173
0
0
0
0
1
2759 123
1
2760 5
0
1
2761 119
0
1
2762 61
1
2763 119
1
2764 125
0
0
1
2765 88
1
2766 39
1
2767 204
1
2768 110
1
2769 149
1
2770 52
0
1
2771 145
1
2772 66
1
2773 167
1
2774 154
1
2775 124
1
2776 127
1
2777 12
0
1
2778 86
1
2779 172
1
2780 186
1
2781 42
1
2782 108
0
1
2783 77
0
1
2784 90
1
2785 163
0
1
2786 141
0
1
2787 198
0
0
1
2788 47
0
1
2789 51
0
1
2790 208
0
1
2791 4
1
2792 108
1
2793 8
0
1
2794 80
0
1
2795 22
1
2796 71
1
2797 178
1
2798 27
1
2799 16
0
1
2800 97
0
1
2801 62
1
2802 108
1
2803 31
0
1
2804 32
1
2805 122
1
2806 178
1
2807 169
1
2808 44
1
2809 45
0
1
2810 202
0
0
0
0
1
2811 97
1
2812 149
0
0
0
1
2813 41
1
2814 206
0
1
2815 112
1
2816 168
1
2817 88
0
0
0
1
2818 137
1
2819 20
1
2820 188
0
1
2821 129
1
2822 44
0
1
2823 194
1
2824 12
0
0
1
2825 73
1
2826 25
0
1
2827 178
0
1
2828 3
1
2829 194
1
2830 90
1
2831 157
1
2832 108
1
2833 15
0
1
2834 70
1
2835 190
1
2836 14
1
2837 60
1
2838 177
1
2839 15
1
2840 189
0
1
2841 147
1
2842 49
0
0
1
2843 66
1
2844 162
0
0
1
2845 101
1
2846 37
1
2847 50
1
2848 132
1
2849 113
1
2850 102
0
0
1
2851 81
1
2852 121
0
1
2853 86
1
2854 107
0
1
2855 38
0
0
1
2856 121
1
2857 83
0
1
2858 18
1
2859 116
1
2860 165
0
0
0
1
2861 22
1
2862 130
0
0
1
2863 86
1
2864 31
0
0
1
2865 75
0
0
1
2866 77
1
2867 12
0
0
1
2868 162
1
2869 157
1
2870 4
1
2871 10
0
0
1
2872 186
1
2873 119
1
2874 200
0
1
2875 50
0
0
0
1
2876 178
1
2877 178
1
2878 31
0
0
1
2879 193
0
1
2880 74
1
2881 145
0
0
0
0
1
2882 11
1
2883 167
1
2884 21
1
2885 91
0
1
2886 67
1
2887 176
1
2888 75
1
2889 52
1
2890 60
0
1
2891 39
1
2892 90
1
2893 17
0
1
2894 118
0
1
2895 188
0
0
1
2896 93
1
2897 172
1
2898 79
1
2899 17
1
2900 56
0
0
1
2901 174
1
2902 154
0
0
1
2903 121
1
2904 129
1
2905 153
1
2906 25
1
2907 90
1
2908 193
1
2909 122
0
0
1
2910 131
1
2911 141
1
2912 21
0
0
0
1
2913 55
0
1
2914 76
0
1
2915 5
1
2916 80
1
2917 55
1
2918 107
0
0
0
1
2919 6
0
1
2920 68
1
2921 101
1
2922 55
1
2923 110
0
1
2924 128
1
2925 201
0
0
1
2926 114
1
2927 203
1
2928 86
1
2929 81
1
2930 37
0
1
2931 138
1
2932 201
1
2933 30
1
2934 137
1
2935 171
0
1
2936 56
0
1
2937 155
0
0
1
2938 194
0
1
2939 180
0
1
2940 18
1
2941 145
1
2942 79
1
2943 20
0
1
2944 39
1
2945 196
1
2946 195
1
2947 74
1
2948 64
1
2949 133
0
1
2950 87
0
1
2951 17
1
2952 22
0
1
2953 84
1
2954 35
1
2955 153
0
1
2956 119
1
2957 21
1
2958 115
0
0
0
1
2959 33
1
2960 123
0
1
2961 191
1
2962 87
1
2963 165
1
2964 63
1
2965 75
1
2966 53
1
2967 114
1
2968 57
1
2969 116
1
2970 174
1
2971 148
1
2972 206
0
1
2973 42
0
1
2974 203
1
2975 152
1
2976 93
0
1
2977 141
1
2978 93
1
2979 201
1
2980 46
1
2981 172
0
1
2982 107
1
2983 92
1
2984 88
0
1
2985 73
1
2986 112
1
2987 194
1
2988 84
0
0
1
2989 167
0
0
1
2990 36
1
2991 155
0
1
2992 186
1
2993 3
1
2994 14
0
1
2995 21
1
2996 183
1
2997 187
0
0
1
2998 44
0
1
2999 167
1
3000 27
0
1
3001 86
0
1
3002 87
1
3003 178
0
1
3004 35
0
0
1
3005 51
1
3006 164
1
3007 32
0
0
1
3008 78
1
3009 65
0
0
0
1
3010 26
1
3011 40
0
0
0
0
1
3012 23
1
3013 140
1
3014 52
1
3015 24
1
3016 36
0
1
3017 108
1
3018 7
0
0
1
3019 60
0
1
3020 150
1
3021 143
1
3022 76
1
3023 127
1
3024 117
1
3025 76
1
3026 124
1
3027 16
1
3028 130
0
0
1
3029 85
1
3030 29
0
1
3031 207
1
3032 189
1
3033 77
1
3034 48
1
3035 142
1
3036 34
0
1
3037 74
0
1
3038 178
1
3039 20
0
1
3040 60
0
1
3041 104
1
3042 151
0
0
1
3043 29
0
1
3044 160
1
3045 197
1
3046 136
1
3047 52
1
3048 51
0
0
1
3049 165
1
3050 36
0
1
3051 68
1
3052 154
1
3053 153
1
3054 69
1
3055 99
0
1
3056 51
0
1
3057 178
0
1
3058 176
1
3059 22
1
3060 59
0
1
3061 41
1
3062 27
1
3063 172
1
3064 93
1
3065 193
0
1
3066 116
1
3067 31
1
3068 143
0
0
1
3069 35
1
3070 118
1
3071 156
1
3072 78
1
3073 9
1
3074 68
1
3075 69
1
3076 14
1
3077 170
1
3078 69
0
1
3079 197
1
3080 157
1
3081 72
1
3082 178
0
1
3083 131
1
3084 91
1
3085 192
1
3086 171
1
3087 67
1
3088 157
1
3089 189
0
0
0
1
3090 48
0
1
3091 199
0
1
3092 53
1
3093 139
0
0
1
3094 134
1
3095 122
1
3096 112
0
1
3097 142
0
1
3098 181
1
3099 166
1
3100 123
1
3101 143
0
1
3102 51
1
3103 86
1
3104 166
1
3105 201
0
1
3106 7
0
1
3107 65
1
3108 177
0
1
3109 208
1
3110 162
1
3111 157
1
3112 50
1
3113 186
0
1
3114 70
1
3115 195
1
3116 143
1
3117 43
0
0
1
3118 98
1
3119 7
1
3120 146
1
3121 24
0
1
3122 48
1
3123 161
1
3124 153
0
0
1
3125 153
1
3126 108
1
3127 76
0
1
3128 174
0
1
3129 49
0
0
1
3130 147
0
1
3131 165
1
3132 39
1
3133 201
0
1
3134 64
1
3135 68
1
3136 52
1
3137 88
1
3138 168
0
1
3139 73
1
3140 85
1
3141 172
1
3142 178
1
3143 93
1
3144 50
1
3145 79
0
1
3146 73
1
3147 77
1
3148 31
0
1
3149 3
1
3150 5
1
3151 18
1
3152 153
0
1
3153 56
1
3154 207
1
3155 26
0
1
3156 88
1
3157 73
1
3158 180
0
0
0
0
0
0
0
0
1
3159 75
0
1
3160 55
1
3161 159
1
3162 76
1
3163 66
1
3164 200
1
3165 103
1
3166 54
1
3167 196
0
1
3168 74
1
3169 144
1
3170 187
1
3171 178
0
0
1
3172 125
1
3173 40
0
1
3174 124
0
1
3175 76
0
0
0
1
3176 171
0
1
3177 38
1
3178 155
1
3179 51
0
0
1
3180 89
1
3181 32
1
3182 104
0
1
3183 116
0
1
3184 81
1
3185 19
0
0
0
1
3186 73
0
0
1
3187 172
0
1
3188 92
1
3189 74
1
3190 121
0
1
3191 35
1
3192 201
0
1
3193 2
0
1
3194 16
1
3195 95
0
1
3196 120
1
3197 84
1
3198 198
0
0
0
0
0
0
0
1
3199 69
0
1
3200 134
1
3201 188
0
0
0
0
1
3202 34
0
0
0
1
3203 57
0
0
0
1
3204 50
0
0
0
0
0
1
3205 42
1
3206 29
1
3207 98
1
3208 5
1
3209 97
1
3210 47
0
1
3211 178
0
0
1
3212 185
0
0
1
3213 92
1
3214 66
0
1
3215 167
1
3216 179
0
1
3217 45
0
0
1
3218 125
0
1
3219 174
1
3220 95
1
3221 187
0
0
1
3222 67
1
3223 103
1
3224 51
1
3225 54
1
3226 175
1
3227 82
1
3228 128
1
3229 174
0
1
3230 177
1
3231 153
1
3232 82
0
1
3233 49
1
3234 89
1
3235 37
0
1
3236 121
0
1
3237 94
1
3238 38
1
3239 92
1
3240 76
1
3241 48
1
3242 38
1
3243 186
1
3244 63
1
3245 138
1
3246 68
1
3247 97
1
3248 8
0
1
3249 141
1
3250 45
1
3251 201
1
3252 73
0
1
3253 7
0
1
3254 203
0
0
0
1
3255 27
0
0
1
3256 204
1
3257 5
1
3258 167
1
3259 180
1
3260 18
0
0
0
1
3261 178
1
3262 162
1
3263 63
0
0
1
3264 102
1
3265 193
1
3266 51
1
3267 37
0
0
0
1
3268 195
1
3269 23
1
3270 119
1
3271 172
0
1
3272 135
1
3273 13
1
3274 114
0
0
1
3275 99
1
3276 74
0
1
3277 94
0
0
0
0
1
3278 34
0
1
3279 166
1
3280 54
0
1
3281 81
0
1
3282 116
0
0
1
3283 22
0
1
3284 49
0
1
3285 95
0
1
3286 123
0
0
0
0
0
0
1
3287 10
1
3288 17
0
1
3289 119
1
3290 51
1
3291 158
0
0
1
3292 50
0
1
3293 23
1
3294 122
1
3295 79
1
3296 204
1
3297 8
1
3298 50
1
3299 110
0
0
0
1
3300 194
1
3301 108
1
3302 207
1
3303 203
0
0
0
0
1
3304 145
1
3305 25
0
0
0
1
3306 173
1
3307 102
0
1
3308 55
1
3309 94
1
3310 14
1
3311 77
1
3312 4
1
3313 19
1
3314 143
1
3315 182
0
1
3316 2
0
0
0
1
3317 108
0
0
1
3318 172
0
1
3319 170
1
3320 29
0
0
0
0
0
1
3321 147
0
0
0
1
3322 100
1
3323 156
0
1
3324 65
1
3325 101
1
3326 162
1
3327 165
1
3328 85
1
3329 187
1
3330 13
0
0
0
0
0
0
1
3331 119
1
3332 125
1
3333 70
0
0
1
3334 158
1
3335 64
1
3336 139
1
3337 23
1
3338 162
1
3339 93
1
3340 62
0
1
3341 2
1
3342 102
0
1
3343 30
0
1
3344 87
1
3345 131
1
3346 108
0
1
3347 194
1
3348 173
1
3349 27
1
3350 194
1
3351 198
0
1
3352 43
1
3353 36
1
3354 146
0
1
3355 8
0
0
1
3356 193
0
0
0
0
0
1
3357 32
0
1
3358 196
0
1
3359 139
0
0
0
1
3360 17
1
3361 100
1
3362 14
1
3363 173
1
3364 85
1
3365 6
1
3366 75
1
3367 163
1
3368 114
0
1
3369 12
0
0
0
0
1
3370 42
1
3371 171
0
1
3372 115
1
3373 17
0
0
1
3374 42
1
3375 100
0
1
3376 33
1
3377 14
0
1
3378 23
0
1
3379 17
0
0
1
3380 167
0
1
3381 75
1
3382 189
1
3383 75
0
0
0
1
3384 4
0
0
0
1
3385 92
1
3386 125
1
3387 98
0
1
3388 55
0
1
3389 178
1
3390 195
0
0
0
1
3391 75
0
1
3392 203
0
1
3393 97
0
0
1
3394 132
0
1
3395 102
0
0
1
3396 95
1
3397 146
1
3398 188
1
3399 47
1
3400 97
1
3401 207
0
0
0
0
0
0
0
0
1
3402 158
1
3403 44
1
3404 7
0
0
1
3405 127
1
3406 65
1
3407 139
0
1
3408 89
1
3409 174
1
3410 62
0
0
1
3411 53
1
3412 170
0
1
3413 121
1
3414 121
0
1
3415 8
0
0
1
3416 113
0
1
3417 127
1
3418 141
1
3419 181
0
0
1
3420 91
0
0
1
3421 175
0
0
1
3422 53
0
0
1
3423 26
1
3424 63
1
3425 163
0
0
1
3426 105
1
3427 23
1
3428 141
0
1
3429 178
0
0
1
3430 205
0
1
3431 18
1
3432 36
1
3433 67
0
0
1
3434 75
1
3435 38
1
3436 145
0
1
3437 125
1
3438 150
1
3439 81
0
1
3440 85
0
1
3441 15
0
1
3442 47
0
1
3443 196
0
1
3444 40
1
3445 70
0
1
3446 8
1
3447 199
1
3448 204
0
1
3449 27
1
3450 175
1
3451 178
1
3452 176
0
1
3453 76
0
0
0
0
1
3454 37
0
1
3455 113
1
3456 117
1
3457 5
1
3458 20
0
0
0
1
3459 177
0
0
1
3460 144
1
3461 76
0
1
3462 119
0
0
1
3463 67
1
3464 172
1
3465 175
1
3466 28
1
3467 38
0
0
1
3468 29
0
1
3469 208
1
3470 81
0
0
0
1
3471 185
0
0
0
1
3472 113
1
3473 138
1
3474 108
1
3475 177
1
3476 61
1
3477 41
0
0
1
3478 87
0
0
0
0
1
3479 61
1
3480 146
1
3481 186
1
3482 144
1
3483 80
1
3484 65
0
0
1
3485 65
0
0
1
3486 106
0
0
1
3487 155
1
3488 112
0
1
3489 59
0
1
3490 23
0
1
3491 27
1
3492 183
1
3493 172
1
3494 190
0
0
1
3495 39
1
3496 75
1
3497 95
1
3498 105
1
3499 35
1
3500 19
1
3501 125
0
1
3502 6
1
3503 92
1
3504 89
1
3505 110
1
3506 116
1
3507 199
1
3508 116
0
1
3509 131
1
3510 45
1
3511 54
1
3512 168
0
1
3513 154
1
3514 153
1
3515 57
1
3516 4
1
3517 190
1
3518 170
0
1
3519 19
1
3520 181
0
1
3521 55
1
3522 84
1
3523 20
0
1
3524 33
0
0
1
3525 145
1
3526 12
0
1
3527 31
1
3528 173
0
0
1
3529 67
0
1
3530 19
1
3531 157
1
3532 58
0
1
3533 73
1
3534 118
1
3535 104
1
3536 166
0
1
3537 60
0
0
1
3538 166
1
3539 60
1
3540 30
0
0
1
3541 93
1
3542 153
1
3543 127
0
1
3544 38
0
1
3545 167
0
1
3546 171
1
3547 171
1
3548 153
1
3549 114
1
3550 27
0
1
3551 54
0
1
3552 18
1
3553 194
0
0
1
3554 94
1
3555 152
0
1
3556 17
1
3557 68
0
0
1
3558 192
0
1
3559 115
0
1
3560 62
0
0
0
0
0
1
3561 146
1
3562 185
0
1
3563 12
0
0
1
3564 122
0
1
3565 136
1
3566 14
0
1
3567 193
0
1
3568 88
1
3569 79
1
3570 93
1
3571 32
1
3572 173
0
0
1
3573 4
1
3574 41
0
1
3575 58
1
3576 116
1
3577 31
0
1
3578 159
1
3579 42
0
0
0
1
3580 93
0
1
3581 95
1
3582 76
0
1
3583 109
1
3584 71
1
3585 70
1
3586 150
1
3587 193
0
0
1
3588 11
0
1
3589 77
1
3590 145
1
3591 58
1
3592 111
1
3593 14
1
3594 102
1
3595 195
1
3596 58
0
0
1
3597 75
1
3598 194
0
1
3599 202
0
1
3600 23
1
3601 26
1
3602 13
0
0
1
3603 29
1
3604 40
1
3605 97
1
3606 76
0
1
3607 121
1
3608 160
1
3609 182
1
3610 144
1
3611 32
0
1
3612 184
1
3613 61
1
3614 28
0
1
3615 144
1
3616 127
0
1
3617 187
1
3618 23
0
0
1
3619 65
1
3620 135
0
1
3621 109
1
3622 110
0
1
3623 107
1
3624 43
0
0
1
3625 17
0
1
3626 54
1
3627 147
1
3628 170
0
0
1
3629 10
1
3630 177
0
0
0
0
0
0
1
3631 135
1
3632 114
0
1
3633 82
0
0
0
0
1
3634 108
0
0
0
0
1
3635 36
0
0
1
3636 93
0
0
0
0
1
3637 182
0
0
0
0
0
1
3638 190
1
3639 137
0
1
3640 9
0
1
3641 195
0
0
1
3642 28
0
1
3643 181
0
1
3644 101
0
0
1
3645 60
1
3646 120
1
3647 55
0
1
3648 177
1
3649 112
1
3650 175
1
3651 131
0
1
3652 51
1
3653 100
0
0
1
3654 76
0
0
0
1
3655 71
0
0
1
3656 108
1
3657 198
0
1
3658 64
0
1
3659 196
0
1
3660 125
1
3661 73
0
0
1
3662 31
1
3663 9
0
1
3664 119
0
0
0
1
3665 91
1
3666 153
1
3667 121
1
3668 12
0
1
3669 205
0
0
1
3670 30
0
1
3671 146
1
3672 208
1
3673 76
0
0
1
3674 96
0
1
3675 202
1
3676 143
1
3677 120
1
3678 135
1
3679 65
0
1
3680 125
0
0
0
0
1
3681 108
0
1
3682 126
0
1
3683 29
0
0
1
3684 95
1
3685 140
1
3686 183
0
0
0
0
1
3687 75
0
1
3688 79
0
1
3689 154
1
3690 117
1
3691 67
1
3692 42
0
0
0
0
0
1
3693 48
0
1
3694 15
1
3695 131
0
0
0
1
3696 17
0
0
1
3697 118
1
3698 123
0
0
0
0
0
1
3699 146
0
1
3700 127
1
3701 111
0
1
3702 127
0
0
1
3703 173
0
0
1
3704 136
1
3705 153
0
0
0
0
1
3706 110
0
0
0
0
0
0
0
0
0
0
1
3707 136
0
0
0
0
0
0
1
3708 87
1
3709 61
1
3710 79
1
3711 146
1
3712 187
0
0
0
0
1
3713 56
1
3714 23
0
0
0
0
0
1
3715 140
0
0
0
1
3716 50
0
1
3717 105
0
0
1
3718 148
0
1
3719 208
0
0
0
1
3720 52
0
0
1
3721 109
0
1
3722 111
1
3723 36
0
0
0
1
3724 42
1
3725 175
1
3726 125
1
3727 80
1
3728 38
1
3729 92
0
1
3730 116
0
1
3731 57
0
1
3732 153
1
3733 172
1
3734 194
0
1
3735 70
0
1
3736 188
0
1
3737 160
0
1
3738 123
0
0
0
1
3739 118
0
0
0
1
3740 45
0
1
3741 36
1
3742 174
0
0
1
3743 109
1
3744 85
1
3745 5
1
3746 182
0
0
0
0
1
3747 142
1
3748 151
0
0
0
0
1
3749 60
0
1
3750 180
1
3751 113
0
0
1
3752 25
1
3753 81
1
3754 166
1
3755 121
0
1
3756 61
1
3757 56
0
0
0
0
1
3758 208
1
3759 32
0
0
0
0
0
0
0
0
0
1
3760 5
0
0
0
0
0
1
3761 153
0
0
1
3762 66
0
0
1
3763 53
0
1
3764 133
1
3765 181
0
0
0
1
3766 119
0
1
3767 33
0
1
3768 17
0
0
0
1
3769 67
0
0
1
3770 72
0
0
0
1
3771 150
1
3772 95
1
3773 144
1
3774 84
0
1
3775 195
0
1
3776 87
1
3777 175
1
3778 45
0
1
3779 172
1
3780 13
0
0
0
0
1
3781 194
0
0
0
1
3782 179
1
3783 106
1
3784 37
0
0
0
1
3785 109
1
3786 165
0
0
1
3787 160
0
1
3788 185
1
3789 44
1
3790 155
0
0
1
3791 92
1
3792 144
0
0
0
1
3793 157
1
3794 112
1
3795 40
1
3796 30
0
0
0
0
0
1
3797 76
1
3798 137
1
3799 10
1
3800 94
1
3801 166
0
0
1
3802 60
0
0
1
3803 169
1
3804 125
1
3805 79
0
0
0
0
0
0
1
3806 179
1
3807 122
1
3808 51
1
3809 108
0
0
0
1
3810 91
0
0
0
1
3811 15
0
1
3812 173
1
3813 39
0
0
0
1
3814 60
1
3815 40
0
0
0
0
1
3816 11
1
3817 37
0
1
3818 101
1
3819 172
0
0
1
3820 95
1
3821 155
0
0
1
3822 85
1
3823 99
0
0
1
3824 15
0
1
3825 166
0
1
3826 98
0
1
3827 177
0
1
3828 110
1
3829 3
1
3830 112
1
3831 40
0
1
3832 145
1
3833 27
1
3834 109
0
0
1
3835 208
1
3836 161
0
0
1
3837 67
1
3838 23
0
1
3839 15
0
1
3840 166
0
1
3841 92
1
3842 35
0
1
3843 26
1
3844 198
1
3845 181
0
0
0
1
3846 51
1
3847 87
0
0
1
3848 101
0
1
3849 166
1
3850 164
1
3851 195
0
0
1
3852 208
0
1
3853 199
1
3854 104
1
3855 58
1
3856 61
1
3857 4
0
0
0
1
3858 97
0
1
3859 194
0
0
0
1
3860 134
0
0
0
1
3861 65
1
3862 169
1
3863 66
1
3864 33
0
0
0
0
1
3865 49
1
3866 55
0
1
3867 23
0
1
3868 40
1
3869 15
0
1
3870 112
0
1
3871 171
1
3872 48
1
3873 73
0
1
3874 100
0
1
3875 184
0
1
3876 97
0
1
3877 20
0
1
3878 110
0
1
3879 7
0
0
0
1
3880 38
0
0
0
0
1
3881 32
1
3882 179
1
3883 38
0
0
1
3884 189
0
1
3885 34
0
0
0
0
1
3886 4
1
3887 117
0
0
1
3888 15
1
3889 74
1
3890 97
0
0
1
3891 26
0
1
3892 80
1
3893 82
1
3894 149
0
1
3895 93
0
1
3896 76
1
3897 86
0
0
1
3898 5
1
3899 42
0
0
0
0
1
3900 75
0
1
3901 124
0
0
1
3902 170
1
3903 174
0
1
3904 36
0
0
0
1
3905 23
0
0
0
0
1
3906 31
1
3907 155
1
3908 27
0
0
0
1
3909 104
1
3910 204
0
1
3911 125
1
3912 70
0
1
3913 6
1
3914 71
0
0
1
3915 68
0
1
3916 48
1
3917 35
0
0
1
3918 196
0
1
3919 44
0
0
0
1
3920 58
0
0
1
3921 111
0
0
0
1
3922 162
0
0
1
3923 5
0
1
3924 134
0
0
0
1
3925 26
1
3926 144
0
0
0
0
0
1
3927 111
0
0
0
1
3928 175
1
3929 142
1
3930 168
0
1
3931 50
0
0
1
3932 73
1
3933 25
0
0
1
3934 68
0
1
3935 193
0
1
3936 91
1
3937 44
0
0
0
1
3938 119
1
3939 199
0
0
0
1
3940 31
0
0
0
0
0
1
3941 102
0
1
3942 86
1
3943 114
1
3944 35
0
1
3945 141
1
3946 190
0
0
0
0
0
1
3947 38
0
0
0
0
0
1
3948 156
0
1
3949 62
0
1
3950 179
0
0
0
0
1
3951 120
0
0
0
1
3952 129
1
3953 153
1
3954 46
0
0
1
3955 32
0
1
3956 127
0
0
0
0
0
0
0
1
3957 116
1
3958 117
1
3959 33
0
1
3960 38
0
0
0
1
3961 189
0
1
3962 77
0
0
1
3963 158
0
0
0
0
1
3964 5
1
3965 208
0
0
0
1
3966 28
0
1
3967 18
1
3968 5
0
0
1
3969 190
1
3970 38
1
3971 196
0
0
1
3972 130
0
0
0
0
0
0
0
0
0
0
1
3973 78
1
3974 160
1
3975 100
1
3976 183
0
0
0
0
0
1
3977 58
1
3978 8
0
1
3979 41
1
3980 48
0
1
3981 131
1
3982 100
0
0
0
0
1
3983 75
1
3984 181
1
3985 9
0
1
3986 166
1
3987 35
1
3988 90
1
3989 116
1
3990 110
1
3991 118
1
3992 88
0
1
3993 5
1
3994 110
1
3995 6
0
0
1
3996 167
1
3997 70
1
3998 125
0
1
3999 146
0
0
0
0
0
1
4000 19
0
1
4001 110
1
4002 187
0
0
0
1
4003 152
1
4004 83
0
0
1
4005 22
0
0
1
4006 104
0
0
0
1
4007 97
0
1
4008 202
0
0
0
0
1
4009 108
0
0
0
1
4010 13
0
0
1
4011 86
0
0
0
0
0
0
1
4012 181
0
0
1
4013 52
0
0
0
0
0
1
4014 137
1
4015 140
0
1
4016 12
0
1
4017 155
0
0
1
4018 116
1
4019 199
0
0
1
4020 63
0
0
0
0
0
1
4021 194
0
0
0
1
4022 166
0
0
0
1
4023 44
0
0
0
1
4024 86
0
0
0
0
0
1
4025 180
0
1
4026 72
0
0
0
0
0
0
0
0
1
4027 132
0
0
1
4028 178
1
4029 80
0
0
0
0
0
1
4030 173
0
0
0
0
1
4031 8
0
0
1
4032 193
0
0
1
4033 156
1
4034 192
1
4035 45
0
0
0
0
0
0
0
0
0
1
4036 86
0
0
0
0
0
0
0
0
0
0
1
4037 58
1
4038 44
1
4039 147
0
0
1
4040 138
1
4041 106
0
0
0
0
1
4042 140
1
4043 79
0
1
4044 143
0
0
0
1
4045 35
0
0
0
0
0
0
0
0
1
4046 74
0
1
4047 21
0
1
4048 94
0
1
4049 29
1
4050 76
1
4051 19
1
4052 167
0
1
4053 119
0
0
1
4054 9
0
0
1
4055 31
0
0
0
1
4056 19
0
0
0
0
0
0
1
4057 190
1
4058 27
0
0
0
0
0
1
4059 51
1
4060 195
1
4061 9
1
4062 90
0
1
4063 32
0
0
0
1
4064 88
0
0
0
0
0
0
0
0
0
1
4065 128
0
0
0
0
0
0
0
1
4066 20
0
0
1
4067 98
0
1
4068 179
1
4069 189
1
4070 169
1
4071 97
0
1
4072 59
1
4073 205
1
4074 74
1
4075 129
0
1
4076 87
0
0
1
4077 39
1
4078 160
0
0
0
1
4079 191
1
4080 150
0
0
0
0
0
0
0
0
0
0
1
4081 138
0
0
1
4082 165
1
4083 52
1
4084 48
0
0
1
4085 126
0
1
4086 17
1
4087 162
1
4088 68
0
1
4089 112
1
4090 201
1
4091 128
0
1
4092 19
1
4093 53
1
4094 73
0
1
4095 207
1
4096 199
0
1
4097 62
0
0
0
1
4098 200
0
0
0
0
0
0
0
0
1
4099 192
0
0
0
0
0
1
4100 207
0
0
1
4101 40
0
0
1
4102 88
0
0
1
4103 118
0
0
0
0
1
4104 174
0
0
0
0
1
4105 166
0
0
0
0
0
0
1
4106 63
0
0
0
0
0
0
0
0
0
0
0
0
0
0
0
0
1
4107 172
0
0
0
0
0
0
0
0
0
0
0
0
0
0
1
4108 159
0
1
4109 150
1
4110 53
0
1
4111 26
1
4112 151
1
4113 77
1
4114 53
1
4115 172
1
4116 57
0
0
0
1
4117 30
0
1
4118 188
0
0
1
4119 205
0
1
4120 106
1
4121 169
1
4122 127
0
1
4123 141
0
1
4124 169
1
4125 154
1
4126 7
0
1
4127 56
0
0
1
4128 130
0
1
4129 192
1
4130 81
0
1
4131 69
0
1
4132 123
0
1
4133 67
1
4134 58
0
1
4135 38
0
0
1
4136 86
0
0
0
1
4137 140
0
0
0
0
1
4138 47
0
1
4139 75
0
1
4140 3
0
1
4141 151
1
4142 83
1
4143 85
0
0
1
4144 43
0
0
1
4145 164
0
0
0
0
1
4146 173
1
4147 191
0
0
1
4148 191
0
0
0
0
0
1
4149 170
0
1
4150 204
0
0
1
4151 113
0
1
4152 9
0
0
0
0
1
4153 204
0
1
4154 137
1
4155 194
0
0
1
4156 128
1
4157 203
0
1
4158 176
1
4159 43
0
0
0
1
4160 150
0
1
4161 95
1
4162 153
0
0
0
1
4163 69
1
4164 37
1
4165 112
1
4166 107
1
4167 82
0
0
0
0
0
1
4168 14
0
0
0
0
0
0
0
0
1
4169 190
0
1
4170 113
1
4171 111
1
4172 121
0
1
4173 69
0
0
0
0
0
0
0
1
4174 158
1
4175 8
1
4176 174
0
1
4177 174
1
4178 124
0
1
4179 121
1
4180 34
0
0
0
0
0
0
1
4181 170
0
1
4182 150
0
0
1
4183 41
1
4184 186
1
4185 28
0
0
1
4186 182
0
0
1
4187 100
0
0
0
0
1
4188 186
0
0
1
4189 99
0
0
0
0
1
4190 202
0
0
1
4191 9
0
0
0
0
0
0
1
4192 115
0
0
0
0
0
1
4193 151
0
0
0
0
1
4194 93
1
4195 32
0
0
0
0
0
0
0
1
4196 47
0
1
4197 32
1
4198 76
0
1
4199 177
1
4200 5
0
0
1
4201 47
0
0
1
4202 153
1
4203 139
0
1
4204 127
1
4205 84
1
4206 152
0
0
1
4207 15
0
1
4208 82
1
4209 141
0
0
0
0
1
4210 112
1
4211 21
0
0
0
0
0
0
1
4212 207
1
4213 157
0
0
0
0
0
1
4214 173
0
0
0
0
0
0
0
0
0
0
0
0
1
4215 34
1
4216 84
1
4217 195
1
4218 40
0
1
4219 58
1
4220 17
0
0
0
0
1
4221 6
0
0
0
0
0
1
4222 152
1
4223 73
0
1
4224 20
0
0
0
0
0
0
0
0
0
0
1
4225 167
1
4226 93
0
0
1
4227 73
0
0
1
4228 10
0
0
0
1
4229 54
0
1
4230 195
0
0
1
4231 45
0
0
0
0
0
1
4232 62
0
0
1
4233 185
1
4234 98
1
4235 54
0
0
0
0
1
4236 78
0
0
0
0
0
0
0
0
0
1
4237 165
1
4238 25
1
4239 108
0
0
1
4240 167
0
1
4241 149
1
4242 78
1
4243 72
0
1
4244 37
0
0
0
1
4245 56
0
0
1
4246 171
0
0
1
4247 31
0
0
0
1
4248 178
1
4249 23
0
0
1
4250 19
0
0
1
4251 131
1
4252 166
0
0
1
4253 108
0
0
0
0
1
4254 82
1
4255 133
1
4256 14
0
0
0
1
4257 164
0
0
0
0
0
0
1
4258 163
0
1
4259 91
0
0
0
0
1
4260 14
1
4261 200
1
4262 82
1
4263 175
0
0
1
4264 159
0
0
1
4265 68
0
0
0
1
4266 78
0
0
1
4267 75
0
0
0
0
0
0
1
4268 20
1
4269 93
0
1
4270 94
0
1
4271 132
1
4272 83
1
4273 133
0
1
4274 193
0
0
1
4275 150
1
4276 152
1
4277 68
0
0
0
0
0
1
4278 93
0
1
4279 179
0
0
0
1
4280 85
0
1
4281 176
0
1
4282 126
0
0
1
4283 155
1
4284 168
0
1
4285 195
1
4286 90
0
1
4287 147
0
0
1
4288 88
0
0
1
4289 207
0
0
0
0
1
4290 54
0
0
0
0
0
0
0
1
4291 129
1
4292 153
0
1
4293 129
0
0
1
4294 166
0
0
0
1
4295 59
0
1
4296 40
0
0
1
4297 114
0
0
0
0
0
0
1
4298 31
0
0
1
4299 75
0
0
0
0
0
0
0
0
0
0
0
0
0
0
0
1
4300 44
0
0
0
1
4301 192
0
0
0
0
1
4302 75
0
0
0
1
4303 162
1
4304 47
1
4305 29
1
4306 136
0
0
0
0
0
0
0
0
0
0
0
0
0
0
1
4307 93
1
4308 147
0
0
0
1
4309 166
0
1
4310 64
0
1
4311 99
0
1
4312 74
0
1
4313 112
0
1
4314 81
0
0
0
0
1
4315 166
0
0
0
0
0
0
0
0
0
1
4316 176
0
1
4317 31
0
0
0
0
1
4318 45
1
4319 160
0
0
0
0
0
1
4320 59
0
0
0
0
0
1
4321 20
0
0
0
1
4322 97
0
1
4323 119
0
0
1
4324 30
0
0
0
0
0
0
1
4325 33
1
4326 61
1
4327 125
0
0
0
0
0
0
1
4328 39
1
4329 158
0
0
0
0
1
4330 32
0
0
1
4331 46
0
0
1
4332 160
0
1
4333 31
0
1
4334 207
0
0
0
0
0
1
4335 45
0
1
4336 189
0
0
0
0
0
0
0
0
0
0
1
4337 203
0
0
0
1
4338 159
1
4339 18
0
0
1
4340 127
0
0
1
4341 20
0
1
4342 185
0
0
1
4343 23
0
0
0
0
1
4344 67
0
0
0
1
4345 197
1
4346 188
0
1
4347 168
0
0
0
0
0
1
4348 87
0
0
0
0
0
1
4349 192
1
4350 205
0
1
4351 23
0
0
1
4352 119
0
0
1
4353 85
1
4354 190
0
0
1
4355 92
0
0
0
0
0
0
0
1
4356 173
0
0
1
4357 199
0
0
0
1
4358 110
0
0
0
0
1
4359 34
0
0
0
1
4360 116
0
1
4361 202
1
4362 88
1
4363 35
0
1
4364 10
1
4365 33
0
0
0
0
0
0
0
0
0
0
1
4366 36
1
4367 92
1
4368 78
0
0
0
0
1
4369 173
0
1
4370 11
1
4371 27
1
4372 113
0
0
0
1
4373 63
0
0
0
1
4374 22
0
1
4375 53
1
4376 86
0
0
0
0
1
4377 176
1
4378 171
0
0
0
1
4379 124
0
0
0
0
0
0
0
1
4380 159
0
1
4381 85
1
4382 116
0
0
0
0
1
4383 189
1
4384 143
0
0
0
0
1
4385 17
0
0
0
1
4386 149
0
0
0
0
0
0
1
4387 53
1
4388 149
1
4389 61
0
0
0
0
0
0
0
0
0
1
4390 118
0
0
0
0
0
0
0
0
0
1
4391 147
0
0
0
0
1
4392 45
0
1
4393 146
0
1
4394 62
0
0
1
4395 134
0
0
0
1
4396 164
0
0
0
0
0
0
1
4397 2
0
1
4398 61
1
4399 133
0
0
0
1
4400 53
0
0
0
1
4401 38
1
4402 55
0
1
4403 26
0
0
0
0
0
0
0
1
4404 162
0
0
1
4405 18
0
0
0
0
0
0
0
0
0
0
0
0
1
4406 178
0
0
0
0
0
1
4407 36
0
1
4408 84
0
0
0
1
4409 93
0
0
1
4410 74
1
4411 82
0
0
0
0
1
4412 84
0
0
1
4413 50
1
4414 29
1
4415 105
0
0
0
0
0
1
4416 44
0
0
0
0
0
0
0
0
0
0
1
4417 201
0
0
0
0
0
1
4418 17
1
4419 27
0
1
4420 62
1
4421 79
0
0
1
4422 26
0
0
0
1
4423 62
1
4424 149
1
4425 60
1
4426 168
1
4427 68
0
1
4428 99
0
0
0
1
4429 79
0
1
4430 100
0
0
0
0
0
0
0
0
1
4431 21
0
0
0
0
0
0
0
0
0
0
1
4432 84
1
4433 51
1
4434 75
0
0
0
0
0
1
4435 34
1
4436 164
0
0
0
0
0
0
1
4437 142
0
0
0
1
4438 145
1
4439 25
0
1
4440 142
0
0
0
0
0
0
1
4441 181
1
4442 88
0
0
0
0
1
4443 54
0
0
0
0
1
4444 83
0
0
1
4445 74
0
0
0
0
1
4446 138
0
1
4447 108
0
0
0
0
1
4448 25
0
0
0
1
4449 122
0
0
0
0
0
0
0
0
0
1
4450 200
0
1
4451 88
0
1
4452 29
1
4453 117
0
0
1
4454 65
1
4455 68
0
0
1
4456 72
1
4457 99
1
4458 188
0
0
1
4459 79
1
4460 50
0
0
1
4461 200
0
1
4462 178
0
0
0
0
0
0
0
0
0
0
0
0
1
4463 160
0
0
1
4464 111
1
4465 36
0
0
0
0
1
4466 149
0
0
0
0
0
0
0
0
0
0
1
4467 11
0
0
0
1
4468 118
0
0
1
4469 197
1
4470 116
1
4471 36
0
0
1
4472 16
0
0
0
0
0
0
0
1
4473 7
0
1
4474 125
1
4475 7
1
4476 122
0
1
4477 76
0
1
4478 18
0
0
0
0
1
4479 5
1
4480 137
0
0
0
0
0
1
4481 27
1
4482 111
1
4483 86
1
4484 18
1
4485 179
0
0
0
0
1
4486 43
1
4487 28
0
0
0
0
1
4488 33
0
0
1
4489 83
0
0
0
1
4490 84
0
1
4491 80
0
0
0
0
0
0
0
0
0
0
0
0
0
0
1
4492 23
0
1
4493 44
0
1
4494 160
0
0
1
4495 47
1
4496 91
0
0
1
4497 121
1
4498 44
0
1
4499 123
1
4500 151
0
0
1
4501 128
1
4502 29
0
0
0
0
1
4503 109
0
0
1
4504 191
0
0
0
1
4505 110
0
1
4506 19
0
0
0
0
0
0
0
1
4507 29
0
1
4508 37
0
1
4509 153
1
4510 66
0
0
0
1
4511 59
0
0
0
0
0
0
0
0
1
4512 79
1
4513 47
0
1
4514 49
0
0
0
0
0
0
1
4515 125
0
0
0
0
0
0
0
0
0
0
0
0
0
0
0
0
0
1
4516 20
0
1
4517 200
1
4518 151
0
1
4519 170
0
0
1
4520 20
0
1
4521 37
0
1
4522 160
0
0
0
0
0
0
0
0
0
0
0
0
0
0
0
0
1
4523 102
1
4524 164
0
0
0
0
1
4525 5
0
0
0
0
0
1
4526 4
0
0
0
0
1
4527 101
0
0
0
0
0
0
1
4528 14
1
4529 178
0
0
1
4530 207
0
0
1
4531 65
0
1
4532 203
1
4533 189
0
0
0
0
0
0
0
1
4534 196
0
0
0
0
0
1
4535 17
0
1
4536 23
1
4537 92
1
4538 202
0
0
0
0
0
1
4539 17
0
0
0
0
0
0
1
4540 93
0
0
0
0
0
0
0
1
4541 26
1
4542 143
0
0
0
1
4543 35
0
0
0
0
0
1
4544 22
0
0
0
0
1
4545 105
0
0
0
0
1
4546 20
1
4547 178
0
0
0
1
4548 33
0
0
0
0
1
4549 37
0
0
0
0
0
0
0
0
1
4550 172
0
0
1
4551 187
0
0
0
1
4552 13
1
4553 153
1
4554 3
0
0
0
0
1
4555 60
0
0
0
0
1
4556 193
0
0
0
0
0
0
0
1
4557 166
0
1
4558 205
0
1
4559 123
0
0
0
0
0
0
1
4560 75
0
0
0
0
1
4561 195
1
4562 130
0
0
0
0
1
4563 169
0
1
4564 35
0
0
0
0
0
1
4565 97
0
0
0
1
4566 101
1
4567 108
1
4568 166
0
0
0
0
0
0
0
1
4569 49
0
0
1
4570 93
1
4571 134
0
0
0
0
1
4572 51
0
0
0
0
0
0
0
0
0
0
1
4573 74
0
1
4574 6
0
1
4575 165
0
0
0
0
0
0
0
0
0
0
1
4576 19
1
4577 168
0
0
0
0
0
0
0
0
0
0
0
0
0
0
1
4578 104
0
0
0
0
0
0
1
4579 33
0
1
4580 204
0
0
0
0
0
0
0
0
1
4581 39
1
4582 39
0
0
0
0
0
0
0
0
1
4583 115
1
4584 14
0
0
0
0
0
1
4585 27
1
4586 135
0
0
1
4587 194
0
0
0
1
4588 56
0
1
4589 29
0
0
1
4590 66
1
4591 166
0
0
1
4592 84
0
1
4593 143
0
0
0
0
1
4594 88
1
4595 43
0
0
0
0
1
4596 187
0
0
0
1
4597 158
0
0
0
0
1
4598 194
0
0
0
0
1
4599 26
0
0
0
0
0
0
0
0
1
4600 174
0
0
0
0
0
0
0
0
0
0
0
0
0
0
0
0
1
4601 204
0
0
0
0
0
1
4602 72
0
0
0
1
4603 153
0
1
4604 206
1
4605 114
1
4606 164
0
0
0
0
1
4607 163
0
0
0
0
0
1
4608 168
0
0
0
0
0
1
4609 17
0
0
0
0
0
0
0
0
0
0
0
0
0
1
4610 192
0
0
0
1
4611 75
0
0
0
0
0
1
4612 123
1
4613 202
1
4614 126
1
4615 111
1
4616 17
0
0
1
4617 50
0
0
0
0
0
0
0
0
0
0
0
0
1
4618 107
1
4619 79
0
0
0
0
0
1
4620 78
0
0
0
1
4621 206
0
0
1
4622 108
1
4623 146
0
0
1
4624 140
0
0
0
1
4625 76
1
4626 39
0
0
0
0
0
0
1
4627 135
0
0
0
0
0
0
1
4628 170
1
4629 65
0
0
0
0
0
0
1
4630 40
0
0
0
0
0
0
1
4631 68
0
0
0
0
0
0
1
4632 92
0
0
0
0
1
4633 206
0
1
4634 130
0
1
4635 208
0
0
0
0
0
0
0
0
0
0
0
1
4636 145
0
0
0
0
0
0
0
1
4637 191
0
0
1
4638 129
1
4639 14
1
4640 64
0
0
0
0
1
4641 23
0
1
4642 53
1
4643 90
0
0
0
0
0
0
0
0
0
0
0
0
0
0
0
0
0
0
1
4644 75
0
0
0
0
0
0
0
0
0
0
0
0
0
0
0
0
1
4645 81
0
0
0
0
0
0
0
0
0
0
0
0
0
1
4646 62
0
0
0
1
4647 17
0
0
1
4648 34
0
0
0
0
1
4649 99
0
0
1
4650 187
0
0
0
0
1
4651 168
0
0
0
0
0
1
4652 145
0
0
0
0
0
0
0
0
0
0
1
4653 204
0
1
4654 176
0
1
4655 28
1
4656 207
0
0
0
0
0
1
4657 98
0
1
4658 63
0
0
0
0
0
0
0
0
0
0
0
0
0
0
0
0
0
0
1
4659 44
1
4660 106
0
0
1
4661 66
1
4662 34
0
1
4663 55
0
1
4664 120
0
0
0
0
0
0
0
0
0
0
0
0
0
0
0
0
0
0
0
0
0
1
4665 179
0
0
0
0
0
0
1
4666 191
0
0
0
0
0
0
0
0
0
0
1
4667 20
1
4668 135
0
0
0
0
0
0
0
0
0
0
0
0
0
0
0
0
0
1
4669 164
0
0
0
0
0
0
0
0
0
0
0
0
1
4670 133
0
0
0
0
1
4671 18
0
0
0
0
1
4672 155
0
0
0
0
0
1
4673 10
1
4674 101
0
1
4675 149
0
0
0
0
0
0
0
0
0
0
0
0
0
0
0
0
0
0
0
0
0
0
0
0
0
0
1
4676 49
1
4677 123
0
0
0
0
0
0
0
0
0
0
0
0
0
0
0
0
0
0
0
0
0
0
0
0
0
0
0
0
0
0
0
0
0
1
4678 65
0
0
0
0
1
4679 173
0
0
0
0
1
4680 27
0
0
0
0
0
0
0
0
0
0
0
0
0
1
4681 14
0
0
1
4682 9
0
1
4683 156
0
0
0
0
0
0
1
4684 73
0
0
0
0
0
0
0
1
4685 22
0
0
0
0
0
0
0
0
0
1
4686 73
0
1
4687 24
0
0
0
1
4688 136
0
0
0
0
0
1
4689 194
0
0
0
0
0
0
0
1
4690 145
0
0
0
0
0
0
0
0
0
0
1
4691 152
0
0
0
0
0
0
1
4692 92
0
1
4693 93
1
4694 82
0
0
0
0
1
4695 99
0
0
0
0
0
0
0
0
0
0
0
0
0
0
0
1
4696 117
0
0
0
1
4697 164
0
0
1
4698 132
0
0
0
0
0
0
0
0
0
0
0
0
1
4699 8
1
4700 86
0
0
0
0
0
1
4701 133
0
0
1
4702 173
0
0
0
0
0
0
0
0
1
4703 93
0
0
1
4704 142
0
0
0
0
1
4705 59
0
0
0
0
0
0
0
1
4706 92
0
0
0
0
0
0
0
0
0
0
0
0
0
0
0
0
0
0
0
0
0
0
0
0
0
0
0
0
0
1
4707 42
0
0
0
0
1
4708 89
0
0
1
4709 34
0
0
0
0
0
0
0
0
1
4710 194
1
4711 62
0
0
0
1
4712 47
0
0
0
0
0
0
0
0
0
1
4713 73
0
1
4714 206
0
0
0
0
0
0
0
1
4715 56
0
0
1
4716 13
0
0
1
4717 40
0
0
0
1
4718 154
0
0
1
4719 168
0
1
4720 143
0
1
4721 58
0
0
0
0
0
0
0
0
1
4722 180
0
0
0
0
0
0
0
0
0
0
0
0
0
0
0
0
0
0
0
0
0
0
0
1
4723 20
0
0
0
0
0
0
0
0
0
0
0
1
4724 5
1
4725 16
0
0
0
0
0
0
0
0
1
4726 157
0
0
0
0
0
1
4727 27
0
0
0
0
0
0
0
0
0
0
1
4728 198
1
4729 104
0
0
0
0
0
0
1
4730 59
0
0
0
0
0
0
0
0
0
1
4731 86
0
0
0
1
4732 182
0
0
0
0
0
0
0
0
0
0
0
0
0
0
0
0
0
1
4733 12
0
0
0
0
0
0
0
0
0
0
0
0
0
0
0
0
0
1
4734 163
0
0
1
4735 133
0
0
0
0
0
0
1
4736 44
0
1
4737 35
0
0
0
0
0
1
4738 194
0
0
0
0
0
0
0
0
0
0
0
0
0
0
0
0
0
0
0
0
0
0
0
0
0
0
0
0
0
0
1
4739 191
0
0
0
0
0
0
0
0
0
0
0
0
0
0
0
0
0
0
0
0
0
0
1
4740 29
0
0
0
0
0
0
1
4741 165
0
0
0
0
0
0
0
1
4742 156
0
0
1
4743 22
0
0
0
0
0
0
0
0
1
4744 61
0
0
0
0
0
0
1
4745 166
0
0
0
0
0
1
4746 186
0
1
4747 110
0
0
0
0
0
0
0
1
4748 98
0
0
0
0
0
0
0
0
1
4749 78
0
0
0
0
0
0
0
0
0
0
0
0
0
0
0
0
1
4750 166
0
0
0
0
0
0
0
0
0
0
0
0
0
0
0
0
0
0
0
0
0
0
1
4751 173
0
0
0
0
0
0
0
0
0
0
0
0
0
0
0
0
0
0
0
0
1
4752 91
1
4753 124
0
0
0
0
0
0
0
0
0
0
0
0
0
0
0
0
0
0
1
4754 123
0
0
0
0
0
0
0
1
4755 91
1
4756 67
0
0
0
0
0
1
4757 208
0
0
0
0
0
0
0
0
0
0
0
0
0
0
0
0
0
0
0
0
0
0
0
0
0
0
0
0
0
0
0
0
0
1
4758 56
0
0
0
0
0
0
0
0
0
0
0
0
0
0
0
0
0
0
0
0
0
0
0
0
0
0
0
0
0
0
0
0
0
0
0
0
1
4759 25
0
0
0
0
0
0
0
0
0
0
0
0
0
0
0
0
0
0
0
0
0
0
0
0
0
0
0
0
0
0
0
0
0
0
0
0
0
0
0
1
4760 145
0
0
0
0
0
0
0
0
0
0
0
0
0
0
0
0
0
1
4761 83
0
0
1
4762 139
0
0
0
1
4763 39
0
0
0
0
0
0
0
0
0
0
0
0
0
0
0
0
0
0
0
0
0
0
0
0
0
0
0
0
0
0
0
0
0
0
0
0
0
0
0
0
1
4764 187
0
0
0
0
0
0
0
0
0
0
0
0
0
0
0
1
4765 38
0
0
0
0
0
0
0
0
0
0
0
0
0
0
0
0
0
0
0
0
0
0
0
0
0
0
1
4766 39
0
0
0
0
0
1
4767 134
0
0
0
0
0
0
0
0
0
0
0
0
0
0
0
0
0
0
0
0
0
0
0
0
0
0
0
1
4768 159
0
0
0
1
4769 171
0
0
0
0
0
0
0
0
0
0
0
0
0
0
0
0
0
0
1
4770 63
0
0
0
0
0
0
0
0
0
0
0
1
4771 70
0
0
0
0
1
4772 204
0
0
0
0
0
0
0
1
4773 97
0
0
0
0
0
1
4774 83
0
0
0
0
0
0
0
0
0
0
0
0
0
0
0
0
0
0
0
0
0
0
0
0
0
0
0
0
0
0
0
0
0
0
0
0
0
0
0
0
0
0
0
1
4775 92
0
0
0
0
0
0
0
0
0
0
0
0
0
0
0
0
0
0
0
0
0
0
0
0
0
0
0
0
0
1
4776 159
0
0
0
0
1
4777 36
0
0
0
0
0
0
0
1
4778 86
0
0
0
0
0
0
0
0
0
0
0
0
0
0
0
0
0
0
0
0
0
0
0
0
0
0
0
0
0
0
0
0
0
0
0
0
0
0
0
0
0
0
0
0
0
0
0
0
0
0
0
0
0
0
0
0
0
0
0
0
0
0
0
0
0
0
0
0
0
0
0
0
0
0
0
0
0
0
0
0
0
0
0
0
0
0
0
0
0
0
0
0
0
0
0
0
0
0
0
0
0
0
0
0
0
0
0
0
0
0
0
0
0
0
0
0
0
0
0
0
0
0
0
0
0
0
0
0
0
0
0
0
0
0
0
0
0
0
0
0
0
0
0
0
0
0
0
0
0
0
0
0
0
0
0
0
0
0
0
0
0
0
0
0
0
0
0
0
0
0
0
0
0
0
0
0
0
0
0
0
0
0
0
0
0
0
0
0
0
0
0
0
0
0
0
0
0
0
0
0
0
0
0
0
0
0
0
0
0
0
0
0
0
0
0
0
0
0
0
0
0
0
0
0
0
0
0
0
0
0
0
0
0
0
0
0
0
0
0
0
0
0
0
0
0
0
0
0
0
0
0
0
0
0
0
0
0
0
0
0
0
0
0
0
0
0
0
0
0
0
0
0
0
0
0
0
0
0
0
0
0
0
0
0
0
0
0
0
0
0
0
0
0
0
0
0
0
0
0
0
0
0
0
0
0
0
0
0
0
0
0
0
0
0
0
0
0
0
0
0
0
0
0
0
0
0
0
0
0
0
0
0
0
0
0
0
0
0
0
0
0
0
0
0
0
0
0
0
0
0
0
0
0
0
0
0
0
0
0
0
0
0
0
0
0
0
0
0
0
0
0
0
0
0
0
0
0
0
0
0
0
0
0
0
0
0
0
0
0
0
0
0
0
0
0
0
0
0
0
0
0
0
0
0
0
0
0
0
0
0
0
0
0
0
0
0
0
0
0
0
0
0
0
0
0
0
0
0
0
0
0
0
0
0
0
0
0
0
0
0
0
0
0
0
0
0
0
0
0
0
0
0
0
0
0
0
0
0
0
0
0
0
0
0
0
0
0
0
0
0
0
0
0
0
0
0
0
0
0
0
0
0
0
0
0
0
0
0
0
0
0
0
0
0
0
0
0
0
0
0
0
0
0
0
0
0
0
0
0
0
0
0
0
0
0
0
0
0
0
0
0
0
0
0
0
0
0
0
0
0
0
0
0
0
0
0
0
0
0
0
0
0
0
0
0
0
0
0
0
0
0
0
0
0
0
0
0
0
0
0
0
0
0
0
0
0
0
0
0
0
0
0
0
0
0
0
0
0
0
0
0
0
0
0
0
0
0
0
0
0
0
0
0
0
0
0
0
0
0
0
0
0
0
0
0
0
0
0
0
0
0
0
0
0
0
0
0
0
0
0
0
0
0
0
0
0
0
0
0
0
0
0
0
0
0
0
0
0
0
0
0
0
0
0
0
0
0
0
0
0
0
0
0
0
0
0
0
0
0
0
0
0
0
0
0
0
0
0
0
0
0
0
0
0
0
0
0
0
0
0
0
0
0
0
0
0
0
0
0
0
0
0
0
0
0
0
0
0
0
0
0
0
0
0
0
0
0
0
0
0
0
0
0
0
0
0
0
0
0
0
0
0
0
0
0
0
0
0
0
0
0
0
