273 480
228 268 3
77 92 2
51 149 3
264 227 4
112 15 3
32 104 3
31 209 3
168 25 3
253 100 3
63 173 4
76 24 3
99 161 3
53 206 5
102 255 3
217 72 2
244 69 4
38 79 4
163 222 3
65 39 4
252 107 4
79 270 5
76 33 4
261 53 3
164 5 3
170 184 3
66 6 2
86 178 3
25 167 3
36 120 3
169 68 2
71 214 4
38 270 3
169 149 3
205 17 3
234 265 2
2 94 5
35 132 2
166 128 2
21 93 3
151 16 3
118 26 3
109 197 5
239 119 3
18 166 3
178 153 4
215 110 2
130 263 3
106 172 4
50 193 5
126 5 5
180 239 3
166 84 1
71 256 5
2 118 3
156 223 4
186 238 3
215 90 4
40 209 5
137 72 4
161 226 3
193 154 4
245 136 4
185 184 4
173 223 3
222 191 4
272 120 5
106 99 4
100 10 3
230 96 3
41 152 3
229 60 2
259 45 3
89 240 2
258 67 3
23 243 5
89 104 3
139 133 5
270 242 3
225 147 3
20 217 4
102 147 1
233 6 4
94 41 5
132 14 3
33 60 4
17 43 3
120 99 4
138 101 4
12 14 2
144 13 3
89 252 3
103 9 5
114 244 5
131 90 3
135 45 4
122 230 3
56 63 2
202 41 4
225 39 4
28 196 4
158 87 3
56 156 2
37 206 3
247 5 4
237 74 4
65 14 2
207 271 1
246 234 3
43 181 3
124 19 5
145 190 2
46 271 4
4 130 3
250 184 2
200 86 4
255 226 3
91 221 4
26 112 3
11 151 3
48 43 4
105 195 3
192 251 3
212 63 3
210 174 3
130 186 3
74 22 5
134 230 2
97 110 4
50 154 3
108 267 3
158 69 3
192 163 4
43 19 3
136 198 5
58 243 4
122 256 4
56 173 3
142 57 3
111 134 2
177 160 3
130 213 3
38 249 3
24 112 3
110 269 3
127 54 3
13 64 4
157 182 5
221 183 4
256 96 2
50 61 5
147 201 3
134 14 4
181 121 5
208 159 3
126 174 4
213 238 3
30 151 3
232 167 3
240 85 3
141 82 3
125 51 4
119 102 2
220 70 2
226 262 3
134 35 2
186 156 4
173 212 3
13 115 3
198 149 3
68 245 3
215 93 5
268 83 2
205 21 4
189 140 2
155 203 2
91 195 3
224 62 2
212 150 3
19 216 3
45 77 4
115 64 5
262 183 3
148 264 3
160 127 4
72 82 3
8 188 5
188 140 4
37 237 3
177 3 3
179 255 4
90 138 2
39 114 4
250 78 4
182 241 2
80 68 3
7 252 5
251 208 3
216 126 1
23 172 3
273 16 2
10 81 4
54 204 3
70 95 3
227 148 4
259 135 3
90 189 2
241 164 2
272 27 5
240 104 2
260 268 3
216 174 2
152 190 2
85 32 3
200 128 3
165 172 3
236 47 3
172 99 2
211 7 3
15 229 3
34 91 3
254 165 3
197 266 3
24 167 5
236 35 3
269 44 4
75 105 3
94 55 3
108 223 3
73 137 2
219 225 3
73 154 4
55 123 3
167 192 2
117 160 2
230 111 3
163 98 3
141 246 2
199 180 3
129 218 2
92 228 4
229 33 3
42 49 4
204 68 3
89 30 4
132 12 4
161 36 2
60 15 4
103 244 1
11 107 3
24 168 3
272 221 3
35 47 4
98 25 3
187 139 4
58 120 3
115 62 2
200 35 3
185 250 3
169 245 4
84 145 4
55 202 4
113 268 3
33 40 4
140 52 3
201 144 4
232 31 4
82 217 4
262 75 3
190 118 4
237 22 3
49 67 4
54 160 3
83 259 2
208 191 3
2 98 4
240 263 5
31 234 3
258 247 4
204 242 3
219 87 3
79 186 3
201 119 4
246 251 2
220 129 3
72 143 3
187 20 3
241 218 5
270 56 4
132 153 5
223 267 2
52 46 3
26 168 2
182 203 4
171 200 4
146 180 3
155 157 3
171 86 2
107 30 4
1 261 3
15 76 4
116 6 2
128 236 4
117 54 2
105 100 4
18 29 2
61 121 4
108 4 5
109 154 3
1 88 3
85 53 3
91 183 2
137 193 3
16 4 4
232 40 4
143 264 4
125 150 2
178 123 3
138 189 4
38 127 2
48 17 2
110 131 4
82 187 4
97 269 2
83 135 2
69 9 5
162 199 4
168 112 4
55 243 4
273 30 4
162 22 3
260 113 4
162 74 3
87 244 3
19 50 3
219 201 2
101 131 4
266 20 3
8 52 3
64 144 2
222 94 3
125 204 4
150 51 3
211 37 4
9 194 4
138 140 2
1 81 4
254 57 3
64 146 2
235 194 2
101 207 3
155 42 3
29 202 3
51 212 2
192 232 4
105 183 4
175 28 3
88 162 5
95 129 3
137 217 4
18 171 3
196 175 4
258 175 3
34 3 4
251 31 3
12 59 3
106 165 3
21 257 3
34 221 4
243 184 5
75 253 4
23 254 3
102 239 2
63 242 3
88 199 3
66 196 3
248 44 4
98 222 2
261 228 3
106 27 3
228 81 3
53 32 2
246 265 4
177 67 3
165 142 2
17 124 3
257 210 4
170 185 2
176 34 3
159 227 3
27 176 3
174 124 2
176 42 4
150 63 4
148 78 3
75 255 4
141 208 3
271 101 2
163 25 3
29 152 2
269 93 3
198 44 3
220 95 4
135 249 4
77 79 3
103 158 4
62 146 4
59 36 4
273 11 3
85 261 4
73 266 3
233 248 3
262 272 3
191 170 4
188 181 4
267 156 3
218 148 5
238 263 3
127 249 1
265 139 4
49 3 2
71 235 5
36 153 4
119 180 3
133 234 3
73 197 2
254 142 3
177 117 4
10 88 3
264 129 3
83 113 2
227 78 2
58 123 3
195 260 3
265 141 4
257 6 5
226 253 4
64 224 3
46 207 2
215 97 2
128 84 4
12 65 3
202 18 5
121 8 3
47 111 4
70 216 3
116 80 2
231 179 3
122 214 3
116 196 2
206 7 4
179 147 5
13 224 3
29 145 4
188 48 3
59 231 5
213 108 3
179 225 4
235 103 4
249 117 3
210 126 3
109 61 3
210 66 3
157 57 2
73 217 2
28 116 2
125 169 5
159 143 3
48 205 5
214 96 4
233 80 4
247 164 4
92 45 4
209 133 4
114 214 2
164 182 2
155 176 2
136 248 2
152 145 4
231 65 5
203 49 3
10000
0
0
0
0
0
0
0
0
0
0
0
0
0
0
0
0
0
0
0
0
0
0
0
0
0
0
0
0
0
0
0
0
0
0
0
0
0
0
0
0
0
0
0
0
0
0
0
0
0
0
0
0
0
0
0
0
0
0
0
0
0
0
0
0
0
0
0
0
0
0
0
0
0
0
0
0
0
0
0
0
0
0
0
0
0
0
0
0
0
0
0
0
0
0
0
0
0
0
0
0
0
0
0
0
0
0
0
0
0
0
0
0
0
1
1 156
0
0
0
0
0
0
0
0
0
0
0
0
0
0
0
0
0
0
0
0
0
0
1
2 85
0
0
0
0
0
0
0
0
0
0
0
0
0
0
0
0
0
0
0
0
0
0
0
0
1
3 144
0
0
0
0
0
0
1
4 180
0
0
0
0
0
0
0
0
0
0
0
0
0
0
0
0
0
1
5 144
0
0
0
0
0
1
6 232
0
0
0
0
0
0
0
0
0
0
0
0
0
0
0
0
0
0
0
0
1
7 145
0
0
0
0
1
8 20
0
0
0
0
0
0
0
0
0
0
0
0
0
0
0
0
0
1
9 232
0
0
0
0
0
0
0
0
1
10 14
0
0
0
0
0
0
0
0
0
0
0
0
0
0
0
0
0
0
0
0
0
0
0
0
0
0
1
11 128
0
0
0
0
0
0
0
0
0
0
0
0
0
0
0
0
0
0
0
0
0
0
0
1
12 148
0
0
0
0
0
0
0
0
0
0
0
0
0
0
0
0
0
0
0
0
0
0
0
0
1
13 31
0
0
0
0
0
0
0
0
0
0
0
0
0
1
14 197
0
0
0
1
15 100
0
0
0
0
0
0
0
0
0
0
0
0
0
0
0
0
0
0
0
1
16 13
0
0
0
1
17 39
0
0
0
0
0
0
1
18 239
0
0
0
1
19 253
0
1
20 77
0
0
0
0
0
0
0
0
0
0
0
0
0
0
0
0
0
1
21 234
0
0
0
0
0
1
22 266
0
0
0
1
23 153
0
0
0
0
1
24 14
0
0
0
0
0
0
0
0
0
0
0
0
0
0
0
1
25 22
1
26 256
0
0
0
0
0
1
27 152
0
0
0
0
0
1
28 177
0
0
0
0
1
29 81
0
0
0
0
0
0
0
0
0
0
0
0
0
0
0
0
0
0
0
0
0
0
0
0
0
0
1
30 155
0
0
0
0
0
0
1
31 74
1
32 85
0
0
0
0
0
0
0
0
0
0
0
0
0
0
0
0
0
0
0
0
0
0
1
33 123
0
0
0
0
0
1
34 195
0
0
0
0
0
0
0
0
0
0
0
1
35 41
0
0
0
0
0
1
36 261
0
0
0
0
0
1
37 169
1
38 216
0
0
0
0
0
0
1
39 124
0
0
0
0
0
1
40 10
0
1
41 124
0
0
0
0
0
1
42 170
0
0
0
1
43 121
1
44 92
0
0
0
0
0
0
0
0
0
1
45 53
0
0
0
0
0
0
0
0
0
0
0
1
46 63
0
0
1
47 217
0
0
0
1
48 112
0
0
0
0
0
0
0
0
1
49 62
0
0
0
0
0
0
0
0
0
0
0
0
0
0
0
0
1
50 8
0
0
0
0
1
51 51
0
0
0
0
0
0
0
1
52 241
0
1
53 253
0
1
54 70
0
0
0
0
0
0
1
55 143
0
0
0
0
0
0
0
0
1
56 162
0
0
0
0
0
0
0
1
57 190
0
0
0
0
0
0
0
0
0
0
0
1
58 246
0
0
1
59 203
0
0
0
1
60 14
1
61 242
0
0
0
0
0
0
0
1
62 188
0
1
63 187
1
64 187
1
65 35
0
0
0
0
0
0
0
1
66 177
0
0
0
1
67 60
1
68 17
0
0
0
0
1
69 144
1
70 72
1
71 144
0
0
1
72 112
0
1
73 191
0
1
74 57
0
0
0
0
0
0
0
1
75 260
1
76 252
0
0
0
1
77 118
0
1
78 251
0
1
79 186
0
0
0
1
80 103
0
0
1
81 144
0
0
1
82 135
0
0
0
0
1
83 87
0
0
0
0
0
1
84 190
0
0
0
0
1
85 23
1
86 46
0
0
1
87 85
0
0
0
1
88 201
0
0
1
89 132
0
0
0
1
90 12
0
1
91 55
0
1
92 121
0
0
1
93 169
0
0
0
0
1
94 15
0
0
1
95 191
1
96 258
0
0
0
1
97 188
0
0
0
0
1
98 32
0
0
1
99 59
1
100 153
0
0
0
1
101 84
1
102 258
0
0
0
0
1
103 174
0
1
104 112
0
1
105 237
1
106 195
0
0
1
107 134
0
0
1
108 38
1
109 106
0
1
110 46
0
0
1
111 116
0
0
0
0
0
0
0
0
1
112 206
0
0
0
0
1
113 175
0
0
0
0
0
1
114 236
0
0
0
0
0
0
0
1
115 127
1
116 210
0
0
0
0
0
0
1
117 155
1
118 238
0
0
0
1
119 76
1
120 23
0
0
0
1
121 249
0
0
1
122 242
0
0
0
1
123 96
0
0
0
1
124 216
0
0
0
0
0
0
1
125 204
0
0
1
126 201
0
0
1
127 24
0
1
128 81
0
0
0
1
129 160
0
0
1
130 12
0
0
0
0
1
131 128
0
0
1
132 172
0
1
133 83
0
1
134 134
1
135 150
0
0
0
1
136 188
0
0
1
137 91
0
1
138 98
0
0
1
139 141
0
0
0
0
0
0
0
0
0
0
0
0
0
1
140 131
1
141 70
0
0
0
0
0
0
0
0
0
0
0
1
142 178
0
0
0
0
1
143 259
0
1
144 197
1
145 35
1
146 270
1
147 61
1
148 194
0
1
149 49
0
0
0
0
0
1
150 186
0
1
151 45
0
0
0
1
152 54
0
1
153 110
0
1
154 6
1
155 73
0
0
1
156 120
0
1
157 27
0
1
158 181
1
159 151
0
1
160 147
0
0
0
0
0
0
1
161 16
1
162 227
1
163 153
0
0
0
0
0
0
1
164 107
0
1
165 13
1
166 28
0
0
0
0
0
0
0
1
167 119
0
0
1
168 75
1
169 220
1
170 96
1
171 206
0
1
172 49
0
1
173 160
0
0
0
0
0
0
0
0
0
0
0
0
0
0
0
1
174 13
0
0
1
175 28
1
176 244
1
177 72
1
178 254
1
179 60
1
180 77
0
0
0
1
181 228
0
0
1
182 249
1
183 165
0
0
1
184 3
1
185 56
0
1
186 254
0
1
187 174
0
1
188 18
1
189 167
0
1
190 32
1
191 174
1
192 184
0
0
1
193 259
1
194 4
0
0
1
195 107
0
0
0
0
1
196 117
0
1
197 227
0
0
1
198 169
0
0
0
0
0
0
0
0
0
1
199 105
1
200 152
0
1
201 77
0
1
202 60
0
0
0
0
0
1
203 201
0
1
204 117
0
1
205 145
1
206 27
0
1
207 259
1
208 220
0
0
1
209 166
0
0
1
210 106
0
0
0
1
211 193
0
1
212 146
1
213 202
1
214 218
0
0
0
1
215 177
1
216 186
0
1
217 77
0
1
218 228
0
0
0
0
0
1
219 196
0
0
0
0
0
1
220 127
0
1
221 152
0
1
222 268
0
1
223 149
0
0
0
0
0
0
0
0
0
1
224 87
0
0
0
1
225 113
0
1
226 194
1
227 264
0
0
1
228 242
0
0
0
0
0
1
229 169
0
1
230 262
0
1
231 85
1
232 244
1
233 177
0
0
1
234 75
1
235 177
0
1
236 97
1
237 217
0
0
0
1
238 48
0
1
239 91
1
240 77
0
1
241 80
0
1
242 49
0
0
0
1
243 9
1
244 153
1
245 202
0
1
246 181
0
1
247 42
0
1
248 12
0
0
1
249 168
1
250 18
1
251 75
1
252 240
1
253 273
0
1
254 162
1
255 34
1
256 272
1
257 266
0
0
0
1
258 6
1
259 82
1
260 160
0
1
261 23
0
0
1
262 152
1
263 38
0
1
264 169
0
1
265 177
1
266 242
1
267 9
1
268 41
1
269 258
1
270 208
1
271 21
0
0
1
272 55
0
0
1
273 166
0
1
274 106
1
275 50
0
0
1
276 206
0
0
1
277 138
0
1
278 76
0
0
1
279 244
0
0
0
0
0
1
280 39
0
0
1
281 4
0
0
1
282 156
0
1
283 255
0
0
0
0
1
284 236
1
285 213
1
286 207
1
287 91
0
1
288 271
1
289 66
1
290 141
1
291 100
0
0
1
292 3
0
0
1
293 176
1
294 107
0
0
0
0
1
295 92
0
0
0
1
296 51
0
0
0
1
297 177
0
0
1
298 11
1
299 160
1
300 104
0
0
0
1
301 2
1
302 139
0
0
1
303 218
0
1
304 66
0
1
305 264
1
306 98
1
307 242
0
0
0
1
308 193
0
0
0
1
309 161
0
0
0
0
1
310 263
0
1
311 5
1
312 175
0
1
313 157
0
1
314 211
0
0
1
315 132
1
316 180
1
317 228
0
0
0
1
318 235
1
319 174
0
0
1
320 152
1
321 233
0
0
1
322 149
0
0
0
0
0
0
1
323 197
1
324 235
0
1
325 108
0
0
0
0
1
326 265
0
1
327 177
1
328 78
0
1
329 111
1
330 257
0
0
0
0
0
0
1
331 3
0
0
1
332 21
1
333 156
0
0
1
334 207
1
335 90
1
336 173
0
1
337 140
1
338 249
0
0
1
339 34
1
340 82
0
0
0
0
0
0
0
0
1
341 184
1
342 92
1
343 249
1
344 70
1
345 85
1
346 26
1
347 265
0
0
0
0
0
1
348 12
0
0
0
0
1
349 122
0
0
0
1
350 249
0
0
0
1
351 69
1
352 63
1
353 2
0
0
0
0
1
354 38
1
355 39
0
0
0
1
356 251
1
357 100
1
358 204
0
0
1
359 154
0
0
1
360 219
1
361 72
1
362 77
0
0
1
363 220
0
0
1
364 208
0
0
0
1
365 85
1
366 210
0
0
1
367 231
0
0
1
368 45
1
369 57
0
0
1
370 18
0
1
371 60
0
0
0
1
372 85
1
373 251
0
1
374 64
0
0
1
375 8
0
0
0
1
376 169
0
0
0
0
0
0
1
377 138
1
378 205
0
0
1
379 41
1
380 258
1
381 167
1
382 94
1
383 91
1
384 79
1
385 255
0
0
1
386 14
0
1
387 162
1
388 225
1
389 260
0
0
0
0
1
390 162
1
391 11
0
0
1
392 34
1
393 44
0
1
394 21
0
0
0
0
1
395 272
0
0
1
396 37
1
397 131
0
0
0
0
0
0
0
0
1
398 211
0
1
399 250
0
1
400 108
1
401 221
0
0
1
402 79
0
0
1
403 186
1
404 135
1
405 232
0
0
1
406 230
0
1
407 51
1
408 148
0
0
1
409 227
0
1
410 222
0
1
411 160
1
412 48
0
1
413 242
0
1
414 170
1
415 256
1
416 106
0
1
417 125
1
418 205
0
1
419 270
1
420 165
1
421 225
1
422 91
0
1
423 54
0
0
1
424 251
0
0
1
425 50
0
0
0
1
426 60
1
427 145
1
428 56
0
1
429 169
0
0
1
430 69
1
431 88
1
432 105
1
433 123
1
434 205
0
1
435 224
0
1
436 224
1
437 183
0
1
438 198
0
1
439 161
1
440 93
1
441 168
0
0
1
442 38
0
1
443 241
0
1
444 193
0
0
0
0
0
0
0
1
445 166
1
446 188
1
447 32
0
1
448 272
0
0
1
449 7
1
450 29
0
0
0
0
0
1
451 167
0
1
452 266
1
453 211
0
0
1
454 21
1
455 217
0
0
0
1
456 228
1
457 3
1
458 245
0
0
0
0
0
0
1
459 85
0
1
460 177
0
0
0
0
0
0
1
461 246
0
1
462 92
0
0
0
0
1
463 228
0
1
464 101
1
465 149
1
466 136
0
0
0
0
1
467 181
0
0
1
468 87
0
0
1
469 265
1
470 166
0
1
471 153
1
472 43
0
0
0
0
0
0
1
473 166
1
474 14
1
475 190
1
476 198
1
477 151
1
478 69
1
479 49
0
1
480 248
1
481 97
0
1
482 225
1
483 30
0
0
0
1
484 39
0
1
485 18
0
0
1
486 247
1
487 99
1
488 7
1
489 130
0
0
1
490 211
0
0
1
491 29
0
0
1
492 159
0
0
1
493 93
0
1
494 36
1
495 143
1
496 11
1
497 132
1
498 184
0
1
499 63
0
1
500 26
1
501 191
0
0
0
1
502 79
1
503 210
0
1
504 243
1
505 101
0
0
1
506 216
0
0
0
0
1
507 66
1
508 59
0
1
509 53
1
510 185
1
511 21
0
0
0
0
0
1
512 241
0
0
0
0
1
513 250
1
514 203
0
0
0
0
0
0
1
515 229
0
0
1
516 59
1
517 187
1
518 53
1
519 79
1
520 21
0
1
521 98
0
0
1
522 56
1
523 141
0
0
0
1
524 86
0
1
525 259
1
526 72
1
527 176
0
1
528 8
0
0
1
529 31
0
1
530 208
0
1
531 127
1
532 222
1
533 99
1
534 248
1
535 232
0
1
536 25
1
537 33
0
0
0
0
1
538 172
0
1
539 211
1
540 106
0
1
541 210
1
542 254
0
0
1
543 47
1
544 169
0
0
0
1
545 247
0
0
1
546 268
0
1
547 183
0
1
548 33
1
549 194
1
550 63
0
1
551 142
0
1
552 214
1
553 108
0
0
0
1
554 203
0
1
555 247
0
1
556 158
0
1
557 169
0
0
1
558 214
0
0
0
0
1
559 18
1
560 70
0
1
561 246
0
1
562 203
1
563 45
1
564 45
0
0
1
565 250
0
1
566 38
1
567 139
1
568 198
0
1
569 175
0
0
1
570 263
0
1
571 188
1
572 230
1
573 204
1
574 117
1
575 72
0
1
576 30
1
577 75
1
578 267
1
579 140
0
0
1
580 172
1
581 106
1
582 63
1
583 138
1
584 24
1
585 54
1
586 124
1
587 214
0
1
588 35
1
589 254
1
590 265
0
0
1
591 232
0
1
592 72
1
593 63
0
0
1
594 56
1
595 148
0
1
596 141
1
597 122
0
0
0
1
598 150
1
599 175
0
0
1
600 113
1
601 239
1
602 211
1
603 92
1
604 96
1
605 79
1
606 35
1
607 125
1
608 96
0
0
1
609 259
0
1
610 146
1
611 34
0
0
0
0
0
0
0
0
1
612 242
1
613 259
1
614 25
1
615 61
0
1
616 190
1
617 156
0
1
618 12
1
619 34
1
620 38
1
621 110
1
622 156
1
623 202
1
624 100
1
625 3
0
0
0
1
626 126
1
627 101
0
1
628 94
0
1
629 93
0
0
1
630 90
0
1
631 221
1
632 117
1
633 111
0
1
634 210
1
635 22
0
0
0
0
1
636 17
1
637 45
1
638 13
1
639 227
0
1
640 42
0
1
641 4
1
642 219
0
0
0
0
1
643 71
1
644 85
0
1
645 129
1
646 58
1
647 175
1
648 169
1
649 22
1
650 161
0
0
1
651 57
1
652 195
1
653 27
0
1
654 51
0
0
0
0
0
0
1
655 220
1
656 165
1
657 41
1
658 103
0
1
659 26
0
1
660 230
1
661 170
1
662 79
0
0
1
663 190
0
1
664 99
1
665 128
0
0
0
0
1
666 113
0
1
667 129
1
668 3
1
669 99
1
670 79
1
671 140
1
672 166
0
1
673 230
1
674 33
1
675 196
1
676 168
1
677 174
1
678 247
0
1
679 222
1
680 172
1
681 36
1
682 175
1
683 191
1
684 204
0
1
685 202
1
686 69
1
687 16
0
1
688 245
1
689 242
1
690 144
1
691 268
0
1
692 122
0
1
693 105
1
694 117
0
1
695 141
1
696 165
1
697 181
0
0
1
698 72
0
1
699 270
0
1
700 158
1
701 35
1
702 118
1
703 79
0
1
704 95
1
705 3
0
1
706 24
1
707 168
1
708 66
1
709 85
1
710 187
0
1
711 271
1
712 85
1
713 265
1
714 194
0
1
715 55
0
0
1
716 52
0
1
717 12
0
1
718 216
1
719 264
1
720 127
1
721 9
1
722 172
0
0
1
723 86
1
724 252
1
725 244
0
1
726 252
0
0
1
727 85
1
728 152
1
729 22
0
1
730 185
0
0
1
731 7
0
0
0
1
732 189
1
733 92
1
734 193
1
735 123
0
1
736 157
1
737 93
0
1
738 16
0
1
739 97
1
740 7
1
741 197
1
742 15
0
1
743 195
1
744 89
1
745 160
1
746 156
1
747 29
0
1
748 59
1
749 74
1
750 173
1
751 262
1
752 2
1
753 39
1
754 127
1
755 68
1
756 144
1
757 254
1
758 79
1
759 117
1
760 191
1
761 248
1
762 11
1
763 242
0
1
764 175
0
1
765 262
1
766 58
1
767 151
0
1
768 234
1
769 227
1
770 12
0
1
771 39
0
1
772 12
1
773 42
0
1
774 92
1
775 231
0
1
776 201
0
1
777 149
1
778 43
0
0
1
779 136
0
0
1
780 169
1
781 128
1
782 31
0
1
783 93
0
0
0
0
1
784 75
1
785 270
1
786 260
1
787 199
0
1
788 160
1
789 79
1
790 10
1
791 135
0
1
792 15
1
793 150
1
794 106
1
795 135
0
1
796 257
1
797 246
1
798 215
0
1
799 68
1
800 46
1
801 96
1
802 173
1
803 251
0
1
804 34
1
805 92
1
806 11
0
1
807 206
1
808 108
0
1
809 232
0
1
810 160
1
811 259
1
812 61
1
813 16
1
814 98
1
815 116
0
1
816 49
1
817 107
1
818 77
1
819 79
1
820 128
1
821 167
1
822 23
1
823 225
0
1
824 73
1
825 49
0
1
826 190
1
827 264
0
1
828 268
1
829 198
0
0
1
830 139
1
831 243
0
1
832 129
1
833 153
1
834 183
1
835 185
1
836 268
1
837 77
1
838 152
1
839 95
1
840 110
1
841 57
0
1
842 92
1
843 34
1
844 181
1
845 261
1
846 271
0
0
0
0
0
1
847 27
1
848 76
1
849 159
1
850 201
1
851 20
1
852 177
0
1
853 132
1
854 56
1
855 238
1
856 269
1
857 176
1
858 183
0
1
859 41
0
1
860 165
1
861 38
0
1
862 242
1
863 186
1
864 136
0
1
865 41
1
866 270
0
1
867 112
1
868 168
1
869 45
0
0
1
870 195
1
871 21
1
872 91
1
873 141
1
874 26
1
875 204
1
876 172
1
877 257
0
0
1
878 62
0
0
0
0
1
879 55
0
1
880 99
1
881 91
1
882 35
1
883 122
0
0
1
884 196
1
885 201
1
886 40
0
1
887 38
0
0
0
1
888 77
1
889 269
1
890 246
1
891 190
1
892 128
0
1
893 163
1
894 266
1
895 134
1
896 247
1
897 113
1
898 46
1
899 265
0
1
900 204
1
901 126
1
902 97
0
1
903 33
1
904 203
1
905 238
1
906 10
1
907 31
1
908 43
1
909 203
0
1
910 133
1
911 188
1
912 271
1
913 215
1
914 149
1
915 159
1
916 127
1
917 10
1
918 38
1
919 249
0
1
920 203
1
921 92
1
922 110
0
1
923 103
1
924 223
1
925 153
1
926 92
1
927 78
1
928 250
1
929 181
1
930 208
0
0
1
931 26
1
932 98
0
0
1
933 26
1
934 119
1
935 177
1
936 46
0
1
937 271
0
0
1
938 39
1
939 5
1
940 170
0
1
941 156
1
942 171
1
943 34
1
944 220
1
945 157
1
946 52
1
947 30
1
948 48
1
949 217
1
950 215
1
951 271
1
952 15
0
1
953 37
1
954 180
1
955 15
1
956 108
1
957 46
1
958 71
1
959 201
1
960 199
1
961 146
0
1
962 152
0
1
963 222
1
964 17
1
965 189
1
966 190
1
967 252
1
968 269
0
1
969 262
1
970 162
1
971 3
1
972 29
0
1
973 90
0
1
974 59
1
975 61
0
0
1
976 127
1
977 248
1
978 121
1
979 159
1
980 168
1
981 101
1
982 154
1
983 134
1
984 229
1
985 85
1
986 142
1
987 95
1
988 251
1
989 22
1
990 177
1
991 222
1
992 5
1
993 259
0
1
994 81
1
995 222
1
996 89
1
997 263
0
1
998 271
1
999 186
1
1000 44
1
1001 176
1
1002 40
1
1003 160
0
0
1
1004 193
1
1005 224
1
1006 175
1
1007 266
1
1008 98
0
1
1009 236
1
1010 107
0
1
1011 230
1
1012 82
1
1013 150
1
1014 113
0
0
0
1
1015 150
1
1016 149
1
1017 76
1
1018 224
1
1019 261
0
0
0
1
1020 237
1
1021 204
1
1022 86
1
1023 206
1
1024 147
1
1025 243
1
1026 85
1
1027 24
1
1028 8
1
1029 59
0
1
1030 12
0
1
1031 36
1
1032 167
1
1033 215
1
1034 131
1
1035 204
1
1036 139
1
1037 34
1
1038 15
1
1039 213
0
1
1040 185
1
1041 119
1
1042 156
0
1
1043 169
0
1
1044 164
1
1045 45
1
1046 125
0
1
1047 135
1
1048 83
1
1049 270
0
1
1050 97
1
1051 128
1
1052 220
1
1053 167
1
1054 79
1
1055 209
1
1056 239
1
1057 189
1
1058 83
0
1
1059 161
1
1060 155
1
1061 228
1
1062 92
0
1
1063 222
0
1
1064 64
1
1065 71
1
1066 31
1
1067 55
1
1068 268
1
1069 181
1
1070 272
1
1071 249
1
1072 233
1
1073 109
1
1074 197
1
1075 19
0
1
1076 79
1
1077 174
1
1078 196
1
1079 239
0
1
1080 180
1
1081 232
1
1082 209
1
1083 245
1
1084 174
1
1085 211
1
1086 19
0
1
1087 195
0
1
1088 25
0
1
1089 140
1
1090 74
1
1091 209
1
1092 20
1
1093 207
1
1094 93
1
1095 156
1
1096 231
1
1097 32
0
1
1098 265
1
1099 77
1
1100 97
1
1101 224
1
1102 177
0
1
1103 71
0
1
1104 120
0
1
1105 183
1
1106 127
1
1107 167
1
1108 203
1
1109 27
1
1110 153
1
1111 26
1
1112 207
1
1113 93
1
1114 43
1
1115 75
1
1116 45
1
1117 23
0
1
1118 222
1
1119 101
1
1120 85
1
1121 20
1
1122 103
0
0
1
1123 81
1
1124 195
1
1125 34
1
1126 54
1
1127 10
1
1128 88
1
1129 161
1
1130 251
1
1131 134
1
1132 175
0
1
1133 124
1
1134 265
1
1135 171
1
1136 6
1
1137 255
1
1138 126
1
1139 39
0
0
1
1140 157
1
1141 195
1
1142 176
1
1143 79
1
1144 27
1
1145 144
1
1146 216
1
1147 258
1
1148 168
1
1149 38
1
1150 65
1
1151 155
1
1152 63
1
1153 261
1
1154 24
0
1
1155 167
1
1156 116
1
1157 259
0
1
1158 126
1
1159 81
1
1160 68
1
1161 206
1
1162 53
1
1163 84
1
1164 249
1
1165 165
1
1166 44
0
1
1167 182
1
1168 127
0
1
1169 42
1
1170 236
1
1171 150
1
1172 142
0
1
1173 173
1
1174 79
1
1175 220
1
1176 100
1
1177 132
1
1178 61
1
1179 57
1
1180 72
1
1181 12
1
1182 86
0
1
1183 175
1
1184 195
1
1185 95
0
1
1186 201
1
1187 236
1
1188 236
0
0
1
1189 228
1
1190 47
1
1191 71
1
1192 72
1
1193 260
1
1194 17
1
1195 273
0
1
1196 199
1
1197 110
1
1198 16
1
1199 230
1
1200 49
1
1201 127
1
1202 46
1
1203 118
1
1204 127
1
1205 17
0
1
1206 68
1
1207 52
1
1208 6
1
1209 199
1
1210 119
1
1211 56
0
1
1212 182
1
1213 80
1
1214 40
1
1215 23
1
1216 255
1
1217 228
1
1218 20
1
1219 95
1
1220 154
0
1
1221 180
0
1
1222 165
1
1223 50
1
1224 197
1
1225 39
1
1226 95
1
1227 214
1
1228 114
1
1229 200
1
1230 48
0
1
1231 36
1
1232 9
1
1233 144
1
1234 41
1
1235 2
0
0
1
1236 176
1
1237 251
1
1238 16
1
1239 203
1
1240 164
1
1241 251
1
1242 254
1
1243 169
1
1244 192
1
1245 262
1
1246 15
1
1247 127
1
1248 61
1
1249 204
1
1250 107
1
1251 194
1
1252 2
1
1253 87
1
1254 251
1
1255 95
1
1256 256
1
1257 209
1
1258 65
1
1259 243
1
1260 215
0
0
1
1261 219
0
1
1262 116
1
1263 20
1
1264 133
1
1265 38
0
1
1266 74
1
1267 92
1
1268 241
0
0
1
1269 257
0
1
1270 265
1
1271 268
1
1272 186
1
1273 69
1
1274 21
1
1275 22
1
1276 108
1
1277 7
1
1278 223
1
1279 247
1
1280 173
1
1281 198
1
1282 142
1
1283 158
1
1284 28
1
1285 195
1
1286 120
1
1287 18
1
1288 100
1
1289 61
1
1290 195
1
1291 44
1
1292 43
1
1293 23
1
1294 189
1
1295 173
0
1
1296 263
1
1297 141
1
1298 44
1
1299 18
0
1
1300 83
1
1301 214
1
1302 32
1
1303 52
0
1
1304 256
1
1305 259
1
1306 212
1
1307 74
1
1308 234
1
1309 107
1
1310 195
1
1311 23
1
1312 10
1
1313 63
1
1314 158
1
1315 134
0
0
1
1316 104
1
1317 85
1
1318 222
0
1
1319 62
1
1320 40
0
1
1321 219
1
1322 243
1
1323 166
1
1324 111
1
1325 104
0
1
1326 175
1
1327 233
1
1328 165
1
1329 142
1
1330 28
0
1
1331 240
1
1332 164
1
1333 28
1
1334 131
1
1335 185
1
1336 159
1
1337 55
1
1338 135
1
1339 86
1
1340 136
1
1341 83
1
1342 3
1
1343 49
1
1344 45
1
1345 92
1
1346 174
1
1347 56
0
1
1348 197
1
1349 24
1
1350 149
1
1351 192
1
1352 213
1
1353 203
1
1354 50
1
1355 212
1
1356 42
1
1357 129
1
1358 185
1
1359 124
1
1360 195
1
1361 236
1
1362 97
1
1363 135
1
1364 42
1
1365 92
1
1366 88
0
1
1367 155
1
1368 123
1
1369 129
1
1370 190
1
1371 10
0
1
1372 82
1
1373 17
0
1
1374 215
1
1375 101
0
1
1376 263
0
1
1377 82
1
1378 60
0
0
1
1379 85
1
1380 176
1
1381 11
1
1382 31
1
1383 12
1
1384 207
0
1
1385 37
1
1386 127
1
1387 131
1
1388 242
1
1389 201
1
1390 117
1
1391 188
1
1392 47
1
1393 213
1
1394 186
1
1395 24
1
1396 99
1
1397 6
1
1398 108
1
1399 246
1
1400 111
1
1401 186
0
1
1402 171
1
1403 125
1
1404 56
1
1405 127
1
1406 22
1
1407 94
1
1408 38
0
1
1409 164
1
1410 127
1
1411 82
1
1412 53
1
1413 155
1
1414 152
1
1415 33
1
1416 31
1
1417 29
1
1418 263
1
1419 199
1
1420 125
0
1
1421 216
0
1
1422 253
1
1423 170
1
1424 59
1
1425 246
1
1426 232
1
1427 198
1
1428 226
1
1429 177
1
1430 240
1
1431 242
1
1432 20
0
1
1433 239
1
1434 2
1
1435 77
1
1436 72
1
1437 221
1
1438 136
1
1439 100
1
1440 117
0
1
1441 188
1
1442 20
1
1443 83
1
1444 88
1
1445 63
1
1446 211
1
1447 46
1
1448 151
1
1449 5
1
1450 172
0
1
1451 2
1
1452 122
1
1453 142
1
1454 263
1
1455 260
1
1456 189
1
1457 100
1
1458 3
1
1459 226
1
1460 18
1
1461 99
1
1462 83
1
1463 6
1
1464 11
1
1465 210
1
1466 262
1
1467 175
1
1468 193
1
1469 184
1
1470 273
1
1471 127
1
1472 53
1
1473 9
1
1474 19
1
1475 84
1
1476 132
1
1477 41
1
1478 268
1
1479 97
1
1480 215
1
1481 45
1
1482 176
1
1483 41
1
1484 179
1
1485 148
1
1486 115
1
1487 18
0
1
1488 133
1
1489 154
1
1490 32
1
1491 210
1
1492 17
1
1493 128
1
1494 135
1
1495 249
1
1496 42
1
1497 31
0
1
1498 153
1
1499 173
1
1500 204
1
1501 258
1
1502 12
1
1503 170
1
1504 130
1
1505 175
1
1506 257
1
1507 69
1
1508 112
1
1509 70
0
1
1510 181
1
1511 238
1
1512 171
1
1513 44
1
1514 49
1
1515 208
1
1516 87
1
1517 271
1
1518 110
1
1519 242
1
1520 34
1
1521 92
1
1522 50
1
1523 108
1
1524 249
1
1525 217
1
1526 171
1
1527 129
1
1528 260
0
1
1529 113
1
1530 82
1
1531 196
1
1532 264
1
1533 79
1
1534 63
1
1535 3
1
1536 189
1
1537 260
1
1538 124
1
1539 6
0
1
1540 116
1
1541 111
1
1542 176
1
1543 74
1
1544 219
1
1545 127
0
1
1546 134
1
1547 166
1
1548 44
1
1549 2
1
1550 138
0
0
1
1551 45
0
1
1552 175
1
1553 232
1
1554 149
1
1555 238
1
1556 105
1
1557 260
1
1558 75
1
1559 267
1
1560 196
1
1561 136
1
1562 198
1
1563 185
1
1564 77
1
1565 193
1
1566 209
1
1567 160
1
1568 228
1
1569 156
1
1570 36
1
1571 130
0
1
1572 64
1
1573 34
1
1574 74
1
1575 156
1
1576 181
1
1577 45
1
1578 49
1
1579 250
1
1580 238
1
1581 166
0
1
1582 154
1
1583 160
1
1584 31
1
1585 214
1
1586 52
1
1587 132
0
1
1588 100
1
1589 60
1
1590 186
1
1591 271
1
1592 77
1
1593 15
1
1594 54
1
1595 37
1
1596 54
1
1597 99
1
1598 139
0
1
1599 83
1
1600 214
1
1601 191
1
1602 113
1
1603 239
1
1604 195
1
1605 128
0
1
1606 242
1
1607 251
1
1608 122
1
1609 109
1
1610 18
1
1611 246
1
1612 45
1
1613 34
1
1614 136
0
1
1615 100
1
1616 44
1
1617 256
1
1618 152
1
1619 121
1
1620 142
1
1621 38
1
1622 186
1
1623 95
1
1624 113
1
1625 106
1
1626 169
1
1627 185
1
1628 257
1
1629 163
1
1630 45
1
1631 92
1
1632 35
1
1633 244
1
1634 180
1
1635 249
1
1636 156
1
1637 33
1
1638 28
1
1639 175
1
1640 79
1
1641 207
1
1642 267
1
1643 55
1
1644 227
1
1645 163
1
1646 228
1
1647 44
1
1648 95
0
1
1649 135
1
1650 126
1
1651 41
1
1652 102
1
1653 267
1
1654 21
1
1655 63
1
1656 84
0
1
1657 214
1
1658 96
1
1659 79
1
1660 187
1
1661 250
1
1662 128
1
1663 241
1
1664 204
1
1665 160
1
1666 13
1
1667 184
1
1668 88
0
1
1669 267
1
1670 116
1
1671 230
1
1672 177
1
1673 243
1
1674 74
1
1675 206
1
1676 186
1
1677 25
1
1678 232
0
1
1679 242
1
1680 269
1
1681 175
1
1682 63
1
1683 49
1
1684 13
1
1685 153
1
1686 113
1
1687 205
1
1688 113
1
1689 193
1
1690 142
1
1691 8
1
1692 94
1
1693 24
1
1694 138
1
1695 10
1
1696 48
1
1697 183
1
1698 208
1
1699 191
1
1700 35
1
1701 180
1
1702 148
1
1703 8
1
1704 231
1
1705 238
1
1706 16
1
1707 143
1
1708 197
1
1709 242
1
1710 121
1
1711 188
1
1712 163
1
1713 212
1
1714 153
1
1715 177
1
1716 175
1
1717 164
1
1718 84
1
1719 161
1
1720 26
1
1721 259
1
1722 159
1
1723 116
1
1724 112
1
1725 234
0
1
1726 85
1
1727 90
1
1728 74
1
1729 211
1
1730 173
1
1731 249
1
1732 184
1
1733 184
1
1734 238
1
1735 175
1
1736 35
1
1737 252
1
1738 132
1
1739 235
1
1740 168
1
1741 151
1
1742 183
1
1743 266
1
1744 162
1
1745 69
1
1746 264
1
1747 124
1
1748 177
1
1749 269
1
1750 7
1
1751 26
1
1752 161
1
1753 163
1
1754 85
1
1755 89
1
1756 69
1
1757 56
1
1758 203
1
1759 264
1
1760 131
1
1761 46
1
1762 177
1
1763 254
1
1764 173
1
1765 27
1
1766 64
1
1767 230
1
1768 140
1
1769 145
1
1770 127
1
1771 54
1
1772 47
1
1773 83
1
1774 204
1
1775 270
1
1776 111
1
1777 171
1
1778 193
1
1779 162
1
1780 49
1
1781 42
1
1782 55
1
1783 29
1
1784 55
1
1785 45
1
1786 106
1
1787 47
1
1788 121
1
1789 237
1
1790 135
1
1791 151
1
1792 130
1
1793 235
1
1794 90
1
1795 225
1
1796 50
1
1797 6
1
1798 92
1
1799 51
1
1800 98
1
1801 42
1
1802 239
1
1803 171
1
1804 56
1
1805 123
1
1806 137
1
1807 248
1
1808 42
1
1809 239
1
1810 72
1
1811 220
1
1812 205
1
1813 71
1
1814 74
1
1815 218
1
1816 177
1
1817 71
1
1818 35
1
1819 146
1
1820 115
1
1821 177
1
1822 180
1
1823 112
1
1824 83
1
1825 96
1
1826 66
1
1827 250
1
1828 164
1
1829 33
1
1830 117
1
1831 198
1
1832 225
1
1833 228
1
1834 269
1
1835 222
1
1836 101
1
1837 28
1
1838 217
1
1839 106
1
1840 167
1
1841 15
1
1842 185
1
1843 49
1
1844 242
1
1845 3
1
1846 88
1
1847 92
1
1848 95
1
1849 75
1
1850 135
1
1851 238
1
1852 109
1
1853 259
1
1854 250
1
1855 28
1
1856 24
1
1857 273
1
1858 12
1
1859 208
1
1860 240
1
1861 56
1
1862 210
1
1863 206
1
1864 186
1
1865 14
1
1866 167
1
1867 253
1
1868 76
1
1869 67
1
1870 33
1
1871 250
1
1872 83
1
1873 51
1
1874 196
1
1875 156
1
1876 117
1
1877 70
1
1878 268
1
1879 3
1
1880 37
1
1881 126
1
1882 51
1
1883 197
1
1884 195
1
1885 190
1
1886 263
1
1887 175
1
1888 216
1
1889 98
1
1890 202
1
1891 167
1
1892 96
1
1893 99
1
1894 44
1
1895 187
1
1896 208
1
1897 243
1
1898 224
1
1899 263
1
1900 117
1
1901 73
1
1902 62
1
1903 11
1
1904 121
1
1905 268
1
1906 45
1
1907 85
1
1908 218
1
1909 68
1
1910 72
1
1911 131
1
1912 144
1
1913 260
1
1914 63
1
1915 177
1
1916 116
1
1917 56
1
1918 96
1
1919 183
1
1920 133
1
1921 42
1
1922 74
1
1923 206
1
1924 140
1
1925 11
1
1926 5
1
1927 25
1
1928 132
1
1929 65
1
1930 38
1
1931 92
1
1932 149
1
1933 6
1
1934 79
1
1935 77
1
1936 113
1
1937 179
1
1938 259
1
1939 141
1
1940 249
1
1941 150
1
1942 235
0
1
1943 186
1
1944 184
1
1945 178
1
1946 20
1
1947 112
1
1948 268
1
1949 97
1
1950 204
1
1951 176
1
1952 165
1
1953 98
1
1954 235
1
1955 163
1
1956 65
1
1957 194
1
1958 6
0
1
1959 121
1
1960 29
1
1961 222
1
1962 86
1
1963 85
1
1964 169
1
1965 165
1
1966 201
1
1967 156
1
1968 172
1
1969 49
1
1970 127
1
1971 85
1
1972 25
1
1973 145
1
1974 137
1
1975 230
1
1976 90
1
1977 92
1
1978 3
1
1979 10
1
1980 194
1
1981 19
1
1982 253
1
1983 152
1
1984 77
1
1985 69
1
1986 38
1
1987 270
1
1988 152
1
1989 113
1
1990 51
0
1
1991 5
1
1992 158
1
1993 40
1
1994 152
0
0
1
1995 182
1
1996 203
1
1997 253
1
1998 269
1
1999 119
1
2000 242
1
2001 151
1
2002 60
1
2003 115
1
2004 41
1
2005 177
1
2006 117
1
2007 213
1
2008 91
1
2009 183
1
2010 181
1
2011 242
1
2012 112
1
2013 85
1
2014 79
1
2015 148
1
2016 81
1
2017 44
1
2018 120
1
2019 36
0
1
2020 86
1
2021 68
1
2022 194
1
2023 92
1
2024 71
1
2025 89
1
2026 47
1
2027 56
1
2028 178
1
2029 103
1
2030 213
1
2031 258
1
2032 57
1
2033 226
1
2034 149
1
2035 36
1
2036 262
1
2037 44
1
2038 4
1
2039 207
1
2040 10
1
2041 48
1
2042 216
0
1
2043 93
1
2044 238
1
2045 162
1
2046 258
1
2047 56
1
2048 238
1
2049 79
1
2050 210
1
2051 241
1
2052 119
1
2053 156
1
2054 172
1
2055 226
1
2056 245
1
2057 169
1
2058 112
1
2059 185
1
2060 226
1
2061 24
1
2062 215
1
2063 27
1
2064 85
1
2065 165
1
2066 161
1
2067 101
1
2068 195
1
2069 242
1
2070 81
1
2071 186
1
2072 212
1
2073 159
1
2074 86
1
2075 201
1
2076 188
0
1
2077 63
1
2078 42
1
2079 48
1
2080 154
1
2081 12
1
2082 259
1
2083 263
1
2084 25
1
2085 42
1
2086 173
1
2087 36
1
2088 185
1
2089 253
1
2090 63
1
2091 35
1
2092 49
1
2093 204
1
2094 242
1
2095 108
1
2096 209
1
2097 90
1
2098 204
1
2099 260
1
2100 85
1
2101 102
1
2102 198
1
2103 122
1
2104 215
1
2105 230
0
1
2106 249
1
2107 220
1
2108 88
1
2109 142
1
2110 36
1
2111 184
1
2112 144
0
1
2113 167
1
2114 71
1
2115 230
1
2116 86
1
2117 195
1
2118 127
1
2119 253
1
2120 17
1
2121 73
1
2122 2
1
2123 186
1
2124 133
1
2125 118
1
2126 46
1
2127 109
1
2128 239
1
2129 42
1
2130 197
1
2131 230
1
2132 231
1
2133 229
1
2134 232
0
1
2135 131
1
2136 236
1
2137 127
1
2138 15
1
2139 242
1
2140 187
1
2141 236
1
2142 79
1
2143 185
1
2144 36
1
2145 268
1
2146 67
1
2147 40
1
2148 41
1
2149 165
1
2150 104
1
2151 10
1
2152 177
1
2153 130
1
2154 242
1
2155 73
1
2156 242
1
2157 218
0
1
2158 111
1
2159 246
1
2160 204
1
2161 152
1
2162 156
1
2163 83
1
2164 2
0
0
1
2165 17
1
2166 254
1
2167 83
1
2168 42
1
2169 3
1
2170 22
1
2171 272
1
2172 254
1
2173 30
0
1
2174 24
1
2175 215
1
2176 77
1
2177 27
1
2178 64
1
2179 100
1
2180 106
1
2181 238
1
2182 154
1
2183 168
1
2184 121
1
2185 28
1
2186 77
1
2187 259
1
2188 86
1
2189 200
1
2190 21
1
2191 77
1
2192 216
1
2193 179
1
2194 205
1
2195 75
1
2196 59
1
2197 198
1
2198 227
1
2199 22
1
2200 156
1
2201 173
1
2202 204
1
2203 127
1
2204 33
1
2205 246
1
2206 122
1
2207 79
1
2208 47
1
2209 113
1
2210 43
1
2211 38
1
2212 106
1
2213 250
0
1
2214 177
1
2215 261
1
2216 49
1
2217 270
1
2218 72
1
2219 100
0
1
2220 79
1
2221 177
1
2222 247
1
2223 212
1
2224 35
1
2225 182
1
2226 120
1
2227 53
1
2228 27
1
2229 217
1
2230 244
1
2231 215
1
2232 197
1
2233 83
1
2234 167
1
2235 74
1
2236 150
1
2237 31
1
2238 220
1
2239 192
1
2240 177
1
2241 213
1
2242 163
0
1
2243 203
1
2244 133
1
2245 268
1
2246 51
1
2247 173
1
2248 81
1
2249 17
1
2250 3
1
2251 9
1
2252 231
1
2253 101
1
2254 127
0
1
2255 21
1
2256 173
1
2257 100
1
2258 214
1
2259 259
0
1
2260 82
1
2261 100
1
2262 242
1
2263 22
1
2264 110
1
2265 208
1
2266 78
1
2267 134
1
2268 20
1
2269 194
1
2270 69
1
2271 229
1
2272 23
1
2273 258
1
2274 186
1
2275 242
1
2276 136
1
2277 116
1
2278 31
1
2279 130
1
2280 259
1
2281 160
1
2282 254
1
2283 32
1
2284 114
1
2285 228
1
2286 268
1
2287 130
1
2288 248
1
2289 131
1
2290 259
1
2291 179
1
2292 203
1
2293 165
0
1
2294 158
1
2295 267
1
2296 109
1
2297 134
1
2298 104
1
2299 51
1
2300 208
1
2301 177
1
2302 139
1
2303 31
1
2304 90
1
2305 86
1
2306 94
1
2307 236
1
2308 164
1
2309 151
1
2310 85
0
1
2311 37
1
2312 217
1
2313 70
1
2314 195
1
2315 227
1
2316 17
1
2317 46
1
2318 120
1
2319 269
1
2320 131
1
2321 254
1
2322 233
0
0
1
2323 113
1
2324 39
1
2325 263
1
2326 232
1
2327 79
1
2328 113
1
2329 181
0
0
1
2330 110
1
2331 81
1
2332 137
1
2333 219
0
1
2334 270
1
2335 135
1
2336 111
1
2337 250
1
2338 145
1
2339 60
1
2340 206
1
2341 253
1
2342 205
1
2343 91
1
2344 9
1
2345 269
1
2346 130
1
2347 85
1
2348 259
1
2349 49
1
2350 49
1
2351 102
1
2352 263
1
2353 245
1
2354 46
1
2355 108
1
2356 5
0
1
2357 226
0
1
2358 51
1
2359 56
1
2360 80
1
2361 42
1
2362 82
1
2363 29
1
2364 135
1
2365 40
1
2366 210
1
2367 272
1
2368 69
1
2369 156
1
2370 29
1
2371 102
1
2372 201
1
2373 34
1
2374 270
1
2375 161
1
2376 119
0
1
2377 24
1
2378 82
1
2379 156
1
2380 72
1
2381 166
1
2382 119
1
2383 6
0
1
2384 49
1
2385 140
0
1
2386 210
1
2387 32
0
1
2388 246
1
2389 201
1
2390 124
1
2391 148
1
2392 151
0
1
2393 76
0
1
2394 107
1
2395 196
1
2396 146
1
2397 33
1
2398 125
1
2399 211
1
2400 99
1
2401 243
0
0
1
2402 11
1
2403 177
1
2404 7
0
1
2405 73
1
2406 202
1
2407 131
1
2408 181
1
2409 157
1
2410 250
1
2411 155
1
2412 132
1
2413 70
1
2414 187
1
2415 94
1
2416 147
0
1
2417 197
1
2418 248
1
2419 6
1
2420 79
1
2421 223
0
1
2422 124
1
2423 134
1
2424 162
1
2425 144
1
2426 273
1
2427 145
1
2428 187
1
2429 237
1
2430 234
0
1
2431 91
1
2432 159
1
2433 164
1
2434 126
1
2435 58
0
1
2436 82
1
2437 131
1
2438 28
0
0
1
2439 227
1
2440 180
1
2441 83
1
2442 242
1
2443 256
1
2444 269
0
1
2445 153
1
2446 88
1
2447 211
1
2448 49
1
2449 87
1
2450 233
1
2451 77
1
2452 200
0
1
2453 87
1
2454 58
1
2455 201
1
2456 169
1
2457 79
1
2458 270
1
2459 100
1
2460 79
1
2461 192
1
2462 231
1
2463 23
1
2464 33
1
2465 175
1
2466 29
0
1
2467 77
1
2468 237
1
2469 3
0
1
2470 177
1
2471 209
1
2472 247
1
2473 254
1
2474 238
1
2475 47
1
2476 203
1
2477 219
1
2478 93
1
2479 250
1
2480 251
0
1
2481 72
1
2482 195
1
2483 127
1
2484 22
1
2485 172
1
2486 49
1
2487 197
1
2488 178
0
1
2489 56
1
2490 5
1
2491 167
0
1
2492 34
1
2493 83
0
1
2494 96
1
2495 155
1
2496 99
1
2497 167
0
0
1
2498 271
1
2499 65
1
2500 213
1
2501 96
1
2502 88
1
2503 60
1
2504 237
1
2505 32
1
2506 34
1
2507 172
1
2508 142
1
2509 127
1
2510 25
1
2511 127
1
2512 203
1
2513 109
1
2514 164
0
1
2515 169
1
2516 17
1
2517 238
1
2518 65
1
2519 118
1
2520 263
1
2521 202
1
2522 60
1
2523 105
1
2524 58
1
2525 94
1
2526 135
1
2527 18
1
2528 35
1
2529 253
1
2530 151
1
2531 26
1
2532 259
1
2533 204
1
2534 120
1
2535 46
1
2536 178
1
2537 18
0
1
2538 150
1
2539 185
1
2540 254
1
2541 2
1
2542 20
1
2543 225
1
2544 135
1
2545 197
1
2546 28
1
2547 232
1
2548 127
1
2549 30
0
1
2550 28
1
2551 243
0
1
2552 205
0
1
2553 42
1
2554 62
1
2555 45
1
2556 271
1
2557 28
1
2558 212
1
2559 108
1
2560 81
1
2561 268
1
2562 250
1
2563 224
1
2564 228
1
2565 214
1
2566 214
1
2567 36
1
2568 124
1
2569 177
0
1
2570 71
1
2571 58
1
2572 260
0
1
2573 69
1
2574 91
0
1
2575 84
1
2576 107
1
2577 97
1
2578 107
1
2579 80
0
1
2580 117
0
1
2581 92
1
2582 80
1
2583 238
1
2584 229
1
2585 157
1
2586 249
1
2587 98
1
2588 6
1
2589 156
1
2590 88
1
2591 117
1
2592 200
1
2593 156
1
2594 254
1
2595 258
1
2596 104
1
2597 88
1
2598 131
1
2599 133
1
2600 115
1
2601 41
0
1
2602 271
1
2603 263
1
2604 186
1
2605 45
1
2606 225
1
2607 76
1
2608 12
1
2609 130
0
1
2610 130
1
2611 196
1
2612 205
1
2613 214
1
2614 114
0
1
2615 34
1
2616 247
1
2617 214
1
2618 53
0
1
2619 142
1
2620 217
1
2621 195
1
2622 94
1
2623 21
0
1
2624 114
1
2625 117
1
2626 131
1
2627 140
0
0
1
2628 166
1
2629 114
1
2630 48
1
2631 155
0
1
2632 218
1
2633 184
1
2634 217
1
2635 186
1
2636 184
1
2637 43
1
2638 135
1
2639 52
1
2640 29
1
2641 124
0
0
1
2642 30
1
2643 85
1
2644 172
0
1
2645 109
1
2646 193
0
1
2647 249
0
1
2648 190
1
2649 219
1
2650 136
1
2651 180
1
2652 151
1
2653 102
1
2654 70
1
2655 172
1
2656 200
1
2657 78
1
2658 4
1
2659 163
1
2660 203
1
2661 102
0
1
2662 193
1
2663 132
0
1
2664 163
0
0
1
2665 105
1
2666 183
1
2667 145
1
2668 256
1
2669 140
1
2670 106
1
2671 191
0
1
2672 146
1
2673 133
0
1
2674 108
1
2675 132
0
1
2676 209
1
2677 21
1
2678 29
0
1
2679 153
1
2680 175
1
2681 9
1
2682 132
1
2683 220
1
2684 44
1
2685 228
1
2686 45
1
2687 155
1
2688 218
1
2689 234
1
2690 115
1
2691 266
1
2692 20
0
1
2693 111
1
2694 214
1
2695 224
1
2696 73
1
2697 87
1
2698 116
1
2699 209
1
2700 19
1
2701 263
0
1
2702 131
1
2703 101
1
2704 61
1
2705 218
1
2706 242
1
2707 3
1
2708 18
1
2709 43
1
2710 109
1
2711 135
0
1
2712 156
1
2713 104
1
2714 87
1
2715 8
1
2716 204
1
2717 43
1
2718 121
1
2719 228
1
2720 67
1
2721 237
0
1
2722 204
0
1
2723 29
1
2724 131
1
2725 65
1
2726 186
1
2727 49
1
2728 264
1
2729 55
1
2730 83
1
2731 127
1
2732 200
1
2733 114
1
2734 209
1
2735 236
1
2736 175
1
2737 20
1
2738 124
1
2739 121
1
2740 172
1
2741 238
1
2742 199
1
2743 142
0
1
2744 268
1
2745 206
1
2746 211
1
2747 169
1
2748 51
1
2749 40
1
2750 62
1
2751 164
1
2752 236
0
1
2753 16
1
2754 53
1
2755 218
0
1
2756 210
0
1
2757 242
1
2758 189
1
2759 83
1
2760 218
0
0
0
1
2761 27
0
1
2762 244
1
2763 134
0
1
2764 269
1
2765 123
1
2766 161
1
2767 122
1
2768 70
1
2769 238
1
2770 90
1
2771 270
1
2772 223
0
1
2773 257
1
2774 145
1
2775 219
1
2776 123
1
2777 273
0
1
2778 125
1
2779 203
1
2780 62
1
2781 174
0
1
2782 50
0
1
2783 191
1
2784 54
1
2785 34
0
1
2786 60
1
2787 152
1
2788 151
1
2789 103
1
2790 247
1
2791 263
0
1
2792 179
1
2793 162
1
2794 119
1
2795 183
1
2796 168
1
2797 219
1
2798 14
1
2799 188
0
1
2800 177
1
2801 247
1
2802 97
1
2803 152
1
2804 104
0
1
2805 213
0
0
0
1
2806 158
1
2807 253
1
2808 15
1
2809 90
1
2810 268
1
2811 200
0
0
1
2812 27
1
2813 24
0
1
2814 253
0
1
2815 42
1
2816 270
1
2817 176
1
2818 226
1
2819 172
1
2820 114
1
2821 70
1
2822 79
1
2823 36
0
1
2824 180
1
2825 183
1
2826 126
1
2827 84
0
1
2828 175
1
2829 8
1
2830 31
1
2831 105
0
1
2832 200
0
1
2833 81
0
1
2834 191
1
2835 156
1
2836 206
1
2837 141
1
2838 42
1
2839 246
1
2840 222
1
2841 21
1
2842 85
1
2843 127
1
2844 74
1
2845 38
1
2846 244
0
1
2847 122
1
2848 220
1
2849 181
1
2850 185
1
2851 42
0
1
2852 126
1
2853 52
1
2854 263
1
2855 192
1
2856 208
1
2857 18
1
2858 187
1
2859 220
1
2860 136
1
2861 114
1
2862 96
1
2863 194
1
2864 107
0
1
2865 24
1
2866 252
1
2867 134
1
2868 169
1
2869 262
0
1
2870 16
1
2871 93
1
2872 81
1
2873 130
1
2874 5
0
1
2875 239
1
2876 263
1
2877 97
1
2878 113
1
2879 174
0
0
1
2880 119
1
2881 247
1
2882 35
1
2883 255
1
2884 120
0
1
2885 187
1
2886 259
1
2887 232
1
2888 162
1
2889 203
1
2890 115
1
2891 78
1
2892 109
1
2893 142
1
2894 245
1
2895 228
1
2896 49
0
0
0
1
2897 199
0
1
2898 114
1
2899 42
1
2900 134
0
1
2901 55
0
1
2902 87
0
1
2903 261
1
2904 158
0
1
2905 156
0
0
1
2906 95
1
2907 208
1
2908 259
1
2909 144
1
2910 137
0
1
2911 259
1
2912 7
1
2913 54
0
1
2914 97
1
2915 66
1
2916 47
1
2917 177
1
2918 64
1
2919 166
1
2920 12
1
2921 268
1
2922 56
1
2923 85
1
2924 160
1
2925 167
0
1
2926 77
1
2927 37
1
2928 261
1
2929 169
1
2930 204
0
1
2931 224
1
2932 7
0
1
2933 121
1
2934 212
1
2935 243
1
2936 53
1
2937 156
1
2938 213
1
2939 44
1
2940 136
0
1
2941 58
1
2942 79
1
2943 73
1
2944 205
1
2945 126
1
2946 136
1
2947 117
0
1
2948 95
1
2949 163
0
1
2950 55
1
2951 40
1
2952 155
0
1
2953 4
0
0
0
1
2954 129
1
2955 116
1
2956 104
1
2957 34
1
2958 240
0
0
1
2959 195
1
2960 237
1
2961 183
1
2962 24
0
0
1
2963 130
1
2964 116
1
2965 65
1
2966 71
1
2967 272
1
2968 185
0
0
1
2969 263
1
2970 121
1
2971 138
0
1
2972 210
1
2973 176
1
2974 109
1
2975 12
1
2976 229
1
2977 115
1
2978 146
1
2979 259
1
2980 181
1
2981 181
0
1
2982 218
0
1
2983 49
1
2984 178
1
2985 97
0
1
2986 258
1
2987 182
1
2988 207
1
2989 146
1
2990 45
0
1
2991 249
0
1
2992 121
0
1
2993 120
1
2994 226
1
2995 163
0
1
2996 165
1
2997 219
1
2998 272
1
2999 63
1
3000 171
1
3001 243
1
3002 242
1
3003 180
1
3004 171
1
3005 196
1
3006 215
1
3007 203
1
3008 5
1
3009 223
1
3010 195
0
0
0
1
3011 33
1
3012 206
1
3013 123
1
3014 158
1
3015 204
1
3016 51
0
1
3017 9
1
3018 73
1
3019 178
1
3020 205
1
3021 204
1
3022 155
1
3023 98
0
1
3024 271
1
3025 196
1
3026 14
1
3027 163
1
3028 105
1
3029 143
0
1
3030 185
1
3031 61
1
3032 85
1
3033 202
0
1
3034 238
1
3035 186
0
1
3036 257
1
3037 24
1
3038 201
0
1
3039 163
0
1
3040 216
1
3041 184
1
3042 266
1
3043 268
1
3044 18
0
0
1
3045 158
1
3046 259
1
3047 245
1
3048 270
1
3049 161
1
3050 27
0
1
3051 3
0
1
3052 30
1
3053 174
1
3054 102
0
1
3055 83
1
3056 166
0
0
0
1
3057 253
1
3058 258
0
0
0
1
3059 56
1
3060 164
1
3061 203
0
0
0
1
3062 270
0
1
3063 87
0
1
3064 134
0
1
3065 15
1
3066 256
0
1
3067 41
1
3068 228
0
1
3069 259
1
3070 79
0
1
3071 101
1
3072 20
0
1
3073 217
0
1
3074 260
1
3075 167
1
3076 218
1
3077 245
1
3078 91
1
3079 54
1
3080 41
1
3081 117
1
3082 4
1
3083 90
1
3084 162
1
3085 169
1
3086 136
1
3087 108
1
3088 108
0
1
3089 5
1
3090 85
0
1
3091 246
1
3092 35
1
3093 79
1
3094 43
1
3095 192
1
3096 52
1
3097 66
1
3098 121
0
0
1
3099 72
1
3100 23
0
1
3101 73
1
3102 32
1
3103 65
1
3104 64
1
3105 77
1
3106 204
0
1
3107 249
1
3108 246
1
3109 244
1
3110 143
1
3111 236
1
3112 261
1
3113 139
0
1
3114 146
1
3115 229
0
1
3116 239
1
3117 80
1
3118 117
1
3119 113
0
0
1
3120 137
0
0
1
3121 130
1
3122 51
1
3123 63
1
3124 148
1
3125 230
1
3126 15
0
0
1
3127 125
0
1
3128 126
1
3129 183
1
3130 9
1
3131 76
1
3132 259
0
1
3133 85
1
3134 149
1
3135 101
1
3136 2
0
1
3137 133
1
3138 6
1
3139 207
1
3140 224
1
3141 125
0
0
1
3142 16
1
3143 225
1
3144 12
0
1
3145 214
1
3146 203
1
3147 112
0
1
3148 268
1
3149 213
1
3150 141
0
1
3151 231
1
3152 94
1
3153 104
1
3154 127
0
1
3155 43
1
3156 33
1
3157 175
1
3158 52
1
3159 33
1
3160 51
0
1
3161 78
1
3162 225
0
1
3163 49
1
3164 169
1
3165 164
1
3166 234
1
3167 45
1
3168 179
1
3169 157
1
3170 43
1
3171 130
1
3172 61
1
3173 263
1
3174 144
1
3175 67
1
3176 175
0
1
3177 229
0
1
3178 228
0
1
3179 228
1
3180 14
1
3181 204
1
3182 265
1
3183 29
1
3184 186
1
3185 150
1
3186 173
0
1
3187 198
0
1
3188 98
1
3189 254
0
1
3190 186
1
3191 223
0
0
1
3192 171
1
3193 164
1
3194 11
1
3195 83
1
3196 201
1
3197 50
1
3198 208
1
3199 78
1
3200 84
1
3201 216
1
3202 157
0
1
3203 157
1
3204 203
0
1
3205 268
1
3206 93
1
3207 143
1
3208 223
0
0
1
3209 252
1
3210 190
1
3211 31
1
3212 70
1
3213 271
0
1
3214 139
1
3215 204
1
3216 233
0
1
3217 21
1
3218 41
1
3219 205
1
3220 3
1
3221 195
1
3222 194
1
3223 85
1
3224 174
1
3225 122
1
3226 89
0
1
3227 11
1
3228 171
1
3229 221
1
3230 156
1
3231 201
1
3232 7
1
3233 176
1
3234 153
0
0
1
3235 175
0
1
3236 259
1
3237 244
0
0
1
3238 126
0
0
1
3239 250
1
3240 12
0
1
3241 96
1
3242 104
1
3243 261
1
3244 165
1
3245 184
1
3246 224
1
3247 7
1
3248 86
1
3249 213
1
3250 26
1
3251 233
1
3252 243
1
3253 13
1
3254 83
1
3255 186
0
1
3256 61
1
3257 65
1
3258 110
0
0
1
3259 272
1
3260 62
1
3261 107
0
1
3262 115
1
3263 202
0
1
3264 246
1
3265 152
1
3266 90
1
3267 5
1
3268 121
1
3269 221
1
3270 26
1
3271 214
1
3272 117
1
3273 55
1
3274 223
1
3275 101
1
3276 263
1
3277 273
0
1
3278 179
1
3279 45
0
1
3280 99
0
1
3281 195
1
3282 117
1
3283 89
0
0
1
3284 185
1
3285 92
0
1
3286 50
0
1
3287 143
1
3288 156
0
1
3289 217
1
3290 168
0
1
3291 204
1
3292 211
0
1
3293 127
1
3294 193
1
3295 132
0
1
3296 113
1
3297 121
1
3298 71
1
3299 127
1
3300 129
1
3301 117
1
3302 124
1
3303 83
0
1
3304 245
1
3305 249
1
3306 186
1
3307 71
0
1
3308 232
1
3309 269
1
3310 154
1
3311 81
1
3312 54
0
0
1
3313 82
0
1
3314 256
0
0
1
3315 70
1
3316 253
1
3317 151
1
3318 100
1
3319 223
1
3320 162
1
3321 170
1
3322 89
1
3323 83
1
3324 56
1
3325 250
1
3326 198
1
3327 238
1
3328 181
1
3329 163
1
3330 80
1
3331 204
1
3332 179
1
3333 54
1
3334 129
0
1
3335 161
1
3336 177
1
3337 138
0
1
3338 75
1
3339 266
1
3340 92
1
3341 197
0
1
3342 31
1
3343 207
1
3344 83
1
3345 204
1
3346 100
1
3347 70
0
1
3348 201
1
3349 175
1
3350 29
0
0
0
0
1
3351 58
1
3352 42
0
1
3353 110
0
0
1
3354 132
0
1
3355 15
1
3356 69
1
3357 161
0
1
3358 193
1
3359 47
1
3360 259
1
3361 94
0
1
3362 38
0
1
3363 117
1
3364 110
1
3365 172
1
3366 150
1
3367 21
1
3368 244
1
3369 195
0
1
3370 68
0
0
1
3371 89
1
3372 250
1
3373 170
0
1
3374 261
1
3375 17
1
3376 57
0
0
1
3377 173
1
3378 134
1
3379 200
0
1
3380 249
1
3381 7
1
3382 7
0
1
3383 31
1
3384 268
0
1
3385 21
1
3386 56
0
1
3387 175
0
0
1
3388 38
1
3389 131
1
3390 114
0
1
3391 23
1
3392 235
1
3393 266
1
3394 54
1
3395 194
1
3396 124
1
3397 203
1
3398 182
1
3399 77
1
3400 111
1
3401 65
1
3402 220
1
3403 14
1
3404 4
1
3405 40
1
3406 259
1
3407 78
0
1
3408 118
1
3409 180
1
3410 87
1
3411 198
0
1
3412 165
0
1
3413 84
1
3414 223
1
3415 268
1
3416 34
0
1
3417 125
0
0
1
3418 222
1
3419 6
1
3420 80
1
3421 236
1
3422 140
1
3423 150
1
3424 175
0
0
1
3425 97
1
3426 63
1
3427 266
1
3428 153
0
1
3429 262
0
1
3430 97
0
1
3431 146
1
3432 15
0
1
3433 213
1
3434 3
0
1
3435 32
1
3436 219
1
3437 179
0
0
1
3438 195
0
1
3439 64
1
3440 212
0
1
3441 85
1
3442 147
0
1
3443 39
1
3444 99
1
3445 185
1
3446 134
1
3447 149
0
1
3448 53
1
3449 202
1
3450 267
1
3451 40
1
3452 32
0
1
3453 22
1
3454 229
0
1
3455 90
1
3456 271
0
1
3457 79
1
3458 9
0
1
3459 123
1
3460 172
1
3461 199
1
3462 98
1
3463 115
0
1
3464 65
0
1
3465 269
0
1
3466 14
0
1
3467 165
1
3468 5
1
3469 78
0
1
3470 59
1
3471 144
1
3472 105
1
3473 5
1
3474 35
1
3475 76
1
3476 210
1
3477 165
1
3478 222
0
0
1
3479 72
1
3480 136
0
1
3481 148
0
1
3482 188
1
3483 160
0
0
1
3484 249
1
3485 80
1
3486 67
1
3487 2
0
1
3488 55
1
3489 160
1
3490 159
1
3491 38
0
1
3492 152
1
3493 33
1
3494 208
1
3495 99
0
1
3496 69
1
3497 59
0
1
3498 263
1
3499 109
0
1
3500 19
1
3501 153
1
3502 113
1
3503 80
1
3504 89
1
3505 205
0
1
3506 156
0
1
3507 56
0
1
3508 179
1
3509 42
0
1
3510 122
0
1
3511 242
1
3512 111
1
3513 254
1
3514 138
1
3515 28
0
1
3516 131
1
3517 182
0
1
3518 91
1
3519 26
0
1
3520 148
0
1
3521 102
1
3522 240
1
3523 59
1
3524 2
0
1
3525 8
1
3526 54
0
1
3527 154
1
3528 160
1
3529 195
1
3530 174
1
3531 76
1
3532 159
1
3533 203
0
0
0
0
1
3534 69
1
3535 155
1
3536 61
0
0
0
1
3537 238
0
1
3538 246
1
3539 10
0
1
3540 83
1
3541 185
1
3542 34
1
3543 48
1
3544 157
1
3545 113
1
3546 83
1
3547 104
1
3548 52
1
3549 203
0
1
3550 83
0
1
3551 270
1
3552 266
0
1
3553 203
0
1
3554 96
0
0
0
1
3555 125
0
1
3556 238
1
3557 129
0
0
0
0
0
1
3558 4
1
3559 253
1
3560 216
1
3561 79
0
1
3562 177
0
1
3563 33
1
3564 167
1
3565 44
0
1
3566 159
1
3567 104
0
1
3568 171
1
3569 186
1
3570 270
0
1
3571 91
0
1
3572 76
0
0
1
3573 174
1
3574 72
0
0
1
3575 169
1
3576 3
1
3577 266
1
3578 92
1
3579 200
1
3580 178
1
3581 235
1
3582 246
0
1
3583 180
1
3584 260
0
1
3585 113
1
3586 133
1
3587 33
1
3588 39
1
3589 55
1
3590 89
0
0
1
3591 99
1
3592 183
0
1
3593 103
1
3594 82
1
3595 156
0
0
0
0
0
0
1
3596 153
1
3597 220
1
3598 195
0
1
3599 62
1
3600 270
1
3601 201
1
3602 85
0
0
1
3603 8
0
1
3604 203
1
3605 100
0
1
3606 181
1
3607 238
1
3608 177
1
3609 105
1
3610 233
0
0
0
1
3611 182
1
3612 215
0
1
3613 146
1
3614 64
0
0
0
1
3615 9
0
1
3616 228
1
3617 270
1
3618 259
0
0
1
3619 135
1
3620 30
0
1
3621 172
1
3622 83
1
3623 97
0
0
1
3624 126
0
1
3625 155
1
3626 263
1
3627 83
1
3628 108
1
3629 32
0
0
1
3630 181
0
0
1
3631 74
1
3632 121
1
3633 194
1
3634 202
1
3635 117
1
3636 75
0
0
1
3637 173
1
3638 148
1
3639 256
1
3640 200
1
3641 175
1
3642 229
1
3643 105
0
1
3644 14
1
3645 154
0
1
3646 186
0
1
3647 259
1
3648 225
1
3649 178
1
3650 3
1
3651 201
1
3652 227
0
1
3653 239
0
0
0
1
3654 2
0
1
3655 109
0
1
3656 138
1
3657 258
0
1
3658 241
1
3659 48
1
3660 131
1
3661 199
1
3662 127
0
1
3663 180
1
3664 230
1
3665 103
0
1
3666 106
0
1
3667 27
0
1
3668 4
1
3669 147
1
3670 160
1
3671 89
0
0
1
3672 212
0
1
3673 72
1
3674 118
1
3675 67
1
3676 186
0
0
0
0
0
1
3677 175
1
3678 268
1
3679 5
1
3680 29
1
3681 15
1
3682 244
0
0
1
3683 221
1
3684 261
1
3685 149
1
3686 23
1
3687 48
1
3688 165
0
1
3689 204
0
1
3690 257
1
3691 237
1
3692 77
1
3693 113
1
3694 148
1
3695 135
1
3696 44
1
3697 69
0
1
3698 242
0
1
3699 123
0
1
3700 109
1
3701 234
1
3702 60
0
1
3703 211
1
3704 151
1
3705 245
0
0
1
3706 81
1
3707 122
1
3708 85
1
3709 214
1
3710 267
1
3711 250
1
3712 164
1
3713 82
1
3714 153
1
3715 178
1
3716 146
0
1
3717 151
0
1
3718 63
1
3719 125
1
3720 171
0
0
0
0
0
0
1
3721 195
0
1
3722 200
1
3723 184
1
3724 189
1
3725 268
1
3726 162
0
1
3727 223
1
3728 181
0
1
3729 58
0
0
1
3730 137
1
3731 90
0
1
3732 117
0
0
1
3733 188
0
1
3734 83
0
1
3735 261
0
1
3736 63
0
0
0
0
1
3737 9
1
3738 56
1
3739 190
0
0
0
1
3740 256
0
0
0
1
3741 182
1
3742 234
1
3743 69
0
0
0
1
3744 246
0
1
3745 269
1
3746 169
1
3747 147
0
0
0
0
1
3748 3
0
1
3749 237
0
0
1
3750 196
0
1
3751 172
0
1
3752 242
1
3753 38
0
1
3754 203
0
1
3755 166
1
3756 75
0
1
3757 124
0
0
1
3758 101
0
0
1
3759 131
1
3760 101
0
1
3761 130
0
1
3762 175
0
0
1
3763 10
1
3764 127
0
1
3765 35
1
3766 47
0
0
0
0
1
3767 254
1
3768 63
1
3769 78
1
3770 12
1
3771 229
1
3772 258
1
3773 83
1
3774 85
0
1
3775 95
1
3776 203
1
3777 160
0
1
3778 111
0
1
3779 221
0
0
1
3780 127
0
0
0
1
3781 123
1
3782 86
1
3783 24
1
3784 38
0
0
0
1
3785 45
1
3786 160
1
3787 163
1
3788 152
0
1
3789 85
0
1
3790 110
1
3791 215
1
3792 93
1
3793 15
1
3794 103
0
1
3795 163
0
0
0
0
1
3796 208
0
0
1
3797 5
1
3798 94
0
1
3799 204
1
3800 155
0
0
0
0
1
3801 140
0
1
3802 32
1
3803 66
1
3804 233
0
1
3805 79
0
1
3806 197
0
0
1
3807 160
0
1
3808 209
1
3809 215
1
3810 152
1
3811 45
0
1
3812 59
1
3813 124
0
1
3814 126
1
3815 271
1
3816 61
1
3817 172
1
3818 108
1
3819 55
0
0
1
3820 90
0
0
0
0
1
3821 190
0
1
3822 203
0
0
1
3823 210
1
3824 19
0
1
3825 67
0
1
3826 113
1
3827 238
1
3828 185
1
3829 191
1
3830 233
1
3831 29
1
3832 123
1
3833 35
1
3834 141
1
3835 186
1
3836 69
0
0
0
0
1
3837 153
0
1
3838 154
1
3839 193
1
3840 145
0
1
3841 218
1
3842 29
1
3843 31
0
1
3844 102
1
3845 134
0
1
3846 246
1
3847 2
0
0
0
1
3848 62
1
3849 185
1
3850 162
0
1
3851 146
1
3852 58
0
0
1
3853 224
0
1
3854 13
0
1
3855 167
1
3856 98
0
1
3857 211
1
3858 54
0
0
0
1
3859 8
0
0
1
3860 155
0
0
1
3861 148
0
1
3862 249
0
1
3863 185
1
3864 262
1
3865 232
1
3866 138
0
0
1
3867 209
1
3868 244
1
3869 272
1
3870 56
0
1
3871 270
1
3872 231
0
0
1
3873 179
1
3874 107
1
3875 204
0
1
3876 97
1
3877 267
0
1
3878 110
0
0
0
1
3879 41
0
0
0
1
3880 171
1
3881 243
1
3882 33
0
1
3883 231
1
3884 42
1
3885 72
0
1
3886 28
1
3887 44
0
0
0
1
3888 107
1
3889 106
0
1
3890 206
1
3891 174
0
0
1
3892 114
0
1
3893 122
0
1
3894 149
0
1
3895 25
1
3896 117
1
3897 153
0
0
1
3898 49
1
3899 219
1
3900 249
1
3901 238
1
3902 250
1
3903 226
0
1
3904 77
0
1
3905 220
1
3906 248
0
0
0
0
1
3907 149
0
1
3908 166
1
3909 194
0
1
3910 69
0
1
3911 122
1
3912 163
1
3913 82
0
1
3914 150
0
1
3915 180
1
3916 61
1
3917 251
1
3918 84
0
0
1
3919 128
0
0
0
1
3920 119
0
1
3921 135
1
3922 234
0
0
0
1
3923 135
0
1
3924 24
1
3925 218
0
1
3926 244
0
1
3927 152
0
1
3928 20
1
3929 55
0
1
3930 3
1
3931 178
0
1
3932 135
1
3933 38
1
3934 53
1
3935 259
1
3936 211
1
3937 190
1
3938 159
1
3939 215
0
1
3940 80
0
1
3941 144
1
3942 234
0
0
0
1
3943 73
0
1
3944 247
0
1
3945 114
1
3946 127
1
3947 79
1
3948 40
0
1
3949 89
0
0
1
3950 214
1
3951 77
1
3952 228
1
3953 181
1
3954 12
1
3955 255
1
3956 214
1
3957 14
1
3958 128
0
0
1
3959 38
1
3960 48
0
1
3961 178
1
3962 160
1
3963 248
0
0
1
3964 147
1
3965 270
1
3966 145
0
1
3967 164
1
3968 183
0
0
0
1
3969 164
1
3970 109
1
3971 176
0
1
3972 52
1
3973 130
1
3974 233
1
3975 114
1
3976 159
1
3977 216
1
3978 140
0
0
1
3979 236
0
0
1
3980 184
0
1
3981 270
0
1
3982 54
0
0
1
3983 4
1
3984 224
0
0
0
1
3985 181
0
1
3986 42
0
0
1
3987 123
0
0
1
3988 93
0
1
3989 48
1
3990 50
0
1
3991 74
1
3992 149
1
3993 195
0
0
1
3994 41
1
3995 88
1
3996 213
1
3997 38
0
1
3998 107
1
3999 141
0
1
4000 142
0
1
4001 108
0
0
1
4002 60
1
4003 231
1
4004 237
0
0
1
4005 199
0
1
4006 246
0
1
4007 192
0
1
4008 190
0
1
4009 56
1
4010 115
0
1
4011 19
0
1
4012 47
1
4013 221
1
4014 149
0
1
4015 259
1
4016 167
1
4017 237
1
4018 244
1
4019 249
0
0
0
0
0
0
0
1
4020 13
1
4021 34
0
0
0
0
1
4022 136
0
1
4023 273
0
1
4024 130
1
4025 59
1
4026 68
1
4027 157
1
4028 190
0
0
1
4029 85
0
0
1
4030 180
1
4031 64
0
0
1
4032 4
0
0
1
4033 240
1
4034 52
1
4035 62
1
4036 68
0
1
4037 268
0
0
0
1
4038 34
0
1
4039 97
1
4040 39
0
0
0
1
4041 12
0
1
4042 257
0
0
0
0
1
4043 133
1
4044 135
1
4045 122
1
4046 85
0
1
4047 186
1
4048 220
0
1
4049 166
0
0
0
0
0
1
4050 17
1
4051 116
1
4052 227
1
4053 123
1
4054 4
1
4055 124
0
0
0
1
4056 150
1
4057 104
0
0
1
4058 215
0
1
4059 177
1
4060 239
0
1
4061 56
1
4062 113
0
0
0
1
4063 213
1
4064 268
1
4065 127
0
1
4066 29
0
0
0
1
4067 100
0
1
4068 237
1
4069 90
0
0
0
1
4070 147
1
4071 50
0
0
0
1
4072 175
0
0
1
4073 177
1
4074 34
1
4075 216
0
1
4076 241
0
0
1
4077 122
0
0
0
1
4078 162
1
4079 215
0
1
4080 257
1
4081 169
1
4082 246
1
4083 219
0
0
1
4084 196
1
4085 121
1
4086 153
0
0
0
1
4087 255
0
0
1
4088 241
0
0
0
0
0
0
1
4089 242
0
1
4090 201
0
1
4091 99
0
0
0
0
0
1
4092 175
0
0
0
0
0
0
0
0
1
4093 263
0
1
4094 230
0
1
4095 80
1
4096 127
0
1
4097 156
1
4098 114
1
4099 52
0
0
0
0
1
4100 226
0
1
4101 6
0
0
0
1
4102 210
1
4103 38
0
1
4104 212
1
4105 79
1
4106 71
0
1
4107 188
1
4108 204
0
1
4109 113
1
4110 6
0
0
0
1
4111 61
0
0
1
4112 95
1
4113 156
1
4114 88
1
4115 186
0
0
1
4116 259
1
4117 215
0
1
4118 51
0
1
4119 133
0
1
4120 32
1
4121 22
1
4122 21
0
1
4123 40
1
4124 214
1
4125 31
0
1
4126 136
0
0
1
4127 104
0
1
4128 271
0
1
4129 156
0
0
0
0
1
4130 193
0
1
4131 64
1
4132 185
0
0
1
4133 205
0
1
4134 204
0
1
4135 161
1
4136 60
1
4137 133
0
1
4138 43
1
4139 85
1
4140 76
0
1
4141 186
1
4142 146
0
0
0
0
0
0
0
0
1
4143 160
1
4144 209
0
0
1
4145 99
0
0
1
4146 98
1
4147 211
1
4148 34
0
0
0
0
0
1
4149 203
0
1
4150 127
1
4151 57
1
4152 107
1
4153 236
1
4154 30
0
0
1
4155 194
0
1
4156 85
1
4157 77
0
0
0
1
4158 215
0
0
0
0
1
4159 55
0
0
1
4160 97
1
4161 18
0
0
1
4162 200
1
4163 225
0
1
4164 40
1
4165 203
1
4166 203
1
4167 136
1
4168 74
0
0
1
4169 47
1
4170 64
1
4171 10
0
0
1
4172 29
0
0
1
4173 268
0
1
4174 78
1
4175 257
1
4176 170
0
1
4177 263
1
4178 22
1
4179 79
1
4180 63
0
0
1
4181 3
0
0
0
1
4182 102
1
4183 157
1
4184 12
1
4185 96
0
1
4186 199
0
0
1
4187 42
1
4188 221
0
0
1
4189 179
1
4190 219
1
4191 60
1
4192 232
0
0
1
4193 6
1
4194 89
0
1
4195 158
0
0
0
0
1
4196 87
1
4197 160
0
1
4198 182
1
4199 122
0
0
0
1
4200 30
1
4201 248
1
4202 63
1
4203 118
1
4204 68
1
4205 208
1
4206 253
0
0
0
1
4207 5
0
0
0
1
4208 116
1
4209 215
1
4210 206
1
4211 151
0
1
4212 113
1
4213 42
1
4214 226
0
1
4215 63
1
4216 26
0
1
4217 88
1
4218 51
1
4219 211
0
0
1
4220 85
0
0
0
0
1
4221 23
0
0
1
4222 201
0
0
0
0
0
0
0
0
0
1
4223 14
1
4224 270
0
0
0
1
4225 213
1
4226 19
1
4227 225
1
4228 127
1
4229 22
1
4230 9
0
1
4231 24
1
4232 197
1
4233 233
1
4234 102
0
0
0
1
4235 228
1
4236 12
0
0
1
4237 136
0
0
1
4238 268
1
4239 53
0
0
0
1
4240 265
0
0
1
4241 102
0
0
1
4242 82
1
4243 70
1
4244 257
1
4245 131
1
4246 87
1
4247 162
0
0
1
4248 112
0
1
4249 186
0
0
0
1
4250 2
0
1
4251 252
0
0
0
1
4252 64
1
4253 259
0
1
4254 130
0
0
0
1
4255 260
1
4256 194
0
0
0
1
4257 95
1
4258 260
0
0
0
0
1
4259 8
1
4260 170
1
4261 9
1
4262 240
1
4263 236
0
0
0
0
0
0
0
0
0
1
4264 70
0
1
4265 188
0
1
4266 118
0
1
4267 203
1
4268 221
0
0
1
4269 10
1
4270 263
0
1
4271 133
1
4272 200
0
1
4273 192
0
1
4274 135
1
4275 122
1
4276 29
1
4277 107
0
0
0
0
1
4278 238
0
1
4279 87
0
0
1
4280 82
0
1
4281 27
0
1
4282 194
0
0
1
4283 175
0
0
1
4284 95
0
0
0
1
4285 50
0
0
0
1
4286 115
0
0
1
4287 152
0
0
0
1
4288 162
0
0
0
0
1
4289 151
0
1
4290 246
0
0
1
4291 18
1
4292 182
0
0
1
4293 48
0
0
0
1
4294 7
1
4295 126
1
4296 111
0
1
4297 263
1
4298 245
1
4299 243
0
1
4300 26
0
1
4301 104
0
1
4302 153
1
4303 176
1
4304 89
1
4305 183
0
1
4306 154
0
0
0
0
1
4307 182
1
4308 73
1
4309 217
0
1
4310 101
0
0
1
4311 99
0
1
4312 266
1
4313 164
0
1
4314 224
0
1
4315 39
1
4316 272
1
4317 119
0
0
1
4318 23
1
4319 131
1
4320 113
0
1
4321 32
0
0
0
0
0
0
1
4322 113
0
0
1
4323 272
0
0
0
0
0
0
0
0
1
4324 63
0
1
4325 78
0
0
1
4326 203
0
1
4327 61
0
0
0
1
4328 15
1
4329 239
0
1
4330 9
0
0
1
4331 110
1
4332 9
1
4333 63
1
4334 138
1
4335 242
0
1
4336 104
1
4337 201
1
4338 3
0
1
4339 233
1
4340 210
0
1
4341 268
1
4342 95
0
0
0
1
4343 243
0
1
4344 262
0
0
0
0
1
4345 44
1
4346 74
0
0
0
0
1
4347 227
1
4348 49
0
1
4349 24
0
1
4350 54
0
0
0
0
0
1
4351 125
0
0
0
1
4352 242
1
4353 90
1
4354 183
0
1
4355 246
0
1
4356 62
0
0
1
4357 133
0
0
1
4358 133
0
1
4359 157
1
4360 188
1
4361 53
1
4362 149
1
4363 242
1
4364 249
0
1
4365 203
0
0
0
0
0
1
4366 172
0
1
4367 13
1
4368 190
0
0
0
1
4369 68
0
0
1
4370 184
0
0
0
0
1
4371 48
0
1
4372 59
0
1
4373 89
1
4374 216
1
4375 234
0
0
0
0
0
0
0
0
0
1
4376 222
0
1
4377 181
1
4378 231
1
4379 239
1
4380 175
1
4381 191
1
4382 140
0
1
4383 83
0
0
0
0
1
4384 185
1
4385 55
0
1
4386 67
0
1
4387 46
0
0
0
1
4388 79
0
0
1
4389 145
0
0
0
0
0
0
1
4390 45
0
0
0
0
0
0
1
4391 51
0
1
4392 49
0
0
0
0
0
0
1
4393 149
0
1
4394 269
1
4395 267
0
0
1
4396 248
0
1
4397 85
0
0
1
4398 246
1
4399 110
0
0
0
0
1
4400 172
0
0
0
0
0
1
4401 92
0
0
1
4402 271
1
4403 268
0
0
1
4404 209
1
4405 64
0
1
4406 254
1
4407 220
0
0
1
4408 85
0
1
4409 165
0
0
0
1
4410 124
0
0
1
4411 183
0
1
4412 69
1
4413 273
0
1
4414 96
0
0
0
1
4415 186
0
0
0
1
4416 23
0
1
4417 110
0
1
4418 209
0
0
0
0
1
4419 204
1
4420 118
1
4421 37
0
1
4422 156
0
1
4423 107
1
4424 253
0
0
0
1
4425 123
1
4426 15
0
0
1
4427 9
0
0
1
4428 92
1
4429 115
1
4430 60
0
0
0
1
4431 65
0
0
0
0
1
4432 89
0
0
1
4433 242
1
4434 165
0
1
4435 249
0
0
0
1
4436 259
0
0
0
1
4437 28
0
1
4438 203
0
0
0
0
0
0
1
4439 6
0
0
0
0
0
1
4440 229
0
1
4441 101
1
4442 34
0
0
0
0
0
0
0
1
4443 74
1
4444 105
0
1
4445 23
1
4446 133
1
4447 226
0
1
4448 127
0
0
0
0
0
0
0
1
4449 270
1
4450 193
0
0
0
1
4451 175
1
4452 35
0
0
0
0
0
1
4453 37
1
4454 124
0
0
1
4455 120
0
1
4456 185
0
1
4457 56
0
0
0
0
0
1
4458 49
0
1
4459 112
1
4460 99
0
0
0
0
0
1
4461 218
1
4462 156
0
0
0
1
4463 182
0
1
4464 145
0
1
4465 63
1
4466 118
0
0
1
4467 246
1
4468 139
1
4469 57
0
1
4470 39
1
4471 268
0
0
1
4472 37
0
0
0
0
1
4473 234
0
1
4474 53
1
4475 65
0
0
0
0
1
4476 23
1
4477 195
1
4478 85
1
4479 48
0
1
4480 5
0
0
0
0
0
0
0
0
0
0
1
4481 103
1
4482 204
0
0
0
0
0
1
4483 230
0
0
0
0
0
0
1
4484 6
0
0
0
0
1
4485 258
0
0
1
4486 19
0
0
0
1
4487 236
0
0
1
4488 112
1
4489 212
1
4490 152
1
4491 158
0
0
1
4492 171
1
4493 224
1
4494 155
0
0
1
4495 8
0
1
4496 155
0
0
0
0
0
0
0
0
0
1
4497 125
0
1
4498 50
1
4499 258
0
0
0
0
0
1
4500 212
0
1
4501 113
1
4502 193
0
0
0
0
1
4503 178
1
4504 64
0
0
0
1
4505 34
1
4506 39
0
1
4507 147
0
0
0
0
0
0
0
0
0
0
1
4508 114
0
0
0
0
0
0
0
0
1
4509 38
1
4510 176
0
0
0
0
0
0
0
0
0
0
0
0
1
4511 134
0
0
1
4512 229
0
0
0
0
1
4513 15
0
0
0
0
0
0
0
0
0
0
0
0
1
4514 148
1
4515 28
0
1
4516 26
1
4517 68
0
0
1
4518 226
1
4519 270
0
0
0
0
0
0
1
4520 249
0
1
4521 67
1
4522 159
1
4523 100
0
0
0
0
0
0
1
4524 56
0
0
0
0
1
4525 196
0
0
0
0
0
0
1
4526 241
1
4527 213
0
0
0
0
0
0
0
0
0
1
4528 237
1
4529 125
0
1
4530 186
0
0
1
4531 134
0
0
0
1
4532 141
1
4533 136
0
0
1
4534 259
0
1
4535 151
0
1
4536 204
1
4537 228
1
4538 112
1
4539 260
0
0
1
4540 125
0
1
4541 117
0
0
0
1
4542 255
0
1
4543 112
0
1
4544 232
1
4545 245
1
4546 121
1
4547 112
0
0
0
0
1
4548 101
0
0
0
1
4549 219
0
0
1
4550 71
0
1
4551 129
1
4552 237
0
0
0
0
0
1
4553 233
1
4554 245
0
0
0
1
4555 8
0
0
0
0
0
0
0
0
0
0
0
1
4556 48
1
4557 204
1
4558 61
0
0
1
4559 113
1
4560 168
0
1
4561 26
0
1
4562 217
1
4563 130
0
1
4564 5
0
0
0
0
1
4565 249
0
1
4566 56
0
0
0
1
4567 157
0
0
0
0
1
4568 95
0
0
1
4569 79
0
1
4570 239
0
1
4571 107
1
4572 237
0
0
1
4573 127
0
0
0
1
4574 4
0
1
4575 79
0
0
0
0
1
4576 186
0
1
4577 17
0
1
4578 82
1
4579 156
1
4580 50
0
0
1
4581 212
0
0
0
1
4582 203
1
4583 215
1
4584 193
0
0
0
0
0
0
0
0
1
4585 64
0
0
0
1
4586 242
1
4587 128
1
4588 186
1
4589 36
0
1
4590 186
0
1
4591 228
0
0
0
0
0
0
0
0
0
0
0
0
1
4592 144
0
0
0
1
4593 100
0
0
0
1
4594 45
0
0
1
4595 114
1
4596 156
0
0
0
0
0
1
4597 99
0
0
0
0
0
0
0
0
1
4598 203
0
1
4599 58
0
0
0
0
0
1
4600 171
0
0
0
1
4601 88
0
0
0
0
0
1
4602 119
0
0
0
1
4603 75
1
4604 241
0
0
1
4605 190
1
4606 110
0
1
4607 34
1
4608 175
1
4609 83
0
1
4610 17
1
4611 12
0
1
4612 122
0
1
4613 80
0
0
1
4614 260
0
1
4615 201
1
4616 232
0
1
4617 190
0
0
0
1
4618 220
1
4619 232
1
4620 140
0
0
0
0
0
1
4621 119
0
0
0
0
0
1
4622 113
0
0
0
0
0
0
0
0
1
4623 205
1
4624 253
1
4625 162
0
0
1
4626 256
1
4627 78
0
0
1
4628 205
1
4629 98
1
4630 4
0
0
0
0
0
0
0
0
0
1
4631 160
0
0
0
1
4632 104
0
0
0
0
0
0
0
0
0
0
0
0
0
1
4633 205
1
4634 51
1
4635 36
0
0
0
1
4636 149
0
0
0
0
0
1
4637 240
1
4638 15
0
0
0
0
0
0
0
1
4639 229
1
4640 97
0
1
4641 138
0
0
0
0
1
4642 38
0
1
4643 92
0
0
1
4644 12
1
4645 225
0
0
1
4646 9
1
4647 77
0
0
0
0
1
4648 162
1
4649 104
0
0
0
0
0
1
4650 238
0
0
1
4651 32
0
0
0
1
4652 213
0
0
0
0
0
0
0
0
1
4653 259
0
0
1
4654 251
0
0
0
0
1
4655 118
0
0
0
1
4656 192
1
4657 77
0
0
0
0
0
0
0
0
0
0
0
1
4658 136
0
0
1
4659 104
0
0
1
4660 111
0
0
0
0
0
0
0
1
4661 263
0
0
0
0
0
0
0
0
0
0
0
0
0
0
1
4662 63
1
4663 83
0
0
0
0
0
0
0
0
1
4664 175
1
4665 267
1
4666 62
1
4667 212
0
0
0
0
1
4668 113
0
1
4669 268
0
1
4670 36
0
1
4671 114
0
0
0
0
0
0
1
4672 134
1
4673 257
0
0
0
0
0
0
0
1
4674 194
1
4675 97
0
0
1
4676 226
1
4677 178
1
4678 59
0
0
0
0
0
0
0
0
0
0
0
0
1
4679 48
0
0
1
4680 105
0
1
4681 77
0
0
0
0
1
4682 40
0
0
1
4683 173
0
1
4684 101
0
0
0
0
0
0
0
0
0
0
0
0
0
0
0
0
0
0
0
0
0
1
4685 68
0
0
0
0
0
1
4686 206
0
0
0
0
0
0
0
0
0
1
4687 196
0
0
1
4688 46
0
0
0
0
0
0
1
4689 232
1
4690 208
1
4691 130
0
0
0
0
0
0
0
0
0
0
0
0
0
0
0
0
1
4692 162
1
4693 117
0
0
0
0
0
0
1
4694 167
0
0
0
0
0
0
0
1
4695 123
0
0
0
0
0
0
0
0
0
0
0
0
0
0
0
0
0
1
4696 270
1
4697 58
0
0
0
0
0
0
0
0
0
0
1
4698 131
1
4699 144
1
4700 119
0
0
1
4701 179
0
0
0
0
1
4702 26
0
0
0
1
4703 103
0
1
4704 257
0
1
4705 192
1
4706 57
0
0
0
1
4707 270
0
0
0
0
0
0
0
0
0
0
0
1
4708 148
0
1
4709 261
1
4710 222
0
0
0
0
1
4711 85
0
0
1
4712 6
0
0
0
0
0
0
1
4713 262
0
0
0
0
0
0
1
4714 137
1
4715 231
0
0
0
0
1
4716 186
0
0
0
0
0
0
0
1
4717 216
0
1
4718 122
0
0
1
4719 98
0
0
0
0
0
1
4720 156
1
4721 175
1
4722 158
0
0
0
1
4723 236
0
0
0
0
0
0
0
0
0
1
4724 112
1
4725 190
0
0
0
0
0
0
0
0
0
0
0
1
4726 4
0
0
0
0
0
0
0
1
4727 124
0
1
4728 215
0
1
4729 149
0
0
0
0
0
1
4730 185
0
0
0
0
1
4731 99
0
0
0
1
4732 226
0
0
0
0
0
0
0
0
1
4733 108
0
0
1
4734 94
0
1
4735 33
0
0
1
4736 213
0
1
4737 39
1
4738 162
0
0
0
0
0
0
0
0
0
0
0
0
0
0
0
1
4739 85
0
0
1
4740 208
0
0
1
4741 257
0
1
4742 196
1
4743 176
0
0
0
0
0
0
0
1
4744 7
0
1
4745 218
1
4746 177
0
0
0
0
0
0
0
0
1
4747 51
0
0
1
4748 12
1
4749 256
0
1
4750 256
1
4751 259
0
0
0
0
0
0
0
0
0
0
0
0
0
0
0
0
0
0
1
4752 148
0
1
4753 203
0
1
4754 84
0
0
0
0
0
0
0
0
0
0
0
0
0
0
0
0
0
0
0
1
4755 116
0
0
1
4756 97
1
4757 85
0
1
4758 28
1
4759 148
0
0
0
0
0
0
0
0
1
4760 244
0
0
1
4761 222
0
0
0
0
1
4762 223
0
0
0
1
4763 273
0
1
4764 3
0
0
0
0
0
0
0
1
4765 155
0
0
0
0
0
0
0
0
0
0
0
0
0
0
0
0
0
0
0
0
1
4766 259
0
0
0
0
0
1
4767 263
1
4768 39
1
4769 191
0
0
0
0
0
0
0
0
0
0
0
0
0
0
0
1
4770 93
0
0
0
0
0
0
0
1
4771 173
0
0
0
0
0
0
0
0
0
0
0
1
4772 228
0
0
0
0
0
0
0
0
0
1
4773 263
1
4774 177
0
1
4775 81
0
0
0
0
0
0
0
0
0
0
0
0
0
0
0
0
0
0
0
0
0
0
0
0
0
0
0
0
0
0
0
0
0
0
0
0
0
0
0
1
4776 254
0
0
0
0
0
0
0
0
0
0
0
0
0
1
4777 170
1
4778 215
0
0
0
0
0
0
0
0
0
0
0
0
0
0
0
0
0
0
0
0
0
1
4779 126
0
0
0
1
4780 139
0
0
0
0
0
0
0
0
0
0
0
0
0
1
4781 57
1
4782 230
0
0
0
0
0
0
0
0
0
0
0
0
0
1
4783 61
0
0
0
0
0
0
0
0
1
4784 28
0
0
0
0
0
0
0
0
0
0
0
0
0
0
0
0
1
4785 3
1
4786 236
1
4787 259
0
0
0
0
0
0
0
0
0
0
0
0
0
0
0
0
0
0
0
0
0
0
1
4788 181
0
0
0
0
0
0
1
4789 185
1
4790 5
1
4791 191
0
0
0
0
0
0
0
0
0
1
4792 41
0
0
0
1
4793 196
0
0
0
0
0
0
0
0
0
0
0
0
0
0
0
0
0
0
0
0
0
0
0
0
0
0
0
0
0
0
0
0
0
0
0
0
1
4794 108
0
0
0
0
0
0
0
0
0
0
0
0
0
0
0
0
0
1
4795 85
0
1
4796 74
1
4797 120
0
0
0
0
0
0
0
0
0
0
0
0
0
0
0
0
0
0
0
1
4798 86
0
0
0
0
0
0
0
0
0
0
0
0
0
1
4799 70
0
0
0
0
0
0
0
0
0
0
0
0
0
0
0
0
0
0
0
0
0
0
0
1
4800 4
1
4801 49
1
4802 204
0
0
0
0
0
1
4803 265
0
1
4804 121
0
0
0
0
0
1
4805 242
0
0
0
0
1
4806 146
0
0
0
0
0
0
0
1
4807 94
0
0
0
0
0
0
0
0
0
0
0
0
0
0
0
0
0
1
4808 163
0
0
0
1
4809 208
0
0
1
4810 80
0
0
0
1
4811 107
0
0
0
0
0
0
0
0
0
0
0
0
1
4812 73
0
1
4813 17
0
0
0
0
0
1
4814 262
0
0
0
0
0
0
0
0
0
1
4815 193
0
0
0
0
0
0
0
0
0
0
0
1
4816 36
1
4817 188
0
0
0
0
0
0
0
0
0
0
0
0
0
0
0
0
0
0
0
0
0
0
0
0
0
0
0
0
0
0
0
0
1
4818 50
0
0
0
0
0
0
0
0
0
0
0
0
0
0
0
0
0
0
0
0
0
0
0
0
0
0
0
0
0
0
0
0
0
0
0
0
0
0
0
0
0
0
0
0
0
0
0
0
0
1
4819 5
0
0
0
0
0
0
0
0
0
0
0
0
0
0
0
0
0
0
0
0
0
0
0
0
0
0
0
0
1
4820 158
0
0
0
0
0
0
0
0
0
0
0
0
0
0
0
0
0
0
0
0
0
0
0
0
0
0
0
0
0
0
0
0
0
0
0
0
0
0
0
0
0
0
1
4821 243
0
0
0
0
0
0
0
0
0
0
0
0
0
0
0
0
0
0
0
0
0
0
0
0
0
0
0
0
0
0
0
0
0
0
0
0
0
0
0
0
0
0
0
0
0
0
1
4822 91
0
0
1
4823 79
0
1
4824 112
0
0
0
0
0
0
0
0
0
0
0
0
0
0
0
0
1
4825 199
0
0
0
0
0
0
0
1
4826 79
0
0
0
0
0
0
0
0
0
0
0
0
0
0
0
0
0
0
0
0
0
0
0
0
0
0
0
0
0
0
0
0
0
0
0
0
0
0
0
0
0
0
0
0
1
4827 5
0
0
0
0
0
0
0
0
0
0
0
0
0
0
0
0
0
0
0
0
0
0
0
0
0
0
0
0
0
0
0
0
0
0
0
0
0
0
0
0
0
0
0
0
0
0
0
0
0
0
0
0
0
0
1
4828 190
1
4829 261
0
0
0
0
0
0
0
0
0
0
1
4830 5
0
1
4831 187
0
0
0
0
0
0
0
0
0
0
0
0
0
0
0
0
0
0
0
0
0
0
0
0
0
0
0
0
0
0
0
0
0
0
0
0
0
0
0
0
0
0
0
0
0
0
0
0
0
0
0
0
0
0
0
0
0
0
0
0
0
0
0
0
1
4832 143
0
0
0
0
0
0
0
0
0
0
0
0
0
0
0
0
0
0
0
0
0
0
0
0
1
4833 228
0
0
0
0
0
0
0
0
0
0
0
0
0
0
0
0
0
0
0
0
0
0
0
0
0
0
0
0
0
0
0
0
0
0
0
0
0
0
0
0
0
0
0
0
0
0
0
0
0
0
0
0
0
0
0
0
0
0
0
0
0
0
0
0
0
0
0
0
0
0
0
0
0
0
0
0
0
0
0
0
0
0
0
0
0
0
0
0
0
0
0
0
0
0
0
0
0
0
0
0
0
0
0
0
0
0
0
0
0
0
0
0
0
0
0
0
0
0
0
0
0
0
0
0
0
0
0
0
0
0
0
0
0
0
0
0
0
0
0
0
0
0
0
0
0
0
0
0
0
0
0
0
0
0
0
0
0
0
0
0
0
0
0
0
0
0
0
0
0
0
0
0
0
0
0
0
0
0
0
0
0
0
0
0
0
0
0
0
0
0
0
0
0
0
0
0
0
0
0
0
0
0
0
0
0
0
0
0
0
0
0
0
0
0
0
0
0
0
0
0
0
0
0
0
0
0
0
0
0
0
0
0
0
0
0
0
0
0
0
0
0
0
0
0
0
0
0
0
0
0
0
0
0
0
0
0
0
0
0
0
0
0
0
0
0
0
0
0
0
0
0
0
0
0
0
0
0
0
0
0
0
0
0
0
0
0
0
0
0
0
0
0
0
0
0
0
0
0
0
0
0
0
0
0
0
0
0
0
0
0
0
0
0
0
0
0
0
0
0
0
0
0
0
0
0
0
0
0
0
0
0
0
0
0
0
0
0
0
0
0
0
0
0
0
0
0
0
0
0
0
0
0
0
0
0
0
0
0
0
0
0
0
0
0
0
0
0
0
0
0
0
0
0
0
0
0
0
0
0
0
0
0
0
0
0
0
0
0
0
0
0
0
0
0
0
0
0
0
0
0
0
0
0
0
0
0
0
0
0
0
0
0
0
0
0
0
0
0
0
0
0
0
0
0
0
0
0
0
0
0
0
0
0
0
0
0
0
0
0
0
0
0
0
0
0
0
0
0
0
0
0
0
0
0
0
0
0
0
0
0
0
0
0
0
0
0
0
0
0
0
0
0
0
0
0
0
0
0
0
0
0
0
0
0
0
0
0
0
0
0
0
0
0
0
0
0
0
0
0
0
0
0
0
0
0
0
0
0
0
0
0
0
0
0
0
0
0
0
0
0
0
0
0
0
0
0
0
0
0
0
0
0
0
0
0
0
0
0
0
0
0
0
0
0
0
0
0
0
0
0
0
0
0
0
0
0
0
0
0
0
0
0
0
0
0
