218 372
110 106 5
134 214 3
157 198 4
124 18 2
185 13 2
176 6 3
81 71 3
55 20 3
24 104 4
103 190 2
158 1 3
72 37 3
77 159 3
201 49 3
57 42 4
53 74 3
166 75 2
14 47 5
163 62 5
159 22 3
158 12 4
66 90 3
145 209 4
38 76 3
45 51 3
38 207 4
105 114 3
35 120 2
71 182 3
212 184 3
15 98 5
79 196 3
27 84 2
36 101 2
150 93 4
215 10 3
108 116 3
135 96 3
10 77 3
107 82 1
56 107 3
195 114 4
133 194 3
40 68 3
129 193 4
45 39 2
98 214 2
23 92 5
196 168 2
211 212 3
20 3 4
155 125 2
100 39 5
198 44 2
56 209 4
123 183 3
200 41 2
197 58 4
152 61 4
85 7 2
108 75 2
1 106 3
92 201 3
35 7 4
58 87 3
89 127 5
76 169 3
155 62 2
133 33 3
118 9 4
175 30 4
123 212 4
48 164 2
112 169 4
217 91 2
168 2 5
65 89 3
32 155 4
131 167 4
131 48 3
198 86 5
216 95 3
217 185 2
153 58 3
67 103 3
11 173 3
130 32 3
191 145 3
91 47 3
179 11 3
179 12 3
97 19 3
39 51 1
134 175 4
148 137 3
31 125 2
6 214 4
29 15 3
118 4 3
47 217 2
88 186 3
180 114 4
94 165 3
141 44 1
181 69 3
61 202 2
5 80 5
16 84 3
161 119 6
139 147 3
91 13 2
95 45 5
170 102 6
173 110 4
121 48 3
20 207 3
33 162 4
68 188 3
1 210 3
27 200 4
126 138 2
143 216 3
142 69 4
181 12 5
177 128 4
139 177 2
34 96 2
200 16 3
74 88 2
173 12 4
156 101 4
84 159 3
164 172 3
208 14 3
4 9 4
186 151 4
135 184 2
8 144 4
169 207 4
78 144 3
2 111 3
189 201 3
185 43 4
192 108 4
151 218 2
152 188 2
118 150 2
49 97 2
164 59 3
37 142 4
11 183 3
155 31 4
111 79 4
195 140 2
74 186 2
121 59 2
61 120 3
125 199 4
59 131 3
206 149 2
167 138 3
36 44 4
81 46 4
71 129 5
8 146 5
117 154 2
212 96 3
24 167 3
119 170 4
178 80 4
116 182 3
146 209 3
145 49 5
28 2 3
85 140 4
187 103 4
213 17 3
148 73 3
50 151 3
96 211 3
157 213 5
26 161 3
88 53 2
177 46 5
203 213 4
25 196 2
142 128 3
107 168 2
52 33 3
196 82 1
87 43 6
120 85 2
50 77 3
128 181 3
128 132 3
109 180 3
152 130 4
21 19 5
81 90 2
133 216 3
90 108 3
25 82 1
86 57 2
57 203 3
55 207 3
202 152 1
138 104 3
127 206 1
18 210 3
17 203 2
34 89 2
218 74 3
64 126 3
21 154 2
104 56 4
189 144 3
127 65 2
157 86 3
195 180 3
153 93 3
44 156 4
45 124 4
194 162 4
192 160 2
115 37 5
75 192 3
166 160 3
7 10 4
137 29 3
180 55 5
112 116 2
217 13 2
162 216 3
166 146 3
28 25 2
148 60 3
111 113 5
110 158 3
40 35 3
190 187 2
60 202 3
26 170 3
78 204 4
102 176 3
201 8 5
143 115 4
206 65 2
53 182 4
102 136 6
38 169 3
14 43 4
140 35 3
149 65 4
27 77 4
208 174 2
98 175 3
132 99 2
79 82 5
98 30 2
47 79 5
36 171 4
59 48 3
60 73 4
21 117 2
188 60 3
218 50 4
52 194 5
168 28 1
178 101 3
148 68 2
2 154 3
63 123 4
99 135 4
195 218 3
122 209 3
25 107 2
82 28 2
197 70 3
156 171 4
51 100 3
34 211 3
136 137 3
189 204 4
88 182 3
100 83 4
4 54 4
106 83 3
174 113 5
191 21 3
172 121 3
5 213 3
204 72 3
183 63 4
146 122 4
193 132 5
70 87 1
150 9 3
73 130 6
66 75 3
105 190 3
139 78 2
210 69 3
30 22 2
197 93 3
191 19 4
112 76 3
138 64 2
124 51 3
3 165 4
185 24 3
141 157 3
67 165 3
151 41 2
163 5 3
115 95 5
7 215 4
32 80 4
109 20 2
26 136 3
23 33 4
16 193 3
67 54 2
42 203 4
199 61 4
175 22 3
4 42 3
147 177 4
54 94 4
172 94 3
181 99 3
163 178 3
89 211 2
38 3 3
72 139 2
194 143 4
122 126 4
85 10 3
205 134 3
166 192 2
137 40 4
147 78 2
97 117 4
92 52 2
18 1 6
124 83 4
171 141 3
160 112 3
114 199 5
97 191 2
205 149 5
70 58 4
187 17 3
76 64 3
17 42 3
13 24 4
193 41 3
205 6 3
15 215 3
19 23 3
161 15 5
176 119 2
40 29 2
206 63 3
105 109 5
215 30 5
34 84 3
62 31 2
46 129 3
9 153 4
67 187 4
184 179 3
66 144 3
10000
0
0
0
0
0
0
0
0
0
0
0
0
0
0
0
0
0
0
0
0
0
0
0
0
0
0
0
0
0
0
0
0
0
0
0
0
0
0
0
0
0
0
0
0
0
0
0
0
0
0
0
0
0
0
0
0
0
0
0
0
0
0
1
1 128
0
0
0
0
0
0
0
0
0
0
0
0
0
0
0
0
0
0
0
0
0
0
0
0
0
0
0
0
0
0
0
0
0
0
0
0
0
0
0
0
0
0
0
0
0
0
0
0
0
0
0
0
0
0
0
0
0
0
0
0
0
0
0
0
0
0
0
0
0
0
0
0
0
0
0
0
0
0
0
0
0
0
0
0
0
0
0
0
0
0
0
0
0
0
0
0
0
0
0
0
0
0
0
0
0
0
0
0
0
0
0
0
0
0
0
0
0
0
0
0
1
2 7
0
0
0
0
0
0
0
0
0
0
0
0
0
0
0
0
0
0
0
0
0
0
0
0
0
0
0
0
0
0
0
0
0
0
0
0
0
0
0
0
0
0
0
0
0
0
0
0
1
3 183
0
0
0
0
0
0
0
0
0
0
0
0
0
0
0
0
1
4 169
0
0
0
0
0
0
0
0
0
0
0
0
0
0
0
0
0
0
0
0
0
0
0
0
0
0
0
0
0
0
0
0
0
0
0
0
0
0
0
0
0
0
0
0
0
0
0
0
0
0
0
0
0
0
0
0
0
0
0
0
0
0
0
0
0
0
0
0
0
0
0
0
0
0
0
1
5 140
0
0
0
0
0
0
0
0
0
0
1
6 160
0
0
0
0
0
0
0
0
0
0
0
0
0
0
0
0
0
0
0
0
0
0
0
0
0
0
0
0
0
0
0
0
0
0
1
7 124
0
1
8 44
0
0
0
0
0
0
0
0
0
0
0
1
9 77
0
0
0
0
0
0
0
0
0
0
0
0
0
0
0
0
0
0
0
0
0
0
0
0
0
0
0
0
0
0
0
1
10 114
0
0
0
0
0
0
0
0
0
0
0
0
1
11 98
0
0
0
0
0
0
0
1
12 142
0
0
0
1
13 44
0
0
0
0
0
0
0
0
0
0
0
0
0
0
0
0
0
0
0
0
0
0
0
0
0
0
0
0
0
0
0
0
0
0
0
0
0
0
0
0
0
0
0
0
0
0
0
0
0
0
0
0
0
0
0
0
0
0
1
14 193
0
0
0
0
0
0
0
0
0
0
0
0
0
0
0
0
1
15 53
0
0
0
0
0
0
0
1
16 140
0
0
0
0
0
0
0
0
0
0
0
0
0
0
0
0
0
0
0
0
0
0
0
1
17 7
0
0
0
1
18 80
0
0
0
0
0
0
0
0
0
0
0
0
0
0
0
0
0
0
0
0
0
0
0
0
0
0
0
0
0
0
0
0
0
0
0
0
0
0
0
0
0
0
0
0
0
0
1
19 22
0
0
0
0
0
0
0
0
0
0
0
0
0
0
0
1
20 180
0
0
0
0
0
0
0
0
0
0
1
21 37
0
0
0
0
0
0
0
0
0
0
0
0
1
22 123
0
0
0
0
0
0
0
0
0
0
0
0
0
0
0
0
0
0
0
0
0
0
1
23 129
0
0
1
24 201
0
1
25 107
0
0
0
0
0
0
0
0
0
0
0
0
0
0
0
0
0
0
0
1
26 57
0
0
0
0
0
0
1
27 34
0
0
0
0
0
0
0
0
0
0
0
0
1
28 11
0
0
1
29 186
0
0
0
1
30 200
0
0
0
0
0
0
0
0
0
0
0
0
0
0
0
0
0
0
0
0
0
0
0
0
0
0
0
0
0
0
0
0
0
0
0
0
0
0
0
0
0
0
0
0
0
0
0
1
31 192
0
0
0
0
1
32 111
0
1
33 51
0
0
0
0
0
0
0
0
0
1
34 47
0
0
0
0
0
0
0
0
0
0
0
0
0
0
0
0
0
0
0
0
0
0
1
35 213
0
0
0
0
0
0
0
1
36 50
0
0
0
0
0
0
0
0
0
0
0
1
37 48
0
0
0
0
0
0
0
0
0
0
1
38 22
0
0
0
0
0
0
0
1
39 7
0
0
1
40 118
0
0
0
0
0
1
41 13
0
0
0
0
0
0
0
0
0
0
0
0
0
0
0
0
0
0
1
42 148
0
0
0
1
43 21
1
44 218
0
0
0
0
1
45 15
0
0
0
0
0
0
0
0
0
0
0
0
0
0
0
0
0
0
0
0
0
0
0
0
0
0
0
0
0
0
0
0
0
0
0
0
0
0
0
0
0
0
0
0
0
0
0
0
0
0
0
0
0
0
0
0
0
0
0
0
0
0
0
1
46 168
1
47 75
0
1
48 101
0
0
0
0
0
0
1
49 85
0
0
0
0
0
0
1
50 38
1
51 37
0
0
0
0
0
0
0
0
0
0
0
0
0
0
0
0
0
0
0
0
0
0
0
1
52 148
0
0
0
0
0
0
0
0
1
53 17
0
0
0
0
0
0
0
0
0
0
0
0
0
1
54 4
0
0
0
0
0
0
1
55 48
0
1
56 97
1
57 93
0
0
0
0
0
1
58 197
0
0
1
59 123
0
1
60 4
0
0
0
0
0
0
0
0
0
1
61 105
0
0
0
0
0
0
0
0
0
0
0
1
62 103
1
63 199
0
1
64 38
0
0
0
0
0
0
0
0
0
0
0
0
0
0
1
65 133
0
1
66 216
1
67 20
0
0
1
68 70
0
1
69 169
0
0
0
0
0
0
0
0
0
1
70 16
0
0
1
71 68
0
0
1
72 47
0
0
0
0
0
0
0
0
0
0
0
0
0
0
0
0
0
0
0
1
73 66
0
0
0
0
1
74 203
0
0
0
0
1
75 201
0
0
0
1
76 79
1
77 67
0
0
0
1
78 116
0
0
0
0
0
0
0
0
0
1
79 123
0
1
80 14
0
0
0
0
1
81 65
0
0
0
0
0
1
82 79
0
1
83 218
0
0
0
0
0
0
0
0
0
0
0
0
0
0
1
84 45
0
0
0
0
0
0
0
1
85 195
1
86 46
0
0
0
0
0
0
0
0
0
0
0
0
0
1
87 202
0
0
0
0
1
88 155
1
89 52
0
0
0
0
0
1
90 51
0
0
0
0
1
91 137
0
0
0
1
92 132
0
0
0
1
93 195
1
94 43
0
1
95 39
0
0
0
0
0
1
96 111
0
1
97 189
0
0
0
1
98 89
0
1
99 202
0
1
100 28
0
0
0
0
0
0
0
0
0
0
1
101 93
0
0
0
0
0
0
0
1
102 202
1
103 75
0
0
0
1
104 25
0
0
0
0
0
0
0
0
0
0
0
0
0
0
0
1
105 50
0
0
0
0
1
106 186
0
0
0
1
107 218
0
0
1
108 75
0
0
0
0
0
0
0
0
0
0
0
0
0
1
109 148
0
0
0
0
0
1
110 203
0
0
1
111 31
0
0
0
0
0
0
0
0
0
0
0
0
0
0
1
112 57
0
0
0
1
113 16
0
0
0
0
0
1
114 5
1
115 184
0
0
0
0
1
116 198
0
0
0
0
0
0
0
1
117 185
0
0
0
0
0
1
118 136
0
0
0
1
119 10
0
0
0
1
120 88
0
0
1
121 186
0
0
0
1
122 108
0
0
1
123 22
0
0
1
124 143
1
125 13
1
126 160
0
0
0
0
0
0
0
0
0
0
0
0
0
0
0
0
1
127 146
1
128 195
0
0
0
0
0
0
0
0
0
0
0
0
0
0
0
0
0
0
0
0
1
129 182
0
0
1
130 144
0
0
0
0
0
0
0
0
1
131 32
0
0
0
0
0
0
0
0
0
0
0
0
0
0
0
1
132 3
0
0
0
1
133 29
0
0
0
0
0
0
0
0
1
134 201
0
0
0
0
1
135 136
0
0
0
0
0
0
1
136 137
0
0
0
0
0
0
0
1
137 31
1
138 77
0
0
0
0
1
139 190
1
140 122
0
0
0
0
0
0
1
141 88
0
1
142 69
0
0
0
1
143 74
0
0
0
0
0
0
0
0
0
1
144 143
0
0
0
1
145 74
0
0
0
0
0
1
146 129
0
0
0
0
0
0
0
0
0
0
1
147 172
1
148 134
0
1
149 191
0
0
0
0
0
0
0
0
1
150 9
0
0
1
151 58
0
0
0
1
152 97
0
0
0
0
0
0
0
0
0
0
0
0
0
0
0
1
153 65
0
0
0
0
0
1
154 27
0
0
0
0
0
0
0
0
1
155 187
0
0
0
0
0
0
0
1
156 196
0
0
0
0
0
0
0
0
0
0
1
157 44
1
158 33
0
1
159 23
0
0
0
1
160 83
0
0
1
161 122
1
162 66
1
163 47
0
0
0
0
0
0
0
0
0
1
164 36
0
1
165 138
0
0
0
0
0
0
0
1
166 55
0
1
167 140
0
1
168 74
0
0
0
0
0
0
0
1
169 209
1
170 158
1
171 14
0
1
172 218
0
0
0
1
173 55
0
0
0
0
0
1
174 73
0
0
0
0
0
0
0
0
1
175 118
1
176 104
0
0
0
0
1
177 88
1
178 50
1
179 76
0
1
180 8
0
0
1
181 62
0
0
0
0
1
182 55
0
0
0
0
0
0
0
0
0
0
1
183 137
0
0
0
0
0
0
0
0
1
184 120
0
0
0
0
0
0
0
0
0
0
0
0
1
185 82
0
0
0
0
0
0
1
186 135
1
187 180
0
0
0
1
188 210
0
0
0
0
0
1
189 4
0
0
0
0
1
190 181
0
0
0
0
0
0
1
191 104
0
1
192 37
0
0
0
0
0
0
1
193 205
1
194 162
0
1
195 174
0
0
1
196 207
0
0
0
1
197 185
0
0
0
0
0
0
1
198 25
0
0
0
0
1
199 60
0
0
1
200 157
1
201 157
0
0
1
202 16
0
1
203 104
1
204 16
0
0
0
0
0
0
1
205 200
0
0
0
1
206 184
0
0
0
0
0
0
0
0
0
0
0
0
1
207 163
1
208 159
0
0
1
209 94
0
0
0
1
210 119
0
1
211 36
0
0
1
212 88
0
0
0
0
0
0
0
1
213 25
0
1
214 68
0
0
1
215 74
0
0
0
0
0
1
216 56
0
0
0
0
0
0
1
217 143
0
1
218 144
1
219 153
1
220 63
1
221 61
1
222 157
0
1
223 70
0
1
224 137
1
225 18
0
0
0
0
0
0
0
0
0
0
0
0
0
0
0
0
0
0
0
0
1
226 12
1
227 128
0
1
228 88
0
0
0
0
0
0
0
0
1
229 205
0
0
1
230 186
1
231 135
1
232 214
0
0
0
1
233 161
1
234 186
0
0
0
0
0
0
0
1
235 5
0
0
0
0
1
236 59
0
0
0
0
0
0
0
0
0
0
0
0
0
0
1
237 216
0
0
1
238 59
1
239 86
0
1
240 132
0
0
0
0
1
241 99
0
0
1
242 170
0
0
1
243 210
1
244 61
0
1
245 128
0
1
246 95
0
0
0
0
0
0
1
247 175
0
0
0
0
1
248 150
0
0
1
249 202
1
250 131
1
251 197
0
0
0
1
252 109
0
0
0
1
253 92
0
0
0
0
0
0
0
0
0
1
254 160
0
1
255 101
0
1
256 74
1
257 129
0
0
1
258 81
0
0
1
259 61
1
260 20
0
1
261 210
0
0
0
0
0
0
0
0
0
1
262 168
0
0
0
0
0
0
1
263 55
1
264 117
0
1
265 161
0
0
1
266 105
0
1
267 146
0
0
0
0
0
0
0
0
1
268 213
0
0
0
0
0
0
0
1
269 23
0
1
270 74
1
271 161
0
0
1
272 194
0
0
0
0
0
1
273 192
1
274 120
1
275 218
0
0
0
1
276 123
0
0
0
0
0
0
0
0
0
0
0
0
0
1
277 67
0
0
1
278 202
0
0
1
279 111
0
0
0
0
0
0
1
280 59
0
0
0
0
0
0
1
281 53
0
0
0
0
1
282 186
1
283 80
1
284 167
0
0
0
0
0
0
1
285 202
0
0
1
286 47
1
287 136
1
288 114
0
0
0
0
1
289 144
0
0
0
0
1
290 19
0
0
0
1
291 44
0
0
0
1
292 135
0
0
0
0
0
1
293 48
0
1
294 174
0
0
0
1
295 81
1
296 183
0
0
0
0
0
0
0
0
0
0
0
0
1
297 75
0
0
1
298 196
0
0
0
1
299 140
0
0
0
1
300 10
0
0
0
1
301 197
1
302 101
0
0
1
303 144
0
1
304 146
0
0
0
0
0
0
0
0
0
1
305 23
0
0
0
0
0
1
306 202
1
307 118
0
0
1
308 157
1
309 130
1
310 25
0
0
1
311 60
0
0
0
0
0
0
0
0
1
312 118
1
313 125
1
314 27
1
315 185
1
316 88
0
0
1
317 152
0
1
318 162
0
0
0
0
1
319 54
1
320 68
0
0
0
0
1
321 87
0
0
1
322 169
1
323 46
0
1
324 170
1
325 31
0
0
1
326 176
0
0
1
327 193
1
328 147
1
329 52
0
0
0
1
330 47
0
0
0
0
0
0
1
331 21
1
332 171
0
0
0
0
0
0
0
0
1
333 14
1
334 206
0
0
0
0
0
0
0
1
335 54
0
0
0
1
336 87
0
0
1
337 140
0
1
338 62
0
0
1
339 5
1
340 59
0
0
0
1
341 51
0
1
342 52
0
1
343 48
0
0
0
0
0
0
0
0
0
1
344 57
1
345 169
1
346 160
1
347 191
1
348 175
0
1
349 55
1
350 209
0
1
351 164
0
0
0
0
0
0
0
0
0
1
352 21
0
0
0
0
0
0
0
1
353 127
0
0
1
354 4
0
1
355 13
0
1
356 183
1
357 16
0
0
0
1
358 81
0
1
359 146
1
360 31
0
0
0
0
1
361 161
0
1
362 176
0
0
0
1
363 76
0
1
364 204
0
0
1
365 164
0
0
1
366 105
0
1
367 101
0
0
1
368 55
0
1
369 72
0
1
370 86
0
0
0
0
0
1
371 86
0
1
372 141
0
1
373 152
0
0
1
374 108
0
0
0
0
0
0
0
1
375 186
0
0
0
0
0
0
0
0
1
376 84
0
1
377 72
0
0
1
378 32
0
0
1
379 61
0
1
380 125
0
0
0
1
381 26
0
0
0
1
382 147
1
383 189
1
384 192
0
0
0
0
0
1
385 93
1
386 107
0
0
1
387 167
0
0
0
0
0
1
388 2
0
0
0
1
389 70
1
390 69
0
0
1
391 28
0
0
1
392 156
0
0
0
0
1
393 73
0
1
394 185
0
1
395 77
0
0
0
0
0
1
396 173
1
397 18
0
1
398 88
1
399 83
0
1
400 133
0
0
0
0
1
401 96
1
402 9
0
0
1
403 193
1
404 19
1
405 5
0
1
406 216
1
407 61
0
0
1
408 76
0
1
409 79
0
1
410 21
1
411 193
1
412 15
0
0
1
413 10
0
0
1
414 143
0
0
1
415 134
0
1
416 145
0
0
0
0
0
1
417 43
0
1
418 12
0
0
0
1
419 197
0
1
420 61
1
421 200
0
0
0
1
422 39
0
1
423 10
0
0
0
0
1
424 35
0
1
425 210
0
0
0
1
426 168
1
427 73
0
0
0
0
1
428 169
0
0
1
429 158
0
0
1
430 83
1
431 99
0
0
0
0
1
432 74
0
0
1
433 179
1
434 129
1
435 114
0
0
1
436 100
1
437 38
1
438 144
0
1
439 39
0
1
440 93
0
0
0
0
0
0
0
0
0
0
0
0
0
0
0
0
1
441 123
1
442 176
1
443 88
0
0
1
444 81
0
0
1
445 144
0
0
0
0
0
0
1
446 5
0
1
447 144
0
0
0
1
448 50
0
1
449 158
0
1
450 169
0
0
0
0
0
1
451 26
0
1
452 170
0
0
0
0
0
0
0
0
0
0
0
1
453 164
0
1
454 151
0
1
455 56
1
456 55
0
1
457 39
0
1
458 216
0
0
0
0
1
459 121
0
1
460 188
0
1
461 149
0
1
462 15
0
0
0
0
1
463 66
0
0
0
0
0
0
0
1
464 203
1
465 92
1
466 106
0
0
0
1
467 98
0
0
0
1
468 130
0
1
469 53
0
1
470 31
1
471 66
0
0
0
1
472 114
0
1
473 144
0
0
1
474 20
1
475 97
1
476 114
0
0
1
477 165
0
0
0
1
478 59
0
1
479 125
0
1
480 199
1
481 216
0
1
482 61
0
1
483 141
1
484 116
1
485 148
1
486 105
0
0
0
1
487 95
0
0
1
488 61
1
489 78
1
490 178
0
0
0
0
0
0
0
1
491 3
1
492 31
1
493 215
0
0
1
494 126
0
0
1
495 3
1
496 141
1
497 162
0
1
498 176
0
1
499 21
0
0
0
0
0
1
500 125
0
0
0
0
1
501 201
1
502 67
1
503 199
0
1
504 107
1
505 22
0
0
1
506 71
0
1
507 5
0
1
508 88
0
1
509 93
0
0
0
0
0
1
510 29
0
0
0
0
1
511 178
1
512 196
1
513 163
0
0
1
514 41
0
0
0
0
1
515 143
0
0
0
0
1
516 205
0
1
517 72
0
0
1
518 199
0
1
519 64
1
520 68
1
521 109
1
522 140
1
523 173
1
524 170
0
0
1
525 87
1
526 77
0
0
1
527 172
0
0
0
0
0
0
1
528 34
0
0
0
0
1
529 39
0
0
0
0
0
0
0
1
530 61
1
531 36
0
1
532 140
0
0
1
533 162
0
0
0
0
0
0
0
1
534 175
1
535 104
1
536 10
0
0
0
1
537 155
0
0
1
538 103
1
539 143
0
0
0
0
0
0
0
1
540 56
0
0
1
541 3
1
542 119
0
1
543 186
1
544 62
0
1
545 197
1
546 24
0
0
0
0
0
1
547 204
0
0
1
548 79
1
549 9
0
0
1
550 118
0
0
0
1
551 170
0
0
0
0
1
552 178
1
553 67
1
554 6
1
555 187
0
0
0
0
1
556 182
0
0
0
0
0
0
1
557 170
0
0
1
558 104
0
1
559 94
1
560 187
0
0
0
1
561 197
0
0
1
562 55
0
1
563 184
0
0
0
0
1
564 2
1
565 69
0
0
1
566 53
1
567 128
0
1
568 25
1
569 207
0
0
0
0
0
0
0
0
1
570 132
0
0
0
0
1
571 85
0
0
0
0
0
0
0
0
0
0
0
0
0
0
0
0
0
1
572 47
0
1
573 27
1
574 168
0
0
1
575 38
0
0
1
576 183
0
0
1
577 97
0
1
578 190
0
0
0
1
579 116
0
0
0
1
580 162
1
581 13
1
582 18
0
0
0
1
583 198
1
584 23
0
0
1
585 186
0
0
0
1
586 20
1
587 97
0
0
1
588 186
0
0
0
0
1
589 53
0
0
0
0
0
0
0
0
0
0
1
590 86
0
1
591 90
0
1
592 99
0
0
0
0
1
593 24
1
594 142
0
0
0
0
0
0
0
0
0
1
595 27
0
0
0
1
596 120
0
0
1
597 69
0
1
598 201
0
0
1
599 218
0
0
0
0
0
0
1
600 75
0
0
1
601 46
0
1
602 35
0
1
603 103
1
604 185
1
605 133
0
0
0
1
606 12
0
1
607 171
1
608 140
1
609 177
1
610 217
0
0
0
0
1
611 108
0
0
0
0
1
612 80
1
613 174
0
0
0
1
614 86
1
615 14
0
0
1
616 10
1
617 91
0
0
1
618 98
0
1
619 24
1
620 175
1
621 171
0
1
622 19
0
0
0
0
1
623 62
1
624 182
0
1
625 62
0
1
626 206
0
1
627 26
0
0
0
1
628 143
1
629 152
1
630 23
1
631 59
0
0
0
0
0
0
0
1
632 153
1
633 218
0
0
1
634 61
1
635 88
0
0
0
0
0
1
636 112
1
637 90
1
638 20
1
639 192
0
1
640 199
1
641 195
0
0
0
1
642 92
0
1
643 10
0
0
0
0
1
644 68
1
645 82
1
646 218
0
0
0
0
0
1
647 140
0
0
0
1
648 42
0
0
0
1
649 109
0
0
1
650 164
1
651 6
1
652 93
0
0
0
1
653 158
0
0
0
0
1
654 57
0
0
0
1
655 142
1
656 146
0
1
657 10
0
0
0
0
0
0
0
0
1
658 98
0
1
659 104
1
660 52
1
661 10
0
1
662 80
1
663 35
1
664 31
0
0
0
1
665 32
0
1
666 77
0
0
1
667 119
1
668 151
0
1
669 101
0
0
1
670 201
0
0
1
671 93
0
0
0
0
0
0
0
1
672 131
0
1
673 207
1
674 80
1
675 120
1
676 196
0
0
0
0
0
1
677 129
0
1
678 124
0
1
679 27
1
680 86
0
0
1
681 23
0
0
0
1
682 166
1
683 178
1
684 73
0
0
1
685 210
1
686 203
1
687 7
0
0
0
0
0
0
1
688 140
1
689 49
1
690 82
1
691 60
0
1
692 55
0
1
693 121
1
694 120
0
1
695 65
1
696 56
0
1
697 63
1
698 180
1
699 4
0
0
1
700 166
0
0
1
701 185
0
1
702 208
0
1
703 52
1
704 195
0
0
0
0
1
705 92
0
1
706 126
0
0
1
707 195
1
708 101
0
0
0
0
0
0
1
709 50
0
1
710 138
0
0
0
0
0
0
0
0
0
1
711 91
1
712 72
0
1
713 99
1
714 134
1
715 61
0
0
1
716 9
0
0
0
0
0
0
1
717 177
0
0
1
718 25
1
719 96
0
0
0
1
720 53
0
0
1
721 12
0
0
0
1
722 33
1
723 42
1
724 43
1
725 204
1
726 75
1
727 88
0
0
1
728 77
0
0
1
729 144
0
1
730 27
0
1
731 84
1
732 141
0
0
1
733 218
1
734 195
0
1
735 142
1
736 41
1
737 58
1
738 191
0
0
0
0
1
739 46
0
0
1
740 205
0
0
0
0
0
0
0
1
741 185
1
742 25
0
1
743 173
0
0
0
0
0
0
0
1
744 205
1
745 7
0
1
746 194
1
747 109
1
748 157
1
749 192
1
750 33
1
751 82
1
752 108
0
0
0
0
0
0
0
1
753 174
1
754 13
0
0
0
1
755 135
1
756 131
0
1
757 23
0
0
0
0
1
758 189
1
759 113
0
0
1
760 162
0
1
761 67
1
762 43
0
0
0
0
1
763 158
0
0
0
1
764 188
0
1
765 180
0
1
766 204
0
0
0
0
1
767 30
1
768 22
0
0
0
0
0
1
769 33
1
770 169
0
0
1
771 5
0
0
0
0
1
772 187
0
0
1
773 101
0
0
0
1
774 57
0
1
775 218
1
776 105
1
777 59
1
778 105
1
779 30
1
780 175
1
781 10
1
782 55
1
783 163
0
1
784 159
1
785 34
0
1
786 117
0
1
787 162
0
1
788 99
1
789 29
1
790 190
0
1
791 62
0
0
1
792 190
0
1
793 164
0
1
794 189
1
795 135
1
796 59
1
797 167
0
0
0
0
0
0
1
798 38
1
799 150
1
800 71
1
801 165
1
802 63
0
0
0
0
0
0
1
803 161
0
0
0
1
804 208
1
805 43
0
0
1
806 177
0
1
807 17
0
0
0
1
808 73
0
1
809 99
0
1
810 169
0
0
0
0
1
811 113
0
1
812 84
0
1
813 146
1
814 107
1
815 55
1
816 55
1
817 121
1
818 6
0
0
1
819 187
0
1
820 179
0
1
821 83
0
1
822 68
1
823 148
1
824 20
1
825 130
0
1
826 200
0
0
1
827 97
1
828 45
1
829 5
0
1
830 7
1
831 179
0
0
1
832 39
0
0
0
1
833 14
1
834 210
1
835 136
1
836 14
0
1
837 30
1
838 213
1
839 167
0
1
840 195
1
841 69
0
0
1
842 190
1
843 170
0
1
844 73
0
1
845 103
0
0
1
846 132
1
847 185
0
1
848 117
1
849 31
0
1
850 84
1
851 168
1
852 76
1
853 111
0
0
1
854 120
1
855 147
0
1
856 177
1
857 13
0
0
0
0
0
1
858 10
0
0
0
0
0
1
859 204
1
860 129
0
0
1
861 190
0
0
1
862 80
0
0
0
1
863 197
1
864 100
0
0
1
865 35
0
0
1
866 3
0
1
867 135
0
0
1
868 120
1
869 161
1
870 150
0
0
0
0
1
871 35
0
1
872 82
1
873 64
0
1
874 91
1
875 150
0
1
876 208
1
877 85
0
1
878 35
0
0
1
879 49
0
0
0
1
880 140
0
0
0
0
0
0
1
881 145
0
0
0
0
1
882 80
0
1
883 191
0
0
0
0
0
0
1
884 18
0
0
0
0
1
885 194
1
886 80
0
1
887 35
1
888 150
1
889 194
0
0
0
1
890 98
1
891 147
1
892 23
1
893 85
1
894 142
0
1
895 10
0
0
1
896 167
1
897 138
1
898 211
1
899 74
0
0
1
900 133
0
1
901 98
0
0
1
902 178
1
903 173
1
904 123
0
0
0
1
905 205
1
906 94
0
0
1
907 175
1
908 114
1
909 202
1
910 193
0
0
0
1
911 69
0
1
912 165
1
913 190
0
0
1
914 198
1
915 43
0
1
916 218
1
917 206
0
1
918 85
1
919 206
0
1
920 76
0
0
1
921 103
1
922 55
1
923 85
0
1
924 142
0
0
0
1
925 197
0
1
926 6
1
927 190
1
928 175
0
0
0
0
0
0
0
1
929 156
0
1
930 178
0
1
931 53
1
932 24
1
933 105
1
934 119
0
1
935 213
0
1
936 166
1
937 173
1
938 97
0
1
939 156
0
0
0
0
0
0
0
0
1
940 83
0
0
0
0
1
941 50
0
0
1
942 60
0
0
1
943 135
1
944 67
0
1
945 216
0
1
946 34
0
1
947 195
1
948 66
1
949 124
0
0
1
950 135
1
951 90
1
952 23
1
953 46
1
954 200
1
955 176
1
956 35
1
957 105
1
958 190
0
0
0
1
959 105
1
960 119
0
0
1
961 216
0
0
1
962 55
0
0
0
1
963 48
0
0
1
964 126
1
965 210
0
1
966 165
1
967 119
0
0
0
1
968 55
1
969 207
0
0
0
0
0
1
970 105
0
0
0
0
0
1
971 166
1
972 211
0
0
0
1
973 186
0
0
1
974 162
0
0
0
0
1
975 61
0
0
1
976 20
0
1
977 142
1
978 202
0
1
979 180
0
1
980 116
0
1
981 98
1
982 30
0
1
983 7
1
984 143
1
985 160
0
1
986 136
1
987 17
1
988 175
0
1
989 77
0
1
990 17
0
0
1
991 153
1
992 144
1
993 20
0
0
1
994 97
0
0
0
0
0
1
995 152
1
996 159
0
0
1
997 143
0
1
998 218
1
999 184
1
1000 180
0
0
1
1001 90
1
1002 50
0
1
1003 166
1
1004 125
1
1005 96
1
1006 20
0
1
1007 59
1
1008 218
1
1009 100
1
1010 120
1
1011 65
0
0
1
1012 192
1
1013 62
1
1014 17
1
1015 86
1
1016 55
0
1
1017 116
0
0
0
0
1
1018 67
0
1
1019 101
1
1020 176
1
1021 88
1
1022 198
1
1023 122
1
1024 121
1
1025 195
1
1026 184
1
1027 123
1
1028 160
1
1029 82
0
0
0
0
0
0
0
1
1030 171
0
1
1031 26
1
1032 216
1
1033 38
1
1034 63
0
1
1035 206
0
1
1036 56
0
1
1037 180
0
1
1038 84
1
1039 25
1
1040 174
0
1
1041 124
0
0
1
1042 185
0
1
1043 126
1
1044 25
0
0
1
1045 96
1
1046 119
0
0
0
1
1047 49
1
1048 79
1
1049 41
0
1
1050 113
0
1
1051 63
1
1052 21
0
1
1053 54
1
1054 178
0
0
1
1055 84
0
1
1056 208
1
1057 44
1
1058 156
1
1059 70
0
1
1060 16
1
1061 216
0
0
1
1062 207
0
0
1
1063 51
0
1
1064 68
0
1
1065 112
0
1
1066 193
0
0
1
1067 199
1
1068 39
0
1
1069 26
0
1
1070 4
0
1
1071 137
1
1072 38
0
0
1
1073 122
0
0
0
0
1
1074 47
1
1075 80
1
1076 170
1
1077 171
1
1078 195
1
1079 206
1
1080 216
1
1081 155
1
1082 214
1
1083 26
1
1084 8
1
1085 117
0
0
1
1086 161
1
1087 206
1
1088 188
0
1
1089 69
0
0
1
1090 209
1
1091 171
1
1092 133
0
1
1093 140
0
0
1
1094 61
0
1
1095 107
0
1
1096 58
1
1097 190
1
1098 171
1
1099 119
1
1100 90
1
1101 23
0
1
1102 2
1
1103 11
0
1
1104 119
1
1105 169
0
1
1106 71
0
1
1107 22
1
1108 216
1
1109 123
0
1
1110 120
1
1111 173
0
1
1112 132
1
1113 77
0
1
1114 7
0
1
1115 110
1
1116 189
1
1117 20
0
0
0
1
1118 120
1
1119 12
1
1120 51
1
1121 61
1
1122 106
1
1123 139
0
0
0
1
1124 3
1
1125 77
0
1
1126 125
0
0
0
0
1
1127 90
0
0
1
1128 10
0
1
1129 47
1
1130 61
1
1131 202
0
1
1132 35
1
1133 103
1
1134 53
1
1135 58
0
0
0
0
0
1
1136 53
1
1137 138
0
1
1138 181
1
1139 68
1
1140 88
0
1
1141 140
0
0
0
0
0
1
1142 111
0
0
1
1143 105
1
1144 44
1
1145 204
1
1146 161
0
1
1147 105
1
1148 202
1
1149 74
0
0
0
1
1150 186
0
0
1
1151 25
1
1152 52
1
1153 157
0
1
1154 181
0
1
1155 97
1
1156 14
1
1157 36
0
1
1158 68
0
0
0
1
1159 69
1
1160 117
1
1161 4
0
1
1162 6
0
0
1
1163 159
0
1
1164 83
1
1165 209
1
1166 125
1
1167 120
0
0
1
1168 145
0
0
0
1
1169 210
1
1170 92
0
1
1171 25
0
1
1172 180
1
1173 182
0
0
0
1
1174 81
1
1175 30
0
0
0
0
1
1176 165
1
1177 176
1
1178 202
1
1179 211
0
1
1180 214
1
1181 148
1
1182 42
1
1183 15
0
1
1184 109
0
0
0
1
1185 171
0
1
1186 16
0
1
1187 209
0
1
1188 191
1
1189 206
1
1190 183
0
0
0
0
1
1191 218
1
1192 88
0
0
1
1193 61
0
0
0
1
1194 70
0
1
1195 94
0
1
1196 77
0
1
1197 117
0
0
1
1198 142
1
1199 56
0
1
1200 54
0
1
1201 102
0
1
1202 61
1
1203 155
0
1
1204 119
1
1205 206
1
1206 60
1
1207 44
0
0
1
1208 212
0
1
1209 9
1
1210 28
0
1
1211 142
0
1
1212 161
1
1213 172
0
1
1214 106
0
0
0
0
0
1
1215 140
0
0
0
0
0
0
0
1
1216 7
0
0
0
1
1217 12
1
1218 66
1
1219 64
1
1220 15
1
1221 152
0
1
1222 180
1
1223 86
1
1224 186
1
1225 78
0
0
0
0
0
0
1
1226 81
0
0
1
1227 107
1
1228 55
0
0
0
1
1229 102
1
1230 39
0
1
1231 15
1
1232 57
1
1233 133
1
1234 197
1
1235 96
1
1236 161
1
1237 96
1
1238 175
0
1
1239 91
1
1240 61
1
1241 193
0
0
1
1242 131
0
0
0
1
1243 35
1
1244 40
0
1
1245 114
1
1246 211
0
1
1247 99
0
0
0
1
1248 136
0
1
1249 61
0
0
1
1250 28
0
0
0
1
1251 178
0
1
1252 214
0
1
1253 168
1
1254 218
0
0
1
1255 126
0
0
1
1256 53
0
0
1
1257 133
0
1
1258 117
0
1
1259 204
1
1260 208
0
0
1
1261 124
1
1262 185
0
0
1
1263 94
0
0
1
1264 52
1
1265 125
1
1266 192
1
1267 207
1
1268 212
0
0
0
1
1269 103
0
1
1270 170
1
1271 172
0
1
1272 131
1
1273 36
0
1
1274 47
0
1
1275 195
1
1276 113
0
1
1277 105
1
1278 187
1
1279 168
0
0
0
1
1280 77
1
1281 20
0
1
1282 113
1
1283 61
1
1284 111
1
1285 22
0
1
1286 128
0
1
1287 184
0
0
0
1
1288 14
1
1289 190
1
1290 218
1
1291 87
0
0
1
1292 34
1
1293 70
1
1294 169
1
1295 211
1
1296 100
0
1
1297 62
0
0
1
1298 131
1
1299 117
1
1300 65
0
0
1
1301 218
1
1302 147
0
1
1303 215
1
1304 169
1
1305 4
1
1306 15
0
0
1
1307 50
1
1308 135
1
1309 88
1
1310 147
0
1
1311 19
1
1312 25
1
1313 148
0
1
1314 122
0
1
1315 9
1
1316 84
1
1317 190
1
1318 7
1
1319 59
1
1320 17
1
1321 92
0
0
1
1322 58
0
0
0
0
1
1323 161
0
1
1324 7
0
1
1325 149
1
1326 213
1
1327 106
1
1328 195
1
1329 15
1
1330 142
1
1331 81
1
1332 104
1
1333 35
0
1
1334 88
1
1335 71
1
1336 162
1
1337 83
0
1
1338 130
0
1
1339 198
0
0
1
1340 119
1
1341 118
0
0
0
1
1342 191
1
1343 69
1
1344 193
0
0
1
1345 59
1
1346 53
1
1347 35
1
1348 141
1
1349 183
0
1
1350 119
0
0
0
0
1
1351 204
1
1352 22
1
1353 54
0
0
1
1354 140
0
1
1355 20
1
1356 82
0
0
0
1
1357 80
0
1
1358 195
1
1359 145
1
1360 159
0
0
1
1361 190
1
1362 142
0
0
0
1
1363 120
1
1364 68
0
0
1
1365 120
1
1366 4
0
1
1367 66
1
1368 39
0
1
1369 182
1
1370 175
0
0
0
1
1371 107
1
1372 31
1
1373 105
0
1
1374 157
1
1375 160
1
1376 207
0
0
1
1377 52
0
1
1378 199
1
1379 167
1
1380 25
1
1381 165
1
1382 156
0
1
1383 125
0
0
1
1384 88
1
1385 197
0
1
1386 119
1
1387 64
1
1388 77
1
1389 87
1
1390 92
1
1391 97
1
1392 194
0
1
1393 128
1
1394 25
1
1395 27
1
1396 55
1
1397 75
0
0
1
1398 143
1
1399 103
1
1400 202
0
0
1
1401 117
1
1402 126
1
1403 49
1
1404 50
0
0
0
0
1
1405 179
0
1
1406 55
0
1
1407 89
1
1408 150
0
0
1
1409 26
1
1410 178
0
1
1411 198
1
1412 202
0
1
1413 207
0
0
0
0
1
1414 8
1
1415 21
0
1
1416 166
1
1417 191
1
1418 112
1
1419 130
0
1
1420 190
0
0
0
1
1421 162
1
1422 74
0
0
1
1423 176
0
0
0
0
0
0
1
1424 103
1
1425 140
1
1426 55
1
1427 95
1
1428 47
0
0
1
1429 206
1
1430 194
1
1431 9
1
1432 12
0
1
1433 39
0
1
1434 192
0
1
1435 77
1
1436 130
0
0
1
1437 102
1
1438 198
1
1439 169
1
1440 13
1
1441 149
0
0
0
1
1442 214
0
1
1443 196
0
1
1444 190
1
1445 192
1
1446 58
1
1447 38
1
1448 69
1
1449 82
1
1450 38
1
1451 184
1
1452 103
1
1453 207
1
1454 78
1
1455 169
0
1
1456 109
1
1457 156
1
1458 124
0
1
1459 27
1
1460 18
0
0
0
0
1
1461 112
0
1
1462 94
1
1463 38
0
0
0
0
0
1
1464 175
1
1465 85
0
1
1466 68
1
1467 42
0
1
1468 23
0
1
1469 194
1
1470 56
0
0
1
1471 105
0
1
1472 103
1
1473 198
1
1474 83
0
0
1
1475 127
0
0
0
1
1476 35
0
1
1477 86
1
1478 137
1
1479 159
1
1480 114
0
1
1481 65
0
1
1482 122
1
1483 191
0
0
1
1484 63
0
0
1
1485 161
1
1486 189
1
1487 50
0
0
0
0
0
0
0
0
1
1488 188
0
1
1489 134
1
1490 71
1
1491 138
1
1492 41
0
1
1493 60
0
1
1494 23
1
1495 199
1
1496 151
1
1497 216
1
1498 10
0
1
1499 129
1
1500 172
0
1
1501 211
1
1502 81
0
1
1503 131
1
1504 12
0
0
1
1505 97
1
1506 79
1
1507 168
0
1
1508 201
0
0
0
1
1509 106
0
0
1
1510 177
0
1
1511 174
1
1512 115
1
1513 89
1
1514 50
1
1515 182
0
1
1516 5
1
1517 135
0
0
1
1518 166
1
1519 180
1
1520 197
1
1521 191
1
1522 164
1
1523 80
1
1524 32
1
1525 40
1
1526 43
0
1
1527 172
1
1528 105
1
1529 187
1
1530 137
1
1531 53
1
1532 126
1
1533 158
1
1534 199
1
1535 63
0
1
1536 10
1
1537 112
1
1538 49
1
1539 114
1
1540 211
1
1541 173
1
1542 128
0
0
0
0
1
1543 207
1
1544 43
1
1545 55
1
1546 180
1
1547 12
1
1548 179
0
1
1549 66
0
1
1550 101
1
1551 216
1
1552 167
1
1553 119
0
0
1
1554 190
0
1
1555 20
0
0
1
1556 177
1
1557 157
1
1558 87
1
1559 108
1
1560 112
1
1561 20
1
1562 216
1
1563 137
1
1564 62
1
1565 90
1
1566 88
0
0
0
0
1
1567 192
1
1568 75
1
1569 212
1
1570 32
1
1571 141
1
1572 12
1
1573 195
1
1574 190
1
1575 199
1
1576 79
1
1577 169
0
0
1
1578 25
1
1579 151
1
1580 111
1
1581 69
1
1582 13
1
1583 18
1
1584 29
1
1585 92
1
1586 174
1
1587 209
1
1588 12
1
1589 194
1
1590 29
0
1
1591 64
1
1592 20
1
1593 7
0
1
1594 211
1
1595 161
0
1
1596 102
1
1597 188
0
1
1598 63
0
0
0
1
1599 191
1
1600 67
1
1601 203
1
1602 127
1
1603 91
1
1604 43
1
1605 127
1
1606 190
0
0
1
1607 163
1
1608 48
1
1609 22
1
1610 199
1
1611 185
1
1612 180
1
1613 132
0
0
1
1614 39
1
1615 28
1
1616 28
1
1617 47
1
1618 118
1
1619 40
0
1
1620 38
0
1
1621 95
0
1
1622 115
1
1623 206
0
1
1624 86
1
1625 101
1
1626 169
0
0
1
1627 8
0
1
1628 10
1
1629 207
1
1630 84
1
1631 73
1
1632 55
1
1633 160
0
1
1634 203
0
0
1
1635 177
0
1
1636 196
1
1637 195
1
1638 15
1
1639 144
1
1640 88
0
1
1641 73
1
1642 106
1
1643 108
1
1644 97
1
1645 66
1
1646 151
1
1647 13
1
1648 23
1
1649 88
0
1
1650 203
1
1651 144
1
1652 218
0
1
1653 99
1
1654 162
1
1655 200
0
1
1656 65
1
1657 194
1
1658 35
0
0
1
1659 137
0
1
1660 109
1
1661 131
1
1662 148
0
0
1
1663 74
1
1664 56
0
1
1665 188
0
1
1666 193
0
1
1667 13
1
1668 130
1
1669 64
1
1670 195
0
1
1671 112
0
1
1672 68
0
0
0
0
1
1673 61
1
1674 154
1
1675 214
0
1
1676 197
0
0
1
1677 51
1
1678 121
1
1679 21
1
1680 56
0
0
1
1681 213
1
1682 18
1
1683 49
1
1684 140
0
1
1685 75
0
0
0
0
0
1
1686 182
0
0
1
1687 38
0
0
1
1688 101
0
1
1689 64
0
1
1690 205
1
1691 22
1
1692 6
1
1693 190
1
1694 21
0
0
0
1
1695 68
1
1696 20
1
1697 130
1
1698 100
0
0
1
1699 16
1
1700 179
1
1701 191
1
1702 165
1
1703 148
1
1704 167
1
1705 111
1
1706 176
1
1707 97
0
1
1708 38
0
1
1709 105
1
1710 106
0
1
1711 80
0
1
1712 109
1
1713 121
0
1
1714 137
0
1
1715 88
1
1716 33
1
1717 105
1
1718 177
0
0
1
1719 46
1
1720 51
1
1721 169
1
1722 124
1
1723 88
0
1
1724 22
0
0
1
1725 78
1
1726 120
0
1
1727 116
1
1728 170
0
1
1729 76
1
1730 182
0
0
0
0
1
1731 53
0
1
1732 170
1
1733 141
1
1734 58
0
0
0
0
1
1735 131
1
1736 123
0
0
0
1
1737 133
1
1738 121
1
1739 195
1
1740 108
1
1741 169
0
1
1742 141
0
1
1743 190
0
0
1
1744 65
1
1745 43
1
1746 71
1
1747 48
1
1748 146
1
1749 45
1
1750 55
0
1
1751 151
0
1
1752 133
0
1
1753 88
1
1754 139
0
1
1755 61
1
1756 90
1
1757 85
1
1758 84
1
1759 144
0
1
1760 167
1
1761 207
0
1
1762 149
1
1763 190
1
1764 44
0
0
1
1765 65
0
1
1766 214
1
1767 53
1
1768 50
1
1769 164
1
1770 136
1
1771 32
1
1772 50
1
1773 140
1
1774 124
1
1775 108
0
1
1776 176
1
1777 128
1
1778 189
1
1779 144
0
1
1780 100
1
1781 188
0
1
1782 125
0
1
1783 157
1
1784 204
0
0
1
1785 201
1
1786 118
1
1787 161
1
1788 188
0
1
1789 111
1
1790 9
0
1
1791 128
0
1
1792 5
1
1793 10
0
1
1794 55
0
0
1
1795 40
0
1
1796 62
1
1797 153
1
1798 122
1
1799 85
1
1800 95
1
1801 140
0
1
1802 169
1
1803 20
1
1804 106
1
1805 49
0
0
1
1806 4
0
1
1807 149
1
1808 37
0
0
0
1
1809 13
1
1810 166
1
1811 74
1
1812 94
1
1813 218
1
1814 44
0
1
1815 180
1
1816 81
1
1817 124
1
1818 74
1
1819 34
0
0
1
1820 124
0
1
1821 131
0
0
1
1822 125
1
1823 184
1
1824 106
0
1
1825 160
1
1826 22
1
1827 66
1
1828 28
1
1829 12
0
1
1830 22
0
0
0
1
1831 61
1
1832 125
1
1833 13
1
1834 18
1
1835 111
0
0
0
1
1836 122
1
1837 46
1
1838 158
1
1839 45
1
1840 76
0
1
1841 45
1
1842 29
0
1
1843 54
1
1844 140
0
1
1845 203
1
1846 126
0
1
1847 69
1
1848 118
1
1849 105
1
1850 37
0
1
1851 142
1
1852 71
1
1853 178
1
1854 126
0
0
1
1855 14
1
1856 170
1
1857 144
1
1858 182
0
1
1859 121
0
1
1860 28
1
1861 14
0
1
1862 137
1
1863 170
1
1864 52
1
1865 167
1
1866 78
1
1867 193
1
1868 67
1
1869 116
1
1870 74
1
1871 79
0
1
1872 60
1
1873 29
1
1874 52
1
1875 217
0
1
1876 192
1
1877 31
0
0
1
1878 141
1
1879 173
0
0
1
1880 129
1
1881 114
0
1
1882 66
0
1
1883 19
1
1884 25
0
0
0
0
1
1885 5
1
1886 2
1
1887 71
1
1888 140
0
0
1
1889 128
0
1
1890 50
1
1891 99
0
1
1892 17
1
1893 49
0
0
1
1894 159
0
1
1895 208
1
1896 170
1
1897 121
1
1898 173
0
0
1
1899 161
0
0
1
1900 179
0
1
1901 78
1
1902 186
1
1903 155
0
1
1904 184
0
0
1
1905 7
1
1906 67
1
1907 112
1
1908 165
0
1
1909 37
1
1910 151
0
1
1911 50
1
1912 28
1
1913 26
1
1914 100
1
1915 116
1
1916 175
1
1917 190
1
1918 77
1
1919 13
0
1
1920 17
1
1921 23
0
0
1
1922 176
1
1923 93
1
1924 90
0
1
1925 47
0
1
1926 180
1
1927 82
0
0
0
1
1928 77
1
1929 74
1
1930 193
1
1931 178
1
1932 115
1
1933 43
0
0
0
0
1
1934 67
1
1935 140
0
1
1936 131
0
1
1937 163
0
0
1
1938 8
1
1939 20
1
1940 207
1
1941 177
1
1942 83
1
1943 186
0
1
1944 64
1
1945 131
0
1
1946 147
1
1947 123
1
1948 140
0
1
1949 186
1
1950 42
1
1951 59
1
1952 24
1
1953 137
0
1
1954 8
1
1955 68
1
1956 215
1
1957 194
0
1
1958 216
1
1959 207
1
1960 190
1
1961 86
1
1962 115
1
1963 171
1
1964 38
0
1
1965 110
1
1966 24
1
1967 202
1
1968 133
1
1969 139
0
1
1970 44
1
1971 161
1
1972 126
1
1973 103
1
1974 192
0
0
0
0
1
1975 196
1
1976 80
1
1977 51
0
1
1978 9
1
1979 178
1
1980 5
1
1981 77
1
1982 77
1
1983 166
0
1
1984 166
1
1985 74
1
1986 154
0
0
1
1987 186
1
1988 111
1
1989 35
1
1990 135
0
1
1991 124
0
1
1992 120
1
1993 132
1
1994 126
1
1995 7
1
1996 38
1
1997 75
0
1
1998 7
1
1999 10
0
0
0
0
0
0
1
2000 18
1
2001 180
1
2002 18
0
1
2003 151
1
2004 14
0
0
0
0
1
2005 170
1
2006 210
0
1
2007 66
1
2008 189
1
2009 172
1
2010 171
1
2011 77
1
2012 129
1
2013 186
1
2014 154
0
0
1
2015 73
1
2016 9
0
1
2017 22
1
2018 146
1
2019 86
1
2020 212
1
2021 115
0
1
2022 200
0
1
2023 173
0
0
0
0
1
2024 127
1
2025 167
0
1
2026 105
1
2027 5
1
2028 158
1
2029 40
1
2030 211
1
2031 136
0
1
2032 56
1
2033 214
0
1
2034 136
1
2035 125
1
2036 97
1
2037 212
1
2038 17
1
2039 65
0
1
2040 4
1
2041 53
1
2042 190
1
2043 38
1
2044 85
1
2045 47
1
2046 184
1
2047 202
1
2048 44
1
2049 24
1
2050 142
1
2051 5
1
2052 72
1
2053 94
1
2054 211
1
2055 195
0
1
2056 196
1
2057 115
0
0
1
2058 86
1
2059 59
1
2060 151
1
2061 47
1
2062 190
0
1
2063 17
1
2064 129
1
2065 159
0
0
0
0
0
1
2066 118
1
2067 89
1
2068 218
1
2069 85
0
1
2070 10
1
2071 208
1
2072 38
1
2073 36
1
2074 217
1
2075 35
0
1
2076 187
1
2077 38
0
1
2078 42
0
1
2079 3
1
2080 138
1
2081 199
1
2082 156
0
1
2083 41
1
2084 15
1
2085 60
1
2086 125
0
1
2087 208
1
2088 190
1
2089 200
0
1
2090 118
1
2091 79
0
1
2092 121
1
2093 10
1
2094 3
1
2095 29
1
2096 23
0
0
1
2097 216
0
0
1
2098 62
1
2099 61
1
2100 77
1
2101 179
1
2102 126
1
2103 124
0
1
2104 146
1
2105 169
1
2106 108
1
2107 202
1
2108 195
1
2109 37
1
2110 60
1
2111 6
0
1
2112 99
1
2113 138
1
2114 102
0
1
2115 174
1
2116 161
0
1
2117 121
1
2118 39
0
1
2119 195
0
1
2120 20
0
1
2121 85
0
1
2122 105
1
2123 20
1
2124 46
1
2125 58
1
2126 79
1
2127 110
1
2128 85
0
1
2129 75
1
2130 22
1
2131 217
1
2132 23
1
2133 19
1
2134 175
1
2135 208
1
2136 83
1
2137 28
1
2138 31
1
2139 157
1
2140 9
1
2141 43
1
2142 69
1
2143 45
1
2144 160
0
1
2145 65
1
2146 201
1
2147 53
1
2148 58
1
2149 92
1
2150 24
0
1
2151 30
1
2152 98
1
2153 172
0
1
2154 126
0
1
2155 144
1
2156 103
1
2157 65
1
2158 6
1
2159 47
1
2160 176
1
2161 212
1
2162 170
1
2163 126
1
2164 73
0
1
2165 135
1
2166 193
1
2167 178
1
2168 76
1
2169 153
1
2170 103
1
2171 87
1
2172 203
1
2173 68
1
2174 65
0
0
1
2175 174
0
1
2176 103
1
2177 20
0
1
2178 143
1
2179 138
0
1
2180 164
1
2181 87
1
2182 87
1
2183 41
0
0
1
2184 29
1
2185 218
1
2186 53
0
1
2187 40
1
2188 82
0
1
2189 32
1
2190 90
0
1
2191 28
1
2192 184
0
1
2193 56
0
1
2194 85
1
2195 214
1
2196 175
1
2197 149
1
2198 79
1
2199 183
1
2200 77
1
2201 12
0
0
1
2202 108
1
2203 193
1
2204 126
0
1
2205 50
1
2206 213
1
2207 190
1
2208 170
1
2209 61
1
2210 14
1
2211 208
0
1
2212 173
1
2213 45
1
2214 109
1
2215 172
1
2216 119
0
1
2217 119
1
2218 120
1
2219 143
1
2220 146
1
2221 67
0
1
2222 34
1
2223 36
1
2224 2
1
2225 17
1
2226 40
1
2227 97
1
2228 218
1
2229 196
0
1
2230 17
1
2231 27
1
2232 81
1
2233 183
1
2234 43
1
2235 68
0
1
2236 132
1
2237 16
1
2238 146
1
2239 39
0
1
2240 174
0
1
2241 74
1
2242 152
1
2243 171
1
2244 176
0
1
2245 156
0
0
1
2246 132
0
1
2247 138
1
2248 51
1
2249 122
0
1
2250 158
1
2251 55
1
2252 29
1
2253 157
1
2254 193
0
0
1
2255 140
1
2256 68
1
2257 47
1
2258 135
0
1
2259 174
1
2260 7
1
2261 35
1
2262 88
1
2263 34
0
1
2264 64
1
2265 110
1
2266 85
1
2267 166
1
2268 196
0
0
0
1
2269 5
0
1
2270 101
1
2271 13
1
2272 88
1
2273 130
1
2274 83
1
2275 45
1
2276 3
1
2277 105
1
2278 130
1
2279 212
0
0
1
2280 210
1
2281 186
0
1
2282 86
1
2283 186
1
2284 126
1
2285 62
1
2286 104
1
2287 9
0
1
2288 39
1
2289 100
1
2290 130
1
2291 25
1
2292 215
1
2293 124
0
1
2294 47
1
2295 56
1
2296 144
1
2297 67
1
2298 26
1
2299 73
1
2300 94
0
1
2301 159
0
0
1
2302 10
1
2303 77
1
2304 199
0
1
2305 72
1
2306 52
1
2307 41
1
2308 2
1
2309 88
1
2310 128
1
2311 15
1
2312 115
1
2313 90
1
2314 207
0
1
2315 16
1
2316 34
1
2317 32
0
1
2318 53
0
1
2319 38
1
2320 35
0
1
2321 100
1
2322 183
1
2323 141
0
1
2324 78
1
2325 20
1
2326 8
1
2327 10
1
2328 18
1
2329 141
1
2330 158
1
2331 212
1
2332 155
1
2333 120
1
2334 216
1
2335 165
0
1
2336 72
0
1
2337 218
1
2338 10
1
2339 119
0
1
2340 83
1
2341 11
1
2342 85
1
2343 154
1
2344 90
0
1
2345 74
1
2346 115
1
2347 201
1
2348 63
1
2349 62
1
2350 175
1
2351 143
1
2352 207
0
1
2353 209
1
2354 7
0
1
2355 99
1
2356 176
1
2357 69
1
2358 88
1
2359 25
1
2360 120
0
0
1
2361 169
1
2362 53
1
2363 120
1
2364 198
1
2365 50
1
2366 121
1
2367 7
1
2368 38
1
2369 215
1
2370 55
0
1
2371 132
1
2372 124
1
2373 23
1
2374 24
1
2375 134
1
2376 127
0
1
2377 192
1
2378 79
1
2379 47
1
2380 105
1
2381 120
1
2382 116
1
2383 207
1
2384 153
1
2385 46
1
2386 60
1
2387 208
1
2388 4
1
2389 198
0
1
2390 79
1
2391 55
1
2392 187
1
2393 140
0
1
2394 84
0
1
2395 86
1
2396 58
1
2397 65
0
1
2398 104
0
1
2399 45
1
2400 109
1
2401 198
0
1
2402 20
0
1
2403 189
0
0
1
2404 130
1
2405 189
1
2406 139
1
2407 93
1
2408 47
1
2409 74
0
0
1
2410 25
1
2411 135
1
2412 87
1
2413 105
1
2414 2
1
2415 3
1
2416 140
0
0
1
2417 149
0
1
2418 67
0
1
2419 102
1
2420 93
0
1
2421 132
1
2422 42
0
1
2423 208
0
1
2424 63
1
2425 39
1
2426 30
1
2427 182
0
1
2428 17
1
2429 41
1
2430 5
0
1
2431 68
0
1
2432 180
1
2433 132
1
2434 140
1
2435 203
1
2436 23
1
2437 187
1
2438 76
1
2439 15
1
2440 14
0
0
1
2441 134
1
2442 214
1
2443 83
1
2444 76
1
2445 128
0
1
2446 69
1
2447 50
1
2448 211
1
2449 81
0
1
2450 53
1
2451 198
1
2452 207
0
1
2453 38
1
2454 191
0
0
1
2455 29
1
2456 47
1
2457 86
0
1
2458 184
1
2459 45
0
1
2460 181
1
2461 145
1
2462 180
0
1
2463 201
1
2464 101
1
2465 174
1
2466 30
0
1
2467 53
1
2468 180
1
2469 207
1
2470 178
1
2471 209
1
2472 96
1
2473 53
1
2474 104
1
2475 124
1
2476 18
0
1
2477 210
0
1
2478 179
1
2479 91
1
2480 128
1
2481 120
1
2482 156
1
2483 20
1
2484 95
1
2485 194
1
2486 52
0
1
2487 210
1
2488 168
1
2489 202
1
2490 120
1
2491 161
1
2492 178
1
2493 77
0
0
1
2494 27
1
2495 177
0
1
2496 40
1
2497 119
1
2498 3
1
2499 90
0
1
2500 125
1
2501 98
1
2502 56
0
1
2503 180
1
2504 7
1
2505 144
1
2506 137
1
2507 198
1
2508 83
1
2509 113
1
2510 146
1
2511 152
0
1
2512 186
1
2513 48
0
1
2514 114
1
2515 22
1
2516 127
1
2517 192
1
2518 93
0
1
2519 74
1
2520 70
1
2521 28
1
2522 163
1
2523 112
1
2524 170
1
2525 160
0
1
2526 74
0
1
2527 2
0
0
1
2528 139
1
2529 172
0
1
2530 14
1
2531 9
1
2532 76
0
0
0
0
1
2533 27
1
2534 22
0
1
2535 85
1
2536 90
0
1
2537 55
1
2538 114
1
2539 182
1
2540 202
1
2541 155
1
2542 207
1
2543 206
1
2544 65
0
1
2545 105
1
2546 213
1
2547 178
1
2548 132
0
1
2549 164
0
1
2550 187
1
2551 102
1
2552 31
1
2553 213
1
2554 179
1
2555 72
1
2556 38
1
2557 100
1
2558 203
1
2559 58
1
2560 12
1
2561 110
1
2562 68
1
2563 159
1
2564 41
0
1
2565 160
0
0
0
0
1
2566 111
1
2567 176
1
2568 47
1
2569 172
1
2570 61
1
2571 76
1
2572 83
0
1
2573 50
0
0
1
2574 55
1
2575 190
1
2576 197
1
2577 119
1
2578 10
1
2579 202
1
2580 174
1
2581 46
0
1
2582 62
0
1
2583 31
1
2584 145
1
2585 88
1
2586 164
1
2587 37
1
2588 186
1
2589 212
1
2590 10
1
2591 54
1
2592 105
1
2593 58
0
1
2594 91
1
2595 171
1
2596 68
1
2597 156
1
2598 181
1
2599 79
1
2600 103
1
2601 59
1
2602 25
1
2603 164
1
2604 146
1
2605 95
1
2606 81
0
1
2607 182
1
2608 132
1
2609 94
1
2610 217
1
2611 55
1
2612 67
0
1
2613 202
1
2614 9
1
2615 138
1
2616 53
1
2617 64
1
2618 179
1
2619 166
0
0
0
1
2620 161
1
2621 87
1
2622 114
0
0
0
0
1
2623 214
1
2624 168
1
2625 72
1
2626 138
0
1
2627 112
1
2628 35
1
2629 211
0
1
2630 167
1
2631 129
1
2632 103
1
2633 82
1
2634 29
0
0
1
2635 127
1
2636 189
1
2637 46
1
2638 91
1
2639 51
0
1
2640 7
0
1
2641 199
1
2642 143
1
2643 43
1
2644 168
1
2645 150
1
2646 137
1
2647 142
1
2648 29
1
2649 57
0
0
1
2650 184
1
2651 193
1
2652 115
1
2653 43
1
2654 63
0
1
2655 168
1
2656 166
1
2657 70
1
2658 178
1
2659 218
0
1
2660 85
1
2661 112
0
0
1
2662 36
1
2663 187
1
2664 180
1
2665 140
1
2666 5
1
2667 124
0
1
2668 129
1
2669 18
1
2670 60
1
2671 146
1
2672 61
1
2673 102
1
2674 217
1
2675 146
1
2676 30
1
2677 139
1
2678 87
1
2679 130
1
2680 185
0
1
2681 108
1
2682 145
0
1
2683 88
1
2684 38
1
2685 63
1
2686 176
1
2687 91
1
2688 209
1
2689 40
1
2690 84
1
2691 207
1
2692 108
0
1
2693 85
1
2694 124
0
1
2695 140
1
2696 55
1
2697 202
1
2698 143
1
2699 17
1
2700 22
1
2701 120
1
2702 10
1
2703 52
0
1
2704 86
1
2705 103
1
2706 86
1
2707 58
1
2708 199
1
2709 200
0
1
2710 24
1
2711 138
1
2712 195
1
2713 55
0
1
2714 2
1
2715 90
1
2716 58
1
2717 166
1
2718 59
1
2719 76
1
2720 74
0
1
2721 12
1
2722 185
0
1
2723 209
1
2724 108
1
2725 101
0
0
1
2726 125
0
0
1
2727 218
1
2728 74
1
2729 163
1
2730 43
1
2731 92
0
0
1
2732 199
1
2733 207
1
2734 37
0
1
2735 161
1
2736 201
1
2737 143
1
2738 161
1
2739 28
1
2740 216
1
2741 31
0
1
2742 32
1
2743 7
1
2744 50
1
2745 10
1
2746 6
1
2747 162
1
2748 34
1
2749 19
1
2750 187
1
2751 180
1
2752 36
1
2753 180
1
2754 174
0
1
2755 80
1
2756 122
1
2757 61
1
2758 209
1
2759 6
1
2760 122
1
2761 108
1
2762 156
1
2763 71
1
2764 8
1
2765 7
1
2766 38
1
2767 130
1
2768 42
1
2769 182
1
2770 158
0
1
2771 183
1
2772 211
1
2773 105
1
2774 121
1
2775 56
1
2776 107
1
2777 124
0
1
2778 144
0
1
2779 115
1
2780 91
1
2781 7
1
2782 38
1
2783 166
0
0
1
2784 108
1
2785 172
0
0
1
2786 143
0
0
1
2787 79
1
2788 39
1
2789 182
1
2790 12
1
2791 110
1
2792 109
0
1
2793 186
1
2794 11
1
2795 33
1
2796 53
1
2797 140
1
2798 74
1
2799 14
1
2800 16
1
2801 32
1
2802 63
1
2803 30
1
2804 98
0
1
2805 63
1
2806 158
1
2807 74
1
2808 53
1
2809 158
1
2810 29
0
1
2811 170
1
2812 101
1
2813 6
1
2814 174
0
1
2815 61
1
2816 39
1
2817 111
1
2818 43
1
2819 200
1
2820 9
1
2821 187
1
2822 68
1
2823 148
0
1
2824 74
1
2825 71
1
2826 140
0
1
2827 11
0
1
2828 190
1
2829 217
1
2830 105
1
2831 197
1
2832 65
1
2833 180
0
1
2834 218
1
2835 138
1
2836 63
1
2837 94
1
2838 123
0
0
1
2839 188
1
2840 4
1
2841 210
1
2842 35
1
2843 176
0
1
2844 196
1
2845 27
0
0
1
2846 61
1
2847 10
1
2848 7
1
2849 116
1
2850 196
1
2851 145
1
2852 100
1
2853 195
1
2854 133
1
2855 146
1
2856 7
0
0
0
0
0
1
2857 217
1
2858 95
1
2859 181
1
2860 87
1
2861 23
1
2862 50
1
2863 72
0
1
2864 130
1
2865 25
1
2866 74
1
2867 129
0
1
2868 78
1
2869 89
1
2870 134
1
2871 148
1
2872 136
1
2873 195
1
2874 76
1
2875 135
1
2876 73
1
2877 104
1
2878 140
1
2879 198
1
2880 119
0
1
2881 153
1
2882 120
1
2883 161
1
2884 165
1
2885 95
1
2886 113
1
2887 22
1
2888 177
0
1
2889 132
1
2890 124
1
2891 211
0
1
2892 199
1
2893 23
0
1
2894 48
1
2895 99
1
2896 158
1
2897 28
1
2898 87
1
2899 90
1
2900 179
1
2901 195
0
1
2902 74
1
2903 34
1
2904 131
1
2905 145
1
2906 108
1
2907 159
1
2908 53
1
2909 186
1
2910 5
1
2911 125
1
2912 165
1
2913 199
1
2914 10
1
2915 67
0
1
2916 35
1
2917 65
1
2918 104
1
2919 47
1
2920 111
1
2921 121
1
2922 19
1
2923 63
0
1
2924 123
1
2925 101
0
0
1
2926 176
1
2927 212
1
2928 154
1
2929 202
1
2930 129
0
1
2931 29
1
2932 90
1
2933 153
1
2934 116
1
2935 103
1
2936 35
0
1
2937 209
1
2938 131
1
2939 186
1
2940 10
1
2941 167
1
2942 162
1
2943 100
1
2944 69
1
2945 108
1
2946 157
1
2947 192
1
2948 94
1
2949 17
1
2950 218
1
2951 2
1
2952 55
1
2953 143
0
1
2954 93
1
2955 215
1
2956 17
1
2957 154
1
2958 142
1
2959 30
1
2960 89
1
2961 85
1
2962 104
1
2963 108
1
2964 50
1
2965 55
1
2966 77
1
2967 143
1
2968 53
1
2969 198
1
2970 16
1
2971 198
1
2972 143
1
2973 86
0
1
2974 85
1
2975 216
0
1
2976 142
0
1
2977 86
1
2978 209
0
1
2979 130
1
2980 176
1
2981 84
1
2982 166
1
2983 32
0
0
1
2984 198
1
2985 29
1
2986 74
1
2987 177
1
2988 39
1
2989 114
1
2990 158
1
2991 51
1
2992 196
1
2993 79
1
2994 19
0
1
2995 185
1
2996 50
1
2997 118
1
2998 54
1
2999 140
1
3000 104
1
3001 36
1
3002 74
0
1
3003 194
1
3004 94
1
3005 147
1
3006 63
1
3007 194
0
1
3008 89
1
3009 98
1
3010 30
1
3011 161
1
3012 104
1
3013 55
1
3014 109
1
3015 25
1
3016 15
1
3017 33
1
3018 47
0
1
3019 101
1
3020 114
1
3021 178
1
3022 114
1
3023 210
0
1
3024 197
1
3025 146
1
3026 124
1
3027 201
1
3028 79
1
3029 88
1
3030 168
1
3031 22
1
3032 7
1
3033 38
0
1
3034 178
1
3035 43
1
3036 141
1
3037 79
1
3038 202
1
3039 201
0
1
3040 36
1
3041 189
1
3042 78
1
3043 109
1
3044 201
1
3045 186
1
3046 38
1
3047 53
1
3048 55
1
3049 148
1
3050 5
1
3051 204
1
3052 110
1
3053 218
0
1
3054 16
1
3055 22
1
3056 6
1
3057 181
1
3058 207
1
3059 160
0
1
3060 177
1
3061 144
1
3062 41
1
3063 164
0
0
1
3064 88
1
3065 9
1
3066 129
1
3067 12
1
3068 85
1
3069 12
1
3070 156
1
3071 163
0
1
3072 84
1
3073 176
1
3074 174
0
1
3075 41
1
3076 7
1
3077 159
1
3078 211
0
1
3079 72
1
3080 10
1
3081 128
1
3082 168
1
3083 198
0
1
3084 86
1
3085 18
1
3086 180
1
3087 111
0
0
1
3088 16
1
3089 217
0
1
3090 21
1
3091 125
1
3092 31
1
3093 47
1
3094 207
1
3095 140
1
3096 214
0
1
3097 172
1
3098 22
1
3099 85
1
3100 78
1
3101 32
1
3102 28
1
3103 51
1
3104 170
1
3105 50
1
3106 43
1
3107 9
1
3108 184
0
1
3109 119
1
3110 29
1
3111 32
1
3112 195
1
3113 151
1
3114 211
1
3115 10
1
3116 216
1
3117 194
0
1
3118 141
0
1
3119 81
1
3120 54
1
3121 5
1
3122 50
1
3123 163
1
3124 50
1
3125 156
1
3126 125
0
1
3127 131
0
1
3128 52
1
3129 193
0
1
3130 101
1
3131 105
1
3132 20
1
3133 74
1
3134 3
1
3135 161
1
3136 191
1
3137 17
1
3138 180
1
3139 116
1
3140 86
1
3141 214
1
3142 18
1
3143 187
1
3144 152
1
3145 79
1
3146 44
0
1
3147 138
1
3148 87
1
3149 167
1
3150 84
1
3151 180
1
3152 95
1
3153 35
1
3154 47
1
3155 214
0
1
3156 24
1
3157 66
0
1
3158 58
1
3159 200
1
3160 178
1
3161 50
1
3162 44
1
3163 194
1
3164 39
1
3165 163
1
3166 182
1
3167 46
0
1
3168 31
1
3169 30
1
3170 41
1
3171 125
1
3172 33
1
3173 62
1
3174 147
1
3175 60
1
3176 92
1
3177 189
1
3178 152
1
3179 51
1
3180 66
1
3181 12
1
3182 59
1
3183 39
1
3184 152
1
3185 137
1
3186 20
1
3187 134
1
3188 11
1
3189 84
1
3190 180
1
3191 13
1
3192 89
1
3193 174
1
3194 82
1
3195 41
1
3196 24
1
3197 202
1
3198 91
1
3199 155
1
3200 58
1
3201 190
1
3202 30
1
3203 115
1
3204 68
0
1
3205 60
1
3206 32
1
3207 97
1
3208 26
1
3209 4
1
3210 10
1
3211 168
1
3212 49
1
3213 76
1
3214 130
1
3215 167
1
3216 182
1
3217 38
0
1
3218 136
1
3219 200
1
3220 5
1
3221 135
1
3222 50
0
0
1
3223 65
1
3224 115
1
3225 115
1
3226 127
0
1
3227 132
1
3228 215
1
3229 79
1
3230 21
1
3231 172
1
3232 103
1
3233 193
1
3234 27
1
3235 188
0
1
3236 68
0
1
3237 200
1
3238 149
1
3239 73
1
3240 43
0
0
1
3241 101
1
3242 63
1
3243 186
1
3244 202
1
3245 5
1
3246 125
1
3247 84
1
3248 178
1
3249 151
0
1
3250 143
0
1
3251 10
0
1
3252 88
1
3253 10
1
3254 72
1
3255 40
1
3256 110
1
3257 23
1
3258 202
1
3259 119
1
3260 152
1
3261 17
1
3262 23
1
3263 168
1
3264 55
1
3265 38
1
3266 144
1
3267 202
1
3268 179
1
3269 169
1
3270 169
1
3271 190
1
3272 178
1
3273 77
0
1
3274 199
1
3275 63
1
3276 131
1
3277 216
1
3278 121
1
3279 169
1
3280 97
0
0
1
3281 79
1
3282 156
1
3283 85
1
3284 217
1
3285 67
0
1
3286 140
1
3287 20
1
3288 98
1
3289 44
0
1
3290 120
1
3291 48
1
3292 162
1
3293 68
1
3294 25
1
3295 207
1
3296 38
1
3297 15
1
3298 42
1
3299 183
1
3300 13
1
3301 188
1
3302 89
1
3303 38
1
3304 146
1
3305 169
1
3306 85
1
3307 94
1
3308 129
1
3309 147
1
3310 100
1
3311 208
0
1
3312 149
1
3313 3
1
3314 61
1
3315 165
1
3316 8
1
3317 181
1
3318 111
1
3319 191
1
3320 170
1
3321 157
0
0
1
3322 205
1
3323 56
0
0
1
3324 118
1
3325 85
1
3326 23
1
3327 8
1
3328 213
1
3329 165
1
3330 111
1
3331 61
0
1
3332 138
1
3333 159
1
3334 7
1
3335 108
1
3336 35
1
3337 152
1
3338 55
1
3339 44
0
1
3340 85
1
3341 110
1
3342 180
1
3343 57
1
3344 211
1
3345 55
1
3346 184
1
3347 36
1
3348 186
1
3349 166
1
3350 34
1
3351 155
1
3352 33
1
3353 8
1
3354 207
1
3355 146
1
3356 149
1
3357 178
1
3358 127
1
3359 99
1
3360 195
1
3361 96
1
3362 68
1
3363 180
1
3364 7
1
3365 38
0
1
3366 196
1
3367 50
1
3368 10
1
3369 135
1
3370 204
1
3371 44
1
3372 117
1
3373 82
1
3374 203
1
3375 137
1
3376 135
1
3377 121
1
3378 155
1
3379 27
1
3380 177
1
3381 204
1
3382 140
1
3383 204
1
3384 110
1
3385 140
1
3386 158
1
3387 52
1
3388 170
1
3389 43
1
3390 79
1
3391 161
1
3392 92
1
3393 131
1
3394 8
1
3395 22
1
3396 194
1
3397 69
0
1
3398 57
1
3399 143
1
3400 82
1
3401 85
1
3402 133
1
3403 204
1
3404 62
1
3405 176
1
3406 208
1
3407 88
1
3408 60
1
3409 62
1
3410 65
1
3411 113
1
3412 143
1
3413 114
1
3414 30
1
3415 171
0
1
3416 39
1
3417 72
1
3418 4
1
3419 203
1
3420 59
1
3421 169
1
3422 182
1
3423 80
1
3424 68
1
3425 95
1
3426 202
1
3427 161
1
3428 131
1
3429 38
1
3430 141
1
3431 91
0
1
3432 14
1
3433 88
1
3434 179
1
3435 10
1
3436 205
1
3437 31
1
3438 140
1
3439 162
1
3440 16
1
3441 164
0
1
3442 88
1
3443 28
1
3444 141
1
3445 87
1
3446 105
1
3447 71
1
3448 188
1
3449 209
1
3450 64
1
3451 90
1
3452 91
1
3453 103
1
3454 94
1
3455 205
1
3456 2
1
3457 151
1
3458 207
1
3459 53
0
1
3460 62
0
0
1
3461 68
1
3462 213
1
3463 97
1
3464 215
1
3465 122
1
3466 7
1
3467 69
1
3468 200
1
3469 118
1
3470 17
1
3471 115
1
3472 120
1
3473 187
1
3474 9
1
3475 209
1
3476 71
1
3477 170
1
3478 204
1
3479 149
1
3480 85
1
3481 135
1
3482 58
1
3483 120
1
3484 61
1
3485 88
1
3486 187
1
3487 119
1
3488 106
1
3489 177
1
3490 174
1
3491 106
1
3492 31
1
3493 8
1
3494 127
0
0
1
3495 142
1
3496 145
1
3497 195
1
3498 151
1
3499 191
1
3500 32
1
3501 64
1
3502 129
1
3503 125
1
3504 140
1
3505 98
1
3506 193
1
3507 191
1
3508 14
1
3509 65
1
3510 8
0
0
1
3511 105
1
3512 174
1
3513 9
1
3514 185
1
3515 7
1
3516 88
0
1
3517 12
1
3518 190
1
3519 166
1
3520 168
1
3521 54
1
3522 99
1
3523 209
1
3524 45
1
3525 105
1
3526 82
1
3527 180
1
3528 51
0
1
3529 20
1
3530 165
1
3531 88
1
3532 56
1
3533 133
1
3534 49
1
3535 5
1
3536 116
1
3537 159
1
3538 193
1
3539 24
1
3540 55
1
3541 189
1
3542 88
0
1
3543 217
0
1
3544 215
1
3545 115
1
3546 54
1
3547 191
1
3548 45
1
3549 25
1
3550 195
1
3551 140
1
3552 173
1
3553 62
1
3554 28
1
3555 12
1
3556 169
1
3557 84
1
3558 23
1
3559 178
1
3560 21
1
3561 173
1
3562 9
1
3563 50
1
3564 146
0
0
1
3565 108
1
3566 110
1
3567 151
1
3568 167
1
3569 175
1
3570 144
1
3571 207
1
3572 74
1
3573 102
1
3574 93
1
3575 183
1
3576 151
1
3577 63
1
3578 105
1
3579 167
1
3580 186
1
3581 208
1
3582 168
1
3583 8
1
3584 92
1
3585 106
1
3586 207
1
3587 45
1
3588 68
1
3589 132
1
3590 83
1
3591 97
1
3592 107
1
3593 205
1
3594 56
1
3595 212
1
3596 64
1
3597 158
1
3598 90
1
3599 136
1
3600 207
1
3601 140
1
3602 131
1
3603 35
1
3604 14
1
3605 186
1
3606 132
1
3607 36
1
3608 111
1
3609 143
1
3610 99
1
3611 209
1
3612 20
1
3613 68
1
3614 97
1
3615 51
0
1
3616 190
1
3617 119
1
3618 16
1
3619 44
1
3620 157
1
3621 60
1
3622 49
1
3623 172
1
3624 102
1
3625 55
1
3626 123
1
3627 119
1
3628 146
1
3629 26
1
3630 136
1
3631 201
1
3632 172
1
3633 143
1
3634 116
1
3635 180
1
3636 88
1
3637 2
1
3638 59
1
3639 63
1
3640 105
1
3641 29
1
3642 36
1
3643 154
1
3644 195
1
3645 50
1
3646 29
1
3647 196
1
3648 68
1
3649 149
1
3650 89
1
3651 179
1
3652 22
1
3653 156
1
3654 54
1
3655 120
1
3656 209
1
3657 118
1
3658 88
1
3659 150
1
3660 218
1
3661 202
1
3662 82
1
3663 199
1
3664 108
1
3665 118
1
3666 68
1
3667 112
1
3668 127
1
3669 139
1
3670 31
1
3671 109
1
3672 38
1
3673 59
1
3674 60
1
3675 210
1
3676 120
1
3677 202
1
3678 164
1
3679 202
1
3680 84
1
3681 149
1
3682 57
1
3683 67
1
3684 179
1
3685 40
1
3686 195
1
3687 22
1
3688 124
1
3689 108
1
3690 205
1
3691 211
1
3692 7
1
3693 73
1
3694 171
0
1
3695 100
1
3696 139
1
3697 193
1
3698 92
1
3699 28
1
3700 5
1
3701 53
1
3702 145
1
3703 13
1
3704 100
1
3705 207
1
3706 140
1
3707 186
1
3708 159
1
3709 100
1
3710 109
1
3711 123
1
3712 57
1
3713 126
1
3714 166
1
3715 95
1
3716 122
1
3717 33
1
3718 105
1
3719 146
1
3720 182
0
1
3721 199
1
3722 7
1
3723 32
1
3724 113
1
3725 77
1
3726 214
1
3727 61
1
3728 146
1
3729 15
1
3730 20
1
3731 50
1
3732 105
1
3733 94
1
3734 87
1
3735 178
1
3736 196
1
3737 57
1
3738 18
1
3739 62
1
3740 183
1
3741 218
1
3742 107
1
3743 174
1
3744 202
1
3745 129
1
3746 129
1
3747 71
1
3748 25
1
3749 51
1
3750 193
1
3751 194
1
3752 138
1
3753 53
1
3754 94
1
3755 91
1
3756 26
1
3757 173
1
3758 55
1
3759 133
1
3760 155
1
3761 42
1
3762 214
1
3763 150
1
3764 73
1
3765 202
1
3766 77
1
3767 145
1
3768 78
1
3769 215
1
3770 77
1
3771 141
1
3772 128
1
3773 141
1
3774 151
1
3775 180
1
3776 210
1
3777 183
1
3778 18
1
3779 215
1
3780 5
1
3781 186
1
3782 121
1
3783 48
1
3784 53
1
3785 71
1
3786 110
1
3787 128
1
3788 98
1
3789 2
1
3790 40
1
3791 207
1
3792 24
1
3793 50
1
3794 112
1
3795 111
1
3796 164
1
3797 7
1
3798 118
1
3799 18
1
3800 136
1
3801 187
1
3802 186
1
3803 16
1
3804 117
1
3805 105
1
3806 20
1
3807 16
1
3808 202
1
3809 99
1
3810 105
1
3811 34
1
3812 53
1
3813 12
1
3814 60
1
3815 99
1
3816 3
1
3817 67
1
3818 23
0
1
3819 160
1
3820 202
1
3821 117
1
3822 42
1
3823 17
1
3824 215
1
3825 68
1
3826 200
1
3827 154
1
3828 120
1
3829 104
1
3830 195
1
3831 164
1
3832 115
1
3833 198
1
3834 99
1
3835 77
1
3836 11
1
3837 181
1
3838 140
1
3839 210
1
3840 210
1
3841 7
1
3842 144
1
3843 186
1
3844 4
1
3845 197
1
3846 120
1
3847 190
1
3848 213
1
3849 192
1
3850 28
1
3851 197
1
3852 47
1
3853 175
1
3854 42
1
3855 150
1
3856 90
1
3857 74
1
3858 188
1
3859 29
1
3860 51
1
3861 74
1
3862 77
1
3863 79
1
3864 140
1
3865 97
1
3866 211
1
3867 71
1
3868 113
0
1
3869 105
1
3870 179
1
3871 55
1
3872 140
1
3873 40
1
3874 156
1
3875 38
1
3876 10
1
3877 7
1
3878 176
1
3879 175
0
1
3880 211
1
3881 136
1
3882 202
1
3883 18
1
3884 215
1
3885 218
1
3886 50
1
3887 124
1
3888 75
1
3889 15
1
3890 207
1
3891 95
1
3892 141
1
3893 95
1
3894 38
1
3895 24
1
3896 139
1
3897 154
1
3898 54
1
3899 107
1
3900 20
1
3901 79
1
3902 163
1
3903 96
1
3904 86
1
3905 112
1
3906 134
1
3907 97
1
3908 208
1
3909 70
1
3910 187
1
3911 118
1
3912 202
1
3913 165
1
3914 158
1
3915 54
1
3916 46
1
3917 77
1
3918 146
1
3919 55
1
3920 37
1
3921 4
1
3922 144
1
3923 92
1
3924 30
1
3925 118
1
3926 28
1
3927 13
1
3928 22
1
3929 105
1
3930 119
1
3931 33
1
3932 172
1
3933 127
1
3934 39
1
3935 196
1
3936 195
1
3937 19
1
3938 164
1
3939 169
1
3940 104
1
3941 98
1
3942 77
1
3943 173
1
3944 207
1
3945 163
1
3946 150
1
3947 213
1
3948 116
1
3949 212
1
3950 199
1
3951 195
1
3952 203
1
3953 31
1
3954 77
1
3955 107
1
3956 53
1
3957 125
1
3958 118
1
3959 208
1
3960 184
1
3961 152
1
3962 144
1
3963 43
1
3964 11
1
3965 143
1
3966 3
1
3967 10
1
3968 43
1
3969 103
1
3970 7
1
3971 4
1
3972 209
1
3973 181
1
3974 61
1
3975 75
1
3976 180
1
3977 188
1
3978 55
1
3979 118
1
3980 39
1
3981 33
1
3982 23
1
3983 87
1
3984 190
1
3985 139
1
3986 172
1
3987 30
1
3988 199
1
3989 116
1
3990 63
1
3991 81
1
3992 207
1
3993 71
1
3994 212
1
3995 35
1
3996 132
1
3997 114
1
3998 36
1
3999 55
1
4000 127
1
4001 124
1
4002 199
1
4003 74
1
4004 79
1
4005 169
1
4006 11
1
4007 105
1
4008 105
1
4009 43
1
4010 124
1
4011 68
1
4012 34
1
4013 60
1
4014 111
1
4015 183
1
4016 80
1
4017 58
1
4018 119
1
4019 194
1
4020 169
1
4021 190
1
4022 188
1
4023 196
1
4024 114
1
4025 18
1
4026 105
1
4027 194
1
4028 127
1
4029 7
1
4030 79
1
4031 109
1
4032 11
1
4033 155
1
4034 43
1
4035 156
1
4036 191
1
4037 127
0
1
4038 122
1
4039 114
1
4040 178
1
4041 88
1
4042 73
1
4043 28
1
4044 185
1
4045 55
1
4046 76
1
4047 74
1
4048 52
1
4049 159
1
4050 172
1
4051 63
1
4052 161
1
4053 27
1
4054 80
0
1
4055 185
1
4056 25
1
4057 35
1
4058 180
1
4059 192
1
4060 131
1
4061 35
1
4062 124
1
4063 48
1
4064 185
0
1
4065 85
1
4066 7
1
4067 67
1
4068 123
0
1
4069 156
1
4070 169
1
4071 26
1
4072 199
0
1
4073 121
1
4074 64
0
1
4075 113
1
4076 199
1
4077 55
1
4078 114
1
4079 149
1
4080 76
1
4081 149
1
4082 74
1
4083 121
1
4084 13
1
4085 30
1
4086 131
0
0
1
4087 57
1
4088 35
1
4089 38
1
4090 99
1
4091 111
1
4092 201
1
4093 58
1
4094 69
1
4095 205
1
4096 109
1
4097 50
1
4098 40
1
4099 162
1
4100 120
0
1
4101 75
1
4102 89
1
4103 160
1
4104 212
1
4105 187
1
4106 22
1
4107 198
1
4108 148
1
4109 17
1
4110 29
1
4111 184
1
4112 162
1
4113 210
1
4114 45
1
4115 197
1
4116 72
1
4117 89
1
4118 196
0
1
4119 68
0
1
4120 58
1
4121 10
1
4122 212
1
4123 43
1
4124 94
1
4125 213
1
4126 131
1
4127 203
1
4128 126
1
4129 128
1
4130 128
1
4131 19
0
1
4132 190
1
4133 162
1
4134 50
1
4135 88
1
4136 105
1
4137 85
1
4138 28
1
4139 37
0
0
1
4140 204
1
4141 67
1
4142 20
1
4143 55
1
4144 197
1
4145 166
1
4146 136
1
4147 196
1
4148 190
1
4149 194
1
4150 101
1
4151 134
1
4152 36
1
4153 186
1
4154 53
1
4155 111
1
4156 139
0
1
4157 195
1
4158 69
1
4159 147
1
4160 22
1
4161 207
1
4162 174
1
4163 13
1
4164 107
1
4165 2
1
4166 169
1
4167 209
1
4168 53
1
4169 119
0
1
4170 200
1
4171 104
1
4172 28
1
4173 218
1
4174 9
1
4175 87
1
4176 116
1
4177 15
1
4178 64
0
1
4179 155
1
4180 67
1
4181 202
1
4182 190
1
4183 122
1
4184 192
1
4185 104
1
4186 74
1
4187 87
0
1
4188 113
1
4189 170
1
4190 181
1
4191 127
1
4192 49
1
4193 159
1
4194 41
1
4195 100
0
1
4196 77
1
4197 188
1
4198 88
1
4199 70
1
4200 120
1
4201 134
1
4202 52
1
4203 118
1
4204 146
1
4205 8
1
4206 111
1
4207 204
1
4208 5
1
4209 103
1
4210 210
1
4211 56
1
4212 144
1
4213 107
1
4214 85
1
4215 186
1
4216 169
0
0
1
4217 20
1
4218 25
1
4219 53
1
4220 136
0
1
4221 146
1
4222 91
1
4223 60
0
0
0
0
1
4224 194
0
1
4225 62
0
1
4226 195
0
0
1
4227 214
1
4228 40
1
4229 14
0
1
4230 39
1
4231 138
0
1
4232 119
1
4233 36
1
4234 89
1
4235 120
1
4236 209
1
4237 134
1
4238 107
1
4239 209
1
4240 34
1
4241 39
1
4242 136
1
4243 218
1
4244 193
1
4245 174
1
4246 190
1
4247 183
1
4248 210
1
4249 146
1
4250 158
0
1
4251 116
1
4252 178
1
4253 65
0
0
1
4254 199
1
4255 18
0
1
4256 162
1
4257 168
1
4258 85
0
0
1
4259 65
0
1
4260 112
0
1
4261 39
1
4262 90
1
4263 160
1
4264 177
0
1
4265 107
1
4266 105
1
4267 195
1
4268 38
1
4269 77
1
4270 44
1
4271 211
1
4272 152
1
4273 186
1
4274 179
0
1
4275 121
1
4276 35
1
4277 52
1
4278 33
1
4279 85
1
4280 71
1
4281 135
1
4282 35
0
1
4283 208
1
4284 140
0
1
4285 142
1
4286 54
1
4287 118
1
4288 215
1
4289 113
1
4290 109
1
4291 213
1
4292 205
1
4293 186
1
4294 52
1
4295 35
0
1
4296 85
0
1
4297 38
1
4298 80
0
1
4299 76
0
1
4300 60
1
4301 139
1
4302 74
1
4303 10
1
4304 146
1
4305 27
1
4306 77
1
4307 29
0
0
0
1
4308 100
1
4309 83
1
4310 126
1
4311 199
1
4312 45
0
1
4313 178
1
4314 186
1
4315 101
0
1
4316 173
1
4317 107
0
1
4318 72
0
0
1
4319 82
1
4320 211
1
4321 10
1
4322 128
1
4323 124
0
0
1
4324 193
1
4325 98
0
0
1
4326 50
1
4327 98
1
4328 102
1
4329 124
1
4330 184
0
1
4331 9
0
1
4332 99
0
1
4333 136
1
4334 114
1
4335 157
0
1
4336 3
1
4337 44
0
1
4338 130
1
4339 168
1
4340 166
1
4341 119
1
4342 88
0
1
4343 218
1
4344 92
1
4345 177
1
4346 10
1
4347 70
1
4348 2
1
4349 15
1
4350 68
1
4351 45
1
4352 155
1
4353 42
1
4354 191
0
1
4355 85
0
1
4356 40
1
4357 72
1
4358 65
1
4359 85
0
1
4360 53
1
4361 193
1
4362 85
1
4363 61
0
1
4364 101
1
4365 74
1
4366 137
1
4367 188
0
1
4368 172
1
4369 138
1
4370 179
1
4371 59
1
4372 120
1
4373 77
0
0
1
4374 175
1
4375 87
1
4376 195
1
4377 131
1
4378 117
0
1
4379 89
1
4380 105
0
1
4381 90
0
1
4382 18
1
4383 59
1
4384 38
1
4385 151
1
4386 11
1
4387 65
1
4388 50
0
1
4389 26
1
4390 6
0
1
4391 179
1
4392 177
0
1
4393 30
1
4394 187
1
4395 85
1
4396 15
0
0
0
1
4397 69
1
4398 135
1
4399 120
1
4400 50
1
4401 69
0
1
4402 110
0
1
4403 120
0
1
4404 89
1
4405 168
0
1
4406 125
1
4407 126
0
1
4408 69
1
4409 155
0
1
4410 81
1
4411 112
0
0
1
4412 26
1
4413 105
1
4414 175
1
4415 138
0
1
4416 5
1
4417 62
1
4418 180
1
4419 132
0
1
4420 35
1
4421 106
1
4422 12
1
4423 188
1
4424 138
0
0
1
4425 77
0
1
4426 133
0
1
4427 85
1
4428 210
1
4429 202
1
4430 169
1
4431 20
1
4432 72
1
4433 113
0
1
4434 10
1
4435 187
1
4436 97
1
4437 21
1
4438 33
1
4439 174
1
4440 16
1
4441 154
1
4442 95
0
1
4443 154
1
4444 199
0
0
0
1
4445 5
1
4446 120
1
4447 3
0
1
4448 62
1
4449 205
1
4450 38
1
4451 69
1
4452 184
1
4453 152
0
0
1
4454 96
0
1
4455 85
1
4456 137
0
0
1
4457 149
1
4458 155
1
4459 83
1
4460 169
1
4461 131
0
1
4462 140
0
0
1
4463 62
1
4464 46
1
4465 27
1
4466 63
0
1
4467 75
1
4468 66
1
4469 180
1
4470 150
0
0
0
1
4471 185
1
4472 195
1
4473 72
1
4474 16
0
1
4475 157
0
1
4476 117
0
1
4477 7
1
4478 156
0
0
0
1
4479 207
1
4480 67
0
0
1
4481 94
1
4482 22
1
4483 38
1
4484 7
0
0
0
1
4485 68
0
1
4486 68
0
1
4487 169
1
4488 129
1
4489 66
0
1
4490 20
1
4491 138
1
4492 190
1
4493 151
0
1
4494 211
0
0
1
4495 72
0
1
4496 119
0
0
0
1
4497 201
1
4498 26
0
1
4499 98
1
4500 194
0
0
0
1
4501 3
1
4502 99
0
0
0
1
4503 33
1
4504 36
1
4505 137
1
4506 38
1
4507 153
1
4508 91
1
4509 133
1
4510 20
0
1
4511 200
1
4512 122
0
1
4513 119
0
0
1
4514 202
0
1
4515 61
0
1
4516 106
1
4517 98
0
1
4518 190
1
4519 87
0
0
1
4520 139
0
1
4521 146
1
4522 74
0
1
4523 23
1
4524 102
1
4525 217
1
4526 140
1
4527 29
0
1
4528 153
1
4529 110
0
1
4530 110
0
1
4531 178
0
1
4532 145
0
1
4533 115
1
4534 176
1
4535 175
1
4536 190
1
4537 129
0
0
1
4538 60
1
4539 22
0
1
4540 102
1
4541 62
1
4542 159
1
4543 35
1
4544 64
1
4545 36
1
4546 4
1
4547 151
1
4548 30
1
4549 179
1
4550 103
0
0
0
1
4551 138
1
4552 73
1
4553 82
0
1
4554 151
0
1
4555 201
1
4556 90
0
0
0
1
4557 85
0
1
4558 64
1
4559 52
0
0
1
4560 96
0
1
4561 104
1
4562 78
1
4563 20
1
4564 73
1
4565 109
1
4566 123
1
4567 23
0
1
4568 180
1
4569 10
0
1
4570 51
1
4571 164
1
4572 111
1
4573 213
0
1
4574 180
0
1
4575 176
1
4576 92
0
0
0
0
0
1
4577 109
0
0
1
4578 68
0
0
1
4579 15
0
0
0
0
0
0
1
4580 73
1
4581 176
0
1
4582 151
0
1
4583 167
1
4584 157
0
0
1
4585 116
0
1
4586 55
1
4587 66
1
4588 110
0
0
0
1
4589 186
0
0
0
0
1
4590 212
0
0
0
1
4591 69
1
4592 49
1
4593 180
0
1
4594 112
1
4595 46
0
1
4596 77
0
0
0
0
1
4597 202
1
4598 12
1
4599 68
1
4600 33
1
4601 57
1
4602 37
1
4603 51
0
1
4604 180
0
0
0
1
4605 172
0
0
1
4606 218
1
4607 60
1
4608 10
0
0
1
4609 77
0
0
0
1
4610 107
0
1
4611 131
0
0
0
1
4612 173
0
1
4613 162
0
0
0
0
0
0
0
1
4614 5
1
4615 125
1
4616 217
0
0
0
0
1
4617 68
0
0
0
1
4618 110
0
0
0
0
0
0
0
0
1
4619 32
0
1
4620 174
1
4621 44
0
1
4622 53
1
4623 51
1
4624 185
1
4625 74
0
0
0
1
4626 48
1
4627 208
1
4628 78
1
4629 56
0
1
4630 77
0
1
4631 161
0
1
4632 106
0
0
1
4633 141
0
1
4634 190
0
0
0
1
4635 68
0
0
0
0
0
0
1
4636 197
0
0
0
0
1
4637 13
0
1
4638 158
1
4639 162
0
1
4640 100
0
1
4641 205
0
0
1
4642 120
1
4643 146
0
1
4644 68
1
4645 206
0
1
4646 111
1
4647 176
1
4648 127
1
4649 188
0
0
1
4650 8
0
1
4651 40
0
0
0
0
1
4652 80
1
4653 142
0
0
0
0
0
0
1
4654 31
0
1
4655 31
1
4656 77
1
4657 203
0
1
4658 116
0
1
4659 147
0
1
4660 89
1
4661 202
0
0
0
1
4662 120
0
0
1
4663 215
1
4664 49
1
4665 143
0
0
1
4666 140
0
1
4667 46
0
0
0
0
0
0
0
0
1
4668 186
0
1
4669 158
1
4670 110
0
1
4671 96
0
1
4672 62
0
0
0
0
0
0
1
4673 140
1
4674 64
0
1
4675 169
0
1
4676 130
1
4677 173
0
1
4678 78
0
1
4679 215
0
1
4680 61
0
0
0
0
0
1
4681 59
0
0
0
1
4682 71
0
0
0
1
4683 90
0
0
0
0
1
4684 56
1
4685 165
1
4686 83
0
0
1
4687 60
0
0
0
0
0
1
4688 103
0
0
1
4689 5
0
0
0
1
4690 3
0
0
0
0
0
1
4691 38
1
4692 211
0
1
4693 99
1
4694 86
0
0
0
1
4695 62
1
4696 35
1
4697 117
0
1
4698 110
0
1
4699 84
0
0
0
1
4700 119
0
0
1
4701 198
0
0
1
4702 143
0
0
0
0
0
0
0
0
1
4703 153
1
4704 197
0
0
0
1
4705 137
1
4706 51
1
4707 98
1
4708 41
0
0
0
0
0
1
4709 165
0
0
0
1
4710 115
1
4711 218
0
0
0
0
0
1
4712 52
0
0
0
0
1
4713 20
0
0
1
4714 120
0
0
1
4715 40
0
1
4716 48
0
0
1
4717 204
1
4718 71
0
0
1
4719 217
1
4720 122
0
0
0
1
4721 188
0
0
0
0
1
4722 104
0
1
4723 102
1
4724 197
1
4725 81
0
1
4726 190
1
4727 123
1
4728 57
0
0
0
0
0
1
4729 197
0
1
4730 50
0
0
0
0
0
0
1
4731 105
0
0
0
0
0
0
0
1
4732 33
1
4733 105
0
1
4734 27
0
0
1
4735 78
0
1
4736 107
0
0
0
0
0
0
0
0
0
0
0
0
0
0
1
4737 11
0
0
1
4738 148
1
4739 214
1
4740 53
0
0
0
0
0
0
0
0
0
1
4741 77
0
0
0
0
0
1
4742 207
0
0
1
4743 84
0
0
0
0
0
0
0
0
0
0
0
1
4744 199
0
0
1
4745 32
1
4746 217
0
0
0
0
1
4747 31
0
1
4748 196
1
4749 142
0
0
1
4750 218
0
0
0
0
1
4751 137
1
4752 118
1
4753 146
0
0
0
0
0
0
0
0
1
4754 36
0
0
0
1
4755 117
0
0
0
0
0
0
0
0
0
0
1
4756 76
0
1
4757 164
0
0
1
4758 63
0
0
0
0
0
0
0
0
1
4759 206
0
0
0
0
0
0
0
1
4760 126
0
0
0
0
0
0
1
4761 20
0
0
0
1
4762 55
0
0
0
0
0
0
0
0
0
0
0
0
0
1
4763 112
0
0
0
0
0
0
0
0
1
4764 149
0
0
0
0
0
0
0
0
0
0
0
0
0
1
4765 101
0
0
1
4766 99
0
0
1
4767 50
0
0
0
0
1
4768 78
0
0
0
0
0
0
0
0
0
0
1
4769 8
0
0
0
0
0
0
0
0
0
0
0
0
0
1
4770 127
0
0
0
0
0
0
0
0
0
0
0
0
0
0
1
4771 159
0
0
0
0
0
0
0
0
0
0
0
0
0
1
4772 163
0
0
0
0
0
0
0
0
0
1
4773 107
1
4774 78
0
0
0
0
1
4775 166
0
0
0
0
0
0
0
0
0
0
0
0
0
0
0
0
0
0
0
0
0
0
0
0
0
0
0
0
0
0
0
0
0
0
0
0
0
0
0
0
1
4776 97
0
0
0
0
0
0
0
0
0
0
0
0
0
0
0
0
0
0
0
0
0
0
0
0
0
0
0
0
0
0
0
0
0
0
0
0
0
0
0
0
0
0
0
0
0
0
0
0
0
0
0
0
0
0
0
0
0
0
0
0
0
0
0
0
0
0
0
0
0
0
0
0
0
0
0
0
0
0
0
0
0
0
0
0
0
0
0
0
0
0
0
0
0
0
0
0
0
0
0
0
0
0
0
0
0
0
0
0
0
0
0
0
0
0
0
0
0
0
0
0
0
0
0
0
0
0
0
0
0
0
0
0
0
0
0
0
0
0
0
0
0
0
0
0
0
0
0
0
0
0
0
0
0
0
0
0
0
0
0
0
0
0
0
0
0
0
0
0
0
0
0
0
0
0
0
0
0
0
0
0
0
0
0
0
0
0
0
0
0
0
0
0
0
0
0
0
0
0
0
0
0
0
0
0
0
0
0
0
0
0
0
0
0
0
0
0
0
0
0
0
0
0
0
0
0
0
0
0
0
0
0
0
0
0
0
0
0
0
0
0
0
0
0
0
0
0
0
0
0
0
0
0
0
0
0
0
0
0
0
0
0
0
0
0
0
0
0
0
0
0
0
0
0
0
0
0
0
0
0
0
0
0
0
0
0
0
0
0
0
0
0
0
0
0
0
0
0
0
0
0
0
0
0
0
0
0
0
0
0
0
0
0
0
0
0
0
0
0
0
0
0
0
0
0
0
0
0
0
0
0
0
0
0
0
0
0
0
0
0
0
0
0
0
0
0
0
0
0
0
0
0
0
0
0
0
0
0
0
0
0
0
0
0
0
0
0
0
0
0
0
0
0
0
0
0
0
0
0
0
0
0
0
0
0
0
0
0
0
0
0
0
0
0
0
0
0
0
0
0
0
0
0
0
0
0
0
0
0
0
0
0
0
0
0
0
0
0
0
0
0
0
0
0
0
0
0
0
0
0
0
0
0
0
0
0
0
0
0
0
0
0
0
0
0
0
0
0
0
0
0
0
0
0
0
0
0
0
0
0
0
0
0
0
0
0
0
0
0
0
0
0
0
0
0
0
0
0
0
0
0
0
0
0
0
0
0
0
0
0
0
0
0
0
0
0
0
0
0
0
0
0
0
0
0
0
0
0
0
0
0
0
0
0
0
0
0
0
0
0
0
0
0
0
0
0
0
0
0
0
0
0
0
0
0
0
0
0
0
0
0
0
0
0
0
0
0
0
0
0
0
0
0
0
0
0
0
0
0
0
0
