311 591
118 277 4
278 70 4
34 190 5
177 10 2
240 24 3
92 55 2
80 286 3
303 126 4
278 86 3
60 141 3
233 83 3
31 193 2
4 232 4
44 128 3
97 202 2
183 208 4
266 119 4
268 42 4
242 179 3
23 257 3
104 238 4
172 113 3
41 103 3
194 64 3
47 103 4
83 174 5
11 82 3
303 311 3
136 172 4
272 225 3
46 194 3
178 29 2
98 22 4
198 90 3
63 244 3
37 111 4
151 118 4
211 195 3
86 81 2
260 189 3
171 289 3
239 47 3
161 159 2
181 46 3
10 123 1
76 295 4
9 307 1
52 69 2
196 174 3
69 172 3
197 216 3
241 306 4
45 50 3
156 3 2
75 251 2
205 231 5
150 245 3
240 249 3
234 82 3
193 308 3
148 117 3
238 83 3
255 21 2
231 271 3
205 271 3
283 138 4
71 190 3
189 276 3
288 58 3
285 297 3
76 15 4
203 145 3
144 283 4
190 45 3
254 256 4
88 152 3
171 221 3
259 122 4
201 44 2
68 191 6
186 65 4
26 75 3
140 158 4
87 26 2
273 109 2
59 165 3
182 72 3
298 259 3
40 141 5
123 119 3
164 284 4
180 281 4
65 99 3
276 167 4
106 165 4
145 108 3
151 300 2
219 210 3
265 127 3
140 214 3
30 24 3
68 22 4
201 244 4
161 311 3
135 166 4
199 304 3
221 34 3
142 232 3
153 170 2
204 232 2
122 12 2
175 109 4
290 112 3
280 294 4
216 272 2
275 11 4
85 48 3
114 53 4
155 28 3
185 166 3
109 60 4
140 247 3
7 22 3
235 162 3
124 116 3
233 104 5
25 165 3
149 8 3
153 39 3
14 143 4
185 193 3
264 74 3
98 191 3
123 177 2
42 122 4
220 133 2
281 133 2
116 290 3
145 89 3
62 123 4
202 71 5
181 194 2
159 217 3
204 101 2
131 112 3
85 157 5
25 207 3
149 270 2
170 261 4
124 138 4
93 228 1
188 176 2
269 141 4
48 51 3
43 253 3
115 12 3
305 51 2
197 182 4
79 73 3
6 75 4
36 270 3
110 235 3
20 74 3
3 282 4
134 144 4
84 9 2
16 307 2
270 8 4
126 43 4
151 157 1
110 260 3
267 91 5
155 208 2
217 175 5
180 101 3
105 2 5
121 60 4
70 117 3
143 206 3
273 263 4
21 227 3
213 274 3
160 115 4
87 94 4
270 289 2
253 273 4
78 178 3
147 135 3
192 88 2
297 293 3
185 198 5
36 139 3
70 126 4
248 256 3
253 175 4
248 137 3
151 85 3
308 135 3
67 138 3
154 226 4
51 292 4
302 310 4
192 26 3
158 82 5
271 162 3
12 102 5
257 198 3
111 178 2
28 301 3
224 188 3
96 203 2
258 69 2
132 14 3
111 49 3
263 60 3
285 34 4
291 292 5
49 37 2
267 180 3
143 61 2
130 77 3
33 75 3
237 211 4
156 265 4
212 288 4
164 20 2
212 229 3
282 173 3
179 81 3
133 129 3
157 99 2
120 147 3
74 309 4
268 11 3
116 215 1
58 229 5
184 201 3
99 118 3
184 29 3
10 62 2
147 306 3
1 52 3
72 56 4
132 61 2
125 32 4
173 285 4
33 226 3
19 155 4
247 58 3
272 182 3
291 30 3
210 229 4
65 262 3
97 297 3
208 301 3
225 56 4
120 241 3
123 150 2
141 250 4
204 142 4
211 225 3
63 202 5
163 105 3
151 99 4
72 18 3
6 192 4
18 197 4
205 286 3
251 87 4
117 310 5
254 311 4
175 263 3
168 103 3
83 137 4
96 250 3
92 267 3
66 87 3
284 274 2
50 188 3
264 211 3
84 294 3
183 46 4
280 121 3
298 167 2
108 1 3
105 38 3
212 205 3
176 45 3
89 243 3
135 136 3
130 271 4
41 257 4
13 78 3
245 59 4
13 281 2
55 142 3
294 89 4
134 222 3
288 275 3
114 309 3
301 124 2
54 288 3
199 167 4
237 264 5
243 96 3
249 35 3
204 78 2
215 124 2
224 33 3
177 150 3
57 170 2
36 34 3
41 239 4
150 119 3
262 295 3
302 179 5
73 165 4
96 280 3
287 176 2
102 160 3
206 18 3
95 112 3
206 132 4
108 296 4
128 25 4
272 197 4
103 239 3
261 210 4
63 152 4
27 88 5
144 23 4
261 286 2
164 274 3
178 37 3
228 163 5
159 254 2
114 20 2
226 224 4
112 28 4
230 209 1
278 303 5
148 81 4
64 306 3
232 238 3
148 302 3
130 199 2
104 92 4
48 5 3
235 77 5
44 245 3
257 195 4
279 80 2
30 187 1
263 218 4
155 67 3
97 244 1
227 181 3
189 130 3
161 43 3
234 40 3
181 146 1
14 149 4
148 107 5
16 296 3
131 215 1
154 90 3
78 184 3
300 118 2
202 244 2
1 160 3
23 222 4
44 207 3
250 280 4
180 133 2
236 61 3
12 54 3
299 91 4
137 233 4
223 102 2
209 100 3
269 109 5
136 113 3
17 100 3
154 239 3
38 228 4
177 169 3
154 224 2
37 220 2
93 38 3
201 152 3
279 286 2
200 293 3
245 25 2
219 39 4
52 66 3
205 80 4
247 275 3
139 149 5
33 251 3
156 173 4
262 15 4
300 277 2
241 46 5
147 308 4
169 307 2
284 237 3
269 40 3
274 7 5
287 6 4
36 173 4
276 304 5
115 259 3
213 237 4
256 106 5
80 162 5
100 129 3
80 261 3
131 301 2
305 85 3
164 53 4
213 290 4
184 178 4
268 203 3
177 59 3
107 302 4
20 309 4
250 234 3
290 7 3
120 308 4
234 11 2
221 270 3
199 189 3
59 79 3
19 208 3
154 50 3
289 168 4
77 162 2
119 152 3
293 35 3
212 231 3
66 94 4
13 204 3
139 282 3
9 169 3
246 108 2
31 120 5
153 57 4
222 198 3
29 200 3
230 100 4
42 223 3
16 27 3
252 214 5
249 127 4
238 196 4
47 257 4
236 206 4
94 246 4
304 260 4
8 216 3
291 17 3
174 248 5
94 26 2
172 255 3
279 170 3
220 129 4
216 168 3
303 161 2
192 27 3
2 65 4
209 24 3
233 242 5
285 265 4
277 127 3
268 223 5
184 128 3
176 71 3
195 41 3
13 101 2
21 167 3
55 91 4
5 240 3
281 101 2
106 4 4
252 219 2
171 50 3
182 225 3
247 82 1
240 300 3
186 3 3
53 68 4
248 86 4
115 258 4
18 182 5
172 258 2
7 95 4
230 24 2
157 2 3
49 209 3
284 20 4
266 88 3
64 146 2
4 196 1
280 141 3
235 279 3
187 230 3
5 292 5
264 195 2
236 14 3
8 289 2
194 146 1
138 19 5
38 305 5
91 133 2
116 131 1
187 24 2
295 15 3
39 57 3
217 161 3
297 190 2
63 71 3
99 2 4
54 231 5
217 32 4
203 243 3
220 281 4
146 183 4
58 214 3
62 266 3
106 73 3
107 278 3
193 222 3
187 100 2
171 239 3
282 76 3
84 169 2
229 252 3
86 254 4
79 32 3
95 98 3
35 127 4
299 17 5
31 134 3
187 291 4
298 255 2
262 186 2
67 19 3
266 27 3
277 249 2
90 47 3
84 89 4
186 76 3
246 52 4
283 213 3
166 308 4
163 93 3
93 305 3
207 128 3
267 55 4
145 223 4
276 227 4
101 142 2
66 113 3
218 125 3
111 29 3
77 110 5
21 298 4
166 136 3
97 200 3
107 81 2
287 188 4
299 129 3
28 215 3
64 227 3
218 121 4
125 294 3
102 42 1
56 309 3
234 275 3
5 30 3
10 307 4
242 137 3
61 295 4
90 226 4
311 159 3
69 113 3
241 67 5
16 62 4
296 9 4
158 40 4
45 221 4
10000
0
0
0
0
0
0
0
0
0
0
0
0
0
0
0
0
0
0
0
0
0
0
0
0
0
0
0
0
0
0
0
0
0
0
0
0
0
0
0
0
0
0
0
0
0
0
0
0
0
0
0
0
0
0
0
0
0
0
0
0
0
0
0
0
0
0
0
0
0
0
0
0
0
0
0
0
0
0
0
0
0
0
0
0
0
0
0
0
0
0
0
0
0
0
0
0
0
0
0
0
0
0
0
0
0
0
0
0
0
0
0
0
0
0
0
0
0
0
0
0
0
0
0
0
0
0
0
0
0
0
0
0
0
0
0
0
0
0
0
0
0
0
0
0
0
0
0
0
0
0
0
0
0
0
0
0
0
0
0
0
0
0
0
0
0
0
0
0
0
0
0
0
0
0
0
0
0
0
0
0
0
0
0
0
1
1 295
0
0
0
0
0
0
0
0
0
0
0
0
0
0
0
0
0
0
0
1
2 288
0
0
0
0
0
0
0
0
0
0
0
0
0
0
0
0
0
0
0
0
0
0
0
0
0
0
0
0
0
0
1
3 192
0
0
0
0
0
0
0
0
0
0
0
0
0
0
0
1
4 168
0
0
0
0
0
0
0
0
0
0
0
0
0
0
0
0
0
0
0
0
0
0
0
0
0
0
0
0
1
5 73
0
0
0
0
0
0
0
0
1
6 221
0
0
0
0
0
0
1
7 98
0
0
0
0
0
0
0
0
0
0
0
0
1
8 13
0
0
0
0
0
0
0
0
0
0
0
0
0
0
0
0
0
0
0
0
0
0
0
0
0
0
0
0
0
0
0
0
0
0
1
9 148
0
0
0
0
0
0
0
0
0
0
0
0
0
0
0
0
0
0
0
0
0
0
0
0
0
0
0
0
0
0
0
0
0
1
10 106
0
0
0
0
1
11 210
0
0
0
0
0
0
0
1
12 135
0
0
0
0
0
0
0
0
0
0
0
0
0
0
0
0
0
0
0
0
0
0
0
0
0
0
0
0
0
0
0
0
0
0
0
0
0
0
0
0
0
0
0
0
0
0
0
0
1
13 72
0
0
0
0
0
0
0
0
0
0
0
0
1
14 230
0
0
0
0
0
0
0
0
0
0
0
0
0
0
0
0
0
0
0
0
0
0
0
0
0
0
0
0
0
0
1
15 310
0
0
0
0
1
16 127
1
17 137
0
0
0
1
18 264
0
1
19 212
0
0
1
20 45
0
0
0
0
0
0
0
0
0
0
0
0
0
0
0
0
0
0
0
0
0
0
0
0
0
0
0
0
0
0
0
0
0
1
21 259
0
0
0
0
0
0
0
0
0
0
0
0
0
0
0
0
0
0
0
0
0
0
0
0
0
0
0
0
0
0
0
0
0
0
1
22 189
0
0
0
0
0
0
0
0
0
1
23 305
0
0
0
0
0
0
0
0
0
0
0
0
0
0
0
0
0
0
0
0
0
0
0
0
0
1
24 11
0
0
0
0
0
0
0
0
0
0
0
0
0
1
25 5
0
0
0
0
0
0
1
26 259
1
27 243
0
0
1
28 131
0
0
0
1
29 76
1
30 55
1
31 261
0
0
0
0
0
0
0
0
0
0
0
0
0
0
0
1
32 183
0
0
0
0
0
0
0
0
0
0
0
0
1
33 11
0
0
0
0
0
0
0
0
0
0
0
0
0
0
0
0
0
0
0
0
0
0
0
0
0
0
0
0
0
0
1
34 139
1
35 26
0
0
0
0
0
0
0
0
0
0
0
1
36 191
0
0
0
0
0
0
0
0
0
0
0
0
0
0
0
0
0
0
0
0
0
0
0
0
0
0
0
0
0
1
37 185
0
0
0
0
0
0
0
0
0
1
38 30
0
0
0
0
0
0
0
0
0
0
0
0
0
0
0
0
1
39 3
0
0
0
0
0
0
0
0
0
0
0
0
0
0
0
0
0
0
0
0
0
0
1
40 113
1
41 15
0
0
0
0
0
0
0
0
0
0
1
42 53
0
0
0
1
43 77
0
0
0
0
0
0
0
0
0
0
0
0
1
44 142
0
0
0
0
0
0
0
0
0
0
0
0
0
0
0
0
0
0
0
1
45 21
0
0
0
0
0
0
1
46 92
1
47 152
0
0
0
0
1
48 264
0
0
0
0
0
0
0
0
0
0
1
49 9
0
0
0
0
0
0
0
0
0
0
0
0
0
0
0
0
0
0
0
0
1
50 37
0
0
0
0
0
0
0
0
0
0
0
0
1
51 266
0
0
0
0
0
1
52 161
0
0
0
0
1
53 93
0
0
0
0
0
0
0
0
0
1
54 248
0
0
0
0
0
0
0
0
0
1
55 83
0
0
0
1
56 26
0
0
0
0
1
57 46
0
0
0
0
0
0
0
0
1
58 128
0
0
0
0
0
0
1
59 257
1
60 255
0
0
0
1
61 297
0
0
0
0
0
0
0
0
0
0
0
0
0
0
0
0
0
1
62 278
1
63 102
0
1
64 133
0
0
0
0
1
65 94
0
0
0
1
66 136
0
0
1
67 97
0
0
1
68 54
0
1
69 118
0
0
0
0
0
0
0
0
0
0
0
0
0
0
0
0
0
0
0
0
0
0
1
70 6
0
0
0
0
0
1
71 127
0
0
0
0
1
72 291
0
0
0
0
0
0
0
0
0
0
1
73 271
0
0
0
0
0
1
74 87
0
0
0
0
0
0
0
0
1
75 307
0
0
0
1
76 222
1
77 260
1
78 54
0
0
0
0
0
0
0
0
0
0
0
0
0
0
0
1
79 125
0
0
0
0
0
0
0
1
80 245
0
0
0
0
0
0
0
0
0
0
0
0
1
81 64
0
0
0
0
0
0
0
0
0
0
0
0
0
0
0
0
0
0
0
0
0
1
82 43
0
0
0
1
83 181
0
0
0
0
0
0
0
0
0
0
0
0
0
0
0
1
84 158
1
85 39
0
0
0
0
0
1
86 145
0
0
1
87 86
0
0
0
0
0
0
0
0
0
0
0
1
88 124
0
0
0
0
0
0
0
1
89 113
1
90 106
1
91 77
0
1
92 181
0
0
0
0
1
93 59
0
0
0
0
0
1
94 229
0
0
1
95 146
0
0
0
0
0
0
0
0
1
96 161
0
1
97 225
0
0
0
0
0
0
0
0
0
0
0
0
0
0
1
98 62
0
0
0
1
99 167
0
0
0
0
0
0
0
0
0
0
1
100 32
0
0
0
0
0
0
0
0
0
0
0
0
0
0
0
0
0
0
0
0
0
0
0
0
1
101 72
0
0
0
0
0
0
1
102 39
0
0
0
0
0
0
1
103 36
0
0
0
0
0
1
104 271
0
0
0
0
0
0
0
0
0
0
0
0
0
1
105 278
0
0
0
1
106 174
0
0
0
1
107 141
0
0
0
0
0
0
0
0
0
1
108 10
1
109 149
0
0
0
0
0
0
0
0
0
0
0
1
110 270
0
0
0
0
0
0
0
1
111 56
0
0
1
112 66
0
0
0
0
0
0
0
0
0
0
0
0
0
0
1
113 2
1
114 114
0
0
0
0
0
0
0
0
0
0
0
0
0
0
0
0
0
0
1
115 86
0
0
0
0
0
0
0
0
0
0
0
0
0
0
0
0
1
116 182
0
0
0
0
1
117 237
0
0
0
0
0
1
118 62
0
0
0
1
119 171
1
120 42
0
0
0
0
0
0
0
1
121 23
1
122 13
0
0
0
0
0
0
0
0
0
0
0
0
0
0
1
123 43
1
124 71
0
0
0
0
0
0
0
0
0
0
1
125 303
0
0
0
0
0
0
0
0
0
0
0
1
126 200
0
0
0
0
0
0
0
0
0
0
0
0
0
0
0
0
0
0
1
127 135
0
1
128 135
0
0
0
0
0
0
0
0
0
0
0
0
1
129 155
0
0
1
130 59
0
0
0
0
0
0
0
0
0
0
1
131 204
0
1
132 208
1
133 298
0
0
0
0
0
1
134 99
0
0
0
0
0
0
0
1
135 181
0
0
0
0
0
0
0
0
0
0
0
0
1
136 129
0
0
0
0
0
0
0
0
0
0
0
0
0
0
0
0
0
0
0
0
0
0
0
0
0
0
0
0
0
0
0
0
0
1
137 76
0
0
0
0
1
138 20
0
0
0
0
0
1
139 181
1
140 24
0
0
0
0
0
0
0
0
0
0
0
0
0
0
0
0
0
0
0
0
0
0
0
1
141 15
1
142 128
1
143 311
0
1
144 203
0
0
0
0
0
0
0
0
0
0
0
0
0
0
0
1
145 232
0
0
0
0
0
0
1
146 30
0
0
0
0
1
147 15
0
0
0
0
0
0
0
0
0
1
148 240
0
0
0
1
149 242
0
1
150 276
0
0
0
0
1
151 233
0
0
1
152 258
0
0
0
0
0
1
153 104
0
0
0
0
0
0
0
1
154 121
0
0
0
0
0
1
155 79
1
156 309
0
1
157 296
0
1
158 174
1
159 230
0
0
0
0
0
0
0
0
0
1
160 270
0
0
0
0
0
0
0
0
0
0
1
161 223
0
0
0
1
162 167
0
0
1
163 38
0
0
0
0
0
0
0
0
0
0
0
0
0
0
0
0
1
164 205
1
165 242
0
0
1
166 41
0
0
1
167 215
0
0
0
1
168 165
0
0
0
1
169 19
0
0
0
0
0
0
0
0
0
0
0
0
0
0
1
170 123
0
1
171 90
0
1
172 245
0
0
0
0
0
0
0
0
0
0
0
0
0
0
0
0
0
0
0
0
1
173 286
0
0
0
0
0
0
1
174 62
0
0
0
0
0
1
175 254
1
176 28
0
1
177 29
0
0
1
178 7
0
1
179 304
0
0
0
0
0
0
0
0
0
0
0
0
0
0
0
0
0
0
1
180 58
1
181 224
0
0
0
0
0
0
0
0
0
0
0
0
0
1
182 72
0
0
0
1
183 6
0
0
0
0
1
184 91
1
185 215
1
186 142
0
0
0
0
0
0
0
0
1
187 21
0
0
0
0
0
0
0
0
0
0
0
0
1
188 115
1
189 306
1
190 75
0
0
0
0
0
0
1
191 270
1
192 99
0
0
0
0
0
0
0
0
0
0
0
0
1
193 71
0
0
0
0
0
0
0
0
0
0
0
0
1
194 26
0
0
0
0
0
0
0
0
1
195 128
0
0
0
1
196 68
1
197 160
0
1
198 163
0
0
1
199 69
0
0
0
0
0
0
0
1
200 117
0
0
0
0
0
0
0
0
0
1
201 174
0
0
0
1
202 225
0
0
0
0
0
0
0
0
0
0
0
1
203 306
0
0
0
0
0
1
204 296
0
0
1
205 253
0
0
0
1
206 120
0
0
0
0
0
0
0
0
0
0
1
207 4
0
1
208 126
0
0
1
209 46
0
0
1
210 69
1
211 268
0
0
0
1
212 288
0
1
213 169
1
214 120
1
215 213
0
1
216 7
0
0
0
0
0
0
0
0
0
0
0
0
0
0
0
0
0
0
1
217 87
0
0
0
0
0
0
0
0
1
218 55
0
0
0
0
0
0
0
0
0
1
219 186
1
220 20
0
1
221 306
1
222 116
1
223 55
0
0
0
0
0
0
0
0
0
0
0
0
0
0
0
1
224 21
1
225 2
0
0
0
0
1
226 39
0
0
0
1
227 135
1
228 87
0
1
229 215
0
0
0
0
0
0
0
0
0
0
0
0
0
0
0
1
230 180
0
0
0
1
231 189
0
0
1
232 186
0
0
0
0
1
233 109
0
0
0
0
0
1
234 298
0
1
235 291
1
236 13
1
237 162
0
0
0
0
1
238 18
0
0
1
239 136
1
240 19
0
0
1
241 27
0
1
242 152
0
1
243 276
0
0
1
244 80
0
0
0
0
0
0
0
0
0
0
1
245 201
0
1
246 141
0
0
0
1
247 88
0
0
0
0
0
1
248 96
0
0
1
249 234
0
0
0
0
0
0
1
250 273
1
251 187
0
0
0
0
1
252 15
0
0
0
0
0
1
253 181
0
0
0
0
1
254 98
0
0
0
1
255 241
0
0
0
0
0
0
0
0
0
0
1
256 145
1
257 207
1
258 211
0
0
1
259 120
1
260 21
0
1
261 110
1
262 281
1
263 211
1
264 199
0
0
1
265 16
0
1
266 102
0
0
1
267 298
1
268 91
0
1
269 124
0
1
270 307
0
1
271 279
0
1
272 289
0
0
1
273 24
0
0
1
274 33
1
275 54
0
0
0
0
0
0
0
1
276 52
0
0
0
0
0
1
277 247
0
0
1
278 297
0
0
0
0
0
0
1
279 233
0
0
1
280 143
1
281 56
0
0
0
0
0
0
1
282 308
0
1
283 130
1
284 50
1
285 260
0
0
0
0
0
0
0
0
1
286 44
0
0
0
0
1
287 214
0
0
0
0
0
0
0
0
0
1
288 143
0
0
1
289 151
0
0
1
290 288
0
1
291 257
1
292 164
0
0
0
0
0
0
0
0
0
0
0
0
1
293 4
0
0
0
1
294 234
0
1
295 12
0
0
0
0
0
0
0
1
296 296
0
1
297 214
0
0
0
1
298 305
1
299 213
0
0
1
300 247
0
0
0
0
0
0
1
301 299
0
0
1
302 76
1
303 229
0
0
0
1
304 231
0
0
0
0
0
0
1
305 258
0
1
306 82
0
0
1
307 28
0
0
1
308 145
0
0
0
1
309 93
0
1
310 208
1
311 69
0
0
1
312 87
0
1
313 62
0
0
0
0
0
0
0
1
314 122
0
1
315 64
0
1
316 115
1
317 3
0
0
0
1
318 257
0
0
0
0
0
1
319 108
1
320 300
0
0
0
0
0
0
0
0
0
0
1
321 159
0
0
0
0
0
0
0
0
0
0
1
322 11
0
1
323 230
1
324 128
1
325 4
0
0
1
326 74
0
1
327 174
0
0
0
0
0
0
0
1
328 116
1
329 155
0
0
0
1
330 310
1
331 245
0
0
1
332 160
0
0
0
0
0
1
333 72
0
0
0
0
1
334 188
0
0
0
1
335 11
0
0
0
0
1
336 42
0
0
1
337 259
0
0
1
338 248
0
0
0
0
0
0
0
0
1
339 129
1
340 307
1
341 223
0
0
0
0
0
0
0
0
0
1
342 223
0
0
1
343 72
0
0
0
0
1
344 81
1
345 149
0
1
346 100
1
347 16
0
1
348 236
1
349 128
1
350 72
0
0
1
351 154
1
352 126
0
0
0
0
0
0
0
1
353 76
1
354 36
0
0
0
1
355 64
1
356 139
0
0
0
1
357 110
0
1
358 86
0
0
0
0
1
359 188
0
0
0
0
0
0
0
1
360 274
1
361 47
0
1
362 94
0
0
0
0
0
0
0
0
0
0
0
1
363 3
1
364 80
0
1
365 109
1
366 183
1
367 276
1
368 85
0
0
0
0
0
0
1
369 71
0
1
370 97
0
0
0
0
0
0
0
0
0
0
0
0
0
0
0
0
0
0
0
0
0
0
1
371 9
0
1
372 99
1
373 124
0
0
0
0
1
374 148
1
375 24
1
376 198
0
1
377 257
0
0
0
1
378 267
1
379 102
0
1
380 228
0
1
381 232
0
0
0
0
0
0
0
0
1
382 119
0
0
0
0
0
0
0
0
1
383 296
0
0
0
0
0
1
384 55
0
0
0
1
385 53
0
0
0
1
386 135
0
0
0
0
0
1
387 214
0
1
388 244
0
0
0
0
0
1
389 286
0
1
390 61
1
391 219
0
1
392 235
1
393 49
1
394 194
1
395 112
0
0
0
1
396 125
0
0
1
397 244
0
0
0
1
398 106
0
0
0
0
0
0
0
0
1
399 208
1
400 47
0
0
0
0
0
0
0
0
0
1
401 176
0
0
0
0
0
0
0
1
402 174
0
0
0
0
0
0
0
0
0
0
1
403 94
1
404 43
1
405 285
1
406 229
0
0
0
0
1
407 248
0
1
408 306
0
0
0
0
0
1
409 90
0
0
1
410 297
0
1
411 8
1
412 63
1
413 13
0
0
1
414 200
0
0
0
1
415 288
0
0
0
1
416 237
0
0
1
417 164
0
0
0
0
1
418 212
0
0
0
0
0
0
0
1
419 93
1
420 156
0
0
0
1
421 108
0
1
422 26
0
1
423 200
0
0
1
424 281
0
0
1
425 188
0
0
1
426 9
1
427 162
0
0
0
0
1
428 245
0
1
429 238
0
0
0
1
430 240
1
431 236
0
0
0
1
432 37
0
0
0
0
0
0
0
0
0
0
0
0
0
0
0
1
433 84
0
0
0
1
434 46
0
1
435 290
1
436 69
0
0
1
437 168
0
0
1
438 276
0
1
439 149
0
0
1
440 284
0
0
0
0
0
1
441 208
1
442 235
0
0
0
0
0
1
443 111
0
0
0
0
0
1
444 134
0
0
0
0
0
0
0
0
0
0
0
0
1
445 87
0
0
0
0
0
0
0
0
1
446 247
1
447 280
0
0
0
1
448 42
0
0
1
449 41
0
0
1
450 113
1
451 287
0
0
1
452 231
0
0
0
1
453 301
0
1
454 200
0
1
455 113
0
1
456 297
0
0
1
457 230
0
0
1
458 76
1
459 81
1
460 134
0
0
0
0
0
1
461 279
0
0
0
1
462 3
0
0
0
1
463 196
1
464 166
0
0
0
0
0
0
0
1
465 241
1
466 249
1
467 111
0
1
468 185
1
469 163
0
0
0
1
470 231
1
471 148
1
472 66
0
1
473 81
1
474 90
0
0
0
0
0
0
1
475 103
1
476 250
0
0
0
0
0
0
0
1
477 256
1
478 126
0
0
1
479 173
1
480 132
0
0
0
0
0
0
0
1
481 62
0
0
0
1
482 209
1
483 182
1
484 26
0
0
0
1
485 57
1
486 308
0
1
487 60
1
488 301
0
1
489 146
1
490 257
1
491 145
0
0
1
492 126
1
493 250
0
0
1
494 157
1
495 57
0
0
1
496 139
0
0
0
1
497 145
1
498 198
0
0
0
1
499 87
0
0
0
1
500 231
0
0
0
0
0
0
0
1
501 20
0
1
502 21
0
0
0
1
503 76
0
0
0
0
0
0
0
0
0
0
0
0
1
504 207
1
505 207
1
506 62
1
507 69
0
1
508 28
1
509 124
0
0
1
510 66
0
0
0
1
511 166
0
0
1
512 290
0
0
1
513 208
0
1
514 32
1
515 89
0
0
0
0
0
0
1
516 42
0
0
1
517 131
0
0
0
1
518 14
0
1
519 168
0
1
520 168
0
1
521 43
0
0
1
522 51
0
1
523 152
0
0
0
0
0
1
524 293
1
525 49
1
526 277
0
0
0
0
0
0
0
0
0
1
527 284
1
528 208
0
1
529 118
1
530 144
0
0
0
0
0
0
0
0
0
1
531 145
0
0
0
0
1
532 76
0
0
1
533 169
0
0
1
534 68
0
0
1
535 77
0
0
1
536 142
1
537 27
0
0
0
1
538 311
0
0
1
539 267
1
540 259
0
0
1
541 195
1
542 207
0
0
0
0
0
0
0
0
1
543 6
1
544 224
1
545 185
0
0
1
546 138
0
1
547 108
0
0
0
1
548 122
0
1
549 55
0
1
550 36
0
0
0
0
1
551 6
1
552 295
0
0
1
553 31
1
554 59
0
1
555 210
0
0
0
0
1
556 65
1
557 203
0
1
558 288
1
559 99
0
0
1
560 115
1
561 217
0
0
0
0
0
1
562 121
0
0
0
1
563 29
1
564 149
1
565 66
0
0
0
0
0
1
566 194
0
0
0
0
0
0
0
0
0
0
0
0
0
0
0
0
1
567 252
0
0
1
568 25
1
569 196
0
0
0
1
570 142
1
571 266
0
0
1
572 199
0
1
573 54
0
0
0
0
0
0
0
0
0
0
1
574 74
1
575 94
1
576 75
1
577 208
0
0
1
578 20
0
0
0
0
1
579 119
0
0
0
0
0
1
580 150
0
1
581 73
0
0
0
0
0
0
0
1
582 81
1
583 101
1
584 79
0
0
0
0
1
585 148
0
1
586 20
0
1
587 104
1
588 242
0
0
0
1
589 250
0
0
0
0
0
0
0
0
0
1
590 160
1
591 296
1
592 131
0
0
1
593 246
0
0
0
1
594 308
0
0
1
595 74
1
596 92
1
597 256
0
0
0
0
1
598 115
1
599 126
0
0
1
600 108
0
1
601 133
1
602 200
1
603 210
0
0
0
1
604 175
1
605 92
0
1
606 262
0
1
607 31
1
608 116
1
609 83
0
0
0
1
610 21
0
0
0
1
611 199
0
0
1
612 278
0
1
613 29
0
0
1
614 165
0
0
0
0
0
0
0
0
0
1
615 3
1
616 256
1
617 64
1
618 89
0
0
0
0
0
0
0
0
0
0
0
1
619 12
1
620 30
1
621 100
0
0
1
622 261
0
1
623 133
0
0
0
1
624 52
1
625 295
1
626 36
1
627 293
0
0
1
628 87
0
1
629 172
0
0
0
1
630 237
1
631 135
1
632 221
1
633 166
0
0
1
634 261
1
635 167
0
0
0
1
636 258
1
637 159
1
638 290
1
639 8
1
640 167
0
0
1
641 123
0
0
0
0
0
0
0
1
642 219
0
1
643 302
1
644 209
1
645 45
1
646 181
0
0
1
647 165
0
1
648 5
0
0
1
649 145
0
1
650 174
1
651 304
1
652 7
1
653 66
0
1
654 73
1
655 108
0
1
656 36
1
657 167
0
0
0
1
658 139
1
659 4
0
0
0
0
0
0
1
660 195
1
661 36
0
0
0
0
1
662 60
0
0
0
1
663 306
1
664 190
0
1
665 41
0
0
0
0
0
0
0
0
1
666 226
0
1
667 144
0
0
0
0
0
0
1
668 147
0
1
669 132
0
1
670 292
0
0
0
1
671 234
0
0
0
0
0
1
672 233
0
1
673 145
1
674 47
1
675 186
1
676 306
0
0
0
0
0
0
0
0
1
677 189
0
1
678 292
1
679 231
0
1
680 245
0
0
1
681 213
0
0
1
682 6
1
683 181
0
0
1
684 105
0
1
685 49
1
686 53
1
687 150
0
1
688 123
1
689 195
1
690 308
0
1
691 299
0
0
1
692 43
1
693 251
0
0
1
694 144
0
0
0
0
1
695 252
1
696 193
0
0
0
1
697 299
0
0
0
0
0
0
1
698 113
0
1
699 59
0
0
1
700 81
0
0
1
701 257
0
1
702 20
1
703 168
0
0
0
1
704 157
1
705 220
1
706 231
0
0
0
1
707 262
0
1
708 166
0
1
709 296
1
710 168
0
0
1
711 67
0
0
0
1
712 32
1
713 282
0
1
714 13
0
0
0
0
0
0
0
1
715 79
1
716 135
0
1
717 241
0
1
718 166
0
0
0
1
719 130
1
720 308
0
0
0
0
0
0
1
721 195
0
0
1
722 253
1
723 19
1
724 65
0
0
1
725 229
1
726 149
1
727 73
0
0
0
0
0
0
1
728 115
1
729 21
1
730 110
0
1
731 101
1
732 228
0
0
0
0
0
0
0
0
0
0
1
733 266
0
1
734 285
0
1
735 268
0
1
736 287
0
0
0
0
0
0
0
0
0
0
1
737 5
0
0
1
738 7
1
739 215
0
0
1
740 44
0
0
0
0
1
741 98
1
742 53
0
0
0
0
0
1
743 57
1
744 152
0
0
1
745 287
0
0
1
746 176
0
0
1
747 286
1
748 225
0
0
0
0
0
0
1
749 272
1
750 233
1
751 223
1
752 102
0
0
0
0
0
1
753 232
0
0
0
1
754 245
0
0
0
1
755 309
1
756 113
0
1
757 110
0
0
0
0
0
1
758 160
1
759 261
0
1
760 56
0
1
761 307
1
762 187
1
763 42
0
1
764 172
0
1
765 17
0
1
766 294
0
0
1
767 291
0
0
0
1
768 239
1
769 102
0
1
770 233
1
771 177
0
1
772 277
1
773 134
0
1
774 155
1
775 243
1
776 285
0
0
0
0
0
0
1
777 155
0
1
778 97
0
1
779 145
1
780 31
1
781 197
0
1
782 69
0
1
783 251
0
1
784 60
1
785 266
0
0
0
1
786 147
0
0
1
787 5
0
0
0
1
788 113
1
789 291
1
790 70
0
1
791 56
1
792 167
1
793 70
0
0
0
0
1
794 271
1
795 293
0
0
0
0
1
796 230
0
1
797 269
0
1
798 248
1
799 222
0
0
0
0
1
800 268
0
0
0
0
0
0
1
801 300
0
0
0
1
802 190
0
1
803 192
0
1
804 153
0
1
805 107
0
1
806 52
0
1
807 245
1
808 268
0
1
809 264
1
810 59
0
1
811 34
0
1
812 39
1
813 41
0
0
1
814 236
1
815 52
1
816 87
0
0
1
817 38
0
0
1
818 259
0
1
819 163
1
820 30
0
0
0
0
0
0
1
821 121
1
822 54
0
0
1
823 215
0
0
1
824 234
1
825 179
0
0
1
826 156
1
827 255
0
1
828 42
0
0
1
829 209
1
830 175
0
0
0
0
1
831 21
1
832 125
0
1
833 230
0
1
834 255
0
0
1
835 130
0
0
0
0
1
836 294
0
1
837 69
1
838 94
0
0
1
839 37
1
840 188
0
1
841 169
1
842 175
0
1
843 284
0
0
0
0
1
844 88
1
845 284
0
1
846 259
0
0
0
0
1
847 19
1
848 33
0
0
1
849 244
0
0
1
850 106
0
0
0
0
1
851 43
1
852 212
1
853 72
0
0
0
0
0
0
0
0
0
1
854 99
1
855 46
0
1
856 191
0
1
857 34
1
858 122
0
0
0
1
859 66
1
860 86
0
1
861 23
1
862 92
1
863 243
0
0
1
864 204
1
865 12
0
1
866 94
1
867 290
0
0
0
0
0
1
868 131
1
869 136
0
0
0
1
870 46
1
871 86
0
0
0
1
872 284
0
0
0
0
0
1
873 9
0
1
874 135
0
0
1
875 159
0
0
1
876 123
1
877 108
0
1
878 163
0
0
1
879 46
0
1
880 12
1
881 259
0
0
0
0
1
882 81
1
883 139
0
1
884 156
1
885 227
1
886 222
0
0
0
0
0
0
1
887 91
1
888 56
0
1
889 42
0
0
0
1
890 196
0
1
891 180
0
0
0
1
892 101
0
0
0
0
0
1
893 109
0
0
1
894 63
1
895 299
1
896 259
0
1
897 109
1
898 129
1
899 254
1
900 128
0
0
1
901 216
1
902 14
0
0
0
1
903 18
1
904 308
1
905 263
0
1
906 123
0
1
907 231
0
0
1
908 54
1
909 308
0
0
0
1
910 257
0
0
0
0
0
0
1
911 78
0
1
912 142
0
1
913 136
0
0
0
1
914 243
0
0
0
1
915 55
0
1
916 105
0
0
0
1
917 154
0
1
918 140
1
919 225
1
920 16
0
0
0
0
1
921 52
1
922 104
1
923 259
1
924 194
1
925 278
0
0
0
0
0
0
0
1
926 197
0
1
927 180
0
0
1
928 184
1
929 59
0
1
930 216
0
0
0
1
931 264
1
932 88
0
1
933 295
0
1
934 248
1
935 171
1
936 87
1
937 271
0
0
0
0
1
938 159
0
0
1
939 27
0
0
0
1
940 232
1
941 14
0
0
0
1
942 250
0
1
943 218
1
944 54
0
0
1
945 17
0
1
946 115
0
0
1
947 2
0
0
0
1
948 265
0
1
949 131
0
1
950 246
0
0
1
951 218
0
0
1
952 229
1
953 189
0
0
1
954 58
1
955 52
1
956 11
0
0
1
957 285
0
0
0
1
958 268
1
959 39
1
960 227
1
961 277
1
962 218
1
963 244
0
1
964 117
0
0
1
965 52
0
0
0
0
0
1
966 217
0
0
0
0
1
967 297
0
1
968 220
1
969 29
0
1
970 42
0
1
971 207
1
972 94
0
0
0
0
1
973 306
1
974 88
0
0
1
975 10
0
1
976 136
1
977 108
1
978 87
0
0
1
979 93
0
0
1
980 230
0
0
0
0
0
0
0
0
1
981 233
1
982 20
0
0
0
1
983 291
0
0
1
984 5
1
985 86
1
986 201
1
987 34
1
988 229
0
1
989 109
0
0
1
990 182
0
1
991 199
0
0
1
992 95
0
0
0
1
993 126
0
0
0
0
0
1
994 121
0
0
1
995 88
1
996 247
0
0
0
1
997 155
1
998 167
0
0
1
999 130
0
1
1000 247
0
1
1001 115
0
1
1002 69
0
0
0
1
1003 51
0
1
1004 309
0
0
1
1005 93
0
1
1006 26
0
0
0
0
1
1007 31
1
1008 246
1
1009 69
1
1010 10
0
0
0
0
1
1011 62
0
1
1012 31
1
1013 52
0
1
1014 242
1
1015 175
0
0
1
1016 129
1
1017 311
0
1
1018 69
1
1019 235
1
1020 72
0
1
1021 302
0
1
1022 15
0
0
0
0
0
1
1023 186
0
1
1024 199
1
1025 11
1
1026 16
0
1
1027 12
0
1
1028 188
1
1029 32
1
1030 268
0
0
1
1031 174
0
0
1
1032 202
1
1033 98
0
0
1
1034 248
0
1
1035 183
1
1036 204
1
1037 66
0
0
0
1
1038 56
1
1039 205
1
1040 52
0
1
1041 87
0
1
1042 311
0
0
0
0
0
1
1043 120
1
1044 237
0
1
1045 260
0
0
0
1
1046 264
0
1
1047 220
0
1
1048 39
1
1049 237
1
1050 168
1
1051 238
1
1052 191
1
1053 297
1
1054 248
0
1
1055 157
1
1056 84
0
0
1
1057 187
0
1
1058 185
1
1059 94
1
1060 227
0
1
1061 208
1
1062 160
0
1
1063 79
1
1064 21
0
0
0
1
1065 47
0
1
1066 281
0
0
1
1067 75
1
1068 154
0
0
0
0
1
1069 307
1
1070 173
0
1
1071 186
1
1072 90
1
1073 29
0
0
0
0
0
1
1074 155
0
1
1075 154
0
1
1076 252
1
1077 140
0
1
1078 167
0
1
1079 211
0
0
0
1
1080 124
1
1081 183
0
0
1
1082 207
0
0
1
1083 54
1
1084 276
0
1
1085 230
0
0
0
0
1
1086 267
0
1
1087 193
0
1
1088 131
0
1
1089 45
0
0
1
1090 182
1
1091 259
1
1092 200
0
0
1
1093 302
0
0
0
1
1094 168
0
0
1
1095 252
1
1096 298
1
1097 139
0
0
0
0
0
0
0
1
1098 218
0
0
0
0
1
1099 201
0
0
1
1100 36
0
0
1
1101 145
0
1
1102 268
1
1103 304
1
1104 237
0
0
0
1
1105 70
1
1106 172
0
0
0
0
0
0
1
1107 82
1
1108 153
1
1109 102
0
0
0
0
0
0
1
1110 287
0
0
1
1111 295
0
0
0
0
0
1
1112 267
0
0
1
1113 97
0
1
1114 309
1
1115 9
0
0
0
1
1116 237
0
0
1
1117 171
0
1
1118 246
1
1119 246
0
1
1120 250
1
1121 107
1
1122 53
0
0
1
1123 63
1
1124 309
1
1125 208
1
1126 72
1
1127 297
0
1
1128 118
1
1129 272
1
1130 247
1
1131 227
0
0
1
1132 225
1
1133 54
1
1134 311
0
1
1135 27
0
0
1
1136 189
1
1137 173
0
1
1138 220
1
1139 58
0
0
0
0
0
0
1
1140 6
0
0
0
1
1141 219
0
0
0
1
1142 7
1
1143 62
1
1144 155
1
1145 187
1
1146 82
0
1
1147 214
0
0
1
1148 137
0
0
0
1
1149 113
1
1150 186
1
1151 251
1
1152 299
0
1
1153 273
0
0
0
1
1154 271
1
1155 258
0
1
1156 21
0
1
1157 267
1
1158 191
1
1159 29
0
1
1160 25
0
0
1
1161 275
1
1162 271
1
1163 55
0
1
1164 5
0
1
1165 28
0
0
0
1
1166 226
0
1
1167 248
1
1168 66
0
1
1169 73
1
1170 116
0
0
1
1171 161
0
0
0
0
1
1172 119
1
1173 257
1
1174 166
0
1
1175 73
1
1176 33
0
1
1177 109
1
1178 44
1
1179 12
1
1180 297
1
1181 27
0
1
1182 271
0
1
1183 258
0
0
0
1
1184 266
1
1185 178
0
0
1
1186 11
0
0
1
1187 189
0
0
1
1188 37
1
1189 265
1
1190 139
0
1
1191 49
1
1192 122
1
1193 211
0
1
1194 310
1
1195 308
1
1196 42
0
0
1
1197 251
0
0
1
1198 151
0
0
1
1199 249
0
0
1
1200 208
0
0
1
1201 250
1
1202 43
0
1
1203 18
1
1204 56
0
1
1205 73
1
1206 116
1
1207 69
1
1208 64
0
1
1209 26
1
1210 37
1
1211 177
1
1212 232
1
1213 33
0
1
1214 239
1
1215 128
1
1216 8
0
0
0
1
1217 45
1
1218 21
0
0
1
1219 236
0
0
1
1220 186
1
1221 147
1
1222 37
1
1223 274
1
1224 27
0
1
1225 24
1
1226 236
1
1227 212
1
1228 302
0
0
1
1229 265
1
1230 187
1
1231 47
0
0
0
1
1232 55
0
1
1233 116
0
1
1234 192
0
1
1235 297
1
1236 152
1
1237 117
1
1238 307
1
1239 102
0
1
1240 2
1
1241 192
1
1242 124
0
1
1243 134
0
1
1244 294
0
0
0
0
0
1
1245 146
1
1246 160
1
1247 188
0
1
1248 299
1
1249 100
0
0
0
0
0
0
1
1250 241
0
0
1
1251 66
0
1
1252 295
1
1253 243
1
1254 143
1
1255 104
1
1256 23
1
1257 286
0
0
0
1
1258 94
1
1259 277
1
1260 203
0
1
1261 65
1
1262 52
0
0
0
0
1
1263 274
0
1
1264 181
0
1
1265 282
1
1266 80
1
1267 252
1
1268 255
0
0
1
1269 289
1
1270 42
1
1271 26
0
0
1
1272 191
0
0
0
1
1273 10
0
0
1
1274 143
1
1275 66
1
1276 75
1
1277 56
0
1
1278 234
0
0
1
1279 181
0
1
1280 90
1
1281 301
1
1282 26
1
1283 66
0
0
0
0
1
1284 38
1
1285 296
0
0
1
1286 58
0
1
1287 75
1
1288 188
0
0
1
1289 271
0
1
1290 66
1
1291 187
1
1292 94
1
1293 223
0
0
0
1
1294 310
1
1295 105
1
1296 309
1
1297 176
1
1298 92
0
0
0
0
0
0
0
0
0
1
1299 241
0
1
1300 246
0
1
1301 67
0
0
0
0
1
1302 255
1
1303 115
1
1304 210
1
1305 210
1
1306 50
1
1307 136
0
1
1308 100
0
0
1
1309 263
1
1310 52
1
1311 199
0
1
1312 288
0
0
0
1
1313 191
0
0
1
1314 167
1
1315 178
0
1
1316 87
1
1317 301
0
0
1
1318 200
0
1
1319 21
1
1320 106
0
1
1321 25
0
0
1
1322 31
0
1
1323 84
0
0
0
0
1
1324 264
1
1325 55
1
1326 12
0
1
1327 234
1
1328 80
0
1
1329 99
1
1330 90
1
1331 5
0
0
0
1
1332 61
1
1333 212
0
0
0
0
1
1334 259
1
1335 109
1
1336 16
0
0
0
0
0
1
1337 69
0
1
1338 41
1
1339 74
1
1340 297
1
1341 282
0
1
1342 136
0
1
1343 275
1
1344 89
0
0
1
1345 241
1
1346 149
1
1347 15
1
1348 259
0
1
1349 171
1
1350 255
0
1
1351 248
1
1352 136
0
0
1
1353 73
0
0
1
1354 95
1
1355 139
0
0
0
1
1356 168
0
1
1357 66
0
1
1358 222
1
1359 115
1
1360 96
1
1361 303
0
1
1362 60
1
1363 286
1
1364 44
1
1365 190
0
0
0
1
1366 110
0
1
1367 8
1
1368 139
1
1369 33
0
0
0
1
1370 5
0
0
1
1371 183
0
0
0
1
1372 48
1
1373 243
1
1374 21
1
1375 254
1
1376 202
1
1377 137
0
0
0
1
1378 81
1
1379 268
1
1380 173
1
1381 20
1
1382 9
1
1383 305
0
0
0
1
1384 256
0
0
1
1385 79
1
1386 22
0
1
1387 255
0
0
1
1388 46
1
1389 172
0
0
0
1
1390 95
0
1
1391 19
0
0
1
1392 162
0
0
0
1
1393 184
0
0
1
1394 269
1
1395 264
1
1396 188
1
1397 259
0
0
0
0
0
0
1
1398 142
0
1
1399 206
1
1400 106
1
1401 309
0
1
1402 7
1
1403 219
1
1404 129
0
0
0
1
1405 116
1
1406 72
0
0
1
1407 246
0
1
1408 259
0
0
1
1409 64
0
1
1410 255
0
0
0
0
1
1411 265
0
1
1412 91
0
0
1
1413 193
1
1414 288
1
1415 242
1
1416 277
1
1417 151
1
1418 75
0
0
1
1419 17
1
1420 263
1
1421 227
1
1422 139
1
1423 145
1
1424 69
1
1425 126
0
0
0
1
1426 148
0
1
1427 107
1
1428 171
0
1
1429 212
1
1430 42
1
1431 185
1
1432 37
0
1
1433 7
1
1434 297
1
1435 208
0
0
0
1
1436 38
1
1437 302
0
1
1438 70
0
1
1439 112
0
1
1440 27
1
1441 301
0
0
1
1442 162
0
1
1443 28
1
1444 205
1
1445 300
1
1446 231
1
1447 96
0
1
1448 208
0
1
1449 177
1
1450 48
0
1
1451 51
0
0
0
0
1
1452 14
1
1453 114
0
1
1454 60
1
1455 60
1
1456 51
1
1457 193
1
1458 123
1
1459 4
1
1460 308
0
1
1461 144
1
1462 102
1
1463 248
1
1464 46
1
1465 130
0
0
1
1466 215
0
1
1467 196
1
1468 102
1
1469 66
1
1470 288
0
0
0
1
1471 271
0
1
1472 229
0
0
0
1
1473 129
1
1474 98
0
1
1475 191
1
1476 306
1
1477 30
1
1478 69
1
1479 215
0
1
1480 118
1
1481 166
0
1
1482 19
0
0
1
1483 308
0
1
1484 148
0
0
1
1485 12
0
0
1
1486 94
0
0
1
1487 281
1
1488 220
0
1
1489 199
1
1490 254
1
1491 275
0
1
1492 136
0
0
0
0
1
1493 74
1
1494 95
0
1
1495 297
0
0
1
1496 102
0
0
0
0
1
1497 261
1
1498 292
1
1499 258
1
1500 275
0
0
0
0
1
1501 122
0
0
1
1502 55
1
1503 66
1
1504 194
1
1505 210
0
0
1
1506 141
1
1507 305
0
1
1508 224
1
1509 237
1
1510 103
1
1511 107
1
1512 87
0
0
0
0
1
1513 311
0
0
0
0
0
0
1
1514 165
0
1
1515 292
0
1
1516 50
0
1
1517 103
0
0
1
1518 97
1
1519 11
1
1520 192
0
1
1521 195
1
1522 103
1
1523 15
1
1524 153
0
0
1
1525 104
1
1526 9
1
1527 172
1
1528 58
0
1
1529 42
1
1530 70
1
1531 210
0
1
1532 271
1
1533 82
1
1534 160
1
1535 140
1
1536 164
1
1537 5
1
1538 194
0
1
1539 208
1
1540 245
1
1541 264
1
1542 99
0
0
1
1543 192
0
0
1
1544 131
0
1
1545 2
1
1546 209
0
1
1547 238
1
1548 155
1
1549 150
1
1550 288
0
1
1551 102
1
1552 217
0
0
0
0
0
0
0
0
0
1
1553 97
1
1554 224
1
1555 253
1
1556 61
1
1557 98
1
1558 146
0
0
1
1559 98
0
0
1
1560 119
0
1
1561 79
1
1562 129
0
1
1563 177
1
1564 151
0
1
1565 260
1
1566 22
0
0
0
0
0
0
1
1567 237
1
1568 288
0
1
1569 110
1
1570 225
0
1
1571 102
1
1572 70
1
1573 205
0
0
0
0
1
1574 202
0
1
1575 100
0
0
1
1576 162
0
1
1577 161
1
1578 207
1
1579 275
0
1
1580 202
1
1581 184
1
1582 118
0
1
1583 62
0
0
1
1584 78
0
1
1585 202
1
1586 153
1
1587 259
1
1588 288
0
0
1
1589 275
1
1590 255
0
1
1591 176
1
1592 116
1
1593 292
0
1
1594 153
1
1595 258
1
1596 116
0
0
0
0
1
1597 299
1
1598 58
1
1599 102
1
1600 21
1
1601 149
1
1602 181
0
0
1
1603 310
0
0
0
0
0
0
0
1
1604 244
1
1605 221
0
1
1606 160
1
1607 73
1
1608 20
1
1609 14
0
0
1
1610 267
1
1611 83
0
1
1612 11
1
1613 189
1
1614 117
1
1615 102
1
1616 113
1
1617 5
0
0
1
1618 300
0
1
1619 63
1
1620 189
1
1621 67
1
1622 69
1
1623 219
1
1624 198
0
0
0
1
1625 7
0
1
1626 58
1
1627 275
1
1628 268
0
0
0
0
1
1629 234
1
1630 249
1
1631 147
1
1632 110
0
1
1633 139
0
0
0
0
1
1634 195
1
1635 16
0
1
1636 56
1
1637 125
1
1638 145
0
0
1
1639 113
1
1640 286
0
1
1641 264
1
1642 52
0
1
1643 308
1
1644 226
1
1645 148
1
1646 300
1
1647 94
0
0
1
1648 94
1
1649 19
1
1650 70
1
1651 127
1
1652 103
0
0
0
0
1
1653 206
0
1
1654 45
0
1
1655 126
1
1656 274
1
1657 100
1
1658 69
0
0
0
0
0
1
1659 55
1
1660 243
0
0
1
1661 279
1
1662 266
1
1663 19
0
1
1664 246
1
1665 42
1
1666 308
1
1667 291
0
0
1
1668 192
0
0
1
1669 211
0
1
1670 67
1
1671 306
0
1
1672 246
1
1673 253
0
1
1674 111
0
0
1
1675 65
1
1676 25
0
1
1677 270
0
1
1678 52
1
1679 64
1
1680 121
0
1
1681 143
1
1682 51
0
0
0
0
0
0
1
1683 71
0
1
1684 178
1
1685 49
1
1686 240
0
1
1687 221
1
1688 176
1
1689 191
0
1
1690 308
1
1691 57
1
1692 19
1
1693 283
1
1694 94
1
1695 113
0
1
1696 49
1
1697 9
1
1698 283
0
1
1699 123
1
1700 307
1
1701 147
1
1702 240
0
1
1703 212
1
1704 309
0
1
1705 244
1
1706 150
1
1707 273
0
0
1
1708 94
0
1
1709 249
1
1710 116
1
1711 229
1
1712 118
0
0
1
1713 167
1
1714 32
1
1715 238
0
0
0
1
1716 180
0
1
1717 171
0
1
1718 308
1
1719 267
0
1
1720 67
1
1721 55
1
1722 169
1
1723 267
1
1724 256
1
1725 134
0
1
1726 283
0
1
1727 236
1
1728 195
1
1729 262
0
1
1730 91
1
1731 101
1
1732 263
1
1733 267
1
1734 239
0
0
1
1735 198
1
1736 195
1
1737 17
1
1738 160
0
1
1739 98
0
1
1740 224
1
1741 14
0
0
1
1742 79
1
1743 100
0
0
1
1744 300
1
1745 305
1
1746 222
1
1747 220
0
1
1748 310
0
0
1
1749 258
0
1
1750 219
0
1
1751 273
1
1752 294
1
1753 275
0
0
1
1754 264
0
1
1755 224
0
0
1
1756 299
1
1757 192
1
1758 234
1
1759 172
0
1
1760 106
1
1761 18
1
1762 58
0
1
1763 4
1
1764 3
0
1
1765 115
0
0
0
1
1766 105
0
1
1767 144
1
1768 24
0
1
1769 135
0
1
1770 282
0
0
1
1771 135
1
1772 266
1
1773 184
1
1774 26
0
0
0
1
1775 272
1
1776 202
1
1777 59
1
1778 16
1
1779 108
1
1780 13
1
1781 30
1
1782 143
1
1783 33
1
1784 122
0
1
1785 78
1
1786 295
1
1787 277
0
1
1788 307
1
1789 167
1
1790 247
1
1791 130
1
1792 38
1
1793 115
0
0
0
0
1
1794 87
1
1795 211
1
1796 184
1
1797 10
1
1798 27
0
0
1
1799 260
0
0
1
1800 12
1
1801 152
1
1802 112
0
1
1803 213
1
1804 292
0
1
1805 102
1
1806 52
0
1
1807 30
1
1808 86
1
1809 102
0
1
1810 194
0
1
1811 138
1
1812 265
1
1813 136
0
1
1814 250
1
1815 6
0
1
1816 285
1
1817 151
1
1818 39
1
1819 104
1
1820 298
0
1
1821 97
1
1822 245
1
1823 197
1
1824 278
0
1
1825 44
0
1
1826 289
0
1
1827 27
1
1828 221
1
1829 100
1
1830 274
0
1
1831 208
1
1832 154
0
1
1833 306
0
0
1
1834 261
1
1835 99
1
1836 276
1
1837 148
0
1
1838 211
0
1
1839 153
1
1840 136
1
1841 136
1
1842 111
1
1843 204
0
1
1844 266
0
1
1845 200
0
1
1846 94
1
1847 298
0
1
1848 113
1
1849 143
0
0
1
1850 269
1
1851 96
1
1852 28
0
0
0
1
1853 138
1
1854 303
0
1
1855 302
0
1
1856 59
0
0
0
1
1857 310
0
1
1858 298
1
1859 95
1
1860 36
1
1861 311
0
0
1
1862 147
1
1863 190
1
1864 271
0
0
1
1865 80
0
0
0
1
1866 52
0
1
1867 219
0
1
1868 225
0
1
1869 129
1
1870 193
1
1871 147
0
1
1872 86
0
1
1873 66
1
1874 74
1
1875 59
1
1876 217
1
1877 274
1
1878 63
0
1
1879 122
1
1880 25
1
1881 98
1
1882 290
0
1
1883 29
1
1884 249
1
1885 310
0
1
1886 85
1
1887 163
1
1888 176
1
1889 298
1
1890 52
1
1891 138
1
1892 284
1
1893 213
1
1894 208
1
1895 273
1
1896 184
1
1897 195
1
1898 237
1
1899 160
1
1900 268
0
0
1
1901 273
0
1
1902 181
1
1903 131
1
1904 196
0
1
1905 115
1
1906 133
1
1907 156
1
1908 66
0
0
0
1
1909 113
0
0
1
1910 204
0
0
1
1911 193
0
1
1912 277
0
0
0
0
1
1913 58
1
1914 255
1
1915 153
0
1
1916 72
1
1917 69
0
1
1918 261
1
1919 26
1
1920 151
1
1921 232
1
1922 262
0
1
1923 271
1
1924 28
0
0
0
1
1925 179
0
1
1926 244
0
1
1927 261
1
1928 259
1
1929 159
0
0
1
1930 254
1
1931 20
1
1932 104
0
0
0
1
1933 70
1
1934 143
1
1935 286
0
0
0
0
1
1936 17
1
1937 222
0
0
0
1
1938 267
1
1939 262
1
1940 272
0
1
1941 226
0
1
1942 84
1
1943 161
0
1
1944 98
0
1
1945 296
0
1
1946 81
0
0
1
1947 69
1
1948 225
1
1949 28
1
1950 145
0
0
1
1951 209
1
1952 188
1
1953 198
0
0
0
1
1954 157
1
1955 110
0
0
1
1956 38
1
1957 8
1
1958 164
1
1959 183
0
0
1
1960 87
1
1961 271
0
1
1962 245
0
1
1963 195
1
1964 262
1
1965 167
1
1966 241
1
1967 167
0
0
1
1968 295
1
1969 87
1
1970 162
0
1
1971 172
1
1972 272
0
1
1973 226
1
1974 122
0
0
1
1975 258
0
1
1976 195
1
1977 157
0
0
0
1
1978 155
0
0
1
1979 302
0
1
1980 190
1
1981 245
1
1982 246
0
1
1983 139
0
1
1984 17
1
1985 132
1
1986 66
1
1987 126
0
1
1988 12
1
1989 181
1
1990 94
1
1991 15
0
1
1992 310
1
1993 126
1
1994 10
0
1
1995 161
1
1996 263
1
1997 145
0
1
1998 152
1
1999 104
1
2000 140
1
2001 122
0
1
2002 120
1
2003 286
0
1
2004 127
1
2005 85
0
1
2006 160
1
2007 224
1
2008 111
0
1
2009 204
1
2010 185
1
2011 288
0
1
2012 61
1
2013 151
1
2014 217
1
2015 268
0
1
2016 108
1
2017 252
1
2018 154
1
2019 231
1
2020 143
1
2021 51
1
2022 294
1
2023 271
0
1
2024 20
1
2025 208
0
0
1
2026 147
1
2027 113
1
2028 32
0
0
1
2029 223
1
2030 109
1
2031 41
1
2032 148
1
2033 191
1
2034 49
1
2035 272
1
2036 139
0
1
2037 47
1
2038 74
0
1
2039 173
0
1
2040 185
0
1
2041 94
1
2042 26
1
2043 66
1
2044 204
1
2045 285
0
1
2046 144
1
2047 38
1
2048 23
0
1
2049 308
1
2050 291
1
2051 33
0
0
1
2052 156
0
1
2053 230
1
2054 240
1
2055 7
1
2056 256
1
2057 210
0
1
2058 242
0
1
2059 174
0
1
2060 301
0
0
1
2061 251
0
1
2062 242
1
2063 264
1
2064 199
1
2065 63
1
2066 92
1
2067 189
0
0
0
1
2068 70
0
1
2069 271
1
2070 291
0
1
2071 283
0
0
1
2072 72
1
2073 160
1
2074 294
0
0
1
2075 38
1
2076 20
1
2077 187
0
0
1
2078 206
1
2079 255
0
0
1
2080 249
1
2081 29
1
2082 168
1
2083 195
1
2084 69
1
2085 46
1
2086 138
0
1
2087 309
1
2088 303
1
2089 71
0
0
1
2090 120
1
2091 271
1
2092 17
1
2093 179
1
2094 123
1
2095 102
1
2096 176
1
2097 49
1
2098 96
1
2099 106
1
2100 54
1
2101 111
1
2102 240
0
1
2103 100
0
1
2104 93
1
2105 194
0
1
2106 121
1
2107 66
1
2108 207
0
1
2109 18
1
2110 212
1
2111 285
0
1
2112 140
1
2113 290
1
2114 109
0
1
2115 21
1
2116 78
0
1
2117 3
1
2118 281
0
1
2119 292
1
2120 53
1
2121 304
0
0
1
2122 48
1
2123 268
1
2124 210
0
1
2125 201
1
2126 190
0
1
2127 66
1
2128 20
1
2129 103
1
2130 260
1
2131 230
1
2132 246
1
2133 106
1
2134 195
0
1
2135 118
0
1
2136 159
1
2137 193
1
2138 41
1
2139 69
1
2140 24
1
2141 215
1
2142 172
1
2143 224
0
0
1
2144 76
1
2145 311
1
2146 177
1
2147 265
1
2148 306
0
1
2149 171
0
1
2150 257
1
2151 311
1
2152 39
1
2153 208
1
2154 311
0
0
0
0
1
2155 147
1
2156 62
0
1
2157 307
0
0
1
2158 213
0
0
1
2159 87
1
2160 292
1
2161 197
0
1
2162 26
1
2163 104
1
2164 139
1
2165 268
1
2166 52
1
2167 80
1
2168 54
1
2169 207
0
1
2170 10
1
2171 193
1
2172 162
1
2173 194
1
2174 49
1
2175 20
0
1
2176 169
0
1
2177 67
1
2178 131
1
2179 120
1
2180 70
0
1
2181 100
1
2182 286
0
1
2183 46
0
1
2184 209
1
2185 184
1
2186 19
1
2187 113
1
2188 81
1
2189 26
0
1
2190 298
1
2191 276
0
0
1
2192 281
0
1
2193 26
1
2194 233
0
0
1
2195 246
1
2196 94
0
1
2197 118
1
2198 68
0
1
2199 122
1
2200 311
1
2201 149
1
2202 286
1
2203 249
1
2204 137
1
2205 152
0
1
2206 123
1
2207 8
1
2208 246
1
2209 111
0
1
2210 105
1
2211 132
1
2212 107
0
0
1
2213 262
1
2214 81
1
2215 180
1
2216 194
1
2217 186
0
1
2218 2
0
0
0
1
2219 71
1
2220 136
1
2221 238
1
2222 167
0
1
2223 261
1
2224 26
0
1
2225 199
0
1
2226 160
1
2227 186
1
2228 284
1
2229 251
1
2230 308
1
2231 67
1
2232 136
1
2233 51
1
2234 19
0
1
2235 154
1
2236 76
1
2237 91
1
2238 49
0
1
2239 181
1
2240 206
1
2241 133
0
0
1
2242 164
0
0
1
2243 202
0
0
1
2244 100
0
1
2245 82
1
2246 266
0
1
2247 63
1
2248 117
1
2249 174
1
2250 148
0
1
2251 57
0
1
2252 16
0
0
0
1
2253 241
0
1
2254 202
1
2255 198
1
2256 6
1
2257 58
1
2258 242
1
2259 269
1
2260 309
1
2261 268
1
2262 147
0
1
2263 132
1
2264 30
1
2265 159
0
1
2266 241
1
2267 66
1
2268 17
1
2269 180
0
0
0
1
2270 241
0
0
1
2271 222
1
2272 143
1
2273 6
1
2274 10
0
1
2275 40
1
2276 119
0
1
2277 149
1
2278 86
1
2279 18
1
2280 282
1
2281 242
0
1
2282 10
1
2283 160
0
0
1
2284 243
1
2285 269
1
2286 245
1
2287 58
1
2288 174
1
2289 44
1
2290 184
0
1
2291 25
1
2292 160
0
1
2293 193
1
2294 49
0
1
2295 254
0
1
2296 287
1
2297 182
1
2298 16
1
2299 172
0
1
2300 59
1
2301 310
1
2302 132
1
2303 239
1
2304 226
1
2305 231
0
0
0
1
2306 287
1
2307 16
1
2308 249
0
1
2309 171
1
2310 236
1
2311 9
1
2312 24
1
2313 157
1
2314 182
1
2315 279
1
2316 208
1
2317 115
0
1
2318 84
1
2319 211
1
2320 60
1
2321 80
1
2322 101
1
2323 192
1
2324 42
1
2325 58
1
2326 18
1
2327 262
1
2328 59
1
2329 113
1
2330 20
1
2331 265
0
1
2332 66
1
2333 165
0
0
0
1
2334 245
0
1
2335 84
1
2336 241
1
2337 160
1
2338 239
1
2339 240
1
2340 135
0
1
2341 217
1
2342 82
0
1
2343 27
1
2344 114
1
2345 176
1
2346 253
0
1
2347 235
0
1
2348 128
0
1
2349 182
1
2350 39
1
2351 21
1
2352 270
1
2353 230
1
2354 272
1
2355 66
1
2356 35
1
2357 230
1
2358 89
1
2359 24
0
1
2360 303
0
1
2361 185
0
1
2362 150
0
1
2363 41
1
2364 196
1
2365 166
1
2366 190
0
1
2367 52
0
1
2368 157
1
2369 125
0
1
2370 306
1
2371 178
0
1
2372 70
1
2373 2
1
2374 168
1
2375 259
0
1
2376 28
1
2377 100
1
2378 164
1
2379 122
1
2380 196
1
2381 150
1
2382 186
1
2383 223
0
1
2384 119
1
2385 118
1
2386 194
1
2387 165
1
2388 78
1
2389 241
1
2390 2
1
2391 296
1
2392 267
1
2393 48
1
2394 212
1
2395 296
1
2396 141
1
2397 49
1
2398 85
1
2399 236
1
2400 19
1
2401 301
1
2402 199
1
2403 54
1
2404 163
1
2405 91
0
0
1
2406 145
0
1
2407 214
1
2408 46
1
2409 255
1
2410 167
0
0
1
2411 111
1
2412 128
1
2413 135
1
2414 136
0
1
2415 112
0
0
1
2416 287
1
2417 115
1
2418 271
0
0
1
2419 251
1
2420 25
1
2421 284
1
2422 94
1
2423 12
1
2424 145
1
2425 8
1
2426 5
1
2427 139
1
2428 308
1
2429 145
1
2430 86
0
0
1
2431 165
1
2432 205
1
2433 302
1
2434 129
1
2435 161
1
2436 85
0
1
2437 249
0
1
2438 113
1
2439 159
0
1
2440 113
1
2441 57
1
2442 131
0
1
2443 189
1
2444 201
1
2445 138
0
1
2446 42
1
2447 66
1
2448 204
0
1
2449 223
1
2450 149
1
2451 58
1
2452 284
1
2453 52
0
1
2454 160
0
1
2455 27
1
2456 246
1
2457 94
1
2458 188
1
2459 11
1
2460 12
0
0
1
2461 253
1
2462 257
0
1
2463 105
1
2464 232
1
2465 244
1
2466 161
1
2467 45
1
2468 193
1
2469 6
0
1
2470 105
0
1
2471 225
0
1
2472 29
0
0
1
2473 42
1
2474 166
0
1
2475 246
1
2476 83
1
2477 186
0
0
0
0
1
2478 233
1
2479 265
1
2480 149
1
2481 174
1
2482 23
1
2483 39
1
2484 264
1
2485 272
1
2486 302
1
2487 254
1
2488 59
0
1
2489 12
1
2490 172
1
2491 264
1
2492 6
0
1
2493 247
0
1
2494 18
1
2495 119
0
0
0
1
2496 15
1
2497 123
0
0
1
2498 85
1
2499 61
1
2500 50
1
2501 12
1
2502 151
1
2503 95
1
2504 85
0
1
2505 203
1
2506 179
1
2507 60
1
2508 224
1
2509 259
1
2510 237
1
2511 167
0
1
2512 114
1
2513 79
0
1
2514 56
1
2515 172
1
2516 250
1
2517 104
1
2518 58
1
2519 76
1
2520 235
1
2521 197
1
2522 40
1
2523 54
1
2524 126
1
2525 108
1
2526 130
1
2527 116
1
2528 172
1
2529 21
1
2530 235
1
2531 36
1
2532 30
0
0
0
0
1
2533 178
1
2534 49
1
2535 291
1
2536 196
1
2537 99
0
1
2538 271
1
2539 278
1
2540 235
0
1
2541 9
1
2542 167
1
2543 136
1
2544 89
0
1
2545 241
0
1
2546 292
1
2547 285
0
1
2548 64
1
2549 136
0
1
2550 202
1
2551 184
0
1
2552 308
1
2553 149
1
2554 237
1
2555 233
0
1
2556 18
1
2557 137
0
1
2558 199
1
2559 293
1
2560 86
1
2561 66
1
2562 215
0
1
2563 121
1
2564 231
1
2565 39
0
1
2566 228
0
1
2567 87
1
2568 51
1
2569 199
1
2570 278
0
1
2571 77
0
0
1
2572 241
1
2573 209
1
2574 194
1
2575 94
0
1
2576 147
1
2577 238
0
1
2578 87
1
2579 123
0
0
1
2580 145
1
2581 5
1
2582 284
1
2583 89
1
2584 295
1
2585 110
1
2586 254
1
2587 48
1
2588 163
0
1
2589 154
1
2590 35
1
2591 172
1
2592 260
1
2593 216
1
2594 252
1
2595 147
1
2596 72
1
2597 123
0
1
2598 187
0
1
2599 160
0
1
2600 158
1
2601 219
1
2602 229
1
2603 262
0
0
0
0
0
1
2604 70
0
1
2605 224
1
2606 113
1
2607 122
1
2608 167
0
1
2609 179
1
2610 2
1
2611 59
0
1
2612 127
1
2613 41
1
2614 258
1
2615 247
1
2616 167
0
0
0
1
2617 157
0
1
2618 97
1
2619 60
1
2620 172
1
2621 127
1
2622 161
1
2623 264
1
2624 94
1
2625 150
1
2626 27
1
2627 107
1
2628 150
1
2629 229
1
2630 246
1
2631 194
1
2632 119
1
2633 8
0
1
2634 92
1
2635 242
1
2636 147
0
1
2637 240
1
2638 296
1
2639 124
1
2640 36
1
2641 161
0
1
2642 116
1
2643 271
1
2644 227
1
2645 260
1
2646 16
1
2647 134
1
2648 281
0
1
2649 228
1
2650 287
0
1
2651 194
0
1
2652 79
1
2653 122
1
2654 250
0
1
2655 238
0
1
2656 220
1
2657 233
0
1
2658 125
1
2659 227
0
1
2660 90
0
1
2661 86
1
2662 277
1
2663 257
0
0
1
2664 209
1
2665 246
1
2666 113
1
2667 263
1
2668 25
1
2669 296
1
2670 224
0
1
2671 231
1
2672 303
1
2673 13
0
1
2674 77
1
2675 112
0
1
2676 40
0
0
0
1
2677 102
0
0
0
1
2678 104
1
2679 49
1
2680 108
0
1
2681 160
1
2682 110
1
2683 240
1
2684 301
1
2685 59
1
2686 108
0
1
2687 256
1
2688 25
1
2689 46
1
2690 44
1
2691 45
0
1
2692 246
0
0
0
1
2693 299
1
2694 226
1
2695 265
0
1
2696 306
1
2697 42
1
2698 219
1
2699 212
1
2700 141
1
2701 28
1
2702 73
1
2703 297
1
2704 142
1
2705 246
1
2706 116
0
1
2707 115
1
2708 139
1
2709 108
1
2710 12
0
1
2711 218
0
1
2712 141
1
2713 25
0
1
2714 146
0
1
2715 40
1
2716 9
1
2717 291
1
2718 285
1
2719 67
1
2720 87
1
2721 299
0
1
2722 200
1
2723 298
1
2724 238
1
2725 75
1
2726 151
1
2727 225
1
2728 214
0
1
2729 77
0
0
1
2730 121
0
1
2731 69
1
2732 283
1
2733 155
1
2734 214
0
0
0
1
2735 18
1
2736 43
1
2737 96
1
2738 144
0
1
2739 96
1
2740 108
0
1
2741 44
1
2742 148
1
2743 222
1
2744 137
1
2745 281
0
0
0
1
2746 133
1
2747 233
1
2748 223
0
1
2749 100
1
2750 306
1
2751 49
1
2752 86
1
2753 45
1
2754 144
1
2755 80
1
2756 130
1
2757 34
0
1
2758 64
1
2759 306
1
2760 31
0
0
1
2761 65
1
2762 210
0
1
2763 283
1
2764 66
1
2765 155
1
2766 208
1
2767 214
1
2768 194
0
1
2769 145
1
2770 264
1
2771 180
1
2772 268
1
2773 213
0
1
2774 162
1
2775 266
1
2776 139
1
2777 147
0
1
2778 104
1
2779 108
1
2780 310
1
2781 87
1
2782 174
0
0
0
0
0
0
0
1
2783 268
1
2784 87
1
2785 151
1
2786 194
1
2787 63
0
1
2788 11
1
2789 179
0
0
0
0
1
2790 296
1
2791 104
1
2792 281
1
2793 217
1
2794 7
1
2795 231
1
2796 58
1
2797 110
1
2798 89
1
2799 310
1
2800 66
1
2801 22
1
2802 225
1
2803 208
1
2804 246
1
2805 149
1
2806 161
1
2807 292
0
1
2808 127
1
2809 205
1
2810 37
1
2811 101
1
2812 255
1
2813 211
0
0
1
2814 291
1
2815 197
1
2816 182
1
2817 255
0
1
2818 83
1
2819 284
1
2820 168
1
2821 69
0
1
2822 54
1
2823 18
1
2824 99
1
2825 68
0
1
2826 193
0
1
2827 32
1
2828 18
1
2829 199
1
2830 226
1
2831 296
1
2832 85
1
2833 230
1
2834 27
0
1
2835 178
1
2836 24
1
2837 123
1
2838 289
0
0
0
1
2839 2
1
2840 203
1
2841 103
0
1
2842 31
1
2843 263
1
2844 44
0
1
2845 307
1
2846 178
1
2847 176
1
2848 240
1
2849 102
1
2850 187
1
2851 222
1
2852 241
1
2853 2
0
1
2854 27
1
2855 94
1
2856 234
0
1
2857 119
1
2858 200
0
1
2859 83
0
1
2860 54
1
2861 120
1
2862 256
1
2863 203
1
2864 4
0
1
2865 24
0
1
2866 285
1
2867 38
0
1
2868 173
1
2869 128
1
2870 310
0
0
1
2871 265
0
1
2872 304
1
2873 259
1
2874 83
1
2875 3
0
1
2876 111
1
2877 275
1
2878 280
0
1
2879 311
0
1
2880 209
1
2881 40
1
2882 292
1
2883 58
1
2884 300
1
2885 95
1
2886 301
1
2887 21
1
2888 137
1
2889 303
1
2890 27
1
2891 54
1
2892 163
1
2893 193
1
2894 273
1
2895 113
1
2896 188
1
2897 221
1
2898 246
0
1
2899 242
1
2900 116
1
2901 130
1
2902 279
1
2903 18
1
2904 125
1
2905 79
1
2906 110
1
2907 16
1
2908 256
1
2909 254
0
1
2910 135
1
2911 116
1
2912 258
1
2913 222
0
1
2914 27
1
2915 112
1
2916 87
1
2917 311
1
2918 310
1
2919 238
1
2920 168
0
1
2921 242
0
0
0
1
2922 199
1
2923 238
1
2924 117
0
1
2925 205
1
2926 21
1
2927 191
1
2928 50
1
2929 102
1
2930 38
1
2931 210
1
2932 61
1
2933 16
0
1
2934 129
1
2935 27
1
2936 143
0
1
2937 96
1
2938 139
1
2939 150
1
2940 52
1
2941 203
0
0
0
1
2942 232
1
2943 266
0
1
2944 145
0
1
2945 122
1
2946 159
1
2947 32
1
2948 139
1
2949 288
0
1
2950 284
1
2951 259
1
2952 85
1
2953 215
1
2954 296
1
2955 25
0
1
2956 159
1
2957 136
1
2958 4
1
2959 204
1
2960 281
1
2961 259
1
2962 310
1
2963 173
1
2964 156
1
2965 122
1
2966 304
1
2967 149
1
2968 158
1
2969 205
0
1
2970 36
0
1
2971 209
1
2972 192
1
2973 106
1
2974 133
1
2975 54
1
2976 301
1
2977 179
1
2978 161
1
2979 138
1
2980 147
1
2981 37
1
2982 23
1
2983 41
1
2984 195
0
0
0
1
2985 305
0
1
2986 228
0
1
2987 33
1
2988 148
1
2989 299
0
1
2990 52
1
2991 145
1
2992 139
1
2993 258
0
0
1
2994 46
0
0
1
2995 151
1
2996 100
1
2997 219
1
2998 22
1
2999 251
1
3000 147
1
3001 182
1
3002 12
1
3003 15
1
3004 53
1
3005 270
1
3006 290
1
3007 64
1
3008 145
1
3009 180
1
3010 277
1
3011 182
1
3012 192
1
3013 264
0
1
3014 293
1
3015 39
0
1
3016 311
0
1
3017 167
1
3018 236
1
3019 145
1
3020 160
1
3021 103
1
3022 195
1
3023 268
0
1
3024 244
1
3025 110
1
3026 303
1
3027 26
1
3028 154
0
1
3029 305
1
3030 78
0
0
1
3031 167
1
3032 225
1
3033 272
1
3034 27
1
3035 38
1
3036 238
1
3037 83
1
3038 166
1
3039 168
1
3040 35
1
3041 87
0
1
3042 110
1
3043 6
1
3044 181
0
1
3045 101
1
3046 186
1
3047 204
1
3048 106
1
3049 141
1
3050 241
1
3051 84
1
3052 187
1
3053 194
1
3054 308
0
0
1
3055 160
1
3056 47
1
3057 34
1
3058 53
0
1
3059 287
0
1
3060 301
1
3061 172
1
3062 145
1
3063 93
1
3064 12
0
1
3065 143
1
3066 103
1
3067 120
1
3068 152
1
3069 62
1
3070 134
0
1
3071 125
1
3072 86
1
3073 270
1
3074 95
1
3075 195
1
3076 136
1
3077 222
1
3078 284
0
1
3079 16
1
3080 278
0
0
1
3081 289
1
3082 27
1
3083 266
1
3084 298
1
3085 102
0
1
3086 214
1
3087 122
1
3088 123
1
3089 135
1
3090 76
0
1
3091 179
1
3092 182
1
3093 190
0
0
0
1
3094 76
1
3095 266
1
3096 168
1
3097 136
1
3098 9
1
3099 261
0
1
3100 183
1
3101 211
1
3102 46
0
0
0
1
3103 14
1
3104 229
1
3105 271
1
3106 231
1
3107 118
1
3108 276
1
3109 63
1
3110 102
1
3111 179
0
0
1
3112 36
1
3113 200
1
3114 12
1
3115 20
0
1
3116 26
1
3117 224
1
3118 177
1
3119 69
1
3120 293
1
3121 218
1
3122 232
0
1
3123 42
1
3124 131
0
1
3125 157
1
3126 136
1
3127 112
1
3128 173
1
3129 63
1
3130 194
1
3131 287
1
3132 226
1
3133 209
1
3134 200
1
3135 20
1
3136 171
1
3137 154
0
0
0
1
3138 308
1
3139 25
1
3140 18
1
3141 295
1
3142 140
0
1
3143 40
1
3144 84
0
1
3145 223
1
3146 299
1
3147 76
1
3148 226
1
3149 83
0
1
3150 145
1
3151 196
1
3152 126
1
3153 83
1
3154 72
1
3155 118
1
3156 31
1
3157 246
1
3158 3
1
3159 105
1
3160 116
1
3161 123
0
0
1
3162 54
1
3163 122
1
3164 142
1
3165 136
1
3166 231
1
3167 302
1
3168 50
1
3169 17
0
0
1
3170 208
1
3171 309
1
3172 268
0
1
3173 221
1
3174 280
1
3175 266
1
3176 52
0
1
3177 119
1
3178 182
1
3179 3
1
3180 259
1
3181 71
1
3182 12
1
3183 268
1
3184 66
1
3185 178
0
0
1
3186 125
1
3187 145
1
3188 279
0
1
3189 144
1
3190 142
1
3191 273
1
3192 106
1
3193 34
1
3194 292
0
1
3195 276
1
3196 187
0
0
1
3197 179
1
3198 8
0
1
3199 52
1
3200 249
1
3201 265
1
3202 14
1
3203 236
0
1
3204 278
1
3205 226
1
3206 226
1
3207 34
1
3208 223
1
3209 94
1
3210 202
0
1
3211 271
1
3212 214
1
3213 120
1
3214 152
1
3215 212
1
3216 259
1
3217 232
0
1
3218 259
1
3219 149
1
3220 181
0
1
3221 248
1
3222 39
1
3223 33
1
3224 172
0
1
3225 170
1
3226 33
1
3227 18
0
0
1
3228 251
1
3229 260
1
3230 156
1
3231 146
1
3232 88
1
3233 135
1
3234 86
1
3235 113
1
3236 17
1
3237 201
1
3238 113
1
3239 239
1
3240 92
1
3241 2
1
3242 83
1
3243 237
1
3244 106
1
3245 79
1
3246 124
0
1
3247 207
1
3248 154
1
3249 234
1
3250 265
1
3251 261
1
3252 56
0
1
3253 122
1
3254 115
1
3255 162
1
3256 212
1
3257 262
1
3258 259
1
3259 59
1
3260 176
1
3261 270
1
3262 307
1
3263 105
1
3264 289
0
0
1
3265 127
1
3266 42
1
3267 295
1
3268 254
1
3269 13
0
0
1
3270 165
0
0
1
3271 266
1
3272 238
0
1
3273 173
1
3274 81
1
3275 308
0
1
3276 168
1
3277 84
1
3278 243
1
3279 309
1
3280 37
1
3281 269
1
3282 296
0
1
3283 257
1
3284 219
1
3285 266
1
3286 182
1
3287 307
1
3288 62
1
3289 47
0
1
3290 190
1
3291 37
1
3292 104
1
3293 120
1
3294 270
1
3295 268
1
3296 246
1
3297 88
1
3298 124
1
3299 172
0
1
3300 172
1
3301 295
1
3302 186
1
3303 181
1
3304 133
1
3305 235
1
3306 259
1
3307 178
1
3308 140
0
0
1
3309 64
1
3310 216
1
3311 111
1
3312 213
1
3313 271
1
3314 223
1
3315 135
1
3316 295
1
3317 130
1
3318 205
0
1
3319 64
0
1
3320 257
1
3321 120
1
3322 114
1
3323 290
1
3324 64
1
3325 211
1
3326 191
1
3327 213
1
3328 48
0
1
3329 246
0
1
3330 115
1
3331 218
1
3332 102
1
3333 305
0
1
3334 135
1
3335 135
1
3336 23
1
3337 233
1
3338 57
1
3339 56
1
3340 133
1
3341 253
1
3342 47
1
3343 89
1
3344 130
1
3345 76
1
3346 174
1
3347 197
1
3348 299
1
3349 303
0
1
3350 260
1
3351 223
1
3352 122
1
3353 282
1
3354 102
1
3355 180
1
3356 257
1
3357 282
1
3358 33
1
3359 276
1
3360 72
0
0
0
1
3361 234
1
3362 301
1
3363 296
1
3364 249
1
3365 86
1
3366 306
1
3367 34
1
3368 220
0
1
3369 22
1
3370 284
1
3371 213
1
3372 140
1
3373 224
1
3374 164
1
3375 122
1
3376 29
0
1
3377 225
1
3378 139
1
3379 205
1
3380 160
1
3381 55
1
3382 208
0
1
3383 115
1
3384 264
1
3385 159
1
3386 65
1
3387 271
1
3388 11
1
3389 95
1
3390 135
1
3391 124
1
3392 186
1
3393 115
1
3394 27
1
3395 197
1
3396 176
1
3397 73
1
3398 250
1
3399 122
1
3400 198
1
3401 233
1
3402 52
1
3403 58
1
3404 124
1
3405 117
1
3406 94
1
3407 220
1
3408 20
1
3409 22
0
1
3410 269
1
3411 273
0
1
3412 102
0
1
3413 209
1
3414 155
0
1
3415 263
1
3416 185
1
3417 168
1
3418 184
1
3419 27
1
3420 174
1
3421 32
0
1
3422 277
1
3423 135
1
3424 251
1
3425 194
1
3426 51
1
3427 219
1
3428 253
0
1
3429 284
1
3430 122
1
3431 184
1
3432 246
1
3433 276
1
3434 142
1
3435 43
1
3436 238
1
3437 249
1
3438 119
1
3439 174
1
3440 131
0
0
1
3441 190
1
3442 61
1
3443 92
1
3444 194
1
3445 215
1
3446 56
1
3447 115
1
3448 245
1
3449 29
1
3450 115
1
3451 222
1
3452 308
1
3453 190
1
3454 151
0
1
3455 48
0
1
3456 172
1
3457 294
1
3458 88
1
3459 141
1
3460 259
1
3461 84
0
0
1
3462 129
1
3463 33
1
3464 206
1
3465 125
1
3466 52
1
3467 96
1
3468 8
0
1
3469 158
1
3470 152
1
3471 76
1
3472 42
0
1
3473 45
1
3474 258
1
3475 203
1
3476 292
0
1
3477 293
1
3478 108
1
3479 215
0
1
3480 73
1
3481 95
1
3482 114
1
3483 271
1
3484 116
1
3485 219
1
3486 14
1
3487 280
1
3488 181
1
3489 127
0
1
3490 237
1
3491 123
1
3492 147
0
1
3493 228
1
3494 41
1
3495 273
1
3496 76
1
3497 66
1
3498 271
1
3499 239
1
3500 27
1
3501 53
1
3502 241
1
3503 102
1
3504 188
1
3505 184
1
3506 238
1
3507 263
0
1
3508 12
1
3509 186
0
1
3510 16
1
3511 172
1
3512 78
1
3513 261
1
3514 123
1
3515 166
1
3516 54
1
3517 177
0
1
3518 220
1
3519 27
1
3520 21
1
3521 67
1
3522 268
1
3523 276
1
3524 117
0
1
3525 74
1
3526 243
1
3527 127
0
1
3528 286
1
3529 202
1
3530 35
1
3531 143
1
3532 268
1
3533 106
1
3534 203
1
3535 265
0
1
3536 289
1
3537 135
1
3538 3
1
3539 141
1
3540 30
1
3541 31
1
3542 63
1
3543 156
1
3544 229
1
3545 131
1
3546 84
1
3547 258
1
3548 102
1
3549 16
1
3550 287
1
3551 237
1
3552 226
1
3553 203
1
3554 281
1
3555 188
1
3556 160
1
3557 80
1
3558 59
1
3559 277
1
3560 8
1
3561 14
0
1
3562 129
1
3563 58
1
3564 20
1
3565 14
0
1
3566 51
1
3567 81
1
3568 133
1
3569 284
1
3570 30
1
3571 219
1
3572 172
1
3573 309
1
3574 98
1
3575 42
1
3576 105
1
3577 246
1
3578 81
1
3579 213
1
3580 207
1
3581 136
1
3582 280
1
3583 259
1
3584 29
0
1
3585 164
1
3586 194
1
3587 24
1
3588 177
0
1
3589 120
1
3590 38
0
1
3591 143
1
3592 137
0
1
3593 66
1
3594 141
1
3595 278
1
3596 280
0
1
3597 130
1
3598 174
1
3599 102
0
1
3600 209
0
1
3601 166
1
3602 88
1
3603 212
1
3604 194
0
0
1
3605 108
1
3606 199
0
1
3607 240
1
3608 36
1
3609 305
0
1
3610 38
1
3611 264
1
3612 147
1
3613 305
0
1
3614 259
1
3615 154
1
3616 55
1
3617 260
1
3618 265
1
3619 137
1
3620 219
0
1
3621 219
1
3622 18
0
1
3623 162
0
1
3624 107
1
3625 203
1
3626 231
0
0
1
3627 138
1
3628 298
1
3629 264
1
3630 268
1
3631 271
1
3632 294
1
3633 50
1
3634 250
1
3635 238
1
3636 216
1
3637 303
1
3638 156
1
3639 117
0
1
3640 294
1
3641 271
0
1
3642 157
1
3643 172
1
3644 107
1
3645 142
0
1
3646 277
1
3647 281
1
3648 87
1
3649 43
1
3650 191
1
3651 102
1
3652 206
1
3653 160
1
3654 210
1
3655 215
1
3656 166
0
1
3657 73
1
3658 122
1
3659 111
1
3660 219
0
0
1
3661 274
1
3662 184
1
3663 256
1
3664 202
1
3665 296
1
3666 251
1
3667 140
1
3668 154
0
0
1
3669 215
1
3670 27
1
3671 68
1
3672 105
0
1
3673 172
1
3674 163
1
3675 194
1
3676 135
1
3677 235
0
1
3678 221
1
3679 64
1
3680 26
1
3681 4
1
3682 43
1
3683 281
0
1
3684 135
1
3685 103
1
3686 274
1
3687 301
1
3688 302
1
3689 26
1
3690 83
1
3691 97
1
3692 171
1
3693 137
1
3694 299
1
3695 123
1
3696 108
1
3697 32
1
3698 23
1
3699 177
1
3700 191
1
3701 31
1
3702 262
1
3703 290
0
1
3704 160
1
3705 35
1
3706 167
1
3707 262
1
3708 26
1
3709 134
1
3710 211
1
3711 258
0
1
3712 245
1
3713 119
0
0
1
3714 214
1
3715 8
1
3716 87
1
3717 255
0
1
3718 151
1
3719 307
1
3720 238
1
3721 207
1
3722 117
1
3723 140
1
3724 127
1
3725 245
0
1
3726 228
1
3727 179
1
3728 256
1
3729 213
0
1
3730 188
0
1
3731 270
1
3732 91
1
3733 151
1
3734 35
1
3735 28
1
3736 116
1
3737 167
1
3738 216
1
3739 108
1
3740 280
1
3741 70
0
0
1
3742 135
1
3743 73
1
3744 246
1
3745 102
0
0
1
3746 46
1
3747 116
1
3748 293
1
3749 182
1
3750 215
1
3751 167
1
3752 91
1
3753 206
1
3754 203
1
3755 133
1
3756 98
0
1
3757 63
1
3758 224
1
3759 207
1
3760 191
0
1
3761 40
0
1
3762 59
1
3763 258
1
3764 110
1
3765 78
1
3766 217
1
3767 264
1
3768 309
1
3769 201
1
3770 96
1
3771 241
1
3772 98
1
3773 221
1
3774 167
1
3775 264
1
3776 122
1
3777 284
1
3778 99
1
3779 94
0
1
3780 258
1
3781 296
1
3782 171
1
3783 34
1
3784 126
0
1
3785 271
1
3786 208
1
3787 257
1
3788 180
1
3789 229
1
3790 103
1
3791 131
1
3792 311
1
3793 279
1
3794 308
1
3795 126
1
3796 147
1
3797 117
0
1
3798 113
1
3799 159
1
3800 20
1
3801 212
1
3802 55
1
3803 185
1
3804 141
1
3805 179
1
3806 3
1
3807 259
1
3808 19
1
3809 165
1
3810 68
1
3811 102
1
3812 103
1
3813 147
1
3814 244
1
3815 42
1
3816 243
1
3817 211
0
1
3818 48
1
3819 288
1
3820 254
1
3821 15
1
3822 193
1
3823 136
1
3824 238
1
3825 127
1
3826 302
1
3827 153
1
3828 271
1
3829 180
1
3830 265
1
3831 259
1
3832 200
1
3833 108
1
3834 279
1
3835 286
1
3836 88
1
3837 267
1
3838 23
1
3839 217
1
3840 176
1
3841 217
1
3842 284
1
3843 88
1
3844 255
0
1
3845 294
1
3846 227
1
3847 11
1
3848 290
1
3849 133
1
3850 73
1
3851 72
1
3852 132
1
3853 179
0
1
3854 196
1
3855 79
1
3856 42
1
3857 83
1
3858 79
1
3859 195
1
3860 161
1
3861 20
1
3862 308
1
3863 168
1
3864 208
1
3865 104
0
1
3866 91
1
3867 124
1
3868 253
1
3869 73
1
3870 250
1
3871 70
1
3872 99
1
3873 252
1
3874 186
1
3875 298
0
1
3876 38
1
3877 140
1
3878 94
1
3879 99
1
3880 23
0
1
3881 55
1
3882 16
1
3883 156
1
3884 246
1
3885 173
1
3886 87
1
3887 135
1
3888 74
1
3889 111
1
3890 253
1
3891 263
1
3892 19
1
3893 110
1
3894 148
1
3895 311
1
3896 189
1
3897 254
1
3898 211
1
3899 296
1
3900 222
1
3901 40
1
3902 102
1
3903 101
1
3904 200
1
3905 66
1
3906 42
0
1
3907 98
0
1
3908 232
1
3909 129
1
3910 237
1
3911 281
1
3912 54
1
3913 208
1
3914 98
1
3915 135
1
3916 23
1
3917 34
1
3918 37
1
3919 234
1
3920 6
1
3921 259
0
1
3922 63
1
3923 223
1
3924 148
1
3925 227
1
3926 63
1
3927 173
1
3928 108
1
3929 218
1
3930 141
1
3931 140
1
3932 194
1
3933 239
1
3934 66
1
3935 42
1
3936 24
1
3937 273
1
3938 219
1
3939 288
1
3940 304
1
3941 105
1
3942 103
1
3943 104
1
3944 141
1
3945 161
1
3946 93
1
3947 106
1
3948 282
1
3949 90
1
3950 218
1
3951 72
1
3952 2
1
3953 145
1
3954 73
1
3955 223
1
3956 306
1
3957 110
1
3958 60
1
3959 34
1
3960 156
1
3961 172
0
1
3962 204
1
3963 60
1
3964 122
0
1
3965 171
1
3966 156
1
3967 104
1
3968 153
1
3969 6
1
3970 197
1
3971 241
1
3972 284
1
3973 232
1
3974 161
1
3975 223
1
3976 73
1
3977 302
1
3978 120
1
3979 48
1
3980 51
1
3981 109
1
3982 4
1
3983 152
1
3984 115
1
3985 16
1
3986 87
1
3987 57
1
3988 74
1
3989 87
1
3990 264
1
3991 108
1
3992 266
1
3993 26
1
3994 202
0
1
3995 284
1
3996 20
0
1
3997 295
0
1
3998 299
1
3999 268
1
4000 86
1
4001 181
1
4002 14
1
4003 209
1
4004 111
1
4005 253
1
4006 79
0
1
4007 15
1
4008 42
1
4009 209
1
4010 50
1
4011 244
0
0
1
4012 271
1
4013 218
1
4014 196
1
4015 115
1
4016 283
1
4017 121
0
1
4018 163
1
4019 173
1
4020 189
1
4021 154
1
4022 288
1
4023 298
1
4024 308
1
4025 97
1
4026 207
1
4027 150
0
1
4028 68
1
4029 254
1
4030 275
1
4031 69
1
4032 264
1
4033 123
1
4034 232
1
4035 103
1
4036 292
1
4037 173
1
4038 145
1
4039 23
1
4040 185
1
4041 19
1
4042 107
0
1
4043 103
1
4044 38
1
4045 239
1
4046 85
1
4047 258
1
4048 278
1
4049 252
1
4050 32
1
4051 132
1
4052 122
1
4053 307
0
1
4054 71
1
4055 224
1
4056 183
1
4057 175
0
1
4058 155
1
4059 180
1
4060 15
1
4061 285
1
4062 196
1
4063 274
1
4064 250
1
4065 117
1
4066 252
1
4067 247
1
4068 19
1
4069 12
1
4070 108
1
4071 250
1
4072 188
1
4073 2
0
1
4074 123
1
4075 192
1
4076 184
1
4077 147
1
4078 135
1
4079 122
1
4080 19
1
4081 258
1
4082 115
1
4083 122
1
4084 76
1
4085 200
1
4086 154
1
4087 275
1
4088 3
1
4089 284
1
4090 73
1
4091 269
1
4092 6
1
4093 53
1
4094 238
0
1
4095 168
1
4096 24
1
4097 24
1
4098 293
1
4099 259
1
4100 24
1
4101 15
1
4102 56
1
4103 261
1
4104 22
1
4105 167
1
4106 226
1
4107 272
1
4108 211
1
4109 115
1
4110 166
1
4111 91
1
4112 39
1
4113 129
1
4114 62
1
4115 103
1
4116 201
1
4117 124
1
4118 237
0
1
4119 158
1
4120 55
1
4121 180
1
4122 26
1
4123 118
1
4124 48
0
1
4125 12
1
4126 170
1
4127 116
1
4128 107
1
4129 252
1
4130 204
1
4131 50
1
4132 22
1
4133 255
1
4134 269
1
4135 130
1
4136 71
1
4137 285
1
4138 278
1
4139 54
1
4140 142
1
4141 98
1
4142 69
1
4143 113
1
4144 106
1
4145 55
1
4146 38
0
1
4147 54
1
4148 54
1
4149 14
1
4150 270
1
4151 149
1
4152 73
1
4153 232
1
4154 7
1
4155 80
1
4156 222
1
4157 274
1
4158 199
1
4159 303
1
4160 164
1
4161 276
1
4162 207
1
4163 64
1
4164 246
1
4165 228
1
4166 271
1
4167 245
1
4168 236
1
4169 14
1
4170 173
1
4171 35
1
4172 129
1
4173 153
1
4174 291
1
4175 249
1
4176 51
1
4177 48
1
4178 27
1
4179 245
1
4180 195
1
4181 138
1
4182 123
1
4183 311
1
4184 82
1
4185 300
1
4186 278
1
4187 220
1
4188 267
1
4189 20
1
4190 77
1
4191 151
1
4192 98
1
4193 193
1
4194 77
1
4195 46
1
4196 187
1
4197 166
1
4198 279
1
4199 33
1
4200 105
1
4201 256
1
4202 237
1
4203 291
1
4204 261
1
4205 135
1
4206 159
0
1
4207 35
1
4208 25
1
4209 178
1
4210 27
1
4211 306
1
4212 171
1
4213 105
1
4214 179
1
4215 239
1
4216 164
1
4217 143
1
4218 147
1
4219 29
1
4220 146
1
4221 296
1
4222 305
1
4223 160
1
4224 153
1
4225 162
1
4226 107
1
4227 181
1
4228 265
1
4229 127
1
4230 227
1
4231 134
1
4232 92
1
4233 151
1
4234 130
1
4235 217
1
4236 195
1
4237 272
1
4238 172
1
4239 195
1
4240 226
1
4241 72
1
4242 136
1
4243 185
1
4244 108
1
4245 44
1
4246 268
1
4247 102
1
4248 286
1
4249 246
1
4250 266
1
4251 124
1
4252 259
1
4253 130
0
0
1
4254 101
1
4255 168
1
4256 273
1
4257 64
0
1
4258 162
1
4259 145
1
4260 278
1
4261 97
1
4262 32
1
4263 240
1
4264 142
1
4265 259
1
4266 111
0
1
4267 142
1
4268 196
1
4269 153
1
4270 234
1
4271 66
1
4272 225
0
1
4273 31
1
4274 172
1
4275 31
1
4276 28
1
4277 174
1
4278 241
1
4279 12
1
4280 103
1
4281 194
0
1
4282 253
1
4283 26
1
4284 46
1
4285 36
1
4286 193
1
4287 27
0
1
4288 32
1
4289 231
1
4290 309
1
4291 132
1
4292 57
1
4293 215
1
4294 73
1
4295 63
1
4296 94
1
4297 159
1
4298 70
0
1
4299 297
1
4300 133
1
4301 65
1
4302 224
1
4303 270
1
4304 242
1
4305 305
1
4306 102
1
4307 41
1
4308 106
1
4309 213
1
4310 168
1
4311 37
1
4312 188
1
4313 163
1
4314 282
1
4315 74
0
1
4316 137
1
4317 185
1
4318 215
0
1
4319 223
1
4320 79
1
4321 129
1
4322 45
1
4323 244
1
4324 217
1
4325 5
1
4326 131
1
4327 281
1
4328 77
1
4329 47
1
4330 104
1
4331 115
1
4332 295
1
4333 14
1
4334 261
1
4335 190
1
4336 130
1
4337 12
1
4338 273
1
4339 181
1
4340 40
1
4341 262
1
4342 271
1
4343 206
1
4344 153
1
4345 123
1
4346 188
1
4347 129
1
4348 290
1
4349 255
0
1
4350 225
1
4351 120
1
4352 52
1
4353 91
1
4354 304
1
4355 57
1
4356 128
1
4357 87
1
4358 252
1
4359 35
1
4360 115
1
4361 64
1
4362 218
1
4363 115
1
4364 213
1
4365 30
1
4366 112
1
4367 271
1
4368 94
1
4369 32
1
4370 160
1
4371 246
1
4372 156
1
4373 84
1
4374 223
0
1
4375 271
1
4376 281
1
4377 108
1
4378 56
1
4379 229
1
4380 76
0
1
4381 209
1
4382 193
1
4383 109
1
4384 305
1
4385 181
1
4386 237
1
4387 170
1
4388 10
1
4389 310
0
1
4390 56
1
4391 165
1
4392 68
1
4393 114
1
4394 231
0
1
4395 282
1
4396 292
1
4397 13
1
4398 42
1
4399 130
1
4400 274
1
4401 135
0
1
4402 95
1
4403 80
1
4404 7
1
4405 285
1
4406 297
1
4407 141
1
4408 73
1
4409 87
1
4410 89
1
4411 113
1
4412 298
1
4413 172
1
4414 111
1
4415 148
1
4416 123
1
4417 246
1
4418 19
1
4419 237
1
4420 14
1
4421 156
1
4422 57
1
4423 286
0
1
4424 244
1
4425 89
1
4426 237
1
4427 255
1
4428 195
1
4429 80
1
4430 33
1
4431 139
1
4432 129
1
4433 155
1
4434 136
1
4435 292
1
4436 249
1
4437 48
1
4438 115
1
4439 32
1
4440 173
1
4441 53
1
4442 297
1
4443 131
1
4444 299
1
4445 80
1
4446 282
1
4447 177
1
4448 182
1
4449 93
1
4450 155
1
4451 216
1
4452 244
1
4453 49
1
4454 261
1
4455 139
1
4456 199
1
4457 74
1
4458 55
1
4459 167
1
4460 40
1
4461 190
1
4462 160
1
4463 42
1
4464 80
1
4465 172
1
4466 179
1
4467 154
1
4468 208
1
4469 66
1
4470 133
1
4471 45
1
4472 157
1
4473 173
1
4474 208
1
4475 63
1
4476 89
1
4477 198
1
4478 137
1
4479 271
1
4480 247
1
4481 176
1
4482 265
1
4483 79
1
4484 254
1
4485 302
1
4486 235
1
4487 220
1
4488 273
1
4489 87
1
4490 219
1
4491 120
1
4492 24
1
4493 84
1
4494 80
1
4495 85
1
4496 289
1
4497 285
1
4498 291
1
4499 102
1
4500 148
1
4501 8
1
4502 12
1
4503 49
1
4504 307
1
4505 94
1
4506 152
1
4507 81
1
4508 272
1
4509 242
1
4510 296
1
4511 126
1
4512 216
1
4513 119
1
4514 121
0
1
4515 167
1
4516 28
0
1
4517 133
1
4518 89
1
4519 23
1
4520 120
1
4521 272
1
4522 300
1
4523 142
1
4524 179
1
4525 99
1
4526 284
1
4527 252
1
4528 38
1
4529 121
1
4530 275
1
4531 19
1
4532 268
1
4533 268
1
4534 142
1
4535 66
1
4536 122
1
4537 99
1
4538 2
1
4539 163
1
4540 240
1
4541 87
1
4542 265
1
4543 80
1
4544 122
1
4545 157
1
4546 9
1
4547 265
1
4548 219
1
4549 300
1
4550 234
1
4551 61
1
4552 299
1
4553 167
1
4554 93
1
4555 250
1
4556 156
1
4557 71
1
4558 264
1
4559 294
1
4560 206
1
4561 133
1
4562 268
1
4563 73
1
4564 294
1
4565 272
1
4566 122
1
4567 217
1
4568 297
1
4569 24
1
4570 228
1
4571 238
1
4572 40
1
4573 123
1
4574 200
1
4575 76
1
4576 276
1
4577 227
1
4578 70
1
4579 233
1
4580 139
1
4581 113
1
4582 285
1
4583 43
1
4584 295
1
4585 246
1
4586 99
1
4587 4
1
4588 123
1
4589 113
1
4590 100
1
4591 117
1
4592 223
1
4593 179
1
4594 239
1
4595 37
1
4596 91
1
4597 254
1
4598 126
1
4599 87
1
4600 39
1
4601 201
1
4602 247
1
4603 287
1
4604 66
1
4605 55
1
4606 281
1
4607 189
1
4608 276
1
4609 165
1
4610 142
1
4611 174
1
4612 42
1
4613 281
1
4614 26
1
4615 147
1
4616 120
1
4617 57
1
4618 27
1
4619 12
1
4620 13
1
4621 70
1
4622 251
1
4623 105
1
4624 85
1
4625 241
1
4626 256
1
4627 15
1
4628 196
1
4629 97
1
4630 292
1
4631 274
1
4632 35
1
4633 123
1
4634 45
1
4635 6
1
4636 214
1
4637 189
1
4638 162
1
4639 94
1
4640 135
1
4641 49
1
4642 160
1
4643 299
1
4644 219
1
4645 251
1
4646 289
1
4647 48
1
4648 157
1
4649 210
1
4650 223
1
4651 128
1
4652 288
1
4653 87
1
4654 42
1
4655 173
1
4656 147
1
4657 186
1
4658 66
1
4659 223
1
4660 79
1
4661 254
1
4662 260
1
4663 269
1
4664 272
1
4665 160
1
4666 35
1
4667 82
1
4668 292
1
4669 87
1
4670 74
1
4671 176
1
4672 208
1
4673 230
1
4674 301
1
4675 171
1
4676 183
1
4677 154
1
4678 146
1
4679 311
1
4680 195
1
4681 108
1
4682 98
1
4683 208
1
4684 233
1
4685 46
1
4686 152
1
4687 94
1
4688 128
1
4689 280
1
4690 290
1
4691 6
1
4692 285
1
4693 228
1
4694 67
1
4695 153
1
4696 256
1
4697 56
1
4698 21
1
4699 268
1
4700 267
1
4701 17
1
4702 209
1
4703 116
1
4704 113
1
4705 106
1
4706 5
1
4707 156
1
4708 136
1
4709 163
1
4710 124
1
4711 171
1
4712 265
1
4713 121
1
4714 124
1
4715 224
1
4716 96
1
4717 42
1
4718 182
1
4719 145
1
4720 241
1
4721 32
1
4722 302
1
4723 274
1
4724 254
1
4725 190
1
4726 287
1
4727 155
1
4728 223
1
4729 170
1
4730 32
1
4731 87
1
4732 67
1
4733 139
1
4734 284
1
4735 112
0
1
4736 43
1
4737 12
1
4738 127
1
4739 178
1
4740 236
0
1
4741 108
1
4742 18
1
4743 233
1
4744 167
1
4745 294
1
4746 96
1
4747 190
1
4748 4
1
4749 290
0
1
4750 216
0
0
0
0
0
0
0
1
4751 47
1
4752 130
1
4753 3
0
0
0
0
0
0
0
0
0
0
0
0
0
0
0
0
0
0
0
0
0
0
0
0
0
0
0
0
0
0
0
0
0
0
0
0
0
0
0
0
0
0
0
0
0
0
0
0
0
0
0
0
0
0
0
0
0
0
0
0
0
0
0
0
0
0
0
0
0
0
0
0
0
0
0
0
0
0
0
0
0
0
0
0
0
0
0
0
0
0
0
0
0
0
0
0
0
0
0
0
0
0
0
0
0
0
0
0
0
0
0
0
0
0
0
0
0
0
0
0
0
0
0
0
0
0
0
0
0
0
0
0
0
0
0
0
0
0
0
0
0
0
0
0
0
0
0
0
0
0
0
0
0
0
0
0
0
0
0
0
0
0
0
0
0
0
0
0
0
0
0
0
0
0
0
0
0
0
0
0
0
0
0
0
0
0
0
0
0
0
0
0
0
0
0
0
0
0
0
0
0
0
0
0
0
0
0
0
0
0
0
0
0
0
0
0
0
0
0
0
0
0
0
0
0
0
0
0
0
0
0
0
0
0
0
0
0
0
0
0
0
0
0
0
0
0
0
0
0
0
0
0
0
0
0
0
0
0
0
0
0
0
0
0
0
0
0
0
0
0
0
0
0
0
0
0
0
0
0
0
0
0
0
0
0
0
0
0
0
0
0
0
0
0
0
0
0
0
0
0
0
0
0
0
0
0
0
0
0
0
0
0
0
0
0
0
0
0
0
0
0
0
0
0
0
0
0
0
0
0
0
0
0
0
0
0
0
0
0
0
0
0
0
0
0
0
0
0
0
0
0
0
0
0
0
0
0
0
0
0
0
0
0
0
0
0
0
0
0
0
0
0
0
0
0
0
0
0
0
0
0
0
0
0
0
0
0
0
0
0
0
0
0
0
0
0
0
0
0
0
0
0
0
0
0
0
0
0
0
0
0
0
0
0
0
0
0
0
0
0
0
0
0
0
0
0
0
0
0
0
0
0
0
0
0
0
0
0
0
0
0
0
0
0
0
0
0
0
0
0
0
0
0
0
0
0
0
0
0
0
0
0
0
0
0
0
0
0
0
0
0
0
0
0
0
0
0
0
0
0
0
0
0
0
0
0
0
0
0
0
0
0
0
0
0
0
0
0
0
0
0
0
0
0
0
0
