352 572
277 345 4
62 61 3
3 146 3
112 308 5
310 49 4
93 184 3
275 190 4
85 333 3
132 24 2
303 305 3
250 21 2
72 105 2
269 168 3
162 221 3
334 136 3
11 195 4
31 244 2
280 316 3
259 189 4
115 107 3
250 12 1
130 138 4
239 3 3
202 254 5
156 279 4
54 135 1
296 303 4
101 224 2
71 161 3
182 351 4
46 59 4
149 325 3
29 278 4
194 303 2
118 191 3
298 200 3
36 191 3
178 337 3
341 208 3
223 123 4
264 277 3
81 133 2
266 120 2
78 74 4
81 145 3
218 104 2
214 94 3
226 311 2
105 90 3
160 170 4
252 228 5
252 91 4
136 196 3
24 203 3
86 213 2
128 311 4
208 320 3
153 215 4
205 84 3
217 41 4
77 60 3
125 58 2
107 137 4
302 129 3
249 258 2
271 99 3
187 117 4
333 330 2
294 224 4
267 73 2
48 339 2
7 40 2
2 256 3
280 61 3
38 163 5
324 298 5
54 111 4
169 342 3
84 136 2
113 176 4
268 19 3
106 227 4
19 191 4
12 21 2
244 110 2
32 89 3
36 56 5
126 28 3
134 51 4
132 212 2
39 314 2
309 134 4
22 235 4
347 33 3
101 186 4
322 229 5
34 20 4
348 339 1
5 117 4
319 40 3
165 47 4
50 160 4
68 274 4
65 159 4
142 250 2
331 169 5
329 246 4
173 118 4
177 257 4
157 208 2
163 237 4
157 288 3
243 270 3
13 193 2
304 286 3
45 263 3
209 179 3
219 271 3
127 130 2
105 216 3
100 190 4
51 283 2
307 352 4
341 323 5
28 39 2
345 264 3
112 109 4
15 337 4
212 238 3
57 33 2
108 42 4
261 159 3
128 226 3
144 264 1
315 305 4
294 120 3
260 267 4
204 242 3
149 187 3
79 246 3
319 77 2
337 170 3
228 332 4
147 62 3
136 23 4
74 76 2
81 299 2
148 262 3
344 37 3
217 350 3
20 133 3
121 125 4
72 43 3
210 238 4
214 25 3
103 67 3
96 255 3
168 225 5
188 241 5
321 285 2
89 87 4
276 63 2
142 52 4
342 198 2
27 317 3
12 142 3
4 232 5
203 153 4
314 165 3
154 10 5
6 242 3
211 85 2
135 8 4
338 288 4
263 139 3
198 291 2
57 298 4
240 35 1
181 293 3
324 202 2
94 87 3
297 196 2
313 276 2
255 158 2
52 177 2
74 185 3
314 28 2
15 284 3
192 13 4
199 125 3
55 90 4
41 152 2
305 222 3
33 172 2
216 72 2
83 76 4
336 349 2
55 315 2
266 188 3
10 344 4
241 120 2
48 348 1
182 98 5
92 173 3
124 137 4
322 218 3
289 156 3
202 155 3
327 236 1
31 110 2
336 326 3
247 162 2
339 336 3
168 166 2
299 234 5
128 293 5
184 7 3
347 116 5
261 197 4
167 345 3
60 44 2
174 253 3
244 40 4
201 347 3
121 59 3
146 220 6
266 265 5
225 269 3
267 322 1
268 36 5
108 297 2
80 299 3
17 45 3
18 256 2
138 127 4
261 65 2
114 327 2
306 93 6
6 201 5
317 55 4
341 2 3
172 95 1
47 82 4
286 218 3
88 131 4
313 258 2
287 327 2
350 152 2
167 277 4
243 233 3
88 137 5
12 257 2
242 219 1
333 75 3
87 180 3
261 151 3
173 224 3
30 207 3
348 326 3
164 5 3
89 29 3
230 256 4
265 206 2
161 273 3
281 90 3
211 274 5
38 10 3
133 1 2
149 79 2
141 285 3
329 43 4
140 61 3
114 236 1
308 318 3
218 73 5
199 58 3
14 293 2
301 151 4
50 247 3
77 7 3
115 53 4
336 228 4
68 75 2
5 292 5
38 122 3
312 338 2
308 311 3
69 210 3
92 101 2
79 325 4
306 127 2
233 24 3
194 222 3
272 54 2
193 182 3
144 333 4
254 155 4
207 246 4
116 27 2
22 82 3
273 59 2
125 59 2
215 316 4
74 346 3
150 124 3
112 318 3
204 305 4
48 128 2
51 309 3
1 15 4
343 346 3
315 90 4
234 96 3
352 16 4
179 183 3
300 265 5
271 172 2
306 335 3
279 69 3
205 334 1
185 76 2
184 244 4
214 189 3
37 219 5
189 161 3
99 95 2
231 107 4
103 285 2
258 171 5
127 209 3
22 91 3
343 340 4
276 249 4
94 29 3
49 340 3
162 295 2
155 255 3
166 276 2
272 135 3
332 4 4
92 9 3
83 346 3
83 310 3
195 106 7
291 342 2
272 8 2
145 332 4
223 217 3
186 118 4
56 129 3
196 205 3
252 348 3
338 193 4
35 150 2
177 275 4
285 69 2
323 2 2
321 67 3
104 304 2
25 121 3
175 165 3
308 14 3
212 24 2
131 35 2
118 9 3
251 64 6
141 156 3
324 126 3
259 71 4
213 175 3
344 301 4
277 26 3
57 347 2
50 78 3
255 234 4
262 106 3
66 330 3
188 67 4
194 296 2
306 138 2
147 297 2
92 224 3
117 133 4
292 325 3
351 230 2
27 201 3
148 318 3
100 185 4
13 328 2
71 282 3
129 62 3
176 153 2
72 97 3
158 102 3
207 79 3
52 63 3
95 57 2
273 121 2
150 253 2
143 3 3
181 14 4
96 102 1
312 157 5
105 55 4
69 300 2
9 19 4
114 190 4
211 68 3
170 284 3
238 113 4
307 134 4
329 30 3
223 169 3
288 312 1
75 85 3
256 198 2
304 86 3
259 273 4
66 88 5
180 331 5
23 53 4
254 158 3
268 119 3
179 11 4
187 299 3
174 152 5
154 122 3
294 101 3
130 335 2
216 243 5
226 48 1
342 18 2
271 65 5
78 44 2
95 33 3
21 142 2
302 147 4
80 4 2
334 42 4
108 316 4
139 45 3
8 221 2
275 100 3
343 98 4
269 331 3
290 146 3
173 186 5
330 85 2
115 124 3
291 18 4
320 309 3
176 203 3
167 282 4
351 340 4
324 39 4
47 235 4
199 278 3
200 229 3
289 141 4
70 113 3
222 281 3
320 174 5
310 287 4
345 144 2
160 295 2
99 172 2
97 270 4
240 253 3
229 73 3
159 200 3
155 126 3
227 148 3
245 296 3
31 40 3
46 17 5
335 183 4
1 34 4
242 38 3
149 292 2
281 132 3
98 164 3
1 178 3
237 122 3
139 282 5
80 145 2
166 225 3
349 20 3
192 328 3
164 284 3
44 319 2
323 350 3
220 260 5
231 26 3
317 43 3
70 300 3
88 231 3
103 300 4
66 26 4
296 237 4
103 321 4
323 18 3
6 315 3
230 49 3
97 13 3
202 102 4
117 81 3
220 197 4
44 50 5
82 175 4
232 235 4
151 290 4
152 217 3
140 56 4
278 32 3
135 111 3
91 232 4
220 290 3
159 197 3
130 109 3
2 18 3
251 143 2
193 328 3
313 249 2
236 287 3
84 53 3
131 240 4
111 34 4
245 289 4
171 58 3
326 349 3
62 140 4
119 241 3
247 295 3
283 153 3
123 87 2
104 213 2
251 239 4
283 316 4
279 210 4
233 16 4
309 307 3
171 32 4
17 263 3
192 246 4
206 70 3
257 142 2
272 112 3
60 319 3
270 352 2
215 248 3
37 65 5
119 248 3
286 64 4
221 295 2
178 284 2
143 260 5
203 16 3
42 196 4
8 109 3
25 29 4
30 116 5
326 339 2
280 248 3
183 209 5
23 302 3
119 206 3
63 166 3
227 181 4
262 183 3
163 204 4
41 274 3
123 180 1
10000
0
0
0
0
0
0
0
0
0
0
0
0
0
0
0
0
0
0
0
0
0
0
0
0
0
0
0
0
0
0
0
0
0
0
0
0
0
0
0
0
0
0
0
0
1
1 170
0
0
0
0
0
0
0
0
0
0
0
0
0
0
0
0
0
0
0
0
0
0
0
0
0
0
0
0
0
0
0
0
0
0
0
0
0
0
0
0
0
0
0
0
0
0
0
0
0
0
0
0
0
0
0
0
0
0
0
0
0
0
0
0
0
0
0
0
0
0
0
0
0
0
0
0
0
0
0
0
0
0
0
0
0
0
0
0
0
0
0
0
0
0
0
0
1
2 302
0
1
3 134
0
0
0
0
0
0
0
0
0
0
0
0
0
0
0
0
0
0
0
0
0
0
0
0
0
0
0
0
0
0
0
0
0
0
0
0
0
1
4 2
0
0
0
0
0
0
0
0
0
0
0
0
0
0
0
0
1
5 10
0
0
0
0
0
0
0
0
0
0
0
0
0
0
0
0
0
0
0
0
0
0
0
1
6 225
0
0
0
0
0
0
0
0
0
0
0
0
0
0
0
0
0
0
0
1
7 5
0
0
0
0
0
0
0
0
0
0
0
0
0
0
0
0
0
0
0
0
0
0
0
0
0
0
0
0
0
0
0
0
0
0
0
0
0
0
0
0
0
0
0
0
0
0
0
0
1
8 233
0
0
0
0
0
0
0
1
9 159
0
0
0
0
0
1
10 284
0
0
0
0
0
0
0
0
0
0
0
0
0
0
0
0
0
0
0
0
0
1
11 347
0
0
0
0
0
0
0
0
0
0
0
0
0
0
1
12 223
0
0
0
1
13 114
0
0
0
0
0
0
0
0
0
0
0
0
0
0
0
0
0
0
0
0
0
0
0
0
0
0
0
0
0
0
0
0
0
0
0
0
0
0
0
0
0
0
0
0
0
0
0
0
1
14 256
0
0
0
0
1
15 12
0
0
0
0
0
0
0
0
0
0
0
0
0
0
0
0
0
0
0
0
0
0
0
0
0
0
0
0
0
0
0
0
1
16 185
0
0
0
0
0
0
0
0
0
0
0
0
0
0
0
0
0
0
0
0
0
0
1
17 27
0
0
0
0
0
1
18 350
0
0
0
0
0
0
0
0
0
0
1
19 282
1
20 235
0
0
0
0
0
0
0
0
0
0
0
0
0
0
0
0
0
1
21 223
0
0
1
22 122
0
0
0
0
0
0
0
0
0
0
0
0
0
0
0
0
1
23 343
0
0
0
0
0
0
0
0
0
0
0
0
0
0
0
0
0
0
0
0
1
24 11
0
0
0
0
0
0
0
1
25 105
0
0
0
0
0
0
0
0
0
0
0
1
26 290
0
0
0
0
0
0
1
27 181
0
1
28 156
0
0
0
1
29 86
0
0
0
0
1
30 89
0
1
31 105
0
0
0
0
0
0
0
0
0
0
0
1
32 44
1
33 294
0
0
0
0
0
0
0
0
0
0
0
0
0
0
0
1
34 92
0
0
0
0
0
0
0
0
0
0
0
0
1
35 94
0
0
0
0
0
0
0
0
0
0
0
0
0
1
36 211
0
0
0
0
0
0
0
0
0
0
0
0
0
0
0
0
0
0
0
0
0
0
0
0
0
0
1
37 317
0
0
0
0
0
0
0
0
0
0
0
0
0
0
0
0
0
0
1
38 252
0
0
0
0
0
0
0
1
39 179
0
0
0
0
0
0
1
40 144
0
0
0
0
0
0
0
0
0
1
41 173
0
0
1
42 179
0
1
43 346
0
0
0
0
0
1
44 157
0
0
0
0
1
45 315
0
0
0
0
0
0
1
46 161
0
1
47 350
0
0
0
0
0
1
48 74
0
0
0
0
0
0
0
0
1
49 39
1
50 195
0
0
0
1
51 168
0
0
0
0
0
0
0
1
52 223
0
1
53 208
1
54 333
0
0
1
55 339
1
56 59
1
57 312
0
0
0
0
0
0
0
0
1
58 76
0
0
0
0
0
0
0
0
1
59 225
0
0
1
60 267
0
0
0
0
0
0
0
0
0
0
1
61 190
1
62 60
0
0
1
63 182
0
0
1
64 192
0
1
65 241
1
66 215
1
67 185
0
0
0
0
0
0
0
0
0
0
0
0
0
0
0
0
0
1
68 144
0
0
0
0
0
0
0
0
1
69 338
0
0
0
0
0
0
0
0
0
0
0
0
0
0
1
70 259
0
0
0
0
0
0
0
0
0
0
0
0
0
0
0
0
0
0
0
0
1
71 42
1
72 283
0
0
0
0
0
0
0
0
1
73 67
1
74 12
0
0
0
0
0
1
75 60
0
0
0
0
0
0
0
0
0
0
0
0
1
76 26
0
0
0
0
0
0
0
0
0
0
0
0
0
1
77 207
0
0
0
0
0
0
0
0
0
0
0
0
0
0
0
0
0
0
0
0
0
0
0
1
78 307
0
0
0
0
1
79 68
0
0
0
0
0
0
0
0
0
1
80 72
0
0
0
0
1
81 154
0
0
0
0
0
0
0
0
1
82 234
1
83 299
0
0
1
84 300
1
85 157
0
0
0
0
0
1
86 127
0
0
0
0
0
0
0
0
0
0
0
1
87 347
0
0
0
0
0
0
0
1
88 346
1
89 343
0
0
1
90 327
0
1
91 111
0
0
1
92 140
0
0
0
0
0
0
0
1
93 216
0
1
94 346
0
0
0
1
95 2
0
0
0
0
0
0
1
96 151
0
0
0
0
0
0
0
1
97 30
0
0
0
0
0
0
0
0
0
0
0
0
0
0
0
0
0
0
1
98 175
0
1
99 191
1
100 142
1
101 30
0
0
0
0
1
102 192
0
1
103 315
0
1
104 247
0
0
0
0
0
1
105 279
0
0
1
106 327
0
0
0
0
0
0
0
0
1
107 40
0
1
108 350
0
1
109 277
1
110 50
0
0
0
0
0
0
0
0
0
1
111 214
0
0
0
0
0
0
0
1
112 18
0
0
1
113 146
0
0
1
114 106
0
0
0
0
0
0
0
0
1
115 182
0
0
0
0
0
0
0
0
0
0
0
0
0
1
116 79
0
0
0
0
0
0
0
0
0
1
117 333
0
0
1
118 236
0
0
0
0
0
0
0
1
119 12
1
120 7
0
0
0
0
1
121 146
0
0
1
122 58
1
123 278
0
0
1
124 89
0
0
0
0
0
1
125 281
0
0
1
126 302
1
127 305
0
0
0
1
128 312
1
129 263
0
0
0
0
0
0
0
0
1
130 50
0
0
0
0
1
131 182
0
0
0
1
132 39
0
0
0
0
0
0
0
1
133 173
1
134 103
0
0
0
0
0
0
0
0
1
135 337
0
0
0
1
136 240
0
1
137 283
0
1
138 33
0
1
139 5
1
140 139
0
1
141 4
1
142 202
0
1
143 246
0
0
0
1
144 134
0
1
145 212
0
0
0
0
0
0
1
146 113
0
0
0
0
0
0
1
147 142
0
0
0
1
148 250
0
0
0
1
149 249
1
150 23
0
0
0
0
0
1
151 60
0
0
0
0
0
0
0
0
0
1
152 67
0
0
1
153 30
0
0
0
0
1
154 156
1
155 279
0
0
0
1
156 248
0
0
0
0
0
0
1
157 219
0
0
0
1
158 123
0
0
1
159 257
0
1
160 6
1
161 289
0
1
162 12
0
0
1
163 131
1
164 89
1
165 248
0
0
1
166 137
0
0
1
167 303
0
1
168 156
1
169 61
0
0
0
1
170 144
0
0
1
171 83
0
0
0
0
0
1
172 205
0
1
173 119
0
0
0
0
0
0
1
174 230
0
1
175 197
0
0
0
0
1
176 247
0
0
0
0
1
177 171
0
0
0
0
0
1
178 243
0
0
0
0
0
0
1
179 97
1
180 94
0
0
0
1
181 27
1
182 70
0
1
183 300
0
0
0
1
184 180
0
0
1
185 130
0
0
0
0
0
1
186 233
0
0
0
0
1
187 225
0
0
0
0
1
188 180
0
1
189 73
0
0
1
190 321
1
191 282
0
0
0
0
0
0
0
0
0
0
1
192 227
0
0
1
193 308
0
1
194 145
0
1
195 288
0
0
0
0
1
196 77
0
0
1
197 147
0
0
0
0
0
0
0
1
198 134
0
1
199 179
0
0
0
1
200 323
0
0
0
0
0
1
201 40
0
0
0
1
202 211
0
0
0
1
203 200
1
204 5
0
1
205 79
0
1
206 81
1
207 141
1
208 170
0
1
209 79
0
0
0
1
210 294
1
211 327
0
1
212 61
0
0
0
0
0
0
0
0
0
0
0
1
213 226
0
0
0
0
0
0
0
1
214 197
1
215 293
1
216 36
0
0
1
217 230
1
218 297
0
0
0
0
1
219 346
0
0
0
1
220 25
1
221 59
0
1
222 332
1
223 24
1
224 346
1
225 79
1
226 160
0
0
0
0
0
0
0
0
0
0
0
1
227 73
0
0
0
0
0
0
0
0
1
228 308
1
229 327
0
1
230 124
1
231 69
0
1
232 270
1
233 244
0
0
0
0
1
234 49
0
0
0
0
0
0
0
1
235 118
1
236 321
0
1
237 74
0
1
238 140
1
239 181
0
1
240 66
0
0
0
0
1
241 269
1
242 266
0
0
0
1
243 142
1
244 289
1
245 246
0
0
1
246 192
0
0
0
1
247 157
1
248 91
0
0
0
0
0
0
0
0
0
0
0
0
0
1
249 322
0
0
0
0
0
1
250 201
0
0
0
0
0
0
0
0
0
1
251 278
1
252 223
0
0
0
0
0
0
1
253 255
0
0
1
254 190
0
0
0
0
0
0
0
0
0
1
255 225
0
1
256 235
0
1
257 98
0
0
0
1
258 266
0
0
0
0
0
0
0
0
0
0
1
259 144
0
1
260 72
0
1
261 313
0
0
1
262 140
1
263 88
1
264 128
0
1
265 182
0
1
266 242
0
0
0
0
0
0
0
1
267 61
1
268 258
0
1
269 5
0
0
0
0
1
270 340
0
0
0
0
1
271 169
0
0
0
1
272 222
0
1
273 38
1
274 214
0
0
1
275 286
0
1
276 20
0
0
0
0
1
277 25
1
278 143
0
1
279 64
1
280 2
1
281 256
0
1
282 227
0
0
0
0
1
283 74
0
1
284 24
1
285 205
0
1
286 105
0
0
0
1
287 232
0
0
0
0
0
1
288 223
0
1
289 23
0
1
290 336
0
1
291 114
0
0
0
0
0
1
292 310
0
0
1
293 256
1
294 101
0
1
295 19
1
296 318
0
0
0
0
0
1
297 90
1
298 40
0
1
299 184
1
300 269
0
0
1
301 322
0
0
0
1
302 94
0
0
0
0
1
303 55
1
304 318
1
305 2
1
306 238
0
1
307 241
1
308 304
0
0
0
0
1
309 113
1
310 63
1
311 66
1
312 330
1
313 86
0
0
1
314 210
0
0
1
315 180
1
316 306
0
0
0
0
0
1
317 134
1
318 144
1
319 8
1
320 246
0
0
0
0
1
321 337
0
1
322 320
0
0
0
0
1
323 93
1
324 82
0
0
1
325 44
1
326 168
0
0
0
0
1
327 188
1
328 209
0
1
329 39
0
0
0
1
330 9
0
0
0
0
0
0
1
331 178
0
0
1
332 207
0
0
0
0
1
333 285
0
0
1
334 121
1
335 209
1
336 182
0
0
1
337 16
1
338 114
0
1
339 236
1
340 226
0
0
0
1
341 219
0
0
1
342 181
0
1
343 160
0
1
344 26
1
345 285
0
1
346 66
1
347 233
0
0
1
348 127
1
349 288
0
0
0
1
350 24
0
0
1
351 340
0
0
1
352 190
0
0
1
353 281
0
1
354 284
1
355 3
0
0
0
1
356 144
0
0
1
357 302
0
0
0
0
0
0
0
0
1
358 253
1
359 245
1
360 99
1
361 16
0
0
1
362 17
0
0
0
0
1
363 57
0
1
364 267
0
0
1
365 305
0
0
0
0
0
0
1
366 202
0
1
367 273
1
368 258
0
0
0
1
369 178
0
0
0
0
0
1
370 178
0
1
371 67
1
372 285
1
373 148
1
374 231
0
1
375 179
0
0
0
0
0
1
376 2
0
0
1
377 271
0
1
378 339
0
0
1
379 340
1
380 266
1
381 49
1
382 2
0
0
0
0
0
1
383 126
0
1
384 101
0
0
0
1
385 12
0
1
386 78
0
0
1
387 53
0
1
388 93
0
1
389 264
1
390 113
0
0
0
0
0
0
1
391 171
1
392 315
1
393 260
1
394 68
1
395 316
0
1
396 181
0
0
1
397 61
1
398 34
0
1
399 76
0
1
400 336
0
1
401 97
0
1
402 271
0
0
1
403 179
0
0
0
1
404 60
1
405 235
1
406 249
1
407 162
1
408 189
1
409 81
1
410 233
1
411 11
0
1
412 312
1
413 211
1
414 28
1
415 219
1
416 176
1
417 37
0
0
1
418 115
0
0
0
0
0
0
1
419 61
1
420 238
0
0
1
421 95
1
422 47
1
423 162
0
0
0
0
1
424 251
1
425 220
1
426 218
0
0
1
427 284
0
0
1
428 47
1
429 310
0
0
1
430 59
1
431 213
0
1
432 18
0
1
433 296
1
434 350
0
1
435 293
0
0
0
0
0
1
436 283
1
437 238
1
438 74
0
0
1
439 122
1
440 217
1
441 27
1
442 351
0
0
0
1
443 296
1
444 330
1
445 119
0
0
0
1
446 269
1
447 142
1
448 141
0
1
449 160
0
0
1
450 124
0
1
451 185
0
1
452 169
1
453 292
0
1
454 163
1
455 117
0
0
1
456 54
1
457 33
1
458 292
0
1
459 219
0
1
460 303
1
461 329
1
462 308
0
0
0
0
1
463 54
0
0
0
0
1
464 112
0
1
465 142
0
1
466 47
0
1
467 41
0
0
0
0
1
468 269
1
469 287
0
1
470 257
0
0
1
471 81
0
0
0
0
0
0
0
0
1
472 211
0
1
473 193
0
0
0
1
474 17
0
0
1
475 43
1
476 117
0
0
0
0
0
0
1
477 296
1
478 56
1
479 335
0
0
1
480 79
1
481 43
1
482 155
0
0
1
483 190
0
0
1
484 291
0
0
0
1
485 274
0
1
486 202
0
1
487 284
0
0
1
488 39
0
0
0
0
0
0
0
0
0
0
0
1
489 310
1
490 59
1
491 291
0
0
1
492 328
0
0
1
493 212
0
0
0
0
0
1
494 240
1
495 135
1
496 216
0
0
1
497 84
1
498 262
1
499 285
1
500 164
0
0
0
0
0
0
0
1
501 347
0
1
502 291
0
0
1
503 245
0
0
0
0
0
0
0
1
504 71
0
1
505 308
0
0
1
506 57
0
0
1
507 134
0
1
508 49
1
509 77
0
0
1
510 319
1
511 351
0
1
512 106
1
513 267
1
514 49
1
515 216
1
516 94
0
1
517 236
1
518 194
0
0
1
519 323
1
520 176
0
1
521 66
1
522 139
1
523 230
1
524 148
0
1
525 218
0
1
526 164
0
0
1
527 240
1
528 97
1
529 80
1
530 200
1
531 206
1
532 244
0
1
533 295
0
0
1
534 92
0
0
1
535 114
1
536 285
0
0
1
537 56
0
1
538 171
1
539 28
0
0
1
540 328
0
1
541 23
1
542 141
1
543 162
1
544 80
1
545 258
0
1
546 238
0
1
547 128
0
1
548 77
1
549 182
1
550 67
1
551 239
0
0
0
1
552 311
1
553 184
1
554 74
1
555 211
0
1
556 91
1
557 283
1
558 153
0
1
559 286
0
0
0
0
0
0
0
0
0
0
1
560 34
0
1
561 332
0
0
1
562 170
0
0
0
1
563 269
0
0
0
0
0
0
1
564 320
1
565 57
1
566 212
1
567 346
1
568 282
1
569 55
0
1
570 5
1
571 298
0
1
572 210
0
0
1
573 298
0
1
574 83
0
0
1
575 230
1
576 43
0
0
1
577 205
0
1
578 321
0
0
1
579 77
0
1
580 311
1
581 156
1
582 169
1
583 315
1
584 161
1
585 224
0
0
0
0
1
586 291
0
0
0
1
587 45
1
588 117
1
589 275
1
590 73
1
591 23
1
592 302
1
593 300
1
594 137
0
0
0
1
595 162
1
596 41
0
0
0
1
597 78
1
598 329
1
599 270
0
1
600 203
1
601 283
1
602 127
1
603 216
0
1
604 266
1
605 109
1
606 42
1
607 172
0
1
608 112
1
609 185
1
610 12
1
611 89
0
0
0
0
0
1
612 284
1
613 350
1
614 69
1
615 163
0
1
616 46
1
617 320
1
618 305
0
0
0
1
619 278
1
620 231
1
621 16
1
622 179
1
623 192
0
1
624 316
0
1
625 10
0
0
1
626 307
0
0
1
627 121
1
628 255
0
0
0
1
629 265
1
630 268
0
1
631 251
0
0
1
632 146
1
633 346
0
0
0
1
634 207
1
635 162
0
1
636 142
0
0
0
1
637 111
0
1
638 163
1
639 203
0
1
640 335
1
641 121
0
0
0
1
642 209
0
0
1
643 86
0
0
0
1
644 162
0
1
645 303
1
646 210
1
647 316
1
648 206
0
1
649 343
0
0
1
650 193
0
0
1
651 186
0
1
652 46
1
653 187
1
654 161
1
655 229
1
656 310
0
1
657 228
0
1
658 75
0
1
659 52
0
1
660 26
0
1
661 313
1
662 134
0
0
1
663 304
1
664 237
1
665 89
0
1
666 319
0
1
667 189
0
1
668 77
0
1
669 139
1
670 121
1
671 312
0
1
672 88
1
673 26
1
674 171
0
0
1
675 8
0
1
676 148
0
1
677 292
0
0
0
1
678 192
0
0
0
0
0
1
679 211
0
0
1
680 178
1
681 207
1
682 274
1
683 59
0
1
684 94
0
0
1
685 203
0
0
1
686 142
1
687 310
1
688 223
0
1
689 208
1
690 297
1
691 43
0
0
1
692 324
1
693 270
0
0
0
0
1
694 244
0
1
695 223
1
696 208
0
1
697 183
0
0
0
1
698 123
1
699 275
1
700 79
0
0
1
701 160
0
0
1
702 64
1
703 239
0
1
704 283
1
705 51
0
0
1
706 280
0
0
1
707 122
1
708 65
1
709 61
0
0
0
0
0
1
710 310
1
711 292
0
0
1
712 11
0
1
713 242
0
0
1
714 115
0
0
0
1
715 139
1
716 109
1
717 251
1
718 16
1
719 239
0
1
720 70
1
721 96
1
722 38
0
0
1
723 49
1
724 41
0
0
0
1
725 120
0
1
726 30
1
727 137
1
728 111
1
729 186
1
730 246
0
1
731 172
1
732 195
1
733 57
0
0
1
734 124
1
735 298
0
1
736 150
1
737 50
0
0
1
738 16
1
739 129
0
1
740 128
0
1
741 218
0
0
1
742 211
0
1
743 178
1
744 302
1
745 83
0
0
1
746 51
1
747 262
0
1
748 197
1
749 43
0
1
750 91
0
1
751 122
1
752 195
1
753 274
0
0
0
1
754 313
1
755 47
1
756 140
0
0
0
0
1
757 56
1
758 333
1
759 282
1
760 276
0
1
761 226
0
0
1
762 337
0
0
1
763 181
1
764 248
1
765 233
1
766 84
0
0
1
767 98
1
768 292
0
0
1
769 66
1
770 82
0
1
771 318
0
0
0
1
772 310
1
773 220
1
774 124
1
775 251
0
1
776 202
1
777 206
0
1
778 170
1
779 68
0
1
780 5
0
1
781 164
0
0
1
782 170
0
1
783 265
1
784 124
1
785 340
1
786 93
1
787 81
1
788 301
1
789 30
1
790 196
1
791 300
0
1
792 290
0
0
1
793 246
1
794 288
0
0
1
795 265
0
1
796 37
1
797 3
1
798 43
0
1
799 224
1
800 178
0
0
1
801 250
1
802 194
1
803 48
1
804 97
0
0
1
805 83
1
806 60
0
0
0
0
1
807 310
1
808 174
1
809 311
0
1
810 24
0
0
0
0
0
1
811 221
0
1
812 199
1
813 269
1
814 137
0
1
815 138
1
816 65
0
1
817 10
1
818 198
1
819 164
0
0
0
0
1
820 333
0
0
1
821 207
0
1
822 70
0
1
823 168
0
1
824 39
1
825 271
1
826 63
1
827 70
1
828 193
1
829 28
0
1
830 143
1
831 343
1
832 235
1
833 33
1
834 178
1
835 274
0
1
836 268
1
837 114
0
0
0
0
0
0
0
1
838 269
1
839 76
1
840 9
1
841 12
0
1
842 92
1
843 296
1
844 68
1
845 335
1
846 141
0
1
847 100
0
1
848 341
1
849 175
1
850 241
0
1
851 243
1
852 49
1
853 275
1
854 314
1
855 15
0
1
856 162
0
0
1
857 168
0
1
858 204
1
859 159
1
860 271
0
0
0
1
861 231
1
862 346
1
863 202
1
864 144
1
865 64
0
1
866 340
1
867 207
1
868 83
1
869 221
1
870 24
1
871 261
1
872 153
1
873 234
0
0
0
0
1
874 86
1
875 271
1
876 351
1
877 149
0
1
878 38
1
879 231
1
880 331
0
1
881 299
0
0
0
1
882 330
0
0
0
1
883 347
0
1
884 247
1
885 260
0
0
1
886 118
0
0
1
887 22
1
888 178
0
1
889 98
1
890 44
1
891 20
0
0
1
892 348
1
893 98
0
1
894 74
1
895 321
1
896 29
1
897 62
1
898 252
1
899 327
1
900 243
1
901 47
1
902 184
0
1
903 194
1
904 181
1
905 115
0
1
906 275
1
907 53
0
0
0
0
1
908 158
1
909 76
0
1
910 297
1
911 346
1
912 267
0
0
0
0
0
1
913 333
0
1
914 313
1
915 159
1
916 189
1
917 195
1
918 98
1
919 277
1
920 48
1
921 65
1
922 145
1
923 41
1
924 273
0
1
925 24
1
926 324
1
927 212
0
1
928 337
1
929 128
1
930 231
1
931 249
0
0
1
932 47
1
933 263
1
934 327
0
0
1
935 196
1
936 313
1
937 294
1
938 145
0
1
939 22
1
940 139
0
0
0
0
1
941 322
1
942 170
1
943 200
1
944 51
1
945 150
0
0
1
946 44
0
1
947 3
1
948 275
1
949 134
1
950 144
1
951 156
1
952 61
1
953 283
1
954 45
1
955 139
1
956 233
1
957 175
0
1
958 169
1
959 280
0
1
960 65
1
961 207
0
0
0
1
962 204
0
0
1
963 99
0
0
1
964 53
1
965 143
1
966 324
1
967 160
0
1
968 272
0
0
1
969 325
1
970 228
0
1
971 216
1
972 100
0
1
973 232
1
974 172
1
975 68
0
0
1
976 178
1
977 224
0
1
978 251
1
979 185
0
1
980 265
0
1
981 56
1
982 277
0
0
1
983 139
1
984 235
0
0
0
0
1
985 234
1
986 135
1
987 28
0
1
988 224
0
0
1
989 308
0
0
1
990 237
1
991 167
1
992 68
1
993 155
1
994 100
1
995 314
1
996 48
0
1
997 62
1
998 283
1
999 221
1
1000 94
1
1001 101
1
1002 56
1
1003 20
1
1004 39
1
1005 164
1
1006 234
1
1007 84
0
1
1008 28
0
1
1009 297
1
1010 38
0
1
1011 29
1
1012 325
1
1013 252
1
1014 281
1
1015 118
1
1016 345
0
0
1
1017 17
0
1
1018 298
1
1019 202
1
1020 229
0
1
1021 280
1
1022 84
1
1023 245
1
1024 183
1
1025 266
1
1026 307
1
1027 30
0
1
1028 219
0
0
1
1029 79
0
1
1030 148
1
1031 346
1
1032 225
1
1033 349
1
1034 26
1
1035 50
1
1036 310
0
1
1037 234
1
1038 277
0
0
1
1039 259
0
0
0
1
1040 71
1
1041 229
0
0
1
1042 13
0
0
1
1043 246
1
1044 57
1
1045 344
0
1
1046 346
0
0
1
1047 158
1
1048 44
0
1
1049 201
0
0
1
1050 256
0
1
1051 309
0
1
1052 133
1
1053 160
1
1054 73
1
1055 225
1
1056 225
0
1
1057 57
1
1058 352
1
1059 17
1
1060 97
1
1061 80
0
1
1062 164
1
1063 233
1
1064 6
1
1065 259
1
1066 319
1
1067 20
0
1
1068 201
1
1069 177
1
1070 224
1
1071 346
1
1072 343
0
1
1073 104
0
0
1
1074 180
1
1075 37
0
1
1076 172
0
0
0
1
1077 170
0
0
0
1
1078 43
0
1
1079 31
0
0
0
1
1080 120
0
0
1
1081 109
0
1
1082 52
1
1083 96
0
1
1084 13
1
1085 76
0
0
0
1
1086 15
0
1
1087 320
0
1
1088 98
1
1089 94
1
1090 33
1
1091 42
0
1
1092 90
0
0
0
0
1
1093 252
1
1094 218
1
1095 82
0
1
1096 224
1
1097 4
0
1
1098 256
1
1099 158
0
0
0
0
1
1100 83
1
1101 178
0
1
1102 231
0
1
1103 309
1
1104 128
1
1105 188
0
0
1
1106 300
1
1107 207
1
1108 317
1
1109 210
1
1110 315
0
0
1
1111 196
1
1112 234
1
1113 167
0
1
1114 104
1
1115 153
0
1
1116 84
1
1117 256
1
1118 233
1
1119 269
0
0
1
1120 29
0
1
1121 323
0
1
1122 348
0
1
1123 271
0
0
1
1124 256
0
0
1
1125 236
0
0
1
1126 109
1
1127 200
1
1128 164
0
1
1129 202
1
1130 293
1
1131 49
1
1132 315
1
1133 342
0
0
1
1134 154
1
1135 58
1
1136 123
1
1137 43
0
0
1
1138 111
1
1139 154
1
1140 13
0
1
1141 84
0
1
1142 304
0
1
1143 22
1
1144 150
1
1145 162
0
1
1146 185
0
1
1147 248
1
1148 333
1
1149 215
1
1150 162
1
1151 286
1
1152 334
1
1153 306
0
1
1154 233
1
1155 252
1
1156 93
1
1157 240
1
1158 299
1
1159 269
1
1160 169
1
1161 158
1
1162 139
0
0
1
1163 96
1
1164 292
0
1
1165 123
1
1166 120
0
1
1167 201
1
1168 125
1
1169 198
1
1170 79
0
1
1171 162
1
1172 7
0
0
1
1173 176
0
1
1174 201
1
1175 264
1
1176 256
1
1177 335
1
1178 160
1
1179 321
0
0
0
0
1
1180 337
1
1181 136
1
1182 44
1
1183 96
0
1
1184 151
0
1
1185 154
1
1186 25
0
1
1187 309
1
1188 315
1
1189 328
1
1190 147
0
0
0
1
1191 332
1
1192 300
1
1193 142
1
1194 210
1
1195 201
1
1196 149
0
1
1197 337
1
1198 204
1
1199 180
1
1200 338
1
1201 271
0
1
1202 106
1
1203 244
1
1204 326
1
1205 143
0
1
1206 98
1
1207 33
1
1208 115
0
1
1209 6
1
1210 248
1
1211 236
0
0
1
1212 146
0
1
1213 242
0
0
0
1
1214 137
1
1215 109
1
1216 306
0
0
1
1217 118
1
1218 116
1
1219 142
1
1220 207
1
1221 113
1
1222 198
1
1223 272
1
1224 149
0
1
1225 270
0
1
1226 262
1
1227 120
1
1228 66
1
1229 108
1
1230 24
0
1
1231 92
0
1
1232 334
0
1
1233 44
0
0
1
1234 154
1
1235 219
1
1236 204
1
1237 263
0
1
1238 19
0
1
1239 192
1
1240 50
1
1241 24
1
1242 212
0
1
1243 119
1
1244 171
1
1245 345
0
1
1246 93
1
1247 66
0
0
1
1248 170
1
1249 204
0
1
1250 270
0
1
1251 259
0
0
1
1252 310
1
1253 283
0
1
1254 240
1
1255 313
1
1256 186
1
1257 325
1
1258 131
0
1
1259 326
1
1260 130
1
1261 105
1
1262 233
0
0
1
1263 76
0
1
1264 86
0
1
1265 342
0
1
1266 12
1
1267 213
1
1268 89
0
0
0
0
0
1
1269 224
0
0
0
1
1270 121
1
1271 323
1
1272 69
1
1273 161
1
1274 285
1
1275 119
0
1
1276 113
1
1277 193
1
1278 199
1
1279 265
1
1280 166
1
1281 26
1
1282 225
0
0
1
1283 203
0
0
1
1284 29
1
1285 245
1
1286 198
1
1287 32
1
1288 164
1
1289 151
0
1
1290 50
1
1291 261
1
1292 312
1
1293 55
0
0
1
1294 94
0
1
1295 343
0
1
1296 21
1
1297 37
1
1298 60
0
1
1299 118
1
1300 245
0
1
1301 282
1
1302 236
1
1303 49
1
1304 63
1
1305 333
1
1306 107
0
1
1307 196
1
1308 72
1
1309 209
1
1310 18
0
0
1
1311 156
1
1312 74
1
1313 284
1
1314 270
0
1
1315 125
1
1316 87
1
1317 176
0
1
1318 79
0
0
1
1319 53
1
1320 176
1
1321 267
1
1322 127
0
1
1323 161
1
1324 218
1
1325 292
1
1326 83
0
0
1
1327 76
1
1328 5
1
1329 317
1
1330 331
1
1331 204
1
1332 279
1
1333 177
1
1334 196
1
1335 299
1
1336 108
1
1337 122
1
1338 306
1
1339 152
1
1340 259
0
1
1341 99
0
1
1342 301
0
1
1343 313
1
1344 212
1
1345 71
1
1346 49
0
0
1
1347 317
1
1348 78
0
0
1
1349 165
0
0
1
1350 81
1
1351 39
1
1352 290
1
1353 259
1
1354 130
1
1355 143
1
1356 176
0
1
1357 118
1
1358 258
1
1359 144
0
1
1360 80
0
1
1361 17
1
1362 312
0
1
1363 195
1
1364 96
1
1365 189
0
0
1
1366 113
0
1
1367 84
1
1368 188
1
1369 110
0
0
0
1
1370 255
0
1
1371 139
1
1372 322
1
1373 321
1
1374 235
1
1375 246
0
0
1
1376 116
0
0
1
1377 196
1
1378 121
0
1
1379 253
1
1380 296
1
1381 92
1
1382 217
0
0
1
1383 80
1
1384 255
1
1385 82
1
1386 293
1
1387 162
1
1388 166
0
0
0
1
1389 96
1
1390 326
0
0
1
1391 5
1
1392 247
1
1393 237
0
1
1394 173
0
1
1395 287
1
1396 98
1
1397 135
0
1
1398 252
0
0
1
1399 295
0
0
0
1
1400 246
1
1401 60
1
1402 322
1
1403 182
1
1404 163
1
1405 23
1
1406 15
1
1407 157
1
1408 123
0
1
1409 35
1
1410 307
0
1
1411 119
1
1412 44
1
1413 212
1
1414 15
1
1415 236
1
1416 21
1
1417 110
1
1418 138
0
1
1419 72
1
1420 255
1
1421 49
0
0
0
1
1422 333
1
1423 100
1
1424 6
0
1
1425 316
1
1426 151
1
1427 114
0
0
1
1428 137
1
1429 117
0
1
1430 182
0
1
1431 270
1
1432 198
1
1433 38
1
1434 348
0
1
1435 219
1
1436 267
1
1437 66
1
1438 347
1
1439 176
0
1
1440 271
1
1441 257
1
1442 343
1
1443 237
1
1444 39
0
0
0
1
1445 91
1
1446 274
1
1447 61
0
1
1448 225
0
1
1449 88
1
1450 231
1
1451 5
1
1452 225
0
1
1453 277
1
1454 85
1
1455 148
0
1
1456 334
1
1457 343
1
1458 187
1
1459 253
0
1
1460 304
1
1461 65
1
1462 115
1
1463 248
1
1464 67
1
1465 185
1
1466 119
1
1467 313
0
1
1468 167
1
1469 324
1
1470 291
1
1471 148
1
1472 257
1
1473 100
1
1474 294
1
1475 266
1
1476 336
1
1477 190
1
1478 233
1
1479 189
1
1480 133
1
1481 87
1
1482 236
1
1483 161
1
1484 231
1
1485 258
1
1486 300
1
1487 143
1
1488 124
1
1489 250
1
1490 254
1
1491 314
1
1492 315
1
1493 145
1
1494 348
1
1495 343
0
1
1496 194
1
1497 268
1
1498 286
0
1
1499 190
1
1500 83
1
1501 222
1
1502 190
1
1503 232
1
1504 38
1
1505 114
0
1
1506 201
0
1
1507 64
1
1508 318
1
1509 41
1
1510 310
0
0
1
1511 297
1
1512 70
1
1513 280
1
1514 345
1
1515 237
1
1516 28
1
1517 76
1
1518 274
1
1519 5
1
1520 44
1
1521 305
0
1
1522 55
1
1523 31
1
1524 289
0
1
1525 95
1
1526 271
0
0
1
1527 352
1
1528 40
1
1529 42
1
1530 189
1
1531 126
1
1532 46
0
1
1533 190
1
1534 105
1
1535 310
1
1536 85
1
1537 126
1
1538 11
1
1539 251
1
1540 100
1
1541 169
0
1
1542 287
1
1543 40
0
0
0
1
1544 105
1
1545 335
1
1546 284
1
1547 192
1
1548 73
1
1549 192
1
1550 38
1
1551 227
1
1552 321
1
1553 268
1
1554 308
1
1555 4
1
1556 62
1
1557 202
1
1558 206
1
1559 22
1
1560 109
1
1561 108
1
1562 350
1
1563 311
1
1564 288
1
1565 164
1
1566 329
1
1567 103
0
0
1
1568 13
1
1569 232
0
1
1570 137
1
1571 312
0
1
1572 228
1
1573 148
1
1574 336
1
1575 316
1
1576 286
1
1577 120
1
1578 256
0
1
1579 322
1
1580 140
1
1581 275
0
1
1582 188
1
1583 109
1
1584 3
1
1585 300
0
1
1586 279
0
1
1587 3
1
1588 256
0
1
1589 207
1
1590 149
1
1591 250
1
1592 44
0
1
1593 305
1
1594 282
0
1
1595 337
1
1596 112
1
1597 18
0
1
1598 266
1
1599 276
1
1600 247
1
1601 340
0
1
1602 270
1
1603 78
0
1
1604 179
1
1605 251
1
1606 106
1
1607 164
0
1
1608 257
0
0
1
1609 49
1
1610 256
1
1611 256
1
1612 255
1
1613 295
1
1614 244
1
1615 195
0
1
1616 35
0
1
1617 258
1
1618 326
1
1619 194
1
1620 167
1
1621 269
0
0
1
1622 151
1
1623 225
1
1624 249
1
1625 44
1
1626 214
1
1627 6
1
1628 253
0
1
1629 63
1
1630 73
1
1631 28
1
1632 126
1
1633 328
0
1
1634 322
1
1635 55
1
1636 290
1
1637 30
1
1638 182
1
1639 300
1
1640 270
0
1
1641 213
1
1642 188
1
1643 113
1
1644 275
0
1
1645 28
0
1
1646 235
1
1647 155
1
1648 193
1
1649 292
1
1650 87
1
1651 182
1
1652 179
1
1653 298
1
1654 196
0
1
1655 168
1
1656 269
1
1657 175
1
1658 299
1
1659 277
0
1
1660 236
1
1661 260
1
1662 156
1
1663 319
1
1664 108
1
1665 45
1
1666 72
1
1667 25
1
1668 128
1
1669 339
1
1670 256
1
1671 133
0
1
1672 128
1
1673 52
0
1
1674 96
1
1675 320
0
1
1676 195
0
1
1677 42
1
1678 83
1
1679 217
1
1680 225
1
1681 241
1
1682 316
1
1683 98
1
1684 197
0
1
1685 303
1
1686 267
1
1687 123
1
1688 134
0
1
1689 222
0
1
1690 9
1
1691 68
1
1692 79
1
1693 60
1
1694 172
1
1695 175
0
1
1696 245
1
1697 212
1
1698 131
1
1699 348
1
1700 200
0
1
1701 340
0
1
1702 197
1
1703 39
1
1704 205
1
1705 288
1
1706 348
1
1707 257
1
1708 192
1
1709 200
1
1710 115
1
1711 6
1
1712 308
1
1713 310
0
1
1714 215
1
1715 265
0
1
1716 9
1
1717 280
0
1
1718 111
0
1
1719 145
0
1
1720 331
1
1721 276
1
1722 190
1
1723 184
1
1724 40
1
1725 309
1
1726 329
1
1727 199
0
1
1728 21
1
1729 35
1
1730 23
1
1731 88
0
1
1732 351
1
1733 320
0
1
1734 351
1
1735 176
1
1736 97
1
1737 170
1
1738 17
1
1739 100
1
1740 344
1
1741 148
1
1742 289
1
1743 331
1
1744 53
1
1745 114
0
1
1746 131
1
1747 18
1
1748 285
1
1749 91
1
1750 193
0
0
1
1751 349
0
1
1752 172
1
1753 51
1
1754 89
1
1755 194
1
1756 240
1
1757 216
1
1758 336
1
1759 321
1
1760 82
1
1761 143
1
1762 236
0
1
1763 190
1
1764 97
0
0
1
1765 114
1
1766 33
1
1767 248
1
1768 349
1
1769 86
1
1770 296
1
1771 296
1
1772 110
1
1773 32
0
1
1774 307
0
1
1775 331
1
1776 25
1
1777 205
1
1778 114
1
1779 237
1
1780 130
1
1781 6
1
1782 138
0
1
1783 47
1
1784 227
1
1785 126
1
1786 100
1
1787 123
1
1788 58
1
1789 218
1
1790 254
1
1791 218
1
1792 287
1
1793 105
1
1794 321
0
1
1795 174
1
1796 178
0
0
1
1797 254
1
1798 230
0
1
1799 54
1
1800 256
1
1801 34
0
1
1802 249
1
1803 258
0
0
1
1804 20
1
1805 199
1
1806 310
1
1807 297
1
1808 292
1
1809 285
1
1810 346
1
1811 297
1
1812 39
0
0
1
1813 141
1
1814 95
0
1
1815 174
1
1816 180
1
1817 61
0
1
1818 110
1
1819 13
1
1820 117
0
1
1821 119
0
1
1822 92
1
1823 33
1
1824 200
1
1825 290
1
1826 256
1
1827 50
1
1828 308
0
1
1829 185
1
1830 12
1
1831 27
1
1832 166
1
1833 199
0
1
1834 220
1
1835 276
1
1836 161
1
1837 234
1
1838 352
1
1839 212
1
1840 324
1
1841 158
1
1842 230
0
0
1
1843 152
0
1
1844 292
1
1845 253
1
1846 137
0
1
1847 346
1
1848 287
1
1849 83
1
1850 191
1
1851 334
1
1852 236
0
1
1853 224
0
1
1854 110
1
1855 199
1
1856 106
1
1857 44
1
1858 278
1
1859 95
1
1860 137
1
1861 182
1
1862 86
0
1
1863 272
1
1864 351
1
1865 12
1
1866 167
1
1867 50
1
1868 128
0
1
1869 192
1
1870 51
1
1871 199
0
1
1872 119
1
1873 259
1
1874 66
1
1875 234
1
1876 290
1
1877 159
1
1878 87
1
1879 176
1
1880 333
1
1881 179
1
1882 182
1
1883 205
1
1884 241
1
1885 81
1
1886 198
0
0
1
1887 162
1
1888 172
1
1889 254
1
1890 170
1
1891 169
1
1892 84
0
1
1893 61
1
1894 13
1
1895 326
1
1896 182
0
1
1897 235
1
1898 28
1
1899 250
1
1900 286
1
1901 36
1
1902 15
1
1903 127
1
1904 76
1
1905 251
1
1906 59
0
1
1907 170
1
1908 152
0
1
1909 83
1
1910 153
1
1911 141
1
1912 310
1
1913 321
1
1914 173
1
1915 245
1
1916 301
1
1917 95
1
1918 273
1
1919 290
1
1920 348
1
1921 35
0
1
1922 178
1
1923 286
1
1924 295
1
1925 284
1
1926 26
1
1927 316
1
1928 236
1
1929 118
1
1930 74
1
1931 202
1
1932 85
1
1933 324
1
1934 155
1
1935 202
1
1936 179
1
1937 296
0
1
1938 319
1
1939 147
1
1940 111
0
0
1
1941 269
1
1942 109
1
1943 323
1
1944 211
1
1945 208
1
1946 191
1
1947 286
1
1948 112
1
1949 211
1
1950 58
1
1951 346
1
1952 11
0
0
0
1
1953 44
0
1
1954 352
1
1955 317
1
1956 343
0
0
0
0
1
1957 164
0
0
1
1958 190
1
1959 12
1
1960 222
1
1961 110
1
1962 49
1
1963 25
1
1964 182
1
1965 287
1
1966 41
1
1967 266
1
1968 169
1
1969 20
0
1
1970 155
0
0
1
1971 46
1
1972 312
1
1973 296
1
1974 343
1
1975 216
1
1976 79
1
1977 346
1
1978 224
1
1979 351
1
1980 315
1
1981 12
1
1982 343
1
1983 201
1
1984 255
1
1985 324
1
1986 320
1
1987 31
1
1988 191
1
1989 148
1
1990 22
1
1991 352
1
1992 164
1
1993 122
1
1994 233
1
1995 200
0
1
1996 137
1
1997 290
1
1998 286
1
1999 52
1
2000 291
1
2001 170
0
1
2002 72
1
2003 5
1
2004 185
1
2005 107
1
2006 165
1
2007 190
1
2008 50
1
2009 192
1
2010 93
1
2011 95
1
2012 92
1
2013 92
1
2014 26
1
2015 236
1
2016 2
1
2017 225
1
2018 110
1
2019 71
0
1
2020 234
1
2021 66
1
2022 50
1
2023 256
1
2024 152
1
2025 198
1
2026 292
1
2027 150
1
2028 298
1
2029 95
1
2030 82
1
2031 163
1
2032 272
1
2033 29
1
2034 205
1
2035 144
1
2036 266
0
1
2037 124
1
2038 349
1
2039 124
0
1
2040 92
1
2041 263
1
2042 236
1
2043 87
1
2044 118
1
2045 229
1
2046 217
1
2047 14
1
2048 259
1
2049 185
1
2050 327
1
2051 12
1
2052 60
0
1
2053 112
1
2054 143
1
2055 84
1
2056 25
1
2057 288
1
2058 343
1
2059 325
0
0
1
2060 217
1
2061 76
1
2062 159
1
2063 141
1
2064 11
1
2065 164
1
2066 222
1
2067 197
1
2068 350
1
2069 352
1
2070 5
1
2071 149
1
2072 216
1
2073 202
1
2074 52
0
1
2075 185
1
2076 114
1
2077 231
1
2078 153
1
2079 282
1
2080 147
1
2081 42
1
2082 8
1
2083 103
1
2084 251
1
2085 114
1
2086 128
1
2087 22
1
2088 109
0
1
2089 143
1
2090 278
1
2091 58
1
2092 282
0
1
2093 212
1
2094 104
1
2095 99
1
2096 181
1
2097 85
1
2098 346
1
2099 256
1
2100 315
1
2101 148
1
2102 80
1
2103 65
1
2104 118
1
2105 60
1
2106 176
1
2107 263
1
2108 19
1
2109 255
1
2110 41
1
2111 209
1
2112 263
1
2113 132
1
2114 73
1
2115 85
1
2116 31
1
2117 140
1
2118 148
1
2119 106
1
2120 94
1
2121 213
1
2122 75
1
2123 120
1
2124 33
0
1
2125 107
1
2126 349
1
2127 50
1
2128 53
1
2129 26
1
2130 239
0
1
2131 194
1
2132 247
1
2133 72
1
2134 92
1
2135 339
1
2136 342
1
2137 212
1
2138 291
1
2139 260
1
2140 284
1
2141 307
1
2142 150
1
2143 170
1
2144 309
1
2145 105
1
2146 243
1
2147 349
1
2148 29
1
2149 164
1
2150 299
1
2151 200
1
2152 285
1
2153 179
1
2154 73
1
2155 116
1
2156 90
1
2157 29
1
2158 249
1
2159 154
1
2160 255
1
2161 237
1
2162 236
1
2163 161
0
1
2164 117
1
2165 291
1
2166 242
1
2167 42
1
2168 294
1
2169 187
1
2170 39
1
2171 160
1
2172 310
1
2173 76
0
1
2174 46
1
2175 224
1
2176 156
1
2177 68
1
2178 146
0
1
2179 96
1
2180 251
1
2181 151
1
2182 304
0
1
2183 81
1
2184 219
1
2185 85
0
1
2186 308
1
2187 12
1
2188 252
1
2189 20
1
2190 233
1
2191 237
1
2192 72
1
2193 271
1
2194 92
1
2195 166
1
2196 53
1
2197 266
0
1
2198 321
1
2199 301
1
2200 29
1
2201 269
1
2202 315
1
2203 140
1
2204 331
1
2205 147
1
2206 166
1
2207 167
0
1
2208 289
1
2209 274
1
2210 78
1
2211 248
1
2212 101
0
1
2213 299
1
2214 184
1
2215 23
1
2216 323
1
2217 208
1
2218 118
0
1
2219 27
1
2220 103
1
2221 209
1
2222 47
1
2223 63
1
2224 179
1
2225 128
1
2226 347
1
2227 256
1
2228 220
1
2229 141
1
2230 105
1
2231 289
1
2232 127
1
2233 325
1
2234 104
1
2235 114
1
2236 33
1
2237 289
1
2238 221
1
2239 149
1
2240 326
1
2241 270
1
2242 320
1
2243 86
1
2244 100
1
2245 349
1
2246 296
1
2247 49
1
2248 71
1
2249 212
1
2250 225
1
2251 247
1
2252 63
1
2253 29
1
2254 204
1
2255 253
1
2256 11
0
1
2257 100
1
2258 252
1
2259 225
1
2260 225
1
2261 46
1
2262 200
1
2263 62
1
2264 259
1
2265 304
1
2266 272
1
2267 203
1
2268 199
1
2269 341
1
2270 205
1
2271 279
1
2272 240
1
2273 220
1
2274 220
1
2275 83
1
2276 20
1
2277 194
1
2278 104
1
2279 99
1
2280 208
1
2281 96
1
2282 266
1
2283 351
1
2284 57
1
2285 140
1
2286 134
1
2287 30
1
2288 126
1
2289 119
1
2290 323
1
2291 253
1
2292 341
1
2293 217
1
2294 18
1
2295 98
1
2296 113
1
2297 38
1
2298 37
1
2299 297
1
2300 49
1
2301 50
1
2302 92
1
2303 21
1
2304 314
1
2305 319
1
2306 272
1
2307 77
1
2308 272
1
2309 22
0
1
2310 233
1
2311 50
1
2312 262
1
2313 13
1
2314 183
1
2315 109
1
2316 212
1
2317 78
1
2318 141
1
2319 105
1
2320 265
1
2321 67
1
2322 136
1
2323 304
1
2324 40
1
2325 306
1
2326 170
1
2327 90
1
2328 309
1
2329 274
1
2330 69
1
2331 52
1
2332 246
1
2333 351
1
2334 114
1
2335 342
1
2336 33
1
2337 284
1
2338 182
1
2339 83
1
2340 350
1
2341 307
1
2342 148
1
2343 27
1
2344 325
1
2345 104
1
2346 120
1
2347 341
1
2348 103
1
2349 125
1
2350 164
1
2351 122
1
2352 283
1
2353 303
1
2354 40
1
2355 153
1
2356 183
1
2357 74
1
2358 119
1
2359 185
1
2360 9
1
2361 254
1
2362 72
1
2363 60
0
1
2364 205
1
2365 65
1
2366 340
1
2367 168
1
2368 140
1
2369 3
1
2370 315
1
2371 124
1
2372 128
1
2373 259
0
1
2374 79
1
2375 245
1
2376 294
1
2377 284
1
2378 349
1
2379 170
1
2380 196
1
2381 207
0
1
2382 132
1
2383 97
1
2384 261
1
2385 273
1
2386 253
1
2387 261
1
2388 343
1
2389 343
1
2390 164
1
2391 230
0
1
2392 255
1
2393 12
0
1
2394 144
1
2395 27
1
2396 83
1
2397 167
1
2398 209
1
2399 145
1
2400 146
1
2401 133
1
2402 76
1
2403 88
1
2404 352
1
2405 345
1
2406 329
0
1
2407 75
1
2408 258
1
2409 173
1
2410 202
1
2411 51
1
2412 178
1
2413 175
1
2414 325
1
2415 85
1
2416 267
1
2417 73
1
2418 132
1
2419 197
1
2420 252
1
2421 161
1
2422 180
1
2423 181
1
2424 294
1
2425 140
1
2426 50
1
2427 192
1
2428 155
1
2429 131
1
2430 60
1
2431 54
1
2432 269
1
2433 325
1
2434 190
1
2435 269
1
2436 170
1
2437 54
1
2438 31
1
2439 202
1
2440 145
1
2441 74
1
2442 236
1
2443 255
1
2444 229
1
2445 114
1
2446 124
1
2447 192
1
2448 286
1
2449 167
1
2450 100
1
2451 72
1
2452 247
1
2453 347
1
2454 180
1
2455 173
1
2456 310
0
1
2457 32
1
2458 120
1
2459 167
1
2460 334
1
2461 302
1
2462 320
1
2463 225
1
2464 132
1
2465 85
1
2466 285
1
2467 275
1
2468 242
1
2469 237
1
2470 53
1
2471 107
1
2472 322
1
2473 300
1
2474 115
1
2475 246
1
2476 97
1
2477 304
1
2478 100
1
2479 253
1
2480 50
1
2481 290
1
2482 140
1
2483 207
1
2484 199
1
2485 326
1
2486 5
1
2487 323
1
2488 295
1
2489 166
1
2490 341
1
2491 264
1
2492 191
1
2493 125
1
2494 261
1
2495 111
1
2496 112
1
2497 164
1
2498 158
1
2499 58
1
2500 162
1
2501 229
1
2502 231
1
2503 162
1
2504 30
1
2505 44
1
2506 258
1
2507 227
1
2508 350
1
2509 94
1
2510 167
1
2511 346
1
2512 117
1
2513 86
1
2514 68
1
2515 351
1
2516 221
1
2517 19
1
2518 208
1
2519 159
1
2520 131
1
2521 158
1
2522 108
1
2523 183
1
2524 169
1
2525 39
1
2526 202
1
2527 178
1
2528 44
1
2529 344
1
2530 203
1
2531 189
1
2532 25
1
2533 294
1
2534 244
1
2535 66
1
2536 106
1
2537 208
1
2538 162
1
2539 102
1
2540 67
1
2541 56
1
2542 79
1
2543 117
1
2544 143
1
2545 103
1
2546 156
1
2547 82
1
2548 337
1
2549 224
1
2550 313
1
2551 6
1
2552 298
1
2553 280
1
2554 240
1
2555 212
0
1
2556 60
1
2557 315
1
2558 197
1
2559 7
1
2560 348
1
2561 153
1
2562 243
1
2563 141
1
2564 152
1
2565 175
1
2566 211
1
2567 326
1
2568 138
1
2569 285
1
2570 178
1
2571 314
1
2572 12
1
2573 256
1
2574 275
1
2575 161
1
2576 77
1
2577 338
1
2578 44
1
2579 54
1
2580 196
1
2581 337
1
2582 28
1
2583 162
1
2584 151
1
2585 311
1
2586 149
1
2587 281
1
2588 309
1
2589 203
1
2590 253
1
2591 306
1
2592 159
1
2593 256
1
2594 184
1
2595 273
1
2596 75
1
2597 30
1
2598 306
1
2599 213
1
2600 74
1
2601 225
1
2602 165
1
2603 259
1
2604 217
1
2605 327
1
2606 284
1
2607 71
1
2608 158
1
2609 118
1
2610 233
1
2611 195
1
2612 291
1
2613 146
1
2614 168
1
2615 104
1
2616 177
1
2617 41
1
2618 160
1
2619 65
1
2620 211
1
2621 311
1
2622 299
1
2623 314
1
2624 65
1
2625 84
1
2626 24
1
2627 178
1
2628 74
1
2629 279
1
2630 92
1
2631 222
1
2632 340
1
2633 351
1
2634 344
1
2635 247
1
2636 91
1
2637 278
1
2638 51
1
2639 66
1
2640 174
1
2641 131
1
2642 192
1
2643 311
1
2644 160
1
2645 74
1
2646 255
1
2647 322
1
2648 340
1
2649 212
1
2650 166
1
2651 261
1
2652 63
1
2653 30
1
2654 130
1
2655 21
1
2656 48
1
2657 60
1
2658 246
1
2659 222
1
2660 50
1
2661 185
1
2662 206
1
2663 314
1
2664 102
1
2665 277
1
2666 69
1
2667 5
1
2668 283
1
2669 304
1
2670 78
1
2671 177
1
2672 71
0
1
2673 57
1
2674 150
1
2675 110
1
2676 340
1
2677 83
1
2678 196
1
2679 155
1
2680 269
1
2681 257
1
2682 48
1
2683 136
1
2684 251
1
2685 92
1
2686 193
1
2687 222
1
2688 179
1
2689 132
1
2690 116
1
2691 140
1
2692 18
1
2693 290
1
2694 175
1
2695 21
1
2696 13
1
2697 170
1
2698 238
1
2699 48
1
2700 89
1
2701 60
1
2702 263
1
2703 198
0
1
2704 259
1
2705 39
1
2706 267
1
2707 210
1
2708 319
1
2709 49
1
2710 74
1
2711 253
1
2712 64
0
1
2713 282
1
2714 261
1
2715 79
1
2716 292
1
2717 249
1
2718 25
1
2719 325
1
2720 193
1
2721 255
1
2722 233
1
2723 38
1
2724 256
1
2725 42
1
2726 77
1
2727 125
1
2728 307
1
2729 217
1
2730 272
1
2731 113
1
2732 37
1
2733 207
1
2734 162
1
2735 352
1
2736 275
1
2737 244
1
2738 96
1
2739 285
1
2740 17
1
2741 195
1
2742 158
1
2743 65
1
2744 256
1
2745 284
1
2746 5
1
2747 287
1
2748 346
1
2749 83
1
2750 182
1
2751 312
1
2752 197
1
2753 76
1
2754 193
1
2755 181
1
2756 52
1
2757 3
1
2758 193
1
2759 198
1
2760 55
1
2761 78
1
2762 275
1
2763 14
1
2764 193
1
2765 144
1
2766 170
1
2767 23
1
2768 322
1
2769 203
1
2770 131
1
2771 312
1
2772 226
1
2773 133
1
2774 242
1
2775 36
1
2776 169
1
2777 5
1
2778 113
1
2779 156
1
2780 271
1
2781 49
1
2782 60
1
2783 278
1
2784 148
1
2785 199
1
2786 84
1
2787 282
1
2788 174
1
2789 136
1
2790 259
1
2791 104
1
2792 232
1
2793 298
1
2794 29
1
2795 222
1
2796 142
1
2797 252
1
2798 7
1
2799 33
1
2800 2
1
2801 25
1
2802 225
1
2803 169
1
2804 287
1
2805 218
1
2806 153
1
2807 217
1
2808 259
1
2809 283
1
2810 234
1
2811 151
1
2812 250
1
2813 327
1
2814 219
0
1
2815 350
1
2816 241
0
1
2817 61
1
2818 292
1
2819 323
1
2820 329
1
2821 107
1
2822 256
1
2823 332
1
2824 137
1
2825 50
1
2826 23
1
2827 287
1
2828 248
0
1
2829 332
1
2830 92
1
2831 247
1
2832 33
1
2833 324
1
2834 236
1
2835 343
1
2836 331
1
2837 65
1
2838 256
1
2839 32
1
2840 94
1
2841 246
1
2842 305
1
2843 64
1
2844 308
1
2845 256
1
2846 338
1
2847 114
1
2848 279
1
2849 210
1
2850 185
1
2851 131
1
2852 4
1
2853 231
1
2854 250
1
2855 93
1
2856 228
1
2857 260
1
2858 321
1
2859 169
1
2860 191
1
2861 321
1
2862 302
1
2863 257
1
2864 284
1
2865 70
0
1
2866 225
1
2867 98
1
2868 290
1
2869 5
1
2870 192
1
2871 166
1
2872 43
1
2873 311
1
2874 5
1
2875 290
1
2876 77
1
2877 313
1
2878 174
1
2879 192
1
2880 160
1
2881 284
1
2882 249
1
2883 320
1
2884 110
1
2885 117
1
2886 195
1
2887 87
1
2888 54
1
2889 214
1
2890 53
1
2891 142
1
2892 207
1
2893 107
0
1
2894 263
1
2895 256
1
2896 349
1
2897 69
1
2898 346
1
2899 261
1
2900 227
1
2901 176
1
2902 266
1
2903 316
1
2904 313
1
2905 257
1
2906 287
1
2907 83
1
2908 256
1
2909 237
1
2910 334
0
1
2911 314
1
2912 21
1
2913 288
1
2914 313
0
1
2915 181
1
2916 4
1
2917 69
1
2918 342
1
2919 70
0
1
2920 304
1
2921 65
1
2922 243
1
2923 72
1
2924 185
1
2925 242
1
2926 288
1
2927 134
1
2928 79
1
2929 190
1
2930 331
1
2931 67
0
1
2932 112
0
1
2933 227
1
2934 196
1
2935 145
1
2936 31
1
2937 210
1
2938 160
0
1
2939 176
1
2940 177
1
2941 258
1
2942 142
1
2943 237
1
2944 291
1
2945 5
1
2946 199
1
2947 252
1
2948 60
1
2949 273
1
2950 137
1
2951 16
1
2952 201
1
2953 135
1
2954 8
1
2955 110
1
2956 333
1
2957 212
1
2958 144
1
2959 160
1
2960 251
1
2961 78
1
2962 123
1
2963 186
1
2964 295
1
2965 32
1
2966 333
1
2967 261
1
2968 61
1
2969 334
1
2970 265
1
2971 176
1
2972 189
1
2973 182
1
2974 33
1
2975 144
1
2976 133
1
2977 256
1
2978 126
1
2979 255
1
2980 347
1
2981 341
1
2982 287
1
2983 161
1
2984 331
1
2985 122
1
2986 227
1
2987 293
1
2988 110
1
2989 273
1
2990 51
1
2991 73
1
2992 100
1
2993 107
1
2994 3
0
1
2995 162
1
2996 300
1
2997 259
1
2998 120
1
2999 219
1
3000 3
1
3001 266
1
3002 178
0
1
3003 283
1
3004 312
0
1
3005 71
1
3006 275
1
3007 94
1
3008 351
1
3009 2
1
3010 272
1
3011 252
1
3012 250
1
3013 332
1
3014 210
1
3015 127
1
3016 216
1
3017 151
1
3018 128
1
3019 71
1
3020 280
1
3021 260
1
3022 174
0
1
3023 202
1
3024 219
1
3025 292
1
3026 196
1
3027 344
1
3028 150
1
3029 55
1
3030 173
1
3031 170
1
3032 288
1
3033 23
1
3034 242
1
3035 61
1
3036 211
1
3037 139
1
3038 220
1
3039 131
1
3040 293
1
3041 28
1
3042 302
1
3043 70
0
1
3044 134
1
3045 304
1
3046 13
1
3047 111
1
3048 123
1
3049 212
1
3050 192
1
3051 164
0
1
3052 171
1
3053 13
1
3054 267
1
3055 46
1
3056 50
1
3057 6
1
3058 199
1
3059 223
1
3060 144
1
3061 302
1
3062 316
1
3063 343
0
1
3064 9
1
3065 303
1
3066 346
1
3067 265
1
3068 249
1
3069 269
0
0
1
3070 312
0
1
3071 109
1
3072 47
1
3073 256
1
3074 247
1
3075 62
1
3076 115
1
3077 291
1
3078 244
1
3079 44
1
3080 290
1
3081 140
1
3082 86
1
3083 194
1
3084 100
1
3085 288
1
3086 292
1
3087 83
1
3088 185
1
3089 190
1
3090 28
1
3091 117
1
3092 254
1
3093 43
0
1
3094 111
1
3095 181
1
3096 185
1
3097 40
1
3098 190
1
3099 209
1
3100 223
1
3101 252
1
3102 338
1
3103 140
1
3104 175
1
3105 173
1
3106 251
1
3107 322
1
3108 260
0
1
3109 49
1
3110 184
1
3111 129
1
3112 37
1
3113 33
1
3114 88
1
3115 292
1
3116 22
1
3117 62
0
1
3118 14
1
3119 12
1
3120 292
1
3121 212
1
3122 129
1
3123 186
1
3124 290
1
3125 30
1
3126 336
1
3127 207
1
3128 334
1
3129 97
1
3130 252
1
3131 4
1
3132 75
1
3133 234
1
3134 74
1
3135 170
1
3136 162
0
1
3137 337
1
3138 190
1
3139 179
1
3140 278
0
0
1
3141 93
1
3142 147
1
3143 297
1
3144 299
1
3145 52
1
3146 198
1
3147 236
1
3148 184
1
3149 160
1
3150 121
1
3151 60
1
3152 343
1
3153 44
1
3154 210
1
3155 84
1
3156 129
1
3157 151
1
3158 225
0
1
3159 148
1
3160 292
0
1
3161 6
1
3162 179
1
3163 261
1
3164 93
1
3165 141
1
3166 81
1
3167 254
1
3168 303
0
1
3169 342
1
3170 152
1
3171 256
1
3172 327
1
3173 271
1
3174 212
1
3175 336
1
3176 276
1
3177 74
0
0
1
3178 75
1
3179 281
0
0
1
3180 25
1
3181 210
0
1
3182 254
1
3183 219
1
3184 327
1
3185 79
0
0
1
3186 261
0
1
3187 67
1
3188 251
1
3189 63
1
3190 264
1
3191 97
1
3192 118
1
3193 4
0
1
3194 115
1
3195 185
1
3196 97
0
0
1
3197 5
0
1
3198 234
1
3199 295
1
3200 327
0
1
3201 83
1
3202 268
0
1
3203 348
1
3204 240
1
3205 188
1
3206 184
0
1
3207 6
1
3208 312
1
3209 59
1
3210 226
1
3211 313
0
1
3212 197
1
3213 185
1
3214 275
1
3215 235
1
3216 271
1
3217 151
1
3218 298
1
3219 264
1
3220 191
0
1
3221 183
1
3222 252
1
3223 170
0
1
3224 75
1
3225 270
1
3226 50
1
3227 317
1
3228 333
0
1
3229 79
1
3230 316
1
3231 337
1
3232 127
1
3233 172
0
1
3234 127
1
3235 98
1
3236 265
1
3237 30
1
3238 238
1
3239 237
1
3240 312
1
3241 206
0
1
3242 181
1
3243 340
1
3244 337
1
3245 164
1
3246 54
1
3247 50
0
1
3248 211
1
3249 309
1
3250 137
1
3251 248
1
3252 294
1
3253 34
1
3254 310
1
3255 79
0
0
1
3256 260
1
3257 57
1
3258 100
1
3259 272
1
3260 170
1
3261 3
1
3262 244
1
3263 113
1
3264 3
1
3265 174
1
3266 78
1
3267 332
1
3268 233
1
3269 60
1
3270 82
1
3271 240
1
3272 2
0
1
3273 251
1
3274 346
1
3275 71
1
3276 121
1
3277 41
1
3278 130
1
3279 197
1
3280 182
0
0
1
3281 216
1
3282 256
1
3283 292
1
3284 114
1
3285 59
1
3286 99
1
3287 130
0
0
1
3288 351
0
1
3289 42
1
3290 240
1
3291 185
0
0
1
3292 111
0
1
3293 239
1
3294 298
1
3295 4
0
1
3296 181
1
3297 9
0
1
3298 94
1
3299 206
1
3300 303
1
3301 336
1
3302 302
1
3303 112
1
3304 324
0
1
3305 75
0
1
3306 303
1
3307 317
1
3308 320
1
3309 287
1
3310 203
1
3311 328
1
3312 21
0
1
3313 94
1
3314 328
1
3315 262
1
3316 135
1
3317 162
1
3318 235
1
3319 107
0
1
3320 258
1
3321 350
1
3322 126
1
3323 205
1
3324 76
1
3325 304
1
3326 331
1
3327 293
1
3328 108
1
3329 213
1
3330 183
1
3331 271
1
3332 182
1
3333 73
1
3334 352
1
3335 214
1
3336 18
1
3337 146
1
3338 185
1
3339 274
1
3340 112
1
3341 85
1
3342 302
1
3343 88
1
3344 12
1
3345 133
1
3346 68
1
3347 107
1
3348 128
1
3349 156
1
3350 306
1
3351 271
1
3352 179
1
3353 343
1
3354 52
0
1
3355 54
1
3356 217
1
3357 289
0
1
3358 6
1
3359 343
0
1
3360 136
1
3361 121
1
3362 217
1
3363 64
1
3364 160
1
3365 9
0
0
1
3366 40
1
3367 131
1
3368 244
1
3369 38
1
3370 224
1
3371 239
1
3372 267
1
3373 216
1
3374 42
1
3375 230
1
3376 162
1
3377 76
1
3378 75
1
3379 246
1
3380 200
0
1
3381 141
1
3382 306
1
3383 269
1
3384 160
1
3385 81
1
3386 269
1
3387 125
1
3388 285
1
3389 287
0
1
3390 5
0
0
1
3391 198
1
3392 32
1
3393 23
1
3394 232
1
3395 337
1
3396 201
1
3397 179
1
3398 184
1
3399 340
0
1
3400 91
1
3401 286
1
3402 114
1
3403 62
1
3404 52
1
3405 174
1
3406 116
1
3407 327
1
3408 264
1
3409 194
1
3410 174
0
1
3411 91
1
3412 197
1
3413 2
1
3414 327
1
3415 236
1
3416 169
1
3417 79
1
3418 327
0
0
0
1
3419 328
1
3420 178
1
3421 92
0
1
3422 96
1
3423 330
1
3424 164
0
1
3425 291
0
1
3426 96
0
1
3427 201
1
3428 319
1
3429 90
1
3430 242
0
0
0
1
3431 291
1
3432 25
1
3433 273
1
3434 142
0
1
3435 201
0
0
1
3436 133
1
3437 108
0
1
3438 170
0
0
1
3439 54
1
3440 78
1
3441 203
1
3442 66
0
1
3443 204
1
3444 319
1
3445 294
0
0
1
3446 297
1
3447 159
0
1
3448 150
1
3449 61
1
3450 98
1
3451 57
1
3452 2
1
3453 187
1
3454 177
1
3455 38
1
3456 7
1
3457 150
1
3458 218
0
1
3459 198
1
3460 127
1
3461 75
1
3462 60
0
1
3463 100
1
3464 192
1
3465 47
1
3466 247
1
3467 342
1
3468 118
1
3469 168
1
3470 288
1
3471 185
1
3472 221
1
3473 16
1
3474 247
1
3475 223
1
3476 122
1
3477 256
0
1
3478 236
0
1
3479 36
0
1
3480 346
1
3481 66
1
3482 146
1
3483 210
0
1
3484 35
1
3485 324
1
3486 144
1
3487 136
1
3488 26
1
3489 152
1
3490 63
0
1
3491 104
1
3492 302
1
3493 190
1
3494 315
1
3495 331
1
3496 143
1
3497 216
1
3498 157
1
3499 134
1
3500 206
0
0
1
3501 49
0
1
3502 343
0
0
1
3503 66
1
3504 291
1
3505 46
0
0
0
1
3506 236
1
3507 111
1
3508 166
0
1
3509 242
1
3510 135
1
3511 293
0
1
3512 122
0
0
0
1
3513 111
0
1
3514 248
1
3515 172
1
3516 29
0
1
3517 187
1
3518 230
0
0
1
3519 348
1
3520 56
1
3521 13
1
3522 128
1
3523 345
1
3524 219
1
3525 351
1
3526 124
1
3527 308
1
3528 240
1
3529 335
1
3530 90
1
3531 62
1
3532 178
0
1
3533 71
1
3534 100
1
3535 310
1
3536 101
0
0
1
3537 29
0
1
3538 279
1
3539 178
1
3540 20
1
3541 152
0
1
3542 76
1
3543 340
1
3544 30
0
1
3545 294
1
3546 47
1
3547 182
1
3548 331
1
3549 341
0
1
3550 76
1
3551 307
1
3552 40
1
3553 340
1
3554 261
0
1
3555 270
1
3556 194
1
3557 63
1
3558 135
1
3559 7
0
0
1
3560 12
1
3561 12
1
3562 99
1
3563 278
0
0
1
3564 82
1
3565 311
1
3566 45
1
3567 265
0
1
3568 340
1
3569 166
0
1
3570 2
1
3571 60
1
3572 4
1
3573 188
1
3574 97
1
3575 178
0
1
3576 275
1
3577 178
0
1
3578 346
1
3579 278
0
0
1
3580 193
1
3581 81
1
3582 108
1
3583 301
1
3584 310
0
1
3585 286
0
0
1
3586 73
1
3587 296
1
3588 329
0
1
3589 146
1
3590 126
0
1
3591 76
1
3592 343
1
3593 336
0
1
3594 101
1
3595 220
1
3596 152
1
3597 134
0
0
0
1
3598 212
1
3599 332
1
3600 251
0
1
3601 251
1
3602 27
0
0
1
3603 67
1
3604 43
0
1
3605 2
0
0
1
3606 330
1
3607 188
1
3608 190
1
3609 127
1
3610 40
1
3611 138
1
3612 100
0
1
3613 168
1
3614 338
1
3615 148
1
3616 224
1
3617 63
1
3618 349
1
3619 66
1
3620 106
1
3621 114
1
3622 50
1
3623 80
1
3624 194
1
3625 318
1
3626 82
0
1
3627 48
1
3628 168
1
3629 82
0
0
1
3630 327
0
1
3631 31
1
3632 162
1
3633 174
1
3634 66
1
3635 74
0
1
3636 278
1
3637 211
1
3638 345
1
3639 94
1
3640 191
1
3641 155
1
3642 133
1
3643 148
1
3644 347
1
3645 60
1
3646 184
1
3647 176
1
3648 273
0
1
3649 50
1
3650 239
1
3651 134
1
3652 10
1
3653 21
1
3654 273
1
3655 179
1
3656 18
0
0
1
3657 60
0
1
3658 216
1
3659 228
1
3660 190
0
1
3661 78
1
3662 173
1
3663 86
1
3664 86
1
3665 231
1
3666 177
1
3667 195
1
3668 159
0
1
3669 185
1
3670 153
1
3671 212
1
3672 49
0
0
0
1
3673 121
1
3674 225
1
3675 277
1
3676 90
1
3677 13
0
0
1
3678 259
1
3679 14
0
1
3680 337
1
3681 14
0
1
3682 173
0
0
1
3683 190
0
1
3684 281
1
3685 37
1
3686 3
1
3687 345
0
1
3688 124
0
1
3689 128
1
3690 256
1
3691 119
1
3692 301
1
3693 10
1
3694 247
0
1
3695 296
0
1
3696 49
0
1
3697 291
1
3698 100
1
3699 343
0
1
3700 286
1
3701 51
1
3702 229
1
3703 24
1
3704 132
1
3705 199
1
3706 327
1
3707 286
1
3708 161
1
3709 317
1
3710 100
1
3711 37
0
1
3712 90
1
3713 99
1
3714 315
1
3715 263
1
3716 8
1
3717 129
1
3718 50
0
1
3719 234
0
0
0
0
1
3720 184
0
1
3721 270
1
3722 6
0
1
3723 163
1
3724 57
1
3725 49
0
1
3726 148
0
1
3727 345
1
3728 25
1
3729 12
1
3730 197
0
1
3731 12
0
0
1
3732 241
0
0
1
3733 191
0
1
3734 200
0
1
3735 145
0
0
1
3736 120
1
3737 337
0
1
3738 167
1
3739 326
1
3740 212
1
3741 43
0
0
1
3742 58
0
0
0
0
0
1
3743 35
0
1
3744 211
0
1
3745 322
1
3746 100
1
3747 110
1
3748 78
0
1
3749 34
1
3750 250
1
3751 85
0
1
3752 273
1
3753 187
1
3754 98
0
1
3755 142
1
3756 10
1
3757 205
1
3758 268
1
3759 170
1
3760 182
0
0
0
1
3761 202
1
3762 337
0
1
3763 323
1
3764 9
0
1
3765 205
1
3766 31
1
3767 62
0
0
0
1
3768 50
1
3769 153
1
3770 96
1
3771 164
1
3772 69
1
3773 299
1
3774 9
1
3775 182
1
3776 269
1
3777 240
1
3778 141
0
1
3779 6
1
3780 49
1
3781 124
0
1
3782 227
1
3783 42
0
0
0
1
3784 130
1
3785 331
1
3786 19
1
3787 289
0
1
3788 103
1
3789 80
1
3790 279
1
3791 208
1
3792 284
1
3793 45
1
3794 19
1
3795 225
1
3796 182
1
3797 64
1
3798 338
1
3799 293
1
3800 116
0
1
3801 158
1
3802 76
0
0
1
3803 238
0
1
3804 17
1
3805 57
1
3806 210
1
3807 337
0
1
3808 261
0
1
3809 281
0
1
3810 204
1
3811 221
1
3812 142
1
3813 122
1
3814 66
1
3815 147
0
0
1
3816 266
1
3817 218
1
3818 345
0
0
1
3819 13
1
3820 44
0
1
3821 235
1
3822 122
1
3823 265
0
0
1
3824 123
1
3825 43
0
1
3826 317
1
3827 106
1
3828 13
1
3829 274
1
3830 199
0
1
3831 103
1
3832 224
0
0
0
1
3833 51
1
3834 35
1
3835 269
1
3836 314
1
3837 94
0
0
0
0
1
3838 25
1
3839 330
1
3840 30
1
3841 95
0
0
1
3842 26
1
3843 73
0
1
3844 93
1
3845 19
1
3846 246
1
3847 136
1
3848 328
1
3849 341
1
3850 109
1
3851 166
1
3852 10
0
0
1
3853 318
1
3854 129
1
3855 256
1
3856 248
1
3857 259
1
3858 63
1
3859 292
1
3860 170
1
3861 127
1
3862 203
1
3863 239
0
1
3864 88
1
3865 164
1
3866 159
1
3867 160
1
3868 21
1
3869 239
1
3870 157
0
0
1
3871 44
0
1
3872 118
1
3873 150
1
3874 135
0
1
3875 345
1
3876 307
1
3877 204
1
3878 189
1
3879 186
1
3880 31
1
3881 49
1
3882 114
0
0
0
1
3883 290
1
3884 292
0
1
3885 250
1
3886 118
0
1
3887 2
0
1
3888 73
1
3889 240
1
3890 77
0
1
3891 36
0
0
0
1
3892 48
1
3893 305
1
3894 34
0
0
0
1
3895 251
0
1
3896 271
0
1
3897 204
1
3898 219
0
1
3899 170
0
0
1
3900 72
1
3901 110
1
3902 229
1
3903 127
1
3904 287
1
3905 323
1
3906 39
1
3907 126
1
3908 160
1
3909 83
1
3910 343
1
3911 282
1
3912 50
1
3913 339
0
1
3914 50
0
1
3915 100
0
1
3916 144
1
3917 7
1
3918 248
1
3919 240
1
3920 231
1
3921 110
1
3922 220
0
1
3923 169
1
3924 346
1
3925 275
1
3926 247
0
0
1
3927 108
0
1
3928 154
1
3929 149
1
3930 187
0
1
3931 126
0
1
3932 337
1
3933 322
1
3934 178
1
3935 287
0
0
0
1
3936 339
0
1
3937 146
0
1
3938 60
1
3939 28
1
3940 129
1
3941 261
0
0
0
1
3942 276
1
3943 180
0
0
0
1
3944 122
0
0
1
3945 309
1
3946 287
1
3947 55
0
0
0
1
3948 76
0
1
3949 345
1
3950 290
1
3951 181
1
3952 251
1
3953 6
1
3954 242
1
3955 192
0
1
3956 39
0
0
1
3957 177
1
3958 131
1
3959 256
1
3960 302
0
1
3961 22
1
3962 158
0
1
3963 42
0
0
1
3964 326
1
3965 144
1
3966 250
0
1
3967 142
1
3968 80
1
3969 160
0
1
3970 281
1
3971 218
0
1
3972 212
1
3973 148
0
1
3974 352
0
1
3975 222
1
3976 71
1
3977 55
0
0
1
3978 287
1
3979 51
1
3980 257
0
1
3981 77
1
3982 344
0
1
3983 351
0
1
3984 178
0
0
0
1
3985 98
0
0
1
3986 20
0
1
3987 44
1
3988 108
1
3989 89
1
3990 278
1
3991 253
1
3992 23
1
3993 97
1
3994 99
1
3995 14
0
1
3996 128
1
3997 8
1
3998 204
0
1
3999 5
1
4000 167
0
0
0
0
0
0
0
1
4001 352
0
1
4002 123
0
1
4003 285
1
4004 238
1
4005 46
1
4006 126
0
1
4007 331
1
4008 160
1
4009 205
1
4010 100
1
4011 256
1
4012 115
0
0
0
1
4013 185
1
4014 313
0
1
4015 343
1
4016 329
1
4017 220
1
4018 274
0
0
1
4019 31
0
1
4020 291
0
1
4021 313
0
1
4022 293
0
1
4023 245
1
4024 226
0
0
1
4025 156
0
0
0
1
4026 351
1
4027 151
0
1
4028 294
0
0
1
4029 50
0
1
4030 261
1
4031 337
1
4032 102
0
1
4033 340
1
4034 335
1
4035 206
1
4036 99
1
4037 218
1
4038 142
1
4039 157
1
4040 69
1
4041 346
0
1
4042 63
1
4043 233
0
1
4044 74
1
4045 346
1
4046 283
1
4047 208
1
4048 83
1
4049 35
0
1
4050 23
1
4051 44
1
4052 67
1
4053 312
1
4054 152
1
4055 184
0
0
1
4056 207
1
4057 103
1
4058 57
0
1
4059 337
0
1
4060 86
0
1
4061 204
0
1
4062 219
1
4063 166
1
4064 346
1
4065 28
0
1
4066 129
0
1
4067 146
1
4068 235
1
4069 297
0
0
1
4070 100
1
4071 248
1
4072 233
0
1
4073 159
0
0
1
4074 219
1
4075 98
0
0
1
4076 344
1
4077 208
1
4078 65
1
4079 184
1
4080 349
1
4081 238
1
4082 292
1
4083 259
1
4084 107
0
1
4085 58
1
4086 77
1
4087 214
0
0
0
1
4088 78
1
4089 325
0
1
4090 60
1
4091 109
1
4092 326
0
1
4093 26
1
4094 124
0
0
1
4095 37
1
4096 88
1
4097 234
1
4098 223
0
1
4099 33
1
4100 179
1
4101 166
1
4102 86
1
4103 101
0
0
1
4104 160
0
1
4105 246
0
1
4106 337
1
4107 158
1
4108 336
0
1
4109 340
1
4110 110
1
4111 123
1
4112 270
0
0
0
0
1
4113 25
0
0
1
4114 307
1
4115 102
1
4116 329
1
4117 293
1
4118 175
1
4119 349
0
0
0
0
0
0
0
0
0
0
0
1
4120 9
1
4121 78
0
1
4122 43
1
4123 212
1
4124 129
0
0
0
0
1
4125 242
0
0
0
1
4126 316
1
4127 20
0
0
0
0
1
4128 285
0
1
4129 192
1
4130 288
0
1
4131 135
1
4132 346
1
4133 234
1
4134 162
0
1
4135 114
0
1
4136 319
1
4137 78
0
1
4138 98
1
4139 49
1
4140 343
1
4141 253
1
4142 311
1
4143 338
1
4144 98
0
0
0
0
0
0
1
4145 113
1
4146 235
1
4147 270
1
4148 61
1
4149 135
1
4150 123
1
4151 352
0
1
4152 154
0
0
1
4153 76
0
1
4154 84
1
4155 216
1
4156 139
0
0
0
1
4157 135
1
4158 137
0
1
4159 227
1
4160 348
0
1
4161 273
0
0
0
0
0
1
4162 156
0
1
4163 170
1
4164 3
0
1
4165 13
1
4166 145
1
4167 220
1
4168 221
0
1
4169 196
1
4170 298
0
0
1
4171 245
0
0
1
4172 271
1
4173 320
0
1
4174 310
0
0
0
1
4175 340
0
1
4176 3
1
4177 114
0
0
0
0
1
4178 114
0
0
0
0
1
4179 256
0
0
1
4180 346
0
1
4181 198
1
4182 14
1
4183 238
1
4184 341
1
4185 185
1
4186 101
0
1
4187 78
0
1
4188 192
0
0
0
1
4189 287
0
1
4190 264
1
4191 114
0
0
1
4192 3
0
1
4193 55
0
1
4194 236
1
4195 168
0
0
0
1
4196 76
1
4197 15
1
4198 196
0
0
1
4199 346
0
0
1
4200 328
1
4201 292
1
4202 158
1
4203 149
1
4204 143
1
4205 232
0
0
0
0
1
4206 111
1
4207 111
0
0
1
4208 18
0
0
1
4209 28
0
1
4210 265
0
1
4211 337
1
4212 316
0
1
4213 295
0
0
0
0
1
4214 198
0
0
0
1
4215 267
1
4216 51
0
0
1
4217 326
1
4218 60
0
0
1
4219 286
1
4220 211
1
4221 116
0
0
1
4222 115
1
4223 236
0
0
1
4224 251
1
4225 137
1
4226 5
1
4227 339
1
4228 79
0
1
4229 197
1
4230 166
1
4231 265
1
4232 263
0
0
1
4233 168
0
1
4234 6
1
4235 182
0
1
4236 96
0
0
0
0
0
1
4237 98
0
0
0
0
1
4238 82
1
4239 57
0
0
1
4240 16
1
4241 162
1
4242 152
0
1
4243 291
1
4244 131
1
4245 135
1
4246 351
1
4247 320
1
4248 48
0
0
1
4249 96
1
4250 178
1
4251 110
1
4252 247
1
4253 173
1
4254 226
1
4255 212
0
0
1
4256 185
1
4257 108
1
4258 9
0
1
4259 58
0
1
4260 264
0
1
4261 172
0
1
4262 73
1
4263 13
0
1
4264 52
1
4265 264
1
4266 41
0
1
4267 20
0
0
0
1
4268 147
0
1
4269 166
1
4270 47
1
4271 33
0
0
1
4272 267
0
0
0
0
0
0
0
0
0
0
1
4273 144
0
1
4274 273
0
0
1
4275 327
0
1
4276 129
0
0
0
0
0
0
0
0
1
4277 299
0
1
4278 198
1
4279 226
0
1
4280 170
0
0
1
4281 49
0
1
4282 279
0
0
0
1
4283 43
1
4284 75
0
1
4285 259
1
4286 229
0
0
0
1
4287 4
0
0
1
4288 175
0
1
4289 111
1
4290 227
0
0
1
4291 291
1
4292 187
1
4293 246
0
0
0
0
0
1
4294 207
1
4295 106
1
4296 102
0
0
1
4297 331
0
1
4298 165
0
1
4299 250
1
4300 292
0
0
0
0
1
4301 205
0
1
4302 329
0
0
0
1
4303 192
0
1
4304 162
1
4305 178
0
0
1
4306 162
1
4307 79
1
4308 346
1
4309 291
0
0
0
1
4310 145
0
1
4311 326
1
4312 62
1
4313 332
1
4314 46
1
4315 117
1
4316 249
1
4317 301
0
1
4318 184
1
4319 91
0
0
1
4320 226
0
0
0
0
0
1
4321 89
0
1
4322 305
0
0
0
1
4323 93
1
4324 115
1
4325 125
0
0
0
0
1
4326 85
0
1
4327 100
1
4328 76
1
4329 193
1
4330 14
0
0
0
0
1
4331 42
0
1
4332 80
0
0
1
4333 186
1
4334 351
1
4335 247
0
1
4336 85
0
0
0
1
4337 44
0
0
0
1
4338 146
0
1
4339 263
0
0
0
0
0
1
4340 53
0
0
0
1
4341 248
0
1
4342 187
0
0
0
1
4343 333
0
0
0
0
0
1
4344 50
0
0
1
4345 304
1
4346 129
0
0
0
0
1
4347 5
0
0
0
0
1
4348 155
1
4349 288
0
1
4350 271
1
4351 204
1
4352 248
1
4353 104
1
4354 197
1
4355 2
0
0
0
1
4356 235
0
1
4357 236
0
0
1
4358 305
0
0
0
0
0
1
4359 249
0
0
1
4360 150
0
0
0
1
4361 309
1
4362 203
0
0
1
4363 276
0
1
4364 130
0
0
1
4365 168
1
4366 344
0
0
0
1
4367 171
0
1
4368 105
1
4369 256
0
1
4370 71
1
4371 313
1
4372 162
1
4373 18
1
4374 7
1
4375 161
0
0
1
4376 107
1
4377 284
0
1
4378 109
1
4379 51
1
4380 250
1
4381 79
0
1
4382 73
0
0
0
0
0
1
4383 132
1
4384 100
1
4385 331
1
4386 25
0
0
0
0
0
1
4387 43
0
0
1
4388 83
1
4389 162
1
4390 57
0
1
4391 294
1
4392 35
0
1
4393 291
0
0
1
4394 255
1
4395 181
1
4396 290
0
1
4397 48
1
4398 338
1
4399 222
1
4400 244
1
4401 71
1
4402 80
0
0
0
1
4403 185
0
1
4404 103
0
1
4405 283
1
4406 252
0
1
4407 5
1
4408 109
0
0
0
1
4409 14
0
0
1
4410 238
1
4411 227
1
4412 32
0
1
4413 284
1
4414 305
0
1
4415 256
1
4416 137
1
4417 43
1
4418 105
1
4419 225
1
4420 35
0
0
1
4421 86
0
0
0
0
1
4422 174
1
4423 192
1
4424 291
0
1
4425 243
0
0
0
0
0
1
4426 242
0
0
0
0
0
1
4427 235
1
4428 292
0
1
4429 45
0
1
4430 198
0
0
0
0
0
1
4431 102
1
4432 277
0
0
0
0
1
4433 243
0
1
4434 191
1
4435 251
0
0
0
1
4436 351
1
4437 252
1
4438 315
0
0
0
0
0
1
4439 122
1
4440 209
1
4441 324
1
4442 58
0
0
1
4443 223
1
4444 147
1
4445 163
0
0
1
4446 155
0
1
4447 261
0
0
1
4448 147
1
4449 179
1
4450 258
1
4451 18
1
4452 222
1
4453 238
0
1
4454 161
1
4455 170
0
0
1
4456 232
1
4457 351
1
4458 83
1
4459 44
1
4460 309
0
0
0
1
4461 334
0
1
4462 95
1
4463 15
1
4464 27
0
0
1
4465 231
0
0
0
1
4466 201
0
1
4467 338
1
4468 20
0
0
0
0
1
4469 47
0
0
1
4470 50
0
0
0
1
4471 137
0
1
4472 247
0
1
4473 213
0
0
0
0
0
0
0
1
4474 219
1
4475 110
0
0
1
4476 298
1
4477 69
1
4478 331
0
0
0
0
1
4479 92
0
1
4480 190
0
1
4481 187
0
1
4482 291
1
4483 332
0
0
0
0
0
0
1
4484 247
0
1
4485 127
0
0
0
0
1
4486 262
0
0
0
1
4487 138
1
4488 236
0
0
1
4489 312
0
0
1
4490 300
0
0
1
4491 242
0
1
4492 335
1
4493 257
0
0
0
0
0
0
0
0
1
4494 273
1
4495 76
0
0
0
1
4496 154
1
4497 40
0
0
1
4498 40
0
0
0
0
0
0
1
4499 307
0
1
4500 130
1
4501 114
1
4502 191
0
1
4503 139
0
0
0
0
0
1
4504 50
1
4505 187
1
4506 225
1
4507 191
0
1
4508 159
0
1
4509 100
0
0
0
0
0
0
1
4510 26
1
4511 180
0
0
1
4512 217
0
0
0
1
4513 160
0
1
4514 235
1
4515 349
1
4516 102
0
0
1
4517 76
1
4518 247
0
0
0
0
0
1
4519 176
0
0
0
0
1
4520 287
1
4521 66
0
0
1
4522 141
0
0
0
1
4523 97
1
4524 39
1
4525 241
1
4526 79
0
0
1
4527 221
1
4528 209
0
1
4529 103
0
0
0
0
0
0
1
4530 55
0
0
1
4531 314
0
0
1
4532 36
0
0
0
0
0
1
4533 191
0
0
0
0
0
1
4534 246
0
0
0
0
1
4535 27
1
4536 247
0
1
4537 19
0
0
0
0
0
0
0
0
0
1
4538 35
0
0
0
0
1
4539 160
0
0
0
0
0
0
0
1
4540 313
0
0
1
4541 333
0
0
1
4542 245
1
4543 301
0
0
0
0
0
0
0
0
0
1
4544 256
0
0
0
0
0
1
4545 286
1
4546 33
0
0
0
0
0
0
0
0
0
0
0
1
4547 269
0
1
4548 18
0
0
1
4549 126
0
1
4550 79
0
0
0
0
0
0
0
0
0
0
0
0
0
0
0
0
1
4551 294
0
0
0
1
4552 119
1
4553 315
0
0
0
0
0
0
0
1
4554 61
1
4555 138
0
0
0
0
0
1
4556 269
0
1
4557 54
1
4558 110
1
4559 49
1
4560 99
0
0
0
0
1
4561 349
0
1
4562 30
0
0
1
4563 230
0
0
0
1
4564 207
0
0
1
4565 280
1
4566 199
0
1
4567 169
0
0
1
4568 209
0
1
4569 76
0
0
0
1
4570 323
1
4571 22
0
1
4572 226
0
1
4573 339
0
0
0
0
1
4574 196
0
1
4575 111
0
0
1
4576 118
0
1
4577 342
0
0
0
0
0
0
0
0
0
0
0
0
0
0
0
1
4578 103
0
1
4579 294
0
0
0
0
0
0
0
0
0
0
1
4580 185
0
0
0
0
0
0
1
4581 246
0
0
1
4582 206
0
0
0
1
4583 102
1
4584 130
0
0
0
0
1
4585 287
0
0
1
4586 343
0
0
1
4587 318
0
0
1
4588 150
1
4589 40
0
1
4590 98
1
4591 286
1
4592 81
0
1
4593 143
0
0
0
0
0
0
0
0
0
0
1
4594 100
0
1
4595 279
0
0
0
0
0
0
0
0
0
0
0
0
1
4596 273
0
0
1
4597 177
0
0
0
0
0
0
0
0
1
4598 35
1
4599 187
1
4600 32
0
1
4601 227
0
0
1
4602 56
0
1
4603 294
0
0
0
0
0
0
0
0
0
1
4604 15
1
4605 204
1
4606 198
1
4607 63
1
4608 176
0
0
1
4609 74
0
1
4610 45
1
4611 251
0
1
4612 265
0
1
4613 171
0
0
0
1
4614 192
0
0
0
0
1
4615 300
0
1
4616 124
0
0
0
0
0
1
4617 80
0
0
0
0
0
0
1
4618 312
0
1
4619 65
0
0
0
1
4620 278
0
0
0
0
1
4621 311
0
1
4622 184
0
1
4623 274
0
1
4624 268
0
0
0
0
0
0
1
4625 161
0
0
0
0
1
4626 296
1
4627 173
0
0
0
1
4628 154
0
0
0
0
0
1
4629 267
1
4630 172
0
0
0
0
0
0
0
1
4631 223
0
1
4632 312
0
0
0
0
0
0
1
4633 43
1
4634 233
0
0
0
0
0
0
0
0
1
4635 260
0
0
0
0
1
4636 60
1
4637 110
1
4638 86
0
1
4639 28
0
0
0
0
1
4640 240
0
0
0
0
0
0
0
0
0
0
0
0
1
4641 34
0
0
0
0
0
0
0
1
4642 125
1
4643 180
0
0
0
0
0
0
1
4644 162
0
1
4645 164
0
0
0
1
4646 297
0
1
4647 226
0
0
1
4648 322
0
0
0
0
0
1
4649 349
0
0
1
4650 10
0
0
0
0
0
0
0
0
0
0
0
0
0
0
0
0
0
0
1
4651 48
1
4652 318
1
4653 271
1
4654 144
1
4655 103
0
0
0
0
0
1
4656 185
0
0
1
4657 9
1
4658 31
0
0
0
0
1
4659 227
0
0
0
0
0
0
0
0
0
0
0
1
4660 232
0
0
0
0
0
1
4661 241
0
0
0
0
1
4662 234
0
1
4663 55
0
0
0
0
0
0
0
0
0
0
0
1
4664 75
0
0
0
0
0
0
0
0
0
0
0
0
0
0
0
1
4665 230
0
0
0
0
1
4666 125
0
0
0
0
0
0
0
1
4667 344
0
0
0
0
0
0
0
0
1
4668 41
0
0
0
0
0
1
4669 277
0
1
4670 280
0
0
0
0
0
0
0
1
4671 61
0
0
0
1
4672 94
0
0
0
0
1
4673 58
0
0
0
1
4674 342
0
0
0
0
0
0
0
0
1
4675 144
0
0
0
0
0
0
1
4676 304
0
0
0
0
0
0
0
0
0
0
0
0
0
0
0
0
1
4677 178
0
0
1
4678 249
0
0
0
0
1
4679 314
0
1
4680 310
0
0
0
1
4681 330
0
0
0
0
1
4682 321
0
1
4683 157
0
1
4684 78
0
0
0
0
1
4685 319
0
0
0
1
4686 318
0
1
4687 324
0
0
0
0
1
4688 142
0
0
0
0
1
4689 99
0
0
0
1
4690 292
0
0
0
0
0
0
0
0
0
0
0
0
0
1
4691 167
1
4692 158
0
0
0
1
4693 163
0
1
4694 298
1
4695 34
0
0
0
0
0
0
0
0
0
0
0
0
0
0
0
0
0
0
0
0
0
0
1
4696 181
0
0
0
0
0
1
4697 96
0
0
0
0
0
1
4698 162
0
0
0
0
0
0
0
0
1
4699 88
0
0
0
0
0
0
0
0
1
4700 256
0
0
0
0
0
0
0
0
0
0
0
0
0
0
0
0
0
0
0
0
1
4701 72
0
1
4702 191
1
4703 112
1
4704 27
1
4705 313
0
0
0
0
0
0
0
0
0
0
0
1
4706 208
0
0
0
0
0
1
4707 15
0
0
0
0
0
0
0
0
0
0
0
0
0
0
0
0
0
0
0
1
4708 229
0
0
0
0
0
1
4709 351
0
0
0
0
0
0
0
1
4710 49
1
4711 16
0
0
0
0
0
0
1
4712 23
1
4713 141
0
0
0
0
0
1
4714 344
0
0
1
4715 78
1
4716 258
0
0
0
0
0
1
4717 322
0
1
4718 60
0
1
4719 262
0
0
0
0
0
0
0
1
4720 328
0
0
0
0
1
4721 195
0
0
0
0
0
0
0
0
0
0
0
1
4722 160
0
0
0
0
0
0
0
0
0
1
4723 44
0
0
0
0
0
0
0
0
0
0
0
0
0
0
0
0
0
0
0
0
0
0
0
0
0
0
0
0
0
0
1
4724 235
0
0
0
0
0
0
0
1
4725 269
0
1
4726 111
0
0
0
0
0
1
4727 224
0
0
0
0
0
0
0
1
4728 290
0
0
0
1
4729 190
0
1
4730 346
0
0
0
0
0
0
0
0
0
0
0
0
0
0
0
0
0
0
0
0
0
0
1
4731 38
0
0
0
0
0
0
0
1
4732 118
0
0
0
0
0
0
0
0
0
0
0
0
0
0
1
4733 142
0
0
0
0
0
0
0
0
1
4734 136
0
0
0
0
0
0
0
0
0
0
0
0
0
1
4735 202
0
0
0
0
1
4736 168
0
0
0
0
0
0
0
1
4737 237
0
0
0
1
4738 215
0
0
0
0
0
1
4739 186
1
4740 254
0
1
4741 186
0
1
4742 116
0
0
0
0
0
0
0
0
0
0
0
0
0
0
0
0
0
0
0
0
0
1
4743 34
0
0
0
0
0
0
0
1
4744 345
0
0
0
0
0
0
0
0
0
0
0
1
4745 177
0
0
0
0
0
0
0
0
0
0
0
0
0
0
0
0
0
0
0
0
0
0
1
4746 13
1
4747 276
0
0
0
0
0
0
0
0
1
4748 174
0
0
0
0
0
0
0
0
0
0
0
0
0
0
0
0
0
0
0
0
0
0
0
0
0
0
1
4749 108
0
0
0
0
0
0
1
4750 155
0
0
0
1
4751 27
0
0
0
0
0
0
0
0
0
0
0
0
0
0
0
0
0
0
0
0
0
0
1
4752 236
1
4753 302
0
0
0
0
0
0
0
0
0
0
0
0
0
0
0
0
0
0
0
0
0
0
0
0
0
0
0
0
0
0
0
0
0
0
0
0
0
0
0
0
0
0
1
4754 99
0
0
0
0
0
0
0
0
0
0
0
0
0
0
0
0
1
4755 176
0
0
0
0
0
0
0
0
0
0
0
0
0
0
0
0
0
0
0
0
0
0
1
4756 52
0
0
0
0
0
1
4757 77
0
0
0
0
0
0
0
0
0
0
0
0
0
0
0
0
0
0
0
0
0
0
0
0
0
0
0
0
0
0
0
0
0
0
0
0
0
0
0
0
0
0
0
0
0
0
0
0
0
0
0
0
0
0
0
0
0
0
0
0
0
0
0
0
0
0
0
0
0
0
0
0
0
0
0
0
0
0
0
0
0
0
0
0
0
0
0
0
0
0
0
0
0
0
0
0
0
0
0
0
0
0
0
0
0
0
0
0
0
0
0
0
0
0
0
0
0
0
0
0
0
0
0
0
0
0
0
0
0
0
0
0
0
0
0
0
0
0
0
0
0
0
0
0
0
0
0
0
0
0
0
0
0
0
0
0
0
0
0
0
0
0
0
0
0
0
0
0
0
0
0
0
0
0
0
0
0
0
0
0
1
4758 55
0
0
0
0
0
0
0
0
0
0
0
0
0
0
0
0
0
0
0
0
0
0
0
0
0
0
0
0
0
0
0
0
0
0
0
0
0
0
0
0
0
0
0
0
1
4759 98
0
0
0
0
0
0
0
0
0
0
0
0
0
0
0
0
0
0
0
0
0
0
0
0
0
0
0
0
0
0
0
0
0
0
0
0
0
0
0
0
0
0
0
0
0
0
0
0
0
0
0
0
0
0
0
0
0
0
0
0
0
0
0
0
0
0
0
0
0
0
0
0
0
0
0
0
0
0
0
0
0
0
0
0
0
0
0
0
0
0
0
0
0
0
0
0
0
0
0
0
0
0
0
0
0
0
0
0
0
0
0
0
0
0
0
0
0
0
0
0
0
0
0
0
0
0
0
0
0
0
0
0
0
0
0
0
0
0
0
0
0
0
0
0
0
0
0
0
0
0
0
0
0
0
0
0
0
0
0
0
0
0
0
0
0
0
0
0
0
0
0
0
0
0
0
0
0
0
0
0
0
0
0
0
0
0
0
0
0
0
0
0
0
0
0
0
0
0
0
0
0
0
0
0
0
0
0
0
0
0
0
0
0
0
0
0
0
0
0
0
0
0
0
0
0
0
0
0
0
0
0
0
0
0
0
0
0
0
0
0
0
0
0
0
0
0
0
0
0
0
0
0
0
0
0
0
0
0
0
0
0
0
0
0
0
0
0
0
0
0
0
0
0
0
0
0
0
0
0
0
0
0
0
0
0
0
0
0
0
0
0
0
0
0
0
0
0
0
0
0
0
0
0
0
0
0
0
0
0
0
0
0
0
0
0
0
0
0
0
0
0
0
0
0
0
0
0
0
0
0
0
0
0
0
0
0
0
0
0
0
0
0
0
0
0
0
0
0
0
0
0
0
0
0
0
0
0
0
0
0
0
0
0
0
0
0
0
0
0
0
0
0
0
0
0
0
0
0
0
0
0
0
0
0
0
0
0
0
0
0
0
0
0
0
0
0
0
0
0
0
0
0
0
0
0
0
0
0
0
0
0
0
0
0
0
0
0
0
0
0
0
0
0
0
0
0
0
0
0
0
0
0
0
0
0
0
0
0
0
0
0
0
0
0
0
0
0
0
0
0
0
0
0
0
0
0
0
0
0
0
0
0
0
0
0
0
0
0
0
0
0
0
0
0
0
0
0
0
0
0
0
0
0
0
0
0
0
0
0
0
0
0
0
0
0
0
0
0
0
0
0
0
0
0
0
0
