317 629
276 13 3
176 161 5
147 100 3
190 89 4
102 110 2
148 312 2
79 18 4
265 210 3
40 117 2
53 227 3
55 140 3
181 157 3
312 201 3
124 82 3
289 309 3
10 170 3
97 66 3
184 59 5
31 167 3
165 232 3
148 114 2
42 143 4
301 225 4
137 247 2
244 289 5
237 91 3
26 308 3
314 193 2
284 313 4
14 105 3
269 4 3
241 296 3
23 92 5
6 98 2
84 181 3
306 70 3
281 140 3
268 292 5
304 232 2
275 27 3
195 57 3
266 168 4
67 182 3
229 270 3
307 41 3
200 54 3
18 292 4
102 248 3
95 219 2
253 32 2
246 294 3
257 152 3
251 260 3
28 230 3
206 314 2
269 203 2
183 259 4
141 73 2
229 100 2
210 109 2
82 198 2
205 117 2
20 303 3
283 46 3
104 239 3
153 169 3
144 64 2
197 297 3
51 139 5
45 87 1
154 133 3
234 203 3
103 235 3
263 172 4
122 289 3
171 129 4
194 230 4
116 5 4
97 82 3
217 193 4
225 94 5
144 316 2
20 202 3
202 89 2
69 271 4
114 81 2
188 292 4
123 138 3
278 185 3
216 143 2
80 98 4
191 6 3
220 45 4
145 308 3
261 31 3
302 252 3
24 146 4
296 174 4
204 131 4
43 121 4
171 264 3
219 280 4
45 5 4
216 163 4
12 49 4
178 201 3
78 155 2
93 94 4
265 248 2
4 113 3
264 47 4
226 99 5
286 55 4
40 21 2
212 92 3
35 27 5
269 298 3
69 214 3
163 112 3
108 34 2
248 134 4
313 314 3
229 79 4
28 136 2
271 26 3
84 52 4
83 257 2
207 60 5
180 240 1
14 314 4
242 300 4
161 254 3
138 66 1
35 238 3
250 280 2
137 266 4
92 241 3
273 217 3
275 198 3
87 220 3
269 151 4
201 128 4
221 15 3
273 193 4
290 11 4
245 278 3
131 12 4
282 254 3
86 144 3
38 296 4
28 108 2
133 228 2
260 213 5
128 199 3
32 298 4
42 216 1
113 3 5
262 211 4
300 136 4
211 316 2
266 235 4
12 293 5
15 307 5
16 111 3
130 71 5
201 7 1
126 41 4
213 171 2
102 74 4
100 270 5
192 140 3
227 125 3
151 124 5
143 223 3
317 236 4
37 65 3
112 42 4
73 155 3
31 25 1
56 244 4
209 205 3
152 76 2
180 234 3
277 315 3
200 186 5
294 206 3
158 64 3
112 11 2
219 189 2
124 118 4
115 188 3
309 130 6
77 315 2
78 158 4
99 303 3
159 190 3
230 300 4
265 65 3
162 75 3
262 275 4
147 111 2
261 295 2
231 189 2
238 182 3
98 181 4
116 22 3
158 281 5
29 46 3
81 163 3
266 291 4
197 317 3
110 185 3
46 63 3
88 13 4
41 150 4
59 124 3
164 103 3
76 310 4
274 221 4
170 210 4
140 290 3
193 14 1
42 17 3
241 9 5
135 303 1
224 249 3
48 236 2
133 299 3
138 118 4
212 155 3
63 291 4
115 165 1
85 50 3
90 188 3
265 267 3
262 304 3
270 239 4
302 255 3
253 111 5
90 232 3
176 254 2
252 10 3
86 125 4
258 282 5
308 2 2
252 77 3
79 101 4
7 199 3
167 133 3
139 67 3
180 255 3
238 53 1
86 316 4
68 263 3
49 127 3
103 247 1
11 17 2
185 224 3
221 44 2
49 280 3
122 300 3
183 43 3
161 200 3
219 127 5
119 16 3
169 167 3
175 274 3
171 287 2
245 169 5
52 177 3
151 272 3
137 63 3
30 294 3
25 261 4
165 188 5
123 119 2
243 249 2
276 289 4
301 3 2
83 85 5
156 229 3
142 244 4
215 45 3
278 167 4
313 206 4
261 117 2
185 299 3
22 1 3
89 204 4
52 195 3
208 28 2
47 172 3
216 112 3
182 109 3
248 256 4
150 274 4
52 183 3
239 101 5
68 39 4
56 242 4
68 152 4
24 258 4
151 4 3
284 236 4
140 17 5
110 299 3
94 240 4
163 148 3
25 57 3
247 164 4
305 107 4
105 10 4
174 149 3
254 54 3
38 243 4
173 217 4
100 156 3
123 156 3
40 259 4
55 196 2
154 85 2
311 213 2
100 16 3
227 149 5
89 36 3
246 58 5
187 105 4
50 249 2
60 175 3
160 57 2
226 135 3
80 191 3
21 317 3
136 142 4
267 256 1
175 306 3
24 246 4
17 23 3
127 293 4
162 207 3
226 19 5
138 18 3
317 30 4
148 85 3
72 128 4
62 259 3
178 213 3
1 220 2
210 285 3
5 87 4
269 113 2
192 290 3
134 110 3
149 241 5
96 33 4
204 116 2
141 115 4
177 179 3
208 34 1
131 36 6
50 224 4
285 10 2
256 106 2
38 74 4
264 222 6
295 40 3
92 9 5
157 259 4
273 19 3
315 182 2
268 73 4
150 44 4
297 236 5
178 311 4
173 193 3
273 14 2
64 155 3
228 169 3
65 109 4
91 292 4
37 296 3
295 205 2
161 157 3
61 6 3
72 286 4
196 281 5
119 118 2
150 15 1
39 152 2
308 257 1
247 235 4
106 197 3
107 146 3
87 215 4
234 51 4
286 33 5
189 95 2
89 22 2
297 267 3
272 277 3
233 186 3
36 250 3
53 37 3
61 207 3
179 168 4
224 154 4
212 158 4
90 66 3
55 192 3
62 282 3
95 250 3
280 231 3
84 6 3
263 129 5
194 136 2
295 209 3
61 179 5
260 222 6
153 29 2
56 309 3
16 32 2
243 50 4
63 153 3
7 81 3
146 220 3
145 271 3
20 36 5
82 27 3
232 211 3
277 139 1
315 67 1
118 123 3
62 21 3
69 8 4
257 39 4
15 80 5
218 71 3
229 101 3
237 288 3
276 127 5
24 58 3
8 26 2
203 4 4
233 215 4
67 184 3
121 160 4
258 254 2
285 77 3
23 9 3
310 152 3
81 312 3
258 176 4
168 75 4
20 250 5
77 139 4
44 307 3
173 108 4
204 190 3
312 114 3
215 305 4
208 255 4
25 245 1
214 103 3
126 279 2
79 132 3
34 51 4
313 294 2
104 288 3
311 287 3
105 217 3
177 84 4
304 211 4
117 295 2
199 311 3
212 64 4
29 164 3
291 75 2
194 208 3
190 202 3
225 180 4
234 113 4
299 278 3
122 189 5
71 13 3
39 83 2
145 164 3
126 200 3
48 246 3
231 122 3
156 118 3
33 260 3
59 27 2
172 310 5
157 282 4
108 194 2
199 96 5
62 58 4
161 279 3
164 153 4
13 127 4
209 102 4
144 212 2
285 252 4
125 316 2
283 168 2
154 2 3
103 137 3
27 120 3
36 49 3
120 174 3
47 287 4
101 132 4
263 287 3
232 115 2
134 74 3
228 2 3
190 22 3
35 184 3
195 43 4
134 65 4
93 242 3
262 97 2
281 192 3
195 160 4
84 191 4
228 145 4
121 283 4
88 293 3
238 120 4
70 60 4
29 137 3
282 176 3
305 258 4
284 187 5
146 246 3
186 279 4
302 173 3
76 68 2
306 221 3
256 197 3
218 276 4
130 88 4
92 86 3
19 99 3
135 19 2
288 101 3
196 78 4
51 255 2
132 237 4
242 142 2
244 93 3
290 128 3
40 205 3
70 274 5
97 275 2
305 54 3
184 277 5
59 198 3
170 187 4
125 211 2
143 243 2
46 160 3
53 174 3
181 183 2
166 188 4
147 32 3
165 141 3
48 58 3
141 304 3
205 21 2
222 251 3
268 166 4
129 311 2
43 57 2
72 96 5
41 186 5
83 2 1
223 241 3
253 3 4
177 283 3
159 202 4
177 121 4
233 54 2
231 95 1
132 104 5
44 175 4
285 170 5
106 248 2
294 159 3
97 198 4
8 310 5
199 178 3
272 203 4
76 172 3
5 1 3
240 301 5
297 187 3
28 34 3
61 70 5
162 179 4
214 235 3
1 107 4
132 288 5
226 273 1
30 48 3
240 208 3
267 106 2
191 98 1
245 31 2
281 23 3
279 80 4
298 119 5
35 120 3
129 178 4
166 91 2
159 135 3
9 223 3
99 230 4
74 37 5
90 18 3
39 114 5
120 227 4
209 261 2
309 218 6
159 206 4
147 270 3
223 38 2
284 30 2
124 66 3
10000
0
0
0
0
0
0
0
0
0
0
0
0
0
0
0
0
0
0
0
0
0
0
0
0
0
0
0
0
0
0
0
0
0
0
0
0
0
0
0
0
0
0
0
0
0
0
0
0
0
0
0
0
0
0
0
0
0
0
0
0
0
0
0
0
0
0
0
0
0
0
0
0
0
0
0
0
0
1
1 178
0
0
0
0
0
0
0
0
0
0
0
0
0
1
2 33
0
0
0
0
0
0
0
0
0
0
0
0
0
0
0
0
0
0
0
0
0
0
0
0
0
0
0
0
0
0
0
0
0
0
0
0
0
0
0
0
0
0
0
0
0
0
0
0
0
0
0
1
3 29
0
0
0
0
0
0
0
0
1
4 27
0
0
0
0
0
0
0
0
0
0
0
0
0
0
0
0
0
0
0
0
0
0
0
0
0
0
0
0
1
5 125
0
0
0
0
0
0
0
0
1
6 55
0
0
0
1
7 255
0
0
1
8 283
1
9 157
0
0
0
0
0
1
10 119
0
0
0
0
0
1
11 280
0
0
0
0
0
0
0
0
0
0
0
0
0
0
0
0
0
0
0
0
0
0
0
0
0
0
0
0
0
0
0
0
0
0
1
12 31
0
0
0
0
0
1
13 260
0
0
0
0
0
0
0
0
0
0
0
0
0
0
0
0
0
0
0
1
14 86
0
0
0
0
0
0
0
0
0
0
0
0
0
0
0
0
0
1
15 127
0
0
0
0
0
0
0
0
0
0
1
16 294
0
0
0
0
0
0
0
0
0
0
0
0
0
0
0
0
0
0
0
0
1
17 193
0
0
0
0
0
0
1
18 168
1
19 225
0
0
0
0
0
1
20 43
0
0
1
21 149
0
0
0
0
0
0
0
0
1
22 87
0
1
23 113
0
0
0
0
0
0
0
0
1
24 176
0
0
0
0
0
0
0
0
0
0
1
25 260
0
1
26 300
0
0
0
0
0
0
0
0
0
0
0
0
0
0
0
0
1
27 194
1
28 149
1
29 35
0
0
0
1
30 26
0
0
0
0
0
1
31 17
0
0
0
0
1
32 317
1
33 144
0
0
1
34 110
0
0
0
0
0
0
0
0
0
1
35 237
0
0
0
0
1
36 73
0
0
0
0
1
37 84
0
0
0
0
0
0
0
0
0
0
0
0
1
38 71
0
0
0
0
0
0
0
0
0
1
39 182
0
0
0
0
0
1
40 50
0
0
0
0
0
0
1
41 272
0
0
0
1
42 93
0
0
1
43 314
0
0
1
44 219
0
0
0
0
0
0
1
45 92
0
0
0
0
0
0
0
1
46 21
0
0
0
0
1
47 59
0
0
0
0
1
48 113
0
0
0
1
49 33
0
0
0
0
0
1
50 16
0
0
1
51 18
0
0
0
0
0
0
0
0
0
0
1
52 195
0
0
0
0
0
0
0
0
0
0
0
0
0
0
0
1
53 183
0
0
0
0
0
0
0
0
0
0
0
0
1
54 289
0
0
1
55 168
0
0
0
1
56 160
0
0
0
0
0
0
0
1
57 134
0
0
0
0
0
0
0
0
0
0
0
1
58 221
1
59 308
0
0
0
0
0
1
60 305
0
0
1
61 212
0
0
1
62 174
1
63 48
0
1
64 178
1
65 51
0
0
0
1
66 85
0
0
1
67 74
0
1
68 138
0
0
0
0
0
1
69 229
0
1
70 119
0
0
0
0
0
0
1
71 57
0
1
72 73
1
73 267
0
0
0
0
0
0
0
0
0
0
0
0
1
74 285
0
1
75 27
0
0
0
0
1
76 280
0
0
1
77 192
0
0
0
0
0
1
78 53
0
0
0
0
1
79 266
1
80 256
1
81 187
0
0
0
0
1
82 105
0
0
0
0
0
1
83 238
1
84 194
0
0
1
85 252
0
0
0
0
0
0
1
86 256
0
0
0
0
0
1
87 27
0
1
88 206
0
0
0
0
0
0
0
0
0
1
89 117
0
0
0
0
1
90 184
0
1
91 9
0
1
92 18
0
1
93 191
0
0
0
0
0
0
0
1
94 70
0
0
1
95 194
1
96 65
0
0
0
0
0
0
1
97 275
0
1
98 247
0
0
0
1
99 151
0
0
1
100 127
0
0
0
0
0
0
1
101 126
0
0
1
102 158
0
0
0
0
0
0
0
0
0
0
0
0
0
1
103 308
0
0
1
104 184
0
0
0
0
0
0
0
0
0
0
0
0
1
105 53
0
0
1
106 128
0
0
0
1
107 296
0
1
108 154
0
1
109 282
1
110 264
0
0
0
1
111 133
0
1
112 176
0
1
113 260
0
1
114 210
1
115 222
1
116 159
0
0
0
0
1
117 53
0
0
1
118 98
0
0
0
0
0
1
119 129
0
0
1
120 77
1
121 298
0
0
0
0
0
0
0
1
122 145
1
123 28
1
124 38
0
0
0
0
1
125 187
0
0
0
0
0
0
0
0
0
1
126 32
0
1
127 178
0
0
0
1
128 54
0
0
0
0
0
1
129 310
0
0
1
130 286
0
0
0
1
131 224
0
0
0
1
132 221
0
1
133 180
0
0
0
0
1
134 42
1
135 62
0
1
136 122
1
137 241
0
0
0
0
1
138 270
0
0
1
139 301
1
140 249
1
141 211
0
0
0
0
0
0
1
142 84
1
143 206
1
144 269
1
145 214
0
0
1
146 184
1
147 217
1
148 12
1
149 139
1
150 52
1
151 134
0
0
0
0
0
0
0
0
0
0
1
152 91
0
0
0
1
153 104
1
154 198
0
1
155 82
0
0
1
156 195
0
1
157 39
0
0
0
0
0
1
158 89
0
1
159 70
0
0
0
1
160 116
1
161 155
1
162 29
1
163 131
0
1
164 189
1
165 303
0
0
0
1
166 22
1
167 103
0
1
168 149
0
1
169 169
0
0
1
170 69
1
171 135
1
172 20
1
173 249
0
0
0
1
174 24
0
0
0
1
175 111
0
0
1
176 146
1
177 78
1
178 53
0
1
179 196
1
180 79
0
0
0
0
0
1
181 135
0
1
182 23
0
0
0
1
183 172
0
1
184 147
0
0
0
0
0
0
1
185 67
0
0
1
186 22
0
1
187 156
1
188 284
1
189 12
0
1
190 62
0
0
1
191 315
0
1
192 114
0
0
1
193 86
0
1
194 144
0
0
1
195 76
0
0
1
196 23
0
1
197 253
0
0
0
0
0
0
1
198 73
0
0
0
1
199 257
1
200 219
0
1
201 138
0
0
0
0
0
0
1
202 177
0
0
0
0
0
1
203 283
0
0
1
204 249
1
205 154
1
206 125
1
207 92
1
208 293
0
0
0
1
209 181
0
1
210 161
0
0
1
211 286
0
0
0
0
0
0
0
1
212 277
1
213 249
1
214 35
1
215 179
1
216 257
1
217 7
0
0
0
0
0
0
0
1
218 67
0
0
0
0
0
1
219 16
0
0
1
220 156
1
221 218
1
222 210
0
1
223 182
0
1
224 17
0
0
1
225 38
0
1
226 201
1
227 69
1
228 166
1
229 299
1
230 20
1
231 64
1
232 275
0
1
233 49
0
1
234 169
0
1
235 304
0
0
0
1
236 303
0
1
237 143
0
0
1
238 39
0
0
0
1
239 144
1
240 35
1
241 317
0
0
0
1
242 50
0
0
1
243 119
0
1
244 98
0
0
1
245 57
1
246 82
0
0
1
247 250
0
1
248 160
1
249 134
1
250 175
1
251 31
0
0
0
0
1
252 216
0
1
253 92
1
254 160
0
1
255 35
1
256 220
1
257 100
0
0
1
258 34
1
259 88
1
260 223
0
0
0
1
261 37
1
262 212
1
263 89
0
1
264 206
0
0
0
0
0
1
265 171
1
266 69
0
0
0
0
0
1
267 107
1
268 67
1
269 112
1
270 20
1
271 223
0
1
272 236
0
0
1
273 210
1
274 313
1
275 106
1
276 122
0
1
277 194
1
278 255
0
1
279 301
1
280 269
0
0
1
281 313
0
0
0
1
282 179
1
283 203
0
0
1
284 92
1
285 210
0
1
286 39
0
0
0
1
287 274
1
288 232
1
289 177
1
290 96
0
0
1
291 199
0
0
0
0
0
1
292 17
0
0
0
0
0
0
1
293 260
1
294 36
0
0
1
295 310
0
1
296 138
0
0
1
297 86
1
298 204
0
1
299 299
1
300 300
1
301 247
0
1
302 122
1
303 178
1
304 199
0
1
305 232
1
306 234
1
307 86
0
0
0
0
1
308 23
1
309 295
0
1
310 193
1
311 243
1
312 24
0
0
0
1
313 275
0
0
1
314 121
0
0
1
315 209
0
0
0
0
0
0
1
316 95
1
317 127
0
0
1
318 232
1
319 308
0
0
0
0
1
320 34
1
321 42
0
0
0
1
322 77
1
323 141
0
1
324 195
0
1
325 286
0
1
326 107
0
1
327 303
1
328 147
0
1
329 227
0
1
330 242
1
331 219
0
0
1
332 24
1
333 49
0
0
0
0
1
334 229
0
1
335 307
0
1
336 226
0
1
337 196
0
0
0
1
338 10
1
339 153
0
1
340 74
0
1
341 65
1
342 121
1
343 270
1
344 102
0
1
345 36
0
0
0
0
0
0
1
346 212
1
347 146
1
348 237
1
349 172
1
350 287
1
351 173
0
1
352 175
1
353 268
0
0
1
354 32
0
0
0
1
355 87
0
0
0
1
356 48
1
357 207
0
0
1
358 149
0
0
0
0
1
359 294
0
1
360 274
1
361 83
0
1
362 276
1
363 164
1
364 7
1
365 58
1
366 75
0
1
367 184
1
368 154
0
0
1
369 287
0
0
0
0
0
1
370 249
0
1
371 216
1
372 11
0
0
1
373 37
0
0
0
0
1
374 169
1
375 294
0
0
1
376 16
1
377 69
0
0
1
378 282
1
379 66
0
0
1
380 112
1
381 190
0
1
382 225
1
383 296
0
0
1
384 35
1
385 78
1
386 279
1
387 77
1
388 136
1
389 314
0
1
390 86
1
391 112
1
392 6
1
393 288
1
394 65
0
1
395 10
1
396 134
1
397 65
0
0
1
398 184
0
1
399 286
1
400 183
1
401 184
1
402 24
0
1
403 26
1
404 236
1
405 173
1
406 285
0
0
1
407 107
0
1
408 129
0
1
409 309
0
1
410 145
1
411 243
1
412 120
0
1
413 200
0
1
414 163
0
1
415 29
1
416 2
0
1
417 77
0
0
1
418 16
1
419 206
0
0
0
0
0
0
1
420 69
1
421 116
1
422 9
1
423 59
0
1
424 101
1
425 310
1
426 20
1
427 92
0
0
0
0
0
0
1
428 207
1
429 118
1
430 241
1
431 286
1
432 310
0
0
1
433 58
0
0
0
1
434 44
1
435 68
1
436 7
0
0
0
1
437 303
0
1
438 64
1
439 195
0
1
440 37
1
441 303
0
0
0
1
442 135
1
443 219
0
1
444 143
0
1
445 27
0
1
446 157
0
1
447 285
1
448 260
0
1
449 10
0
1
450 209
1
451 65
1
452 229
1
453 35
1
454 223
0
0
1
455 172
1
456 42
1
457 51
0
1
458 186
0
1
459 215
0
1
460 202
1
461 293
1
462 193
1
463 226
0
0
1
464 255
1
465 32
1
466 96
1
467 144
0
1
468 210
0
0
1
469 194
1
470 285
1
471 264
0
0
0
0
1
472 192
0
0
0
0
1
473 37
0
0
1
474 190
1
475 43
1
476 71
1
477 104
0
0
0
1
478 216
0
1
479 281
1
480 267
1
481 231
1
482 195
0
0
1
483 76
1
484 214
1
485 48
1
486 144
1
487 216
1
488 263
1
489 127
0
1
490 93
1
491 253
1
492 194
1
493 93
1
494 314
1
495 46
1
496 223
0
0
0
1
497 186
1
498 140
1
499 230
0
1
500 76
0
0
1
501 283
0
1
502 12
0
1
503 14
0
1
504 67
1
505 268
0
0
1
506 119
1
507 84
0
1
508 296
1
509 158
1
510 48
1
511 218
1
512 207
1
513 186
0
0
1
514 241
1
515 308
0
1
516 138
0
1
517 313
0
0
0
1
518 265
1
519 35
1
520 57
0
0
0
1
521 94
1
522 237
1
523 6
1
524 171
0
1
525 316
0
1
526 13
1
527 240
1
528 180
0
1
529 56
1
530 212
0
1
531 140
0
1
532 236
1
533 130
1
534 310
1
535 315
0
1
536 284
1
537 309
1
538 275
0
1
539 180
0
1
540 126
1
541 221
1
542 262
0
0
1
543 203
0
1
544 66
1
545 123
0
1
546 89
1
547 279
1
548 57
0
1
549 277
1
550 81
1
551 178
1
552 135
1
553 151
0
0
0
1
554 278
1
555 56
1
556 184
1
557 296
1
558 130
0
1
559 120
1
560 241
1
561 101
1
562 258
1
563 7
1
564 170
0
0
1
565 153
0
1
566 234
1
567 237
1
568 267
1
569 144
1
570 149
0
1
571 164
1
572 140
0
0
1
573 163
1
574 124
0
1
575 95
1
576 251
1
577 105
0
1
578 61
1
579 64
1
580 231
0
1
581 71
1
582 198
1
583 35
1
584 195
1
585 81
1
586 316
0
0
1
587 275
1
588 149
0
1
589 180
1
590 288
0
0
1
591 233
1
592 283
1
593 308
0
1
594 281
1
595 255
0
1
596 300
0
1
597 207
1
598 157
1
599 15
0
0
0
1
600 275
1
601 279
1
602 216
0
1
603 108
0
0
1
604 274
1
605 65
1
606 118
1
607 245
0
1
608 197
0
1
609 59
1
610 188
1
611 57
1
612 162
1
613 34
1
614 105
0
1
615 65
1
616 184
1
617 173
1
618 265
0
0
1
619 136
1
620 37
1
621 67
1
622 290
1
623 146
1
624 220
1
625 88
1
626 20
1
627 33
1
628 96
1
629 128
0
1
630 227
1
631 181
1
632 294
1
633 50
1
634 290
1
635 205
1
636 71
0
1
637 24
1
638 167
1
639 48
0
0
0
1
640 187
1
641 83
0
1
642 166
1
643 241
1
644 152
1
645 230
1
646 78
0
0
1
647 73
1
648 98
1
649 65
0
0
1
650 67
1
651 59
1
652 223
1
653 64
1
654 87
1
655 59
1
656 50
1
657 8
1
658 162
1
659 316
1
660 88
0
0
1
661 285
0
1
662 284
1
663 315
1
664 254
0
1
665 125
1
666 119
0
0
1
667 154
1
668 125
1
669 229
1
670 172
1
671 14
1
672 144
0
0
1
673 152
1
674 163
1
675 229
0
1
676 105
1
677 25
1
678 164
1
679 151
1
680 308
0
1
681 163
1
682 275
1
683 34
1
684 73
1
685 43
1
686 193
1
687 219
1
688 102
1
689 173
1
690 55
1
691 309
0
1
692 11
0
0
1
693 199
1
694 102
1
695 21
1
696 149
0
1
697 171
0
1
698 4
0
1
699 183
0
1
700 163
1
701 99
0
1
702 174
1
703 18
0
1
704 308
1
705 13
0
0
0
1
706 113
0
1
707 215
1
708 89
0
1
709 288
1
710 282
1
711 200
0
1
712 88
1
713 123
1
714 285
1
715 51
0
0
1
716 265
1
717 249
1
718 232
0
1
719 123
0
1
720 58
0
1
721 153
1
722 301
1
723 129
1
724 285
1
725 35
1
726 255
1
727 15
1
728 137
1
729 211
1
730 72
0
1
731 314
1
732 237
1
733 4
1
734 289
1
735 77
1
736 316
1
737 176
1
738 249
1
739 202
1
740 278
1
741 316
1
742 148
1
743 152
1
744 317
1
745 64
1
746 33
0
1
747 59
0
1
748 100
0
1
749 118
1
750 259
0
1
751 21
1
752 222
0
1
753 96
1
754 165
1
755 42
1
756 303
1
757 125
1
758 159
1
759 221
1
760 289
1
761 140
0
1
762 160
1
763 150
0
1
764 9
1
765 275
1
766 181
1
767 233
1
768 119
1
769 201
1
770 17
1
771 176
1
772 75
0
1
773 314
1
774 30
1
775 136
1
776 12
1
777 202
1
778 34
1
779 140
1
780 238
0
0
1
781 163
1
782 7
1
783 112
1
784 70
1
785 259
1
786 93
1
787 173
1
788 50
1
789 219
1
790 251
1
791 288
1
792 169
0
1
793 144
1
794 191
1
795 128
1
796 254
1
797 296
1
798 243
1
799 168
1
800 307
0
1
801 268
1
802 195
0
1
803 272
1
804 12
1
805 114
0
1
806 84
1
807 152
0
1
808 212
0
1
809 307
1
810 210
1
811 77
1
812 306
1
813 173
1
814 126
1
815 58
1
816 207
1
817 265
1
818 105
1
819 119
1
820 285
1
821 278
1
822 131
1
823 270
1
824 232
1
825 119
1
826 65
1
827 83
1
828 211
1
829 307
1
830 37
1
831 41
1
832 289
1
833 64
0
1
834 100
1
835 138
1
836 316
1
837 120
1
838 260
1
839 21
0
1
840 123
1
841 191
1
842 196
1
843 132
1
844 130
0
0
1
845 146
1
846 19
1
847 309
1
848 148
0
0
1
849 268
0
0
1
850 18
1
851 309
1
852 224
1
853 20
1
854 126
1
855 6
1
856 110
0
1
857 193
1
858 150
1
859 228
1
860 118
1
861 59
1
862 184
0
0
1
863 150
0
1
864 221
0
1
865 200
1
866 163
1
867 182
0
1
868 291
1
869 216
1
870 296
0
1
871 176
0
1
872 76
1
873 133
1
874 249
1
875 243
1
876 252
1
877 285
1
878 64
1
879 110
0
1
880 219
1
881 47
1
882 80
1
883 269
1
884 110
1
885 121
1
886 205
1
887 227
1
888 162
1
889 76
1
890 244
1
891 243
0
1
892 97
1
893 203
1
894 240
1
895 67
1
896 196
1
897 48
1
898 202
1
899 288
1
900 152
1
901 296
1
902 116
1
903 240
1
904 144
0
0
1
905 64
0
1
906 277
1
907 223
1
908 30
1
909 25
1
910 53
1
911 272
1
912 174
1
913 278
1
914 140
1
915 178
1
916 301
1
917 192
1
918 120
1
919 232
1
920 55
1
921 226
1
922 270
1
923 237
1
924 270
0
1
925 22
1
926 202
1
927 298
0
1
928 262
1
929 286
1
930 172
1
931 259
0
1
932 269
0
1
933 125
1
934 191
1
935 200
0
0
0
1
936 75
1
937 230
1
938 314
0
1
939 238
1
940 169
1
941 228
1
942 206
1
943 249
1
944 307
1
945 203
1
946 130
0
1
947 60
1
948 175
1
949 295
1
950 206
1
951 66
1
952 181
1
953 302
1
954 134
1
955 315
1
956 2
1
957 257
1
958 123
1
959 182
1
960 125
1
961 196
1
962 92
0
1
963 52
1
964 176
1
965 207
1
966 129
1
967 158
0
1
968 139
1
969 202
1
970 26
1
971 184
1
972 26
1
973 95
1
974 223
1
975 177
1
976 137
1
977 234
0
1
978 2
0
1
979 127
1
980 244
0
1
981 54
1
982 40
0
1
983 78
1
984 209
1
985 263
0
1
986 209
1
987 315
1
988 32
1
989 300
1
990 230
1
991 5
1
992 127
1
993 157
0
1
994 140
1
995 257
0
1
996 33
1
997 74
1
998 212
1
999 169
1
1000 180
1
1001 207
1
1002 276
0
1
1003 6
1
1004 220
1
1005 134
1
1006 226
1
1007 101
0
0
1
1008 104
1
1009 186
1
1010 145
1
1011 18
1
1012 315
1
1013 177
1
1014 118
1
1015 240
1
1016 33
1
1017 98
1
1018 211
1
1019 89
1
1020 295
1
1021 134
1
1022 178
1
1023 295
1
1024 208
1
1025 158
1
1026 134
1
1027 148
1
1028 149
1
1029 89
1
1030 177
1
1031 290
1
1032 315
1
1033 281
1
1034 315
1
1035 99
1
1036 79
1
1037 278
1
1038 190
1
1039 31
1
1040 13
1
1041 64
1
1042 275
1
1043 263
1
1044 4
1
1045 273
1
1046 146
1
1047 153
1
1048 166
1
1049 74
1
1050 28
1
1051 74
1
1052 125
1
1053 162
1
1054 66
1
1055 107
1
1056 209
1
1057 143
0
1
1058 10
0
1
1059 243
1
1060 117
1
1061 229
1
1062 111
1
1063 225
1
1064 30
1
1065 173
1
1066 208
1
1067 140
0
1
1068 227
1
1069 303
1
1070 313
1
1071 132
1
1072 60
0
1
1073 206
1
1074 155
1
1075 277
1
1076 132
1
1077 83
1
1078 174
1
1079 94
1
1080 241
1
1081 68
1
1082 223
1
1083 13
0
0
1
1084 39
1
1085 211
1
1086 25
1
1087 108
1
1088 164
1
1089 223
1
1090 220
1
1091 226
1
1092 232
1
1093 119
1
1094 198
1
1095 262
1
1096 278
1
1097 26
1
1098 9
1
1099 315
1
1100 289
1
1101 27
1
1102 294
1
1103 48
1
1104 67
1
1105 102
1
1106 19
1
1107 311
1
1108 215
1
1109 152
1
1110 129
1
1111 218
1
1112 79
1
1113 73
1
1114 269
1
1115 121
1
1116 250
1
1117 65
1
1118 76
1
1119 58
1
1120 31
1
1121 223
1
1122 138
1
1123 239
1
1124 265
1
1125 7
1
1126 46
1
1127 210
1
1128 141
1
1129 249
1
1130 64
0
1
1131 309
1
1132 121
0
1
1133 241
1
1134 121
1
1135 280
1
1136 275
1
1137 21
1
1138 313
1
1139 293
1
1140 204
1
1141 112
1
1142 241
1
1143 206
1
1144 245
1
1145 243
1
1146 181
0
1
1147 6
1
1148 284
1
1149 235
1
1150 185
1
1151 30
1
1152 177
1
1153 222
1
1154 92
0
1
1155 206
1
1156 30
1
1157 266
1
1158 65
1
1159 119
1
1160 224
1
1161 33
1
1162 257
1
1163 238
1
1164 134
1
1165 171
1
1166 176
1
1167 308
1
1168 37
1
1169 3
1
1170 14
1
1171 92
1
1172 280
1
1173 246
1
1174 144
1
1175 191
1
1176 315
1
1177 268
1
1178 157
1
1179 82
1
1180 8
1
1181 282
1
1182 183
1
1183 81
1
1184 102
1
1185 145
1
1186 182
1
1187 198
1
1188 7
1
1189 198
1
1190 134
1
1191 174
1
1192 188
0
1
1193 111
0
1
1194 302
1
1195 2
1
1196 236
1
1197 23
1
1198 120
1
1199 210
1
1200 281
1
1201 119
1
1202 48
1
1203 108
1
1204 144
1
1205 201
1
1206 104
1
1207 249
1
1208 50
1
1209 225
1
1210 168
1
1211 296
1
1212 278
1
1213 296
1
1214 110
1
1215 310
1
1216 90
1
1217 108
1
1218 162
0
1
1219 300
1
1220 307
1
1221 129
1
1222 206
1
1223 184
1
1224 143
1
1225 11
1
1226 109
1
1227 195
1
1228 116
1
1229 212
1
1230 210
1
1231 249
1
1232 298
1
1233 211
1
1234 23
1
1235 280
1
1236 45
1
1237 31
1
1238 303
1
1239 116
1
1240 38
1
1241 145
1
1242 294
1
1243 11
1
1244 26
1
1245 297
1
1246 297
1
1247 317
1
1248 282
1
1249 161
1
1250 275
1
1251 4
1
1252 152
1
1253 264
1
1254 4
1
1255 116
1
1256 224
1
1257 285
1
1258 186
1
1259 32
1
1260 162
1
1261 243
1
1262 134
1
1263 115
1
1264 138
1
1265 310
1
1266 238
1
1267 185
1
1268 4
1
1269 7
1
1270 151
1
1271 269
1
1272 238
1
1273 226
1
1274 23
1
1275 242
1
1276 299
1
1277 157
1
1278 106
1
1279 301
1
1280 102
1
1281 304
1
1282 236
1
1283 82
1
1284 2
1
1285 53
1
1286 241
1
1287 168
1
1288 293
1
1289 165
1
1290 25
1
1291 311
1
1292 74
1
1293 9
1
1294 78
1
1295 212
1
1296 9
1
1297 56
1
1298 97
1
1299 125
1
1300 179
1
1301 35
1
1302 27
1
1303 279
1
1304 2
1
1305 244
1
1306 156
1
1307 249
1
1308 257
1
1309 243
1
1310 155
1
1311 154
1
1312 68
1
1313 7
1
1314 147
1
1315 105
1
1316 175
1
1317 211
1
1318 40
1
1319 253
1
1320 2
1
1321 235
1
1322 33
1
1323 196
1
1324 244
1
1325 175
1
1326 185
1
1327 210
1
1328 27
1
1329 165
1
1330 155
1
1331 112
1
1332 117
1
1333 64
1
1334 143
1
1335 14
1
1336 126
1
1337 303
1
1338 78
1
1339 196
1
1340 97
1
1341 187
1
1342 205
1
1343 231
1
1344 133
1
1345 286
1
1346 271
1
1347 59
1
1348 248
1
1349 225
1
1350 155
1
1351 59
1
1352 173
1
1353 56
1
1354 65
1
1355 22
1
1356 82
1
1357 206
1
1358 196
1
1359 120
1
1360 239
1
1361 67
1
1362 230
1
1363 272
1
1364 146
1
1365 65
1
1366 205
1
1367 39
1
1368 120
1
1369 89
1
1370 252
1
1371 128
1
1372 92
1
1373 75
1
1374 109
1
1375 220
1
1376 102
1
1377 5
1
1378 45
1
1379 102
1
1380 27
1
1381 201
1
1382 124
1
1383 50
1
1384 316
1
1385 59
1
1386 314
1
1387 275
1
1388 187
1
1389 94
1
1390 53
1
1391 286
1
1392 7
0
1
1393 221
1
1394 86
1
1395 99
1
1396 94
1
1397 109
1
1398 305
1
1399 166
1
1400 102
1
1401 248
1
1402 118
1
1403 292
1
1404 55
1
1405 92
1
1406 36
1
1407 124
1
1408 32
1
1409 21
1
1410 240
1
1411 103
1
1412 182
1
1413 277
1
1414 153
1
1415 27
1
1416 105
1
1417 127
1
1418 120
1
1419 218
1
1420 38
1
1421 61
1
1422 131
1
1423 57
1
1424 181
1
1425 149
1
1426 36
1
1427 184
1
1428 147
1
1429 63
1
1430 242
1
1431 141
1
1432 144
1
1433 42
1
1434 65
1
1435 212
1
1436 292
1
1437 45
1
1438 144
1
1439 248
1
1440 241
1
1441 149
1
1442 76
1
1443 96
1
1444 165
1
1445 144
1
1446 91
1
1447 75
1
1448 109
1
1449 106
1
1450 280
1
1451 295
1
1452 223
1
1453 305
1
1454 61
1
1455 282
1
1456 251
1
1457 24
1
1458 56
1
1459 103
1
1460 253
1
1461 130
1
1462 261
1
1463 255
1
1464 288
1
1465 271
1
1466 303
1
1467 193
1
1468 227
1
1469 134
1
1470 236
1
1471 118
1
1472 241
1
1473 286
1
1474 59
1
1475 256
1
1476 298
1
1477 36
1
1478 197
1
1479 185
1
1480 140
1
1481 101
1
1482 214
0
1
1483 113
1
1484 45
1
1485 115
1
1486 195
1
1487 255
1
1488 180
1
1489 315
1
1490 161
1
1491 184
1
1492 175
1
1493 315
1
1494 60
1
1495 209
1
1496 315
1
1497 166
0
1
1498 37
1
1499 295
1
1500 269
1
1501 7
1
1502 313
1
1503 66
1
1504 103
1
1505 302
1
1506 131
1
1507 61
1
1508 231
1
1509 129
1
1510 157
1
1511 207
1
1512 63
0
1
1513 134
1
1514 198
1
1515 242
1
1516 226
1
1517 262
1
1518 96
1
1519 158
1
1520 269
0
1
1521 23
1
1522 182
1
1523 263
1
1524 199
1
1525 23
1
1526 56
1
1527 98
1
1528 127
1
1529 99
1
1530 5
0
1
1531 254
1
1532 99
1
1533 222
1
1534 86
1
1535 190
1
1536 248
1
1537 225
1
1538 303
1
1539 293
1
1540 17
1
1541 118
1
1542 269
1
1543 306
1
1544 137
1
1545 265
1
1546 104
1
1547 41
1
1548 156
1
1549 39
1
1550 154
1
1551 212
1
1552 139
1
1553 58
1
1554 285
1
1555 26
1
1556 233
1
1557 42
1
1558 100
1
1559 278
1
1560 197
1
1561 90
1
1562 32
1
1563 156
1
1564 289
1
1565 27
1
1566 134
1
1567 61
1
1568 82
1
1569 225
1
1570 70
1
1571 138
1
1572 14
1
1573 221
1
1574 179
1
1575 150
1
1576 210
1
1577 185
1
1578 100
1
1579 117
1
1580 6
1
1581 239
1
1582 191
1
1583 155
1
1584 201
1
1585 37
1
1586 119
1
1587 215
1
1588 210
1
1589 242
1
1590 150
1
1591 70
1
1592 241
1
1593 36
1
1594 118
1
1595 274
1
1596 303
0
1
1597 62
1
1598 272
1
1599 119
1
1600 306
1
1601 115
1
1602 230
1
1603 180
1
1604 207
1
1605 247
1
1606 22
1
1607 291
1
1608 137
0
1
1609 208
1
1610 305
1
1611 29
1
1612 275
1
1613 32
1
1614 255
0
1
1615 119
1
1616 198
1
1617 181
1
1618 18
1
1619 149
1
1620 33
1
1621 51
1
1622 37
1
1623 132
1
1624 304
1
1625 10
1
1626 27
1
1627 86
1
1628 122
1
1629 101
1
1630 149
1
1631 306
1
1632 65
1
1633 99
1
1634 242
1
1635 20
1
1636 134
1
1637 42
1
1638 132
1
1639 275
1
1640 7
1
1641 179
1
1642 9
1
1643 186
1
1644 315
1
1645 165
1
1646 161
1
1647 95
1
1648 230
1
1649 298
1
1650 124
1
1651 178
1
1652 4
1
1653 36
1
1654 93
1
1655 70
1
1656 39
1
1657 61
0
1
1658 156
1
1659 175
1
1660 10
1
1661 243
1
1662 43
1
1663 81
1
1664 219
1
1665 10
1
1666 94
1
1667 143
0
1
1668 249
1
1669 113
1
1670 238
1
1671 107
1
1672 262
1
1673 29
1
1674 64
1
1675 27
0
1
1676 183
1
1677 314
1
1678 55
1
1679 302
1
1680 23
1
1681 227
1
1682 116
1
1683 313
1
1684 196
1
1685 285
0
1
1686 12
1
1687 198
1
1688 233
0
1
1689 118
1
1690 74
1
1691 260
1
1692 299
1
1693 195
1
1694 120
1
1695 138
1
1696 14
1
1697 202
0
1
1698 302
1
1699 269
1
1700 250
1
1701 149
1
1702 200
1
1703 284
1
1704 296
1
1705 158
1
1706 207
1
1707 176
1
1708 39
1
1709 79
1
1710 116
1
1711 262
1
1712 242
1
1713 22
1
1714 96
1
1715 241
1
1716 131
1
1717 295
1
1718 80
1
1719 190
1
1720 310
1
1721 95
1
1722 206
1
1723 186
1
1724 40
1
1725 125
1
1726 236
1
1727 316
1
1728 140
1
1729 296
1
1730 278
1
1731 267
1
1732 253
1
1733 138
1
1734 283
1
1735 99
1
1736 145
1
1737 212
1
1738 177
1
1739 246
1
1740 209
1
1741 246
1
1742 95
1
1743 105
1
1744 152
1
1745 140
1
1746 120
1
1747 255
1
1748 51
1
1749 143
1
1750 218
1
1751 203
1
1752 50
1
1753 287
1
1754 279
1
1755 240
1
1756 208
1
1757 239
1
1758 164
1
1759 300
1
1760 102
1
1761 29
1
1762 207
1
1763 31
0
1
1764 61
1
1765 90
1
1766 212
1
1767 210
1
1768 17
1
1769 151
1
1770 64
1
1771 159
1
1772 235
1
1773 311
1
1774 35
1
1775 92
1
1776 142
1
1777 43
1
1778 287
1
1779 170
0
1
1780 251
1
1781 227
1
1782 51
1
1783 37
1
1784 212
1
1785 309
1
1786 233
1
1787 118
1
1788 17
1
1789 33
1
1790 46
1
1791 38
1
1792 146
1
1793 116
0
1
1794 240
1
1795 184
0
1
1796 265
1
1797 14
1
1798 95
1
1799 86
1
1800 154
1
1801 136
1
1802 148
1
1803 56
1
1804 184
0
1
1805 75
1
1806 119
1
1807 50
1
1808 187
1
1809 204
1
1810 47
1
1811 95
0
1
1812 149
1
1813 179
1
1814 171
1
1815 3
1
1816 218
1
1817 149
1
1818 154
1
1819 241
1
1820 165
1
1821 124
1
1822 47
1
1823 65
1
1824 50
1
1825 18
1
1826 315
1
1827 99
1
1828 145
1
1829 206
1
1830 132
1
1831 158
1
1832 174
1
1833 35
1
1834 136
1
1835 181
1
1836 241
1
1837 299
1
1838 209
1
1839 301
1
1840 248
1
1841 93
1
1842 298
1
1843 125
1
1844 225
1
1845 255
1
1846 313
1
1847 61
1
1848 149
0
1
1849 141
1
1850 120
1
1851 312
1
1852 225
1
1853 156
1
1854 63
1
1855 194
1
1856 169
1
1857 115
0
1
1858 35
1
1859 190
1
1860 77
1
1861 169
1
1862 243
1
1863 147
1
1864 111
1
1865 296
1
1866 230
1
1867 218
1
1868 227
1
1869 23
1
1870 105
1
1871 141
1
1872 98
1
1873 266
1
1874 174
1
1875 296
1
1876 302
1
1877 139
1
1878 52
1
1879 130
1
1880 168
1
1881 31
0
1
1882 317
1
1883 93
1
1884 304
1
1885 172
1
1886 65
1
1887 74
1
1888 226
1
1889 54
1
1890 35
1
1891 132
1
1892 240
1
1893 119
1
1894 211
1
1895 62
1
1896 207
1
1897 78
1
1898 299
1
1899 281
1
1900 110
1
1901 208
1
1902 92
1
1903 265
1
1904 163
1
1905 67
0
1
1906 24
1
1907 49
1
1908 182
1
1909 158
1
1910 189
1
1911 314
1
1912 253
1
1913 82
1
1914 96
0
1
1915 291
1
1916 285
1
1917 58
1
1918 266
1
1919 292
1
1920 158
0
1
1921 227
1
1922 260
1
1923 109
1
1924 58
1
1925 305
1
1926 191
1
1927 293
1
1928 141
1
1929 284
0
1
1930 262
1
1931 143
1
1932 27
1
1933 72
1
1934 156
1
1935 236
1
1936 166
1
1937 40
1
1938 243
1
1939 151
1
1940 149
1
1941 43
1
1942 4
1
1943 216
1
1944 68
1
1945 227
1
1946 259
1
1947 172
1
1948 20
1
1949 251
1
1950 242
1
1951 189
1
1952 275
1
1953 5
1
1954 47
1
1955 296
1
1956 127
0
1
1957 146
1
1958 28
1
1959 26
1
1960 150
1
1961 82
1
1962 246
1
1963 296
1
1964 119
1
1965 57
1
1966 106
1
1967 8
1
1968 272
0
1
1969 149
1
1970 36
1
1971 118
1
1972 147
1
1973 275
1
1974 163
0
1
1975 140
1
1976 86
1
1977 135
1
1978 271
1
1979 93
1
1980 173
1
1981 90
0
1
1982 55
1
1983 212
1
1984 118
1
1985 206
1
1986 185
0
1
1987 56
0
1
1988 297
1
1989 70
1
1990 220
1
1991 223
1
1992 74
1
1993 47
1
1994 249
1
1995 84
1
1996 261
1
1997 84
1
1998 27
0
1
1999 267
1
2000 15
0
1
2001 269
1
2002 67
1
2003 130
0
1
2004 23
1
2005 306
1
2006 51
1
2007 280
1
2008 20
1
2009 288
1
2010 4
0
0
1
2011 121
1
2012 133
1
2013 172
1
2014 144
1
2015 194
1
2016 122
1
2017 135
1
2018 110
1
2019 49
1
2020 148
1
2021 249
1
2022 173
1
2023 154
1
2024 146
1
2025 125
1
2026 244
1
2027 81
1
2028 243
1
2029 102
1
2030 14
1
2031 129
1
2032 288
1
2033 253
1
2034 119
1
2035 109
1
2036 158
1
2037 296
1
2038 71
1
2039 188
1
2040 99
1
2041 97
1
2042 22
1
2043 134
1
2044 65
1
2045 205
1
2046 93
1
2047 110
1
2048 50
1
2049 18
1
2050 50
1
2051 303
1
2052 193
1
2053 181
1
2054 102
1
2055 79
1
2056 249
1
2057 179
1
2058 317
1
2059 249
1
2060 195
1
2061 102
1
2062 264
1
2063 296
1
2064 264
1
2065 209
1
2066 274
1
2067 184
1
2068 67
1
2069 55
1
2070 259
0
1
2071 27
1
2072 93
1
2073 289
1
2074 205
1
2075 295
1
2076 275
1
2077 199
1
2078 31
1
2079 262
1
2080 125
1
2081 23
1
2082 269
1
2083 184
1
2084 306
0
0
1
2085 20
0
1
2086 284
1
2087 5
0
1
2088 210
1
2089 91
1
2090 98
1
2091 25
0
1
2092 299
1
2093 316
1
2094 27
1
2095 258
1
2096 142
1
2097 62
1
2098 210
0
1
2099 12
1
2100 209
1
2101 89
1
2102 179
1
2103 303
0
1
2104 30
1
2105 227
1
2106 315
1
2107 21
1
2108 313
1
2109 201
1
2110 20
1
2111 131
1
2112 66
1
2113 137
1
2114 181
0
1
2115 50
1
2116 165
1
2117 102
1
2118 267
1
2119 241
1
2120 190
1
2121 304
1
2122 121
1
2123 34
0
1
2124 212
1
2125 254
1
2126 296
1
2127 60
1
2128 301
1
2129 218
1
2130 92
1
2131 310
1
2132 108
1
2133 239
1
2134 28
1
2135 161
0
1
2136 24
1
2137 111
1
2138 14
1
2139 271
1
2140 27
1
2141 148
1
2142 191
1
2143 302
1
2144 8
1
2145 220
1
2146 148
1
2147 254
0
1
2148 285
1
2149 297
1
2150 99
1
2151 95
1
2152 40
1
2153 253
1
2154 61
1
2155 291
1
2156 223
1
2157 205
0
1
2158 205
1
2159 296
1
2160 254
1
2161 139
1
2162 68
1
2163 219
1
2164 224
1
2165 171
1
2166 165
1
2167 13
1
2168 46
1
2169 173
1
2170 157
1
2171 199
0
1
2172 313
1
2173 110
1
2174 4
0
0
1
2175 276
1
2176 183
1
2177 27
0
1
2178 186
1
2179 316
1
2180 217
1
2181 99
1
2182 110
1
2183 193
1
2184 298
1
2185 126
1
2186 181
1
2187 171
1
2188 277
1
2189 249
1
2190 176
1
2191 27
1
2192 91
1
2193 227
1
2194 108
1
2195 300
1
2196 306
1
2197 100
1
2198 239
1
2199 174
1
2200 259
0
1
2201 77
1
2202 23
1
2203 257
1
2204 56
1
2205 236
0
1
2206 307
1
2207 190
1
2208 219
1
2209 184
1
2210 194
0
1
2211 118
1
2212 277
1
2213 80
1
2214 58
1
2215 103
1
2216 30
1
2217 52
0
1
2218 15
1
2219 66
1
2220 77
1
2221 308
1
2222 141
0
0
1
2223 81
1
2224 97
1
2225 165
1
2226 226
1
2227 34
0
1
2228 206
0
1
2229 264
1
2230 4
1
2231 96
1
2232 189
0
1
2233 259
0
1
2234 107
1
2235 189
1
2236 42
1
2237 285
1
2238 120
0
1
2239 238
1
2240 64
0
1
2241 114
1
2242 306
1
2243 74
1
2244 248
1
2245 93
1
2246 44
1
2247 279
1
2248 229
0
1
2249 45
1
2250 186
1
2251 235
1
2252 276
1
2253 11
1
2254 217
1
2255 172
1
2256 79
1
2257 289
1
2258 209
0
1
2259 222
1
2260 52
1
2261 44
1
2262 109
1
2263 201
1
2264 251
1
2265 292
1
2266 7
1
2267 34
1
2268 120
1
2269 253
1
2270 110
1
2271 74
1
2272 203
1
2273 232
1
2274 68
0
1
2275 64
1
2276 111
1
2277 224
1
2278 131
1
2279 50
1
2280 132
1
2281 152
1
2282 301
1
2283 270
1
2284 300
1
2285 77
1
2286 243
1
2287 132
1
2288 149
1
2289 295
1
2290 98
1
2291 106
1
2292 189
1
2293 309
1
2294 65
1
2295 69
1
2296 261
0
1
2297 178
1
2298 77
1
2299 132
1
2300 120
1
2301 135
0
1
2302 258
0
1
2303 197
1
2304 211
1
2305 31
1
2306 177
1
2307 256
1
2308 170
1
2309 171
1
2310 65
1
2311 175
1
2312 296
0
1
2313 53
1
2314 288
1
2315 76
1
2316 243
1
2317 250
1
2318 37
1
2319 177
1
2320 182
1
2321 309
1
2322 247
1
2323 272
0
1
2324 245
1
2325 311
1
2326 37
1
2327 210
1
2328 179
1
2329 115
1
2330 64
1
2331 10
1
2332 230
1
2333 212
1
2334 292
1
2335 169
1
2336 42
1
2337 20
1
2338 129
0
1
2339 223
1
2340 130
1
2341 157
1
2342 193
1
2343 294
1
2344 175
1
2345 77
1
2346 305
1
2347 86
1
2348 125
1
2349 94
1
2350 17
1
2351 278
1
2352 45
1
2353 55
1
2354 86
1
2355 130
1
2356 255
1
2357 19
1
2358 168
1
2359 246
1
2360 120
1
2361 228
1
2362 5
1
2363 240
1
2364 90
1
2365 253
0
1
2366 69
1
2367 287
1
2368 123
1
2369 108
1
2370 123
1
2371 55
1
2372 7
1
2373 275
1
2374 262
1
2375 199
1
2376 35
0
1
2377 303
1
2378 220
1
2379 237
1
2380 185
0
1
2381 306
1
2382 205
1
2383 299
1
2384 50
1
2385 194
1
2386 60
1
2387 27
1
2388 285
1
2389 243
1
2390 172
1
2391 212
1
2392 254
1
2393 119
1
2394 101
1
2395 300
1
2396 316
1
2397 53
1
2398 24
1
2399 186
1
2400 230
1
2401 213
0
1
2402 116
1
2403 79
1
2404 240
0
1
2405 48
1
2406 280
1
2407 121
1
2408 19
1
2409 146
1
2410 163
1
2411 183
1
2412 256
1
2413 300
0
1
2414 25
1
2415 139
1
2416 193
1
2417 187
0
1
2418 50
1
2419 16
1
2420 121
0
1
2421 239
1
2422 239
1
2423 212
1
2424 158
1
2425 41
0
0
1
2426 90
0
1
2427 148
1
2428 50
1
2429 253
1
2430 241
1
2431 184
1
2432 145
1
2433 138
1
2434 67
0
1
2435 233
1
2436 236
1
2437 31
1
2438 300
1
2439 52
1
2440 54
0
0
1
2441 317
1
2442 111
0
0
1
2443 279
0
0
1
2444 169
0
0
1
2445 265
1
2446 97
1
2447 218
1
2448 241
1
2449 110
1
2450 220
1
2451 145
1
2452 109
1
2453 213
1
2454 126
1
2455 166
0
1
2456 273
0
1
2457 137
1
2458 53
1
2459 118
1
2460 255
0
0
1
2461 78
1
2462 208
0
0
0
1
2463 120
1
2464 242
1
2465 313
1
2466 204
1
2467 316
1
2468 93
0
1
2469 295
1
2470 38
1
2471 24
1
2472 48
1
2473 90
1
2474 238
1
2475 275
1
2476 92
1
2477 160
1
2478 163
1
2479 196
1
2480 292
1
2481 159
0
0
1
2482 72
1
2483 285
1
2484 193
1
2485 16
1
2486 161
1
2487 281
0
1
2488 195
0
0
1
2489 84
1
2490 223
1
2491 301
1
2492 65
1
2493 75
1
2494 259
1
2495 113
1
2496 36
1
2497 14
1
2498 211
0
1
2499 222
1
2500 105
1
2501 256
1
2502 149
0
1
2503 246
1
2504 238
0
0
1
2505 48
1
2506 252
1
2507 88
1
2508 222
1
2509 270
1
2510 60
1
2511 177
1
2512 206
1
2513 125
1
2514 143
1
2515 132
1
2516 160
1
2517 118
1
2518 129
1
2519 114
1
2520 52
1
2521 86
1
2522 149
0
1
2523 29
1
2524 166
0
1
2525 110
0
1
2526 249
0
1
2527 113
1
2528 31
1
2529 237
1
2530 33
1
2531 64
0
1
2532 82
1
2533 20
1
2534 123
1
2535 103
1
2536 282
1
2537 31
0
0
1
2538 267
1
2539 231
1
2540 37
0
1
2541 149
1
2542 65
1
2543 63
1
2544 293
1
2545 182
1
2546 211
1
2547 258
1
2548 2
0
0
1
2549 24
1
2550 4
1
2551 166
1
2552 57
1
2553 41
1
2554 216
1
2555 217
1
2556 207
1
2557 241
1
2558 289
1
2559 12
0
1
2560 9
1
2561 227
1
2562 111
1
2563 249
0
1
2564 315
1
2565 96
1
2566 31
1
2567 62
0
1
2568 3
1
2569 75
1
2570 234
1
2571 80
1
2572 40
0
1
2573 69
1
2574 192
1
2575 212
0
1
2576 162
0
1
2577 102
1
2578 4
0
1
2579 200
0
0
0
1
2580 31
1
2581 50
1
2582 248
1
2583 31
1
2584 162
1
2585 276
1
2586 209
1
2587 182
1
2588 143
1
2589 257
1
2590 6
1
2591 138
1
2592 10
1
2593 11
1
2594 23
1
2595 315
1
2596 63
1
2597 164
0
1
2598 47
1
2599 262
1
2600 253
1
2601 236
1
2602 160
1
2603 126
1
2604 23
1
2605 74
1
2606 154
1
2607 305
1
2608 226
1
2609 226
1
2610 132
1
2611 255
1
2612 313
1
2613 185
0
1
2614 120
0
0
1
2615 221
1
2616 64
1
2617 224
1
2618 306
1
2619 143
0
1
2620 290
1
2621 158
1
2622 131
0
1
2623 36
0
0
1
2624 278
1
2625 191
1
2626 83
0
0
1
2627 280
0
1
2628 298
1
2629 149
1
2630 252
1
2631 248
1
2632 86
1
2633 194
1
2634 241
1
2635 93
1
2636 101
1
2637 167
1
2638 18
1
2639 272
1
2640 313
1
2641 18
0
0
1
2642 276
1
2643 218
0
0
1
2644 252
1
2645 113
1
2646 223
1
2647 32
1
2648 255
1
2649 22
1
2650 265
1
2651 202
1
2652 149
0
1
2653 134
1
2654 106
1
2655 30
0
0
1
2656 130
1
2657 164
1
2658 63
0
0
0
1
2659 179
1
2660 286
1
2661 302
1
2662 17
0
1
2663 54
1
2664 111
1
2665 314
1
2666 59
1
2667 57
1
2668 35
1
2669 223
1
2670 102
1
2671 109
0
1
2672 316
0
1
2673 227
1
2674 123
1
2675 87
1
2676 5
1
2677 218
0
1
2678 19
1
2679 262
1
2680 250
1
2681 240
1
2682 115
1
2683 192
1
2684 234
1
2685 32
1
2686 110
1
2687 100
1
2688 204
1
2689 8
0
1
2690 105
1
2691 217
1
2692 46
0
1
2693 183
1
2694 299
0
1
2695 14
0
1
2696 39
1
2697 290
1
2698 122
1
2699 162
0
1
2700 183
1
2701 82
1
2702 64
1
2703 85
1
2704 158
1
2705 130
1
2706 63
0
1
2707 140
0
1
2708 177
0
0
1
2709 305
1
2710 149
1
2711 163
1
2712 131
1
2713 244
1
2714 262
1
2715 187
1
2716 295
1
2717 227
1
2718 195
1
2719 78
1
2720 125
1
2721 273
1
2722 131
1
2723 138
1
2724 35
1
2725 48
1
2726 132
1
2727 312
1
2728 74
1
2729 132
1
2730 80
1
2731 144
1
2732 111
1
2733 251
1
2734 6
1
2735 135
0
1
2736 90
0
1
2737 263
1
2738 133
1
2739 290
1
2740 67
1
2741 210
1
2742 265
1
2743 219
1
2744 104
1
2745 231
1
2746 100
1
2747 149
1
2748 29
1
2749 73
1
2750 160
0
1
2751 155
1
2752 196
1
2753 175
1
2754 229
1
2755 267
1
2756 149
1
2757 258
1
2758 99
1
2759 223
0
0
0
1
2760 213
1
2761 154
1
2762 47
1
2763 51
1
2764 211
1
2765 236
1
2766 315
0
1
2767 37
1
2768 183
1
2769 144
0
0
1
2770 15
0
1
2771 186
1
2772 92
1
2773 30
1
2774 206
1
2775 293
0
1
2776 52
0
1
2777 247
1
2778 97
0
0
0
1
2779 98
0
1
2780 61
1
2781 98
1
2782 271
1
2783 88
1
2784 162
0
1
2785 97
1
2786 185
1
2787 166
0
1
2788 95
1
2789 243
1
2790 307
1
2791 93
1
2792 38
1
2793 249
0
1
2794 280
0
1
2795 71
1
2796 149
1
2797 221
1
2798 227
0
1
2799 56
0
1
2800 92
1
2801 232
0
1
2802 41
1
2803 216
1
2804 154
0
1
2805 243
0
1
2806 294
1
2807 35
1
2808 284
1
2809 226
0
1
2810 99
1
2811 253
1
2812 244
0
1
2813 65
1
2814 52
1
2815 120
0
1
2816 94
0
1
2817 292
1
2818 169
0
1
2819 7
1
2820 161
1
2821 92
1
2822 78
1
2823 220
1
2824 98
1
2825 269
1
2826 114
0
1
2827 12
1
2828 293
1
2829 75
1
2830 130
0
1
2831 284
1
2832 280
1
2833 208
0
1
2834 215
0
0
1
2835 307
1
2836 45
1
2837 211
1
2838 317
1
2839 262
0
0
1
2840 169
1
2841 125
1
2842 289
0
0
1
2843 182
1
2844 203
1
2845 149
1
2846 185
1
2847 46
0
1
2848 161
1
2849 208
0
1
2850 240
1
2851 90
1
2852 174
1
2853 98
0
0
1
2854 273
0
0
0
1
2855 243
1
2856 88
1
2857 234
0
1
2858 55
1
2859 13
1
2860 59
1
2861 25
1
2862 57
1
2863 122
1
2864 157
1
2865 237
1
2866 93
1
2867 258
1
2868 11
1
2869 200
1
2870 78
0
0
1
2871 144
0
1
2872 296
0
0
1
2873 99
1
2874 191
1
2875 211
0
0
1
2876 160
0
0
1
2877 144
0
1
2878 22
0
1
2879 102
0
1
2880 217
1
2881 172
1
2882 206
0
1
2883 53
1
2884 138
1
2885 44
0
0
1
2886 241
1
2887 84
1
2888 267
1
2889 181
1
2890 258
1
2891 56
1
2892 262
1
2893 68
1
2894 226
1
2895 297
0
1
2896 140
1
2897 246
0
1
2898 120
1
2899 275
1
2900 26
1
2901 179
1
2902 222
1
2903 12
1
2904 35
1
2905 102
1
2906 181
1
2907 30
1
2908 227
1
2909 96
1
2910 174
1
2911 303
1
2912 232
1
2913 139
1
2914 105
1
2915 256
1
2916 26
1
2917 35
1
2918 275
0
1
2919 80
1
2920 45
1
2921 295
1
2922 84
1
2923 241
0
1
2924 14
1
2925 236
1
2926 95
1
2927 238
1
2928 316
0
1
2929 144
1
2930 147
1
2931 161
1
2932 263
1
2933 239
1
2934 37
0
1
2935 265
0
1
2936 293
1
2937 50
1
2938 251
1
2939 162
1
2940 138
0
1
2941 14
0
1
2942 163
1
2943 261
1
2944 21
1
2945 270
1
2946 256
0
1
2947 37
1
2948 160
0
1
2949 182
1
2950 188
0
1
2951 21
1
2952 37
1
2953 237
1
2954 53
1
2955 274
1
2956 234
1
2957 228
1
2958 255
1
2959 252
0
1
2960 59
0
1
2961 62
0
1
2962 177
1
2963 83
1
2964 70
1
2965 127
1
2966 173
1
2967 202
0
1
2968 293
1
2969 21
1
2970 144
1
2971 223
1
2972 287
1
2973 9
1
2974 6
1
2975 313
1
2976 104
0
1
2977 10
1
2978 168
1
2979 277
1
2980 131
1
2981 90
1
2982 85
0
1
2983 252
0
0
1
2984 259
1
2985 58
1
2986 143
1
2987 212
1
2988 66
1
2989 144
1
2990 247
0
1
2991 265
1
2992 50
1
2993 13
1
2994 87
1
2995 11
1
2996 223
1
2997 203
1
2998 184
0
0
0
0
1
2999 185
1
3000 29
0
1
3001 144
1
3002 84
1
3003 122
1
3004 296
1
3005 143
1
3006 87
1
3007 238
1
3008 100
0
1
3009 39
0
1
3010 86
1
3011 211
1
3012 240
1
3013 32
1
3014 55
1
3015 8
1
3016 67
1
3017 249
0
0
1
3018 47
0
1
3019 288
1
3020 4
1
3021 228
1
3022 143
1
3023 237
1
3024 86
0
1
3025 46
1
3026 23
0
0
1
3027 306
0
0
1
3028 243
1
3029 85
1
3030 69
1
3031 136
0
1
3032 174
1
3033 101
1
3034 241
1
3035 116
1
3036 134
1
3037 30
1
3038 255
1
3039 36
1
3040 59
1
3041 195
1
3042 255
1
3043 260
0
0
1
3044 316
1
3045 32
1
3046 20
1
3047 166
1
3048 306
0
1
3049 71
1
3050 172
0
1
3051 86
1
3052 194
1
3053 243
0
0
1
3054 148
1
3055 10
1
3056 154
1
3057 60
0
0
1
3058 309
1
3059 62
1
3060 168
1
3061 238
1
3062 213
0
1
3063 172
1
3064 242
1
3065 317
0
1
3066 216
1
3067 209
1
3068 304
1
3069 102
1
3070 55
1
3071 116
0
1
3072 63
1
3073 209
1
3074 256
1
3075 74
1
3076 102
1
3077 159
0
1
3078 8
1
3079 29
0
1
3080 56
0
1
3081 161
0
0
1
3082 53
1
3083 23
1
3084 312
0
0
0
0
1
3085 93
1
3086 208
1
3087 303
1
3088 285
1
3089 237
1
3090 285
1
3091 246
1
3092 92
1
3093 50
0
1
3094 15
1
3095 272
1
3096 67
0
0
0
1
3097 316
0
1
3098 219
1
3099 86
1
3100 283
1
3101 137
1
3102 251
0
0
1
3103 82
0
0
1
3104 143
1
3105 45
0
1
3106 29
1
3107 244
0
1
3108 216
1
3109 50
0
1
3110 193
1
3111 16
0
0
1
3112 74
0
0
1
3113 12
1
3114 238
0
1
3115 247
1
3116 110
1
3117 144
1
3118 179
1
3119 34
0
1
3120 173
0
1
3121 59
1
3122 285
1
3123 2
0
0
0
1
3124 86
1
3125 229
0
0
1
3126 38
0
1
3127 145
1
3128 39
1
3129 243
1
3130 35
1
3131 10
1
3132 92
1
3133 225
0
0
0
0
1
3134 310
1
3135 23
0
1
3136 298
0
0
1
3137 160
0
0
1
3138 109
1
3139 3
0
0
0
1
3140 277
1
3141 301
0
1
3142 112
1
3143 100
0
1
3144 268
1
3145 255
0
0
1
3146 64
1
3147 211
1
3148 67
1
3149 142
1
3150 35
0
1
3151 237
1
3152 101
1
3153 41
1
3154 245
1
3155 14
1
3156 204
0
1
3157 97
1
3158 69
1
3159 269
0
0
1
3160 139
1
3161 280
1
3162 245
1
3163 127
0
1
3164 125
1
3165 17
1
3166 112
1
3167 31
1
3168 274
1
3169 298
1
3170 275
1
3171 122
0
0
1
3172 80
1
3173 218
1
3174 262
0
0
0
1
3175 312
1
3176 126
0
1
3177 268
1
3178 309
0
0
0
1
3179 30
0
0
0
0
1
3180 186
1
3181 306
0
1
3182 288
1
3183 305
1
3184 267
1
3185 144
0
0
0
1
3186 252
0
0
0
0
0
1
3187 219
1
3188 315
1
3189 31
1
3190 155
1
3191 127
0
1
3192 57
0
0
1
3193 102
1
3194 241
1
3195 111
1
3196 97
1
3197 45
1
3198 61
0
1
3199 136
0
0
1
3200 28
0
1
3201 272
1
3202 317
1
3203 299
1
3204 169
1
3205 64
1
3206 24
1
3207 118
1
3208 217
0
0
0
1
3209 17
0
0
1
3210 30
1
3211 182
0
1
3212 77
1
3213 169
1
3214 112
1
3215 169
1
3216 271
1
3217 77
1
3218 272
1
3219 233
1
3220 118
1
3221 92
0
1
3222 245
1
3223 84
0
1
3224 151
0
1
3225 183
1
3226 195
0
1
3227 191
1
3228 215
1
3229 86
1
3230 313
1
3231 143
1
3232 306
0
1
3233 113
1
3234 62
0
1
3235 212
1
3236 17
0
0
1
3237 190
1
3238 148
0
1
3239 172
0
1
3240 119
1
3241 290
1
3242 110
1
3243 109
0
1
3244 241
1
3245 181
1
3246 33
1
3247 281
1
3248 229
1
3249 88
1
3250 242
1
3251 34
1
3252 64
0
1
3253 277
1
3254 252
1
3255 162
1
3256 139
1
3257 163
0
1
3258 298
1
3259 297
1
3260 241
1
3261 111
0
1
3262 163
1
3263 194
1
3264 253
0
1
3265 268
1
3266 15
1
3267 261
1
3268 295
0
0
1
3269 226
1
3270 49
0
0
1
3271 200
1
3272 246
1
3273 143
0
1
3274 296
1
3275 50
0
1
3276 125
0
1
3277 282
1
3278 191
1
3279 283
0
1
3280 294
1
3281 282
1
3282 174
1
3283 285
1
3284 75
1
3285 294
1
3286 192
1
3287 97
0
1
3288 184
1
3289 196
0
0
1
3290 238
0
1
3291 210
1
3292 23
1
3293 181
1
3294 210
1
3295 109
1
3296 102
0
1
3297 174
1
3298 117
1
3299 258
1
3300 227
1
3301 50
0
1
3302 35
1
3303 120
1
3304 200
0
0
1
3305 316
1
3306 142
0
0
1
3307 243
0
0
1
3308 291
0
1
3309 207
1
3310 50
1
3311 293
0
0
1
3312 108
1
3313 51
1
3314 81
0
0
1
3315 114
1
3316 183
1
3317 135
1
3318 51
0
1
3319 67
0
1
3320 46
1
3321 149
1
3322 296
1
3323 147
0
1
3324 248
0
0
0
0
1
3325 220
0
1
3326 212
0
1
3327 82
1
3328 32
1
3329 106
0
0
0
1
3330 36
1
3331 115
1
3332 316
1
3333 223
1
3334 44
1
3335 33
0
1
3336 296
1
3337 252
1
3338 199
1
3339 254
1
3340 231
1
3341 172
1
3342 188
0
1
3343 293
0
0
0
1
3344 130
1
3345 167
1
3346 31
1
3347 27
1
3348 291
0
1
3349 86
1
3350 285
1
3351 39
1
3352 287
1
3353 220
0
1
3354 14
1
3355 46
1
3356 147
1
3357 294
1
3358 96
1
3359 188
0
1
3360 97
0
1
3361 140
1
3362 95
1
3363 39
1
3364 41
1
3365 90
1
3366 6
1
3367 314
0
1
3368 59
0
1
3369 218
1
3370 68
1
3371 259
0
1
3372 88
1
3373 100
0
1
3374 125
0
0
0
1
3375 48
1
3376 260
0
1
3377 205
1
3378 255
0
1
3379 34
0
1
3380 172
1
3381 162
1
3382 209
0
1
3383 288
1
3384 282
1
3385 304
1
3386 168
1
3387 232
1
3388 198
0
0
0
0
1
3389 214
0
0
1
3390 54
0
1
3391 110
0
1
3392 173
1
3393 97
1
3394 268
0
1
3395 295
0
0
1
3396 100
0
1
3397 80
1
3398 61
1
3399 221
0
0
1
3400 230
1
3401 41
1
3402 188
1
3403 280
0
1
3404 228
1
3405 289
0
1
3406 165
1
3407 286
1
3408 245
1
3409 181
1
3410 262
1
3411 232
0
1
3412 114
0
1
3413 13
1
3414 96
1
3415 239
1
3416 76
1
3417 16
1
3418 144
1
3419 222
1
3420 31
1
3421 120
1
3422 96
1
3423 98
0
1
3424 178
1
3425 271
1
3426 89
0
0
0
1
3427 196
0
0
0
1
3428 132
1
3429 201
0
1
3430 279
1
3431 48
0
1
3432 223
1
3433 109
1
3434 275
1
3435 67
1
3436 120
0
0
1
3437 167
1
3438 133
0
1
3439 164
1
3440 292
0
0
1
3441 94
0
1
3442 303
1
3443 185
0
1
3444 170
1
3445 171
0
1
3446 314
0
1
3447 139
1
3448 88
1
3449 129
0
0
0
1
3450 205
0
1
3451 216
0
0
1
3452 296
0
1
3453 291
1
3454 22
1
3455 80
1
3456 231
0
1
3457 267
0
1
3458 108
1
3459 19
0
0
1
3460 39
0
1
3461 236
1
3462 151
1
3463 127
1
3464 260
0
0
0
0
1
3465 300
1
3466 282
1
3467 238
1
3468 69
0
0
1
3469 138
1
3470 43
1
3471 41
0
0
1
3472 264
1
3473 205
0
0
0
1
3474 122
0
0
1
3475 233
1
3476 262
1
3477 3
1
3478 227
1
3479 200
1
3480 137
1
3481 98
0
1
3482 19
1
3483 154
1
3484 121
1
3485 275
0
1
3486 30
1
3487 263
0
0
1
3488 209
1
3489 211
0
1
3490 82
1
3491 103
1
3492 190
0
1
3493 271
0
0
1
3494 5
0
1
3495 195
1
3496 254
0
0
1
3497 176
1
3498 49
0
0
0
1
3499 297
1
3500 108
1
3501 74
1
3502 208
0
0
0
1
3503 6
0
1
3504 179
1
3505 76
0
1
3506 129
1
3507 221
0
1
3508 206
1
3509 129
1
3510 96
1
3511 185
1
3512 80
1
3513 102
1
3514 211
0
1
3515 231
1
3516 222
1
3517 182
1
3518 53
0
1
3519 126
0
1
3520 44
1
3521 280
1
3522 125
1
3523 228
1
3524 259
0
0
1
3525 5
1
3526 183
1
3527 258
1
3528 163
1
3529 233
0
1
3530 275
0
1
3531 219
1
3532 210
1
3533 238
1
3534 50
0
1
3535 81
0
1
3536 110
0
1
3537 158
0
0
0
1
3538 305
1
3539 275
0
1
3540 139
1
3541 215
1
3542 96
1
3543 316
0
1
3544 71
1
3545 181
0
0
1
3546 290
1
3547 22
1
3548 181
0
1
3549 274
1
3550 280
1
3551 167
0
0
1
3552 2
1
3553 243
0
1
3554 144
1
3555 120
1
3556 268
0
0
0
0
1
3557 131
1
3558 278
1
3559 287
0
1
3560 262
1
3561 238
1
3562 44
1
3563 86
1
3564 104
1
3565 137
1
3566 120
0
1
3567 228
1
3568 140
0
0
0
0
1
3569 137
1
3570 72
0
0
1
3571 37
1
3572 231
1
3573 198
1
3574 306
1
3575 212
1
3576 209
1
3577 80
1
3578 208
0
1
3579 132
0
1
3580 64
1
3581 147
0
0
1
3582 230
1
3583 248
0
1
3584 104
1
3585 121
1
3586 138
0
1
3587 57
1
3588 284
0
1
3589 199
1
3590 86
1
3591 309
1
3592 15
1
3593 160
1
3594 224
0
1
3595 35
0
0
0
0
1
3596 39
1
3597 40
1
3598 38
1
3599 32
0
1
3600 14
1
3601 27
1
3602 300
1
3603 25
0
0
1
3604 286
0
0
1
3605 110
0
0
1
3606 53
0
0
0
0
1
3607 196
0
0
1
3608 91
1
3609 204
1
3610 237
0
0
0
1
3611 57
1
3612 235
1
3613 249
0
1
3614 262
0
1
3615 28
1
3616 88
1
3617 37
0
1
3618 280
1
3619 143
0
1
3620 199
1
3621 144
1
3622 257
0
1
3623 88
1
3624 194
1
3625 284
0
1
3626 243
0
1
3627 295
1
3628 233
1
3629 150
1
3630 252
0
0
0
0
1
3631 45
1
3632 78
0
1
3633 46
0
0
0
0
0
1
3634 206
0
0
0
1
3635 175
0
1
3636 139
0
1
3637 307
1
3638 11
1
3639 147
1
3640 308
0
0
0
1
3641 9
0
1
3642 86
1
3643 87
0
1
3644 17
1
3645 229
0
1
3646 275
0
1
3647 263
1
3648 285
0
1
3649 225
0
1
3650 20
0
0
1
3651 190
1
3652 26
1
3653 313
0
0
1
3654 3
1
3655 134
1
3656 29
1
3657 162
1
3658 181
0
0
0
0
0
1
3659 203
1
3660 6
0
1
3661 278
0
1
3662 121
1
3663 211
1
3664 238
1
3665 169
0
1
3666 100
1
3667 131
0
1
3668 149
1
3669 178
0
0
1
3670 296
0
0
1
3671 66
1
3672 184
1
3673 101
1
3674 285
1
3675 176
0
1
3676 156
1
3677 82
0
1
3678 279
1
3679 211
1
3680 68
1
3681 188
0
1
3682 255
1
3683 15
1
3684 259
0
1
3685 222
0
0
1
3686 65
0
1
3687 170
1
3688 203
1
3689 267
1
3690 159
1
3691 215
1
3692 310
0
1
3693 144
0
0
0
1
3694 199
1
3695 271
1
3696 190
1
3697 201
0
0
1
3698 198
0
1
3699 119
0
1
3700 242
1
3701 134
1
3702 190
0
1
3703 136
1
3704 303
1
3705 308
1
3706 74
1
3707 86
0
1
3708 242
1
3709 214
1
3710 194
1
3711 18
0
0
1
3712 274
1
3713 125
0
1
3714 60
0
1
3715 84
0
0
1
3716 70
0
0
1
3717 130
0
0
1
3718 241
0
0
1
3719 53
1
3720 135
1
3721 225
1
3722 103
0
1
3723 150
0
0
1
3724 148
1
3725 49
0
1
3726 315
1
3727 190
0
0
1
3728 247
1
3729 281
1
3730 102
0
1
3731 50
0
0
1
3732 87
0
1
3733 40
1
3734 126
1
3735 303
1
3736 20
1
3737 171
0
0
1
3738 18
0
0
0
0
1
3739 202
0
0
1
3740 193
0
1
3741 259
0
0
1
3742 14
0
1
3743 93
0
0
1
3744 206
0
0
1
3745 306
0
0
1
3746 208
0
0
1
3747 40
0
0
0
1
3748 50
1
3749 258
1
3750 68
1
3751 263
0
0
1
3752 280
0
0
1
3753 258
1
3754 128
0
0
1
3755 272
0
1
3756 26
1
3757 180
0
0
0
0
0
0
1
3758 224
0
0
1
3759 212
1
3760 37
1
3761 271
1
3762 224
0
0
1
3763 120
0
1
3764 303
0
1
3765 95
1
3766 217
0
1
3767 164
1
3768 241
0
0
0
1
3769 304
0
0
0
0
0
0
1
3770 317
1
3771 311
1
3772 168
1
3773 207
0
1
3774 223
0
0
0
1
3775 267
1
3776 223
0
1
3777 165
1
3778 35
1
3779 6
0
1
3780 71
1
3781 127
0
0
0
1
3782 219
0
0
0
1
3783 312
0
1
3784 88
0
1
3785 40
1
3786 275
1
3787 238
1
3788 270
1
3789 316
1
3790 125
0
1
3791 110
1
3792 273
0
0
1
3793 142
0
0
0
1
3794 121
0
0
1
3795 224
0
1
3796 253
1
3797 4
0
1
3798 9
0
1
3799 251
1
3800 281
1
3801 67
1
3802 21
0
1
3803 93
0
0
1
3804 189
0
1
3805 88
0
1
3806 261
1
3807 37
0
0
0
1
3808 273
1
3809 101
1
3810 65
0
0
1
3811 315
0
0
1
3812 225
1
3813 224
1
3814 246
1
3815 289
1
3816 125
1
3817 131
1
3818 247
0
1
3819 224
1
3820 86
0
0
0
1
3821 140
0
0
0
0
1
3822 130
1
3823 89
0
0
0
0
1
3824 124
0
1
3825 50
0
0
0
0
0
0
1
3826 202
0
0
1
3827 268
1
3828 237
1
3829 65
1
3830 156
1
3831 241
1
3832 53
0
0
0
1
3833 236
0
1
3834 68
0
0
1
3835 50
1
3836 120
1
3837 285
1
3838 208
1
3839 109
0
1
3840 67
1
3841 63
1
3842 243
1
3843 133
1
3844 51
1
3845 69
0
0
0
0
0
1
3846 231
1
3847 91
1
3848 101
1
3849 116
1
3850 185
1
3851 68
0
1
3852 74
1
3853 129
0
0
0
1
3854 65
1
3855 138
0
0
1
3856 61
0
1
3857 17
0
0
1
3858 192
0
0
0
0
0
0
1
3859 284
1
3860 9
1
3861 116
1
3862 124
0
1
3863 91
0
0
0
0
0
1
3864 169
0
0
0
0
0
0
1
3865 21
0
1
3866 24
0
1
3867 268
1
3868 9
0
1
3869 305
0
0
0
1
3870 11
1
3871 231
1
3872 262
1
3873 24
1
3874 205
1
3875 195
0
0
1
3876 172
1
3877 200
1
3878 303
0
1
3879 6
0
1
3880 130
1
3881 238
0
1
3882 73
0
1
3883 24
1
3884 262
0
0
1
3885 272
0
1
3886 210
0
1
3887 299
1
3888 3
1
3889 21
0
1
3890 266
0
0
0
0
0
0
0
1
3891 6
1
3892 150
0
1
3893 233
1
3894 64
1
3895 126
0
1
3896 182
0
1
3897 173
0
1
3898 315
1
3899 71
0
1
3900 71
1
3901 291
1
3902 118
0
1
3903 150
0
0
0
1
3904 12
1
3905 51
1
3906 100
1
3907 74
1
3908 184
0
0
0
1
3909 243
1
3910 212
0
0
1
3911 230
1
3912 21
1
3913 262
1
3914 157
0
0
0
0
0
1
3915 200
1
3916 174
0
1
3917 132
1
3918 253
1
3919 86
0
0
0
0
1
3920 182
1
3921 219
0
1
3922 40
0
0
0
1
3923 86
1
3924 238
0
0
1
3925 224
1
3926 70
1
3927 241
1
3928 37
1
3929 218
0
1
3930 202
0
1
3931 92
0
1
3932 119
1
3933 249
0
0
1
3934 56
0
1
3935 229
0
1
3936 284
0
1
3937 275
0
1
3938 27
1
3939 236
1
3940 36
0
0
1
3941 249
1
3942 201
1
3943 247
1
3944 105
0
0
0
0
1
3945 174
1
3946 132
0
1
3947 56
1
3948 212
1
3949 10
1
3950 89
1
3951 245
1
3952 100
1
3953 51
1
3954 316
1
3955 262
1
3956 127
0
0
0
1
3957 265
0
0
1
3958 52
1
3959 246
0
0
1
3960 170
1
3961 275
0
0
1
3962 211
1
3963 163
0
1
3964 217
0
1
3965 26
0
0
1
3966 283
0
0
1
3967 92
0
1
3968 47
1
3969 19
1
3970 204
0
1
3971 175
1
3972 307
0
1
3973 217
1
3974 71
0
0
1
3975 72
1
3976 62
1
3977 191
1
3978 73
0
0
1
3979 255
1
3980 179
0
0
1
3981 166
0
0
0
0
1
3982 229
0
1
3983 83
0
0
0
0
0
1
3984 307
0
1
3985 58
0
1
3986 89
0
0
1
3987 218
1
3988 79
0
1
3989 34
1
3990 100
0
0
0
1
3991 81
1
3992 226
0
1
3993 44
1
3994 317
0
1
3995 315
0
0
0
0
0
0
1
3996 163
0
1
3997 64
1
3998 92
0
0
1
3999 67
1
4000 215
1
4001 86
0
1
4002 301
0
0
0
0
1
4003 285
0
1
4004 213
0
1
4005 303
1
4006 74
1
4007 74
1
4008 49
0
0
1
4009 278
0
0
1
4010 208
1
4011 258
1
4012 297
0
0
0
0
1
4013 297
1
4014 11
0
1
4015 134
1
4016 36
0
0
0
1
4017 241
1
4018 299
1
4019 53
0
0
1
4020 296
0
0
1
4021 38
0
1
4022 262
1
4023 11
0
1
4024 133
0
0
0
0
1
4025 111
0
0
0
0
1
4026 195
1
4027 89
0
0
1
4028 235
1
4029 5
0
0
0
1
4030 137
0
0
0
0
0
1
4031 38
0
1
4032 23
0
0
0
0
0
1
4033 196
1
4034 37
0
1
4035 191
1
4036 57
1
4037 149
1
4038 296
0
0
1
4039 164
1
4040 253
1
4041 227
0
0
0
1
4042 275
0
0
0
1
4043 154
1
4044 214
1
4045 102
0
1
4046 165
0
1
4047 234
1
4048 272
1
4049 78
1
4050 295
0
1
4051 202
0
1
4052 94
1
4053 238
0
0
0
0
1
4054 77
1
4055 217
1
4056 172
0
0
0
0
0
1
4057 89
1
4058 296
1
4059 93
1
4060 257
0
0
1
4061 27
1
4062 283
0
0
1
4063 298
1
4064 285
1
4065 218
1
4066 92
1
4067 92
1
4068 304
0
1
4069 304
1
4070 168
1
4071 229
0
1
4072 232
0
1
4073 312
0
1
4074 234
0
1
4075 299
1
4076 117
1
4077 305
0
1
4078 40
1
4079 105
1
4080 139
1
4081 75
1
4082 92
0
1
4083 262
0
1
4084 184
0
0
1
4085 189
1
4086 126
0
1
4087 151
1
4088 55
1
4089 63
0
1
4090 163
1
4091 200
0
1
4092 241
1
4093 47
0
0
1
4094 161
1
4095 24
0
1
4096 99
1
4097 172
0
1
4098 296
0
0
1
4099 295
0
1
4100 7
0
0
1
4101 166
1
4102 249
0
1
4103 130
1
4104 283
1
4105 174
1
4106 235
0
0
1
4107 125
0
1
4108 212
0
0
0
1
4109 211
1
4110 244
1
4111 107
1
4112 317
1
4113 110
1
4114 25
1
4115 19
1
4116 262
1
4117 267
1
4118 211
1
4119 265
0
0
0
0
1
4120 256
1
4121 197
1
4122 285
1
4123 57
0
1
4124 207
0
0
0
1
4125 73
1
4126 190
0
0
0
0
1
4127 163
1
4128 217
0
0
1
4129 249
1
4130 110
0
0
0
1
4131 262
1
4132 55
1
4133 133
0
0
1
4134 169
0
0
0
1
4135 249
0
0
0
0
0
0
1
4136 254
0
0
0
0
0
1
4137 217
0
0
0
1
4138 291
0
1
4139 296
0
0
0
1
4140 32
1
4141 74
0
0
1
4142 313
0
0
0
0
0
0
0
0
1
4143 164
0
1
4144 256
0
1
4145 74
1
4146 254
0
1
4147 245
1
4148 99
0
1
4149 67
0
0
1
4150 294
1
4151 109
1
4152 279
1
4153 202
1
4154 256
0
0
0
1
4155 302
1
4156 10
0
0
1
4157 165
0
0
0
1
4158 97
1
4159 297
0
0
0
1
4160 249
0
1
4161 16
0
0
0
0
1
4162 91
0
1
4163 125
0
0
0
1
4164 27
0
0
1
4165 230
0
0
1
4166 32
1
4167 199
1
4168 90
1
4169 197
0
1
4170 102
1
4171 130
0
1
4172 261
0
1
4173 65
0
0
0
0
1
4174 88
1
4175 211
1
4176 20
1
4177 171
1
4178 240
1
4179 165
1
4180 302
1
4181 285
1
4182 83
1
4183 8
0
0
1
4184 184
0
1
4185 89
0
0
0
0
1
4186 262
1
4187 273
0
1
4188 65
0
1
4189 135
1
4190 125
0
1
4191 77
1
4192 53
0
0
1
4193 6
1
4194 23
1
4195 279
0
1
4196 83
1
4197 259
1
4198 262
0
1
4199 303
0
0
0
0
0
0
0
1
4200 26
1
4201 64
1
4202 107
0
1
4203 70
0
1
4204 278
1
4205 284
1
4206 209
1
4207 130
1
4208 109
0
1
4209 224
0
0
0
1
4210 215
0
0
1
4211 132
0
0
1
4212 267
0
1
4213 81
0
0
0
0
0
0
1
4214 238
0
0
1
4215 128
1
4216 203
1
4217 92
0
0
0
1
4218 267
0
0
1
4219 282
0
0
0
0
1
4220 47
1
4221 134
0
1
4222 227
0
0
1
4223 218
1
4224 149
0
0
1
4225 183
0
0
1
4226 110
0
0
0
0
0
0
1
4227 200
0
0
1
4228 110
0
1
4229 41
1
4230 280
0
0
1
4231 146
1
4232 217
0
1
4233 238
0
0
0
1
4234 2
0
0
0
1
4235 28
1
4236 9
0
0
0
0
1
4237 154
1
4238 253
1
4239 69
1
4240 190
1
4241 214
1
4242 107
0
0
0
0
0
1
4243 15
1
4244 316
0
0
0
1
4245 106
0
0
1
4246 198
1
4247 186
0
0
1
4248 139
0
0
0
0
0
0
0
0
1
4249 140
0
1
4250 289
0
1
4251 296
1
4252 110
1
4253 90
0
0
0
0
1
4254 8
1
4255 5
0
0
0
0
0
0
0
1
4256 181
0
0
0
1
4257 39
0
0
1
4258 45
0
0
1
4259 120
0
1
4260 134
0
0
0
0
1
4261 193
0
0
1
4262 281
0
1
4263 228
1
4264 110
1
4265 182
0
0
1
4266 163
0
0
0
0
0
0
0
1
4267 296
0
0
0
1
4268 78
0
1
4269 83
0
0
0
0
0
0
1
4270 234
0
0
1
4271 53
0
1
4272 268
0
0
1
4273 183
0
1
4274 28
0
0
1
4275 32
0
1
4276 221
0
0
0
0
0
1
4277 241
1
4278 234
1
4279 264
0
0
0
1
4280 153
0
0
1
4281 184
0
0
0
0
0
0
1
4282 150
0
0
1
4283 32
0
0
0
0
0
0
0
1
4284 240
0
1
4285 276
0
1
4286 241
0
0
1
4287 217
1
4288 65
1
4289 125
0
0
0
1
4290 38
0
0
0
1
4291 106
0
1
4292 273
0
1
4293 16
1
4294 219
1
4295 290
1
4296 141
1
4297 138
0
0
0
0
0
0
0
0
1
4298 237
0
1
4299 56
0
1
4300 287
0
0
0
0
0
1
4301 305
1
4302 14
0
0
1
4303 300
1
4304 169
0
0
1
4305 12
1
4306 90
0
1
4307 96
0
0
1
4308 67
1
4309 219
0
0
0
0
1
4310 232
0
0
0
1
4311 96
0
0
0
0
0
1
4312 210
0
0
0
1
4313 88
0
0
0
1
4314 201
0
1
4315 214
1
4316 174
0
1
4317 116
0
1
4318 223
0
0
1
4319 226
0
1
4320 223
0
0
1
4321 49
0
1
4322 182
1
4323 92
0
0
0
1
4324 90
0
0
0
1
4325 317
0
1
4326 33
0
1
4327 45
0
1
4328 8
0
1
4329 19
0
0
0
0
0
1
4330 203
0
1
4331 249
0
0
1
4332 38
1
4333 172
0
0
0
1
4334 85
0
1
4335 23
1
4336 161
1
4337 184
0
0
1
4338 171
0
1
4339 158
0
0
1
4340 245
1
4341 42
0
1
4342 53
0
0
0
0
0
1
4343 137
0
1
4344 252
0
0
0
1
4345 100
1
4346 258
0
0
0
0
0
0
0
1
4347 312
0
1
4348 27
0
0
0
0
0
0
0
0
1
4349 193
1
4350 131
1
4351 161
0
1
4352 247
0
0
0
0
1
4353 249
1
4354 218
0
0
1
4355 179
0
1
4356 37
1
4357 314
0
0
1
4358 107
0
0
1
4359 36
1
4360 258
1
4361 292
0
1
4362 181
0
0
0
0
0
0
0
0
0
0
0
1
4363 116
1
4364 35
1
4365 178
0
0
1
4366 143
0
0
0
0
0
1
4367 92
1
4368 110
0
1
4369 110
0
0
0
0
1
4370 253
0
0
0
0
0
0
0
0
1
4371 263
0
0
0
1
4372 151
1
4373 178
0
1
4374 290
0
0
0
0
0
1
4375 119
0
1
4376 148
0
1
4377 147
0
0
1
4378 237
0
0
1
4379 229
0
0
0
0
0
0
1
4380 59
1
4381 120
0
0
0
1
4382 239
0
0
0
0
0
0
1
4383 60
0
1
4384 243
0
0
1
4385 110
0
1
4386 313
0
0
0
0
1
4387 102
0
0
1
4388 64
0
0
0
1
4389 7
0
1
4390 236
1
4391 307
0
0
0
1
4392 275
0
0
0
0
1
4393 10
0
0
0
1
4394 59
0
0
0
0
0
1
4395 285
1
4396 96
1
4397 150
0
0
0
0
0
0
0
0
1
4398 71
1
4399 176
0
1
4400 77
0
1
4401 269
1
4402 317
0
1
4403 252
0
1
4404 223
1
4405 305
1
4406 124
0
0
0
0
1
4407 238
1
4408 268
1
4409 261
0
1
4410 48
0
1
4411 63
1
4412 118
0
0
0
0
0
0
1
4413 61
0
1
4414 300
0
0
0
0
1
4415 247
0
1
4416 223
0
0
0
0
0
1
4417 18
0
0
0
0
0
0
0
1
4418 304
0
0
0
0
0
0
1
4419 266
0
0
1
4420 31
0
1
4421 88
1
4422 18
1
4423 93
0
1
4424 99
0
0
1
4425 275
0
0
0
0
0
0
0
0
0
0
0
0
0
0
1
4426 102
0
1
4427 114
0
1
4428 9
0
0
1
4429 47
0
0
0
0
0
1
4430 287
0
0
0
0
0
0
0
0
1
4431 253
1
4432 311
1
4433 110
0
0
0
0
0
0
0
0
0
0
0
0
0
0
0
0
1
4434 227
0
0
0
0
0
0
0
0
0
0
0
1
4435 210
0
0
1
4436 214
1
4437 304
0
0
1
4438 19
1
4439 225
1
4440 179
0
0
1
4441 44
1
4442 248
0
0
1
4443 36
1
4444 247
1
4445 278
0
1
4446 187
1
4447 185
0
1
4448 254
1
4449 135
0
0
1
4450 135
0
0
0
0
0
1
4451 252
0
1
4452 274
0
0
1
4453 261
1
4454 294
1
4455 255
0
1
4456 91
0
0
0
0
0
0
1
4457 11
0
1
4458 249
0
0
0
1
4459 162
0
0
0
0
0
0
0
1
4460 79
0
1
4461 81
0
1
4462 110
1
4463 5
0
0
0
0
0
0
0
0
0
0
0
0
1
4464 101
1
4465 250
0
0
0
0
0
1
4466 39
1
4467 273
0
1
4468 204
1
4469 249
1
4470 224
0
0
0
0
0
0
0
0
1
4471 267
1
4472 67
0
0
0
0
0
0
1
4473 297
0
0
1
4474 296
0
1
4475 201
0
1
4476 133
0
0
0
0
0
0
1
4477 271
1
4478 6
1
4479 262
0
0
1
4480 13
1
4481 14
1
4482 256
0
0
0
0
0
0
0
1
4483 244
1
4484 33
0
0
0
0
1
4485 104
0
0
0
0
0
1
4486 202
1
4487 161
0
0
0
1
4488 301
0
0
0
0
1
4489 303
0
1
4490 19
0
0
0
0
0
1
4491 113
0
0
0
0
0
0
0
0
1
4492 221
0
0
0
1
4493 23
0
0
0
0
1
4494 6
0
0
0
0
0
0
0
0
0
0
0
0
1
4495 47
0
1
4496 232
0
1
4497 167
1
4498 105
1
4499 123
1
4500 276
1
4501 74
0
0
0
0
1
4502 273
0
0
0
0
1
4503 236
0
0
0
0
0
1
4504 143
0
0
0
0
0
0
0
0
1
4505 235
0
1
4506 206
1
4507 117
0
1
4508 102
0
0
0
0
0
1
4509 112
1
4510 275
0
0
0
0
0
0
0
0
0
0
0
0
0
0
0
1
4511 153
1
4512 23
1
4513 92
0
1
4514 7
0
1
4515 60
0
0
0
0
0
0
0
0
0
0
0
0
0
0
0
0
0
0
1
4516 238
0
0
0
0
0
0
0
0
0
1
4517 66
0
0
0
0
0
1
4518 205
0
0
0
1
4519 93
0
0
0
0
0
1
4520 50
0
0
0
1
4521 311
0
0
0
0
1
4522 282
0
0
0
0
0
0
1
4523 296
0
1
4524 298
0
0
0
0
0
0
0
0
0
0
0
0
0
1
4525 85
0
0
1
4526 79
1
4527 224
0
1
4528 207
0
0
0
0
0
0
0
0
0
0
0
0
0
0
0
0
0
0
1
4529 175
0
1
4530 298
1
4531 157
0
0
0
0
0
0
0
0
0
0
0
0
1
4532 162
1
4533 56
1
4534 299
1
4535 100
0
1
4536 258
0
0
0
0
1
4537 134
0
1
4538 314
0
0
0
0
0
0
0
0
0
0
1
4539 280
0
1
4540 272
0
0
0
0
1
4541 106
0
0
0
0
0
0
1
4542 138
0
0
0
0
0
0
0
0
0
1
4543 284
0
0
0
0
1
4544 133
0
1
4545 46
0
0
0
1
4546 178
0
0
0
0
1
4547 303
0
0
0
0
0
1
4548 99
0
0
0
0
1
4549 235
0
1
4550 150
1
4551 189
1
4552 168
0
0
0
0
0
0
0
0
0
1
4553 174
1
4554 101
0
1
4555 43
0
0
0
1
4556 143
1
4557 139
0
1
4558 9
0
0
1
4559 136
1
4560 292
0
0
0
0
0
0
1
4561 35
0
0
0
0
0
1
4562 21
0
0
0
0
0
0
0
0
1
4563 311
0
0
0
0
0
0
0
0
1
4564 269
0
0
0
0
0
1
4565 110
0
0
0
1
4566 252
1
4567 245
1
4568 290
0
1
4569 100
0
0
0
0
0
0
1
4570 77
1
4571 163
0
0
0
0
0
0
0
0
1
4572 74
1
4573 14
0
0
0
0
0
0
0
1
4574 7
1
4575 107
0
0
0
0
0
0
0
0
0
0
1
4576 265
0
0
0
0
0
1
4577 23
0
0
0
0
0
0
0
0
1
4578 224
0
0
0
0
1
4579 3
0
1
4580 84
0
0
1
4581 123
0
0
0
1
4582 47
0
0
0
1
4583 263
0
0
0
1
4584 86
0
0
1
4585 136
0
0
1
4586 197
0
1
4587 259
0
0
0
0
0
0
0
1
4588 161
0
0
1
4589 243
1
4590 77
1
4591 3
0
0
0
0
0
0
0
0
0
1
4592 88
0
0
0
0
0
0
0
0
0
1
4593 308
0
0
0
0
0
1
4594 285
0
1
4595 291
1
4596 114
0
0
0
1
4597 149
0
0
0
0
0
0
1
4598 216
0
0
0
1
4599 160
0
0
0
0
0
0
0
0
1
4600 140
0
0
0
1
4601 109
0
0
0
0
0
1
4602 81
0
0
0
0
1
4603 242
0
0
0
0
1
4604 258
0
0
0
0
0
0
0
0
0
0
1
4605 110
0
0
0
0
1
4606 48
0
0
1
4607 243
0
0
1
4608 92
0
0
0
0
0
1
4609 316
0
1
4610 239
1
4611 242
1
4612 258
1
4613 27
1
4614 74
1
4615 8
0
0
0
0
0
0
0
0
0
0
0
0
1
4616 95
1
4617 27
0
0
0
0
0
0
0
0
0
0
0
0
0
0
1
4618 37
1
4619 282
0
0
0
1
4620 82
0
0
0
0
0
1
4621 212
0
0
0
0
0
0
1
4622 224
0
0
0
1
4623 47
0
0
0
0
0
1
4624 29
0
0
0
0
0
0
0
0
0
1
4625 104
0
0
0
1
4626 250
0
0
0
1
4627 174
1
4628 276
1
4629 314
0
0
1
4630 255
1
4631 274
0
0
0
0
0
0
0
1
4632 162
0
1
4633 86
0
0
0
0
1
4634 212
0
0
0
0
0
0
0
0
0
0
0
0
0
1
4635 38
0
0
0
0
0
0
0
0
0
0
0
0
0
1
4636 89
0
0
1
4637 304
0
1
4638 210
0
0
0
0
1
4639 144
0
1
4640 210
1
4641 15
0
0
0
0
0
0
0
0
0
0
0
1
4642 73
0
0
0
0
0
0
0
0
0
1
4643 109
0
0
0
0
0
0
0
0
1
4644 270
1
4645 78
0
1
4646 92
0
0
0
0
0
1
4647 195
0
0
1
4648 186
0
0
0
0
0
0
1
4649 174
0
0
0
0
0
0
0
0
0
0
0
0
0
0
1
4650 126
1
4651 184
0
1
4652 65
1
4653 196
0
1
4654 103
1
4655 170
0
1
4656 120
0
0
0
1
4657 124
0
1
4658 208
0
1
4659 253
0
0
0
0
0
1
4660 47
0
0
0
0
0
1
4661 70
1
4662 56
1
4663 120
0
0
0
0
0
0
1
4664 236
0
0
0
0
0
0
0
0
0
0
0
0
0
0
0
0
0
1
4665 188
1
4666 163
0
0
0
1
4667 184
0
1
4668 31
0
0
0
0
0
0
0
0
1
4669 219
0
0
0
0
0
0
0
0
1
4670 83
0
0
0
1
4671 42
0
0
0
0
0
0
0
0
0
0
0
0
0
0
0
0
0
0
1
4672 220
1
4673 194
0
0
0
0
0
0
0
0
0
0
0
0
0
0
0
0
0
0
0
0
0
1
4674 119
0
1
4675 279
0
0
0
0
0
0
0
0
0
0
1
4676 63
0
0
0
1
4677 278
0
0
0
0
0
0
0
0
0
0
0
0
0
0
0
0
0
0
1
4678 227
0
0
0
0
1
4679 124
1
4680 316
0
0
0
0
0
0
1
4681 3
0
0
1
4682 317
0
0
0
0
0
0
0
0
0
0
0
0
0
1
4683 171
0
0
1
4684 304
0
0
0
0
0
0
0
0
0
0
1
4685 283
0
0
0
0
1
4686 187
0
0
0
0
0
1
4687 304
0
0
0
1
4688 262
0
0
0
0
0
0
0
1
4689 223
1
4690 185
1
4691 212
0
1
4692 219
0
0
0
0
0
0
0
0
0
0
0
0
0
0
0
0
1
4693 238
0
0
0
0
0
0
0
0
0
0
0
0
0
1
4694 241
0
0
0
1
4695 19
0
0
0
0
0
0
0
1
4696 80
0
0
0
0
0
0
0
0
0
0
0
0
0
0
0
1
4697 286
0
0
0
0
0
0
0
0
0
1
4698 11
0
0
1
4699 11
0
0
0
0
0
0
0
0
1
4700 41
0
0
0
0
0
0
1
4701 188
0
0
0
0
0
0
0
0
0
0
0
0
0
0
0
0
0
0
0
0
1
4702 97
0
0
0
0
0
0
0
0
0
0
0
0
0
0
0
0
1
4703 154
0
0
0
0
0
0
0
0
0
0
0
1
4704 293
0
1
4705 271
0
0
0
0
0
0
1
4706 190
0
0
0
0
0
0
0
0
0
1
4707 183
1
4708 203
1
4709 275
0
0
1
4710 65
0
0
0
0
0
0
0
1
4711 167
1
4712 204
0
1
4713 97
0
0
0
0
0
0
1
4714 210
0
0
0
1
4715 121
0
0
0
0
0
0
0
0
0
0
1
4716 255
0
0
0
1
4717 88
0
0
0
0
0
0
1
4718 190
0
0
0
0
1
4719 50
0
0
0
0
0
0
0
0
0
0
0
0
0
0
0
0
1
4720 305
0
0
0
0
0
1
4721 207
0
0
0
1
4722 110
0
0
0
0
0
0
1
4723 63
0
0
0
0
0
0
0
0
0
0
0
0
0
0
0
0
0
0
0
0
0
0
0
1
4724 238
1
4725 46
0
1
4726 149
1
4727 187
0
0
0
0
0
0
0
0
0
0
0
0
0
0
0
0
0
0
0
0
0
0
0
0
0
0
0
0
0
0
1
4728 257
0
0
0
0
1
4729 104
0
0
0
0
0
0
0
0
0
0
0
1
4730 205
0
0
0
0
0
0
0
0
0
0
0
0
1
4731 238
0
0
1
4732 90
0
0
0
0
0
0
0
1
4733 199
0
1
4734 120
1
4735 157
0
0
0
1
4736 283
1
4737 151
0
0
0
0
0
0
0
0
0
0
0
0
1
4738 275
0
1
4739 78
0
0
0
0
0
0
0
0
0
0
0
0
1
4740 189
0
0
1
4741 24
0
0
0
0
0
0
0
0
0
0
0
0
0
1
4742 23
0
0
1
4743 162
0
0
0
0
0
0
0
0
0
0
0
0
0
0
0
0
0
0
0
0
1
4744 313
0
0
0
0
0
0
0
0
0
0
0
0
0
0
1
4745 67
0
1
4746 91
1
4747 182
0
0
1
4748 9
0
0
0
0
0
1
4749 214
0
0
0
0
1
4750 45
0
0
0
0
0
0
1
4751 94
0
0
0
0
0
0
0
0
1
4752 142
0
0
0
0
0
0
1
4753 225
0
0
0
0
0
0
0
0
0
0
0
0
0
0
0
0
0
0
0
0
0
0
0
0
0
0
0
0
0
0
0
0
1
4754 56
0
0
0
0
0
0
0
0
0
0
0
0
0
0
0
0
0
0
0
0
0
0
0
0
0
0
0
0
0
0
0
0
1
4755 296
0
0
0
1
4756 239
0
0
1
4757 174
0
0
0
0
0
0
0
0
1
4758 269
0
0
0
0
0
0
0
0
0
0
0
0
0
0
0
0
0
0
0
0
0
0
0
0
0
0
0
0
0
0
0
0
0
0
0
0
0
0
0
0
0
1
4759 211
1
4760 291
0
0
0
0
0
0
0
0
0
0
0
0
0
0
0
0
0
0
0
0
0
0
0
0
0
1
4761 29
0
0
1
4762 154
0
0
0
0
0
0
0
0
0
0
0
0
0
0
0
0
0
0
0
0
0
0
0
0
0
0
0
0
1
4763 213
0
0
0
0
0
0
0
0
0
0
0
0
0
0
0
0
0
0
0
0
0
0
0
0
0
0
0
0
0
0
0
0
0
0
0
0
1
4764 9
0
0
0
0
0
0
0
0
0
0
0
0
0
0
0
0
0
0
0
0
1
4765 199
0
0
0
0
0
0
0
0
0
0
0
0
0
0
0
0
0
0
0
0
0
0
0
0
0
0
0
0
0
0
0
0
0
0
0
0
0
0
0
0
0
0
0
0
0
0
0
0
0
0
0
0
1
4766 166
0
0
0
0
0
0
0
0
0
0
0
0
0
0
0
0
0
0
0
0
0
0
0
0
0
0
0
0
0
0
0
0
0
0
0
0
0
0
0
0
0
0
0
0
0
0
0
0
0
0
0
0
0
0
0
0
0
0
0
0
0
0
0
0
1
4767 57
0
0
0
0
0
0
0
0
0
0
0
0
0
0
0
0
0
0
0
0
0
0
0
0
0
0
1
4768 229
0
0
0
0
0
0
0
0
0
0
0
0
0
0
0
0
0
0
0
0
0
0
0
1
4769 280
0
0
0
0
0
0
0
0
0
0
0
0
0
0
0
0
0
0
0
0
0
0
0
0
0
0
0
0
0
0
0
0
0
0
0
0
0
0
0
0
0
0
0
0
0
0
0
0
0
0
0
0
0
0
0
0
0
0
0
0
0
0
0
0
0
0
0
0
0
0
0
0
0
0
0
0
0
0
0
0
0
0
0
0
0
0
0
0
0
0
0
0
0
0
0
0
0
0
0
0
0
0
0
0
0
0
0
0
0
0
0
0
0
0
0
0
0
0
0
0
0
0
0
0
0
0
0
0
0
0
0
0
0
0
0
0
0
0
0
0
0
0
0
0
0
0
0
0
0
0
0
0
0
0
0
0
0
0
0
0
0
0
0
0
0
0
0
0
0
0
0
0
0
0
0
0
0
0
0
0
0
0
0
0
0
0
0
0
0
0
0
0
0
0
0
0
0
0
0
0
0
0
0
0
0
0
0
0
0
0
0
0
0
0
0
0
0
0
0
0
0
0
0
0
0
0
0
0
0
0
0
0
0
0
0
0
0
0
0
0
0
0
0
0
0
0
0
0
0
0
0
0
0
0
0
0
0
0
0
0
0
0
0
0
0
0
0
0
0
0
0
0
0
0
0
0
0
0
0
0
0
0
0
0
0
0
0
0
0
0
0
0
0
0
0
0
0
0
0
0
0
0
0
0
0
0
0
0
0
0
0
0
0
0
0
0
0
0
0
0
0
0
0
0
0
0
0
0
0
0
0
0
0
0
0
0
0
0
0
0
0
0
0
0
0
0
0
0
0
0
0
0
0
0
0
0
0
0
0
0
0
0
0
0
0
0
0
0
0
0
0
0
0
0
0
0
0
0
0
0
0
0
0
0
0
0
0
0
0
0
0
0
0
0
0
0
0
0
0
0
0
0
0
0
0
0
0
0
0
0
0
0
0
0
0
0
0
0
0
0
0
0
0
0
0
0
0
0
0
0
0
0
0
0
0
0
0
0
0
0
0
0
0
0
0
0
0
0
0
0
0
0
0
0
0
0
0
0
0
0
0
0
0
0
0
0
0
0
0
0
0
0
0
0
0
0
0
0
0
0
0
0
0
0
0
0
0
0
0
0
0
0
0
0
0
0
0
0
0
0
0
0
0
0
0
0
0
0
0
0
0
0
0
0
0
0
0
0
0
0
0
0
0
0
0
0
0
0
0
0
0
0
0
0
0
0
0
0
0
0
0
0
0
0
0
0
0
