337 661
330 115 3
121 199 2
217 77 4
151 118 4
39 274 3
199 303 3
109 49 3
22 61 3
133 143 3
126 213 3
164 92 3
306 196 4
326 310 3
198 277 5
47 324 3
147 116 3
327 287 2
320 138 3
74 282 2
113 58 3
32 218 4
77 90 3
199 127 3
255 328 3
283 228 3
104 118 3
81 229 5
232 9 5
256 99 3
171 177 4
278 251 5
223 231 3
254 286 4
132 214 3
129 315 2
323 57 6
288 62 4
275 66 3
172 173 3
249 183 4
124 197 3
291 241 3
311 72 3
266 201 4
37 54 3
38 163 2
242 292 4
177 251 3
235 52 3
73 80 4
67 85 4
306 15 3
163 308 5
166 298 3
240 166 4
94 26 3
22 189 4
276 74 4
121 127 3
86 8 2
283 154 3
189 246 4
82 217 3
114 333 3
122 322 4
331 309 3
160 256 3
133 304 4
162 45 1
125 193 4
153 208 3
174 247 3
142 167 3
106 97 4
14 206 2
96 226 3
50 270 3
82 218 4
62 212 3
93 330 5
80 264 3
154 174 5
134 193 2
307 278 3
86 312 3
227 212 3
188 325 3
264 318 5
18 255 4
111 144 3
298 75 1
92 150 3
198 322 3
1 186 4
319 69 3
219 27 5
119 257 3
220 297 3
244 288 3
13 214 3
248 318 3
148 136 3
240 224 4
313 32 3
23 130 2
66 181 5
14 320 4
77 79 3
25 267 2
240 72 2
288 180 3
299 204 3
232 116 3
230 220 5
43 27 4
156 184 4
278 117 3
33 129 4
8 75 3
55 236 3
160 49 4
336 335 3
277 2 4
8 312 2
332 314 3
176 337 3
23 253 4
332 252 3
155 70 5
19 187 2
120 54 6
323 17 4
170 77 3
164 195 4
128 69 5
291 295 2
16 275 5
169 69 2
73 300 4
171 203 3
42 231 3
273 106 2
226 293 2
268 72 3
10 143 4
189 241 2
37 95 4
132 68 4
173 305 4
202 319 5
294 128 3
15 30 4
289 142 3
252 168 4
124 288 3
110 170 2
259 302 3
188 272 3
112 210 3
107 179 3
154 161 3
295 241 3
35 313 5
114 252 4
92 65 3
11 3 4
121 12 3
40 126 3
97 273 3
187 324 3
108 183 4
102 90 3
330 140 3
262 317 5
274 111 4
97 265 2
278 334 5
36 256 4
229 52 3
297 88 3
65 34 3
281 254 3
125 78 3
199 174 2
322 49 2
298 216 4
244 212 3
70 119 3
311 3 3
203 163 2
25 82 2
280 57 4
179 151 4
99 137 4
122 64 3
125 108 3
282 272 3
303 174 2
329 135 3
134 249 2
336 182 4
109 102 3
280 181 5
242 66 4
163 95 3
320 334 2
2 110 3
61 211 4
45 327 3
147 243 3
54 91 3
3 72 4
248 302 3
137 222 4
269 112 4
255 105 3
251 262 3
136 208 4
198 99 4
321 286 3
210 71 5
21 105 3
171 38 4
169 325 3
260 164 4
185 195 2
247 4 3
167 60 2
327 31 2
245 112 3
45 158 3
321 139 2
70 43 2
83 62 1
250 51 2
86 113 3
277 79 3
270 253 4
317 221 3
100 42 4
295 189 2
258 268 3
262 307 3
113 319 4
144 304 3
213 192 4
141 107 6
136 35 3
3 333 4
127 303 3
28 263 2
60 26 3
36 1 4
116 299 3
315 243 2
292 67 2
285 233 4
200 4 3
329 219 4
36 135 4
274 10 3
309 202 4
209 176 2
175 125 2
226 261 2
94 23 3
172 23 3
91 120 3
35 218 5
51 328 3
177 117 3
266 196 4
144 74 3
90 170 4
230 297 3
128 202 4
2 222 4
235 323 3
8 216 3
159 255 4
51 159 4
132 166 3
169 101 3
78 104 4
75 132 4
118 221 5
160 198 3
76 103 3
259 248 4
291 232 4
16 242 3
145 258 3
248 297 3
146 266 5
28 233 3
73 29 4
11 7 4
308 46 3
200 84 4
56 300 3
88 50 3
104 310 2
316 153 3
270 337 3
5 326 3
260 263 2
151 108 4
179 221 5
331 308 4
59 93 2
133 244 3
180 83 3
104 87 4
5 283 3
212 226 4
331 324 4
58 309 4
260 130 3
100 231 3
7 142 5
131 93 3
17 85 4
260 71 2
287 162 3
209 269 3
130 185 2
319 29 3
281 129 3
217 25 3
309 55 4
284 175 3
79 90 4
21 191 3
277 137 3
28 71 3
178 259 3
261 227 4
266 31 3
306 9 3
12 161 4
289 7 3
162 31 3
84 214 3
196 201 1
227 226 2
157 81 4
74 96 3
58 13 5
7 167 3
26 305 2
41 155 4
286 243 3
56 29 3
185 172 4
246 139 3
41 257 2
197 180 4
194 149 4
28 285 3
217 136 3
209 281 3
145 26 4
250 263 4
282 276 4
148 313 3
92 185 3
215 240 4
182 237 2
95 54 2
249 141 4
142 301 2
117 38 3
326 205 2
241 207 3
1 190 4
206 307 3
70 6 2
265 191 3
49 149 3
4 44 3
322 149 5
11 114 3
110 79 2
220 192 4
204 116 2
145 178 3
119 186 2
336 299 3
287 31 3
214 312 4
97 53 4
11 168 3
317 296 4
253 165 5
294 55 4
105 184 4
284 326 3
75 312 3
307 334 4
9 30 3
223 335 4
296 118 4
78 284 4
85 57 5
156 105 5
203 117 3
176 281 2
210 253 5
188 69 2
233 250 3
139 213 4
314 121 4
126 48 4
144 276 4
115 131 4
55 46 3
128 325 3
76 245 2
265 301 3
58 202 3
63 220 4
76 112 2
100 285 3
122 160 2
231 290 3
135 99 4
141 183 5
327 306 4
292 275 3
61 2 4
1 329 4
335 42 3
138 47 2
53 156 4
14 19 3
94 270 4
157 276 3
124 180 5
207 232 4
334 138 3
39 292 3
204 336 4
223 182 3
279 59 4
258 238 3
20 239 3
106 191 2
48 267 3
169 32 2
152 279 2
238 305 3
200 19 5
122 149 3
316 157 4
203 38 3
65 21 3
280 17 5
233 290 3
191 53 4
36 219 4
259 318 4
234 126 5
98 235 4
280 67 2
15 196 1
46 95 3
47 19 3
246 295 3
58 331 3
155 6 3
33 176 3
215 247 3
53 273 3
273 191 3
213 48 3
59 239 3
207 306 5
81 152 4
314 127 3
86 13 5
330 109 4
212 236 3
215 44 2
135 158 3
194 115 4
52 20 5
29 271 4
94 165 4
107 108 4
299 9 4
41 186 5
333 289 3
137 158 3
64 256 3
206 87 3
301 333 3
88 248 2
329 43 2
254 209 3
287 207 3
20 131 3
64 219 4
65 164 4
117 138 3
12 332 3
10 304 5
216 264 4
85 39 3
182 24 3
269 33 4
158 211 4
152 123 2
274 89 3
175 283 5
316 313 3
96 304 2
165 337 3
87 310 3
195 92 3
139 243 4
271 101 4
272 325 4
178 302 3
4 84 4
143 39 2
263 159 6
264 230 3
284 5 2
113 271 4
239 229 3
170 217 3
161 228 2
81 279 3
204 237 4
188 32 3
178 50 3
261 236 2
21 156 5
147 291 3
175 193 2
87 296 2
27 6 3
316 282 3
20 59 3
16 197 3
67 66 4
37 236 5
111 89 3
63 234 3
244 83 3
110 77 2
22 211 5
225 215 4
301 289 3
311 127 4
140 102 2
228 193 4
285 290 2
106 150 5
16 124 5
286 129 2
72 224 2
60 173 2
103 335 5
298 318 3
43 6 3
76 269 3
33 254 4
192 234 2
14 310 4
222 22 3
61 48 5
130 195 2
37 62 4
238 145 5
238 268 2
152 208 3
300 40 3
46 261 3
265 273 2
201 15 1
205 5 2
208 140 3
311 168 3
105 34 3
293 227 3
143 242 3
321 147 4
103 315 3
101 40 3
111 10 3
153 148 4
225 44 2
73 216 5
56 73 3
82 267 3
172 150 3
44 68 4
125 134 3
218 25 3
247 225 3
324 13 4
227 96 3
120 83 4
123 153 2
84 68 2
98 57 5
211 222 3
168 314 3
307 296 5
148 208 3
150 60 4
300 80 3
151 78 2
47 320 3
157 123 5
24 30 2
279 123 3
328 34 5
146 257 5
237 30 4
335 100 3
337 88 3
190 287 3
186 146 4
224 258 2
225 303 4
293 294 4
56 101 1
80 63 3
183 134 1
190 119 3
167 305 3
45 190 3
299 24 3
245 71 3
229 98 4
42 76 4
200 205 4
89 98 2
246 48 4
292 85 4
210 245 3
309 294 3
93 239 2
320 187 3
187 214 3
228 154 5
152 59 2
192 63 5
272 293 4
334 206 2
126 267 3
18 184 5
224 268 2
50 165 4
171 91 3
63 230 3
159 34 3
145 302 2
194 109 3
10000
0
0
0
0
0
0
0
0
0
0
0
0
0
0
0
0
0
0
0
0
0
0
0
0
0
0
0
0
0
0
0
0
0
0
0
0
0
0
0
0
0
0
0
0
0
0
0
0
0
0
0
0
0
0
0
0
0
0
0
0
0
0
0
0
0
0
0
0
0
0
0
0
0
0
0
0
0
0
0
0
0
0
0
0
0
0
0
0
0
0
0
0
0
0
0
0
0
0
0
0
0
0
0
0
0
0
0
0
0
0
0
0
0
0
0
0
0
0
0
0
0
0
0
0
0
0
0
0
0
0
0
0
0
0
0
0
0
0
0
0
0
0
0
0
0
0
0
0
0
0
0
0
1
1 62
0
0
0
0
0
0
0
0
0
0
0
0
0
0
0
0
0
1
2 314
0
0
0
0
0
0
0
0
0
0
0
0
0
0
0
0
0
0
0
0
0
0
0
0
0
0
0
0
0
0
0
0
0
0
0
0
0
0
0
0
0
0
0
1
3 227
0
0
0
0
0
0
0
0
0
0
0
0
0
0
0
0
0
0
0
0
0
0
0
0
0
0
0
0
1
4 60
0
0
0
0
0
0
0
0
0
0
0
0
0
0
0
0
0
0
0
1
5 195
0
0
0
0
0
0
0
0
0
0
0
0
0
0
0
0
0
0
0
0
0
0
1
6 315
0
0
0
0
0
0
0
0
0
0
0
0
1
7 335
0
0
0
0
0
0
0
0
0
0
0
0
0
0
0
0
0
0
0
0
0
0
0
0
0
0
0
0
0
0
0
0
1
8 65
0
0
0
0
0
0
0
1
9 163
0
0
0
0
0
0
0
0
0
0
0
0
0
0
0
0
1
10 194
0
0
0
0
0
0
0
0
0
0
0
0
1
11 117
0
0
0
0
0
0
1
12 288
0
0
0
0
0
0
0
0
0
0
0
0
0
0
0
0
0
0
0
0
0
0
0
0
0
0
1
13 50
0
0
0
0
0
0
0
0
0
1
14 260
0
0
0
0
0
0
0
0
0
0
0
0
0
1
15 160
0
0
0
0
0
0
0
0
0
0
0
0
0
1
16 241
0
0
0
0
0
0
0
0
0
0
0
0
0
0
0
0
0
0
0
0
0
0
0
0
0
0
0
1
17 138
0
0
0
0
0
0
0
0
0
1
18 284
0
0
0
0
0
0
0
0
0
0
0
0
0
0
0
0
1
19 261
0
0
0
0
0
0
0
0
0
0
0
0
0
0
0
0
0
0
0
0
0
0
0
0
0
0
0
0
0
0
0
0
0
0
0
0
1
20 96
0
0
0
0
0
0
0
0
0
0
0
0
0
0
0
0
0
0
0
0
0
1
21 214
0
0
0
0
1
22 146
0
0
0
0
0
0
0
0
0
0
0
0
0
0
0
1
23 263
0
0
0
0
0
0
0
0
0
0
0
0
1
24 34
0
0
0
0
0
0
0
0
0
0
0
0
0
0
0
0
0
0
0
0
0
1
25 219
0
0
0
0
0
0
0
0
0
0
0
0
0
0
0
0
0
1
26 285
0
1
27 201
0
0
0
0
1
28 59
0
0
0
0
0
0
1
29 91
0
0
0
0
0
0
1
30 228
0
0
1
31 94
0
1
32 82
0
0
0
0
0
0
0
0
0
0
0
0
0
0
1
33 335
0
0
0
0
0
0
0
0
0
0
0
0
0
0
0
0
0
0
0
0
0
0
0
0
0
0
0
0
0
0
0
0
0
0
0
0
0
0
0
0
0
0
0
0
0
0
1
34 150
0
0
0
0
0
0
0
0
0
0
0
0
0
1
35 38
0
0
0
0
0
0
1
36 222
0
0
0
0
0
0
0
0
1
37 185
0
0
0
0
0
0
0
0
0
1
38 134
0
0
0
0
0
0
0
0
0
0
1
39 70
0
0
0
0
0
0
0
0
0
0
0
1
40 291
0
0
0
0
0
0
0
1
41 108
0
0
0
0
0
0
0
0
0
0
0
0
0
0
0
0
0
0
0
0
0
0
0
0
0
0
0
0
0
0
0
0
0
0
0
0
0
0
1
42 221
0
1
43 265
0
0
0
0
0
1
44 109
0
0
0
0
0
0
0
0
0
0
1
45 46
0
0
0
0
0
1
46 268
0
0
0
0
1
47 148
0
0
0
0
0
0
1
48 60
0
0
0
0
0
0
0
0
0
0
1
49 261
1
50 243
0
0
0
0
0
0
0
0
0
0
0
0
0
0
1
51 294
0
0
0
0
0
0
0
0
0
0
0
0
0
0
0
0
0
1
52 132
0
0
0
1
53 187
0
0
0
1
54 161
0
0
0
0
0
1
55 3
0
0
0
0
0
1
56 156
0
0
0
0
0
0
0
0
1
57 320
0
1
58 33
0
0
1
59 314
0
0
0
0
0
0
0
0
0
0
0
0
0
0
0
0
0
0
0
0
0
0
0
0
0
0
0
0
0
0
0
0
0
0
0
0
0
0
0
0
0
0
0
0
0
0
0
1
60 247
0
0
0
0
0
0
0
0
0
0
0
0
0
0
0
0
0
0
0
0
0
0
1
61 328
0
0
1
62 242
0
1
63 110
0
0
0
0
0
0
0
0
0
0
0
0
0
0
0
0
0
0
0
0
0
1
64 153
0
0
0
0
0
0
0
0
0
0
0
0
0
1
65 74
1
66 278
0
0
0
0
0
0
0
0
1
67 89
0
0
1
68 244
0
1
69 52
0
0
0
0
0
0
1
70 212
1
71 129
0
0
0
0
0
0
0
0
1
72 113
0
1
73 308
0
0
0
0
0
0
1
74 282
0
0
0
0
0
0
0
0
0
0
0
0
0
1
75 21
0
0
0
1
76 152
0
0
0
0
0
0
1
77 93
0
0
1
78 247
1
79 332
0
0
0
0
0
0
1
80 38
0
0
0
0
1
81 56
0
0
1
82 162
0
0
0
0
0
0
0
0
0
1
83 75
0
0
0
1
84 14
0
0
0
1
85 116
0
0
0
1
86 259
0
0
0
1
87 209
0
0
0
0
0
0
0
0
1
88 276
0
0
0
1
89 62
0
0
0
1
90 287
0
1
91 67
0
0
0
0
0
0
0
0
0
1
92 37
0
0
0
0
1
93 58
1
94 79
0
0
0
0
0
0
0
0
0
1
95 232
0
1
96 110
0
0
0
0
0
0
0
0
0
0
0
0
0
1
97 325
0
1
98 24
0
0
0
0
0
1
99 154
0
0
1
100 116
0
0
0
0
0
0
1
101 161
0
0
0
1
102 26
0
0
0
0
0
0
0
1
103 293
0
0
0
0
0
0
0
1
104 98
0
0
0
0
0
0
0
0
0
0
0
0
0
0
0
0
0
0
0
1
105 153
0
0
0
0
0
0
0
0
0
0
0
0
1
106 259
0
0
1
107 107
0
0
1
108 317
0
0
0
0
1
109 92
0
0
1
110 146
0
1
111 155
0
0
0
0
1
112 316
0
0
0
0
0
0
0
0
0
1
113 10
1
114 252
0
0
1
115 46
0
0
0
0
0
0
0
0
1
116 125
0
0
0
0
0
0
0
0
0
0
1
117 193
0
1
118 270
1
119 325
0
0
0
0
0
0
1
120 226
1
121 133
1
122 91
0
0
0
0
1
123 18
0
0
0
0
0
0
0
0
0
0
0
0
0
1
124 151
0
1
125 219
0
0
0
0
0
0
0
0
0
0
0
0
0
0
0
1
126 271
0
0
0
0
0
0
1
127 308
0
0
0
0
0
0
0
0
1
128 250
0
1
129 113
0
0
0
0
0
1
130 227
0
0
0
0
0
1
131 68
0
0
0
0
1
132 164
0
0
0
0
0
0
1
133 293
0
0
0
0
0
0
0
0
0
1
134 258
0
0
0
0
0
0
0
1
135 155
0
0
0
0
0
0
0
0
0
0
0
0
0
0
0
0
1
136 122
0
0
0
1
137 153
0
0
0
1
138 135
1
139 316
0
0
1
140 192
1
141 68
0
0
0
0
0
0
1
142 260
0
0
0
0
1
143 251
0
0
0
1
144 286
0
0
0
0
1
145 304
0
0
0
0
1
146 140
0
0
0
0
0
0
0
0
1
147 14
0
0
0
0
1
148 9
0
0
0
0
0
0
0
0
0
0
0
0
0
0
0
0
0
0
0
0
0
0
0
1
149 303
0
0
0
0
0
0
0
1
150 144
0
0
0
0
0
0
0
0
0
0
0
0
0
1
151 19
0
1
152 129
0
0
1
153 161
0
0
0
0
0
0
0
0
0
0
0
0
1
154 328
0
0
0
1
155 278
0
1
156 19
0
0
0
0
0
0
1
157 55
0
1
158 6
0
0
0
1
159 113
0
0
0
0
1
160 45
0
0
0
0
0
0
0
0
1
161 207
0
1
162 183
0
0
0
0
0
0
0
0
0
0
0
0
0
0
0
0
1
163 225
0
0
0
1
164 99
0
0
0
0
0
0
0
0
0
0
0
1
165 116
0
0
1
166 272
0
0
0
0
0
0
0
0
0
0
0
0
0
1
167 9
1
168 290
0
0
0
0
1
169 22
0
0
0
1
170 292
1
171 40
0
0
0
0
0
0
0
0
0
0
0
0
0
0
0
0
0
0
0
0
0
0
0
0
0
0
0
0
0
0
0
0
0
1
172 320
0
0
0
1
173 311
1
174 326
1
175 266
0
1
176 172
1
177 126
0
0
1
178 125
0
0
0
0
0
0
0
1
179 286
0
0
0
0
0
0
1
180 132
0
0
1
181 204
0
0
0
1
182 199
1
183 99
0
1
184 264
0
0
1
185 101
1
186 121
0
0
0
0
0
1
187 135
0
0
0
0
1
188 37
0
0
1
189 2
0
1
190 213
0
0
0
0
0
0
1
191 302
0
0
0
0
0
0
0
0
0
0
1
192 285
1
193 276
0
0
0
0
0
1
194 26
0
0
0
1
195 134
0
1
196 236
0
0
0
0
0
0
0
0
0
0
1
197 32
0
0
0
0
0
0
0
0
0
1
198 259
0
0
0
0
0
0
1
199 86
1
200 165
1
201 291
0
0
0
0
1
202 84
0
0
0
0
0
0
1
203 56
0
0
0
0
0
0
0
0
0
0
0
0
0
0
0
0
0
0
0
0
1
204 286
1
205 243
0
0
0
1
206 10
1
207 203
0
1
208 37
1
209 222
0
0
0
0
0
0
1
210 189
0
0
0
0
0
0
0
0
0
0
0
0
0
1
211 289
0
0
1
212 293
0
1
213 317
0
0
0
0
0
0
0
1
214 227
0
0
0
0
1
215 97
0
0
0
0
0
0
0
0
0
1
216 299
0
0
0
0
0
0
0
0
1
217 287
0
1
218 132
0
0
0
0
1
219 259
0
1
220 224
1
221 202
1
222 204
1
223 183
0
1
224 96
0
0
0
0
0
0
0
1
225 302
1
226 265
0
0
1
227 119
0
0
0
0
0
0
1
228 272
0
0
1
229 48
0
0
0
0
0
1
230 172
1
231 31
0
0
0
0
0
0
0
0
0
0
0
0
0
0
1
232 13
0
0
0
1
233 161
0
0
1
234 215
0
0
0
0
0
0
0
0
0
0
0
0
0
0
0
0
1
235 20
0
0
0
1
236 132
0
0
0
1
237 111
0
1
238 263
0
0
0
0
0
0
1
239 133
0
0
0
0
0
1
240 202
0
0
0
0
0
0
1
241 153
0
0
0
1
242 326
0
0
1
243 32
0
0
0
0
1
244 85
0
0
0
0
0
1
245 33
0
0
0
0
0
1
246 100
0
1
247 218
0
0
0
0
0
0
1
248 309
1
249 301
1
250 78
1
251 275
1
252 327
0
0
0
0
0
0
0
1
253 315
1
254 324
0
0
1
255 39
1
256 123
1
257 188
0
0
0
0
0
0
0
0
1
258 212
0
0
0
0
0
1
259 169
0
0
0
0
1
260 156
1
261 275
0
0
0
0
0
1
262 152
0
0
0
0
0
1
263 252
1
264 4
1
265 58
0
1
266 277
0
1
267 155
1
268 133
0
0
1
269 47
1
270 73
1
271 37
0
0
0
1
272 131
1
273 131
0
0
0
0
0
0
1
274 188
0
0
0
0
0
0
1
275 250
0
0
1
276 331
0
0
0
0
0
0
0
0
0
0
0
0
1
277 290
0
0
1
278 171
0
0
0
0
0
0
1
279 47
1
280 138
0
0
0
0
0
1
281 48
0
0
1
282 149
0
0
0
0
0
0
1
283 68
1
284 27
0
0
0
0
1
285 152
1
286 69
0
0
1
287 250
0
1
288 129
1
289 153
0
1
290 292
1
291 321
1
292 264
0
0
0
1
293 146
0
0
0
0
0
0
0
0
0
1
294 177
0
0
1
295 141
0
0
0
0
0
0
0
1
296 94
0
0
0
0
1
297 92
0
1
298 238
1
299 335
1
300 294
1
301 188
0
0
0
1
302 319
1
303 106
0
1
304 71
0
1
305 114
1
306 46
0
0
1
307 83
1
308 28
0
0
0
0
0
0
0
0
1
309 331
0
1
310 306
0
0
0
1
311 266
1
312 85
1
313 142
0
1
314 43
0
0
1
315 17
0
1
316 21
1
317 158
0
0
1
318 116
0
0
0
1
319 331
0
0
0
1
320 58
0
0
1
321 295
1
322 261
1
323 262
0
1
324 122
0
0
0
0
0
0
1
325 147
1
326 89
0
0
0
0
0
0
1
327 98
1
328 198
1
329 62
0
0
0
0
0
0
0
1
330 89
0
0
0
1
331 251
1
332 167
0
0
1
333 267
1
334 167
1
335 37
0
1
336 207
1
337 157
0
0
0
1
338 28
0
0
0
0
0
0
0
0
0
1
339 304
1
340 299
1
341 272
0
0
0
1
342 55
0
0
0
0
0
0
0
0
1
343 269
1
344 261
0
0
0
1
345 296
1
346 18
0
1
347 242
1
348 6
0
0
0
0
1
349 128
1
350 306
0
0
1
351 236
1
352 181
0
0
1
353 150
0
1
354 179
0
1
355 291
0
1
356 12
0
0
0
0
0
0
0
0
0
0
0
1
357 284
1
358 217
1
359 194
0
0
1
360 322
1
361 174
0
1
362 26
0
0
0
1
363 270
0
0
0
1
364 244
0
0
0
0
0
0
1
365 258
0
1
366 208
1
367 306
0
0
0
0
1
368 226
0
0
0
1
369 78
0
0
0
0
1
370 18
0
0
1
371 335
1
372 15
0
1
373 65
0
0
0
0
1
374 302
0
0
0
0
0
1
375 146
0
0
0
1
376 63
0
0
1
377 333
0
0
1
378 37
0
0
0
0
1
379 316
1
380 256
0
0
1
381 188
0
0
0
0
1
382 165
1
383 272
0
0
0
0
1
384 308
0
0
0
0
1
385 293
0
0
0
0
0
1
386 307
1
387 82
1
388 133
1
389 271
0
1
390 113
0
1
391 245
0
1
392 100
0
0
0
0
0
0
1
393 322
1
394 324
0
0
1
395 191
0
0
0
1
396 190
0
0
0
0
0
0
1
397 145
1
398 116
0
0
0
0
0
0
1
399 223
0
1
400 165
1
401 164
0
0
0
1
402 310
1
403 237
0
0
0
0
0
0
0
1
404 208
0
0
0
0
1
405 96
1
406 29
1
407 137
1
408 170
1
409 185
0
1
410 173
0
0
1
411 105
1
412 198
1
413 127
0
0
0
0
0
0
0
1
414 186
0
0
0
0
1
415 101
0
1
416 23
0
0
0
1
417 250
0
0
0
1
418 41
0
1
419 310
0
1
420 134
0
1
421 177
1
422 30
1
423 215
1
424 220
1
425 254
1
426 14
0
1
427 184
1
428 132
0
0
0
1
429 235
0
0
0
0
0
1
430 319
1
431 294
1
432 216
1
433 329
0
0
0
1
434 61
0
1
435 323
1
436 236
0
1
437 173
0
0
1
438 100
1
439 200
1
440 34
0
1
441 32
0
0
0
0
1
442 78
0
0
0
0
0
0
0
0
1
443 44
0
0
0
0
0
0
1
444 289
1
445 253
1
446 178
1
447 319
0
0
0
1
448 237
1
449 278
0
0
1
450 146
0
0
1
451 256
0
1
452 310
0
1
453 124
0
0
0
0
0
0
0
1
454 326
0
0
1
455 135
0
0
0
0
0
1
456 211
0
0
0
1
457 174
0
0
0
0
1
458 89
0
0
1
459 113
1
460 288
0
0
1
461 205
0
1
462 139
0
0
1
463 168
1
464 135
0
1
465 195
0
0
0
1
466 201
0
0
0
0
0
0
0
0
0
0
0
0
0
0
0
0
0
0
1
467 112
0
0
0
0
0
1
468 163
0
0
0
1
469 251
1
470 84
0
0
0
1
471 61
0
0
0
0
1
472 319
0
0
1
473 185
0
0
0
0
0
0
0
0
1
474 37
0
1
475 100
1
476 96
0
0
0
0
0
0
1
477 265
1
478 34
0
1
479 21
0
1
480 134
0
0
0
0
1
481 202
0
0
0
0
0
0
1
482 259
0
1
483 211
0
0
1
484 319
1
485 189
0
0
1
486 66
0
0
1
487 219
0
0
0
0
0
0
0
1
488 283
0
1
489 299
0
0
0
0
1
490 324
0
0
0
1
491 223
0
1
492 335
1
493 223
1
494 12
0
0
1
495 47
0
0
0
0
0
0
1
496 188
0
0
0
1
497 105
0
0
0
0
1
498 57
1
499 336
0
1
500 194
0
0
0
1
501 214
0
0
0
0
0
0
0
0
1
502 324
0
0
0
0
0
0
1
503 73
0
1
504 271
0
1
505 128
0
1
506 164
0
1
507 173
0
0
1
508 7
1
509 180
0
0
1
510 21
0
1
511 99
0
0
0
0
0
1
512 115
0
0
1
513 312
0
0
0
0
0
1
514 98
0
0
0
0
1
515 51
0
0
1
516 313
1
517 89
0
1
518 276
0
1
519 294
0
0
1
520 130
1
521 223
0
0
1
522 157
0
1
523 152
1
524 281
1
525 238
0
1
526 299
0
0
1
527 215
1
528 157
1
529 254
1
530 160
0
1
531 85
1
532 310
0
1
533 255
0
0
1
534 108
0
0
1
535 183
0
0
0
0
0
0
0
0
1
536 164
1
537 335
0
0
0
0
0
0
0
0
0
1
538 198
0
0
1
539 272
0
1
540 93
0
0
1
541 171
0
1
542 212
1
543 53
0
0
0
1
544 86
0
1
545 47
0
0
0
1
546 296
1
547 282
0
0
0
1
548 120
1
549 111
1
550 142
0
1
551 24
0
0
0
1
552 69
1
553 146
0
0
0
0
1
554 182
1
555 248
1
556 310
0
0
0
1
557 113
1
558 207
0
1
559 19
1
560 272
0
0
1
561 188
0
1
562 95
0
0
1
563 15
1
564 180
1
565 294
0
1
566 277
0
0
1
567 174
1
568 117
0
0
0
0
1
569 308
0
0
0
1
570 18
0
0
0
1
571 132
0
0
0
0
1
572 261
1
573 253
0
1
574 25
0
0
0
0
0
0
0
0
1
575 235
0
0
1
576 326
0
1
577 254
0
0
1
578 22
0
0
1
579 282
0
0
1
580 203
0
0
0
1
581 298
0
0
0
1
582 197
0
1
583 191
0
1
584 30
0
0
1
585 145
1
586 10
0
1
587 124
0
1
588 214
0
0
0
0
1
589 145
0
1
590 255
0
0
0
0
0
1
591 59
0
1
592 202
0
1
593 150
1
594 73
0
0
0
1
595 217
0
0
1
596 117
0
0
0
0
1
597 45
0
1
598 289
1
599 66
0
0
0
0
0
0
0
0
0
0
1
600 282
1
601 126
1
602 290
1
603 242
0
0
0
0
0
0
0
0
1
604 101
0
1
605 109
0
0
0
1
606 317
1
607 86
0
1
608 34
0
0
0
0
0
0
1
609 83
1
610 103
0
1
611 221
0
0
1
612 44
0
1
613 219
1
614 276
0
0
0
1
615 252
0
0
0
1
616 206
1
617 337
0
0
0
1
618 13
1
619 185
0
0
0
0
0
1
620 282
0
0
0
1
621 119
0
1
622 271
0
0
1
623 214
0
0
0
1
624 246
1
625 322
0
0
0
0
0
0
0
1
626 74
1
627 6
1
628 37
0
1
629 37
1
630 154
1
631 147
1
632 86
0
0
0
0
1
633 37
0
1
634 312
1
635 188
0
1
636 12
0
0
0
0
1
637 188
1
638 316
1
639 125
1
640 139
0
1
641 88
1
642 46
0
1
643 58
0
0
1
644 282
1
645 156
0
0
1
646 212
0
0
0
0
0
0
0
1
647 325
0
1
648 217
0
0
1
649 231
0
0
1
650 247
0
0
1
651 32
0
0
0
0
1
652 26
0
1
653 252
0
0
1
654 336
0
0
1
655 210
0
0
1
656 228
1
657 241
0
0
0
0
1
658 92
1
659 285
0
0
0
0
1
660 293
0
1
661 101
1
662 22
0
0
0
0
1
663 221
1
664 82
0
0
0
1
665 6
1
666 128
1
667 296
1
668 94
0
1
669 59
0
0
0
0
0
0
1
670 31
0
0
0
0
1
671 37
0
0
0
0
0
1
672 237
0
0
0
1
673 173
0
1
674 181
0
1
675 321
0
1
676 306
1
677 204
0
0
0
0
0
0
0
1
678 101
0
0
1
679 325
0
0
0
0
1
680 180
0
0
0
0
0
1
681 336
0
0
0
1
682 307
0
0
0
1
683 63
0
1
684 296
0
0
1
685 115
0
0
1
686 29
1
687 170
0
1
688 241
0
0
1
689 257
1
690 93
0
0
0
0
0
1
691 196
1
692 56
1
693 139
0
0
0
0
1
694 159
0
0
1
695 119
1
696 297
0
0
0
0
1
697 58
0
1
698 177
1
699 308
1
700 267
0
1
701 101
0
1
702 319
0
1
703 209
0
0
1
704 61
0
1
705 305
0
1
706 302
0
1
707 121
0
0
1
708 330
0
0
0
1
709 69
1
710 90
0
1
711 51
0
1
712 179
0
0
0
0
1
713 86
0
0
0
0
0
0
1
714 187
1
715 89
1
716 226
0
1
717 258
0
1
718 87
0
0
0
1
719 264
0
0
0
0
0
1
720 56
0
0
1
721 111
0
1
722 216
0
0
0
0
0
0
1
723 27
1
724 145
1
725 21
1
726 232
0
0
0
1
727 95
1
728 233
0
1
729 42
1
730 219
0
0
1
731 156
1
732 187
1
733 319
0
1
734 123
1
735 103
1
736 269
0
0
0
1
737 198
0
0
0
1
738 81
0
0
0
1
739 273
0
0
0
0
1
740 90
1
741 165
0
1
742 331
0
0
0
0
1
743 150
0
1
744 203
1
745 65
1
746 157
0
1
747 101
0
0
1
748 154
0
1
749 30
0
0
0
0
0
1
750 211
0
1
751 282
1
752 87
1
753 173
1
754 138
0
0
0
1
755 308
0
0
0
1
756 16
1
757 154
1
758 297
0
0
1
759 219
0
1
760 329
1
761 43
0
0
0
0
1
762 62
1
763 315
0
1
764 304
0
0
0
1
765 118
0
1
766 2
0
1
767 66
0
1
768 32
0
0
1
769 168
0
0
1
770 157
1
771 229
0
1
772 109
0
1
773 96
0
0
0
0
0
0
0
1
774 166
1
775 199
0
1
776 223
0
1
777 204
0
0
1
778 98
0
0
1
779 330
0
0
0
1
780 67
0
1
781 25
0
1
782 69
1
783 77
1
784 317
1
785 183
1
786 239
1
787 125
1
788 316
0
1
789 41
1
790 70
0
1
791 334
0
0
1
792 73
0
1
793 91
0
0
1
794 308
1
795 64
1
796 202
0
1
797 199
0
0
0
0
0
1
798 71
1
799 188
1
800 299
0
0
0
0
0
0
1
801 225
1
802 205
1
803 72
1
804 265
1
805 9
0
0
1
806 287
1
807 307
0
0
1
808 129
0
1
809 107
0
0
1
810 16
1
811 314
0
0
0
0
0
0
1
812 107
1
813 75
0
1
814 44
0
0
0
0
0
1
815 60
0
0
0
0
0
0
1
816 165
0
0
0
0
0
0
0
1
817 332
0
1
818 113
1
819 292
1
820 209
0
1
821 72
1
822 291
0
1
823 166
0
0
0
1
824 115
1
825 93
1
826 182
1
827 165
1
828 288
0
1
829 205
1
830 254
0
1
831 301
1
832 313
1
833 278
0
1
834 53
1
835 95
0
0
0
0
0
0
1
836 242
1
837 199
0
0
0
1
838 311
0
0
0
0
1
839 60
0
1
840 86
0
0
0
1
841 320
1
842 311
0
1
843 331
1
844 187
0
1
845 148
1
846 23
0
0
1
847 145
0
1
848 336
0
1
849 298
0
0
0
0
1
850 243
1
851 106
1
852 272
0
0
1
853 261
1
854 19
1
855 194
1
856 304
0
1
857 279
1
858 130
1
859 171
0
1
860 87
0
1
861 51
1
862 122
0
0
1
863 143
0
1
864 175
1
865 144
0
1
866 316
1
867 58
1
868 74
1
869 250
0
0
0
0
0
0
0
1
870 250
1
871 172
1
872 275
1
873 271
0
0
1
874 232
0
0
1
875 238
0
1
876 287
1
877 198
0
0
1
878 156
1
879 99
0
1
880 46
1
881 169
1
882 290
1
883 114
1
884 13
0
0
1
885 199
1
886 144
1
887 286
0
1
888 108
0
1
889 222
1
890 97
0
0
0
1
891 161
0
0
0
0
0
0
0
0
1
892 254
0
1
893 329
1
894 62
0
0
0
1
895 170
0
1
896 37
1
897 202
1
898 276
1
899 13
1
900 138
0
0
0
0
0
0
1
901 139
0
0
0
1
902 319
1
903 133
0
1
904 208
1
905 335
1
906 129
0
0
0
0
1
907 272
0
0
0
0
0
0
1
908 159
1
909 293
1
910 177
1
911 134
0
0
0
1
912 298
0
1
913 140
1
914 155
0
1
915 13
0
0
0
0
1
916 89
0
1
917 194
0
0
0
0
1
918 328
0
0
1
919 153
0
0
1
920 31
1
921 201
1
922 141
1
923 113
1
924 4
0
0
0
0
1
925 299
1
926 131
0
0
1
927 34
0
0
0
1
928 216
0
1
929 73
0
0
1
930 304
0
0
0
0
1
931 261
1
932 158
1
933 206
1
934 61
1
935 234
0
0
0
0
1
936 115
0
1
937 256
0
0
1
938 309
0
0
0
0
1
939 293
1
940 48
1
941 17
1
942 330
1
943 15
0
0
0
1
944 262
1
945 5
1
946 216
1
947 156
1
948 61
0
0
0
1
949 336
0
0
1
950 113
0
0
1
951 103
0
1
952 233
1
953 63
0
1
954 36
1
955 289
1
956 276
0
0
0
0
1
957 292
0
0
0
1
958 74
1
959 212
0
1
960 101
0
0
0
1
961 59
0
0
0
1
962 55
0
1
963 231
0
0
1
964 33
1
965 330
1
966 201
0
0
1
967 281
0
0
1
968 83
1
969 135
0
1
970 7
0
1
971 335
1
972 209
1
973 272
1
974 74
0
0
0
1
975 227
0
1
976 146
0
0
1
977 274
0
0
1
978 54
1
979 282
0
0
0
1
980 113
1
981 325
1
982 127
1
983 208
1
984 5
1
985 309
1
986 62
0
0
0
0
0
0
1
987 302
1
988 233
0
1
989 227
1
990 198
0
0
0
0
0
1
991 272
1
992 135
1
993 110
1
994 140
1
995 177
1
996 101
1
997 24
1
998 304
0
0
1
999 53
1
1000 326
1
1001 20
1
1002 277
0
1
1003 138
0
1
1004 64
0
1
1005 64
0
0
0
1
1006 61
1
1007 114
0
1
1008 203
1
1009 142
1
1010 33
0
1
1011 86
0
1
1012 294
1
1013 214
0
0
1
1014 193
1
1015 255
0
0
0
0
0
0
0
0
0
1
1016 273
0
1
1017 56
0
0
1
1018 6
1
1019 121
0
0
0
1
1020 210
0
0
1
1021 69
1
1022 11
0
1
1023 20
0
1
1024 36
0
0
1
1025 160
1
1026 296
0
1
1027 236
1
1028 22
0
1
1029 77
0
0
0
1
1030 72
1
1031 277
0
0
1
1032 226
1
1033 246
0
1
1034 83
1
1035 98
1
1036 187
0
1
1037 226
0
1
1038 2
1
1039 33
0
0
0
1
1040 214
0
0
1
1041 105
1
1042 215
0
0
1
1043 292
1
1044 206
1
1045 175
1
1046 80
1
1047 271
0
0
0
1
1048 193
0
0
1
1049 10
1
1050 149
0
1
1051 96
0
1
1052 304
0
1
1053 258
1
1054 107
0
0
0
1
1055 200
1
1056 271
1
1057 120
0
1
1058 63
1
1059 304
1
1060 306
1
1061 74
1
1062 33
1
1063 246
1
1064 309
0
1
1065 195
1
1066 227
0
1
1067 84
0
1
1068 96
0
1
1069 294
1
1070 188
0
0
1
1071 150
0
1
1072 192
1
1073 271
0
1
1074 184
0
0
1
1075 245
0
0
0
0
0
1
1076 174
1
1077 202
0
0
1
1078 83
1
1079 56
0
1
1080 183
1
1081 89
0
0
1
1082 13
0
1
1083 332
1
1084 289
0
1
1085 145
0
0
0
1
1086 75
0
0
1
1087 134
0
0
0
0
0
1
1088 185
0
1
1089 309
1
1090 250
1
1091 134
1
1092 324
1
1093 62
1
1094 151
0
1
1095 266
0
0
1
1096 48
0
0
1
1097 308
0
1
1098 304
1
1099 122
1
1100 221
1
1101 291
1
1102 235
1
1103 238
1
1104 170
0
0
1
1105 11
0
0
0
0
0
0
1
1106 96
1
1107 199
0
1
1108 58
1
1109 253
0
1
1110 17
0
1
1111 217
0
0
1
1112 289
1
1113 37
0
0
1
1114 196
1
1115 190
1
1116 180
1
1117 104
1
1118 86
1
1119 220
1
1120 62
1
1121 3
1
1122 201
1
1123 334
0
1
1124 151
0
0
1
1125 188
1
1126 222
1
1127 60
0
0
1
1128 94
0
0
1
1129 236
0
1
1130 88
1
1131 267
0
1
1132 188
0
1
1133 309
0
1
1134 216
1
1135 9
1
1136 207
1
1137 175
1
1138 214
1
1139 311
0
0
1
1140 144
0
0
1
1141 85
1
1142 188
0
0
0
0
0
1
1143 239
0
0
1
1144 268
0
1
1145 31
1
1146 320
1
1147 193
0
1
1148 317
1
1149 73
1
1150 114
0
0
1
1151 261
1
1152 51
1
1153 257
0
0
0
1
1154 162
1
1155 226
1
1156 278
1
1157 65
0
1
1158 137
0
1
1159 188
0
0
0
0
0
1
1160 328
1
1161 282
1
1162 321
1
1163 156
1
1164 153
0
1
1165 303
1
1166 259
0
1
1167 69
0
0
1
1168 14
1
1169 130
0
1
1170 119
0
1
1171 58
1
1172 287
0
1
1173 80
0
1
1174 134
0
1
1175 268
1
1176 330
1
1177 43
1
1178 282
1
1179 85
1
1180 212
0
1
1181 235
0
0
0
0
1
1182 233
1
1183 287
0
1
1184 203
0
0
0
1
1185 253
1
1186 255
1
1187 9
0
1
1188 128
1
1189 272
0
1
1190 137
0
1
1191 271
1
1192 101
1
1193 226
1
1194 100
0
1
1195 269
1
1196 39
1
1197 182
0
1
1198 10
0
0
0
1
1199 56
0
1
1200 35
1
1201 18
0
0
0
0
1
1202 3
1
1203 333
1
1204 179
1
1205 256
0
0
1
1206 293
1
1207 210
0
0
1
1208 275
1
1209 34
1
1210 255
0
0
1
1211 129
0
1
1212 314
0
0
0
1
1213 208
1
1214 158
1
1215 289
0
1
1216 6
1
1217 77
1
1218 240
1
1219 18
1
1220 33
1
1221 208
1
1222 44
0
0
1
1223 244
1
1224 61
1
1225 107
1
1226 86
1
1227 66
1
1228 120
0
1
1229 225
1
1230 279
0
0
1
1231 306
0
1
1232 239
0
0
1
1233 56
1
1234 75
0
1
1235 235
1
1236 180
1
1237 77
1
1238 7
0
0
1
1239 106
0
0
1
1240 266
1
1241 236
0
1
1242 222
0
0
1
1243 116
1
1244 189
0
1
1245 83
1
1246 275
1
1247 145
0
1
1248 143
1
1249 227
1
1250 173
1
1251 149
1
1252 12
0
0
1
1253 49
0
0
0
1
1254 184
1
1255 111
0
0
1
1256 303
0
1
1257 56
0
1
1258 173
1
1259 203
1
1260 282
1
1261 24
1
1262 83
1
1263 331
1
1264 227
1
1265 125
1
1266 305
1
1267 310
0
1
1268 326
1
1269 280
0
0
1
1270 91
0
1
1271 29
0
0
0
1
1272 166
1
1273 123
1
1274 18
0
1
1275 13
1
1276 29
0
1
1277 75
1
1278 144
1
1279 35
1
1280 329
0
0
1
1281 210
0
1
1282 133
0
1
1283 162
0
1
1284 53
0
0
1
1285 129
0
1
1286 56
1
1287 318
1
1288 125
0
0
1
1289 194
1
1290 90
1
1291 21
1
1292 278
1
1293 128
0
1
1294 4
0
1
1295 202
0
0
1
1296 295
0
1
1297 174
0
0
1
1298 77
1
1299 168
0
1
1300 324
1
1301 293
1
1302 80
0
1
1303 230
0
1
1304 173
0
1
1305 123
1
1306 291
1
1307 15
1
1308 216
1
1309 100
0
1
1310 206
0
0
0
0
1
1311 183
0
1
1312 133
0
1
1313 81
0
0
1
1314 310
1
1315 170
0
1
1316 209
1
1317 56
1
1318 246
1
1319 120
1
1320 273
1
1321 133
0
1
1322 218
1
1323 228
0
0
1
1324 183
1
1325 178
0
1
1326 23
1
1327 258
0
0
0
0
1
1328 96
0
0
1
1329 97
0
1
1330 206
0
1
1331 183
1
1332 246
0
1
1333 226
1
1334 326
0
1
1335 264
1
1336 330
0
0
1
1337 233
0
1
1338 41
0
1
1339 24
0
0
1
1340 26
1
1341 212
1
1342 256
1
1343 142
1
1344 276
1
1345 113
0
1
1346 158
0
1
1347 36
0
0
0
0
0
1
1348 62
1
1349 106
1
1350 277
1
1351 206
0
0
1
1352 317
0
1
1353 71
1
1354 197
1
1355 122
0
1
1356 35
1
1357 41
1
1358 154
1
1359 90
0
1
1360 287
0
1
1361 275
0
1
1362 113
1
1363 255
1
1364 76
1
1365 27
1
1366 320
0
1
1367 319
0
0
1
1368 175
0
1
1369 107
1
1370 217
1
1371 276
1
1372 74
1
1373 88
0
1
1374 235
1
1375 69
0
1
1376 142
1
1377 202
1
1378 49
0
1
1379 136
1
1380 322
0
1
1381 226
1
1382 42
0
1
1383 201
1
1384 10
1
1385 250
1
1386 209
1
1387 325
0
0
1
1388 154
1
1389 226
0
1
1390 68
0
1
1391 181
1
1392 273
1
1393 238
1
1394 72
0
0
1
1395 166
0
1
1396 230
1
1397 56
0
1
1398 151
0
0
0
1
1399 301
1
1400 34
1
1401 330
0
1
1402 28
0
1
1403 41
1
1404 153
0
1
1405 105
1
1406 210
1
1407 239
1
1408 222
1
1409 293
1
1410 5
0
0
0
0
0
0
1
1411 145
0
1
1412 64
1
1413 110
0
0
0
0
0
1
1414 260
0
1
1415 187
0
1
1416 331
1
1417 301
1
1418 308
0
1
1419 278
0
0
1
1420 31
1
1421 308
0
1
1422 283
1
1423 71
1
1424 207
0
1
1425 59
0
1
1426 308
1
1427 246
0
1
1428 254
0
1
1429 147
1
1430 114
0
0
1
1431 229
0
1
1432 312
0
0
0
1
1433 109
1
1434 47
1
1435 188
1
1436 137
0
0
1
1437 111
1
1438 330
1
1439 2
1
1440 188
1
1441 245
1
1442 37
0
1
1443 37
0
1
1444 113
0
1
1445 116
0
0
0
1
1446 186
0
1
1447 331
0
0
1
1448 90
0
0
1
1449 273
1
1450 182
0
0
1
1451 215
1
1452 110
1
1453 157
1
1454 271
0
0
0
0
1
1455 8
0
1
1456 182
0
1
1457 32
0
1
1458 22
1
1459 336
1
1460 97
1
1461 35
0
1
1462 133
0
0
1
1463 78
1
1464 22
0
0
0
1
1465 275
0
0
1
1466 153
0
1
1467 181
0
1
1468 104
1
1469 324
0
0
1
1470 202
0
0
0
1
1471 243
0
1
1472 152
1
1473 294
0
0
1
1474 89
1
1475 332
1
1476 276
1
1477 217
1
1478 155
1
1479 122
1
1480 180
1
1481 69
0
1
1482 114
0
0
0
0
1
1483 317
1
1484 275
1
1485 53
1
1486 50
0
0
0
1
1487 297
1
1488 268
0
1
1489 308
0
0
0
1
1490 291
0
0
1
1491 231
1
1492 181
0
1
1493 292
0
0
1
1494 58
1
1495 204
1
1496 188
0
1
1497 272
1
1498 165
1
1499 93
0
0
1
1500 108
1
1501 39
1
1502 185
0
0
0
0
1
1503 137
1
1504 70
1
1505 280
1
1506 130
0
1
1507 15
1
1508 250
0
1
1509 249
1
1510 238
1
1511 308
0
1
1512 216
0
1
1513 41
1
1514 175
1
1515 249
1
1516 305
0
1
1517 37
1
1518 189
1
1519 156
1
1520 294
1
1521 207
1
1522 91
1
1523 325
1
1524 306
1
1525 271
0
0
1
1526 32
0
1
1527 40
1
1528 293
0
1
1529 315
1
1530 63
1
1531 244
0
1
1532 336
0
0
1
1533 112
0
1
1534 112
1
1535 156
1
1536 195
1
1537 246
0
1
1538 45
0
0
0
0
0
1
1539 23
1
1540 52
1
1541 240
0
1
1542 26
1
1543 287
1
1544 294
0
0
0
0
0
0
1
1545 86
0
1
1546 92
0
0
0
0
1
1547 328
0
0
0
0
0
0
1
1548 24
0
0
1
1549 270
0
1
1550 32
0
1
1551 146
0
1
1552 182
0
1
1553 235
1
1554 35
1
1555 20
1
1556 271
1
1557 276
1
1558 147
1
1559 272
1
1560 128
0
0
1
1561 219
1
1562 216
0
0
1
1563 113
1
1564 138
1
1565 172
1
1566 54
1
1567 186
1
1568 318
1
1569 321
1
1570 36
1
1571 190
0
0
1
1572 37
1
1573 96
1
1574 88
1
1575 299
0
0
1
1576 280
0
1
1577 267
0
1
1578 213
0
0
1
1579 289
1
1580 23
1
1581 128
1
1582 242
1
1583 69
1
1584 74
1
1585 4
1
1586 50
0
0
0
1
1587 243
1
1588 167
0
0
1
1589 185
1
1590 130
1
1591 158
1
1592 104
1
1593 274
1
1594 236
1
1595 187
0
1
1596 235
1
1597 322
1
1598 188
1
1599 235
1
1600 172
1
1601 289
1
1602 133
0
0
1
1603 264
1
1604 55
1
1605 145
0
0
1
1606 248
1
1607 205
1
1608 273
1
1609 128
0
1
1610 337
1
1611 226
0
1
1612 86
1
1613 5
1
1614 61
1
1615 290
1
1616 307
0
0
1
1617 202
1
1618 129
1
1619 242
1
1620 158
1
1621 167
1
1622 204
1
1623 154
0
0
0
0
1
1624 45
1
1625 182
1
1626 27
0
0
0
1
1627 21
0
0
0
0
0
0
0
1
1628 120
0
1
1629 244
0
0
1
1630 261
0
1
1631 178
1
1632 24
1
1633 168
1
1634 117
0
0
1
1635 238
0
0
1
1636 132
1
1637 56
1
1638 199
1
1639 270
1
1640 182
0
0
0
1
1641 255
0
0
0
1
1642 97
0
1
1643 264
0
0
0
1
1644 245
1
1645 158
1
1646 68
0
1
1647 9
1
1648 72
0
1
1649 333
1
1650 174
0
1
1651 133
1
1652 286
1
1653 54
0
1
1654 65
0
1
1655 290
1
1656 10
1
1657 184
0
0
1
1658 309
0
0
0
0
1
1659 221
1
1660 245
1
1661 311
0
0
1
1662 320
1
1663 53
1
1664 86
1
1665 331
0
0
0
0
1
1666 147
1
1667 297
1
1668 122
1
1669 148
1
1670 290
1
1671 116
1
1672 143
1
1673 199
0
1
1674 120
0
0
0
1
1675 296
1
1676 164
1
1677 254
1
1678 98
1
1679 212
1
1680 329
1
1681 202
1
1682 334
0
1
1683 259
0
1
1684 236
0
0
1
1685 152
1
1686 275
1
1687 263
1
1688 68
1
1689 25
1
1690 247
1
1691 212
0
0
1
1692 328
1
1693 312
0
1
1694 102
0
0
0
1
1695 84
1
1696 276
1
1697 69
1
1698 266
0
0
1
1699 40
1
1700 37
0
1
1701 124
1
1702 259
1
1703 218
1
1704 34
0
1
1705 130
0
0
0
1
1706 17
1
1707 262
0
0
0
1
1708 5
0
0
1
1709 27
1
1710 271
0
0
0
0
0
0
0
1
1711 75
1
1712 31
0
0
0
1
1713 101
0
1
1714 209
0
1
1715 100
0
0
1
1716 218
0
1
1717 81
0
1
1718 43
0
0
0
1
1719 68
0
0
1
1720 264
0
1
1721 55
1
1722 10
0
1
1723 20
1
1724 136
1
1725 162
1
1726 100
0
0
1
1727 267
0
0
1
1728 156
1
1729 278
0
1
1730 113
1
1731 35
1
1732 8
1
1733 254
1
1734 294
0
1
1735 74
1
1736 304
1
1737 307
1
1738 36
1
1739 14
1
1740 260
0
0
1
1741 73
1
1742 148
1
1743 188
1
1744 57
1
1745 10
1
1746 54
1
1747 169
0
1
1748 159
0
0
0
1
1749 246
0
0
0
1
1750 303
1
1751 255
0
0
1
1752 32
1
1753 76
1
1754 128
1
1755 280
0
1
1756 34
1
1757 193
1
1758 244
1
1759 221
1
1760 168
0
1
1761 286
1
1762 120
1
1763 89
1
1764 117
1
1765 56
0
1
1766 101
1
1767 110
0
0
0
1
1768 16
1
1769 131
0
1
1770 239
0
1
1771 133
1
1772 325
0
1
1773 303
1
1774 54
1
1775 125
0
1
1776 330
0
1
1777 23
1
1778 193
1
1779 256
0
1
1780 285
0
1
1781 134
0
0
1
1782 9
1
1783 184
1
1784 312
0
1
1785 102
1
1786 153
0
0
0
1
1787 91
0
1
1788 222
1
1789 29
1
1790 235
1
1791 202
1
1792 145
0
1
1793 330
1
1794 184
1
1795 309
1
1796 324
1
1797 86
1
1798 296
1
1799 206
1
1800 151
0
0
0
0
1
1801 324
1
1802 283
1
1803 31
1
1804 12
0
1
1805 150
0
0
1
1806 108
0
0
1
1807 127
1
1808 125
1
1809 113
0
1
1810 54
1
1811 302
1
1812 261
1
1813 296
1
1814 332
1
1815 162
1
1816 277
1
1817 40
0
1
1818 63
1
1819 18
1
1820 5
1
1821 70
1
1822 101
0
0
1
1823 165
1
1824 279
1
1825 104
1
1826 331
1
1827 328
0
1
1828 301
1
1829 323
0
0
1
1830 133
1
1831 108
1
1832 88
0
0
0
1
1833 84
0
0
0
0
1
1834 167
0
0
1
1835 305
1
1836 316
1
1837 188
1
1838 292
1
1839 261
0
1
1840 79
0
1
1841 231
1
1842 200
0
1
1843 279
1
1844 204
1
1845 3
0
1
1846 36
0
0
1
1847 43
1
1848 298
1
1849 206
0
1
1850 84
0
1
1851 76
1
1852 29
1
1853 195
1
1854 195
0
0
0
1
1855 109
0
1
1856 203
1
1857 67
1
1858 277
0
1
1859 328
1
1860 329
1
1861 11
1
1862 285
0
0
1
1863 135
0
0
1
1864 123
1
1865 225
1
1866 236
1
1867 173
1
1868 71
0
0
0
1
1869 31
1
1870 275
1
1871 261
1
1872 166
1
1873 267
1
1874 81
1
1875 242
1
1876 195
1
1877 124
1
1878 335
0
1
1879 174
1
1880 153
0
1
1881 33
1
1882 185
1
1883 216
1
1884 94
0
1
1885 282
0
0
0
0
1
1886 153
1
1887 211
1
1888 127
1
1889 124
1
1890 67
1
1891 321
0
1
1892 27
0
1
1893 335
0
1
1894 76
1
1895 304
1
1896 59
0
1
1897 86
1
1898 277
1
1899 197
1
1900 214
1
1901 64
0
0
1
1902 177
1
1903 181
0
0
1
1904 235
1
1905 212
1
1906 127
1
1907 42
0
0
1
1908 189
1
1909 237
1
1910 128
0
1
1911 103
0
0
1
1912 139
1
1913 89
1
1914 250
0
1
1915 110
1
1916 88
0
1
1917 217
0
1
1918 318
0
1
1919 67
1
1920 209
1
1921 187
1
1922 22
0
1
1923 188
0
1
1924 301
0
0
1
1925 38
1
1926 169
1
1927 241
1
1928 40
0
1
1929 137
1
1930 204
1
1931 140
1
1932 56
1
1933 96
1
1934 186
0
0
1
1935 109
0
1
1936 15
0
0
0
1
1937 165
1
1938 47
1
1939 17
1
1940 12
1
1941 243
1
1942 17
1
1943 176
1
1944 218
0
0
1
1945 238
1
1946 215
1
1947 270
1
1948 100
1
1949 87
1
1950 220
0
1
1951 137
1
1952 134
1
1953 172
1
1954 219
1
1955 37
1
1956 116
1
1957 325
0
1
1958 13
1
1959 57
1
1960 74
0
1
1961 223
1
1962 133
1
1963 244
1
1964 306
0
1
1965 244
1
1966 299
1
1967 99
1
1968 184
1
1969 74
0
0
0
1
1970 170
0
1
1971 294
1
1972 204
1
1973 37
1
1974 8
1
1975 100
1
1976 27
1
1977 271
0
1
1978 315
1
1979 200
0
0
1
1980 180
0
1
1981 63
1
1982 48
0
1
1983 96
1
1984 207
0
1
1985 244
1
1986 54
1
1987 158
0
0
1
1988 258
0
1
1989 10
1
1990 143
0
1
1991 8
1
1992 167
1
1993 141
1
1994 304
0
1
1995 149
1
1996 90
0
1
1997 248
0
1
1998 45
1
1999 129
0
1
2000 281
0
0
0
0
1
2001 151
1
2002 276
1
2003 148
1
2004 132
1
2005 256
1
2006 175
1
2007 26
1
2008 72
1
2009 305
1
2010 146
1
2011 276
1
2012 180
0
1
2013 150
1
2014 275
1
2015 149
0
0
1
2016 28
1
2017 213
1
2018 301
1
2019 330
0
0
1
2020 37
1
2021 249
1
2022 123
1
2023 25
1
2024 223
1
2025 229
0
1
2026 204
1
2027 153
0
1
2028 32
1
2029 69
1
2030 205
1
2031 94
0
1
2032 9
1
2033 330
1
2034 319
1
2035 119
1
2036 36
1
2037 309
0
1
2038 40
1
2039 115
1
2040 57
1
2041 319
1
2042 311
1
2043 315
0
1
2044 122
1
2045 146
0
1
2046 244
1
2047 155
0
0
0
0
1
2048 190
0
1
2049 299
1
2050 37
1
2051 322
1
2052 228
1
2053 159
1
2054 56
1
2055 229
0
1
2056 198
1
2057 17
1
2058 238
1
2059 236
1
2060 217
1
2061 101
1
2062 205
0
1
2063 307
0
1
2064 129
1
2065 60
0
1
2066 66
1
2067 85
1
2068 232
1
2069 23
1
2070 45
1
2071 157
1
2072 205
1
2073 169
1
2074 219
0
1
2075 87
1
2076 200
0
1
2077 44
1
2078 291
0
1
2079 226
1
2080 229
1
2081 276
1
2082 58
1
2083 90
1
2084 74
0
1
2085 276
0
1
2086 308
1
2087 310
1
2088 137
1
2089 124
1
2090 75
0
1
2091 301
1
2092 80
1
2093 166
0
1
2094 131
0
1
2095 127
1
2096 220
0
0
1
2097 222
1
2098 253
1
2099 88
1
2100 45
0
1
2101 186
1
2102 153
1
2103 288
1
2104 12
0
0
1
2105 51
1
2106 78
1
2107 246
1
2108 161
1
2109 10
0
1
2110 86
0
1
2111 50
1
2112 188
1
2113 218
1
2114 192
0
1
2115 33
0
1
2116 317
0
0
1
2117 258
0
0
0
1
2118 147
0
1
2119 180
1
2120 288
1
2121 74
1
2122 185
0
1
2123 199
1
2124 180
0
1
2125 87
0
1
2126 76
1
2127 161
1
2128 108
1
2129 334
0
1
2130 245
1
2131 201
0
1
2132 272
1
2133 178
1
2134 260
1
2135 259
1
2136 90
0
0
1
2137 205
0
1
2138 87
1
2139 53
0
0
1
2140 62
0
0
1
2141 32
1
2142 62
1
2143 116
1
2144 55
0
0
1
2145 192
0
0
1
2146 31
0
1
2147 229
0
1
2148 253
0
0
0
1
2149 227
1
2150 225
1
2151 74
1
2152 319
0
1
2153 250
1
2154 264
1
2155 28
1
2156 183
1
2157 57
1
2158 159
0
1
2159 276
1
2160 99
0
0
0
1
2161 70
0
1
2162 15
1
2163 167
1
2164 45
1
2165 189
1
2166 296
1
2167 21
1
2168 276
1
2169 22
0
1
2170 80
1
2171 48
1
2172 90
0
1
2173 323
1
2174 213
1
2175 174
1
2176 54
1
2177 239
1
2178 117
1
2179 64
1
2180 114
1
2181 307
1
2182 28
1
2183 58
1
2184 50
1
2185 307
1
2186 179
1
2187 41
1
2188 331
0
1
2189 54
1
2190 276
1
2191 212
0
1
2192 244
1
2193 267
0
0
0
0
1
2194 249
1
2195 202
1
2196 298
1
2197 98
0
1
2198 5
0
1
2199 203
1
2200 63
1
2201 275
1
2202 170
1
2203 220
1
2204 325
0
1
2205 75
1
2206 331
1
2207 134
1
2208 258
0
1
2209 294
0
1
2210 195
1
2211 155
0
0
0
0
1
2212 160
1
2213 271
1
2214 154
0
1
2215 303
0
1
2216 144
1
2217 263
1
2218 294
0
1
2219 272
1
2220 50
0
1
2221 103
1
2222 279
1
2223 219
1
2224 63
1
2225 272
1
2226 185
0
1
2227 75
0
0
1
2228 235
1
2229 142
1
2230 251
1
2231 172
1
2232 240
1
2233 245
1
2234 139
1
2235 256
1
2236 96
1
2237 199
0
1
2238 54
0
1
2239 73
1
2240 123
0
1
2241 283
1
2242 142
1
2243 202
1
2244 208
0
1
2245 27
1
2246 198
1
2247 114
0
1
2248 188
1
2249 63
1
2250 260
1
2251 238
0
0
0
1
2252 161
1
2253 128
1
2254 239
0
1
2255 275
0
1
2256 254
1
2257 211
1
2258 133
1
2259 48
1
2260 46
1
2261 129
1
2262 102
1
2263 260
0
1
2264 7
1
2265 31
1
2266 34
1
2267 30
1
2268 32
1
2269 263
1
2270 295
1
2271 202
0
1
2272 169
0
1
2273 317
1
2274 20
1
2275 101
1
2276 244
1
2277 153
0
1
2278 208
1
2279 298
1
2280 163
1
2281 207
1
2282 86
1
2283 145
1
2284 278
1
2285 231
1
2286 282
1
2287 201
0
0
0
1
2288 53
1
2289 211
0
0
1
2290 31
1
2291 170
1
2292 259
1
2293 217
0
1
2294 11
0
0
0
1
2295 156
1
2296 246
1
2297 102
0
1
2298 244
1
2299 119
0
0
1
2300 86
1
2301 55
1
2302 36
1
2303 241
1
2304 314
1
2305 249
1
2306 88
1
2307 306
0
1
2308 73
1
2309 237
1
2310 231
0
1
2311 193
1
2312 82
0
0
1
2313 134
0
0
0
0
0
1
2314 49
1
2315 32
1
2316 249
1
2317 217
1
2318 74
0
1
2319 38
1
2320 71
1
2321 30
1
2322 91
1
2323 57
1
2324 307
1
2325 189
0
0
1
2326 256
1
2327 223
0
0
1
2328 227
1
2329 65
0
0
1
2330 316
1
2331 32
1
2332 207
1
2333 125
0
1
2334 227
1
2335 275
1
2336 18
1
2337 236
1
2338 57
1
2339 101
1
2340 30
0
0
1
2341 86
1
2342 45
1
2343 313
1
2344 21
1
2345 210
1
2346 164
1
2347 118
1
2348 268
1
2349 141
1
2350 304
1
2351 329
1
2352 102
1
2353 99
1
2354 6
0
1
2355 261
1
2356 167
1
2357 94
0
0
0
1
2358 326
1
2359 43
0
0
1
2360 335
1
2361 227
0
1
2362 331
1
2363 74
1
2364 2
0
1
2365 165
1
2366 101
0
1
2367 46
1
2368 52
1
2369 97
1
2370 113
0
0
1
2371 261
0
1
2372 66
1
2373 74
1
2374 8
1
2375 238
0
1
2376 14
1
2377 173
0
1
2378 84
0
1
2379 203
1
2380 291
0
1
2381 67
1
2382 236
1
2383 140
0
0
1
2384 281
1
2385 271
1
2386 93
1
2387 171
1
2388 59
1
2389 141
1
2390 244
1
2391 177
1
2392 100
1
2393 180
1
2394 273
0
1
2395 113
0
0
0
1
2396 41
0
0
1
2397 322
1
2398 254
0
0
1
2399 212
1
2400 206
1
2401 250
1
2402 197
1
2403 173
0
1
2404 154
1
2405 188
0
1
2406 170
0
0
1
2407 265
1
2408 78
1
2409 133
1
2410 42
0
1
2411 331
1
2412 29
1
2413 270
1
2414 258
0
1
2415 83
1
2416 280
1
2417 59
1
2418 71
0
0
1
2419 70
1
2420 307
0
1
2421 201
1
2422 226
1
2423 188
1
2424 269
1
2425 184
1
2426 226
0
1
2427 235
0
0
0
0
0
0
1
2428 67
0
1
2429 152
1
2430 272
1
2431 315
1
2432 86
1
2433 239
0
1
2434 328
1
2435 167
1
2436 269
1
2437 82
1
2438 152
1
2439 329
1
2440 55
1
2441 283
1
2442 82
1
2443 278
1
2444 92
1
2445 69
0
1
2446 276
1
2447 243
1
2448 12
1
2449 331
1
2450 165
1
2451 316
1
2452 32
1
2453 137
1
2454 47
1
2455 245
0
0
1
2456 212
1
2457 229
1
2458 30
1
2459 17
1
2460 200
0
1
2461 85
1
2462 287
1
2463 175
0
1
2464 86
1
2465 325
1
2466 76
1
2467 127
0
0
0
1
2468 308
1
2469 289
0
1
2470 247
0
1
2471 319
1
2472 51
1
2473 149
0
1
2474 238
0
0
0
1
2475 232
1
2476 8
1
2477 2
1
2478 188
1
2479 164
0
1
2480 46
1
2481 292
1
2482 170
0
0
1
2483 334
1
2484 294
1
2485 93
1
2486 137
1
2487 60
1
2488 254
1
2489 104
0
1
2490 92
1
2491 142
0
1
2492 74
1
2493 40
1
2494 36
1
2495 27
0
0
1
2496 107
1
2497 110
0
0
1
2498 296
1
2499 252
1
2500 44
0
1
2501 115
0
1
2502 133
1
2503 335
0
1
2504 199
1
2505 246
1
2506 268
1
2507 216
1
2508 210
1
2509 159
1
2510 160
0
1
2511 262
1
2512 79
0
1
2513 186
1
2514 255
1
2515 160
0
0
0
0
1
2516 263
1
2517 24
1
2518 312
1
2519 180
1
2520 62
1
2521 46
0
1
2522 78
1
2523 38
1
2524 222
1
2525 113
1
2526 86
1
2527 56
1
2528 218
1
2529 239
1
2530 101
1
2531 186
0
1
2532 26
1
2533 224
1
2534 158
1
2535 317
1
2536 301
1
2537 176
1
2538 332
0
0
1
2539 167
1
2540 203
1
2541 259
1
2542 333
1
2543 38
1
2544 309
0
1
2545 226
1
2546 48
0
1
2547 209
1
2548 279
1
2549 122
1
2550 276
1
2551 218
1
2552 49
1
2553 302
1
2554 212
1
2555 120
1
2556 114
1
2557 272
1
2558 147
1
2559 34
1
2560 17
1
2561 237
1
2562 120
0
1
2563 130
1
2564 66
1
2565 134
1
2566 71
1
2567 68
1
2568 226
1
2569 243
1
2570 303
1
2571 331
1
2572 129
1
2573 156
0
1
2574 60
0
1
2575 312
0
1
2576 124
1
2577 47
1
2578 293
0
1
2579 49
1
2580 14
1
2581 15
1
2582 46
1
2583 325
1
2584 266
1
2585 137
1
2586 64
1
2587 125
1
2588 235
1
2589 272
1
2590 263
0
1
2591 85
1
2592 178
1
2593 248
1
2594 194
1
2595 56
1
2596 68
1
2597 137
1
2598 16
1
2599 128
0
1
2600 229
1
2601 305
1
2602 4
1
2603 243
1
2604 206
1
2605 275
1
2606 87
0
1
2607 44
1
2608 48
0
1
2609 69
0
1
2610 68
0
1
2611 310
1
2612 263
0
1
2613 46
1
2614 3
1
2615 331
1
2616 32
1
2617 137
1
2618 105
0
0
0
1
2619 121
0
1
2620 96
1
2621 336
1
2622 219
1
2623 316
1
2624 115
1
2625 145
1
2626 127
1
2627 256
0
1
2628 15
0
1
2629 125
1
2630 299
1
2631 52
1
2632 316
0
1
2633 92
0
1
2634 134
1
2635 267
1
2636 281
1
2637 151
0
1
2638 29
1
2639 194
1
2640 196
0
1
2641 309
1
2642 319
1
2643 39
1
2644 185
1
2645 267
1
2646 253
1
2647 189
1
2648 278
0
1
2649 83
1
2650 321
0
1
2651 138
1
2652 257
0
0
1
2653 119
1
2654 186
1
2655 188
1
2656 159
0
1
2657 296
1
2658 325
1
2659 232
1
2660 261
1
2661 192
1
2662 199
1
2663 126
1
2664 317
0
1
2665 141
0
1
2666 7
1
2667 223
1
2668 228
1
2669 37
1
2670 239
1
2671 55
0
1
2672 250
1
2673 144
1
2674 147
1
2675 56
1
2676 287
1
2677 174
1
2678 303
1
2679 208
1
2680 60
1
2681 325
1
2682 260
1
2683 325
0
1
2684 36
1
2685 88
1
2686 326
1
2687 250
1
2688 149
1
2689 13
1
2690 86
1
2691 133
1
2692 5
1
2693 212
1
2694 14
1
2695 236
1
2696 236
1
2697 144
1
2698 324
1
2699 328
1
2700 242
1
2701 205
1
2702 124
1
2703 159
1
2704 263
1
2705 34
1
2706 137
1
2707 108
1
2708 251
1
2709 169
1
2710 184
1
2711 309
1
2712 300
0
0
1
2713 80
1
2714 330
1
2715 282
0
0
1
2716 5
1
2717 330
1
2718 183
0
0
1
2719 231
1
2720 240
1
2721 172
0
1
2722 249
0
1
2723 331
1
2724 130
1
2725 262
1
2726 28
1
2727 302
1
2728 143
1
2729 148
1
2730 131
1
2731 104
1
2732 249
1
2733 178
0
1
2734 280
1
2735 306
1
2736 216
1
2737 269
1
2738 101
1
2739 212
1
2740 54
0
1
2741 98
1
2742 205
1
2743 251
0
1
2744 250
1
2745 113
1
2746 232
0
1
2747 290
1
2748 256
1
2749 56
1
2750 260
1
2751 325
0
1
2752 334
1
2753 55
1
2754 48
1
2755 311
1
2756 284
1
2757 139
0
0
1
2758 35
1
2759 316
1
2760 119
1
2761 230
0
1
2762 242
0
1
2763 115
1
2764 223
1
2765 235
1
2766 190
0
1
2767 308
1
2768 179
1
2769 317
1
2770 273
1
2771 283
1
2772 170
1
2773 257
1
2774 158
1
2775 74
1
2776 6
1
2777 282
1
2778 135
1
2779 42
1
2780 144
1
2781 292
1
2782 219
1
2783 81
1
2784 76
1
2785 265
1
2786 219
1
2787 207
1
2788 163
1
2789 211
1
2790 249
1
2791 328
1
2792 40
1
2793 90
1
2794 22
0
1
2795 225
1
2796 55
1
2797 333
1
2798 324
1
2799 142
1
2800 101
1
2801 317
0
1
2802 268
1
2803 312
1
2804 129
0
1
2805 334
1
2806 223
0
0
1
2807 171
1
2808 61
0
1
2809 37
1
2810 277
1
2811 251
1
2812 188
0
1
2813 285
1
2814 69
1
2815 169
1
2816 228
1
2817 261
1
2818 328
1
2819 309
1
2820 177
1
2821 121
1
2822 328
1
2823 92
0
1
2824 71
1
2825 254
1
2826 226
1
2827 300
1
2828 101
1
2829 112
1
2830 6
1
2831 186
0
1
2832 264
1
2833 74
0
1
2834 279
0
1
2835 318
1
2836 249
1
2837 68
1
2838 18
1
2839 202
1
2840 287
1
2841 162
0
0
1
2842 63
1
2843 117
1
2844 20
1
2845 288
1
2846 298
1
2847 66
1
2848 160
1
2849 91
1
2850 302
1
2851 229
1
2852 132
1
2853 123
1
2854 38
1
2855 322
0
1
2856 284
1
2857 142
1
2858 200
1
2859 319
1
2860 180
1
2861 166
1
2862 243
1
2863 269
1
2864 203
1
2865 238
1
2866 294
1
2867 244
1
2868 279
1
2869 212
1
2870 91
0
1
2871 309
1
2872 21
1
2873 86
0
0
1
2874 283
0
1
2875 79
1
2876 290
1
2877 312
1
2878 272
1
2879 45
1
2880 37
1
2881 201
0
1
2882 142
1
2883 37
1
2884 293
1
2885 269
0
0
1
2886 9
0
1
2887 85
0
1
2888 331
1
2889 103
1
2890 194
0
1
2891 129
1
2892 33
0
0
1
2893 132
1
2894 247
1
2895 149
1
2896 286
1
2897 192
1
2898 242
1
2899 277
1
2900 225
1
2901 103
0
1
2902 163
1
2903 65
1
2904 194
1
2905 217
1
2906 274
1
2907 182
0
1
2908 124
1
2909 203
1
2910 200
1
2911 189
1
2912 191
1
2913 253
1
2914 36
1
2915 184
1
2916 309
1
2917 133
1
2918 85
0
1
2919 121
1
2920 44
1
2921 156
1
2922 283
1
2923 248
1
2924 232
1
2925 278
0
1
2926 67
1
2927 190
1
2928 22
0
1
2929 331
1
2930 30
0
1
2931 269
1
2932 274
1
2933 213
1
2934 74
1
2935 318
1
2936 168
1
2937 203
1
2938 88
0
1
2939 56
1
2940 153
0
1
2941 293
1
2942 258
1
2943 327
1
2944 206
1
2945 314
1
2946 271
1
2947 279
0
1
2948 242
1
2949 282
1
2950 303
1
2951 29
1
2952 262
1
2953 53
1
2954 127
1
2955 271
1
2956 309
1
2957 21
1
2958 290
0
1
2959 328
1
2960 259
1
2961 295
1
2962 66
1
2963 305
1
2964 325
1
2965 231
1
2966 216
1
2967 144
1
2968 167
0
1
2969 133
0
1
2970 88
1
2971 53
1
2972 309
1
2973 12
1
2974 149
1
2975 6
1
2976 52
0
0
0
1
2977 329
1
2978 46
0
1
2979 50
0
1
2980 54
1
2981 94
1
2982 103
1
2983 285
1
2984 90
1
2985 22
1
2986 12
1
2987 97
1
2988 118
1
2989 185
1
2990 32
1
2991 88
1
2992 158
1
2993 205
1
2994 206
0
1
2995 211
1
2996 320
1
2997 137
1
2998 198
1
2999 113
0
1
3000 259
1
3001 180
1
3002 115
1
3003 58
1
3004 170
1
3005 55
1
3006 142
0
1
3007 293
1
3008 337
0
1
3009 79
0
1
3010 306
1
3011 147
1
3012 315
1
3013 135
1
3014 316
1
3015 45
1
3016 191
1
3017 175
1
3018 66
0
1
3019 188
1
3020 159
1
3021 313
1
3022 131
1
3023 224
1
3024 220
1
3025 3
1
3026 3
1
3027 165
1
3028 86
0
1
3029 297
1
3030 60
1
3031 102
1
3032 149
1
3033 67
0
0
1
3034 116
1
3035 213
1
3036 65
1
3037 78
1
3038 181
1
3039 162
1
3040 267
0
1
3041 15
0
1
3042 51
1
3043 78
1
3044 153
1
3045 238
1
3046 201
1
3047 263
1
3048 186
1
3049 122
0
1
3050 138
1
3051 99
1
3052 316
1
3053 30
1
3054 227
1
3055 78
1
3056 229
1
3057 37
1
3058 267
1
3059 190
0
1
3060 86
1
3061 282
1
3062 271
1
3063 323
1
3064 274
1
3065 326
1
3066 183
1
3067 58
1
3068 237
1
3069 216
1
3070 178
0
1
3071 304
1
3072 170
1
3073 34
1
3074 113
1
3075 235
1
3076 32
1
3077 203
1
3078 143
1
3079 84
1
3080 99
1
3081 165
1
3082 47
1
3083 118
0
1
3084 328
1
3085 44
1
3086 13
1
3087 298
1
3088 63
1
3089 252
1
3090 209
1
3091 90
1
3092 226
1
3093 163
1
3094 321
1
3095 146
1
3096 253
1
3097 149
1
3098 184
1
3099 125
1
3100 183
1
3101 237
1
3102 169
1
3103 100
1
3104 266
1
3105 132
1
3106 92
1
3107 143
1
3108 18
1
3109 12
0
1
3110 192
1
3111 218
1
3112 154
1
3113 285
1
3114 74
1
3115 128
1
3116 192
0
1
3117 112
1
3118 240
1
3119 337
1
3120 297
1
3121 99
1
3122 127
1
3123 159
0
1
3124 187
0
1
3125 331
1
3126 293
1
3127 77
1
3128 253
1
3129 308
0
1
3130 73
1
3131 110
1
3132 164
1
3133 163
1
3134 224
0
0
1
3135 113
1
3136 72
1
3137 232
1
3138 217
1
3139 225
0
1
3140 242
1
3141 157
1
3142 20
1
3143 204
1
3144 15
1
3145 70
1
3146 115
1
3147 60
0
1
3148 80
1
3149 271
0
1
3150 325
1
3151 67
1
3152 145
1
3153 82
1
3154 155
0
1
3155 29
1
3156 240
0
0
1
3157 153
0
1
3158 284
1
3159 133
1
3160 60
1
3161 186
1
3162 164
1
3163 229
1
3164 55
1
3165 236
1
3166 279
1
3167 314
0
0
1
3168 29
1
3169 217
1
3170 315
1
3171 176
1
3172 154
1
3173 96
1
3174 200
1
3175 24
1
3176 19
1
3177 164
1
3178 55
1
3179 47
1
3180 61
0
1
3181 222
1
3182 195
0
0
1
3183 223
1
3184 182
1
3185 55
0
1
3186 331
1
3187 157
1
3188 295
1
3189 235
1
3190 114
1
3191 36
1
3192 78
0
1
3193 91
1
3194 326
1
3195 313
1
3196 313
1
3197 89
0
1
3198 168
1
3199 22
1
3200 319
1
3201 293
1
3202 46
1
3203 183
0
1
3204 29
1
3205 26
1
3206 200
1
3207 36
1
3208 72
1
3209 321
1
3210 109
1
3211 230
1
3212 179
1
3213 147
0
1
3214 183
1
3215 151
1
3216 315
0
1
3217 164
1
3218 193
1
3219 140
1
3220 57
1
3221 39
1
3222 275
1
3223 311
1
3224 15
1
3225 121
0
1
3226 101
1
3227 63
1
3228 254
1
3229 210
1
3230 84
1
3231 63
1
3232 167
0
1
3233 4
1
3234 293
1
3235 247
1
3236 308
1
3237 36
1
3238 309
1
3239 230
1
3240 292
0
1
3241 10
1
3242 85
1
3243 226
1
3244 173
1
3245 333
1
3246 147
1
3247 173
1
3248 107
1
3249 10
1
3250 333
0
1
3251 131
1
3252 325
1
3253 307
1
3254 85
1
3255 86
1
3256 84
1
3257 36
1
3258 109
1
3259 6
1
3260 57
1
3261 309
0
1
3262 38
1
3263 8
1
3264 229
1
3265 42
1
3266 250
1
3267 238
1
3268 101
1
3269 299
1
3270 135
1
3271 16
1
3272 273
1
3273 294
1
3274 244
1
3275 112
0
1
3276 30
1
3277 36
1
3278 273
1
3279 276
1
3280 128
1
3281 223
1
3282 32
1
3283 170
1
3284 180
1
3285 150
0
1
3286 93
1
3287 13
1
3288 301
1
3289 28
1
3290 203
1
3291 171
1
3292 267
1
3293 194
1
3294 326
1
3295 262
1
3296 293
1
3297 219
1
3298 199
1
3299 6
1
3300 187
1
3301 32
0
1
3302 168
1
3303 108
1
3304 33
1
3305 140
1
3306 18
1
3307 291
1
3308 335
1
3309 289
1
3310 294
1
3311 267
1
3312 134
1
3313 283
1
3314 230
1
3315 188
1
3316 238
1
3317 3
1
3318 270
1
3319 100
1
3320 239
1
3321 322
1
3322 73
1
3323 331
0
1
3324 88
0
1
3325 141
1
3326 228
0
1
3327 159
1
3328 206
1
3329 315
1
3330 67
1
3331 234
1
3332 186
0
0
1
3333 37
1
3334 186
1
3335 148
1
3336 232
1
3337 248
1
3338 320
1
3339 42
1
3340 177
0
1
3341 321
1
3342 206
1
3343 225
1
3344 35
1
3345 318
1
3346 236
1
3347 336
1
3348 40
1
3349 16
1
3350 30
0
1
3351 121
1
3352 10
0
1
3353 58
1
3354 228
0
1
3355 192
1
3356 106
1
3357 74
1
3358 221
0
1
3359 136
1
3360 281
1
3361 78
1
3362 325
1
3363 169
1
3364 119
1
3365 58
1
3366 52
1
3367 182
1
3368 99
0
1
3369 46
1
3370 329
1
3371 244
1
3372 72
1
3373 55
1
3374 86
1
3375 321
1
3376 142
1
3377 235
0
1
3378 303
1
3379 222
1
3380 61
1
3381 259
1
3382 8
1
3383 86
1
3384 42
1
3385 274
1
3386 149
1
3387 107
0
1
3388 37
1
3389 15
0
1
3390 220
1
3391 140
1
3392 236
1
3393 330
1
3394 291
1
3395 99
1
3396 294
1
3397 15
1
3398 101
1
3399 252
1
3400 52
1
3401 317
1
3402 54
1
3403 87
1
3404 305
1
3405 25
1
3406 207
1
3407 296
1
3408 226
1
3409 122
1
3410 243
1
3411 45
0
1
3412 175
1
3413 34
1
3414 130
1
3415 128
1
3416 265
1
3417 174
1
3418 212
1
3419 324
1
3420 57
1
3421 42
1
3422 215
0
1
3423 176
1
3424 151
1
3425 94
1
3426 244
1
3427 60
1
3428 58
0
1
3429 89
1
3430 307
1
3431 332
1
3432 297
1
3433 111
1
3434 153
1
3435 220
1
3436 46
0
1
3437 10
1
3438 308
1
3439 329
1
3440 319
1
3441 240
1
3442 227
1
3443 198
1
3444 120
1
3445 157
1
3446 319
1
3447 3
1
3448 153
1
3449 164
0
1
3450 18
1
3451 180
1
3452 290
1
3453 197
1
3454 183
1
3455 76
1
3456 195
1
3457 198
1
3458 9
0
1
3459 229
1
3460 102
1
3461 82
1
3462 63
1
3463 121
1
3464 115
0
1
3465 251
1
3466 287
1
3467 103
1
3468 227
1
3469 155
1
3470 271
1
3471 31
1
3472 184
1
3473 325
1
3474 206
1
3475 70
1
3476 236
0
1
3477 239
1
3478 307
1
3479 267
1
3480 232
1
3481 302
1
3482 102
1
3483 217
1
3484 65
1
3485 187
0
1
3486 336
1
3487 298
1
3488 193
0
1
3489 329
1
3490 183
1
3491 153
1
3492 253
1
3493 64
0
1
3494 188
1
3495 129
1
3496 162
1
3497 206
1
3498 129
1
3499 150
1
3500 91
0
1
3501 172
1
3502 21
1
3503 205
1
3504 101
1
3505 100
1
3506 102
1
3507 104
1
3508 315
1
3509 179
1
3510 184
1
3511 171
0
1
3512 192
1
3513 39
1
3514 47
1
3515 116
1
3516 264
1
3517 207
1
3518 184
1
3519 171
1
3520 126
1
3521 86
1
3522 55
1
3523 156
1
3524 267
1
3525 119
1
3526 323
1
3527 194
1
3528 273
1
3529 90
1
3530 201
1
3531 316
1
3532 67
1
3533 43
1
3534 234
0
1
3535 133
1
3536 68
1
3537 219
1
3538 103
1
3539 24
1
3540 158
1
3541 206
1
3542 119
1
3543 83
1
3544 271
0
1
3545 159
1
3546 65
1
3547 319
0
1
3548 171
1
3549 50
1
3550 71
1
3551 157
0
1
3552 42
1
3553 318
1
3554 154
1
3555 37
1
3556 124
1
3557 37
0
1
3558 118
1
3559 191
1
3560 71
1
3561 173
0
1
3562 202
1
3563 91
1
3564 216
1
3565 84
1
3566 131
1
3567 316
1
3568 218
1
3569 232
1
3570 236
1
3571 163
1
3572 12
1
3573 93
1
3574 191
0
1
3575 281
1
3576 238
1
3577 319
1
3578 150
1
3579 153
1
3580 238
0
1
3581 3
1
3582 297
1
3583 74
1
3584 46
1
3585 116
1
3586 136
1
3587 2
1
3588 150
1
3589 140
0
1
3590 211
1
3591 331
1
3592 271
1
3593 252
0
1
3594 255
1
3595 80
1
3596 180
1
3597 203
0
1
3598 254
1
3599 269
1
3600 198
1
3601 315
1
3602 249
0
1
3603 197
1
3604 84
1
3605 285
1
3606 300
1
3607 261
1
3608 35
1
3609 161
1
3610 198
1
3611 336
1
3612 175
1
3613 258
1
3614 6
1
3615 204
1
3616 153
0
1
3617 206
1
3618 290
1
3619 307
1
3620 125
1
3621 232
1
3622 329
1
3623 330
1
3624 150
0
0
1
3625 193
1
3626 243
1
3627 215
1
3628 108
1
3629 266
0
1
3630 38
1
3631 113
1
3632 13
1
3633 100
1
3634 46
1
3635 57
1
3636 104
1
3637 254
1
3638 71
1
3639 220
1
3640 303
1
3641 13
1
3642 296
1
3643 183
1
3644 288
1
3645 178
1
3646 322
1
3647 147
1
3648 72
1
3649 138
1
3650 153
1
3651 272
1
3652 201
1
3653 54
1
3654 97
0
1
3655 189
0
1
3656 152
1
3657 14
1
3658 166
1
3659 142
1
3660 328
1
3661 151
1
3662 280
1
3663 107
1
3664 42
1
3665 284
1
3666 223
1
3667 211
1
3668 40
1
3669 7
1
3670 329
1
3671 295
1
3672 102
1
3673 73
1
3674 211
1
3675 205
1
3676 197
1
3677 97
1
3678 290
1
3679 16
1
3680 83
1
3681 175
1
3682 74
0
1
3683 45
1
3684 317
1
3685 309
1
3686 311
1
3687 154
1
3688 267
1
3689 205
1
3690 97
0
1
3691 244
1
3692 282
1
3693 70
0
1
3694 25
1
3695 170
1
3696 321
1
3697 74
1
3698 211
1
3699 319
0
1
3700 180
1
3701 333
1
3702 168
1
3703 3
1
3704 2
1
3705 5
1
3706 120
1
3707 188
1
3708 208
1
3709 250
1
3710 289
1
3711 234
1
3712 234
1
3713 101
1
3714 111
1
3715 262
1
3716 197
1
3717 203
0
1
3718 156
1
3719 256
1
3720 40
1
3721 11
1
3722 136
1
3723 85
1
3724 84
1
3725 250
1
3726 333
1
3727 289
1
3728 165
1
3729 127
0
1
3730 211
1
3731 235
1
3732 230
1
3733 87
1
3734 71
1
3735 170
1
3736 272
1
3737 126
1
3738 39
1
3739 238
1
3740 9
1
3741 116
1
3742 89
1
3743 269
1
3744 276
1
3745 289
1
3746 89
1
3747 172
1
3748 204
0
1
3749 203
1
3750 242
1
3751 84
1
3752 40
1
3753 253
1
3754 82
1
3755 274
1
3756 111
1
3757 319
1
3758 2
1
3759 200
1
3760 97
1
3761 222
1
3762 5
1
3763 196
1
3764 316
1
3765 228
1
3766 315
1
3767 260
1
3768 20
1
3769 66
1
3770 203
1
3771 11
1
3772 189
1
3773 308
1
3774 271
1
3775 183
1
3776 153
1
3777 58
1
3778 75
1
3779 24
1
3780 224
1
3781 60
1
3782 7
1
3783 272
1
3784 303
1
3785 235
0
1
3786 140
1
3787 37
0
0
1
3788 129
0
1
3789 80
1
3790 267
1
3791 155
1
3792 310
1
3793 309
1
3794 148
1
3795 52
1
3796 21
1
3797 28
1
3798 194
1
3799 337
1
3800 139
1
3801 335
1
3802 54
1
3803 143
1
3804 33
0
1
3805 299
1
3806 157
1
3807 326
1
3808 177
1
3809 177
1
3810 62
1
3811 239
1
3812 178
1
3813 109
1
3814 173
1
3815 241
1
3816 91
1
3817 197
1
3818 39
1
3819 49
1
3820 296
1
3821 96
1
3822 336
1
3823 284
1
3824 334
1
3825 110
1
3826 282
1
3827 25
1
3828 252
1
3829 226
1
3830 257
1
3831 24
1
3832 191
1
3833 199
0
1
3834 249
1
3835 60
1
3836 81
1
3837 284
1
3838 89
1
3839 19
1
3840 335
1
3841 220
1
3842 197
1
3843 157
1
3844 100
0
1
3845 283
0
1
3846 185
1
3847 296
1
3848 210
1
3849 222
1
3850 20
1
3851 138
1
3852 237
1
3853 74
1
3854 5
1
3855 294
1
3856 116
1
3857 76
1
3858 160
1
3859 92
1
3860 28
1
3861 152
1
3862 89
0
1
3863 282
1
3864 126
1
3865 187
1
3866 306
0
1
3867 320
1
3868 245
1
3869 173
1
3870 311
1
3871 201
1
3872 231
1
3873 151
0
1
3874 124
1
3875 192
1
3876 239
1
3877 308
1
3878 153
1
3879 279
1
3880 93
1
3881 244
1
3882 142
1
3883 35
1
3884 225
1
3885 96
1
3886 238
1
3887 137
1
3888 249
1
3889 228
1
3890 226
1
3891 12
1
3892 204
1
3893 268
1
3894 251
1
3895 256
1
3896 331
1
3897 243
1
3898 145
1
3899 113
1
3900 325
1
3901 68
1
3902 158
1
3903 113
1
3904 54
1
3905 47
1
3906 144
1
3907 87
1
3908 26
1
3909 229
1
3910 298
1
3911 147
1
3912 39
1
3913 276
1
3914 66
1
3915 196
1
3916 118
1
3917 100
1
3918 46
1
3919 192
1
3920 212
1
3921 261
1
3922 19
1
3923 286
1
3924 269
1
3925 329
1
3926 139
1
3927 138
1
3928 216
0
1
3929 239
1
3930 55
1
3931 308
1
3932 314
1
3933 164
1
3934 233
0
1
3935 121
1
3936 248
1
3937 116
1
3938 265
1
3939 179
1
3940 166
1
3941 165
1
3942 319
1
3943 264
1
3944 32
1
3945 72
1
3946 185
1
3947 254
1
3948 160
1
3949 53
1
3950 232
1
3951 212
1
3952 243
1
3953 292
1
3954 88
1
3955 325
0
1
3956 190
1
3957 303
1
3958 284
1
3959 284
1
3960 69
1
3961 47
1
3962 180
1
3963 139
1
3964 95
1
3965 305
1
3966 325
1
3967 222
1
3968 304
1
3969 257
1
3970 254
1
3971 277
1
3972 277
1
3973 222
1
3974 278
1
3975 310
1
3976 317
1
3977 64
1
3978 68
1
3979 203
1
3980 294
1
3981 309
1
3982 212
1
3983 32
1
3984 86
1
3985 196
1
3986 5
1
3987 142
1
3988 288
1
3989 241
1
3990 318
1
3991 55
1
3992 77
1
3993 36
1
3994 228
1
3995 220
1
3996 332
1
3997 195
1
3998 76
1
3999 184
1
4000 70
1
4001 206
1
4002 95
1
4003 251
1
4004 328
1
4005 226
1
4006 221
1
4007 56
1
4008 181
1
4009 85
0
1
4010 276
0
1
4011 211
1
4012 48
1
4013 222
1
4014 175
1
4015 89
1
4016 54
1
4017 271
1
4018 11
1
4019 197
1
4020 156
1
4021 190
1
4022 14
1
4023 85
1
4024 96
1
4025 101
1
4026 328
1
4027 159
1
4028 313
1
4029 174
1
4030 127
1
4031 87
1
4032 78
1
4033 30
1
4034 225
1
4035 123
1
4036 285
1
4037 123
1
4038 239
1
4039 67
1
4040 196
1
4041 92
1
4042 321
1
4043 163
1
4044 314
1
4045 217
1
4046 263
1
4047 45
1
4048 254
1
4049 225
1
4050 40
1
4051 113
1
4052 89
1
4053 14
1
4054 156
1
4055 87
1
4056 37
1
4057 63
1
4058 155
1
4059 85
1
4060 203
1
4061 88
1
4062 165
1
4063 37
1
4064 76
1
4065 56
1
4066 202
1
4067 269
1
4068 281
1
4069 120
1
4070 186
1
4071 4
1
4072 89
1
4073 23
1
4074 324
1
4075 330
1
4076 37
1
4077 94
1
4078 136
1
4079 135
1
4080 101
1
4081 149
1
4082 257
1
4083 309
1
4084 187
1
4085 202
1
4086 48
1
4087 73
1
4088 166
1
4089 35
1
4090 276
0
1
4091 284
1
4092 139
1
4093 55
1
4094 278
1
4095 59
1
4096 137
1
4097 79
1
4098 312
1
4099 219
1
4100 212
1
4101 226
0
1
4102 10
1
4103 190
1
4104 171
0
1
4105 131
1
4106 252
1
4107 159
1
4108 122
1
4109 231
1
4110 162
1
4111 208
1
4112 69
1
4113 99
1
4114 260
1
4115 131
1
4116 13
1
4117 218
1
4118 268
1
4119 48
1
4120 268
1
4121 114
1
4122 270
1
4123 308
1
4124 100
1
4125 180
1
4126 201
1
4127 69
1
4128 226
1
4129 227
1
4130 7
1
4131 270
1
4132 153
1
4133 248
1
4134 228
1
4135 192
1
4136 265
1
4137 194
1
4138 4
1
4139 58
1
4140 126
1
4141 325
1
4142 24
1
4143 74
1
4144 91
1
4145 140
1
4146 313
1
4147 272
1
4148 279
1
4149 107
1
4150 53
1
4151 126
1
4152 160
1
4153 122
1
4154 13
1
4155 124
1
4156 164
1
4157 42
1
4158 156
1
4159 117
1
4160 122
1
4161 52
1
4162 7
1
4163 90
1
4164 202
1
4165 175
1
4166 43
1
4167 120
1
4168 130
0
1
4169 83
1
4170 110
1
4171 158
1
4172 4
1
4173 147
1
4174 309
1
4175 58
1
4176 244
1
4177 313
1
4178 242
1
4179 38
1
4180 13
1
4181 40
1
4182 62
1
4183 152
1
4184 235
1
4185 136
0
1
4186 286
1
4187 107
1
4188 90
1
4189 65
1
4190 280
1
4191 175
1
4192 29
1
4193 163
1
4194 233
1
4195 208
1
4196 319
1
4197 17
1
4198 230
1
4199 268
1
4200 199
1
4201 319
1
4202 74
1
4203 316
1
4204 55
1
4205 92
1
4206 268
1
4207 9
1
4208 284
1
4209 12
1
4210 2
1
4211 298
1
4212 132
1
4213 105
1
4214 309
1
4215 16
1
4216 230
1
4217 55
1
4218 202
1
4219 266
1
4220 141
1
4221 125
1
4222 282
1
4223 243
1
4224 168
1
4225 275
1
4226 90
1
4227 4
1
4228 41
1
4229 37
1
4230 41
1
4231 17
1
4232 133
1
4233 295
1
4234 261
1
4235 214
1
4236 137
1
4237 36
1
4238 202
1
4239 130
1
4240 63
1
4241 17
1
4242 83
1
4243 45
1
4244 128
1
4245 156
1
4246 210
1
4247 149
1
4248 327
1
4249 82
1
4250 13
1
4251 328
1
4252 143
1
4253 241
1
4254 286
1
4255 185
1
4256 314
1
4257 142
1
4258 126
1
4259 326
1
4260 78
1
4261 96
1
4262 234
1
4263 222
1
4264 234
1
4265 272
1
4266 77
1
4267 46
1
4268 231
1
4269 28
1
4270 294
1
4271 75
1
4272 87
1
4273 132
1
4274 176
1
4275 207
1
4276 82
1
4277 311
1
4278 81
1
4279 78
1
4280 305
1
4281 125
1
4282 163
1
4283 212
1
4284 186
1
4285 253
1
4286 22
1
4287 284
1
4288 205
1
4289 159
1
4290 227
1
4291 112
1
4292 18
1
4293 260
1
4294 32
1
4295 128
1
4296 103
1
4297 54
0
1
4298 236
1
4299 183
1
4300 221
1
4301 308
1
4302 172
1
4303 133
1
4304 7
1
4305 294
1
4306 151
1
4307 167
1
4308 26
1
4309 322
1
4310 188
1
4311 38
1
4312 84
1
4313 55
1
4314 193
1
4315 16
1
4316 8
1
4317 279
1
4318 173
0
1
4319 45
1
4320 264
1
4321 309
1
4322 159
1
4323 71
1
4324 116
0
1
4325 299
1
4326 158
1
4327 305
1
4328 230
1
4329 332
1
4330 337
1
4331 237
1
4332 109
1
4333 227
1
4334 4
0
1
4335 84
0
1
4336 90
1
4337 229
1
4338 244
1
4339 232
0
1
4340 325
1
4341 135
1
4342 238
1
4343 323
1
4344 84
1
4345 275
1
4346 73
1
4347 184
1
4348 132
0
1
4349 81
1
4350 222
1
4351 234
1
4352 161
1
4353 46
1
4354 221
1
4355 59
1
4356 255
1
4357 53
1
4358 60
1
4359 20
1
4360 144
1
4361 285
1
4362 167
1
4363 224
1
4364 304
1
4365 322
1
4366 45
1
4367 247
1
4368 276
1
4369 257
1
4370 106
1
4371 188
1
4372 12
1
4373 241
1
4374 334
1
4375 32
1
4376 11
1
4377 23
1
4378 41
1
4379 146
1
4380 54
1
4381 201
1
4382 16
1
4383 330
1
4384 261
1
4385 245
1
4386 190
1
4387 102
1
4388 170
1
4389 96
1
4390 218
1
4391 109
1
4392 51
1
4393 285
0
1
4394 169
0
1
4395 81
0
1
4396 255
1
4397 153
0
1
4398 66
1
4399 125
0
1
4400 310
1
4401 225
1
4402 130
0
1
4403 252
1
4404 181
1
4405 331
1
4406 139
0
1
4407 216
1
4408 63
0
1
4409 115
1
4410 138
1
4411 332
1
4412 112
1
4413 27
1
4414 103
0
1
4415 186
1
4416 104
1
4417 138
0
1
4418 308
0
0
1
4419 293
0
1
4420 18
1
4421 316
1
4422 58
1
4423 6
1
4424 299
1
4425 192
0
0
1
4426 87
1
4427 274
1
4428 175
1
4429 138
1
4430 179
1
4431 231
0
1
4432 205
0
0
1
4433 147
1
4434 239
1
4435 226
1
4436 283
0
1
4437 79
1
4438 58
1
4439 169
1
4440 246
1
4441 113
1
4442 257
1
4443 30
1
4444 40
1
4445 332
0
1
4446 212
1
4447 139
1
4448 96
1
4449 50
1
4450 265
1
4451 174
1
4452 242
1
4453 258
1
4454 269
0
1
4455 304
1
4456 87
0
1
4457 261
1
4458 150
1
4459 318
1
4460 14
1
4461 196
1
4462 206
1
4463 48
0
0
1
4464 202
1
4465 2
1
4466 283
1
4467 229
0
1
4468 102
1
4469 74
1
4470 135
1
4471 200
1
4472 221
1
4473 242
1
4474 102
1
4475 38
1
4476 271
0
1
4477 146
1
4478 236
1
4479 336
1
4480 251
1
4481 240
0
1
4482 191
1
4483 246
0
0
1
4484 227
1
4485 121
0
1
4486 153
0
0
1
4487 326
1
4488 69
1
4489 80
0
1
4490 88
1
4491 160
1
4492 147
1
4493 103
1
4494 234
0
0
1
4495 169
0
0
1
4496 236
1
4497 87
1
4498 151
1
4499 22
1
4500 191
1
4501 159
1
4502 15
1
4503 308
1
4504 201
1
4505 124
1
4506 106
1
4507 70
1
4508 2
1
4509 337
1
4510 173
0
0
1
4511 48
1
4512 301
1
4513 96
1
4514 302
1
4515 140
1
4516 271
1
4517 133
0
1
4518 316
1
4519 231
0
1
4520 78
1
4521 126
1
4522 260
1
4523 51
0
0
0
1
4524 166
1
4525 318
1
4526 23
1
4527 123
0
1
4528 86
0
1
4529 239
1
4530 37
1
4531 256
1
4532 224
1
4533 75
1
4534 120
1
4535 53
1
4536 271
1
4537 227
1
4538 219
1
4539 152
1
4540 330
0
1
4541 293
0
1
4542 98
1
4543 5
1
4544 13
0
0
0
1
4545 271
1
4546 325
1
4547 284
0
0
1
4548 57
1
4549 94
0
0
1
4550 27
1
4551 180
1
4552 275
1
4553 252
1
4554 231
1
4555 223
1
4556 110
0
1
4557 44
1
4558 89
0
0
0
1
4559 128
0
1
4560 148
0
1
4561 214
1
4562 239
0
0
1
4563 71
1
4564 158
1
4565 247
1
4566 98
0
1
4567 263
1
4568 237
1
4569 128
1
4570 80
1
4571 54
1
4572 105
0
1
4573 217
1
4574 86
0
0
0
1
4575 35
1
4576 57
1
4577 142
0
0
1
4578 324
0
1
4579 212
1
4580 25
1
4581 308
0
1
4582 199
0
1
4583 99
1
4584 269
1
4585 112
1
4586 131
1
4587 319
1
4588 196
0
1
4589 228
0
1
4590 65
1
4591 66
0
0
1
4592 244
1
4593 130
0
1
4594 57
1
4595 71
1
4596 191
0
0
1
4597 316
1
4598 109
0
1
4599 82
1
4600 233
1
4601 226
1
4602 72
1
4603 11
1
4604 36
1
4605 220
1
4606 292
1
4607 276
0
1
4608 278
0
1
4609 156
0
0
1
4610 27
1
4611 29
0
0
0
1
4612 58
1
4613 308
1
4614 20
0
1
4615 316
1
4616 91
0
0
0
0
1
4617 73
0
0
1
4618 224
0
1
4619 326
0
1
4620 265
1
4621 30
1
4622 47
0
1
4623 199
1
4624 112
1
4625 134
1
4626 176
0
1
4627 335
1
4628 32
1
4629 337
0
0
0
0
1
4630 295
1
4631 228
0
0
0
0
1
4632 35
1
4633 104
1
4634 113
0
1
4635 218
0
0
1
4636 28
1
4637 153
1
4638 336
0
1
4639 101
1
4640 129
0
0
1
4641 296
1
4642 92
1
4643 128
1
4644 310
1
4645 86
1
4646 137
0
0
0
0
0
1
4647 81
1
4648 129
0
1
4649 297
1
4650 168
1
4651 137
0
1
4652 315
1
4653 137
1
4654 33
1
4655 149
1
4656 48
1
4657 73
0
1
4658 18
0
1
4659 307
1
4660 38
1
4661 14
1
4662 263
0
0
0
1
4663 78
0
1
4664 22
1
4665 189
1
4666 56
0
1
4667 306
0
0
1
4668 309
0
0
1
4669 197
1
4670 325
1
4671 329
1
4672 122
1
4673 153
0
1
4674 58
0
1
4675 252
0
0
0
0
0
0
0
0
0
0
1
4676 89
0
0
1
4677 128
1
4678 108
0
1
4679 101
1
4680 244
1
4681 212
0
0
0
0
0
0
0
0
1
4682 175
1
4683 125
0
1
4684 58
1
4685 197
0
0
1
4686 158
0
0
0
1
4687 250
0
0
0
0
0
1
4688 174
0
0
1
4689 70
1
4690 212
1
4691 313
0
0
0
0
0
1
4692 311
0
0
0
0
0
0
0
0
0
1
4693 10
0
0
0
1
4694 19
0
0
0
1
4695 307
0
0
0
1
4696 269
0
0
0
1
4697 134
0
0
0
1
4698 234
0
0
0
0
0
0
0
0
0
1
4699 25
1
4700 9
0
0
1
4701 223
1
4702 32
0
0
0
0
0
0
1
4703 197
0
1
4704 113
0
0
0
0
0
0
0
0
1
4705 69
0
0
1
4706 7
0
1
4707 316
0
0
0
0
0
0
1
4708 97
0
0
1
4709 264
0
0
0
0
1
4710 226
1
4711 122
0
0
0
0
0
0
1
4712 312
0
0
0
0
0
1
4713 138
0
0
0
0
0
0
0
0
0
0
1
4714 106
0
0
0
0
0
0
0
0
0
0
0
1
4715 141
1
4716 331
0
0
0
1
4717 248
0
0
0
1
4718 40
0
0
1
4719 307
0
0
1
4720 135
0
0
0
0
0
0
0
1
4721 296
0
1
4722 234
0
0
0
0
0
0
0
0
1
4723 140
1
4724 286
0
0
0
1
4725 207
0
0
0
0
1
4726 60
0
0
0
0
0
0
0
0
0
0
0
0
0
1
4727 66
0
0
0
0
0
0
0
0
0
0
0
0
0
1
4728 55
1
4729 95
0
0
0
0
0
0
0
0
0
0
0
0
1
4730 2
0
0
1
4731 323
0
0
0
0
0
1
4732 264
0
0
0
0
0
0
0
1
4733 330
0
0
0
1
4734 168
0
0
0
0
0
0
0
0
0
0
0
0
0
0
0
0
0
0
0
0
0
0
0
0
0
0
0
0
0
0
0
0
0
0
1
4735 48
0
0
0
0
0
0
0
0
0
0
0
0
0
0
0
0
0
0
1
4736 313
0
0
1
4737 136
0
0
0
0
0
0
0
0
0
0
0
0
0
0
0
0
0
0
0
0
0
0
0
0
0
0
0
0
0
0
0
0
0
0
0
0
0
0
0
0
0
0
0
0
0
0
0
0
0
0
0
0
0
0
0
0
0
0
0
0
0
0
0
0
0
0
0
0
0
0
0
0
0
0
0
0
0
0
0
0
0
0
0
0
0
0
0
0
0
0
0
0
0
0
0
0
0
0
0
0
0
0
0
0
0
0
0
0
0
0
0
0
0
0
0
0
0
0
0
0
0
0
0
0
0
0
0
0
0
0
0
0
0
0
0
0
0
0
0
0
0
0
0
0
0
0
0
0
0
0
0
0
0
0
0
0
0
0
0
0
0
0
0
0
0
0
0
0
0
0
0
0
0
0
0
0
0
0
0
0
0
0
0
0
0
0
0
0
0
0
0
0
0
0
0
0
0
0
0
0
0
0
0
0
0
0
0
0
0
0
0
0
0
0
0
0
0
0
0
0
0
0
0
0
0
0
0
0
0
0
0
0
0
0
0
0
0
0
0
0
0
0
0
0
0
0
0
0
0
0
0
0
0
0
0
0
0
0
0
0
0
0
0
0
0
0
0
0
0
0
0
0
0
0
0
0
0
0
0
0
0
0
0
0
0
0
0
0
0
0
0
0
0
0
0
0
0
0
0
0
0
0
0
0
0
0
0
0
0
0
0
0
0
0
0
0
0
0
0
0
0
0
0
0
0
0
0
0
0
0
0
0
0
0
0
0
0
0
0
0
0
0
0
0
0
0
0
0
0
0
0
0
0
0
0
0
0
0
0
0
0
0
0
0
0
0
0
0
0
0
0
0
0
0
0
0
0
0
0
0
0
0
0
0
0
0
0
0
0
0
0
0
0
0
0
0
0
0
0
0
0
0
0
0
0
0
0
0
0
0
0
0
0
0
0
0
0
0
0
0
0
0
0
0
0
0
0
0
0
0
0
0
0
0
0
0
0
0
0
0
0
0
0
0
0
0
0
0
0
0
0
0
0
0
0
0
0
0
0
0
0
0
0
0
0
0
0
0
0
0
0
0
0
0
0
0
0
0
0
0
0
0
0
0
0
0
0
0
0
0
0
0
0
0
0
0
0
0
0
0
0
0
0
0
0
0
0
0
0
0
0
0
0
0
0
0
0
0
0
0
0
0
0
0
0
0
0
0
0
0
0
0
0
0
0
0
0
0
0
0
0
0
0
0
0
0
0
0
0
0
0
0
0
