247 395
48 54 3
224 114 3
188 72 3
220 223 1
194 192 4
206 189 3
60 31 2
9 145 3
121 28 3
88 132 3
6 207 2
211 242 2
139 217 3
154 101 4
216 28 4
195 188 4
109 187 4
122 40 3
37 151 3
209 23 3
208 154 4
120 207 3
87 29 2
221 59 3
232 40 2
81 140 4
51 82 4
131 57 4
225 1 4
23 190 5
67 223 3
55 161 3
171 1 4
112 180 4
21 106 4
11 138 5
51 22 2
58 169 3
122 96 3
227 39 5
103 68 2
109 220 2
200 182 2
129 115 2
136 134 3
72 229 3
85 9 2
208 114 4
163 77 2
73 90 3
66 44 3
79 110 2
245 183 3
51 41 2
111 28 4
105 120 2
143 5 4
192 115 4
144 7 4
20 119 4
48 76 4
194 16 2
189 191 2
18 210 3
86 37 3
161 24 4
79 7 3
33 171 2
186 126 3
60 75 4
183 134 2
70 62 3
201 96 5
43 63 3
14 88 4
153 157 4
31 15 2
83 74 4
148 36 2
45 86 4
56 152 2
234 156 3
212 87 4
118 170 3
17 246 2
84 181 2
34 241 2
52 98 4
169 71 3
162 158 5
82 83 3
196 151 5
96 156 3
180 127 3
208 146 3
197 233 3
240 159 3
35 234 4
224 199 3
177 198 2
141 62 3
129 4 4
84 166 3
182 148 4
247 78 3
18 12 4
103 225 5
214 69 5
21 19 3
204 39 2
65 238 4
9 183 3
47 145 4
80 21 3
152 133 2
160 123 4
190 236 3
55 218 3
174 133 4
94 230 3
29 34 3
5 208 2
174 64 2
211 237 3
48 100 2
117 14 4
102 184 3
212 71 4
101 241 2
95 28 3
97 163 3
93 149 3
168 73 5
83 160 3
94 170 4
25 3 3
198 149 3
219 173 3
165 4 3
150 146 2
143 199 5
239 58 2
110 102 5
159 150 3
55 24 4
13 79 4
121 216 4
155 168 4
4 59 4
109 118 4
145 57 2
179 136 2
85 179 4
118 206 3
108 91 2
142 20 3
38 210 4
158 95 4
49 61 3
192 67 3
53 213 3
58 27 3
8 202 5
202 65 3
186 166 2
155 200 2
132 124 3
127 1 6
70 173 5
205 105 3
15 13 4
227 89 4
184 78 2
227 46 4
108 141 4
221 53 3
107 87 5
97 77 2
185 142 3
131 192 3
56 133 2
225 180 4
203 113 3
214 184 2
205 18 4
119 177 3
162 232 3
231 120 2
25 201 3
107 75 4
169 35 3
182 36 2
148 243 2
138 176 4
232 239 3
7 92 3
92 31 3
3 2 4
182 243 3
18 11 3
164 91 3
81 178 4
23 236 1
243 65 3
99 89 3
187 68 4
174 63 3
175 247 2
26 232 3
42 59 4
44 242 3
10 136 4
116 37 2
218 238 3
128 135 1
230 191 4
26 40 2
132 161 5
175 246 3
235 113 5
149 177 5
172 118 2
226 162 3
50 13 5
151 22 4
207 128 4
204 138 3
89 123 5
244 54 3
215 30 4
158 154 4
52 69 4
37 213 4
69 112 3
2 178 2
116 213 2
153 171 3
45 53 4
71 239 4
172 206 4
236 209 5
226 212 3
245 139 4
121 122 4
77 49 5
150 43 3
46 123 3
22 244 4
199 98 3
107 241 4
181 126 3
6 228 3
105 231 3
17 112 3
146 240 4
12 38 4
24 14 2
114 5 3
245 9 2
221 203 3
47 94 2
117 90 4
160 229 2
194 57 2
173 215 3
33 127 4
179 134 4
226 29 2
141 91 3
143 92 3
26 111 5
131 170 1
178 140 5
42 97 2
175 78 1
144 110 2
137 228 3
22 41 3
167 234 4
168 10 3
84 125 1
235 49 3
204 46 3
193 209 6
102 247 3
157 202 3
133 64 2
155 36 2
124 88 1
86 196 2
51 76 5
217 16 2
58 156 5
217 165 3
167 237 4
33 157 3
165 129 2
216 61 4
231 74 2
211 66 4
219 20 3
222 108 3
196 190 4
78 246 2
73 126 5
15 75 4
203 42 5
115 159 4
188 229 4
79 144 2
74 120 2
64 152 2
85 45 3
134 10 3
63 56 3
147 137 4
153 8 3
175 184 4
147 113 5
147 213 3
233 68 4
237 35 3
165 139 3
119 142 4
32 88 3
186 181 3
104 222 4
81 2 2
152 61 3
95 111 3
43 159 5
43 174 2
128 6 2
16 57 4
245 85 4
6 135 2
163 42 3
187 220 3
72 160 3
106 19 2
68 98 5
178 25 5
93 141 2
32 124 2
20 215 3
198 80 1
70 30 5
205 11 3
47 230 3
100 244 2
62 164 3
36 200 2
177 80 1
102 50 4
219 30 4
228 82 4
176 46 2
240 223 4
104 210 3
185 19 2
222 38 4
52 7 4
41 116 3
191 8 3
220 224 3
206 170 2
27 71 3
235 130 4
12 104 3
125 186 2
140 201 3
130 113 3
27 226 5
195 54 3
167 242 4
99 188 4
93 164 4
172 197 1
60 241 3
161 14 3
185 106 2
193 125 3
101 34 2
44 3 4
32 117 3
186 84 2
197 189 3
17 214 3
176 39 3
109 67 4
137 135 3
193 166 4
195 76 3
135 130 4
103 233 4
10000
0
0
0
0
0
0
0
0
0
0
0
0
0
0
0
0
0
0
1
1 58
0
0
0
0
0
0
0
0
0
0
0
0
0
0
0
0
0
0
0
0
0
0
0
0
0
0
0
0
0
1
2 170
0
0
0
0
0
0
0
0
0
0
0
0
0
0
0
0
0
0
0
0
0
0
0
0
1
3 146
0
0
0
0
1
4 2
0
0
0
0
0
0
0
0
1
5 102
0
0
0
0
0
0
0
0
0
1
6 56
0
0
0
0
0
0
1
7 145
0
0
0
0
0
0
0
0
0
0
0
0
0
0
0
0
0
0
1
8 80
0
0
0
0
0
0
0
0
0
0
0
0
1
9 123
0
0
0
0
0
0
0
0
0
0
0
0
1
10 5
0
0
0
0
0
1
11 89
0
0
0
1
12 147
0
0
0
0
0
0
1
13 200
0
0
0
0
0
1
14 97
0
0
0
1
15 39
0
0
0
0
0
1
16 53
1
17 138
1
18 157
1
19 164
1
20 56
0
0
0
0
1
21 129
0
0
0
1
22 5
0
0
1
23 201
0
0
0
0
0
0
0
0
0
0
1
24 197
0
0
0
0
0
0
0
0
0
0
0
0
1
25 28
0
1
26 53
0
0
1
27 63
0
0
0
0
0
1
28 188
0
1
29 177
1
30 217
0
0
0
1
31 190
0
1
32 67
0
0
0
1
33 32
0
0
1
34 55
1
35 135
0
0
0
1
36 175
0
1
37 16
1
38 7
0
0
0
0
0
0
1
39 168
0
1
40 82
0
1
41 76
0
1
42 166
0
1
43 62
1
44 116
1
45 59
1
46 139
1
47 6
0
0
0
0
0
0
1
48 64
1
49 171
0
0
1
50 7
0
0
0
1
51 31
1
52 150
0
0
1
53 193
0
1
54 92
1
55 50
0
1
56 66
1
57 240
0
0
0
1
58 103
1
59 10
0
1
60 74
0
0
0
1
61 8
1
62 29
0
0
0
0
1
63 150
0
0
0
0
0
1
64 66
0
1
65 27
1
66 200
0
1
67 147
1
68 105
0
0
0
0
0
1
69 64
1
70 82
0
0
1
71 78
0
1
72 16
1
73 28
0
0
0
0
1
74 51
1
75 94
0
0
1
76 109
1
77 25
0
0
0
0
0
1
78 137
0
1
79 156
0
0
0
0
0
1
80 222
1
81 165
1
82 114
1
83 94
0
1
84 35
1
85 32
1
86 77
0
1
87 100
0
1
88 63
1
89 4
1
90 129
0
1
91 209
1
92 106
1
93 84
0
1
94 67
0
0
0
0
0
0
1
95 141
0
0
1
96 213
0
0
0
0
0
1
97 159
1
98 32
0
0
0
0
0
0
0
1
99 57
1
100 226
0
0
0
0
0
0
0
1
101 105
1
102 131
0
0
1
103 15
0
1
104 95
0
0
1
105 120
1
106 219
0
1
107 211
0
1
108 38
0
1
109 29
0
0
0
1
110 173
0
0
0
1
111 157
0
0
0
0
1
112 225
1
113 95
1
114 165
0
0
0
1
115 63
1
116 208
0
1
117 69
0
0
0
1
118 157
0
0
1
119 3
1
120 85
0
1
121 102
1
122 195
1
123 89
0
0
1
124 2
1
125 162
1
126 57
0
1
127 53
1
128 54
1
129 66
0
1
130 10
1
131 64
0
0
1
132 103
0
1
133 212
0
0
0
1
134 72
1
135 102
1
136 163
1
137 52
1
138 166
0
1
139 132
0
1
140 159
0
1
141 97
1
142 63
1
143 147
1
144 166
1
145 84
1
146 51
0
1
147 222
1
148 171
1
149 235
0
0
0
1
150 48
1
151 33
1
152 36
1
153 101
1
154 190
0
0
1
155 107
1
156 114
0
0
1
157 54
0
0
0
1
158 28
1
159 122
1
160 98
0
0
1
161 195
0
0
1
162 98
0
0
0
1
163 182
1
164 149
0
0
0
1
165 133
0
1
166 30
1
167 7
0
1
168 58
1
169 119
0
1
170 89
0
1
171 79
0
1
172 198
0
0
1
173 6
0
1
174 121
0
1
175 224
0
1
176 226
1
177 151
1
178 202
0
1
179 69
0
1
180 145
1
181 199
0
0
1
182 216
1
183 224
1
184 13
1
185 223
1
186 21
1
187 22
1
188 174
0
1
189 237
1
190 239
0
1
191 157
1
192 44
1
193 62
1
194 100
1
195 51
0
1
196 135
1
197 146
0
1
198 95
0
0
1
199 23
1
200 54
1
201 30
0
0
1
202 69
0
1
203 140
1
204 61
1
205 222
0
1
206 225
0
1
207 216
1
208 179
1
209 145
0
1
210 50
0
1
211 174
0
0
1
212 34
1
213 198
1
214 12
0
1
215 139
0
1
216 242
1
217 144
1
218 231
1
219 123
1
220 216
1
221 106
0
0
1
222 50
1
223 221
0
1
224 211
1
225 99
1
226 2
0
1
227 16
1
228 103
0
1
229 162
0
0
1
230 227
1
231 176
1
232 199
1
233 164
0
1
234 235
1
235 163
0
0
1
236 187
1
237 172
0
1
238 121
1
239 8
1
240 139
1
241 129
0
1
242 130
1
243 113
1
244 246
1
245 167
1
246 136
0
0
1
247 79
1
248 4
1
249 83
1
250 193
1
251 157
1
252 82
1
253 129
1
254 68
1
255 184
1
256 231
1
257 233
1
258 36
1
259 170
0
1
260 7
1
261 205
0
1
262 228
1
263 185
1
264 15
1
265 177
1
266 232
1
267 230
0
1
268 106
1
269 87
1
270 230
0
1
271 231
0
0
1
272 58
1
273 56
1
274 111
0
0
1
275 208
1
276 104
1
277 171
1
278 169
1
279 212
1
280 135
1
281 76
0
0
0
1
282 197
1
283 11
1
284 174
1
285 129
0
1
286 56
1
287 191
1
288 77
1
289 56
0
1
290 21
1
291 163
1
292 242
1
293 121
0
1
294 242
1
295 87
1
296 188
1
297 137
1
298 72
1
299 84
1
300 173
1
301 69
1
302 161
0
1
303 68
1
304 50
0
1
305 20
1
306 152
1
307 127
1
308 107
1
309 244
0
1
310 232
0
1
311 230
0
1
312 96
1
313 214
1
314 237
1
315 167
1
316 167
0
1
317 69
0
1
318 158
0
1
319 83
1
320 23
1
321 119
1
322 229
1
323 243
1
324 141
1
325 223
1
326 193
1
327 66
1
328 96
0
1
329 163
1
330 240
1
331 128
0
1
332 163
1
333 218
1
334 45
1
335 58
1
336 37
1
337 31
1
338 184
1
339 49
1
340 220
1
341 64
1
342 131
1
343 93
1
344 236
1
345 219
1
346 82
0
1
347 103
1
348 189
1
349 166
1
350 40
1
351 66
1
352 41
1
353 54
1
354 202
1
355 119
1
356 141
1
357 154
1
358 85
1
359 232
1
360 92
1
361 29
1
362 190
0
1
363 11
1
364 56
1
365 92
1
366 152
1
367 145
1
368 191
1
369 247
1
370 104
1
371 170
1
372 243
1
373 8
1
374 44
1
375 13
1
376 150
1
377 146
1
378 115
1
379 154
1
380 43
1
381 46
1
382 72
1
383 55
1
384 146
1
385 133
1
386 206
1
387 90
1
388 106
1
389 16
0
1
390 13
1
391 7
1
392 37
0
1
393 60
1
394 79
1
395 6
1
396 133
0
1
397 170
1
398 102
1
399 48
1
400 142
1
401 242
1
402 116
1
403 234
1
404 32
1
405 135
1
406 216
1
407 214
0
1
408 226
1
409 213
1
410 112
1
411 115
1
412 200
1
413 129
1
414 73
1
415 48
1
416 114
1
417 80
1
418 157
0
1
419 84
0
1
420 4
1
421 44
1
422 175
1
423 235
1
424 28
1
425 104
1
426 227
0
0
1
427 18
1
428 42
1
429 104
1
430 36
1
431 192
1
432 54
1
433 44
1
434 219
1
435 214
1
436 149
1
437 200
1
438 91
1
439 145
1
440 215
1
441 204
1
442 63
1
443 90
1
444 225
1
445 101
1
446 201
1
447 23
1
448 107
1
449 163
0
1
450 97
0
1
451 114
1
452 114
1
453 155
1
454 55
1
455 95
1
456 195
1
457 83
1
458 25
1
459 196
1
460 43
1
461 234
1
462 119
1
463 115
1
464 143
1
465 66
1
466 235
1
467 220
1
468 182
1
469 230
1
470 144
1
471 29
1
472 225
1
473 220
1
474 69
1
475 2
1
476 121
1
477 117
1
478 238
1
479 233
1
480 121
1
481 162
1
482 189
1
483 123
1
484 229
1
485 223
1
486 147
1
487 193
1
488 55
1
489 72
1
490 209
1
491 218
1
492 167
1
493 236
1
494 17
1
495 105
1
496 102
1
497 50
1
498 86
1
499 237
1
500 168
1
501 187
1
502 66
1
503 63
1
504 157
1
505 170
1
506 12
1
507 43
1
508 174
1
509 82
1
510 211
1
511 156
1
512 58
1
513 149
1
514 10
1
515 189
1
516 20
1
517 165
1
518 140
1
519 3
1
520 232
1
521 101
1
522 247
1
523 110
1
524 56
1
525 98
1
526 163
1
527 113
1
528 63
1
529 90
1
530 133
1
531 220
1
532 162
1
533 74
1
534 185
1
535 70
1
536 171
1
537 186
1
538 246
1
539 86
1
540 4
1
541 114
1
542 80
1
543 133
1
544 72
1
545 179
1
546 235
1
547 192
1
548 100
1
549 107
1
550 118
1
551 25
1
552 95
1
553 57
1
554 121
1
555 134
1
556 213
1
557 97
1
558 121
1
559 76
1
560 162
1
561 133
1
562 133
1
563 26
1
564 236
1
565 53
1
566 42
1
567 43
1
568 150
1
569 227
1
570 32
1
571 26
1
572 22
1
573 202
1
574 148
0
1
575 41
1
576 151
1
577 82
1
578 54
1
579 94
1
580 122
1
581 215
1
582 5
1
583 200
1
584 63
1
585 130
1
586 135
1
587 217
1
588 3
1
589 242
1
590 129
1
591 72
1
592 49
1
593 42
1
594 67
1
595 246
1
596 205
1
597 174
1
598 35
1
599 237
1
600 22
1
601 156
1
602 97
1
603 10
1
604 206
1
605 41
1
606 235
1
607 174
1
608 179
1
609 109
1
610 85
1
611 227
1
612 59
1
613 154
1
614 114
1
615 27
1
616 55
1
617 18
1
618 155
1
619 106
1
620 121
1
621 170
1
622 85
1
623 23
1
624 152
1
625 98
1
626 150
1
627 119
1
628 135
1
629 208
1
630 38
1
631 172
1
632 42
0
1
633 241
1
634 162
1
635 190
1
636 27
1
637 199
1
638 124
1
639 205
1
640 41
1
641 121
1
642 71
1
643 232
1
644 152
1
645 19
1
646 111
1
647 121
1
648 143
1
649 130
1
650 32
1
651 136
1
652 36
1
653 158
1
654 80
1
655 164
1
656 200
1
657 26
1
658 59
1
659 122
1
660 138
1
661 112
1
662 5
1
663 174
1
664 43
1
665 130
1
666 203
1
667 148
0
1
668 151
1
669 198
1
670 84
1
671 148
1
672 185
1
673 73
1
674 50
1
675 28
1
676 44
1
677 168
1
678 65
1
679 180
1
680 101
1
681 84
1
682 88
1
683 70
1
684 216
1
685 129
1
686 233
1
687 145
1
688 154
1
689 215
1
690 130
1
691 81
1
692 115
1
693 241
1
694 209
1
695 42
1
696 160
1
697 20
1
698 140
1
699 9
1
700 93
1
701 105
1
702 49
1
703 189
1
704 19
1
705 42
1
706 138
1
707 19
1
708 53
1
709 165
1
710 212
0
1
711 43
1
712 59
1
713 238
1
714 219
1
715 56
1
716 118
1
717 208
1
718 208
1
719 142
1
720 144
1
721 235
1
722 181
1
723 152
1
724 21
1
725 234
1
726 100
1
727 206
1
728 77
1
729 162
1
730 4
1
731 66
1
732 241
1
733 125
1
734 235
1
735 41
1
736 120
1
737 6
1
738 50
1
739 11
1
740 7
1
741 200
1
742 175
1
743 168
1
744 221
1
745 154
1
746 61
1
747 116
1
748 244
1
749 110
1
750 123
0
1
751 191
1
752 21
1
753 232
1
754 54
1
755 171
1
756 161
1
757 28
1
758 42
1
759 131
1
760 137
1
761 217
1
762 187
1
763 61
1
764 131
1
765 15
1
766 19
1
767 246
0
1
768 73
1
769 48
1
770 245
1
771 198
1
772 178
0
1
773 73
1
774 115
1
775 50
1
776 191
1
777 190
1
778 218
1
779 13
1
780 9
1
781 214
1
782 124
1
783 48
1
784 13
1
785 162
1
786 105
1
787 207
1
788 121
1
789 34
1
790 233
1
791 46
1
792 10
1
793 155
1
794 139
1
795 76
1
796 4
1
797 68
1
798 144
0
1
799 206
1
800 95
0
1
801 71
1
802 201
1
803 150
1
804 56
1
805 53
1
806 11
1
807 238
1
808 39
1
809 225
1
810 165
1
811 201
1
812 17
1
813 128
1
814 233
1
815 230
1
816 52
1
817 197
1
818 233
1
819 197
1
820 121
1
821 5
1
822 205
1
823 4
1
824 9
1
825 168
1
826 148
1
827 243
1
828 61
1
829 7
1
830 184
1
831 147
0
1
832 152
1
833 104
1
834 97
1
835 156
1
836 7
1
837 154
1
838 54
1
839 188
1
840 9
1
841 37
0
1
842 182
1
843 184
1
844 151
1
845 118
1
846 3
1
847 152
1
848 74
1
849 147
1
850 203
1
851 40
1
852 83
1
853 2
1
854 63
1
855 32
1
856 113
0
1
857 125
1
858 172
1
859 162
1
860 124
1
861 48
1
862 232
1
863 45
1
864 101
1
865 203
1
866 107
1
867 40
1
868 54
1
869 3
1
870 165
1
871 158
1
872 18
1
873 216
1
874 106
1
875 110
1
876 150
1
877 184
1
878 202
1
879 102
1
880 137
1
881 163
1
882 123
1
883 2
1
884 220
1
885 105
1
886 228
1
887 72
1
888 102
1
889 183
1
890 158
1
891 162
1
892 86
1
893 232
0
1
894 60
0
1
895 121
1
896 178
1
897 129
1
898 182
1
899 63
1
900 100
1
901 3
1
902 7
1
903 172
1
904 83
1
905 56
1
906 158
1
907 63
1
908 43
1
909 100
1
910 4
1
911 24
0
1
912 142
1
913 163
0
1
914 2
1
915 63
1
916 215
1
917 7
1
918 150
0
1
919 150
1
920 141
1
921 215
0
1
922 138
1
923 171
1
924 158
1
925 112
1
926 39
1
927 9
1
928 14
1
929 171
1
930 23
1
931 42
1
932 133
1
933 125
1
934 144
1
935 45
1
936 36
1
937 58
1
938 63
1
939 120
1
940 173
1
941 19
0
0
1
942 27
1
943 22
1
944 71
1
945 200
1
946 228
1
947 242
1
948 164
1
949 76
1
950 97
1
951 40
1
952 34
0
1
953 231
0
1
954 56
1
955 66
1
956 194
1
957 75
1
958 43
1
959 239
1
960 195
1
961 235
1
962 96
1
963 167
1
964 47
1
965 114
1
966 125
1
967 242
1
968 216
1
969 176
1
970 128
1
971 3
1
972 55
1
973 198
1
974 241
1
975 223
0
0
1
976 16
1
977 163
1
978 93
1
979 166
1
980 236
1
981 18
1
982 61
1
983 239
1
984 7
1
985 159
1
986 226
1
987 97
1
988 38
1
989 140
1
990 132
1
991 157
1
992 225
1
993 147
1
994 217
1
995 216
1
996 162
1
997 208
1
998 101
1
999 221
1
1000 55
1
1001 91
1
1002 15
1
1003 86
1
1004 76
1
1005 26
1
1006 91
1
1007 125
1
1008 124
1
1009 62
1
1010 106
1
1011 121
1
1012 216
1
1013 95
1
1014 45
1
1015 10
1
1016 103
1
1017 175
1
1018 63
1
1019 180
1
1020 73
1
1021 29
1
1022 80
1
1023 181
1
1024 12
1
1025 229
1
1026 85
1
1027 13
1
1028 178
1
1029 153
0
1
1030 131
1
1031 225
1
1032 129
1
1033 73
1
1034 152
1
1035 133
1
1036 127
1
1037 121
1
1038 196
1
1039 148
1
1040 74
0
1
1041 216
1
1042 214
1
1043 51
1
1044 9
1
1045 109
1
1046 110
1
1047 180
1
1048 192
1
1049 166
1
1050 28
1
1051 115
1
1052 235
1
1053 57
1
1054 224
1
1055 21
1
1056 214
1
1057 79
1
1058 182
1
1059 112
1
1060 154
1
1061 134
1
1062 216
1
1063 23
0
1
1064 50
1
1065 189
1
1066 165
1
1067 228
1
1068 193
1
1069 173
0
1
1070 161
1
1071 20
0
1
1072 127
1
1073 128
1
1074 156
1
1075 4
0
1
1076 51
1
1077 245
1
1078 122
1
1079 134
1
1080 50
1
1081 118
1
1082 129
1
1083 116
1
1084 195
1
1085 216
1
1086 83
0
0
1
1087 143
1
1088 65
1
1089 112
1
1090 239
1
1091 245
1
1092 102
1
1093 160
1
1094 62
1
1095 179
1
1096 79
1
1097 56
1
1098 50
1
1099 105
1
1100 133
1
1101 17
0
1
1102 247
1
1103 90
0
1
1104 103
1
1105 30
1
1106 214
1
1107 241
1
1108 164
1
1109 120
1
1110 162
1
1111 245
1
1112 49
1
1113 194
1
1114 127
1
1115 38
1
1116 235
1
1117 60
1
1118 10
1
1119 70
1
1120 60
1
1121 8
1
1122 32
1
1123 6
1
1124 151
1
1125 111
1
1126 107
1
1127 159
1
1128 196
1
1129 97
1
1130 108
1
1131 228
1
1132 198
1
1133 56
1
1134 115
0
1
1135 215
1
1136 58
1
1137 34
1
1138 196
1
1139 172
1
1140 4
1
1141 112
1
1142 13
1
1143 112
1
1144 95
1
1145 182
1
1146 111
0
1
1147 84
1
1148 158
1
1149 165
0
1
1150 212
1
1151 43
1
1152 105
0
1
1153 57
1
1154 39
1
1155 85
1
1156 116
1
1157 49
1
1158 134
1
1159 216
1
1160 174
1
1161 64
1
1162 39
1
1163 223
0
1
1164 9
1
1165 5
0
1
1166 35
1
1167 165
1
1168 194
1
1169 173
1
1170 7
1
1171 131
1
1172 93
0
1
1173 232
1
1174 221
1
1175 159
1
1176 5
1
1177 160
1
1178 45
1
1179 165
1
1180 95
1
1181 14
0
1
1182 65
1
1183 71
1
1184 51
1
1185 155
1
1186 30
1
1187 176
1
1188 179
1
1189 151
1
1190 234
1
1191 115
1
1192 135
1
1193 66
1
1194 25
1
1195 128
1
1196 88
1
1197 187
1
1198 7
1
1199 143
1
1200 111
1
1201 33
1
1202 33
1
1203 228
1
1204 178
1
1205 44
1
1206 23
1
1207 167
0
1
1208 92
0
1
1209 61
1
1210 19
1
1211 80
1
1212 123
1
1213 150
1
1214 3
1
1215 174
1
1216 122
0
1
1217 153
1
1218 149
1
1219 54
0
1
1220 120
0
1
1221 169
1
1222 28
1
1223 12
1
1224 71
1
1225 103
1
1226 147
1
1227 196
1
1228 36
1
1229 157
1
1230 57
1
1231 172
1
1232 88
1
1233 23
1
1234 30
1
1235 240
1
1236 166
1
1237 211
1
1238 130
1
1239 219
1
1240 245
1
1241 121
1
1242 241
1
1243 36
1
1244 72
1
1245 47
1
1246 195
1
1247 197
1
1248 204
1
1249 192
0
1
1250 15
1
1251 84
1
1252 199
1
1253 177
1
1254 221
1
1255 72
1
1256 153
1
1257 180
1
1258 189
1
1259 241
1
1260 37
1
1261 186
1
1262 156
1
1263 179
1
1264 29
1
1265 64
1
1266 238
1
1267 6
1
1268 129
1
1269 167
1
1270 48
1
1271 77
1
1272 211
1
1273 193
0
0
1
1274 161
1
1275 87
1
1276 127
1
1277 84
1
1278 124
1
1279 208
0
1
1280 52
1
1281 98
1
1282 190
1
1283 151
1
1284 218
1
1285 74
1
1286 178
1
1287 216
1
1288 149
1
1289 165
1
1290 9
1
1291 225
1
1292 28
1
1293 130
1
1294 76
0
1
1295 163
1
1296 147
0
1
1297 103
1
1298 90
1
1299 195
1
1300 129
1
1301 229
1
1302 168
1
1303 52
1
1304 195
1
1305 23
1
1306 147
1
1307 31
1
1308 54
1
1309 160
1
1310 166
1
1311 92
1
1312 133
1
1313 138
1
1314 131
1
1315 149
1
1316 236
1
1317 218
0
1
1318 115
1
1319 152
1
1320 79
1
1321 118
0
1
1322 180
1
1323 34
1
1324 118
1
1325 56
1
1326 182
1
1327 209
1
1328 11
1
1329 150
1
1330 47
1
1331 82
1
1332 95
1
1333 17
1
1334 47
1
1335 41
1
1336 197
1
1337 144
1
1338 32
0
1
1339 63
1
1340 216
1
1341 107
1
1342 122
0
1
1343 46
1
1344 81
1
1345 78
1
1346 100
1
1347 28
1
1348 122
1
1349 16
1
1350 148
1
1351 97
1
1352 67
1
1353 26
1
1354 74
1
1355 63
1
1356 138
1
1357 212
0
1
1358 181
1
1359 170
1
1360 141
1
1361 231
1
1362 202
1
1363 190
1
1364 131
1
1365 56
1
1366 17
1
1367 7
1
1368 9
1
1369 148
0
1
1370 27
1
1371 68
1
1372 206
1
1373 105
1
1374 51
1
1375 20
1
1376 231
1
1377 30
1
1378 233
1
1379 61
1
1380 150
1
1381 55
1
1382 213
1
1383 89
1
1384 219
1
1385 174
1
1386 153
1
1387 71
1
1388 52
1
1389 234
1
1390 68
1
1391 17
1
1392 167
0
0
1
1393 21
1
1394 40
1
1395 130
1
1396 86
1
1397 60
0
1
1398 177
1
1399 118
1
1400 174
1
1401 228
1
1402 199
1
1403 235
1
1404 225
1
1405 193
1
1406 165
1
1407 146
1
1408 242
1
1409 21
1
1410 116
1
1411 142
1
1412 101
1
1413 169
1
1414 10
1
1415 121
1
1416 2
1
1417 221
1
1418 200
0
1
1419 28
1
1420 233
1
1421 162
1
1422 70
0
1
1423 216
1
1424 75
1
1425 188
1
1426 194
1
1427 229
1
1428 100
1
1429 244
1
1430 216
1
1431 92
1
1432 46
1
1433 220
1
1434 233
1
1435 104
1
1436 36
1
1437 219
0
1
1438 232
0
1
1439 215
1
1440 230
1
1441 122
1
1442 4
1
1443 191
1
1444 179
0
1
1445 21
1
1446 38
1
1447 222
0
1
1448 247
1
1449 43
1
1450 175
1
1451 63
1
1452 215
1
1453 121
0
1
1454 186
0
1
1455 193
1
1456 26
1
1457 39
1
1458 152
1
1459 237
0
1
1460 164
1
1461 214
1
1462 196
1
1463 125
1
1464 145
0
1
1465 159
1
1466 234
1
1467 4
1
1468 12
1
1469 18
1
1470 91
0
1
1471 47
1
1472 124
1
1473 97
1
1474 201
1
1475 114
0
1
1476 59
1
1477 115
1
1478 15
1
1479 244
1
1480 228
1
1481 67
1
1482 78
1
1483 132
1
1484 169
1
1485 155
1
1486 82
1
1487 178
1
1488 121
1
1489 164
1
1490 163
1
1491 3
1
1492 246
1
1493 79
1
1494 99
1
1495 154
1
1496 244
1
1497 188
1
1498 52
1
1499 24
1
1500 216
0
1
1501 150
1
1502 185
1
1503 247
1
1504 199
1
1505 226
1
1506 51
1
1507 187
1
1508 82
0
1
1509 39
1
1510 116
1
1511 245
0
1
1512 132
1
1513 187
0
1
1514 57
0
1
1515 134
1
1516 75
1
1517 129
1
1518 102
1
1519 156
1
1520 65
1
1521 177
1
1522 70
1
1523 163
0
1
1524 119
1
1525 115
1
1526 95
1
1527 216
1
1528 166
1
1529 95
0
1
1530 244
1
1531 190
1
1532 82
1
1533 173
1
1534 118
1
1535 56
1
1536 64
1
1537 80
0
1
1538 206
1
1539 188
1
1540 12
1
1541 4
0
0
1
1542 47
1
1543 165
0
1
1544 179
0
1
1545 154
1
1546 43
1
1547 164
1
1548 197
1
1549 161
1
1550 126
1
1551 216
1
1552 12
1
1553 167
1
1554 162
1
1555 63
1
1556 90
0
1
1557 41
1
1558 167
1
1559 165
1
1560 228
0
0
1
1561 211
1
1562 207
1
1563 12
1
1564 204
1
1565 10
1
1566 20
1
1567 83
1
1568 80
0
0
1
1569 35
1
1570 57
1
1571 84
1
1572 14
1
1573 239
1
1574 198
1
1575 174
1
1576 47
1
1577 28
1
1578 72
1
1579 4
1
1580 180
0
1
1581 95
1
1582 150
1
1583 100
1
1584 73
1
1585 105
1
1586 199
1
1587 218
0
0
1
1588 133
1
1589 159
1
1590 208
1
1591 215
1
1592 204
1
1593 214
1
1594 237
1
1595 109
1
1596 82
1
1597 158
1
1598 108
1
1599 3
1
1600 64
1
1601 138
1
1602 43
0
1
1603 90
1
1604 64
1
1605 138
1
1606 182
1
1607 184
0
1
1608 163
1
1609 246
1
1610 132
1
1611 219
1
1612 32
1
1613 194
1
1614 211
1
1615 148
1
1616 58
1
1617 21
1
1618 103
1
1619 239
1
1620 222
1
1621 109
1
1622 57
1
1623 115
1
1624 215
1
1625 12
1
1626 27
0
1
1627 52
1
1628 46
0
1
1629 34
1
1630 66
1
1631 76
1
1632 190
1
1633 4
1
1634 14
0
1
1635 187
1
1636 52
1
1637 133
1
1638 91
1
1639 168
1
1640 246
1
1641 183
1
1642 113
1
1643 13
1
1644 60
1
1645 80
1
1646 88
1
1647 151
0
1
1648 163
1
1649 14
1
1650 58
1
1651 77
1
1652 230
1
1653 15
1
1654 4
1
1655 133
1
1656 195
1
1657 240
1
1658 9
1
1659 76
1
1660 208
0
1
1661 196
0
1
1662 245
0
1
1663 114
1
1664 53
1
1665 244
1
1666 70
1
1667 122
1
1668 114
1
1669 86
0
1
1670 224
1
1671 82
1
1672 161
1
1673 163
1
1674 205
1
1675 25
1
1676 87
1
1677 35
1
1678 56
1
1679 57
1
1680 38
1
1681 2
1
1682 205
1
1683 84
0
1
1684 67
1
1685 102
1
1686 147
1
1687 121
1
1688 157
1
1689 125
1
1690 238
1
1691 42
1
1692 171
1
1693 7
1
1694 22
0
0
1
1695 28
1
1696 22
0
1
1697 77
1
1698 4
1
1699 140
1
1700 140
1
1701 133
0
1
1702 242
1
1703 4
1
1704 184
1
1705 202
1
1706 96
1
1707 121
1
1708 130
1
1709 127
1
1710 131
1
1711 217
1
1712 223
1
1713 14
1
1714 149
1
1715 145
1
1716 168
1
1717 71
1
1718 17
1
1719 214
1
1720 166
1
1721 121
1
1722 236
1
1723 147
1
1724 207
1
1725 146
1
1726 153
1
1727 40
1
1728 83
1
1729 103
1
1730 242
1
1731 158
0
1
1732 21
1
1733 38
1
1734 161
1
1735 239
1
1736 170
1
1737 207
1
1738 213
1
1739 171
1
1740 114
1
1741 140
1
1742 41
1
1743 23
1
1744 162
1
1745 75
1
1746 221
1
1747 220
1
1748 5
1
1749 169
1
1750 179
1
1751 30
1
1752 38
1
1753 94
1
1754 180
1
1755 231
0
1
1756 152
1
1757 161
1
1758 26
1
1759 64
1
1760 158
1
1761 49
1
1762 34
1
1763 210
1
1764 196
1
1765 32
0
1
1766 140
1
1767 150
1
1768 28
1
1769 35
1
1770 242
1
1771 174
1
1772 72
1
1773 61
1
1774 186
1
1775 61
1
1776 172
1
1777 182
1
1778 79
1
1779 197
1
1780 147
1
1781 148
1
1782 127
1
1783 237
1
1784 61
1
1785 60
1
1786 35
1
1787 162
1
1788 140
1
1789 45
1
1790 120
1
1791 9
1
1792 77
1
1793 234
0
0
1
1794 46
0
1
1795 146
1
1796 114
1
1797 21
1
1798 192
1
1799 150
1
1800 97
1
1801 112
1
1802 160
0
0
1
1803 161
1
1804 186
1
1805 29
1
1806 25
1
1807 91
1
1808 238
1
1809 87
1
1810 203
0
1
1811 10
1
1812 245
1
1813 168
0
1
1814 241
0
1
1815 172
1
1816 129
1
1817 76
1
1818 123
0
1
1819 70
1
1820 128
1
1821 208
1
1822 136
1
1823 124
1
1824 87
1
1825 177
1
1826 54
1
1827 22
1
1828 223
1
1829 118
1
1830 109
1
1831 46
1
1832 28
1
1833 193
1
1834 225
0
0
1
1835 185
1
1836 154
1
1837 95
1
1838 17
0
1
1839 24
1
1840 79
1
1841 216
0
1
1842 86
1
1843 82
1
1844 169
1
1845 184
1
1846 133
1
1847 133
1
1848 113
1
1849 191
1
1850 156
1
1851 177
1
1852 207
0
1
1853 197
0
0
1
1854 172
1
1855 25
1
1856 154
1
1857 210
1
1858 6
1
1859 139
1
1860 223
1
1861 20
1
1862 73
1
1863 70
1
1864 149
1
1865 65
1
1866 107
1
1867 210
1
1868 243
0
0
1
1869 235
1
1870 94
1
1871 171
1
1872 161
1
1873 83
1
1874 51
0
1
1875 168
1
1876 64
1
1877 45
1
1878 84
1
1879 125
1
1880 24
1
1881 92
1
1882 30
1
1883 52
1
1884 217
1
1885 118
1
1886 197
1
1887 70
1
1888 5
1
1889 14
1
1890 22
1
1891 167
0
1
1892 73
0
1
1893 195
1
1894 131
1
1895 131
1
1896 205
1
1897 109
1
1898 111
1
1899 50
0
1
1900 37
1
1901 80
0
1
1902 139
1
1903 23
1
1904 138
1
1905 62
0
1
1906 222
1
1907 232
1
1908 49
1
1909 42
1
1910 6
0
1
1911 216
1
1912 3
0
1
1913 64
1
1914 184
1
1915 143
1
1916 52
0
1
1917 70
1
1918 157
0
1
1919 41
1
1920 170
1
1921 34
1
1922 175
1
1923 169
1
1924 224
1
1925 42
1
1926 58
0
1
1927 166
1
1928 43
0
1
1929 148
0
1
1930 9
1
1931 65
1
1932 143
1
1933 199
1
1934 101
1
1935 67
1
1936 122
1
1937 30
1
1938 74
1
1939 206
1
1940 72
1
1941 93
1
1942 109
1
1943 186
1
1944 56
1
1945 91
1
1946 37
1
1947 131
1
1948 149
1
1949 208
1
1950 121
1
1951 129
1
1952 8
1
1953 47
1
1954 73
0
1
1955 232
1
1956 178
1
1957 3
1
1958 4
1
1959 203
1
1960 172
1
1961 15
1
1962 63
1
1963 111
0
1
1964 69
1
1965 4
1
1966 224
0
0
1
1967 205
1
1968 235
1
1969 151
1
1970 226
1
1971 242
1
1972 29
1
1973 20
1
1974 191
0
0
1
1975 185
1
1976 227
0
1
1977 134
1
1978 46
0
1
1979 103
1
1980 84
1
1981 149
1
1982 166
1
1983 119
1
1984 95
0
1
1985 56
1
1986 159
1
1987 222
0
1
1988 94
0
1
1989 120
1
1990 133
1
1991 245
1
1992 88
0
1
1993 152
0
1
1994 135
1
1995 145
1
1996 221
1
1997 46
1
1998 90
1
1999 131
1
2000 46
1
2001 129
1
2002 40
1
2003 102
1
2004 194
1
2005 164
1
2006 221
1
2007 8
1
2008 184
0
1
2009 100
1
2010 163
1
2011 107
1
2012 177
0
1
2013 235
1
2014 44
1
2015 241
0
1
2016 194
1
2017 205
1
2018 134
1
2019 4
1
2020 72
1
2021 240
1
2022 238
0
0
0
1
2023 39
1
2024 133
1
2025 223
1
2026 61
1
2027 110
1
2028 156
0
1
2029 131
1
2030 235
0
1
2031 11
1
2032 217
1
2033 53
0
1
2034 129
1
2035 53
1
2036 85
1
2037 97
1
2038 212
0
1
2039 49
1
2040 31
0
1
2041 235
1
2042 219
1
2043 54
1
2044 247
1
2045 103
1
2046 202
1
2047 156
1
2048 90
1
2049 154
1
2050 159
1
2051 49
1
2052 99
0
0
1
2053 19
0
1
2054 197
1
2055 180
1
2056 59
1
2057 99
1
2058 7
0
1
2059 71
1
2060 121
1
2061 62
1
2062 12
1
2063 210
1
2064 209
0
0
1
2065 14
1
2066 223
1
2067 76
1
2068 91
1
2069 219
1
2070 167
1
2071 207
1
2072 48
1
2073 215
1
2074 133
0
1
2075 150
1
2076 68
1
2077 61
0
0
1
2078 41
1
2079 93
1
2080 174
1
2081 49
1
2082 126
1
2083 133
0
1
2084 75
1
2085 43
0
1
2086 179
1
2087 46
0
1
2088 244
0
1
2089 101
1
2090 228
1
2091 129
0
1
2092 23
1
2093 124
1
2094 200
1
2095 234
1
2096 144
1
2097 190
1
2098 137
1
2099 125
1
2100 27
0
0
1
2101 246
1
2102 111
1
2103 132
1
2104 70
1
2105 241
0
1
2106 59
1
2107 62
0
1
2108 163
1
2109 46
1
2110 224
1
2111 240
0
1
2112 197
1
2113 90
1
2114 207
1
2115 114
0
1
2116 94
1
2117 157
1
2118 38
0
1
2119 19
1
2120 185
1
2121 208
1
2122 220
1
2123 124
1
2124 224
1
2125 95
1
2126 239
1
2127 129
0
1
2128 173
1
2129 165
1
2130 97
1
2131 233
1
2132 113
1
2133 222
1
2134 12
1
2135 207
1
2136 71
1
2137 206
1
2138 75
1
2139 109
0
1
2140 59
1
2141 207
1
2142 190
1
2143 66
0
1
2144 159
1
2145 119
1
2146 2
1
2147 84
1
2148 227
1
2149 69
1
2150 7
1
2151 25
0
0
1
2152 182
1
2153 112
1
2154 240
1
2155 153
1
2156 111
1
2157 104
1
2158 164
1
2159 166
0
1
2160 151
0
1
2161 79
1
2162 198
1
2163 129
0
1
2164 199
1
2165 131
1
2166 116
1
2167 196
1
2168 19
0
1
2169 152
1
2170 101
1
2171 7
1
2172 229
1
2173 121
1
2174 167
1
2175 212
1
2176 245
1
2177 172
1
2178 95
0
1
2179 132
1
2180 33
0
1
2181 146
1
2182 219
1
2183 139
1
2184 129
1
2185 198
1
2186 66
1
2187 38
1
2188 216
0
1
2189 150
1
2190 167
1
2191 207
1
2192 125
1
2193 204
1
2194 102
1
2195 179
1
2196 53
1
2197 53
0
1
2198 59
1
2199 106
0
0
1
2200 184
1
2201 18
1
2202 52
1
2203 63
1
2204 94
1
2205 101
1
2206 43
1
2207 122
0
1
2208 89
1
2209 227
0
1
2210 141
1
2211 127
0
1
2212 166
0
1
2213 89
1
2214 152
1
2215 131
0
0
0
0
1
2216 21
0
1
2217 20
1
2218 174
1
2219 64
1
2220 240
0
1
2221 60
1
2222 243
1
2223 107
1
2224 215
0
0
1
2225 31
1
2226 130
1
2227 201
1
2228 120
1
2229 167
1
2230 133
1
2231 244
1
2232 186
1
2233 111
1
2234 206
1
2235 167
1
2236 31
1
2237 36
0
1
2238 194
0
1
2239 114
1
2240 64
0
1
2241 109
1
2242 22
1
2243 82
0
1
2244 58
1
2245 78
0
0
1
2246 50
1
2247 11
1
2248 109
1
2249 11
1
2250 56
0
1
2251 31
1
2252 111
0
1
2253 63
0
1
2254 8
1
2255 57
1
2256 175
0
1
2257 97
1
2258 201
0
1
2259 137
1
2260 97
1
2261 99
1
2262 217
1
2263 216
1
2264 97
1
2265 136
1
2266 97
1
2267 113
0
1
2268 126
1
2269 27
1
2270 231
1
2271 226
1
2272 127
0
1
2273 163
1
2274 204
1
2275 29
1
2276 163
1
2277 97
1
2278 182
1
2279 4
1
2280 109
1
2281 112
1
2282 120
1
2283 121
0
1
2284 185
1
2285 50
1
2286 77
1
2287 148
1
2288 142
0
0
1
2289 242
1
2290 34
1
2291 121
1
2292 86
1
2293 23
1
2294 63
1
2295 182
0
1
2296 41
1
2297 4
1
2298 211
0
1
2299 235
1
2300 103
1
2301 84
1
2302 92
1
2303 163
1
2304 121
0
1
2305 20
1
2306 93
1
2307 132
1
2308 72
1
2309 212
0
1
2310 24
1
2311 189
1
2312 109
1
2313 169
1
2314 149
1
2315 17
1
2316 76
1
2317 26
0
1
2318 123
1
2319 149
1
2320 23
1
2321 227
1
2322 146
1
2323 175
1
2324 189
1
2325 21
1
2326 234
1
2327 93
1
2328 196
1
2329 110
0
1
2330 134
1
2331 27
1
2332 198
1
2333 187
1
2334 219
1
2335 171
1
2336 186
0
1
2337 163
1
2338 83
1
2339 174
1
2340 14
1
2341 130
0
1
2342 73
1
2343 243
1
2344 168
1
2345 4
1
2346 46
0
0
1
2347 151
1
2348 150
0
0
0
1
2349 64
0
1
2350 115
1
2351 70
0
1
2352 223
1
2353 159
0
1
2354 197
1
2355 139
1
2356 119
1
2357 86
1
2358 76
0
1
2359 172
1
2360 30
1
2361 224
1
2362 24
0
1
2363 152
0
1
2364 20
0
0
1
2365 245
1
2366 190
1
2367 69
1
2368 242
1
2369 87
1
2370 70
1
2371 175
1
2372 116
1
2373 92
0
0
1
2374 189
1
2375 213
1
2376 19
1
2377 224
1
2378 173
0
1
2379 46
1
2380 21
1
2381 20
1
2382 218
1
2383 8
1
2384 197
1
2385 225
1
2386 231
1
2387 86
1
2388 65
1
2389 197
1
2390 247
1
2391 9
1
2392 114
0
1
2393 97
1
2394 108
1
2395 100
1
2396 191
1
2397 24
1
2398 149
0
1
2399 216
0
0
0
1
2400 111
1
2401 47
1
2402 146
1
2403 121
0
1
2404 40
1
2405 33
1
2406 33
0
1
2407 23
1
2408 29
1
2409 51
1
2410 182
0
1
2411 223
0
0
1
2412 141
0
1
2413 23
1
2414 140
1
2415 31
0
0
1
2416 182
1
2417 238
1
2418 29
1
2419 156
1
2420 94
1
2421 212
1
2422 102
1
2423 56
1
2424 152
1
2425 103
0
1
2426 68
1
2427 15
1
2428 8
0
0
0
0
0
0
1
2429 245
0
1
2430 242
0
1
2431 81
1
2432 187
1
2433 195
1
2434 153
1
2435 15
1
2436 187
1
2437 189
0
1
2438 97
1
2439 140
1
2440 220
1
2441 184
0
1
2442 247
1
2443 119
1
2444 78
0
1
2445 138
1
2446 172
1
2447 180
1
2448 10
0
0
0
1
2449 184
0
1
2450 243
1
2451 104
1
2452 85
1
2453 241
1
2454 56
1
2455 201
1
2456 12
0
0
0
1
2457 192
1
2458 30
1
2459 218
1
2460 176
0
1
2461 230
1
2462 213
1
2463 227
1
2464 86
1
2465 79
1
2466 121
1
2467 184
1
2468 29
0
1
2469 29
1
2470 120
1
2471 75
1
2472 161
0
1
2473 93
1
2474 15
1
2475 166
0
1
2476 154
1
2477 23
1
2478 196
1
2479 244
0
0
0
0
1
2480 214
1
2481 53
0
1
2482 225
1
2483 73
1
2484 153
0
1
2485 133
1
2486 226
0
1
2487 31
1
2488 63
1
2489 184
1
2490 114
1
2491 206
1
2492 46
1
2493 99
1
2494 165
1
2495 57
0
0
0
1
2496 117
1
2497 135
1
2498 43
1
2499 88
1
2500 36
0
1
2501 15
1
2502 9
1
2503 56
1
2504 93
0
1
2505 177
1
2506 43
0
0
1
2507 56
1
2508 114
0
0
1
2509 124
1
2510 196
1
2511 8
1
2512 157
1
2513 225
0
0
0
0
1
2514 64
1
2515 96
1
2516 215
0
0
1
2517 164
1
2518 66
0
0
0
1
2519 6
1
2520 161
1
2521 115
1
2522 157
1
2523 91
1
2524 113
1
2525 125
1
2526 229
1
2527 110
1
2528 78
0
1
2529 158
1
2530 12
1
2531 218
1
2532 203
1
2533 229
1
2534 218
0
1
2535 78
0
1
2536 31
1
2537 133
0
0
1
2538 7
1
2539 184
1
2540 202
1
2541 55
1
2542 177
1
2543 10
0
1
2544 200
1
2545 230
1
2546 188
1
2547 113
1
2548 106
1
2549 158
1
2550 61
1
2551 166
1
2552 186
0
0
1
2553 154
0
1
2554 23
0
1
2555 11
0
1
2556 184
1
2557 36
0
0
1
2558 67
1
2559 11
0
1
2560 225
1
2561 118
0
0
1
2562 88
0
0
1
2563 114
1
2564 25
1
2565 205
0
1
2566 110
1
2567 15
1
2568 133
1
2569 190
1
2570 212
1
2571 176
1
2572 63
1
2573 98
0
1
2574 174
0
1
2575 116
0
1
2576 163
1
2577 136
1
2578 174
1
2579 91
1
2580 191
1
2581 137
1
2582 154
0
1
2583 150
1
2584 232
0
0
1
2585 121
0
1
2586 57
0
1
2587 144
1
2588 169
0
1
2589 129
0
1
2590 184
0
1
2591 56
1
2592 70
0
1
2593 216
1
2594 87
1
2595 179
0
1
2596 103
1
2597 78
1
2598 3
1
2599 61
0
0
1
2600 58
1
2601 198
0
1
2602 200
0
1
2603 57
1
2604 86
1
2605 193
1
2606 201
1
2607 184
1
2608 65
1
2609 121
1
2610 4
0
1
2611 139
0
1
2612 27
0
1
2613 151
1
2614 141
1
2615 234
0
1
2616 197
1
2617 146
1
2618 33
1
2619 73
1
2620 56
0
1
2621 203
0
1
2622 178
0
0
1
2623 19
1
2624 91
1
2625 243
0
1
2626 87
1
2627 143
1
2628 51
0
1
2629 152
1
2630 40
1
2631 168
1
2632 4
0
1
2633 204
0
1
2634 102
1
2635 164
1
2636 81
1
2637 26
0
1
2638 57
1
2639 25
0
1
2640 87
1
2641 114
1
2642 156
0
0
1
2643 123
0
1
2644 216
0
1
2645 201
1
2646 134
1
2647 100
1
2648 141
1
2649 236
1
2650 6
1
2651 236
1
2652 165
0
0
1
2653 90
1
2654 163
1
2655 183
1
2656 95
1
2657 50
0
1
2658 54
0
0
0
0
0
1
2659 45
1
2660 22
0
1
2661 179
1
2662 92
1
2663 130
1
2664 216
1
2665 119
1
2666 48
1
2667 166
1
2668 46
1
2669 146
1
2670 34
1
2671 203
0
1
2672 245
1
2673 75
1
2674 89
1
2675 67
1
2676 187
1
2677 101
1
2678 84
1
2679 36
0
1
2680 233
1
2681 67
0
0
1
2682 73
1
2683 89
1
2684 225
1
2685 246
0
1
2686 4
1
2687 97
0
0
1
2688 210
1
2689 184
1
2690 163
0
0
0
1
2691 129
1
2692 76
1
2693 221
0
0
1
2694 138
1
2695 224
0
1
2696 7
1
2697 44
1
2698 179
1
2699 111
1
2700 59
1
2701 138
1
2702 106
1
2703 216
1
2704 80
0
0
1
2705 47
1
2706 208
0
0
1
2707 246
1
2708 197
1
2709 103
1
2710 111
0
1
2711 19
1
2712 174
1
2713 66
0
1
2714 16
0
0
1
2715 208
1
2716 129
1
2717 197
1
2718 138
1
2719 138
1
2720 14
1
2721 61
1
2722 24
0
1
2723 117
1
2724 29
1
2725 134
1
2726 79
1
2727 165
1
2728 43
0
1
2729 64
1
2730 210
0
1
2731 118
0
1
2732 182
0
1
2733 43
1
2734 34
1
2735 106
1
2736 57
1
2737 180
1
2738 163
1
2739 232
1
2740 135
0
1
2741 158
0
1
2742 97
0
0
1
2743 32
1
2744 94
0
1
2745 154
0
0
1
2746 2
1
2747 72
1
2748 114
1
2749 104
1
2750 38
1
2751 32
1
2752 94
1
2753 194
1
2754 17
1
2755 212
1
2756 197
1
2757 191
1
2758 106
1
2759 241
0
0
0
1
2760 5
0
0
0
0
0
1
2761 241
0
1
2762 180
1
2763 82
1
2764 129
0
0
0
1
2765 60
1
2766 189
1
2767 63
0
1
2768 37
1
2769 159
1
2770 44
1
2771 244
0
0
1
2772 213
1
2773 238
0
1
2774 64
0
1
2775 54
1
2776 241
1
2777 5
1
2778 107
0
0
1
2779 25
1
2780 26
1
2781 111
0
0
1
2782 80
0
1
2783 151
0
1
2784 228
1
2785 37
1
2786 127
1
2787 81
1
2788 205
1
2789 197
1
2790 220
0
1
2791 233
1
2792 52
1
2793 173
0
1
2794 182
1
2795 56
1
2796 244
1
2797 197
0
1
2798 56
0
1
2799 24
0
1
2800 42
1
2801 62
0
0
1
2802 141
1
2803 246
0
1
2804 29
0
0
1
2805 112
1
2806 190
1
2807 168
1
2808 88
1
2809 175
1
2810 70
0
0
0
1
2811 117
1
2812 204
0
1
2813 183
1
2814 94
0
0
1
2815 228
1
2816 47
1
2817 127
1
2818 36
1
2819 154
1
2820 156
1
2821 156
1
2822 81
1
2823 213
0
1
2824 229
1
2825 188
1
2826 232
1
2827 63
1
2828 196
1
2829 43
1
2830 241
1
2831 218
1
2832 66
0
1
2833 60
1
2834 23
1
2835 92
1
2836 150
1
2837 215
0
0
1
2838 150
1
2839 232
1
2840 88
0
0
0
0
1
2841 206
1
2842 36
1
2843 104
0
1
2844 165
1
2845 152
0
1
2846 212
1
2847 3
1
2848 170
1
2849 238
1
2850 28
1
2851 179
1
2852 207
1
2853 159
1
2854 135
0
0
0
1
2855 28
1
2856 3
1
2857 234
1
2858 220
1
2859 238
1
2860 175
1
2861 63
1
2862 189
1
2863 22
0
0
1
2864 4
1
2865 19
1
2866 17
0
1
2867 142
1
2868 121
1
2869 163
0
1
2870 150
1
2871 100
1
2872 107
0
1
2873 78
1
2874 87
0
1
2875 23
0
1
2876 95
1
2877 187
0
0
0
0
0
1
2878 66
1
2879 64
1
2880 56
1
2881 175
1
2882 187
0
1
2883 151
0
1
2884 165
1
2885 9
1
2886 36
1
2887 96
1
2888 109
1
2889 86
1
2890 63
1
2891 186
1
2892 80
0
1
2893 69
1
2894 167
1
2895 112
1
2896 10
1
2897 50
0
0
0
1
2898 118
0
1
2899 167
1
2900 78
0
1
2901 224
0
1
2902 121
1
2903 213
1
2904 163
1
2905 225
0
1
2906 134
0
1
2907 163
1
2908 4
1
2909 89
0
0
1
2910 37
1
2911 68
1
2912 35
0
0
0
0
1
2913 103
0
1
2914 19
1
2915 21
1
2916 232
0
1
2917 243
1
2918 95
1
2919 211
1
2920 63
1
2921 63
0
0
0
1
2922 61
0
0
1
2923 53
1
2924 57
0
1
2925 194
0
0
0
0
1
2926 245
1
2927 133
0
0
0
1
2928 41
1
2929 209
0
1
2930 71
1
2931 225
1
2932 235
0
0
1
2933 11
1
2934 125
0
1
2935 98
0
1
2936 68
1
2937 142
1
2938 96
0
0
1
2939 12
1
2940 5
0
1
2941 100
1
2942 215
1
2943 131
0
0
1
2944 245
1
2945 75
1
2946 219
1
2947 122
0
0
1
2948 163
1
2949 194
1
2950 224
1
2951 167
0
1
2952 161
1
2953 58
1
2954 12
0
1
2955 58
1
2956 172
0
1
2957 36
0
0
1
2958 199
1
2959 216
0
1
2960 83
1
2961 75
0
0
0
1
2962 199
1
2963 219
0
1
2964 228
1
2965 28
0
1
2966 68
1
2967 39
0
1
2968 89
1
2969 118
0
1
2970 87
1
2971 56
0
1
2972 50
1
2973 38
1
2974 111
0
0
1
2975 159
0
1
2976 175
1
2977 68
1
2978 56
1
2979 201
1
2980 52
1
2981 20
1
2982 54
1
2983 115
0
0
1
2984 90
1
2985 246
0
0
1
2986 114
1
2987 223
0
1
2988 117
0
1
2989 194
1
2990 56
1
2991 97
0
1
2992 156
0
0
1
2993 23
1
2994 97
1
2995 216
0
0
1
2996 129
1
2997 142
0
1
2998 192
1
2999 8
1
3000 22
1
3001 235
1
3002 114
1
3003 182
0
0
1
3004 152
1
3005 105
1
3006 172
1
3007 164
1
3008 38
0
1
3009 89
1
3010 7
1
3011 101
1
3012 96
1
3013 151
0
0
0
1
3014 20
1
3015 14
0
0
1
3016 192
1
3017 162
1
3018 154
0
1
3019 43
1
3020 100
1
3021 158
1
3022 47
1
3023 66
0
0
0
1
3024 115
1
3025 52
1
3026 26
1
3027 231
1
3028 64
0
1
3029 234
0
0
1
3030 159
0
0
0
1
3031 137
1
3032 97
0
1
3033 235
1
3034 140
1
3035 22
1
3036 176
1
3037 128
0
0
1
3038 124
1
3039 81
0
1
3040 174
1
3041 13
0
0
0
1
3042 163
0
1
3043 154
1
3044 168
1
3045 16
0
1
3046 228
1
3047 11
1
3048 2
1
3049 36
0
0
1
3050 39
0
1
3051 154
1
3052 215
1
3053 89
1
3054 29
0
1
3055 121
1
3056 238
0
0
1
3057 66
1
3058 83
0
0
1
3059 4
1
3060 175
1
3061 29
1
3062 101
1
3063 41
0
0
1
3064 111
1
3065 195
0
1
3066 173
0
0
1
3067 77
1
3068 233
0
1
3069 129
1
3070 89
1
3071 165
1
3072 164
1
3073 8
0
1
3074 223
1
3075 35
1
3076 112
0
0
1
3077 224
0
0
1
3078 123
1
3079 115
0
0
1
3080 65
1
3081 191
1
3082 133
1
3083 124
1
3084 80
1
3085 105
0
1
3086 60
0
1
3087 125
1
3088 35
1
3089 114
0
1
3090 133
1
3091 49
0
1
3092 231
1
3093 33
1
3094 152
0
1
3095 173
0
1
3096 128
0
1
3097 157
0
0
1
3098 233
1
3099 49
0
1
3100 103
0
0
1
3101 195
1
3102 18
0
0
0
1
3103 242
1
3104 160
1
3105 46
1
3106 136
1
3107 118
1
3108 144
0
1
3109 171
0
0
0
0
0
0
1
3110 78
1
3111 225
1
3112 31
1
3113 78
0
0
1
3114 188
0
1
3115 96
1
3116 124
0
1
3117 33
0
0
1
3118 155
1
3119 142
1
3120 218
0
0
1
3121 130
1
3122 121
1
3123 32
1
3124 21
0
1
3125 206
1
3126 234
0
0
0
0
1
3127 64
0
0
1
3128 28
1
3129 3
1
3130 93
1
3131 198
1
3132 94
1
3133 4
0
0
0
1
3134 173
1
3135 16
1
3136 15
1
3137 162
0
1
3138 67
1
3139 171
1
3140 56
1
3141 128
0
0
1
3142 121
1
3143 136
0
1
3144 33
1
3145 138
1
3146 112
0
1
3147 178
1
3148 188
1
3149 35
1
3150 25
0
1
3151 113
1
3152 107
0
0
0
1
3153 124
0
0
1
3154 201
1
3155 3
1
3156 112
0
0
0
1
3157 200
0
0
0
1
3158 157
0
0
1
3159 216
1
3160 233
1
3161 125
1
3162 229
1
3163 134
0
0
1
3164 6
0
0
0
1
3165 99
1
3166 152
0
0
1
3167 109
1
3168 152
0
0
1
3169 130
0
1
3170 213
0
1
3171 57
0
1
3172 194
0
1
3173 156
0
0
0
1
3174 86
0
1
3175 130
1
3176 33
0
1
3177 235
1
3178 162
1
3179 60
1
3180 80
0
0
1
3181 244
1
3182 63
0
1
3183 46
1
3184 79
0
0
1
3185 145
1
3186 207
0
1
3187 79
0
1
3188 232
1
3189 134
1
3190 4
0
0
1
3191 25
0
1
3192 76
1
3193 129
0
1
3194 55
1
3195 173
1
3196 207
1
3197 232
0
0
1
3198 40
1
3199 141
0
0
1
3200 60
1
3201 180
0
1
3202 172
1
3203 65
0
1
3204 104
1
3205 28
0
0
0
1
3206 53
1
3207 226
1
3208 135
1
3209 97
0
0
1
3210 233
0
0
1
3211 244
1
3212 151
0
1
3213 211
0
0
0
1
3214 246
1
3215 16
0
0
0
1
3216 38
1
3217 215
1
3218 154
0
1
3219 202
1
3220 221
1
3221 57
0
1
3222 43
0
0
0
0
1
3223 110
1
3224 36
0
1
3225 88
1
3226 133
0
0
1
3227 8
0
1
3228 28
0
1
3229 157
1
3230 112
1
3231 88
1
3232 109
1
3233 63
1
3234 41
0
0
1
3235 143
0
1
3236 245
1
3237 207
0
0
1
3238 77
0
0
0
1
3239 236
1
3240 54
1
3241 48
0
1
3242 48
1
3243 4
1
3244 244
0
1
3245 139
1
3246 11
1
3247 23
0
0
0
1
3248 77
1
3249 188
1
3250 22
0
0
1
3251 33
1
3252 42
0
1
3253 127
1
3254 110
1
3255 141
0
0
1
3256 151
0
0
1
3257 154
1
3258 162
0
0
1
3259 144
1
3260 204
1
3261 51
1
3262 34
1
3263 90
1
3264 22
1
3265 199
0
1
3266 205
1
3267 247
1
3268 6
1
3269 160
0
0
1
3270 201
1
3271 69
1
3272 187
0
1
3273 42
1
3274 80
0
1
3275 244
1
3276 193
0
0
0
1
3277 54
0
1
3278 83
1
3279 69
1
3280 137
1
3281 89
0
0
1
3282 209
0
1
3283 190
0
0
0
0
0
1
3284 208
1
3285 184
1
3286 67
0
0
1
3287 201
1
3288 43
1
3289 102
0
1
3290 30
0
1
3291 90
1
3292 14
1
3293 31
1
3294 145
0
0
0
0
1
3295 95
1
3296 93
0
0
1
3297 33
0
0
1
3298 31
1
3299 152
1
3300 66
1
3301 196
0
1
3302 82
1
3303 163
1
3304 107
0
1
3305 146
0
1
3306 126
0
1
3307 205
0
1
3308 154
1
3309 70
1
3310 206
1
3311 108
0
1
3312 83
1
3313 132
1
3314 184
1
3315 121
1
3316 234
1
3317 49
1
3318 126
1
3319 81
1
3320 184
0
0
1
3321 4
1
3322 224
0
1
3323 63
0
1
3324 63
0
0
1
3325 121
0
0
1
3326 72
1
3327 233
1
3328 116
0
0
0
0
0
1
3329 153
1
3330 27
0
1
3331 239
1
3332 165
1
3333 53
0
1
3334 174
0
0
0
0
0
1
3335 245
1
3336 244
1
3337 182
1
3338 151
0
1
3339 35
0
0
0
0
0
0
0
1
3340 103
0
1
3341 89
1
3342 79
0
0
0
1
3343 49
0
1
3344 11
0
0
1
3345 55
1
3346 34
0
1
3347 221
1
3348 51
1
3349 220
0
0
0
1
3350 14
1
3351 114
1
3352 4
1
3353 143
0
0
0
0
0
1
3354 208
1
3355 59
0
0
0
1
3356 150
1
3357 146
0
0
1
3358 168
1
3359 102
1
3360 51
1
3361 176
1
3362 210
0
1
3363 146
1
3364 158
0
0
1
3365 223
0
0
1
3366 101
0
1
3367 247
1
3368 158
1
3369 30
0
0
0
1
3370 180
0
1
3371 84
0
1
3372 53
1
3373 161
1
3374 65
0
1
3375 135
1
3376 22
1
3377 78
1
3378 29
1
3379 91
0
1
3380 144
0
0
0
0
0
1
3381 95
1
3382 83
1
3383 70
1
3384 5
1
3385 205
0
1
3386 4
1
3387 163
0
1
3388 189
0
0
1
3389 210
1
3390 54
1
3391 70
1
3392 95
0
0
1
3393 209
1
3394 207
1
3395 208
1
3396 107
1
3397 180
0
0
1
3398 4
1
3399 28
1
3400 5
1
3401 243
1
3402 168
0
1
3403 230
1
3404 242
1
3405 37
0
1
3406 239
1
3407 72
0
0
1
3408 171
0
1
3409 185
1
3410 42
1
3411 148
1
3412 147
0
0
1
3413 241
1
3414 85
1
3415 58
1
3416 205
0
1
3417 167
1
3418 51
1
3419 8
1
3420 214
0
0
1
3421 230
1
3422 84
1
3423 204
1
3424 19
1
3425 166
1
3426 171
0
1
3427 176
1
3428 97
0
1
3429 43
1
3430 62
1
3431 226
1
3432 32
1
3433 84
0
1
3434 215
0
0
0
1
3435 175
1
3436 86
1
3437 19
0
0
1
3438 70
1
3439 37
1
3440 54
0
1
3441 19
1
3442 163
0
1
3443 130
0
0
1
3444 178
0
0
0
1
3445 52
1
3446 169
1
3447 152
1
3448 38
0
0
0
0
0
0
1
3449 141
1
3450 183
1
3451 83
1
3452 182
0
1
3453 116
1
3454 116
0
0
1
3455 114
0
0
0
1
3456 141
0
0
1
3457 126
1
3458 46
0
1
3459 218
1
3460 142
0
1
3461 169
1
3462 217
0
1
3463 127
0
1
3464 30
0
1
3465 213
0
0
1
3466 156
1
3467 233
0
1
3468 150
0
1
3469 91
1
3470 232
1
3471 229
1
3472 46
1
3473 75
1
3474 45
1
3475 215
1
3476 191
1
3477 223
1
3478 92
0
0
1
3479 200
1
3480 123
0
1
3481 187
1
3482 43
0
1
3483 44
0
0
0
0
1
3484 98
1
3485 104
0
1
3486 168
0
0
0
0
1
3487 194
0
1
3488 151
1
3489 10
0
1
3490 152
0
0
0
1
3491 169
0
1
3492 38
1
3493 33
0
1
3494 232
1
3495 105
1
3496 234
0
1
3497 26
0
1
3498 195
1
3499 242
1
3500 73
0
1
3501 168
0
1
3502 76
1
3503 204
0
0
1
3504 33
1
3505 222
1
3506 64
1
3507 234
1
3508 150
0
0
0
0
1
3509 184
1
3510 109
1
3511 16
1
3512 104
1
3513 102
0
0
1
3514 144
1
3515 103
0
1
3516 236
1
3517 138
0
1
3518 16
1
3519 38
1
3520 5
1
3521 234
0
1
3522 164
1
3523 97
1
3524 59
1
3525 232
0
1
3526 75
1
3527 85
1
3528 85
0
1
3529 112
1
3530 169
1
3531 144
0
0
1
3532 4
0
0
1
3533 57
0
1
3534 213
0
0
0
0
1
3535 104
1
3536 97
0
0
1
3537 10
0
0
0
0
1
3538 98
1
3539 153
0
1
3540 61
0
1
3541 48
1
3542 12
1
3543 25
0
1
3544 202
1
3545 102
1
3546 40
0
1
3547 89
0
1
3548 118
1
3549 152
0
0
0
1
3550 185
1
3551 45
0
0
1
3552 7
0
1
3553 28
1
3554 53
1
3555 170
0
1
3556 155
1
3557 53
1
3558 4
1
3559 247
1
3560 92
1
3561 132
1
3562 228
0
1
3563 43
1
3564 152
1
3565 37
1
3566 147
1
3567 108
0
0
0
0
0
0
1
3568 114
0
1
3569 21
1
3570 235
0
1
3571 233
1
3572 101
0
0
0
1
3573 31
1
3574 221
0
0
1
3575 153
0
0
1
3576 95
0
1
3577 150
0
0
0
1
3578 154
0
0
1
3579 11
1
3580 70
0
0
0
0
1
3581 21
0
1
3582 12
1
3583 218
1
3584 196
1
3585 234
1
3586 24
1
3587 168
0
1
3588 179
1
3589 118
0
0
1
3590 215
1
3591 235
0
0
0
0
0
1
3592 174
1
3593 139
0
1
3594 233
1
3595 108
1
3596 137
1
3597 225
1
3598 230
0
1
3599 179
1
3600 247
1
3601 233
1
3602 32
0
0
0
0
1
3603 18
1
3604 70
0
1
3605 181
0
1
3606 193
0
1
3607 81
1
3608 190
0
1
3609 13
1
3610 15
0
0
1
3611 204
0
1
3612 73
1
3613 128
1
3614 50
1
3615 121
0
0
1
3616 169
1
3617 200
0
1
3618 65
0
1
3619 226
1
3620 229
0
0
0
1
3621 196
0
0
0
1
3622 219
1
3623 227
1
3624 194
0
0
1
3625 53
0
1
3626 61
0
1
3627 107
1
3628 221
1
3629 150
0
0
0
0
0
1
3630 95
0
1
3631 174
0
1
3632 69
1
3633 110
1
3634 183
0
1
3635 167
0
0
1
3636 59
1
3637 13
0
1
3638 71
1
3639 29
0
1
3640 42
1
3641 36
0
1
3642 124
1
3643 144
0
1
3644 204
0
0
0
1
3645 166
1
3646 136
1
3647 26
1
3648 213
0
0
0
1
3649 171
0
1
3650 208
1
3651 163
0
1
3652 172
0
1
3653 179
0
0
0
1
3654 114
0
1
3655 172
0
1
3656 245
1
3657 182
0
1
3658 173
1
3659 201
1
3660 7
1
3661 60
1
3662 200
1
3663 170
0
0
1
3664 144
0
1
3665 97
0
0
0
0
0
1
3666 86
1
3667 45
0
1
3668 64
0
0
1
3669 193
0
0
1
3670 63
1
3671 236
0
0
0
0
1
3672 83
1
3673 49
1
3674 124
1
3675 212
1
3676 84
1
3677 69
1
3678 83
1
3679 86
1
3680 134
0
1
3681 211
0
1
3682 55
1
3683 121
0
0
0
1
3684 61
1
3685 228
0
1
3686 158
0
0
1
3687 63
0
0
1
3688 53
0
1
3689 54
0
1
3690 71
0
1
3691 73
0
1
3692 210
1
3693 125
1
3694 232
1
3695 216
1
3696 13
1
3697 215
1
3698 226
1
3699 104
1
3700 24
0
0
0
1
3701 67
0
0
1
3702 43
1
3703 244
1
3704 70
1
3705 198
0
0
1
3706 180
1
3707 145
0
1
3708 215
1
3709 141
0
1
3710 22
1
3711 181
1
3712 69
1
3713 135
0
0
1
3714 59
0
0
0
0
1
3715 85
0
1
3716 48
1
3717 216
1
3718 36
1
3719 104
1
3720 17
0
0
0
0
1
3721 4
1
3722 104
0
1
3723 128
1
3724 137
1
3725 146
0
1
3726 244
1
3727 55
0
1
3728 246
1
3729 12
1
3730 44
1
3731 148
1
3732 187
0
0
1
3733 167
0
1
3734 210
1
3735 157
1
3736 157
0
0
0
0
1
3737 79
1
3738 124
1
3739 33
0
0
0
0
1
3740 42
0
0
1
3741 149
0
1
3742 141
0
0
0
0
0
1
3743 214
0
0
0
0
0
1
3744 150
0
1
3745 83
0
0
1
3746 220
0
1
3747 163
1
3748 32
1
3749 19
0
1
3750 211
1
3751 155
1
3752 213
1
3753 36
0
1
3754 131
0
0
0
1
3755 5
0
1
3756 222
0
1
3757 113
1
3758 62
1
3759 84
1
3760 13
0
0
0
1
3761 165
1
3762 169
1
3763 13
0
0
0
1
3764 104
0
0
1
3765 153
0
0
1
3766 64
0
0
0
1
3767 237
1
3768 201
0
1
3769 75
1
3770 72
1
3771 202
1
3772 50
1
3773 75
1
3774 179
1
3775 31
0
1
3776 185
1
3777 148
0
0
1
3778 129
0
0
1
3779 240
0
0
1
3780 140
0
0
1
3781 192
1
3782 158
1
3783 112
0
0
0
0
1
3784 166
1
3785 211
1
3786 136
1
3787 230
0
1
3788 44
0
0
0
0
1
3789 99
0
0
1
3790 232
1
3791 239
0
0
1
3792 31
0
0
0
0
1
3793 60
0
1
3794 67
1
3795 232
0
0
0
1
3796 74
0
0
1
3797 208
1
3798 54
0
1
3799 131
1
3800 66
0
1
3801 22
0
1
3802 46
1
3803 217
0
1
3804 185
1
3805 129
0
0
0
1
3806 225
1
3807 61
1
3808 86
1
3809 114
1
3810 109
1
3811 39
1
3812 95
0
0
0
1
3813 28
0
0
0
0
0
1
3814 211
0
0
0
0
1
3815 104
0
1
3816 231
0
1
3817 27
1
3818 15
1
3819 108
0
0
0
1
3820 79
0
0
1
3821 157
1
3822 182
0
0
0
0
0
0
0
0
1
3823 97
0
1
3824 29
0
0
0
0
0
0
1
3825 193
1
3826 43
1
3827 191
1
3828 245
0
1
3829 58
0
0
0
0
0
0
0
1
3830 23
1
3831 123
0
0
0
0
1
3832 207
0
1
3833 244
0
1
3834 245
0
1
3835 213
1
3836 139
1
3837 81
0
1
3838 48
0
1
3839 18
1
3840 119
1
3841 126
1
3842 22
0
1
3843 61
0
0
0
0
0
1
3844 21
0
1
3845 22
1
3846 74
1
3847 92
1
3848 216
1
3849 229
0
1
3850 139
0
1
3851 24
0
1
3852 61
0
1
3853 117
0
0
1
3854 136
0
0
1
3855 174
0
0
0
1
3856 12
1
3857 186
0
1
3858 186
0
0
0
0
1
3859 112
0
1
3860 157
0
0
1
3861 61
0
1
3862 28
1
3863 124
1
3864 30
1
3865 115
0
0
1
3866 4
0
0
1
3867 3
0
0
0
0
1
3868 171
0
0
1
3869 141
0
0
1
3870 207
0
0
1
3871 187
0
1
3872 20
1
3873 153
0
0
0
0
1
3874 247
0
0
0
1
3875 77
0
1
3876 193
0
0
1
3877 38
0
0
0
0
0
1
3878 105
0
0
1
3879 199
0
0
1
3880 56
0
0
1
3881 33
0
1
3882 246
0
0
0
1
3883 147
0
1
3884 94
0
0
0
0
0
1
3885 189
1
3886 37
0
1
3887 14
0
1
3888 228
1
3889 111
1
3890 236
0
0
1
3891 217
1
3892 7
1
3893 101
1
3894 95
0
1
3895 156
1
3896 42
0
0
1
3897 216
0
0
0
1
3898 101
1
3899 184
0
1
3900 54
1
3901 61
1
3902 137
1
3903 139
1
3904 212
1
3905 9
0
1
3906 236
0
1
3907 194
1
3908 139
1
3909 172
0
1
3910 67
0
1
3911 150
1
3912 148
1
3913 222
0
1
3914 112
1
3915 164
0
0
1
3916 22
1
3917 77
0
0
1
3918 48
1
3919 167
0
1
3920 191
0
0
0
0
0
0
0
1
3921 197
0
0
0
0
0
1
3922 152
1
3923 119
0
1
3924 4
1
3925 218
0
1
3926 32
0
1
3927 34
1
3928 236
0
0
0
0
0
0
1
3929 20
1
3930 216
0
1
3931 58
0
0
1
3932 73
1
3933 22
0
0
1
3934 112
0
0
0
0
1
3935 39
1
3936 80
1
3937 229
0
1
3938 26
1
3939 231
0
0
0
1
3940 14
0
0
0
1
3941 54
1
3942 123
1
3943 32
0
0
1
3944 13
1
3945 56
0
1
3946 183
0
0
0
1
3947 65
0
0
0
1
3948 104
0
0
0
0
1
3949 101
0
1
3950 136
0
0
1
3951 220
0
0
0
1
3952 111
1
3953 144
1
3954 17
0
0
0
1
3955 205
1
3956 5
0
0
1
3957 174
1
3958 61
0
0
0
0
0
0
0
0
0
1
3959 56
1
3960 18
0
1
3961 46
1
3962 51
0
1
3963 65
1
3964 27
1
3965 216
0
0
0
0
0
0
0
1
3966 241
0
1
3967 106
0
1
3968 75
1
3969 48
0
0
1
3970 42
1
3971 214
1
3972 139
1
3973 15
0
0
0
0
1
3974 102
1
3975 154
0
0
0
1
3976 145
1
3977 205
0
0
0
0
0
0
0
0
0
1
3978 114
1
3979 25
1
3980 237
1
3981 29
1
3982 159
0
0
0
0
1
3983 123
1
3984 23
0
0
0
0
0
0
1
3985 163
1
3986 163
1
3987 181
0
1
3988 154
0
0
1
3989 206
1
3990 69
0
1
3991 243
0
1
3992 179
1
3993 177
1
3994 6
0
0
1
3995 108
0
1
3996 56
1
3997 134
0
0
0
0
1
3998 90
0
0
1
3999 114
1
4000 223
0
0
0
1
4001 187
0
1
4002 165
0
0
0
1
4003 87
1
4004 169
0
0
0
1
4005 242
1
4006 128
0
0
0
1
4007 143
1
4008 127
1
4009 72
1
4010 157
0
0
1
4011 56
0
0
1
4012 3
0
0
0
0
1
4013 154
0
1
4014 235
0
0
0
0
1
4015 156
0
1
4016 111
0
1
4017 214
0
0
0
0
0
0
1
4018 165
1
4019 19
0
0
1
4020 151
0
0
0
0
0
0
0
0
0
1
4021 134
0
0
0
1
4022 14
0
0
1
4023 167
1
4024 236
1
4025 42
0
0
0
1
4026 132
1
4027 234
0
1
4028 244
0
0
1
4029 194
0
1
4030 87
0
1
4031 85
0
0
0
0
0
1
4032 118
0
1
4033 67
0
0
1
4034 174
1
4035 73
0
0
1
4036 233
0
0
1
4037 144
1
4038 114
0
0
1
4039 191
0
0
0
0
1
4040 150
1
4041 124
0
0
1
4042 93
1
4043 33
1
4044 24
1
4045 174
0
0
0
0
0
1
4046 142
0
0
0
0
0
0
0
0
0
0
1
4047 212
1
4048 37
0
0
1
4049 176
0
0
1
4050 140
0
0
1
4051 124
1
4052 154
1
4053 157
1
4054 206
1
4055 45
1
4056 111
1
4057 163
0
1
4058 7
0
0
0
0
0
0
1
4059 145
1
4060 148
0
1
4061 188
0
1
4062 102
0
0
1
4063 18
0
0
1
4064 162
0
1
4065 28
0
1
4066 155
1
4067 114
1
4068 136
1
4069 113
0
0
0
0
1
4070 72
0
1
4071 182
1
4072 43
0
0
0
1
4073 187
0
1
4074 15
0
0
1
4075 16
1
4076 28
0
0
1
4077 28
0
1
4078 38
0
0
0
1
4079 183
0
1
4080 28
1
4081 97
0
1
4082 154
0
0
0
0
0
1
4083 83
1
4084 245
0
1
4085 216
0
0
1
4086 2
1
4087 31
0
0
1
4088 91
1
4089 123
1
4090 63
0
0
0
1
4091 124
1
4092 18
1
4093 136
0
1
4094 25
0
0
0
1
4095 84
1
4096 149
1
4097 184
0
1
4098 178
1
4099 136
0
1
4100 244
0
0
0
0
1
4101 210
0
1
4102 189
1
4103 188
1
4104 163
0
0
0
0
0
0
0
1
4105 193
0
1
4106 60
1
4107 211
1
4108 160
0
0
1
4109 142
0
0
1
4110 236
1
4111 67
0
0
0
0
0
0
0
0
0
1
4112 203
0
1
4113 42
1
4114 73
1
4115 114
1
4116 79
1
4117 82
0
0
1
4118 107
1
4119 58
0
0
0
0
1
4120 102
1
4121 188
1
4122 130
0
1
4123 220
0
1
4124 90
1
4125 34
1
4126 63
0
1
4127 99
0
0
1
4128 122
0
0
0
1
4129 108
1
4130 50
1
4131 208
1
4132 98
0
0
0
0
1
4133 133
1
4134 11
0
0
0
1
4135 13
1
4136 157
0
0
0
1
4137 32
0
0
0
0
0
0
0
0
0
1
4138 25
0
1
4139 80
1
4140 106
1
4141 97
0
0
0
0
0
0
0
1
4142 133
0
1
4143 133
1
4144 66
1
4145 97
1
4146 10
0
1
4147 48
0
0
0
1
4148 216
0
1
4149 61
1
4150 14
1
4151 36
0
0
0
1
4152 72
0
0
0
0
0
0
0
0
0
1
4153 157
1
4154 235
1
4155 161
1
4156 176
1
4157 116
1
4158 104
1
4159 246
0
0
0
0
0
0
0
0
1
4160 218
1
4161 188
1
4162 152
0
0
0
0
1
4163 37
0
1
4164 81
0
0
0
0
0
0
0
0
0
0
1
4165 39
0
1
4166 121
1
4167 55
0
0
0
1
4168 83
0
1
4169 10
0
1
4170 205
0
0
0
0
1
4171 199
0
0
0
1
4172 118
0
0
0
0
0
1
4173 60
0
0
1
4174 73
0
1
4175 225
0
0
1
4176 63
0
1
4177 229
0
0
0
0
0
0
1
4178 247
1
4179 160
0
0
0
0
0
0
0
0
0
0
1
4180 21
0
0
0
0
0
1
4181 38
1
4182 144
0
0
0
1
4183 216
0
1
4184 11
1
4185 113
0
1
4186 174
0
1
4187 87
1
4188 121
0
1
4189 131
1
4190 143
0
0
0
0
0
0
0
0
1
4191 199
0
1
4192 214
0
0
0
0
0
0
0
0
0
0
1
4193 177
0
0
0
1
4194 25
0
1
4195 221
1
4196 202
0
1
4197 89
0
1
4198 95
1
4199 172
0
0
0
1
4200 111
1
4201 223
0
1
4202 45
0
0
0
1
4203 110
1
4204 23
1
4205 214
0
1
4206 235
0
0
0
0
0
0
0
1
4207 173
0
0
1
4208 105
0
0
1
4209 61
0
1
4210 224
0
0
1
4211 226
0
0
0
0
0
1
4212 114
0
0
1
4213 165
0
0
1
4214 19
0
0
0
0
1
4215 225
0
0
1
4216 83
0
1
4217 4
0
1
4218 61
0
1
4219 149
0
0
0
1
4220 73
0
0
1
4221 174
0
0
0
0
1
4222 207
1
4223 65
0
1
4224 48
0
0
0
1
4225 222
0
1
4226 192
0
0
0
0
0
0
1
4227 186
0
0
0
0
1
4228 39
0
0
0
0
0
0
0
0
0
1
4229 41
0
0
1
4230 147
0
1
4231 87
0
1
4232 114
0
0
1
4233 122
0
0
0
0
1
4234 2
0
1
4235 7
0
0
0
0
0
0
1
4236 39
1
4237 203
0
0
0
0
0
0
0
0
0
1
4238 105
0
0
0
0
0
0
0
0
1
4239 184
0
0
0
0
0
0
0
1
4240 141
0
0
0
0
0
0
1
4241 125
1
4242 151
1
4243 65
0
1
4244 4
0
1
4245 139
1
4246 31
0
0
1
4247 45
0
0
0
0
1
4248 73
0
1
4249 49
1
4250 49
0
0
0
0
1
4251 110
0
1
4252 198
1
4253 243
0
0
0
0
0
0
1
4254 180
0
0
0
0
1
4255 128
0
0
0
0
1
4256 88
0
0
0
0
1
4257 206
0
0
0
0
0
0
0
0
0
0
0
1
4258 168
1
4259 205
0
1
4260 181
1
4261 244
1
4262 64
0
0
1
4263 119
1
4264 145
0
0
0
0
0
1
4265 9
0
1
4266 106
1
4267 111
1
4268 209
0
0
0
1
4269 179
1
4270 191
1
4271 113
0
0
1
4272 172
0
0
0
1
4273 23
0
1
4274 157
1
4275 152
0
0
1
4276 35
0
1
4277 109
0
1
4278 139
1
4279 235
0
0
0
0
0
0
0
0
1
4280 44
0
0
0
0
1
4281 218
0
0
1
4282 176
0
0
1
4283 200
0
0
1
4284 194
0
1
4285 129
0
0
0
1
4286 235
1
4287 11
1
4288 234
0
0
0
0
0
1
4289 75
0
0
0
0
0
0
1
4290 15
1
4291 153
0
0
0
0
0
0
1
4292 42
1
4293 103
0
0
0
0
0
1
4294 150
0
0
1
4295 175
1
4296 148
0
0
0
1
4297 115
0
0
0
1
4298 121
1
4299 207
0
0
0
1
4300 220
0
1
4301 67
1
4302 211
0
0
0
0
0
1
4303 111
0
0
1
4304 61
0
0
0
0
0
0
0
0
0
0
0
0
0
1
4305 66
0
1
4306 182
0
0
0
0
1
4307 223
0
0
0
0
0
0
0
0
0
0
1
4308 211
1
4309 149
0
0
1
4310 129
0
0
0
0
0
1
4311 230
0
0
0
0
1
4312 32
1
4313 100
1
4314 131
1
4315 48
0
0
0
0
1
4316 2
0
1
4317 178
0
0
0
1
4318 61
0
1
4319 157
1
4320 8
1
4321 105
1
4322 133
0
0
1
4323 235
1
4324 128
0
1
4325 53
0
0
0
0
0
0
0
1
4326 235
0
0
0
0
0
1
4327 170
0
0
0
1
4328 179
0
1
4329 75
0
0
1
4330 110
0
0
0
1
4331 60
0
0
0
0
0
1
4332 154
0
0
1
4333 126
0
0
0
0
1
4334 106
0
0
1
4335 144
0
0
0
1
4336 38
0
0
1
4337 69
0
0
0
0
0
0
1
4338 197
0
1
4339 56
1
4340 46
0
0
0
0
0
0
0
0
0
0
0
0
0
1
4341 164
1
4342 160
0
1
4343 66
0
0
1
4344 134
1
4345 171
0
0
0
1
4346 121
0
0
1
4347 214
1
4348 111
1
4349 39
0
0
1
4350 151
0
0
0
0
0
1
4351 69
1
4352 159
1
4353 192
0
0
0
0
1
4354 111
1
4355 117
1
4356 172
0
1
4357 137
0
0
1
4358 73
0
0
1
4359 61
0
0
0
0
0
0
0
0
1
4360 235
1
4361 151
0
0
0
0
0
0
0
0
1
4362 240
0
0
0
0
0
0
1
4363 87
0
1
4364 47
0
0
0
1
4365 77
0
0
0
1
4366 53
1
4367 21
0
0
0
1
4368 120
0
1
4369 64
0
0
0
0
0
0
1
4370 236
0
1
4371 164
0
0
0
1
4372 185
0
1
4373 5
0
0
1
4374 215
1
4375 27
0
0
0
1
4376 74
1
4377 2
0
1
4378 4
1
4379 174
0
1
4380 196
0
0
1
4381 141
0
1
4382 81
0
0
0
0
1
4383 227
0
0
0
1
4384 92
0
1
4385 216
0
0
0
0
0
0
0
0
0
0
1
4386 157
1
4387 162
1
4388 103
0
1
4389 244
0
0
0
0
0
1
4390 216
0
0
0
0
0
0
0
0
0
0
0
0
0
0
1
4391 141
0
0
1
4392 93
0
1
4393 194
0
0
1
4394 191
0
0
0
1
4395 197
0
1
4396 240
0
0
0
1
4397 187
0
0
0
0
0
1
4398 151
0
0
1
4399 63
1
4400 207
0
0
0
0
1
4401 167
0
0
0
0
0
1
4402 238
0
0
0
1
4403 10
0
0
0
0
0
0
0
0
0
1
4404 205
1
4405 55
1
4406 189
0
0
0
0
1
4407 95
0
0
1
4408 65
1
4409 84
1
4410 155
0
0
0
1
4411 240
0
0
0
0
0
1
4412 153
0
0
1
4413 95
0
0
0
1
4414 149
0
0
0
0
0
0
0
0
0
0
0
0
0
0
1
4415 62
0
1
4416 215
0
0
1
4417 217
1
4418 123
0
0
0
1
4419 145
0
1
4420 181
0
0
0
0
0
0
0
0
0
0
0
0
0
0
0
0
1
4421 238
0
0
0
0
0
0
0
0
0
1
4422 175
0
0
0
0
1
4423 97
0
0
1
4424 45
0
1
4425 68
0
1
4426 221
0
1
4427 83
1
4428 29
0
1
4429 183
1
4430 33
1
4431 100
0
0
1
4432 145
0
0
0
1
4433 182
0
0
0
0
0
0
1
4434 66
0
0
0
0
1
4435 113
1
4436 89
0
1
4437 40
0
1
4438 95
0
0
0
0
1
4439 201
1
4440 244
0
1
4441 57
0
1
4442 5
0
0
0
0
0
1
4443 242
1
4444 181
0
1
4445 93
0
0
1
4446 121
0
0
0
0
1
4447 38
0
1
4448 26
0
0
0
0
1
4449 220
0
0
0
0
1
4450 7
0
0
1
4451 76
0
0
1
4452 4
1
4453 100
0
0
0
0
1
4454 23
0
0
0
0
1
4455 55
0
0
0
0
1
4456 143
0
0
0
0
0
0
1
4457 216
0
0
0
0
0
1
4458 136
0
0
0
0
1
4459 35
0
1
4460 188
0
0
0
0
0
1
4461 187
0
0
1
4462 122
1
4463 179
0
0
0
0
0
0
0
1
4464 172
1
4465 173
0
1
4466 29
0
0
0
0
1
4467 130
0
0
0
1
4468 161
0
0
0
1
4469 173
0
1
4470 219
0
0
0
0
0
1
4471 114
1
4472 73
0
0
1
4473 132
0
0
0
0
0
0
0
0
0
0
0
0
1
4474 16
0
0
0
1
4475 72
1
4476 133
0
0
1
4477 86
0
1
4478 17
1
4479 119
0
1
4480 124
1
4481 162
0
0
0
0
1
4482 109
0
0
0
0
0
0
0
0
0
1
4483 9
1
4484 131
0
0
0
0
0
1
4485 79
0
0
1
4486 49
0
0
1
4487 170
0
0
0
0
0
0
0
1
4488 89
0
0
0
0
1
4489 63
0
0
0
0
1
4490 223
0
0
0
0
0
0
0
1
4491 198
0
0
1
4492 216
1
4493 247
0
1
4494 59
0
1
4495 176
1
4496 114
0
0
0
0
1
4497 10
0
1
4498 5
0
0
1
4499 157
0
1
4500 148
0
0
0
1
4501 202
0
1
4502 190
1
4503 216
0
1
4504 223
0
0
0
0
0
0
0
0
0
0
0
0
0
0
0
0
0
1
4505 225
0
0
0
0
0
0
0
0
0
0
1
4506 174
0
0
0
0
0
0
0
0
0
1
4507 143
0
0
0
0
1
4508 163
0
0
1
4509 116
0
0
1
4510 154
0
0
0
1
4511 114
0
1
4512 7
0
0
0
0
1
4513 192
0
0
1
4514 64
0
0
0
0
0
0
0
0
0
0
0
0
0
0
0
0
0
1
4515 166
0
1
4516 111
1
4517 39
1
4518 62
1
4519 228
0
0
0
0
0
0
0
1
4520 14
0
0
0
0
0
1
4521 115
0
0
0
0
1
4522 96
0
0
0
1
4523 197
0
0
0
0
0
0
0
0
1
4524 214
1
4525 138
1
4526 135
0
0
0
0
0
1
4527 56
0
0
1
4528 107
0
0
1
4529 19
0
0
0
0
0
0
0
0
0
1
4530 214
1
4531 60
0
0
0
0
0
0
1
4532 20
0
0
0
1
4533 179
0
0
0
1
4534 111
0
0
1
4535 3
0
0
0
1
4536 202
0
0
1
4537 119
0
0
0
1
4538 109
0
0
1
4539 38
0
0
0
0
0
0
0
0
0
1
4540 158
0
0
0
1
4541 150
0
0
0
1
4542 177
0
0
1
4543 59
0
0
0
0
0
0
0
1
4544 41
1
4545 202
0
1
4546 8
0
0
0
0
0
0
0
0
0
0
0
0
1
4547 163
0
0
0
0
0
1
4548 24
0
0
1
4549 162
0
0
0
0
0
0
0
0
0
0
0
0
0
0
1
4550 2
0
0
1
4551 78
0
0
0
0
0
1
4552 24
0
0
1
4553 172
0
0
0
0
0
0
0
0
0
0
0
0
0
1
4554 103
0
0
0
0
0
0
0
1
4555 42
0
0
0
0
1
4556 75
0
0
0
0
0
0
0
0
0
1
4557 203
1
4558 60
0
0
1
4559 217
0
0
0
1
4560 199
0
0
0
0
0
0
0
0
0
1
4561 4
0
0
0
0
1
4562 95
0
1
4563 123
0
1
4564 34
0
0
0
0
0
0
0
0
0
0
0
0
0
0
0
0
0
1
4565 236
0
0
0
0
0
0
0
1
4566 43
0
0
0
0
0
0
0
0
0
0
0
0
0
0
0
0
0
0
0
0
0
0
0
0
0
0
0
0
0
0
0
0
1
4567 232
0
0
1
4568 123
0
0
1
4569 194
0
0
0
0
0
0
0
0
1
4570 201
0
0
0
0
1
4571 225
0
0
0
0
0
1
4572 82
0
0
0
0
1
4573 247
0
0
0
0
0
0
0
0
0
0
0
0
0
0
0
0
0
0
0
0
0
0
0
0
0
1
4574 69
0
0
1
4575 88
0
0
1
4576 140
0
0
0
0
1
4577 171
0
1
4578 121
0
0
0
0
0
0
0
0
1
4579 218
0
0
0
0
0
0
1
4580 13
0
0
0
0
1
4581 235
0
0
0
0
1
4582 144
0
0
0
1
4583 3
0
1
4584 73
0
0
0
0
0
0
0
0
0
0
0
0
1
4585 89
1
4586 174
0
1
4587 97
0
0
0
0
0
1
4588 174
0
0
0
0
0
1
4589 132
0
0
0
0
0
0
0
1
4590 64
1
4591 110
0
1
4592 56
1
4593 90
0
0
0
0
0
1
4594 9
0
0
0
0
0
0
0
0
1
4595 90
0
0
0
0
0
0
0
0
1
4596 84
0
0
0
0
0
1
4597 122
0
0
0
0
0
0
0
1
4598 28
1
4599 223
0
0
0
1
4600 151
1
4601 12
1
4602 53
0
0
1
4603 176
1
4604 43
0
0
0
0
0
0
1
4605 129
0
0
1
4606 124
1
4607 15
0
0
0
0
0
0
0
0
0
0
0
0
0
0
0
0
0
0
0
0
0
0
0
0
0
1
4608 35
0
0
0
0
0
0
0
0
1
4609 132
0
1
4610 198
0
0
0
0
0
0
0
0
1
4611 162
0
1
4612 217
1
4613 5
0
0
1
4614 53
0
0
0
0
0
0
1
4615 72
0
0
0
0
0
0
0
0
0
0
0
0
0
0
1
4616 184
0
0
0
0
1
4617 150
0
0
0
0
0
0
1
4618 22
0
0
0
0
0
1
4619 95
1
4620 54
0
0
0
0
0
0
1
4621 37
0
0
0
0
0
1
4622 206
0
0
0
0
0
0
0
0
0
1
4623 243
0
0
1
4624 60
0
0
0
0
0
0
0
1
4625 125
0
1
4626 232
0
1
4627 152
0
1
4628 13
0
0
1
4629 69
1
4630 185
0
0
0
0
0
0
0
1
4631 152
0
0
1
4632 92
0
0
0
0
0
0
0
0
0
0
0
0
0
0
1
4633 87
0
0
0
0
0
0
0
0
0
0
0
0
1
4634 145
1
4635 113
0
1
4636 16
0
0
0
0
0
0
1
4637 141
1
4638 219
0
0
0
0
0
0
0
0
0
0
0
0
0
0
0
0
1
4639 139
0
0
0
0
0
0
0
0
0
0
0
0
0
0
0
0
0
0
0
0
0
1
4640 142
0
0
0
0
0
0
0
0
0
1
4641 73
0
0
0
0
1
4642 218
0
1
4643 121
0
0
1
4644 112
0
0
0
0
0
0
0
1
4645 70
0
0
1
4646 231
1
4647 192
0
0
0
1
4648 104
0
0
0
0
0
0
1
4649 161
1
4650 137
0
1
4651 146
0
0
0
0
0
0
0
1
4652 218
0
0
0
0
0
0
0
0
0
0
0
0
1
4653 208
0
0
0
0
0
0
0
1
4654 213
0
0
0
0
1
4655 225
0
0
0
0
0
0
0
0
0
0
0
0
0
0
0
0
0
0
1
4656 28
0
0
0
0
1
4657 143
0
0
0
0
0
0
0
0
0
0
0
0
0
0
0
0
0
1
4658 12
1
4659 81
0
0
0
1
4660 229
0
0
0
0
0
0
0
0
0
0
0
1
4661 191
0
0
0
0
0
0
0
0
0
1
4662 211
0
0
0
0
0
0
0
1
4663 119
0
0
0
0
0
0
0
0
0
0
0
0
0
0
0
1
4664 129
1
4665 125
1
4666 49
0
0
0
0
0
0
0
0
0
0
0
0
0
0
0
0
0
0
0
0
0
1
4667 183
0
0
0
0
0
1
4668 229
0
1
4669 78
0
0
0
0
0
0
0
0
0
0
0
0
0
1
4670 152
0
0
0
0
0
0
0
0
0
0
0
0
0
0
0
0
0
0
0
0
0
0
0
1
4671 154
1
4672 212
0
1
4673 126
0
0
1
4674 147
0
0
0
0
0
0
0
0
0
0
0
0
0
0
1
4675 211
0
0
0
0
0
0
0
0
0
0
0
0
1
4676 17
0
0
0
0
0
0
1
4677 184
1
4678 197
0
0
0
0
0
0
0
0
0
0
0
0
0
0
0
0
1
4679 119
0
0
0
0
0
0
0
0
0
0
0
0
0
0
0
0
0
1
4680 239
0
0
1
4681 109
1
4682 163
0
0
0
1
4683 110
0
0
1
4684 22
0
0
0
0
1
4685 209
0
0
0
0
0
0
0
0
0
0
0
0
0
0
0
0
0
0
0
0
0
0
0
0
0
0
0
0
0
0
0
0
0
0
0
0
0
0
0
0
0
0
0
1
4686 81
0
0
0
0
0
0
0
1
4687 171
0
0
1
4688 42
0
0
0
0
0
0
0
0
0
0
1
4689 67
0
0
0
0
1
4690 107
0
0
0
0
0
0
1
4691 103
0
0
0
0
0
0
0
0
0
0
0
0
0
0
0
0
0
0
0
0
0
0
0
0
0
0
0
1
4692 151
0
0
0
0
0
0
0
0
0
0
0
0
0
0
0
0
0
0
0
0
0
0
0
0
0
0
0
0
0
0
0
0
1
4693 57
0
0
0
0
0
0
0
0
0
0
0
0
0
0
0
0
0
0
0
0
0
0
0
0
0
0
0
0
0
0
0
0
0
0
0
0
0
0
0
0
0
0
0
0
0
0
1
4694 34
1
4695 148
0
0
0
0
0
0
0
1
4696 43
0
0
0
0
0
0
0
0
0
0
0
0
0
0
0
0
0
0
0
0
1
4697 73
1
4698 224
0
0
0
0
0
0
0
0
0
0
0
0
0
0
0
0
0
0
0
0
0
1
4699 84
0
0
0
0
0
0
0
0
0
0
0
0
0
0
0
1
4700 51
0
0
0
0
0
0
0
0
0
0
0
0
0
0
0
0
0
0
0
0
0
0
0
0
0
0
0
0
0
0
0
0
0
0
0
0
0
0
0
0
0
0
0
0
0
1
4701 41
0
0
0
0
0
0
0
0
0
0
0
0
0
0
0
0
0
0
0
0
0
0
0
0
0
0
0
0
0
0
0
0
0
0
0
0
0
0
0
0
0
0
0
0
0
0
0
0
0
0
0
0
0
0
0
0
0
0
0
0
0
0
0
0
0
0
0
0
0
0
0
0
1
4702 68
0
0
0
0
0
0
0
0
0
0
0
0
0
0
0
0
0
0
0
0
0
0
0
0
0
0
0
0
0
0
0
0
0
0
0
0
0
0
0
0
0
0
0
0
0
0
0
0
0
0
0
0
0
1
4703 175
0
0
0
0
0
0
0
0
0
0
0
0
0
0
0
0
0
0
0
0
0
0
0
0
0
0
0
0
0
0
0
0
1
4704 73
0
0
0
0
0
0
0
1
4705 80
0
0
0
0
0
0
0
0
0
0
0
0
0
0
0
0
0
0
0
0
0
0
0
0
0
0
0
0
0
0
0
0
0
0
0
0
0
0
0
0
0
0
0
0
0
0
0
0
0
1
4706 238
0
0
0
0
0
0
0
0
0
0
0
0
0
0
0
0
0
0
0
1
4707 240
1
4708 116
0
0
0
0
1
4709 207
0
0
0
0
0
0
0
0
0
0
0
0
0
0
0
0
0
0
0
0
0
0
1
4710 118
0
0
0
0
0
0
0
0
0
0
0
0
0
0
0
0
0
0
0
0
0
0
0
0
0
0
0
0
1
4711 31
0
0
0
0
0
0
0
1
4712 203
0
0
0
0
0
0
0
0
0
0
0
0
0
0
0
0
0
0
0
0
0
0
0
0
0
0
0
0
0
0
0
0
0
0
0
0
0
0
0
0
0
0
0
0
0
0
0
0
1
4713 64
0
0
0
0
0
0
0
0
0
0
0
0
0
0
0
0
0
0
0
0
0
0
0
0
0
0
0
0
0
0
0
0
0
0
0
0
0
0
0
0
0
0
0
0
0
0
0
0
0
0
0
0
0
0
0
0
0
0
0
0
0
0
0
0
0
0
0
0
0
0
0
0
0
0
0
0
0
0
0
0
0
0
0
0
0
0
0
0
0
0
0
0
0
0
0
0
0
0
0
0
0
0
0
0
0
0
0
0
0
0
0
0
0
0
0
0
0
0
0
0
0
0
0
0
0
0
0
0
0
0
0
0
0
0
0
0
0
0
0
0
0
0
0
0
0
0
0
0
0
0
0
0
0
0
0
0
0
0
0
0
0
0
0
0
0
0
0
0
0
0
0
0
0
0
0
0
0
0
0
0
0
0
0
0
0
0
0
0
0
0
0
0
0
0
0
0
0
0
0
0
0
0
0
0
0
0
0
0
0
0
0
0
0
0
0
0
0
0
0
0
0
0
0
0
0
0
0
0
0
0
0
0
0
0
0
0
0
0
0
0
0
0
0
0
0
0
0
0
0
0
0
0
0
0
0
0
0
0
0
0
0
0
0
0
0
0
0
0
0
0
0
0
0
0
0
0
0
0
0
0
0
0
0
0
0
0
0
0
0
0
0
0
0
0
0
0
0
0
0
0
0
0
0
0
0
0
0
0
0
0
0
0
0
0
0
0
0
0
0
0
0
0
0
0
0
0
0
0
0
0
0
0
0
0
0
0
0
0
0
0
0
0
0
0
0
0
0
0
0
0
0
0
0
0
0
0
0
0
0
0
0
0
0
0
0
0
0
0
0
0
0
0
0
0
0
0
0
0
0
0
0
0
0
0
0
0
0
0
0
0
0
0
0
0
0
0
0
0
0
0
0
0
0
0
0
0
0
0
0
0
0
0
0
0
0
0
0
0
0
0
0
0
0
0
0
0
0
0
0
0
0
0
0
0
0
0
0
0
0
0
0
0
0
0
0
0
0
0
0
0
0
0
0
0
0
0
0
0
0
0
0
0
0
0
0
0
0
0
0
0
0
0
0
0
0
0
0
0
0
0
0
0
0
0
0
0
0
0
0
0
0
0
0
0
0
0
0
0
0
0
0
0
0
0
0
0
0
0
0
0
0
0
0
0
0
0
0
0
0
0
0
0
0
0
0
0
0
0
0
0
0
0
0
0
0
0
0
0
0
0
0
0
0
0
0
0
0
0
0
0
0
0
0
0
0
0
0
0
0
0
0
0
0
0
0
0
0
0
0
0
0
0
0
0
0
0
0
0
0
0
0
0
0
0
0
0
0
0
0
0
0
0
0
0
0
0
0
0
0
0
0
0
0
0
0
0
0
0
0
0
0
0
0
0
0
0
0
0
0
0
0
0
0
0
0
0
0
0
0
0
0
0
0
0
0
0
0
0
0
0
0
0
0
0
0
0
0
0
0
0
0
0
0
0
0
0
0
0
