323 645
220 298 4
258 207 2
316 141 4
56 68 5
99 96 4
49 112 2
95 185 3
161 314 3
253 128 4
314 294 3
25 99 5
266 20 2
171 290 4
193 80 2
109 248 4
293 304 3
152 103 3
293 163 3
150 130 4
30 114 2
78 94 3
39 248 4
113 231 4
51 235 2
165 219 3
302 213 4
178 299 3
83 151 3
134 10 3
173 21 2
230 54 2
144 199 3
60 264 4
306 202 2
39 88 4
111 117 3
146 275 3
23 261 4
256 99 4
130 126 3
110 252 3
300 197 3
323 317 3
202 235 3
66 125 3
68 60 4
317 196 3
88 151 2
72 179 3
252 140 4
54 37 3
184 216 3
135 96 3
4 75 3
293 241 1
265 108 3
248 158 1
12 83 3
178 136 5
242 56 3
28 16 3
206 103 4
156 177 2
95 89 3
48 61 3
227 197 4
251 41 3
292 102 3
98 38 4
220 133 3
224 14 4
310 232 3
8 92 3
321 266 3
78 189 4
143 224 3
183 3 4
288 26 3
64 7 2
121 125 4
30 149 2
170 198 4
199 290 3
186 221 3
199 55 3
279 213 4
310 270 4
281 50 4
35 52 3
198 228 3
40 183 3
127 5 3
198 84 3
14 69 3
10 44 4
33 112 5
1 185 3
274 134 4
59 180 3
38 99 4
37 230 2
19 109 4
91 126 4
192 301 4
239 313 3
120 128 3
273 24 3
52 306 4
263 87 3
90 111 1
217 268 4
42 15 2
226 21 3
279 151 4
209 78 2
59 166 2
286 116 3
97 321 2
208 168 4
92 43 4
238 189 3
301 199 3
61 237 4
113 11 3
186 164 3
165 57 4
85 217 4
297 265 3
14 254 4
164 50 2
67 154 3
224 191 2
246 23 3
146 86 4
278 261 3
82 208 3
258 67 5
93 144 5
265 11 3
320 29 3
7 51 2
223 102 3
274 62 4
102 272 2
40 296 3
19 158 3
16 122 3
160 102 3
1 57 3
174 159 3
162 51 3
172 250 3
17 275 5
245 147 3
250 150 4
220 112 3
97 266 3
152 233 3
51 323 3
153 132 1
71 283 3
201 19 3
171 187 3
170 197 4
180 12 2
294 193 5
240 124 3
169 155 4
8 43 4
292 272 3
135 228 4
145 294 3
154 254 4
137 36 4
209 280 3
283 234 3
80 280 3
94 155 4
259 190 3
323 64 3
289 273 2
123 190 4
44 274 3
277 107 2
69 224 2
323 45 2
308 17 3
307 202 3
232 153 3
281 203 3
254 258 3
177 34 4
124 315 3
7 214 2
17 15 3
125 3 3
306 167 5
175 169 3
101 26 3
85 299 3
169 262 3
216 25 4
154 54 3
75 13 2
235 52 3
247 13 3
6 58 3
153 68 2
153 264 3
227 229 5
249 149 4
259 249 4
156 147 4
269 27 3
38 282 3
183 121 3
101 223 3
211 143 4
58 174 3
287 73 4
140 128 4
165 30 2
232 132 2
41 90 3
251 74 5
215 214 2
89 107 3
104 5 5
83 59 3
248 190 4
282 231 4
142 218 3
97 20 4
31 106 3
8 20 4
272 269 4
272 18 3
125 288 3
42 72 3
16 217 2
145 287 3
134 5 2
310 104 5
240 312 3
211 249 5
196 43 3
309 71 3
206 204 3
28 303 4
42 122 2
147 319 3
39 12 3
270 129 4
210 170 2
237 289 4
26 223 4
31 311 4
115 242 3
46 319 4
221 233 3
75 318 2
123 180 3
218 207 2
301 252 3
7 45 1
133 312 3
257 100 4
32 61 2
123 191 4
59 151 3
70 291 1
139 240 5
179 50 3
76 19 4
200 164 4
256 96 3
22 315 2
256 282 2
111 257 4
172 314 2
145 314 3
181 140 4
311 115 2
254 191 3
212 203 3
303 65 2
105 100 3
180 88 4
102 101 5
67 152 3
82 225 3
189 193 4
146 241 3
4 318 3
47 267 2
250 188 4
209 94 2
110 181 3
146 17 3
238 97 3
181 64 3
160 70 3
149 114 2
26 47 3
246 276 3
6 262 4
160 272 2
270 127 4
225 34 4
54 83 2
212 295 4
174 172 3
32 293 2
229 8 5
210 197 2
217 28 3
81 244 4
33 22 3
76 6 4
15 268 4
122 72 2
191 207 3
85 182 3
259 107 5
243 257 3
89 1 2
173 116 5
62 77 3
204 152 3
286 226 4
145 108 3
253 120 4
289 304 2
164 72 3
63 23 5
53 179 3
89 194 3
178 171 4
111 40 4
260 97 2
106 311 3
113 297 4
124 309 2
285 4 2
260 266 2
322 29 5
176 69 4
236 202 4
255 131 2
44 128 3
204 295 5
286 21 4
167 302 4
33 315 3
225 156 3
43 307 3
214 192 3
292 27 3
12 230 4
299 271 2
284 298 4
57 185 5
277 190 4
201 278 3
13 257 5
295 233 5
263 302 2
77 253 3
237 32 3
86 308 3
98 226 2
62 129 4
237 293 3
200 65 3
208 105 3
214 45 4
57 149 2
285 75 2
261 250 3
87 200 4
219 131 4
25 38 4
200 42 3
110 10 4
123 39 4
241 32 4
269 49 3
9 239 3
182 271 1
47 305 3
284 176 3
50 53 5
305 251 5
90 296 4
131 57 3
320 60 3
170 300 3
148 92 3
127 274 3
168 225 4
255 165 4
215 301 5
56 134 3
139 219 3
150 108 4
41 138 3
22 234 2
118 245 2
177 168 3
268 299 3
114 298 4
204 3 4
73 294 4
78 167 2
269 292 5
93 120 3
9 11 3
178 182 2
89 277 2
31 196 3
247 285 4
142 70 3
299 275 5
3 103 1
205 203 2
319 316 3
290 136 3
104 270 3
7 323 3
316 86 3
122 15 2
158 201 4
127 310 3
36 187 3
35 235 2
148 322 3
276 194 4
108 314 4
150 161 2
159 280 5
9 91 4
30 298 3
11 126 3
263 213 3
79 303 2
318 247 3
79 65 4
307 321 3
196 92 4
10 119 4
159 175 3
300 20 4
105 2 4
56 5 4
22 309 4
112 312 3
4 222 4
307 236 4
281 205 2
230 83 2
66 267 4
69 207 3
154 37 3
40 41 3
223 267 4
143 176 2
258 218 3
60 242 3
35 317 4
221 157 3
194 278 3
84 135 4
53 295 2
181 119 3
163 118 4
27 283 5
36 273 3
163 46 3
22 283 2
171 144 4
288 142 1
84 216 4
148 320 3
70 18 1
313 21 5
315 71 3
119 106 3
113 239 5
196 311 2
141 247 2
279 166 3
206 183 3
63 91 5
308 179 2
161 188 2
174 80 3
114 220 3
33 283 3
117 203 3
63 130 4
213 157 5
296 206 3
158 6 3
245 319 4
228 244 3
49 284 3
2 34 4
126 108 4
267 101 4
231 256 3
13 4 3
259 158 3
238 260 3
195 306 5
167 94 3
137 61 4
185 107 2
222 100 3
235 236 4
24 241 3
321 238 1
246 278 4
77 129 4
186 233 3
136 271 3
106 64 3
37 166 2
1 255 3
296 212 3
155 279 3
81 193 3
58 76 3
159 80 3
227 322 3
264 29 3
173 286 1
205 117 4
98 286 2
226 282 4
186 295 3
185 277 2
74 66 5
143 14 3
126 297 2
62 253 3
73 96 4
175 280 1
243 222 4
162 28 3
52 162 4
198 184 5
201 76 2
313 116 3
264 132 3
249 123 3
136 187 4
121 103 2
291 288 4
304 24 3
139 133 3
253 44 3
98 173 1
315 312 2
68 132 3
45 192 3
53 212 3
308 281 3
229 148 3
263 65 3
261 130 5
244 80 3
67 121 3
138 243 4
47 74 5
71 234 2
260 228 4
305 138 4
176 18 4
18 291 2
81 135 4
166 54 3
37 221 3
161 172 4
229 300 3
119 56 3
79 195 3
296 117 3
189 244 5
192 215 3
255 95 3
215 85 3
245 177 3
194 109 4
231 287 4
240 133 4
48 118 2
208 2 4
319 118 1
211 284 3
76 188 2
16 268 3
46 34 4
120 77 2
195 263 3
290 182 4
137 289 4
24 275 3
35 51 2
210 184 3
201 109 3
195 303 3
320 115 3
287 265 3
304 146 3
31 115 3
230 59 2
87 157 4
2 82 3
205 141 3
55 252 3
316 163 2
48 245 3
58 188 3
93 55 3
262 88 4
106 242 3
191 14 2
69 218 2
9 297 4
195 302 4
26 66 4
250 161 2
289 241 2
46 141 4
147 48 2
291 160 4
276 95 6
236 35 2
124 234 3
168 2 3
87 79 3
142 125 2
285 100 4
55 140 4
81 73 3
10000
0
0
0
0
0
0
0
0
0
0
0
0
0
0
0
0
0
0
0
0
0
0
0
0
0
0
0
0
0
0
0
0
0
0
0
0
0
0
0
0
0
1
1 184
0
0
0
0
0
0
0
0
1
2 136
0
0
0
0
0
0
0
0
0
0
0
0
0
0
0
0
0
0
0
0
0
0
0
0
0
0
0
0
1
3 147
1
4 25
0
0
0
0
0
0
0
0
0
0
0
0
0
0
1
5 136
0
0
0
0
0
0
0
0
0
0
0
0
0
0
0
0
0
1
6 7
0
0
0
0
0
1
7 247
0
0
0
1
8 87
1
9 17
0
0
0
0
0
0
0
0
0
0
0
0
0
0
0
0
0
0
0
0
0
0
0
0
0
0
0
0
0
0
0
0
0
1
10 265
0
0
0
1
11 166
0
0
0
1
12 88
0
0
0
0
1
13 17
0
0
0
0
0
0
0
1
14 99
0
0
0
0
0
0
0
0
0
0
0
0
0
1
15 216
0
0
0
0
0
0
1
16 317
1
17 231
0
1
18 105
0
0
0
0
1
19 213
1
20 256
1
21 196
0
0
1
22 16
0
0
0
0
0
0
0
0
1
23 57
0
1
24 143
0
0
0
1
25 318
1
26 34
0
0
0
0
0
0
0
1
27 238
0
0
1
28 15
0
0
1
29 177
0
1
30 320
0
0
0
0
0
0
0
0
1
31 302
1
32 73
0
0
1
33 54
1
34 172
1
35 97
1
36 88
0
0
0
0
0
0
0
0
1
37 297
0
0
0
0
0
0
1
38 294
0
1
39 69
1
40 280
0
1
41 88
0
0
0
1
42 49
0
0
0
0
0
0
0
0
0
1
43 273
1
44 151
0
0
1
45 234
1
46 68
0
1
47 282
0
1
48 269
0
0
1
49 285
0
0
0
1
50 183
1
51 3
1
52 222
0
1
53 182
0
0
1
54 69
1
55 307
0
0
1
56 73
0
0
0
1
57 167
0
0
0
0
0
0
1
58 45
0
0
1
59 271
0
1
60 170
1
61 187
1
62 90
0
1
63 15
0
0
0
1
64 124
0
1
65 122
0
0
0
1
66 146
1
67 179
0
1
68 86
1
69 163
1
70 100
0
0
0
0
0
1
71 199
1
72 232
1
73 192
0
0
0
0
0
0
1
74 91
1
75 22
1
76 280
1
77 321
1
78 218
1
79 209
0
0
0
0
0
0
0
0
1
80 190
0
1
81 256
0
0
0
0
1
82 142
1
83 183
0
0
1
84 271
1
85 313
1
86 164
0
0
1
87 304
0
0
1
88 199
1
89 300
0
1
90 149
1
91 113
1
92 164
1
93 270
0
1
94 99
0
1
95 62
1
96 241
0
1
97 33
1
98 17
1
99 58
0
0
0
1
100 269
0
1
101 180
1
102 177
1
103 176
0
0
0
0
1
104 226
1
105 96
1
106 153
0
0
1
107 290
1
108 207
0
0
1
109 139
0
0
0
1
110 59
0
0
1
111 8
0
0
1
112 117
0
0
0
1
113 96
0
0
1
114 87
0
0
0
0
0
0
0
0
1
115 9
1
116 96
0
1
117 216
1
118 70
0
0
0
1
119 8
1
120 169
0
0
0
1
121 199
1
122 115
0
0
0
1
123 290
0
0
1
124 98
0
0
0
0
0
1
125 216
1
126 120
0
0
0
1
127 43
1
128 235
1
129 278
1
130 96
1
131 129
1
132 210
0
0
0
0
0
0
0
0
0
0
0
1
133 176
0
1
134 165
1
135 202
1
136 110
1
137 147
1
138 248
1
139 187
0
1
140 285
1
141 269
1
142 268
0
0
1
143 232
0
1
144 213
0
1
145 189
0
0
1
146 156
0
0
1
147 25
1
148 64
1
149 138
1
150 299
1
151 123
1
152 236
1
153 124
1
154 164
1
155 31
0
1
156 136
1
157 207
0
1
158 58
1
159 323
0
0
1
160 253
1
161 202
0
1
162 292
1
163 212
1
164 34
0
0
1
165 194
1
166 159
1
167 120
1
168 242
0
1
169 234
1
170 214
0
0
0
1
171 17
0
0
1
172 194
0
1
173 286
0
1
174 16
0
0
1
175 306
0
1
176 302
1
177 76
1
178 151
1
179 234
1
180 202
0
1
181 228
1
182 33
1
183 145
1
184 300
0
1
185 298
1
186 306
0
1
187 2
1
188 111
1
189 285
0
1
190 162
0
0
0
0
1
191 49
1
192 257
1
193 319
0
1
194 163
1
195 133
1
196 64
1
197 215
0
0
1
198 104
0
0
1
199 198
0
1
200 79
1
201 53
1
202 187
1
203 107
1
204 136
1
205 286
1
206 7
0
0
0
1
207 48
1
208 36
1
209 168
1
210 31
0
0
1
211 123
0
1
212 134
1
213 165
1
214 134
1
215 168
1
216 271
1
217 153
1
218 157
1
219 73
0
1
220 278
0
1
221 269
1
222 260
1
223 53
1
224 243
1
225 245
1
226 105
0
1
227 172
1
228 242
1
229 214
0
1
230 64
1
231 35
1
232 296
0
1
233 179
1
234 141
0
1
235 195
1
236 138
1
237 320
1
238 250
1
239 153
1
240 85
0
1
241 137
1
242 271
1
243 147
0
1
244 223
0
1
245 269
1
246 179
1
247 114
1
248 81
1
249 210
1
250 2
1
251 110
1
252 118
0
1
253 188
0
1
254 61
1
255 241
1
256 158
1
257 321
0
1
258 165
1
259 306
1
260 141
1
261 205
1
262 25
1
263 97
0
1
264 79
0
0
1
265 27
1
266 164
1
267 14
1
268 87
1
269 260
1
270 4
0
1
271 110
1
272 99
0
1
273 137
1
274 144
1
275 318
1
276 263
0
1
277 190
1
278 306
1
279 190
1
280 15
1
281 234
1
282 177
0
1
283 246
1
284 79
1
285 62
1
286 223
1
287 5
1
288 231
0
0
1
289 134
0
0
1
290 27
1
291 113
1
292 176
0
1
293 226
1
294 174
1
295 9
0
1
296 214
1
297 279
1
298 187
1
299 309
0
1
300 81
0
1
301 245
1
302 301
1
303 240
1
304 141
1
305 130
1
306 250
0
1
307 135
1
308 195
1
309 176
1
310 120
0
1
311 104
1
312 312
1
313 315
1
314 269
0
1
315 46
1
316 71
1
317 45
1
318 309
1
319 210
1
320 34
1
321 195
1
322 35
1
323 86
1
324 289
1
325 203
1
326 170
1
327 316
1
328 257
1
329 54
0
0
1
330 125
1
331 124
1
332 273
1
333 266
1
334 144
1
335 272
1
336 123
1
337 271
1
338 109
1
339 154
1
340 73
0
1
341 119
1
342 107
1
343 248
1
344 73
1
345 7
1
346 268
1
347 135
1
348 200
0
1
349 254
1
350 15
1
351 180
1
352 97
0
1
353 145
1
354 16
1
355 241
1
356 82
1
357 2
1
358 110
1
359 296
0
1
360 230
1
361 304
1
362 305
1
363 285
1
364 174
1
365 134
1
366 221
1
367 122
1
368 292
0
1
369 119
1
370 197
1
371 7
0
1
372 94
1
373 41
0
1
374 187
1
375 298
0
0
1
376 123
1
377 301
0
1
378 135
1
379 92
1
380 275
1
381 189
1
382 33
1
383 257
1
384 29
1
385 277
1
386 323
0
1
387 271
1
388 59
1
389 64
0
1
390 189
1
391 203
0
1
392 151
1
393 224
1
394 34
1
395 122
1
396 299
1
397 143
1
398 296
1
399 116
1
400 128
1
401 63
1
402 278
1
403 110
1
404 82
1
405 192
1
406 160
0
1
407 146
1
408 96
1
409 175
1
410 72
1
411 144
1
412 10
1
413 241
1
414 236
0
1
415 63
1
416 268
0
0
1
417 139
1
418 231
1
419 115
1
420 309
1
421 22
1
422 3
1
423 187
1
424 120
1
425 103
1
426 312
1
427 171
1
428 109
1
429 6
1
430 67
1
431 51
1
432 308
1
433 142
0
1
434 86
1
435 145
1
436 72
1
437 241
1
438 162
1
439 271
1
440 77
1
441 264
1
442 105
1
443 198
1
444 162
1
445 72
1
446 108
1
447 126
1
448 111
1
449 156
1
450 102
1
451 38
1
452 227
1
453 85
1
454 303
1
455 308
1
456 94
1
457 156
1
458 12
1
459 220
1
460 191
1
461 131
1
462 153
1
463 173
1
464 87
1
465 27
1
466 167
1
467 75
1
468 28
1
469 264
1
470 38
1
471 137
1
472 309
1
473 55
1
474 264
1
475 249
1
476 271
1
477 255
1
478 142
1
479 308
1
480 208
1
481 153
1
482 272
1
483 109
1
484 133
1
485 22
1
486 67
1
487 282
1
488 296
1
489 301
1
490 178
1
491 297
1
492 126
1
493 215
1
494 282
1
495 148
1
496 101
1
497 83
1
498 129
1
499 307
1
500 262
1
501 241
1
502 3
1
503 87
1
504 308
1
505 17
1
506 85
1
507 222
1
508 64
1
509 228
0
1
510 299
1
511 114
1
512 141
1
513 136
1
514 15
1
515 143
1
516 53
1
517 217
1
518 146
1
519 251
1
520 153
1
521 146
1
522 35
1
523 6
1
524 102
1
525 129
1
526 20
1
527 297
1
528 94
1
529 199
1
530 42
1
531 276
1
532 251
1
533 243
1
534 270
1
535 42
1
536 52
1
537 303
1
538 224
1
539 122
1
540 305
1
541 287
1
542 137
1
543 184
1
544 130
1
545 77
1
546 253
1
547 128
1
548 153
1
549 50
1
550 87
1
551 79
1
552 158
1
553 54
1
554 179
1
555 279
1
556 136
1
557 232
1
558 308
1
559 257
1
560 167
1
561 95
1
562 241
1
563 28
1
564 321
1
565 18
1
566 140
1
567 182
1
568 96
1
569 187
1
570 273
1
571 206
1
572 121
1
573 84
1
574 226
1
575 270
1
576 321
1
577 152
1
578 117
1
579 94
1
580 50
1
581 268
1
582 239
1
583 199
1
584 29
1
585 146
1
586 57
1
587 163
1
588 152
1
589 179
1
590 212
1
591 264
1
592 261
1
593 35
1
594 139
1
595 236
1
596 85
1
597 258
1
598 77
1
599 26
1
600 253
1
601 91
1
602 280
1
603 266
1
604 35
1
605 161
1
606 17
1
607 221
1
608 234
1
609 52
1
610 92
1
611 156
1
612 192
1
613 110
1
614 200
1
615 15
1
616 124
1
617 258
1
618 4
1
619 273
1
620 84
1
621 99
1
622 238
1
623 149
1
624 42
1
625 271
1
626 107
1
627 76
1
628 58
1
629 244
1
630 46
1
631 271
1
632 84
1
633 86
1
634 166
1
635 241
1
636 8
1
637 213
1
638 82
1
639 214
1
640 179
1
641 205
1
642 215
1
643 312
1
644 5
1
645 163
1
646 72
1
647 139
1
648 142
1
649 32
1
650 235
1
651 211
1
652 305
1
653 320
1
654 35
1
655 69
1
656 213
1
657 62
1
658 119
1
659 216
1
660 139
1
661 121
1
662 243
1
663 225
1
664 160
1
665 124
1
666 16
1
667 104
1
668 291
1
669 247
1
670 134
1
671 55
1
672 251
1
673 48
1
674 12
1
675 64
1
676 283
1
677 190
1
678 65
1
679 278
1
680 267
1
681 181
1
682 68
1
683 137
1
684 275
1
685 122
1
686 188
1
687 292
1
688 39
1
689 83
1
690 14
1
691 276
1
692 265
1
693 73
1
694 309
1
695 173
0
1
696 16
1
697 135
1
698 101
1
699 48
1
700 301
1
701 169
1
702 302
1
703 63
1
704 178
1
705 11
1
706 55
1
707 142
0
1
708 7
1
709 103
1
710 252
1
711 199
1
712 306
1
713 284
1
714 124
1
715 148
1
716 265
1
717 85
1
718 3
0
1
719 179
1
720 276
1
721 213
1
722 30
1
723 189
1
724 13
1
725 208
1
726 295
1
727 104
0
1
728 309
1
729 69
1
730 200
1
731 113
1
732 133
1
733 259
1
734 169
1
735 276
1
736 278
1
737 242
1
738 266
1
739 283
1
740 26
1
741 98
1
742 278
1
743 202
1
744 44
1
745 135
1
746 213
1
747 10
1
748 253
1
749 143
1
750 199
1
751 259
1
752 33
1
753 166
1
754 171
1
755 133
1
756 292
1
757 210
1
758 108
1
759 205
0
1
760 59
1
761 17
1
762 317
1
763 178
1
764 20
1
765 274
1
766 23
1
767 109
1
768 29
1
769 15
1
770 17
1
771 111
1
772 133
1
773 44
1
774 248
1
775 317
1
776 140
1
777 192
1
778 63
1
779 68
1
780 216
1
781 141
1
782 43
1
783 184
1
784 104
1
785 241
1
786 97
1
787 255
1
788 319
1
789 305
1
790 95
1
791 304
1
792 263
1
793 145
1
794 154
1
795 23
1
796 272
1
797 200
1
798 214
1
799 216
1
800 246
1
801 243
1
802 143
1
803 313
1
804 152
1
805 171
1
806 170
1
807 143
1
808 63
1
809 84
1
810 16
1
811 235
1
812 68
1
813 204
1
814 179
1
815 118
1
816 321
1
817 150
1
818 199
1
819 275
1
820 169
1
821 149
1
822 102
1
823 214
1
824 21
0
1
825 120
1
826 83
0
1
827 64
1
828 50
1
829 69
1
830 219
1
831 86
1
832 261
1
833 16
1
834 17
1
835 35
1
836 189
1
837 183
1
838 150
1
839 262
1
840 212
1
841 156
1
842 166
1
843 73
1
844 298
1
845 76
1
846 164
0
1
847 195
1
848 217
1
849 317
1
850 201
1
851 143
1
852 179
1
853 301
1
854 316
1
855 9
1
856 304
1
857 5
1
858 303
1
859 299
1
860 112
1
861 298
1
862 151
1
863 45
1
864 197
0
1
865 97
1
866 279
1
867 88
1
868 55
1
869 88
1
870 41
1
871 55
1
872 137
1
873 114
1
874 45
1
875 35
1
876 146
1
877 99
1
878 54
1
879 195
1
880 264
1
881 87
1
882 308
1
883 226
1
884 134
1
885 215
1
886 304
1
887 135
1
888 276
1
889 35
1
890 32
1
891 124
1
892 155
1
893 7
1
894 200
1
895 173
1
896 75
1
897 263
1
898 268
1
899 81
1
900 74
1
901 163
1
902 193
1
903 263
1
904 299
1
905 116
1
906 129
1
907 278
1
908 55
1
909 268
1
910 114
1
911 146
1
912 152
1
913 15
1
914 14
1
915 178
0
1
916 20
1
917 199
1
918 87
0
1
919 142
1
920 225
1
921 55
1
922 189
1
923 292
1
924 85
1
925 280
1
926 273
1
927 81
1
928 150
1
929 111
1
930 11
1
931 181
1
932 9
1
933 15
1
934 32
1
935 111
1
936 14
1
937 230
1
938 195
1
939 132
1
940 201
1
941 129
1
942 266
1
943 286
1
944 40
1
945 20
1
946 249
1
947 273
1
948 282
1
949 273
1
950 189
1
951 45
1
952 263
1
953 47
1
954 101
1
955 39
1
956 9
1
957 128
1
958 24
1
959 165
1
960 166
1
961 263
1
962 49
1
963 68
1
964 208
1
965 123
1
966 105
0
0
1
967 301
1
968 276
1
969 53
1
970 13
1
971 241
0
1
972 255
1
973 87
1
974 12
1
975 42
1
976 97
1
977 95
1
978 234
1
979 264
1
980 237
1
981 197
0
1
982 122
1
983 259
1
984 108
1
985 21
1
986 250
1
987 215
1
988 145
1
989 225
1
990 36
1
991 73
1
992 3
1
993 28
1
994 163
0
1
995 18
1
996 93
1
997 258
1
998 316
1
999 44
0
1
1000 160
1
1001 312
1
1002 8
1
1003 265
0
1
1004 169
1
1005 10
1
1006 243
1
1007 294
1
1008 134
0
1
1009 297
1
1010 182
1
1011 323
1
1012 201
1
1013 306
1
1014 41
1
1015 263
1
1016 112
1
1017 215
1
1018 55
1
1019 87
1
1020 96
1
1021 263
1
1022 21
1
1023 8
1
1024 316
1
1025 241
1
1026 27
1
1027 19
1
1028 28
1
1029 30
1
1030 296
1
1031 20
1
1032 237
1
1033 174
1
1034 261
0
1
1035 275
1
1036 44
1
1037 158
1
1038 265
1
1039 133
1
1040 310
1
1041 54
1
1042 180
1
1043 306
1
1044 178
1
1045 295
1
1046 110
1
1047 57
1
1048 75
1
1049 183
1
1050 93
1
1051 240
1
1052 9
1
1053 273
1
1054 196
1
1055 184
1
1056 89
1
1057 182
1
1058 11
1
1059 316
1
1060 98
1
1061 151
0
1
1062 89
1
1063 246
1
1064 11
1
1065 10
1
1066 125
1
1067 144
1
1068 280
1
1069 46
1
1070 269
1
1071 14
0
1
1072 47
1
1073 293
1
1074 194
1
1075 153
1
1076 130
1
1077 113
1
1078 33
1
1079 317
1
1080 35
0
1
1081 110
1
1082 136
1
1083 60
0
0
1
1084 285
1
1085 60
1
1086 75
1
1087 175
1
1088 33
1
1089 56
1
1090 42
1
1091 50
1
1092 4
1
1093 8
1
1094 301
1
1095 157
1
1096 214
1
1097 145
1
1098 299
1
1099 261
1
1100 112
1
1101 107
1
1102 292
1
1103 63
1
1104 252
1
1105 272
1
1106 176
1
1107 228
1
1108 294
1
1109 154
1
1110 225
1
1111 178
1
1112 96
1
1113 265
1
1114 144
1
1115 80
1
1116 298
1
1117 246
1
1118 181
1
1119 43
1
1120 162
1
1121 195
1
1122 296
1
1123 100
1
1124 49
1
1125 104
1
1126 88
1
1127 134
1
1128 43
1
1129 177
1
1130 161
1
1131 307
1
1132 42
1
1133 270
1
1134 113
1
1135 83
1
1136 7
1
1137 16
1
1138 178
0
1
1139 228
1
1140 148
1
1141 306
1
1142 14
1
1143 263
1
1144 21
1
1145 75
1
1146 207
1
1147 63
1
1148 170
1
1149 217
1
1150 301
1
1151 47
1
1152 95
1
1153 294
1
1154 91
1
1155 317
1
1156 93
1
1157 102
1
1158 39
1
1159 276
1
1160 2
1
1161 181
1
1162 184
1
1163 239
1
1164 49
1
1165 257
1
1166 7
1
1167 242
0
1
1168 238
1
1169 53
1
1170 20
1
1171 16
1
1172 107
1
1173 187
1
1174 129
1
1175 205
1
1176 10
1
1177 251
1
1178 192
1
1179 287
1
1180 254
1
1181 134
1
1182 221
1
1183 318
1
1184 119
1
1185 44
1
1186 320
1
1187 199
1
1188 165
1
1189 225
1
1190 240
1
1191 302
1
1192 98
1
1193 271
1
1194 177
1
1195 7
1
1196 133
1
1197 272
1
1198 201
0
1
1199 315
1
1200 139
1
1201 3
1
1202 133
1
1203 190
1
1204 55
1
1205 128
1
1206 179
1
1207 266
1
1208 231
1
1209 87
1
1210 130
0
1
1211 300
0
1
1212 251
1
1213 35
0
1
1214 276
1
1215 288
1
1216 252
1
1217 227
1
1218 62
1
1219 312
1
1220 87
1
1221 44
1
1222 14
1
1223 256
1
1224 62
1
1225 150
1
1226 177
0
1
1227 27
0
1
1228 189
1
1229 204
1
1230 47
0
1
1231 130
1
1232 234
1
1233 260
1
1234 124
1
1235 253
1
1236 119
1
1237 169
1
1238 62
1
1239 37
1
1240 110
1
1241 209
1
1242 111
1
1243 258
1
1244 99
1
1245 281
1
1246 277
1
1247 303
1
1248 251
1
1249 33
0
1
1250 182
1
1251 274
1
1252 97
1
1253 168
1
1254 307
1
1255 208
1
1256 138
1
1257 246
1
1258 240
1
1259 3
1
1260 225
1
1261 251
1
1262 17
0
1
1263 174
1
1264 304
1
1265 122
1
1266 264
1
1267 191
1
1268 319
0
1
1269 87
1
1270 35
1
1271 52
1
1272 49
1
1273 83
1
1274 162
1
1275 303
1
1276 273
1
1277 103
0
1
1278 90
1
1279 159
0
1
1280 103
1
1281 228
1
1282 205
1
1283 190
0
1
1284 270
1
1285 271
1
1286 233
1
1287 308
1
1288 291
1
1289 41
0
1
1290 297
1
1291 244
0
1
1292 62
1
1293 89
1
1294 140
1
1295 227
1
1296 24
1
1297 86
1
1298 205
1
1299 13
1
1300 41
1
1301 9
1
1302 180
1
1303 86
1
1304 71
1
1305 186
1
1306 176
1
1307 258
1
1308 318
1
1309 222
1
1310 287
1
1311 103
1
1312 282
1
1313 193
1
1314 13
1
1315 276
1
1316 237
1
1317 225
0
1
1318 248
1
1319 307
1
1320 109
1
1321 257
1
1322 23
1
1323 39
1
1324 195
1
1325 28
0
1
1326 56
1
1327 180
1
1328 27
1
1329 187
1
1330 125
1
1331 90
1
1332 278
1
1333 42
1
1334 226
1
1335 147
1
1336 160
1
1337 17
1
1338 171
1
1339 269
1
1340 104
1
1341 86
1
1342 281
1
1343 209
1
1344 16
1
1345 39
1
1346 131
1
1347 263
1
1348 100
1
1349 316
1
1350 218
0
1
1351 308
1
1352 109
1
1353 79
1
1354 214
1
1355 54
1
1356 47
1
1357 216
1
1358 167
1
1359 248
1
1360 302
1
1361 274
1
1362 322
1
1363 84
1
1364 181
1
1365 79
1
1366 236
1
1367 153
1
1368 226
1
1369 57
1
1370 9
1
1371 277
1
1372 271
1
1373 191
1
1374 168
1
1375 180
1
1376 252
1
1377 289
1
1378 172
1
1379 110
1
1380 317
1
1381 307
1
1382 254
1
1383 306
1
1384 182
1
1385 55
1
1386 125
1
1387 199
1
1388 241
1
1389 207
1
1390 196
1
1391 24
1
1392 116
1
1393 74
1
1394 207
1
1395 32
0
1
1396 144
0
0
1
1397 107
1
1398 38
1
1399 222
0
1
1400 90
1
1401 22
1
1402 90
1
1403 279
1
1404 306
0
1
1405 2
1
1406 167
1
1407 223
1
1408 127
1
1409 159
1
1410 25
1
1411 17
1
1412 27
1
1413 84
1
1414 133
1
1415 218
1
1416 66
1
1417 90
1
1418 292
1
1419 163
1
1420 72
1
1421 89
1
1422 266
0
1
1423 193
1
1424 72
1
1425 85
1
1426 286
1
1427 112
1
1428 308
1
1429 195
1
1430 31
0
1
1431 178
1
1432 38
1
1433 301
1
1434 122
0
1
1435 182
0
1
1436 303
1
1437 317
1
1438 42
1
1439 215
1
1440 300
1
1441 214
1
1442 232
1
1443 102
1
1444 16
1
1445 21
0
1
1446 188
1
1447 102
1
1448 116
1
1449 86
1
1450 231
1
1451 147
1
1452 143
1
1453 269
0
1
1454 217
1
1455 185
1
1456 267
1
1457 265
1
1458 271
1
1459 289
1
1460 85
1
1461 170
0
1
1462 197
1
1463 299
1
1464 273
1
1465 232
1
1466 91
1
1467 136
1
1468 55
0
1
1469 246
1
1470 255
1
1471 290
1
1472 311
1
1473 249
0
0
1
1474 160
1
1475 58
1
1476 179
1
1477 3
1
1478 149
1
1479 117
0
1
1480 176
1
1481 311
1
1482 161
1
1483 137
1
1484 316
1
1485 120
1
1486 34
1
1487 93
1
1488 315
1
1489 126
1
1490 124
0
1
1491 192
1
1492 40
1
1493 45
1
1494 4
1
1495 317
1
1496 122
1
1497 272
1
1498 271
1
1499 5
1
1500 218
1
1501 301
1
1502 35
1
1503 299
1
1504 88
1
1505 83
1
1506 193
1
1507 137
1
1508 187
1
1509 303
1
1510 55
1
1511 129
1
1512 245
1
1513 55
1
1514 178
1
1515 198
1
1516 31
1
1517 303
1
1518 19
1
1519 57
0
1
1520 318
0
1
1521 275
1
1522 114
1
1523 82
1
1524 91
1
1525 191
1
1526 322
1
1527 193
1
1528 236
1
1529 104
1
1530 63
1
1531 127
1
1532 181
1
1533 322
1
1534 301
1
1535 43
1
1536 35
1
1537 85
1
1538 267
1
1539 17
1
1540 20
1
1541 77
1
1542 280
1
1543 273
1
1544 187
0
1
1545 110
1
1546 195
1
1547 317
1
1548 292
1
1549 164
1
1550 192
0
1
1551 159
1
1552 117
1
1553 298
1
1554 207
1
1555 290
1
1556 278
1
1557 294
1
1558 141
1
1559 49
1
1560 201
1
1561 94
1
1562 55
1
1563 100
1
1564 205
1
1565 237
1
1566 165
1
1567 295
1
1568 313
1
1569 179
1
1570 303
1
1571 81
1
1572 214
1
1573 26
1
1574 282
1
1575 72
1
1576 146
1
1577 222
1
1578 179
1
1579 174
0
0
1
1580 115
1
1581 102
0
1
1582 75
1
1583 276
0
1
1584 182
0
1
1585 158
1
1586 101
1
1587 146
1
1588 29
0
1
1589 79
1
1590 222
0
1
1591 102
1
1592 242
1
1593 131
1
1594 150
1
1595 17
1
1596 194
1
1597 87
1
1598 16
1
1599 187
1
1600 86
1
1601 321
1
1602 146
1
1603 45
1
1604 149
0
1
1605 87
0
1
1606 97
1
1607 257
1
1608 111
1
1609 205
1
1610 55
1
1611 242
1
1612 216
1
1613 226
1
1614 70
1
1615 178
1
1616 133
1
1617 74
1
1618 269
1
1619 18
1
1620 248
1
1621 88
1
1622 55
0
1
1623 37
1
1624 318
1
1625 158
0
0
1
1626 256
0
1
1627 38
1
1628 64
1
1629 7
1
1630 47
1
1631 222
1
1632 263
1
1633 277
0
0
0
1
1634 132
1
1635 123
1
1636 199
1
1637 43
1
1638 266
0
1
1639 202
1
1640 106
1
1641 238
1
1642 91
1
1643 148
0
1
1644 120
1
1645 34
1
1646 171
1
1647 227
0
1
1648 25
1
1649 262
1
1650 137
1
1651 63
1
1652 236
1
1653 8
0
1
1654 21
1
1655 32
1
1656 52
1
1657 243
1
1658 48
1
1659 10
1
1660 175
1
1661 201
1
1662 129
1
1663 241
1
1664 80
1
1665 288
1
1666 277
0
1
1667 209
1
1668 9
1
1669 280
1
1670 151
1
1671 251
0
1
1672 125
1
1673 52
0
1
1674 2
1
1675 231
1
1676 277
1
1677 275
1
1678 31
0
1
1679 100
1
1680 49
1
1681 38
1
1682 63
1
1683 124
1
1684 91
1
1685 40
1
1686 91
1
1687 95
1
1688 112
1
1689 195
0
1
1690 7
0
1
1691 8
1
1692 162
1
1693 132
1
1694 271
1
1695 198
1
1696 99
0
1
1697 278
1
1698 46
0
1
1699 122
1
1700 309
0
1
1701 133
1
1702 302
1
1703 102
1
1704 311
1
1705 156
1
1706 218
1
1707 149
1
1708 230
1
1709 89
1
1710 23
1
1711 278
1
1712 26
1
1713 57
0
1
1714 110
1
1715 181
1
1716 61
1
1717 173
1
1718 135
1
1719 159
1
1720 118
0
1
1721 13
1
1722 174
1
1723 231
1
1724 157
1
1725 273
0
1
1726 12
1
1727 246
0
1
1728 310
1
1729 153
1
1730 32
1
1731 37
0
0
1
1732 232
1
1733 17
1
1734 215
1
1735 4
1
1736 117
1
1737 214
1
1738 79
1
1739 62
1
1740 111
1
1741 185
1
1742 303
1
1743 188
0
0
1
1744 321
1
1745 297
1
1746 165
1
1747 178
1
1748 83
1
1749 320
1
1750 147
0
1
1751 300
0
1
1752 11
0
1
1753 5
1
1754 145
1
1755 2
0
1
1756 272
0
1
1757 27
1
1758 311
1
1759 127
1
1760 18
1
1761 307
0
1
1762 157
1
1763 265
1
1764 144
1
1765 180
1
1766 12
1
1767 162
1
1768 118
1
1769 23
1
1770 92
1
1771 146
1
1772 148
1
1773 214
0
1
1774 67
0
0
1
1775 289
1
1776 302
1
1777 268
1
1778 77
1
1779 178
0
1
1780 60
1
1781 237
0
1
1782 154
1
1783 6
1
1784 83
1
1785 214
1
1786 92
1
1787 146
1
1788 77
1
1789 275
1
1790 273
1
1791 256
0
1
1792 32
1
1793 115
1
1794 122
0
1
1795 284
1
1796 51
1
1797 150
1
1798 313
1
1799 177
1
1800 16
0
0
1
1801 147
0
1
1802 299
1
1803 271
1
1804 309
1
1805 133
1
1806 94
0
0
1
1807 170
1
1808 293
1
1809 139
1
1810 20
1
1811 303
1
1812 24
1
1813 173
1
1814 139
1
1815 69
0
1
1816 281
1
1817 21
1
1818 183
0
1
1819 158
1
1820 76
1
1821 22
1
1822 108
1
1823 263
1
1824 191
1
1825 26
1
1826 75
1
1827 298
0
1
1828 251
0
1
1829 179
1
1830 84
1
1831 276
1
1832 264
1
1833 45
1
1834 94
0
1
1835 153
1
1836 234
1
1837 304
1
1838 31
1
1839 136
1
1840 85
1
1841 200
1
1842 28
0
1
1843 292
1
1844 195
1
1845 156
1
1846 52
1
1847 171
1
1848 114
1
1849 203
0
1
1850 150
0
1
1851 110
1
1852 51
0
1
1853 48
0
1
1854 229
0
0
0
1
1855 206
1
1856 98
1
1857 316
1
1858 53
1
1859 236
1
1860 71
1
1861 321
1
1862 187
0
1
1863 68
1
1864 30
0
1
1865 150
1
1866 262
1
1867 285
0
1
1868 48
1
1869 243
1
1870 251
0
1
1871 195
1
1872 267
0
1
1873 161
1
1874 130
1
1875 146
1
1876 218
1
1877 115
1
1878 161
1
1879 52
1
1880 283
0
1
1881 11
1
1882 124
0
0
1
1883 306
1
1884 206
1
1885 240
1
1886 122
0
1
1887 71
1
1888 109
0
1
1889 147
1
1890 30
0
0
0
1
1891 259
1
1892 82
1
1893 120
0
0
1
1894 236
1
1895 112
1
1896 241
1
1897 283
1
1898 138
0
1
1899 278
0
1
1900 231
1
1901 244
1
1902 229
0
1
1903 156
1
1904 150
0
1
1905 17
1
1906 146
0
1
1907 310
1
1908 278
0
1
1909 181
0
1
1910 30
1
1911 268
1
1912 95
1
1913 12
1
1914 273
1
1915 99
1
1916 107
1
1917 148
1
1918 62
1
1919 115
0
1
1920 201
1
1921 48
1
1922 275
0
1
1923 223
1
1924 210
1
1925 145
1
1926 287
1
1927 159
1
1928 231
1
1929 75
1
1930 312
1
1931 20
1
1932 7
0
1
1933 269
1
1934 300
1
1935 178
0
1
1936 140
1
1937 301
1
1938 122
1
1939 69
0
1
1940 158
1
1941 169
1
1942 169
1
1943 246
1
1944 251
0
1
1945 302
1
1946 121
1
1947 235
1
1948 86
1
1949 57
1
1950 163
0
1
1951 6
1
1952 144
1
1953 46
1
1954 28
1
1955 21
1
1956 214
1
1957 45
1
1958 81
1
1959 151
1
1960 152
1
1961 301
1
1962 154
1
1963 127
1
1964 193
1
1965 281
1
1966 241
1
1967 96
1
1968 102
1
1969 216
0
1
1970 41
0
1
1971 164
1
1972 193
1
1973 182
1
1974 85
1
1975 186
0
0
1
1976 306
1
1977 66
1
1978 182
1
1979 20
1
1980 205
1
1981 17
0
1
1982 73
1
1983 19
1
1984 62
0
1
1985 136
1
1986 16
1
1987 15
1
1988 18
1
1989 64
0
1
1990 320
0
1
1991 147
1
1992 78
1
1993 175
1
1994 19
0
1
1995 79
1
1996 245
0
1
1997 309
0
1
1998 22
0
1
1999 71
1
2000 301
1
2001 166
1
2002 10
0
1
2003 48
1
2004 73
1
2005 23
1
2006 274
1
2007 296
1
2008 40
1
2009 68
1
2010 237
1
2011 75
1
2012 194
1
2013 6
1
2014 39
1
2015 2
1
2016 153
1
2017 241
0
1
2018 223
0
1
2019 68
1
2020 231
0
1
2021 240
1
2022 280
0
1
2023 265
0
1
2024 189
0
1
2025 244
0
1
2026 153
0
1
2027 18
0
1
2028 18
1
2029 247
0
1
2030 137
1
2031 65
1
2032 176
1
2033 230
1
2034 94
1
2035 71
0
1
2036 143
1
2037 57
1
2038 36
1
2039 302
1
2040 142
1
2041 7
1
2042 123
1
2043 262
0
1
2044 278
1
2045 187
1
2046 36
1
2047 15
0
1
2048 240
1
2049 204
1
2050 87
1
2051 261
1
2052 8
1
2053 7
1
2054 308
1
2055 202
1
2056 272
1
2057 304
1
2058 306
1
2059 202
1
2060 215
1
2061 146
0
1
2062 28
1
2063 102
1
2064 164
1
2065 133
1
2066 304
0
1
2067 188
1
2068 45
1
2069 33
1
2070 128
0
1
2071 64
1
2072 157
1
2073 155
1
2074 214
1
2075 63
1
2076 241
0
0
1
2077 47
1
2078 79
1
2079 218
1
2080 194
1
2081 262
1
2082 6
1
2083 79
1
2084 136
1
2085 52
1
2086 79
1
2087 136
0
1
2088 121
0
1
2089 230
1
2090 242
1
2091 252
1
2092 88
0
0
0
1
2093 321
1
2094 300
1
2095 150
1
2096 116
0
0
0
1
2097 304
1
2098 142
1
2099 161
1
2100 146
1
2101 104
1
2102 306
1
2103 72
1
2104 275
1
2105 205
1
2106 284
1
2107 266
1
2108 242
1
2109 316
0
1
2110 161
1
2111 151
1
2112 249
0
1
2113 213
0
1
2114 129
1
2115 196
1
2116 297
1
2117 262
0
1
2118 77
0
1
2119 273
1
2120 288
1
2121 98
0
1
2122 253
0
0
0
1
2123 266
0
0
1
2124 286
1
2125 54
1
2126 180
0
1
2127 11
1
2128 86
1
2129 245
0
1
2130 8
1
2131 129
1
2132 301
1
2133 218
1
2134 322
1
2135 3
1
2136 323
1
2137 103
1
2138 120
1
2139 167
1
2140 130
1
2141 299
1
2142 16
1
2143 200
1
2144 316
1
2145 35
1
2146 127
1
2147 30
1
2148 28
1
2149 318
1
2150 203
1
2151 259
1
2152 42
1
2153 231
1
2154 120
1
2155 100
1
2156 304
1
2157 84
1
2158 297
0
1
2159 231
1
2160 95
0
1
2161 271
1
2162 304
1
2163 240
1
2164 323
1
2165 60
1
2166 316
1
2167 42
1
2168 77
1
2169 58
1
2170 316
0
1
2171 273
0
1
2172 136
1
2173 224
0
1
2174 94
1
2175 308
1
2176 38
0
1
2177 175
0
0
1
2178 142
0
1
2179 195
0
1
2180 224
1
2181 218
0
1
2182 270
1
2183 314
1
2184 89
1
2185 306
1
2186 171
1
2187 245
1
2188 266
1
2189 322
1
2190 246
1
2191 152
1
2192 223
1
2193 313
1
2194 69
1
2195 255
1
2196 7
1
2197 168
1
2198 217
0
1
2199 271
1
2200 11
1
2201 201
1
2202 77
1
2203 279
1
2204 242
1
2205 107
1
2206 267
1
2207 264
1
2208 190
1
2209 36
0
1
2210 29
1
2211 56
0
1
2212 180
1
2213 86
1
2214 240
0
1
2215 102
0
1
2216 248
1
2217 87
1
2218 321
1
2219 179
1
2220 237
1
2221 115
1
2222 308
1
2223 90
1
2224 218
1
2225 120
1
2226 170
1
2227 47
1
2228 208
1
2229 54
1
2230 15
1
2231 287
1
2232 209
1
2233 187
1
2234 98
0
1
2235 94
1
2236 78
1
2237 13
1
2238 81
0
0
0
1
2239 235
1
2240 281
1
2241 208
1
2242 18
1
2243 175
1
2244 42
1
2245 279
1
2246 136
1
2247 323
0
1
2248 66
0
1
2249 229
1
2250 266
1
2251 33
1
2252 266
1
2253 184
1
2254 228
0
1
2255 317
0
1
2256 104
1
2257 54
0
1
2258 43
1
2259 226
1
2260 209
1
2261 171
1
2262 93
1
2263 85
0
0
1
2264 198
0
0
1
2265 66
1
2266 139
0
0
1
2267 143
1
2268 303
1
2269 27
1
2270 279
0
0
1
2271 124
1
2272 113
1
2273 94
1
2274 271
1
2275 199
1
2276 209
1
2277 315
0
1
2278 220
1
2279 72
1
2280 205
1
2281 135
1
2282 177
1
2283 263
1
2284 225
1
2285 282
1
2286 162
0
1
2287 318
1
2288 248
1
2289 144
1
2290 56
1
2291 55
1
2292 319
1
2293 71
0
1
2294 85
0
1
2295 311
1
2296 275
1
2297 304
1
2298 44
1
2299 226
1
2300 80
1
2301 45
0
0
1
2302 65
1
2303 73
1
2304 187
1
2305 164
1
2306 213
1
2307 87
0
1
2308 141
0
1
2309 186
1
2310 301
1
2311 19
1
2312 33
1
2313 206
1
2314 293
1
2315 298
1
2316 181
1
2317 284
0
1
2318 7
1
2319 29
0
1
2320 74
1
2321 299
1
2322 79
1
2323 63
1
2324 130
1
2325 158
1
2326 14
0
1
2327 145
1
2328 315
1
2329 178
1
2330 112
1
2331 93
1
2332 245
0
1
2333 168
1
2334 238
1
2335 233
1
2336 36
1
2337 292
0
1
2338 11
1
2339 159
1
2340 115
1
2341 225
1
2342 242
0
0
1
2343 226
0
1
2344 18
1
2345 92
1
2346 323
1
2347 195
0
1
2348 46
0
0
0
1
2349 192
0
1
2350 136
1
2351 74
1
2352 150
1
2353 136
0
1
2354 211
0
0
1
2355 52
0
0
1
2356 299
0
1
2357 61
0
1
2358 247
0
1
2359 101
0
0
1
2360 241
1
2361 42
1
2362 178
1
2363 317
0
0
0
0
1
2364 293
1
2365 19
1
2366 247
1
2367 71
0
0
1
2368 30
1
2369 36
1
2370 216
1
2371 246
0
1
2372 153
1
2373 263
1
2374 162
1
2375 129
1
2376 268
1
2377 42
1
2378 13
1
2379 190
0
1
2380 117
0
1
2381 220
1
2382 302
1
2383 72
1
2384 239
1
2385 182
1
2386 301
0
1
2387 179
1
2388 117
0
1
2389 229
1
2390 215
1
2391 198
1
2392 124
0
1
2393 280
1
2394 217
1
2395 156
1
2396 51
0
0
1
2397 21
0
1
2398 44
1
2399 145
0
0
1
2400 143
1
2401 197
1
2402 276
1
2403 2
1
2404 300
0
0
1
2405 18
1
2406 148
1
2407 135
1
2408 84
1
2409 122
1
2410 80
0
1
2411 45
1
2412 214
1
2413 16
0
1
2414 171
0
0
1
2415 115
1
2416 108
1
2417 6
1
2418 193
0
1
2419 12
1
2420 56
1
2421 88
1
2422 54
0
0
1
2423 124
0
1
2424 18
0
1
2425 187
0
0
1
2426 43
1
2427 102
1
2428 102
1
2429 128
1
2430 283
0
0
1
2431 131
1
2432 169
1
2433 226
1
2434 271
1
2435 22
1
2436 113
1
2437 204
0
0
1
2438 56
0
1
2439 265
0
1
2440 242
1
2441 37
1
2442 136
1
2443 168
1
2444 134
1
2445 145
1
2446 151
1
2447 9
1
2448 197
1
2449 255
1
2450 36
1
2451 202
0
1
2452 66
1
2453 223
1
2454 260
0
1
2455 178
1
2456 9
1
2457 80
0
0
1
2458 306
1
2459 7
0
1
2460 186
1
2461 175
1
2462 59
1
2463 143
1
2464 46
1
2465 133
0
0
1
2466 136
1
2467 225
1
2468 55
1
2469 259
1
2470 196
0
1
2471 59
0
1
2472 223
1
2473 91
1
2474 39
1
2475 141
0
1
2476 179
1
2477 17
1
2478 273
1
2479 152
1
2480 196
1
2481 185
1
2482 135
0
1
2483 45
1
2484 53
0
0
0
1
2485 82
1
2486 142
0
1
2487 306
1
2488 64
1
2489 214
0
0
1
2490 195
0
1
2491 84
1
2492 268
0
1
2493 61
1
2494 268
1
2495 217
1
2496 34
1
2497 238
1
2498 40
1
2499 153
1
2500 129
0
1
2501 249
0
1
2502 84
0
1
2503 266
1
2504 276
1
2505 52
0
0
1
2506 227
0
0
1
2507 209
1
2508 83
1
2509 125
1
2510 4
1
2511 268
1
2512 96
0
1
2513 140
1
2514 22
0
1
2515 138
0
0
1
2516 206
1
2517 303
1
2518 213
0
0
1
2519 291
1
2520 254
1
2521 192
1
2522 200
0
1
2523 192
1
2524 164
0
1
2525 92
1
2526 182
1
2527 52
1
2528 136
1
2529 208
0
1
2530 76
1
2531 313
0
1
2532 194
1
2533 15
1
2534 216
0
1
2535 185
1
2536 10
1
2537 105
0
0
0
0
0
0
1
2538 299
0
1
2539 133
0
1
2540 162
0
1
2541 241
1
2542 301
1
2543 273
0
1
2544 132
1
2545 137
1
2546 279
1
2547 79
1
2548 235
1
2549 179
1
2550 57
1
2551 275
0
1
2552 103
1
2553 15
0
0
1
2554 201
1
2555 83
0
1
2556 214
1
2557 121
1
2558 83
0
1
2559 177
1
2560 113
0
1
2561 187
0
1
2562 122
1
2563 205
0
0
1
2564 298
0
1
2565 268
1
2566 131
1
2567 315
1
2568 42
1
2569 15
1
2570 216
1
2571 316
1
2572 273
0
1
2573 305
1
2574 171
0
0
1
2575 100
1
2576 136
0
1
2577 303
0
1
2578 257
1
2579 253
1
2580 118
0
1
2581 136
1
2582 295
1
2583 37
1
2584 165
0
1
2585 301
1
2586 17
1
2587 221
1
2588 8
0
1
2589 95
1
2590 198
1
2591 44
1
2592 171
0
1
2593 120
0
1
2594 183
1
2595 260
1
2596 153
1
2597 89
1
2598 305
1
2599 262
0
1
2600 95
0
1
2601 247
1
2602 39
1
2603 89
1
2604 3
1
2605 15
0
1
2606 308
1
2607 319
1
2608 263
1
2609 114
0
1
2610 283
1
2611 136
1
2612 84
1
2613 169
1
2614 316
1
2615 268
0
1
2616 281
0
0
0
1
2617 35
1
2618 21
1
2619 79
1
2620 85
1
2621 26
0
1
2622 79
0
0
1
2623 217
1
2624 45
1
2625 172
0
1
2626 83
1
2627 184
1
2628 247
0
1
2629 262
1
2630 55
1
2631 211
1
2632 140
1
2633 74
1
2634 26
1
2635 20
1
2636 170
1
2637 135
0
0
1
2638 262
0
1
2639 117
0
1
2640 33
1
2641 31
1
2642 241
1
2643 265
0
0
0
0
0
1
2644 174
1
2645 145
0
1
2646 60
1
2647 297
1
2648 230
0
0
0
1
2649 118
1
2650 47
0
0
1
2651 89
1
2652 185
1
2653 278
0
1
2654 112
1
2655 64
1
2656 9
1
2657 216
1
2658 160
1
2659 222
1
2660 214
1
2661 155
1
2662 242
1
2663 33
1
2664 33
0
0
0
1
2665 263
1
2666 300
1
2667 3
1
2668 291
1
2669 59
1
2670 132
0
0
1
2671 286
1
2672 129
0
0
1
2673 101
0
1
2674 235
1
2675 140
1
2676 249
1
2677 193
0
0
0
1
2678 301
1
2679 288
1
2680 246
0
0
1
2681 16
0
1
2682 169
1
2683 124
0
0
1
2684 193
0
0
1
2685 87
1
2686 90
1
2687 121
1
2688 218
1
2689 64
1
2690 249
1
2691 178
1
2692 303
0
0
1
2693 106
1
2694 263
0
0
1
2695 162
1
2696 257
1
2697 207
1
2698 145
1
2699 144
1
2700 56
0
0
1
2701 111
1
2702 320
1
2703 97
1
2704 295
1
2705 266
1
2706 55
1
2707 15
1
2708 162
0
1
2709 290
1
2710 235
1
2711 312
0
1
2712 273
0
0
1
2713 98
1
2714 214
0
0
1
2715 46
1
2716 33
1
2717 280
0
1
2718 182
1
2719 161
1
2720 183
1
2721 35
1
2722 126
0
1
2723 79
0
1
2724 81
0
1
2725 112
0
1
2726 36
1
2727 311
0
0
1
2728 26
1
2729 187
1
2730 21
1
2731 219
1
2732 171
0
1
2733 146
0
1
2734 96
1
2735 261
1
2736 260
1
2737 250
1
2738 39
1
2739 318
0
1
2740 14
1
2741 144
1
2742 195
1
2743 58
1
2744 107
1
2745 203
1
2746 113
1
2747 102
0
1
2748 257
0
1
2749 320
0
1
2750 137
1
2751 184
1
2752 93
0
1
2753 266
0
1
2754 308
1
2755 211
1
2756 28
1
2757 260
0
0
0
1
2758 76
0
0
1
2759 254
0
0
1
2760 258
1
2761 61
1
2762 50
0
1
2763 179
1
2764 40
1
2765 233
0
0
0
1
2766 81
1
2767 176
0
0
0
0
0
1
2768 139
1
2769 226
1
2770 196
1
2771 275
0
0
1
2772 110
1
2773 316
1
2774 207
1
2775 214
1
2776 306
0
0
0
0
1
2777 146
1
2778 178
1
2779 192
1
2780 33
0
0
1
2781 17
1
2782 148
1
2783 165
0
1
2784 84
1
2785 197
1
2786 290
0
1
2787 122
1
2788 117
0
1
2789 201
0
1
2790 217
0
1
2791 34
1
2792 22
0
1
2793 224
1
2794 297
1
2795 223
1
2796 139
0
1
2797 319
1
2798 214
1
2799 61
1
2800 315
1
2801 190
1
2802 83
0
0
0
1
2803 259
0
1
2804 7
1
2805 178
0
1
2806 302
1
2807 317
1
2808 51
1
2809 299
1
2810 108
0
0
1
2811 114
0
1
2812 291
0
0
1
2813 105
1
2814 311
0
1
2815 274
0
1
2816 230
0
1
2817 214
1
2818 10
1
2819 246
1
2820 283
0
1
2821 229
0
1
2822 69
0
0
1
2823 28
1
2824 239
0
0
1
2825 232
1
2826 319
1
2827 263
1
2828 207
1
2829 205
1
2830 72
1
2831 244
0
1
2832 215
1
2833 84
1
2834 155
0
1
2835 155
1
2836 151
1
2837 214
1
2838 17
1
2839 91
1
2840 45
0
0
1
2841 273
1
2842 164
1
2843 107
1
2844 16
1
2845 188
1
2846 244
1
2847 218
1
2848 39
0
1
2849 73
0
1
2850 90
1
2851 199
1
2852 157
1
2853 317
0
1
2854 295
1
2855 277
0
1
2856 90
1
2857 48
1
2858 15
1
2859 43
1
2860 163
1
2861 159
1
2862 215
0
1
2863 46
0
1
2864 286
0
1
2865 42
1
2866 146
0
1
2867 21
1
2868 164
1
2869 46
1
2870 160
0
1
2871 205
1
2872 219
0
1
2873 268
1
2874 182
0
1
2875 284
1
2876 72
1
2877 140
0
0
1
2878 191
0
1
2879 247
1
2880 12
1
2881 75
0
1
2882 17
1
2883 90
1
2884 183
1
2885 100
1
2886 99
1
2887 90
1
2888 97
1
2889 196
1
2890 160
1
2891 62
1
2892 13
0
0
1
2893 86
1
2894 268
1
2895 259
0
1
2896 308
1
2897 12
1
2898 237
0
1
2899 55
1
2900 161
0
1
2901 117
1
2902 181
0
1
2903 72
1
2904 264
1
2905 263
1
2906 206
1
2907 67
0
1
2908 319
1
2909 315
0
1
2910 83
1
2911 214
1
2912 145
1
2913 222
1
2914 275
1
2915 264
1
2916 7
1
2917 267
1
2918 87
0
1
2919 314
0
1
2920 240
1
2921 173
1
2922 95
1
2923 188
1
2924 231
1
2925 3
0
0
1
2926 250
1
2927 322
1
2928 287
0
0
1
2929 268
1
2930 62
1
2931 294
1
2932 48
1
2933 190
1
2934 194
1
2935 174
0
0
1
2936 117
1
2937 77
0
1
2938 62
0
1
2939 72
0
1
2940 67
1
2941 233
0
1
2942 267
1
2943 252
0
0
0
0
1
2944 2
1
2945 220
1
2946 244
1
2947 48
0
1
2948 192
0
0
1
2949 271
1
2950 16
0
1
2951 31
1
2952 166
0
1
2953 213
0
0
1
2954 122
1
2955 313
1
2956 78
1
2957 167
1
2958 117
1
2959 90
0
1
2960 221
1
2961 227
1
2962 46
1
2963 250
1
2964 97
0
0
1
2965 211
1
2966 187
1
2967 79
1
2968 198
1
2969 42
1
2970 234
1
2971 136
1
2972 27
1
2973 158
0
0
1
2974 101
0
1
2975 6
0
1
2976 210
1
2977 128
1
2978 104
1
2979 262
1
2980 237
1
2981 312
1
2982 232
1
2983 126
1
2984 170
0
1
2985 55
0
1
2986 126
1
2987 161
0
1
2988 169
1
2989 165
1
2990 155
1
2991 113
1
2992 55
0
1
2993 214
1
2994 268
1
2995 53
1
2996 235
1
2997 207
0
1
2998 308
1
2999 296
1
3000 162
1
3001 102
1
3002 39
1
3003 34
0
1
3004 28
1
3005 123
1
3006 192
0
1
3007 72
0
0
0
1
3008 7
0
1
3009 268
0
1
3010 77
0
1
3011 156
0
1
3012 28
0
1
3013 87
1
3014 263
0
1
3015 138
0
0
1
3016 313
1
3017 158
0
1
3018 189
1
3019 314
1
3020 79
0
1
3021 123
1
3022 118
1
3023 236
1
3024 222
1
3025 203
1
3026 119
1
3027 127
0
0
1
3028 182
0
1
3029 241
1
3030 22
0
0
0
1
3031 43
1
3032 149
0
1
3033 141
1
3034 149
1
3035 319
0
1
3036 134
1
3037 24
1
3038 16
0
1
3039 124
1
3040 170
0
0
0
0
1
3041 17
1
3042 195
0
1
3043 69
0
1
3044 228
1
3045 245
1
3046 265
1
3047 180
0
0
1
3048 116
1
3049 18
0
1
3050 190
1
3051 178
1
3052 158
0
0
1
3053 159
0
1
3054 240
0
1
3055 35
0
0
1
3056 59
1
3057 142
1
3058 65
1
3059 236
1
3060 57
1
3061 207
1
3062 7
1
3063 117
0
1
3064 285
1
3065 313
1
3066 287
1
3067 285
1
3068 140
1
3069 62
1
3070 164
0
0
1
3071 202
0
1
3072 268
0
1
3073 122
1
3074 150
1
3075 3
0
0
0
1
3076 149
1
3077 190
0
1
3078 234
1
3079 154
0
1
3080 20
1
3081 226
0
0
1
3082 28
1
3083 159
1
3084 303
1
3085 122
0
0
1
3086 11
1
3087 162
0
1
3088 127
1
3089 90
0
0
0
1
3090 238
1
3091 202
0
0
1
3092 121
1
3093 273
1
3094 51
0
0
1
3095 110
0
1
3096 181
1
3097 22
1
3098 14
1
3099 35
0
1
3100 58
1
3101 96
0
1
3102 217
0
1
3103 63
0
1
3104 155
0
1
3105 228
0
0
1
3106 99
1
3107 61
0
1
3108 316
0
1
3109 238
1
3110 115
0
0
0
0
1
3111 249
0
0
1
3112 69
1
3113 125
0
1
3114 197
1
3115 236
1
3116 294
0
0
0
1
3117 144
1
3118 28
1
3119 13
1
3120 185
1
3121 206
0
1
3122 236
1
3123 268
0
1
3124 122
0
0
1
3125 229
1
3126 52
1
3127 208
0
0
0
1
3128 160
0
1
3129 180
0
1
3130 273
1
3131 93
1
3132 207
0
0
1
3133 232
1
3134 22
0
0
0
1
3135 105
1
3136 225
1
3137 200
1
3138 287
0
1
3139 120
1
3140 18
1
3141 254
1
3142 241
1
3143 224
1
3144 224
1
3145 92
0
1
3146 316
1
3147 44
1
3148 308
0
1
3149 130
0
1
3150 262
0
0
1
3151 139
0
1
3152 170
1
3153 42
0
0
0
0
1
3154 228
1
3155 176
0
0
1
3156 234
1
3157 92
0
1
3158 259
1
3159 164
1
3160 10
0
1
3161 141
0
0
0
0
0
1
3162 173
1
3163 94
0
0
1
3164 238
0
1
3165 31
1
3166 298
1
3167 15
1
3168 110
1
3169 88
0
1
3170 271
1
3171 197
0
0
1
3172 52
1
3173 27
1
3174 297
1
3175 16
0
1
3176 16
0
0
0
1
3177 199
0
1
3178 126
0
1
3179 37
0
1
3180 13
1
3181 298
1
3182 200
1
3183 10
0
0
1
3184 288
1
3185 56
1
3186 203
1
3187 256
1
3188 111
1
3189 152
0
0
0
1
3190 56
1
3191 257
1
3192 139
1
3193 45
1
3194 55
0
0
1
3195 178
1
3196 322
1
3197 274
1
3198 313
1
3199 206
0
1
3200 81
0
0
0
1
3201 49
1
3202 198
0
0
1
3203 17
0
1
3204 92
1
3205 295
0
0
1
3206 321
1
3207 304
1
3208 190
1
3209 270
0
1
3210 28
1
3211 49
1
3212 187
1
3213 254
1
3214 160
1
3215 300
1
3216 156
1
3217 202
1
3218 251
0
1
3219 304
0
0
1
3220 103
1
3221 235
1
3222 171
1
3223 159
0
1
3224 39
1
3225 290
0
1
3226 192
0
1
3227 238
0
0
0
0
1
3228 299
1
3229 195
1
3230 160
0
1
3231 298
1
3232 248
0
1
3233 82
1
3234 28
0
0
0
1
3235 38
1
3236 184
1
3237 38
1
3238 228
1
3239 249
1
3240 198
1
3241 34
0
0
1
3242 76
0
0
1
3243 241
1
3244 258
0
0
1
3245 207
1
3246 207
0
1
3247 245
1
3248 22
0
0
1
3249 239
1
3250 305
1
3251 190
0
1
3252 112
1
3253 233
0
1
3254 261
0
0
1
3255 177
1
3256 35
1
3257 14
0
1
3258 76
1
3259 42
1
3260 215
0
1
3261 148
1
3262 46
0
0
0
1
3263 228
1
3264 190
1
3265 317
0
0
1
3266 255
0
0
0
1
3267 131
0
1
3268 167
0
0
1
3269 53
0
1
3270 230
1
3271 46
0
0
0
1
3272 85
0
0
1
3273 55
1
3274 117
1
3275 62
1
3276 249
0
1
3277 196
0
0
0
1
3278 117
1
3279 122
1
3280 196
1
3281 323
0
1
3282 237
0
1
3283 31
1
3284 185
1
3285 315
0
0
0
1
3286 242
1
3287 216
1
3288 97
0
1
3289 204
1
3290 161
1
3291 264
0
1
3292 86
1
3293 264
0
0
0
0
0
0
0
0
1
3294 22
1
3295 79
1
3296 301
1
3297 67
1
3298 257
0
1
3299 142
1
3300 178
1
3301 192
0
1
3302 212
0
1
3303 273
0
1
3304 14
0
1
3305 27
0
0
0
1
3306 299
1
3307 226
1
3308 136
1
3309 241
0
0
0
1
3310 128
1
3311 289
1
3312 225
1
3313 108
1
3314 274
0
0
0
0
1
3315 128
0
0
1
3316 118
1
3317 75
0
0
0
1
3318 187
1
3319 188
1
3320 18
1
3321 162
1
3322 226
1
3323 257
1
3324 182
1
3325 134
0
1
3326 2
1
3327 295
1
3328 122
0
0
0
0
0
1
3329 75
0
1
3330 101
0
1
3331 230
1
3332 153
1
3333 235
0
1
3334 232
1
3335 155
1
3336 50
0
1
3337 246
1
3338 309
1
3339 188
0
0
0
1
3340 282
1
3341 145
0
1
3342 256
1
3343 184
1
3344 312
1
3345 16
0
0
0
1
3346 195
0
0
0
0
1
3347 311
1
3348 164
1
3349 263
1
3350 120
0
0
1
3351 236
0
0
0
0
0
0
1
3352 18
1
3353 303
1
3354 70
1
3355 228
1
3356 172
1
3357 77
0
1
3358 153
1
3359 98
0
0
1
3360 252
1
3361 25
0
1
3362 214
0
1
3363 219
1
3364 236
1
3365 65
1
3366 260
1
3367 125
0
0
1
3368 206
0
0
0
1
3369 205
0
0
0
1
3370 217
0
0
1
3371 68
1
3372 195
0
0
1
3373 101
0
0
1
3374 172
1
3375 299
0
0
0
1
3376 37
1
3377 7
1
3378 180
0
1
3379 232
0
1
3380 156
1
3381 121
0
0
0
1
3382 2
1
3383 221
0
1
3384 16
0
1
3385 321
1
3386 9
0
0
1
3387 35
1
3388 56
0
1
3389 233
0
0
0
0
1
3390 35
1
3391 121
1
3392 249
1
3393 67
0
0
1
3394 107
1
3395 177
1
3396 108
0
0
0
1
3397 255
1
3398 136
1
3399 312
0
1
3400 166
0
1
3401 300
1
3402 110
1
3403 85
0
1
3404 307
0
1
3405 253
1
3406 215
1
3407 281
1
3408 251
0
1
3409 181
1
3410 231
1
3411 4
1
3412 320
0
0
1
3413 111
1
3414 266
0
0
1
3415 125
0
1
3416 179
0
0
1
3417 27
0
0
1
3418 140
1
3419 129
1
3420 6
0
0
1
3421 108
1
3422 253
1
3423 48
1
3424 290
0
0
1
3425 161
0
1
3426 263
1
3427 116
1
3428 146
1
3429 278
1
3430 28
1
3431 52
0
1
3432 19
1
3433 80
0
0
0
1
3434 307
0
1
3435 244
1
3436 80
1
3437 298
0
0
1
3438 176
0
1
3439 7
0
1
3440 32
1
3441 81
0
0
1
3442 49
0
0
1
3443 238
0
0
1
3444 7
1
3445 81
1
3446 304
1
3447 217
1
3448 17
1
3449 16
1
3450 182
0
0
1
3451 106
0
1
3452 163
1
3453 128
0
1
3454 151
0
0
1
3455 74
1
3456 190
1
3457 86
1
3458 295
1
3459 146
0
1
3460 202
0
1
3461 186
0
1
3462 55
0
0
1
3463 42
0
0
1
3464 273
0
1
3465 244
1
3466 322
0
1
3467 278
1
3468 57
1
3469 218
0
1
3470 145
0
0
1
3471 182
1
3472 249
0
1
3473 244
1
3474 123
0
1
3475 167
0
1
3476 93
0
1
3477 257
0
0
0
0
0
1
3478 287
1
3479 265
0
1
3480 159
0
0
0
1
3481 235
1
3482 310
0
1
3483 115
0
1
3484 223
1
3485 20
0
1
3486 8
0
0
1
3487 83
1
3488 223
1
3489 167
0
0
1
3490 283
1
3491 187
1
3492 70
0
1
3493 23
0
0
1
3494 15
0
1
3495 10
0
1
3496 186
0
1
3497 27
0
1
3498 249
0
0
0
0
1
3499 271
0
1
3500 268
0
0
0
1
3501 214
0
0
0
0
1
3502 214
1
3503 138
0
0
0
0
1
3504 78
0
0
1
3505 257
0
1
3506 167
1
3507 99
1
3508 305
1
3509 275
1
3510 250
0
0
0
0
0
1
3511 124
1
3512 13
0
0
1
3513 242
1
3514 133
0
0
1
3515 115
1
3516 251
1
3517 193
0
0
0
0
1
3518 115
1
3519 80
1
3520 16
0
1
3521 297
1
3522 285
1
3523 61
0
1
3524 157
1
3525 308
0
0
1
3526 273
0
1
3527 115
1
3528 212
0
1
3529 185
1
3530 3
1
3531 5
0
1
3532 40
0
1
3533 83
1
3534 2
0
0
1
3535 43
1
3536 269
1
3537 103
1
3538 66
1
3539 151
0
1
3540 266
0
1
3541 51
0
1
3542 269
0
0
1
3543 84
1
3544 197
0
0
1
3545 143
0
0
0
1
3546 39
1
3547 222
0
1
3548 273
0
0
1
3549 264
1
3550 184
0
0
1
3551 262
0
1
3552 216
1
3553 213
1
3554 10
0
1
3555 45
1
3556 167
1
3557 263
1
3558 48
1
3559 112
1
3560 30
0
0
1
3561 260
0
1
3562 84
1
3563 62
0
1
3564 211
0
1
3565 305
0
0
1
3566 266
0
1
3567 146
1
3568 189
1
3569 40
0
0
0
1
3570 198
1
3571 320
1
3572 108
0
1
3573 275
0
1
3574 50
0
1
3575 26
0
1
3576 300
0
1
3577 243
0
1
3578 156
1
3579 253
1
3580 197
0
1
3581 79
1
3582 3
1
3583 140
0
0
0
1
3584 71
1
3585 271
1
3586 12
0
0
1
3587 11
1
3588 119
1
3589 269
0
1
3590 244
0
0
0
1
3591 243
0
1
3592 4
1
3593 154
1
3594 92
0
0
0
1
3595 47
0
1
3596 301
1
3597 28
1
3598 220
1
3599 187
0
1
3600 270
1
3601 273
1
3602 99
0
0
0
0
0
1
3603 111
1
3604 295
1
3605 215
1
3606 247
1
3607 13
1
3608 231
1
3609 266
1
3610 271
0
1
3611 142
1
3612 41
0
1
3613 217
0
0
0
0
0
1
3614 287
1
3615 256
1
3616 180
0
1
3617 269
1
3618 59
0
0
1
3619 215
1
3620 301
0
1
3621 242
1
3622 79
1
3623 95
1
3624 217
1
3625 217
0
0
1
3626 178
1
3627 139
1
3628 241
1
3629 89
0
0
1
3630 293
0
0
0
0
0
1
3631 109
1
3632 217
1
3633 275
0
1
3634 316
0
1
3635 74
0
0
1
3636 234
0
1
3637 229
0
1
3638 85
1
3639 228
0
1
3640 247
1
3641 94
1
3642 195
0
1
3643 235
1
3644 41
1
3645 80
1
3646 178
0
0
1
3647 112
1
3648 292
0
1
3649 54
1
3650 229
1
3651 51
0
1
3652 160
1
3653 268
1
3654 216
0
0
0
1
3655 156
1
3656 20
0
1
3657 119
0
0
1
3658 299
0
0
0
0
0
0
1
3659 55
0
1
3660 268
0
0
1
3661 245
0
0
1
3662 112
1
3663 45
1
3664 293
1
3665 114
0
1
3666 251
1
3667 194
0
1
3668 296
0
0
0
1
3669 8
0
0
0
1
3670 4
1
3671 273
1
3672 120
0
0
1
3673 81
0
1
3674 182
0
1
3675 131
0
1
3676 222
1
3677 292
0
0
1
3678 166
1
3679 63
1
3680 148
0
1
3681 251
1
3682 300
0
1
3683 229
1
3684 162
0
1
3685 55
0
0
1
3686 35
1
3687 9
0
0
0
1
3688 79
0
1
3689 70
1
3690 56
0
1
3691 35
1
3692 167
1
3693 300
1
3694 178
0
1
3695 131
1
3696 21
0
1
3697 176
0
0
0
1
3698 294
0
1
3699 69
0
0
1
3700 202
1
3701 2
0
0
1
3702 187
1
3703 104
1
3704 75
1
3705 7
0
1
3706 240
0
0
1
3707 14
1
3708 135
1
3709 28
0
1
3710 256
0
0
1
3711 223
1
3712 189
1
3713 179
1
3714 217
0
1
3715 141
0
0
1
3716 177
0
0
1
3717 168
0
1
3718 256
1
3719 121
1
3720 195
0
0
0
1
3721 128
0
0
0
1
3722 77
0
1
3723 286
1
3724 102
0
0
0
1
3725 292
0
1
3726 146
0
0
1
3727 310
0
0
1
3728 183
0
1
3729 317
0
1
3730 273
0
0
1
3731 251
0
0
0
0
1
3732 97
1
3733 89
1
3734 308
0
1
3735 270
1
3736 228
0
1
3737 217
1
3738 93
0
0
0
1
3739 158
1
3740 257
1
3741 207
0
1
3742 320
1
3743 254
1
3744 260
0
1
3745 319
1
3746 217
0
0
0
0
1
3747 36
0
0
0
0
0
1
3748 260
0
0
1
3749 82
0
0
1
3750 127
0
1
3751 268
0
0
1
3752 127
0
1
3753 188
0
0
0
1
3754 102
0
0
1
3755 11
1
3756 60
1
3757 245
0
0
1
3758 307
1
3759 29
1
3760 155
1
3761 233
0
0
1
3762 190
1
3763 174
1
3764 167
1
3765 91
1
3766 315
1
3767 15
0
0
0
1
3768 64
1
3769 105
1
3770 296
0
1
3771 78
0
0
1
3772 51
1
3773 119
1
3774 271
1
3775 119
1
3776 276
1
3777 317
0
1
3778 162
0
0
1
3779 160
0
1
3780 141
0
0
0
0
1
3781 110
1
3782 183
0
1
3783 29
0
0
0
0
1
3784 107
1
3785 247
1
3786 303
1
3787 39
1
3788 312
1
3789 107
1
3790 181
0
0
1
3791 18
0
0
0
1
3792 174
0
1
3793 100
0
0
1
3794 90
0
1
3795 304
1
3796 121
0
0
1
3797 191
1
3798 191
0
1
3799 16
1
3800 217
1
3801 72
1
3802 213
0
0
1
3803 151
0
0
1
3804 273
0
0
1
3805 214
1
3806 215
1
3807 112
0
1
3808 224
1
3809 297
1
3810 245
1
3811 51
1
3812 33
1
3813 26
0
1
3814 82
0
1
3815 15
1
3816 85
1
3817 161
0
0
0
1
3818 181
1
3819 50
1
3820 311
1
3821 297
1
3822 207
1
3823 2
0
0
0
1
3824 288
0
1
3825 38
0
0
1
3826 174
0
0
1
3827 290
0
0
1
3828 199
1
3829 138
1
3830 14
0
1
3831 140
1
3832 244
0
0
1
3833 222
1
3834 219
1
3835 321
0
0
0
1
3836 304
1
3837 139
1
3838 225
0
0
1
3839 191
0
1
3840 25
1
3841 115
0
1
3842 293
0
1
3843 208
0
1
3844 34
1
3845 70
0
0
0
1
3846 121
1
3847 82
0
1
3848 87
0
1
3849 38
1
3850 201
0
0
0
0
1
3851 234
0
0
1
3852 308
0
1
3853 148
1
3854 304
0
0
0
1
3855 75
0
0
0
0
1
3856 173
0
0
1
3857 175
1
3858 207
1
3859 250
0
0
1
3860 192
1
3861 25
1
3862 229
0
1
3863 109
0
0
0
0
1
3864 214
0
0
1
3865 181
1
3866 56
1
3867 36
0
0
0
0
0
1
3868 79
1
3869 54
1
3870 72
0
1
3871 267
1
3872 305
0
0
1
3873 27
1
3874 199
1
3875 246
0
0
1
3876 258
1
3877 304
0
1
3878 113
1
3879 162
0
0
1
3880 317
0
0
0
1
3881 93
0
0
1
3882 50
0
1
3883 301
0
1
3884 228
0
0
1
3885 15
1
3886 7
1
3887 152
0
0
1
3888 252
1
3889 290
0
0
0
0
0
0
0
0
0
1
3890 199
1
3891 175
0
0
1
3892 154
0
0
1
3893 85
1
3894 283
0
0
0
0
1
3895 109
1
3896 29
1
3897 241
1
3898 297
1
3899 72
1
3900 111
0
0
1
3901 280
0
0
0
1
3902 53
1
3903 125
0
1
3904 35
0
0
1
3905 123
1
3906 144
0
1
3907 128
0
0
0
0
1
3908 15
1
3909 45
0
0
0
1
3910 305
0
0
0
0
0
0
0
0
0
0
0
0
1
3911 6
0
0
0
1
3912 220
1
3913 6
0
1
3914 215
1
3915 274
0
1
3916 272
1
3917 273
0
0
1
3918 9
1
3919 138
1
3920 290
0
1
3921 30
1
3922 86
1
3923 117
0
0
1
3924 72
1
3925 13
1
3926 130
0
1
3927 12
1
3928 291
0
1
3929 298
0
0
1
3930 113
1
3931 37
0
0
0
1
3932 167
1
3933 225
0
1
3934 306
1
3935 277
0
0
1
3936 84
1
3937 304
1
3938 263
1
3939 104
0
1
3940 247
1
3941 233
0
1
3942 280
1
3943 195
1
3944 62
0
0
0
1
3945 6
0
0
0
1
3946 125
1
3947 80
0
0
1
3948 16
1
3949 81
1
3950 201
1
3951 140
0
0
1
3952 184
1
3953 90
0
1
3954 277
1
3955 156
0
1
3956 146
0
0
1
3957 210
1
3958 201
0
1
3959 103
0
1
3960 257
0
1
3961 193
1
3962 314
0
1
3963 40
0
0
1
3964 299
0
0
0
1
3965 273
1
3966 9
0
1
3967 284
1
3968 73
1
3969 192
0
0
0
0
1
3970 247
1
3971 199
0
0
1
3972 65
1
3973 40
0
1
3974 204
0
1
3975 241
0
0
0
0
1
3976 36
0
0
0
1
3977 57
0
0
1
3978 72
1
3979 222
0
0
0
1
3980 223
0
0
0
0
1
3981 117
1
3982 131
0
1
3983 283
1
3984 294
0
0
1
3985 274
0
1
3986 317
0
0
0
0
0
1
3987 206
1
3988 280
0
1
3989 144
0
0
0
0
1
3990 18
0
0
0
0
1
3991 122
0
1
3992 310
0
0
0
1
3993 162
0
1
3994 15
1
3995 290
0
1
3996 101
0
0
1
3997 313
0
0
0
1
3998 187
0
0
0
1
3999 220
0
0
0
0
1
4000 34
1
4001 122
1
4002 283
0
0
0
0
1
4003 56
0
0
1
4004 51
0
0
1
4005 169
0
1
4006 79
0
0
0
1
4007 281
1
4008 11
0
0
0
1
4009 10
0
0
0
1
4010 90
0
1
4011 115
0
0
1
4012 311
1
4013 142
0
1
4014 33
1
4015 40
1
4016 7
0
1
4017 105
0
0
0
0
1
4018 147
1
4019 31
0
0
1
4020 5
0
1
4021 95
0
1
4022 79
1
4023 123
1
4024 194
0
0
1
4025 222
0
1
4026 310
1
4027 83
0
0
1
4028 207
0
1
4029 237
0
1
4030 278
0
1
4031 166
0
0
0
1
4032 221
1
4033 293
0
0
0
0
1
4034 296
1
4035 275
1
4036 215
1
4037 116
0
0
1
4038 299
1
4039 183
1
4040 278
0
1
4041 321
0
1
4042 264
0
0
1
4043 72
1
4044 87
0
1
4045 119
0
1
4046 4
1
4047 306
0
1
4048 136
0
0
1
4049 146
0
0
1
4050 76
0
1
4051 86
1
4052 180
1
4053 259
1
4054 47
0
0
0
1
4055 30
1
4056 174
1
4057 184
0
0
1
4058 139
1
4059 31
0
1
4060 174
0
1
4061 117
1
4062 98
0
1
4063 8
1
4064 142
1
4065 139
0
1
4066 253
0
0
1
4067 319
0
0
0
0
1
4068 115
0
0
1
4069 194
0
0
0
1
4070 15
1
4071 136
0
1
4072 34
1
4073 12
0
1
4074 62
1
4075 222
1
4076 31
1
4077 125
1
4078 98
1
4079 180
0
0
1
4080 31
1
4081 317
0
0
1
4082 240
1
4083 123
1
4084 321
1
4085 304
0
0
0
1
4086 4
0
0
0
0
0
1
4087 178
0
0
0
0
0
1
4088 313
0
0
0
1
4089 206
1
4090 7
0
0
0
0
1
4091 81
1
4092 42
1
4093 149
0
0
0
0
1
4094 155
0
0
0
0
0
0
1
4095 170
1
4096 47
1
4097 93
1
4098 184
0
1
4099 311
1
4100 149
0
0
0
0
0
1
4101 175
1
4102 254
0
0
1
4103 130
0
1
4104 61
0
0
0
0
1
4105 287
0
0
0
1
4106 105
0
1
4107 294
0
0
0
0
0
0
1
4108 47
0
1
4109 126
1
4110 79
0
1
4111 38
1
4112 79
0
1
4113 7
1
4114 188
1
4115 321
0
0
1
4116 111
1
4117 309
0
0
0
0
1
4118 78
1
4119 174
0
0
0
1
4120 146
0
0
1
4121 187
0
0
0
1
4122 114
0
0
0
0
0
1
4123 213
0
1
4124 76
1
4125 58
1
4126 232
0
0
1
4127 217
1
4128 141
1
4129 274
0
1
4130 120
1
4131 172
1
4132 239
0
0
0
0
0
0
1
4133 258
1
4134 87
0
1
4135 167
0
0
0
1
4136 148
1
4137 190
1
4138 276
0
0
0
1
4139 286
0
0
0
0
1
4140 284
0
1
4141 143
1
4142 158
1
4143 88
0
0
0
1
4144 296
0
1
4145 161
0
1
4146 52
0
0
0
0
1
4147 47
1
4148 216
0
0
1
4149 294
0
1
4150 60
0
1
4151 299
1
4152 202
0
1
4153 234
0
0
1
4154 96
1
4155 207
0
0
0
0
0
1
4156 27
0
0
0
1
4157 302
0
0
0
0
0
0
0
0
1
4158 137
1
4159 192
0
0
0
1
4160 206
0
0
1
4161 58
1
4162 201
0
0
1
4163 79
0
0
0
1
4164 220
0
0
0
1
4165 187
0
1
4166 217
1
4167 177
0
0
0
1
4168 217
1
4169 231
0
0
1
4170 303
1
4171 38
0
1
4172 105
1
4173 81
0
1
4174 247
0
0
0
0
1
4175 50
0
0
0
1
4176 8
0
1
4177 283
1
4178 179
0
0
1
4179 241
0
0
1
4180 15
0
1
4181 130
0
0
1
4182 23
0
1
4183 50
0
0
1
4184 122
1
4185 307
1
4186 261
0
0
0
0
0
0
1
4187 67
1
4188 66
0
0
0
1
4189 132
0
0
0
1
4190 309
0
0
1
4191 304
0
0
1
4192 85
0
0
0
0
1
4193 46
0
0
1
4194 47
0
0
0
1
4195 106
0
0
0
0
0
1
4196 242
0
1
4197 288
1
4198 162
0
0
1
4199 122
0
0
1
4200 261
0
0
1
4201 300
1
4202 217
0
0
0
1
4203 125
0
0
1
4204 125
1
4205 108
0
1
4206 189
1
4207 308
1
4208 69
1
4209 274
1
4210 134
0
1
4211 271
0
0
0
0
0
0
1
4212 230
0
0
0
0
0
1
4213 42
1
4214 132
0
0
1
4215 81
1
4216 26
0
0
0
0
0
1
4217 88
0
0
1
4218 118
0
0
0
0
1
4219 159
0
0
0
1
4220 240
1
4221 70
0
0
0
0
0
1
4222 163
0
0
1
4223 143
0
1
4224 245
1
4225 91
0
0
1
4226 144
1
4227 298
0
1
4228 44
1
4229 95
0
0
0
0
0
0
1
4230 64
0
1
4231 172
0
0
0
0
1
4232 43
1
4233 311
0
0
1
4234 2
1
4235 170
0
0
1
4236 178
0
0
0
0
0
1
4237 57
1
4238 303
0
0
1
4239 319
0
0
1
4240 11
0
0
0
0
1
4241 36
0
1
4242 215
0
0
0
0
0
0
0
0
0
0
0
0
0
0
0
0
0
0
0
1
4243 287
1
4244 7
0
0
1
4245 9
0
0
0
0
1
4246 50
0
0
1
4247 180
0
0
0
0
1
4248 271
1
4249 131
0
0
1
4250 276
0
0
0
0
0
0
0
1
4251 297
1
4252 285
0
0
1
4253 179
1
4254 220
0
1
4255 303
1
4256 31
0
0
1
4257 21
0
1
4258 21
0
1
4259 215
1
4260 301
1
4261 152
0
0
0
1
4262 7
0
0
0
0
1
4263 110
0
1
4264 279
0
0
0
0
1
4265 178
0
0
1
4266 182
0
0
1
4267 20
1
4268 314
0
0
1
4269 273
0
0
0
1
4270 51
1
4271 165
1
4272 274
0
0
0
0
0
0
0
0
0
0
1
4273 188
1
4274 71
0
0
1
4275 317
0
1
4276 45
1
4277 172
0
1
4278 133
0
0
1
4279 129
1
4280 320
0
1
4281 77
1
4282 273
0
0
1
4283 206
0
0
1
4284 187
0
1
4285 263
1
4286 89
0
0
0
1
4287 247
0
0
1
4288 288
0
0
0
0
0
0
0
0
0
1
4289 88
0
0
1
4290 76
0
0
0
1
4291 53
0
0
0
1
4292 62
1
4293 163
1
4294 132
0
0
1
4295 109
1
4296 235
1
4297 7
0
1
4298 30
0
0
1
4299 308
0
1
4300 279
0
0
0
1
4301 141
0
0
0
0
0
0
0
1
4302 321
0
0
1
4303 256
0
0
1
4304 86
1
4305 99
1
4306 187
0
0
1
4307 229
0
0
0
0
1
4308 270
0
0
0
1
4309 73
1
4310 229
1
4311 73
1
4312 266
0
0
0
0
0
1
4313 149
1
4314 249
1
4315 318
0
0
1
4316 168
1
4317 228
0
0
0
1
4318 228
0
0
0
0
0
0
0
0
0
1
4319 60
0
1
4320 168
1
4321 250
1
4322 141
0
1
4323 58
0
0
1
4324 166
0
1
4325 295
0
0
1
4326 53
1
4327 245
1
4328 8
0
1
4329 12
0
0
1
4330 46
0
0
0
1
4331 271
0
0
0
0
0
0
0
0
1
4332 227
0
0
0
0
0
0
0
0
1
4333 138
0
1
4334 311
0
1
4335 293
1
4336 29
0
1
4337 323
0
1
4338 3
0
0
0
0
1
4339 146
0
1
4340 30
0
1
4341 237
1
4342 234
0
0
0
0
1
4343 107
0
1
4344 153
1
4345 55
0
0
1
4346 174
0
1
4347 243
0
0
0
0
1
4348 92
0
1
4349 176
0
1
4350 212
1
4351 35
0
1
4352 261
0
1
4353 97
0
0
0
0
0
0
0
0
1
4354 201
0
0
0
0
1
4355 224
0
1
4356 274
0
0
0
0
0
0
1
4357 225
0
0
1
4358 45
0
0
1
4359 219
0
0
1
4360 10
0
0
0
0
1
4361 237
1
4362 186
1
4363 276
0
0
0
0
0
1
4364 53
0
0
1
4365 201
0
0
1
4366 317
0
0
0
0
1
4367 246
0
0
0
1
4368 227
0
1
4369 312
0
0
0
1
4370 265
1
4371 165
0
0
0
0
1
4372 2
1
4373 113
1
4374 44
0
0
0
0
1
4375 217
0
1
4376 162
0
0
1
4377 5
1
4378 17
0
1
4379 76
0
0
0
1
4380 87
0
1
4381 164
0
0
0
0
0
1
4382 43
0
0
1
4383 145
0
0
1
4384 44
1
4385 10
0
0
1
4386 73
0
0
1
4387 31
0
1
4388 170
0
0
1
4389 90
0
1
4390 83
0
1
4391 275
1
4392 74
0
1
4393 309
0
1
4394 81
0
0
0
1
4395 217
1
4396 39
0
0
0
1
4397 82
0
1
4398 232
0
0
0
1
4399 314
0
0
1
4400 70
1
4401 304
0
0
0
0
0
0
1
4402 259
0
1
4403 181
0
1
4404 152
1
4405 122
1
4406 157
0
0
0
1
4407 267
1
4408 7
0
1
4409 218
1
4410 205
0
0
0
0
0
1
4411 274
1
4412 285
0
0
1
4413 110
0
0
1
4414 284
0
0
0
0
1
4415 293
0
0
1
4416 67
1
4417 260
0
0
0
0
0
1
4418 31
0
1
4419 290
1
4420 185
1
4421 34
0
0
0
1
4422 128
0
0
0
1
4423 308
0
0
0
0
0
0
0
1
4424 264
0
0
1
4425 142
1
4426 26
0
0
0
0
0
0
1
4427 115
0
0
0
0
1
4428 214
0
0
0
0
0
1
4429 175
1
4430 7
0
0
1
4431 83
0
1
4432 188
0
0
0
1
4433 12
0
0
0
0
1
4434 122
0
0
1
4435 65
0
1
4436 172
0
0
0
0
0
0
0
0
0
0
0
0
0
0
0
0
0
0
1
4437 240
0
0
1
4438 289
0
0
0
0
0
0
1
4439 37
1
4440 122
0
1
4441 24
0
0
0
1
4442 141
0
0
0
0
0
0
0
0
0
0
1
4443 247
0
0
0
0
1
4444 207
1
4445 311
0
1
4446 172
0
0
0
0
0
1
4447 317
0
0
1
4448 152
0
0
1
4449 72
0
0
1
4450 136
0
1
4451 183
0
0
1
4452 107
0
0
1
4453 271
1
4454 20
0
0
0
0
0
1
4455 268
0
1
4456 226
1
4457 261
0
0
0
0
1
4458 292
1
4459 300
0
0
0
0
0
0
1
4460 214
0
0
0
0
0
0
0
0
0
1
4461 49
0
0
0
0
1
4462 163
0
0
0
0
1
4463 61
1
4464 268
0
0
0
0
0
0
0
0
0
0
1
4465 140
1
4466 94
1
4467 254
0
0
1
4468 16
0
1
4469 178
0
0
0
0
0
1
4470 217
0
1
4471 109
1
4472 18
0
0
1
4473 58
0
0
0
0
0
0
0
0
0
0
0
0
1
4474 159
0
1
4475 135
1
4476 36
0
0
0
0
0
0
0
1
4477 223
1
4478 169
1
4479 256
0
0
0
0
1
4480 305
0
0
0
0
0
0
0
1
4481 318
0
0
0
0
0
0
1
4482 178
0
1
4483 131
0
0
0
0
0
0
1
4484 175
0
0
0
0
0
0
0
1
4485 3
0
0
0
0
1
4486 15
0
0
0
1
4487 162
0
0
1
4488 283
0
0
0
1
4489 284
1
4490 44
0
1
4491 237
0
1
4492 295
0
0
0
0
0
0
0
0
0
0
0
0
0
0
0
1
4493 266
1
4494 79
0
0
0
0
0
0
0
1
4495 82
1
4496 175
1
4497 269
0
0
0
0
0
1
4498 51
0
0
0
0
0
1
4499 162
0
1
4500 102
1
4501 64
0
0
0
0
0
0
1
4502 206
0
1
4503 58
0
0
1
4504 96
0
0
0
0
0
0
1
4505 298
1
4506 56
0
0
0
1
4507 126
0
0
0
0
0
0
0
0
0
1
4508 260
1
4509 230
0
0
0
0
1
4510 271
0
0
1
4511 65
0
0
1
4512 224
0
1
4513 241
0
1
4514 72
1
4515 99
0
0
0
0
1
4516 154
0
0
0
1
4517 92
0
0
0
0
1
4518 130
0
1
4519 320
0
0
0
0
0
1
4520 236
0
1
4521 36
0
0
1
4522 179
0
0
1
4523 74
0
0
0
0
1
4524 186
0
0
0
0
0
0
0
1
4525 235
0
0
0
1
4526 160
0
0
1
4527 223
0
0
1
4528 302
1
4529 152
0
0
0
1
4530 110
0
0
0
0
1
4531 72
1
4532 179
0
0
0
1
4533 247
0
0
0
0
0
0
0
0
0
0
0
1
4534 45
0
0
1
4535 247
0
0
0
1
4536 182
1
4537 318
1
4538 95
1
4539 247
0
0
0
0
0
0
1
4540 9
0
1
4541 130
1
4542 37
0
0
0
0
0
1
4543 207
0
0
0
0
0
1
4544 79
0
0
0
0
0
1
4545 5
0
0
0
0
0
0
0
0
1
4546 22
0
0
1
4547 261
1
4548 160
0
1
4549 145
1
4550 21
0
0
0
0
0
1
4551 37
0
0
1
4552 278
1
4553 312
0
0
0
0
0
0
0
0
1
4554 162
0
1
4555 194
0
0
0
0
0
0
1
4556 275
0
1
4557 53
0
0
0
0
1
4558 219
0
0
0
0
0
1
4559 260
0
1
4560 272
0
0
0
0
0
0
0
0
0
0
0
0
0
0
0
0
1
4561 275
0
0
0
0
0
0
0
0
0
0
0
0
0
0
1
4562 52
0
0
0
1
4563 93
0
0
0
0
0
0
0
0
0
0
1
4564 110
0
0
0
0
0
0
1
4565 52
0
0
0
0
0
1
4566 303
0
0
0
1
4567 71
0
0
0
0
0
0
0
1
4568 192
0
0
0
0
0
1
4569 295
0
0
0
0
0
1
4570 173
1
4571 30
1
4572 67
0
0
0
0
0
0
0
0
0
1
4573 83
0
1
4574 122
0
0
1
4575 64
0
0
0
0
0
1
4576 293
1
4577 215
1
4578 105
0
0
0
0
0
0
1
4579 287
0
0
0
0
0
0
0
0
0
0
1
4580 278
0
0
0
0
1
4581 277
0
1
4582 145
1
4583 263
0
0
0
0
1
4584 93
0
0
0
0
0
0
0
0
1
4585 239
1
4586 7
1
4587 154
0
0
1
4588 230
1
4589 184
0
0
0
0
0
0
0
0
1
4590 159
0
0
0
0
0
0
0
0
0
1
4591 179
1
4592 245
0
0
0
0
1
4593 288
0
0
0
0
0
0
0
0
0
0
0
0
0
0
0
1
4594 239
1
4595 123
1
4596 217
0
0
0
0
0
1
4597 140
1
4598 12
0
1
4599 213
0
0
1
4600 101
0
0
0
0
0
1
4601 37
0
0
0
0
0
1
4602 290
0
0
1
4603 100
0
0
0
1
4604 134
1
4605 140
0
0
0
0
0
0
0
0
0
0
0
0
0
0
0
0
0
0
0
0
1
4606 288
0
1
4607 322
0
0
1
4608 110
0
0
0
0
1
4609 182
0
1
4610 62
0
0
0
0
1
4611 304
1
4612 34
0
1
4613 20
1
4614 251
0
0
1
4615 227
0
0
1
4616 47
1
4617 177
0
0
0
0
0
0
0
0
0
0
0
0
0
1
4618 222
0
0
1
4619 44
0
1
4620 187
0
0
1
4621 96
0
0
0
0
0
0
0
0
0
1
4622 215
0
0
1
4623 192
0
0
0
0
0
0
0
0
0
0
1
4624 195
0
0
0
0
0
1
4625 169
0
0
0
0
0
0
0
0
0
0
0
0
0
0
0
0
0
0
0
0
0
0
0
0
1
4626 216
0
0
0
1
4627 195
0
1
4628 28
0
0
0
1
4629 79
0
1
4630 185
0
0
0
0
1
4631 298
0
1
4632 19
0
0
1
4633 57
0
0
0
0
0
0
1
4634 306
0
1
4635 206
1
4636 79
0
0
0
0
0
0
0
0
1
4637 154
0
0
0
0
0
0
0
0
1
4638 133
0
0
1
4639 46
0
0
0
0
0
0
0
0
1
4640 237
1
4641 195
1
4642 214
0
1
4643 267
0
0
0
0
0
0
0
1
4644 305
0
0
0
0
0
0
0
0
0
0
0
0
0
1
4645 158
0
0
0
0
0
0
0
0
0
1
4646 38
0
0
0
0
1
4647 301
1
4648 24
0
0
0
0
1
4649 28
0
1
4650 67
1
4651 45
1
4652 4
0
0
0
0
0
0
0
1
4653 103
0
0
0
1
4654 108
0
0
1
4655 154
0
0
0
0
0
1
4656 17
1
4657 201
1
4658 11
1
4659 12
0
0
0
0
0
0
0
0
1
4660 156
0
0
0
0
0
0
0
1
4661 142
0
1
4662 174
0
0
0
0
0
1
4663 313
0
0
0
0
0
0
0
0
1
4664 99
1
4665 195
0
0
0
0
0
0
0
0
0
0
0
0
0
0
0
0
0
0
0
1
4666 205
0
0
0
0
0
1
4667 237
0
0
1
4668 237
0
1
4669 34
1
4670 183
0
0
0
0
0
0
0
0
1
4671 192
0
0
0
0
0
0
0
1
4672 181
0
0
0
0
0
0
0
1
4673 263
0
0
0
0
0
0
0
0
0
0
0
0
0
0
0
0
0
0
0
0
0
0
1
4674 291
0
0
0
0
0
0
0
0
0
0
0
0
0
0
0
0
0
0
0
0
1
4675 18
0
0
1
4676 192
0
0
0
0
0
0
1
4677 131
0
1
4678 114
0
0
0
0
1
4679 35
0
1
4680 249
0
0
1
4681 224
0
0
0
0
0
0
0
0
0
0
0
0
0
0
0
0
0
0
0
0
0
0
1
4682 241
1
4683 240
0
0
1
4684 162
0
0
0
0
0
0
0
0
0
0
1
4685 35
0
0
0
0
0
0
0
0
0
0
0
0
0
0
0
0
1
4686 320
0
0
0
1
4687 148
0
0
0
0
0
1
4688 215
0
0
0
0
0
0
1
4689 298
0
1
4690 115
0
0
0
0
0
0
0
0
1
4691 119
0
0
0
0
0
0
0
0
0
0
0
0
0
0
0
0
1
4692 107
0
0
0
0
0
1
4693 137
0
0
0
0
0
0
0
0
0
0
0
0
0
0
0
0
0
0
0
0
0
0
0
0
0
0
0
0
0
0
0
0
0
0
0
0
0
0
0
0
1
4694 15
0
0
0
0
0
0
0
0
0
0
0
0
1
4695 75
0
0
0
1
4696 45
0
0
0
0
0
1
4697 92
0
0
0
0
0
0
1
4698 191
0
0
0
0
0
0
0
1
4699 58
0
1
4700 153
0
0
0
1
4701 237
0
0
0
0
0
0
0
0
0
0
0
0
0
0
0
0
0
0
0
0
0
0
0
0
0
0
1
4702 227
0
0
0
0
0
0
0
0
0
0
0
0
0
0
0
0
0
0
0
1
4703 220
0
0
0
0
0
0
0
0
0
0
0
0
0
0
0
0
0
0
0
0
0
0
0
0
0
0
1
4704 86
0
0
0
0
0
0
0
0
0
0
0
0
0
0
0
0
1
4705 232
1
4706 129
0
0
0
0
0
0
0
1
4707 129
0
0
0
0
0
0
0
0
0
0
0
0
0
0
0
1
4708 227
0
0
0
0
0
0
1
4709 286
0
0
0
0
1
4710 258
0
0
0
0
0
0
0
0
0
0
0
0
0
0
0
0
0
0
0
1
4711 269
0
0
0
0
0
0
0
1
4712 43
0
1
4713 90
1
4714 141
1
4715 124
0
0
0
1
4716 266
0
1
4717 62
0
0
0
0
0
0
0
0
0
0
0
0
0
0
0
0
0
0
0
0
0
0
0
0
0
1
4718 59
0
0
0
0
0
0
0
0
0
0
0
0
0
0
0
0
0
0
0
0
1
4719 265
0
0
0
0
0
0
1
4720 180
1
4721 66
0
0
0
0
0
0
1
4722 237
0
0
0
0
0
0
0
0
0
1
4723 176
0
1
4724 238
1
4725 16
0
0
0
0
1
4726 36
0
0
0
0
0
0
1
4727 136
0
0
0
0
0
0
0
0
0
0
0
0
0
0
0
0
0
1
4728 172
0
0
0
0
0
0
0
0
0
0
0
0
0
0
0
0
0
0
0
0
0
0
0
0
0
0
0
0
0
0
0
0
1
4729 230
0
0
0
0
0
0
0
0
0
0
0
0
0
0
0
1
4730 263
0
0
0
0
0
0
0
0
1
4731 80
0
0
0
0
0
0
0
0
0
0
0
0
0
0
0
0
0
0
0
0
0
0
0
0
0
0
0
0
0
0
0
1
4732 75
0
0
0
0
0
0
0
0
0
0
0
0
0
0
0
0
0
0
0
0
0
0
0
0
0
0
0
0
1
4733 253
1
4734 8
0
0
0
0
0
0
1
4735 262
0
0
0
0
0
0
0
1
4736 121
0
0
1
4737 112
0
1
4738 49
0
0
0
1
4739 19
0
0
0
0
0
1
4740 41
0
0
0
0
0
0
0
0
0
0
0
0
0
1
4741 210
0
0
0
0
0
0
0
0
0
0
0
0
0
0
0
0
0
0
0
0
0
1
4742 27
0
0
0
0
0
0
0
0
0
0
0
0
0
0
0
0
0
0
0
0
0
0
0
0
0
1
4743 275
0
0
0
0
0
0
0
0
1
4744 80
0
0
0
0
0
0
0
0
0
0
0
0
0
0
0
0
0
0
0
0
0
0
0
0
0
0
0
0
0
1
4745 197
0
0
0
0
0
0
0
0
0
0
0
0
0
0
0
0
0
0
0
0
0
0
0
0
0
0
0
0
0
0
1
4746 78
0
0
0
0
0
0
0
0
0
0
0
0
0
0
0
0
0
0
0
0
0
0
0
0
0
0
0
0
0
0
0
0
0
0
0
1
4747 51
0
0
0
0
0
0
0
0
0
0
0
1
4748 219
0
0
0
0
0
0
0
0
0
0
0
0
0
0
0
0
0
0
0
0
0
0
1
4749 256
0
0
0
0
0
0
0
0
0
0
0
0
0
0
0
0
0
0
0
0
1
4750 174
0
0
0
0
0
0
0
0
0
0
0
0
0
0
0
0
0
0
0
0
0
0
0
0
0
0
0
0
0
0
0
1
4751 229
0
0
0
0
0
0
0
0
0
0
0
0
0
0
0
0
0
0
0
0
0
0
0
0
0
0
0
0
0
0
0
0
0
0
0
0
0
0
0
0
0
0
0
0
0
0
0
0
0
0
0
0
0
0
0
0
0
0
0
0
0
0
0
0
0
0
0
0
0
0
0
0
0
0
0
0
0
0
0
0
0
0
0
0
0
0
0
0
1
4752 186
0
0
0
0
0
0
0
0
0
0
0
0
0
0
0
0
0
0
0
0
0
0
0
0
0
0
0
0
0
0
0
0
0
0
0
0
0
0
0
0
0
0
0
0
0
0
0
0
0
0
0
0
0
0
0
0
0
0
0
0
0
0
0
0
0
0
0
0
0
0
0
0
0
0
0
0
0
0
0
0
0
0
0
0
0
0
0
0
0
0
0
0
0
0
0
0
0
0
0
0
0
0
0
0
0
0
0
0
0
0
0
0
0
0
0
0
0
0
0
0
0
0
0
0
0
0
0
0
1
4753 248
0
0
0
0
0
0
0
0
0
0
0
0
0
0
0
0
0
0
0
0
0
0
0
0
0
0
0
0
0
0
0
0
0
0
0
0
0
0
0
0
0
0
0
0
0
0
0
0
0
0
0
0
0
0
0
0
0
0
0
0
0
0
0
0
0
0
0
0
0
0
0
0
0
0
0
0
0
0
0
0
0
0
0
0
0
0
0
0
0
0
0
0
0
0
0
0
0
0
0
0
0
0
0
0
0
0
0
0
0
0
0
0
0
0
0
0
0
0
0
0
0
0
0
0
0
0
0
0
0
0
0
0
0
0
0
0
0
0
0
0
0
0
0
0
0
0
0
0
0
0
0
0
0
0
0
0
0
0
0
0
0
0
0
0
0
0
0
0
0
0
0
0
0
0
0
0
0
0
0
0
0
0
0
0
0
0
0
0
0
0
0
0
0
0
0
0
0
0
0
0
0
0
0
0
0
0
0
0
0
0
0
0
0
0
0
0
0
0
0
0
0
0
0
0
0
0
0
0
0
0
0
0
0
0
0
0
0
0
0
0
0
0
0
0
0
0
0
0
0
0
0
0
0
0
0
0
0
0
0
0
0
0
0
0
0
0
0
0
0
0
0
0
0
0
0
0
0
0
0
0
0
0
0
0
0
0
0
0
0
0
0
0
0
0
0
0
0
0
0
0
0
0
0
0
0
0
0
0
0
0
0
0
0
0
0
0
0
0
0
0
0
0
0
0
0
0
0
0
0
0
0
0
0
0
0
0
0
0
0
0
0
0
0
0
0
0
0
0
0
0
0
0
0
0
0
0
0
0
0
0
0
0
0
0
0
0
0
0
0
0
0
0
0
0
0
0
0
0
0
0
0
0
0
0
0
0
0
0
0
0
0
0
0
0
0
0
0
0
0
0
0
0
0
0
0
0
0
0
0
0
0
0
0
0
0
0
0
0
0
0
0
0
0
0
0
0
0
0
0
0
0
0
0
0
0
0
0
0
0
0
0
0
0
0
0
0
0
0
0
0
0
0
0
0
0
0
0
0
0
0
0
0
0
0
0
0
0
0
0
0
0
0
0
0
0
0
0
0
0
0
0
0
0
0
0
0
0
0
0
0
0
0
0
0
0
0
0
0
0
0
0
0
0
0
0
0
0
0
0
0
0
0
0
0
0
0
0
0
0
0
0
0
0
0
0
0
0
0
0
0
0
0
0
0
0
0
0
0
0
0
0
0
0
0
0
0
0
0
0
0
0
0
0
0
0
0
0
0
0
0
0
0
0
0
0
0
0
0
0
0
0
0
0
0
0
0
0
0
0
0
0
0
0
0
0
0
0
0
0
0
0
0
0
0
0
0
0
0
0
0
0
0
0
0
0
0
0
0
0
0
0
0
0
0
0
0
