331 625
312 304 4
278 211 4
148 40 2
47 152 3
14 198 3
105 193 4
256 21 3
281 70 3
76 142 3
331 38 3
117 138 4
214 138 3
121 267 3
293 124 4
169 311 3
114 180 4
154 152 4
83 269 5
164 254 3
199 257 4
222 260 3
130 134 3
278 180 4
149 104 3
243 171 5
287 11 2
285 192 4
127 38 3
91 277 3
260 128 3
142 197 2
82 132 3
258 242 2
34 301 3
6 149 2
125 321 3
23 306 3
66 316 3
294 270 3
137 183 3
144 195 3
250 19 3
283 321 3
132 32 3
70 299 3
174 254 2
280 88 3
22 9 4
35 114 4
119 37 3
263 1 3
234 148 3
127 309 5
155 327 7
75 231 4
75 159 4
205 91 4
148 195 4
187 229 4
268 278 2
177 20 3
5 46 3
178 263 3
239 241 3
20 318 4
299 26 3
32 122 3
322 41 3
166 195 2
49 244 3
53 324 3
224 97 3
191 68 4
285 45 2
175 101 4
275 69 4
55 48 3
326 143 4
44 285 3
141 209 2
23 118 3
304 77 4
229 52 3
272 133 4
140 93 5
214 129 3
159 287 3
65 24 3
274 317 3
169 57 3
234 294 4
130 325 4
94 115 4
15 185 1
229 36 3
129 64 3
271 150 4
274 244 1
109 283 3
189 122 3
252 63 4
111 202 4
106 221 3
185 120 3
95 168 4
300 124 4
135 330 3
102 168 5
159 223 4
212 313 3
292 187 3
43 325 3
167 204 3
202 91 3
115 74 3
89 52 3
207 118 4
50 6 2
172 9 3
219 216 3
93 2 4
89 82 4
310 187 2
50 149 3
218 58 2
242 4 3
74 87 2
312 279 4
177 306 3
110 181 3
247 58 2
41 109 1
77 128 2
104 3 5
294 291 5
125 295 3
275 54 4
311 73 2
36 46 4
102 11 4
54 108 4
92 145 4
240 139 4
99 293 2
233 328 4
160 284 3
22 246 3
53 288 5
211 300 3
210 69 3
40 3 3
64 214 4
268 256 3
315 151 3
113 101 5
199 126 3
20 81 2
66 276 3
1 211 3
151 301 3
46 182 3
102 96 3
46 55 2
142 284 2
55 326 3
238 165 4
228 33 3
319 53 4
245 82 3
57 209 4
199 133 1
102 259 3
95 70 3
63 284 4
133 98 4
84 164 3
9 253 2
231 269 4
269 33 3
179 161 2
15 267 5
226 100 3
240 79 4
314 279 4
158 315 2
59 279 3
44 153 2
275 313 4
287 106 2
327 283 1
117 121 3
192 307 3
222 12 3
329 294 4
157 264 3
84 30 4
77 306 4
55 30 3
19 310 3
330 254 3
91 47 5
309 188 3
290 100 4
292 313 4
220 171 3
54 61 3
225 5 2
54 210 4
265 215 4
18 94 4
76 276 4
93 249 4
280 178 2
39 28 3
27 268 4
275 72 4
317 193 5
6 144 5
226 78 4
110 267 3
178 256 3
38 188 4
321 219 5
213 104 3
166 318 4
329 262 3
31 243 5
185 172 3
268 211 3
12 137 6
64 24 5
266 207 2
252 276 3
282 140 4
71 331 3
67 62 2
78 90 4
330 217 3
103 240 2
127 51 5
34 175 1
65 252 3
298 321 3
117 214 5
27 1 4
62 51 3
85 111 5
310 313 3
35 200 4
150 210 2
15 193 3
43 328 3
66 239 4
14 298 5
305 251 3
147 194 3
49 196 4
135 174 3
322 85 5
192 45 3
225 187 3
303 35 4
87 261 3
307 190 4
236 43 5
300 180 4
135 254 4
61 72 2
188 90 3
289 246 3
217 254 4
96 271 3
212 223 5
176 68 3
224 44 4
150 108 2
219 41 3
14 156 3
136 290 3
209 88 3
311 184 3
63 24 4
266 166 3
82 250 3
172 25 3
13 162 4
29 248 3
319 241 2
83 231 3
290 67 4
215 153 3
238 117 3
42 10 2
253 37 3
78 309 2
272 230 5
112 236 3
281 95 2
257 126 2
145 156 6
45 307 4
7 60 1
208 262 4
171 213 3
323 225 4
251 192 4
200 56 6
198 281 5
291 297 4
94 230 3
17 28 4
11 168 5
144 266 2
237 239 3
265 302 4
292 75 3
83 186 4
132 161 4
205 71 4
75 223 3
325 236 4
299 259 3
184 170 5
170 107 3
162 141 2
65 237 4
173 119 3
235 59 4
115 201 3
18 194 5
8 214 3
50 104 2
302 56 4
256 80 4
203 329 3
69 273 5
81 306 3
122 13 3
133 257 3
25 194 4
74 289 4
285 293 3
157 7 3
60 237 3
191 176 4
286 272 3
21 80 1
22 18 4
100 78 3
120 105 3
97 291 2
206 32 3
58 257 2
163 93 5
164 217 3
303 153 3
100 62 4
247 218 1
224 215 3
126 16 4
80 124 3
197 51 3
286 199 3
280 263 1
127 87 3
293 21 3
134 263 3
57 73 4
10 118 3
136 67 5
305 208 2
140 316 3
68 79 3
69 61 3
66 158 3
184 131 4
7 264 5
296 197 2
31 157 3
170 189 4
172 8 4
220 320 3
122 245 4
218 198 4
92 221 4
223 287 3
103 110 4
242 28 4
72 274 3
154 331 3
17 179 3
76 296 1
190 251 3
158 255 3
316 163 5
4 39 4
131 27 5
182 30 3
232 308 5
136 249 3
6 42 5
70 168 3
216 327 3
49 204 4
143 48 2
139 232 3
7 10 3
299 58 4
112 88 3
130 190 2
150 96 4
227 328 3
2 67 4
189 206 3
130 112 3
149 144 3
196 141 3
280 1 2
124 21 4
207 318 3
232 196 2
301 101 4
222 59 3
5 326 4
300 278 3
151 140 3
29 297 4
123 262 2
120 25 4
201 246 4
26 98 2
305 123 2
197 76 2
261 173 3
304 260 3
50 213 2
2 296 3
19 167 2
238 68 3
105 15 4
314 315 3
160 173 3
169 1 3
163 296 3
253 64 5
271 273 3
251 45 2
286 201 4
233 320 2
244 167 3
301 175 4
297 270 5
216 109 3
107 206 2
308 139 3
42 157 2
173 289 4
304 59 5
191 165 3
152 90 2
238 181 3
273 194 5
26 94 5
241 158 4
174 4 5
165 243 5
107 179 3
244 232 3
317 105 3
34 137 4
210 271 3
228 106 4
136 2 4
289 87 3
40 166 3
131 169 3
255 312 3
303 265 4
258 39 4
129 138 3
167 72 3
116 96 3
307 80 4
135 164 3
295 126 3
273 120 3
103 193 3
303 99 3
4 182 5
230 201 3
12 235 5
43 176 4
125 16 4
33 83 4
311 189 4
262 320 4
65 129 3
191 328 3
266 118 3
288 77 3
310 52 4
156 281 3
247 257 3
154 47 4
265 200 5
84 48 6
143 186 3
159 269 3
183 175 4
17 258 4
23 288 3
174 182 3
315 316 4
74 38 4
245 32 2
92 228 2
277 111 1
115 272 4
88 134 3
255 314 2
219 125 3
51 261 4
220 165 4
230 98 3
229 5 5
163 276 4
34 279 3
152 202 4
324 312 3
151 113 4
181 121 3
227 325 3
221 11 3
49 13 4
302 86 3
29 97 3
242 132 4
19 89 3
203 146 4
79 103 2
267 185 3
319 237 4
97 146 2
62 290 3
274 308 5
323 186 4
168 259 4
178 134 5
61 317 3
52 250 3
160 142 2
206 161 4
86 215 4
320 213 4
295 298 4
212 292 3
255 324 2
282 113 3
259 218 4
239 252 3
71 91 3
247 295 3
233 305 3
326 323 3
5 36 4
235 183 3
323 231 3
226 309 4
208 233 2
286 331 3
216 16 3
108 212 4
119 246 3
177 128 3
209 162 3
141 112 3
313 108 2
271 147 3
42 264 3
25 22 3
253 8 5
203 123 4
99 114 3
250 36 4
227 190 3
95 145 4
240 308 3
138 31 2
324 288 5
234 3 4
249 282 5
219 16 4
9 119 4
47 111 3
248 56 6
147 116 3
81 207 4
41 327 5
203 291 4
124 180 3
122 73 3
236 139 4
10 264 2
176 79 3
60 31 3
270 148 4
160 37 3
53 23 3
13 245 3
109 85 4
258 161 4
162 196 3
44 146 3
284 37 5
235 34 4
123 208 2
89 204 3
157 171 3
205 277 3
195 3 3
26 116 4
224 248 3
188 154 3
155 322 4
248 86 2
10000
0
0
0
0
0
0
0
0
0
0
0
0
0
0
0
0
0
0
0
0
0
0
0
0
0
0
0
0
0
0
0
0
0
0
0
0
0
0
0
0
1
1 288
0
0
0
0
0
0
0
0
0
0
0
0
1
2 18
0
0
0
0
1
3 33
0
0
0
0
0
0
0
0
0
0
0
0
0
0
0
0
0
0
0
0
0
0
0
0
0
0
0
0
0
0
0
0
0
0
0
0
0
0
0
0
0
0
1
4 145
0
1
5 69
0
0
0
0
0
0
0
0
0
0
0
0
0
0
0
0
0
0
0
0
0
0
0
0
0
0
1
6 203
0
0
0
1
7 115
0
0
0
0
1
8 303
1
9 324
1
10 209
1
11 189
0
0
0
0
0
0
0
0
0
0
1
12 231
0
0
0
0
0
0
0
0
0
0
1
13 299
0
0
0
1
14 283
0
0
0
0
0
0
0
0
0
0
0
0
0
1
15 238
0
0
0
0
0
0
0
0
0
0
0
0
0
0
0
0
0
0
0
0
1
16 7
0
1
17 138
0
0
0
0
1
18 295
0
0
0
1
19 262
0
0
0
1
20 30
0
0
0
1
21 246
0
1
22 99
0
0
1
23 183
0
0
0
0
1
24 223
0
0
0
1
25 56
0
0
0
0
0
0
0
0
1
26 226
1
27 118
0
1
28 198
1
29 145
0
1
30 216
0
0
1
31 47
0
0
0
0
0
1
32 34
0
0
1
33 150
0
0
0
0
0
1
34 8
0
0
1
35 177
0
1
36 212
0
1
37 155
0
0
0
0
1
38 169
0
0
0
0
0
0
0
1
39 93
1
40 191
0
0
0
0
0
0
0
1
41 68
0
0
0
0
0
0
0
0
0
0
0
0
0
1
42 159
0
0
0
0
1
43 187
0
0
0
0
0
0
0
0
1
44 191
0
0
1
45 111
1
46 145
0
1
47 325
0
0
0
1
48 234
1
49 95
1
50 293
0
1
51 262
0
0
0
0
0
0
1
52 284
1
53 10
0
0
1
54 325
0
1
55 138
0
1
56 50
0
0
0
0
1
57 71
0
0
0
0
0
0
1
58 243
1
59 243
1
60 134
0
0
1
61 251
0
0
1
62 226
1
63 327
0
0
0
1
64 325
0
1
65 271
1
66 311
0
1
67 129
1
68 142
0
1
69 297
0
0
0
0
1
70 250
0
1
71 239
0
1
72 6
0
1
73 233
1
74 325
1
75 130
0
1
76 23
0
1
77 243
1
78 237
1
79 147
1
80 67
0
0
0
0
0
0
0
0
0
0
0
1
81 104
1
82 320
1
83 22
0
0
0
1
84 325
1
85 268
0
0
0
1
86 42
1
87 225
0
0
0
0
1
88 229
1
89 329
1
90 42
0
1
91 61
1
92 157
1
93 196
0
1
94 182
0
0
1
95 233
0
0
0
0
0
0
0
0
1
96 128
0
0
0
1
97 290
0
1
98 139
1
99 41
1
100 223
0
0
0
0
0
0
1
101 214
0
0
0
0
0
0
0
0
1
102 169
0
0
1
103 145
0
1
104 194
0
1
105 261
0
1
106 279
0
0
0
1
107 263
0
1
108 221
0
0
0
1
109 210
0
0
0
1
110 220
0
0
1
111 185
0
1
112 273
0
1
113 108
1
114 100
1
115 105
0
0
0
1
116 62
0
0
0
0
0
1
117 39
0
0
0
1
118 61
1
119 227
1
120 261
1
121 101
1
122 227
1
123 212
0
0
1
124 181
1
125 32
1
126 301
0
0
0
1
127 240
1
128 218
1
129 194
1
130 17
0
1
131 233
1
132 282
1
133 157
1
134 125
1
135 21
1
136 124
1
137 308
0
1
138 216
0
0
0
0
0
1
139 263
1
140 92
1
141 261
0
0
1
142 35
0
0
0
0
1
143 261
1
144 100
0
0
0
0
0
1
145 9
0
1
146 280
0
1
147 103
1
148 322
1
149 233
0
1
150 213
0
0
0
1
151 202
1
152 200
1
153 277
0
0
1
154 143
0
1
155 188
1
156 71
0
0
1
157 24
1
158 125
0
0
1
159 236
1
160 137
1
161 2
0
1
162 53
0
1
163 265
1
164 213
1
165 50
1
166 11
1
167 104
1
168 262
1
169 147
1
170 298
0
0
1
171 239
0
1
172 239
0
1
173 8
1
174 46
1
175 4
0
1
176 209
0
0
1
177 2
1
178 48
1
179 102
1
180 165
0
0
0
0
1
181 121
0
0
1
182 217
0
1
183 229
1
184 117
0
1
185 238
1
186 27
1
187 208
1
188 121
1
189 320
1
190 159
1
191 127
0
1
192 301
0
1
193 26
1
194 78
1
195 105
1
196 147
1
197 80
0
0
1
198 139
1
199 51
1
200 61
0
0
0
1
201 176
0
1
202 106
0
0
1
203 219
0
0
1
204 45
1
205 286
0
1
206 201
1
207 116
0
0
0
0
1
208 116
1
209 56
1
210 77
1
211 95
0
1
212 151
0
1
213 70
1
214 297
1
215 183
1
216 81
0
1
217 12
1
218 216
1
219 264
1
220 266
1
221 329
0
1
222 236
0
1
223 271
1
224 121
0
1
225 330
0
1
226 316
1
227 284
1
228 319
1
229 119
0
0
1
230 144
1
231 156
0
0
0
1
232 247
1
233 237
1
234 36
1
235 319
0
1
236 274
1
237 68
1
238 265
1
239 79
1
240 165
0
1
241 315
0
0
1
242 299
1
243 29
0
1
244 331
1
245 95
0
1
246 106
1
247 43
0
1
248 179
0
1
249 226
1
250 213
0
1
251 42
1
252 116
0
1
253 47
1
254 237
1
255 235
1
256 122
1
257 144
0
1
258 249
0
0
1
259 99
0
1
260 44
0
0
0
1
261 108
1
262 245
1
263 189
1
264 42
1
265 199
1
266 206
1
267 255
1
268 322
0
1
269 275
1
270 283
1
271 113
1
272 90
1
273 105
1
274 123
1
275 50
0
1
276 161
1
277 48
1
278 137
1
279 224
1
280 10
0
1
281 151
1
282 36
1
283 233
0
1
284 290
1
285 257
0
0
0
0
0
1
286 14
0
1
287 97
1
288 170
0
1
289 258
0
0
1
290 124
0
1
291 166
0
1
292 216
1
293 315
1
294 300
1
295 217
1
296 223
1
297 298
0
0
1
298 301
1
299 114
1
300 165
0
1
301 114
1
302 157
1
303 149
1
304 258
0
0
0
1
305 274
1
306 199
1
307 64
0
1
308 231
1
309 165
1
310 306
1
311 7
1
312 4
1
313 83
1
314 26
0
0
1
315 275
1
316 61
0
0
1
317 44
0
0
0
0
1
318 101
1
319 41
1
320 241
0
1
321 146
1
322 111
1
323 254
0
0
1
324 325
1
325 212
0
1
326 39
1
327 24
1
328 92
1
329 141
1
330 302
0
1
331 213
0
0
1
332 31
1
333 265
1
334 252
0
1
335 196
1
336 182
1
337 173
0
0
1
338 329
0
0
1
339 329
0
0
1
340 60
1
341 264
1
342 219
0
1
343 176
0
0
1
344 89
1
345 192
1
346 242
1
347 74
1
348 260
0
1
349 253
1
350 264
1
351 211
0
1
352 6
1
353 299
1
354 269
0
1
355 157
1
356 126
1
357 256
1
358 173
0
1
359 44
1
360 77
1
361 241
1
362 91
1
363 132
1
364 146
1
365 324
1
366 227
0
1
367 195
1
368 124
1
369 203
1
370 227
0
0
1
371 119
1
372 83
1
373 89
1
374 263
1
375 282
0
1
376 169
0
1
377 171
1
378 171
1
379 50
1
380 191
1
381 141
1
382 201
0
1
383 250
1
384 328
1
385 204
0
1
386 192
1
387 28
0
1
388 188
1
389 123
1
390 13
1
391 146
1
392 329
1
393 226
0
1
394 125
1
395 136
1
396 62
1
397 104
1
398 42
1
399 144
1
400 331
0
0
1
401 187
1
402 227
1
403 117
0
1
404 37
1
405 227
1
406 216
1
407 211
1
408 164
1
409 212
1
410 211
0
1
411 161
1
412 298
1
413 47
1
414 70
1
415 319
1
416 277
1
417 53
1
418 13
1
419 239
1
420 174
0
1
421 322
1
422 115
1
423 11
0
1
424 98
1
425 63
1
426 251
0
1
427 315
1
428 97
1
429 161
0
0
1
430 307
0
1
431 259
0
1
432 159
0
1
433 39
1
434 167
0
1
435 103
1
436 227
0
1
437 80
1
438 329
1
439 235
1
440 294
1
441 164
0
1
442 32
1
443 99
1
444 264
1
445 5
1
446 258
1
447 117
1
448 3
1
449 246
0
0
1
450 157
1
451 93
1
452 43
1
453 210
1
454 114
1
455 123
0
1
456 11
1
457 245
1
458 330
1
459 276
1
460 81
1
461 181
1
462 149
1
463 157
1
464 287
1
465 7
1
466 192
1
467 206
1
468 249
1
469 307
1
470 170
1
471 79
1
472 32
1
473 240
1
474 110
0
1
475 223
1
476 193
1
477 222
1
478 18
1
479 280
1
480 149
1
481 176
1
482 75
1
483 129
0
1
484 32
1
485 260
1
486 316
1
487 251
1
488 149
1
489 151
1
490 191
0
1
491 34
1
492 67
0
1
493 109
1
494 153
1
495 81
1
496 229
0
1
497 263
1
498 325
1
499 21
1
500 65
1
501 199
0
1
502 193
1
503 7
1
504 2
0
1
505 273
1
506 205
1
507 50
1
508 246
1
509 141
1
510 218
1
511 3
1
512 243
1
513 2
1
514 297
1
515 267
1
516 61
1
517 218
0
1
518 104
1
519 206
1
520 296
1
521 57
1
522 233
1
523 24
1
524 178
1
525 246
1
526 209
1
527 268
0
1
528 6
1
529 144
1
530 320
1
531 231
1
532 195
1
533 28
1
534 49
1
535 245
1
536 95
1
537 322
1
538 107
1
539 215
1
540 121
1
541 42
1
542 172
1
543 213
1
544 128
1
545 67
1
546 224
1
547 135
1
548 178
0
1
549 270
1
550 187
1
551 10
1
552 59
0
1
553 106
1
554 322
1
555 38
1
556 104
1
557 241
1
558 259
1
559 101
1
560 138
1
561 190
1
562 92
1
563 185
1
564 325
1
565 83
1
566 209
1
567 31
1
568 171
1
569 48
1
570 70
1
571 80
1
572 269
1
573 140
1
574 154
1
575 226
1
576 146
1
577 143
1
578 43
1
579 89
1
580 208
1
581 68
1
582 309
1
583 79
1
584 2
1
585 180
1
586 318
1
587 181
1
588 264
1
589 270
1
590 142
1
591 186
1
592 63
1
593 197
1
594 73
1
595 320
1
596 257
1
597 320
1
598 151
1
599 49
1
600 12
1
601 216
1
602 139
1
603 170
1
604 32
1
605 239
1
606 110
1
607 267
1
608 222
1
609 114
1
610 113
1
611 125
1
612 171
1
613 114
1
614 217
1
615 242
1
616 260
1
617 270
1
618 31
1
619 96
1
620 320
1
621 90
1
622 45
1
623 121
1
624 280
1
625 33
1
626 174
1
627 266
1
628 226
1
629 234
1
630 40
1
631 288
1
632 113
1
633 211
1
634 274
1
635 166
1
636 308
1
637 191
1
638 182
1
639 294
1
640 176
1
641 275
1
642 94
1
643 19
1
644 315
1
645 262
1
646 328
1
647 91
1
648 101
1
649 213
1
650 29
1
651 53
1
652 197
1
653 232
1
654 240
1
655 236
1
656 185
1
657 320
1
658 8
1
659 116
1
660 178
1
661 323
1
662 13
1
663 256
1
664 130
1
665 223
1
666 293
1
667 147
1
668 247
1
669 245
1
670 313
1
671 269
1
672 226
1
673 257
1
674 39
1
675 47
1
676 327
1
677 122
1
678 106
1
679 46
1
680 171
1
681 321
1
682 58
1
683 305
1
684 230
1
685 53
1
686 12
1
687 10
1
688 215
1
689 233
1
690 7
1
691 168
1
692 166
1
693 213
1
694 112
1
695 193
1
696 23
1
697 80
1
698 141
1
699 287
1
700 143
1
701 206
1
702 156
1
703 255
1
704 111
1
705 239
1
706 79
1
707 137
1
708 110
1
709 280
1
710 54
1
711 179
1
712 124
1
713 319
1
714 69
1
715 168
1
716 183
1
717 238
1
718 180
1
719 109
1
720 104
1
721 129
1
722 59
1
723 305
1
724 249
1
725 7
1
726 168
1
727 206
1
728 274
1
729 21
1
730 216
1
731 33
1
732 186
1
733 201
1
734 118
1
735 266
1
736 72
1
737 299
1
738 37
1
739 94
1
740 260
1
741 188
1
742 297
1
743 51
1
744 33
1
745 66
1
746 48
1
747 41
1
748 203
1
749 279
1
750 149
1
751 252
1
752 167
1
753 45
1
754 65
1
755 119
1
756 291
1
757 208
1
758 250
1
759 40
1
760 255
1
761 286
1
762 186
1
763 6
1
764 177
1
765 30
1
766 13
1
767 252
1
768 42
1
769 13
1
770 6
1
771 318
1
772 217
1
773 122
1
774 117
1
775 95
1
776 173
1
777 105
1
778 113
1
779 253
1
780 193
1
781 287
1
782 149
1
783 270
1
784 99
1
785 103
1
786 51
1
787 318
1
788 68
1
789 278
1
790 98
1
791 63
1
792 230
1
793 181
1
794 187
1
795 73
1
796 207
1
797 315
1
798 114
1
799 194
1
800 220
1
801 134
1
802 322
1
803 178
1
804 130
1
805 131
1
806 103
1
807 316
1
808 205
1
809 55
1
810 323
1
811 135
1
812 35
1
813 253
1
814 11
1
815 218
1
816 318
1
817 297
1
818 242
1
819 193
1
820 177
1
821 22
1
822 176
1
823 103
1
824 243
1
825 192
1
826 195
1
827 68
1
828 166
1
829 302
1
830 174
1
831 304
1
832 125
1
833 47
1
834 221
1
835 124
1
836 226
1
837 201
1
838 170
1
839 93
1
840 303
1
841 178
1
842 43
1
843 44
0
1
844 24
1
845 215
1
846 120
1
847 210
1
848 15
1
849 307
1
850 190
1
851 98
1
852 52
1
853 171
1
854 41
1
855 327
1
856 203
1
857 323
1
858 43
1
859 21
1
860 260
1
861 82
1
862 223
1
863 123
1
864 176
1
865 174
1
866 130
1
867 251
1
868 324
1
869 198
1
870 41
1
871 52
1
872 116
1
873 110
1
874 292
1
875 3
1
876 298
1
877 207
1
878 132
1
879 4
1
880 320
1
881 39
1
882 67
1
883 26
0
1
884 192
1
885 24
1
886 119
1
887 41
1
888 318
1
889 99
1
890 209
1
891 290
1
892 292
1
893 300
1
894 118
1
895 321
1
896 227
1
897 238
1
898 218
1
899 66
1
900 327
1
901 293
1
902 202
1
903 188
1
904 328
1
905 188
1
906 235
1
907 119
1
908 106
1
909 262
1
910 50
1
911 61
1
912 207
1
913 236
1
914 194
1
915 98
1
916 79
1
917 268
1
918 184
1
919 150
1
920 43
1
921 52
1
922 135
1
923 148
1
924 259
1
925 42
1
926 221
1
927 331
1
928 213
1
929 219
1
930 195
1
931 181
1
932 243
1
933 38
1
934 45
1
935 174
1
936 238
1
937 262
1
938 45
1
939 196
1
940 328
1
941 267
1
942 7
1
943 42
1
944 329
1
945 213
1
946 154
1
947 182
1
948 82
1
949 298
1
950 169
1
951 157
1
952 68
1
953 329
1
954 207
0
1
955 150
1
956 81
1
957 157
1
958 68
1
959 228
1
960 218
1
961 322
1
962 277
1
963 314
1
964 201
1
965 147
1
966 67
0
1
967 193
1
968 189
1
969 54
1
970 128
1
971 313
1
972 219
1
973 265
1
974 155
1
975 156
1
976 43
1
977 19
1
978 290
1
979 238
1
980 195
1
981 41
1
982 166
1
983 42
1
984 50
1
985 218
1
986 330
1
987 308
1
988 111
1
989 316
1
990 305
0
1
991 228
1
992 293
1
993 175
1
994 62
1
995 57
1
996 234
1
997 138
1
998 204
1
999 10
1
1000 308
1
1001 248
1
1002 32
1
1003 322
1
1004 31
1
1005 314
1
1006 73
1
1007 104
1
1008 165
1
1009 119
1
1010 144
1
1011 137
1
1012 55
1
1013 309
1
1014 266
1
1015 110
1
1016 259
1
1017 254
0
1
1018 36
1
1019 245
1
1020 323
1
1021 104
1
1022 118
1
1023 234
1
1024 120
1
1025 181
1
1026 181
1
1027 47
1
1028 194
1
1029 66
1
1030 157
1
1031 244
1
1032 145
1
1033 83
1
1034 115
1
1035 158
1
1036 328
1
1037 85
1
1038 28
1
1039 25
1
1040 247
1
1041 261
1
1042 258
1
1043 295
0
1
1044 283
1
1045 114
1
1046 265
1
1047 117
1
1048 60
1
1049 270
0
1
1050 82
1
1051 310
1
1052 179
1
1053 84
0
1
1054 54
1
1055 204
1
1056 250
1
1057 23
1
1058 48
1
1059 172
0
1
1060 90
1
1061 278
1
1062 172
1
1063 180
1
1064 291
1
1065 6
1
1066 55
1
1067 81
1
1068 154
1
1069 220
1
1070 245
1
1071 219
1
1072 325
1
1073 309
1
1074 57
1
1075 140
1
1076 233
1
1077 169
1
1078 59
0
1
1079 184
1
1080 171
1
1081 241
1
1082 7
1
1083 305
1
1084 183
1
1085 307
1
1086 71
1
1087 79
1
1088 168
1
1089 268
1
1090 330
1
1091 129
1
1092 31
1
1093 79
0
1
1094 37
1
1095 36
1
1096 44
1
1097 124
1
1098 171
0
1
1099 311
1
1100 58
1
1101 250
1
1102 44
1
1103 224
1
1104 299
1
1105 224
1
1106 165
1
1107 104
1
1108 45
1
1109 122
1
1110 320
1
1111 253
0
1
1112 176
1
1113 108
1
1114 253
1
1115 176
1
1116 189
1
1117 25
1
1118 155
1
1119 63
1
1120 192
1
1121 99
1
1122 127
1
1123 292
1
1124 70
1
1125 42
1
1126 55
1
1127 145
1
1128 213
1
1129 230
1
1130 36
1
1131 90
1
1132 140
1
1133 279
1
1134 62
1
1135 213
1
1136 62
1
1137 70
1
1138 85
1
1139 43
1
1140 51
1
1141 187
1
1142 72
1
1143 201
1
1144 156
1
1145 160
1
1146 223
1
1147 139
1
1148 138
1
1149 20
1
1150 16
1
1151 124
1
1152 291
1
1153 171
1
1154 161
1
1155 29
1
1156 170
1
1157 270
1
1158 148
1
1159 66
0
1
1160 79
1
1161 4
1
1162 321
1
1163 59
1
1164 164
1
1165 95
1
1166 328
1
1167 241
1
1168 38
0
1
1169 130
1
1170 105
1
1171 320
1
1172 115
1
1173 163
1
1174 76
1
1175 108
1
1176 329
1
1177 22
1
1178 29
1
1179 321
1
1180 169
1
1181 6
1
1182 326
1
1183 108
1
1184 268
1
1185 3
1
1186 322
1
1187 176
1
1188 267
1
1189 83
1
1190 89
1
1191 33
1
1192 164
1
1193 309
1
1194 238
0
1
1195 103
1
1196 189
1
1197 275
1
1198 58
1
1199 6
1
1200 325
1
1201 270
1
1202 240
1
1203 155
1
1204 294
1
1205 233
1
1206 183
1
1207 139
1
1208 109
1
1209 264
0
0
1
1210 68
1
1211 23
1
1212 161
1
1213 67
1
1214 65
1
1215 180
1
1216 179
0
1
1217 63
1
1218 285
0
1
1219 195
1
1220 48
1
1221 264
1
1222 233
1
1223 293
1
1224 113
1
1225 144
1
1226 198
1
1227 64
1
1228 88
1
1229 80
1
1230 254
1
1231 132
1
1232 297
1
1233 226
1
1234 50
1
1235 244
1
1236 191
1
1237 58
1
1238 138
1
1239 242
1
1240 317
1
1241 62
1
1242 318
1
1243 43
1
1244 201
1
1245 317
1
1246 226
1
1247 133
1
1248 311
1
1249 259
1
1250 99
1
1251 299
1
1252 218
1
1253 196
1
1254 110
0
1
1255 77
1
1256 124
1
1257 153
1
1258 144
1
1259 117
1
1260 242
1
1261 165
1
1262 265
1
1263 288
1
1264 132
1
1265 257
1
1266 79
1
1267 43
1
1268 262
1
1269 152
1
1270 156
1
1271 26
1
1272 50
1
1273 287
1
1274 177
1
1275 227
1
1276 207
0
1
1277 246
0
1
1278 282
1
1279 33
1
1280 269
1
1281 252
1
1282 159
0
1
1283 155
1
1284 120
1
1285 67
1
1286 147
1
1287 308
1
1288 202
1
1289 201
1
1290 107
0
1
1291 232
1
1292 14
1
1293 110
0
1
1294 283
1
1295 79
1
1296 157
1
1297 13
1
1298 43
1
1299 247
1
1300 170
1
1301 300
1
1302 220
1
1303 329
1
1304 103
1
1305 188
0
1
1306 110
1
1307 183
0
0
0
1
1308 275
1
1309 57
1
1310 174
1
1311 176
1
1312 28
1
1313 249
1
1314 179
1
1315 312
0
1
1316 116
1
1317 165
1
1318 271
1
1319 50
1
1320 31
1
1321 146
1
1322 128
1
1323 267
1
1324 300
1
1325 239
1
1326 2
1
1327 292
0
1
1328 188
1
1329 314
1
1330 20
1
1331 325
1
1332 272
1
1333 85
1
1334 147
1
1335 146
1
1336 67
1
1337 238
1
1338 242
1
1339 184
1
1340 228
1
1341 182
1
1342 307
1
1343 92
0
1
1344 39
1
1345 49
1
1346 227
1
1347 278
1
1348 51
1
1349 314
1
1350 172
1
1351 225
1
1352 234
0
1
1353 283
0
1
1354 216
1
1355 239
1
1356 48
1
1357 230
1
1358 68
1
1359 324
1
1360 82
1
1361 176
0
1
1362 202
1
1363 186
0
1
1364 285
1
1365 186
1
1366 35
1
1367 191
1
1368 279
0
1
1369 251
1
1370 70
1
1371 74
1
1372 297
1
1373 177
1
1374 138
1
1375 262
1
1376 170
1
1377 66
1
1378 163
1
1379 162
0
1
1380 106
1
1381 103
1
1382 97
0
1
1383 17
1
1384 299
1
1385 251
1
1386 268
1
1387 11
1
1388 54
1
1389 157
1
1390 303
1
1391 198
1
1392 325
1
1393 50
1
1394 277
1
1395 319
1
1396 7
1
1397 86
1
1398 28
1
1399 180
1
1400 295
1
1401 80
1
1402 181
1
1403 306
1
1404 47
1
1405 199
1
1406 27
1
1407 171
1
1408 209
1
1409 43
1
1410 104
1
1411 228
1
1412 290
1
1413 3
1
1414 31
1
1415 314
1
1416 52
1
1417 171
1
1418 86
0
1
1419 77
1
1420 205
0
1
1421 124
1
1422 330
1
1423 68
1
1424 20
1
1425 214
1
1426 149
1
1427 83
1
1428 118
1
1429 36
1
1430 133
1
1431 325
1
1432 229
1
1433 261
1
1434 155
1
1435 87
1
1436 270
0
1
1437 121
1
1438 264
1
1439 55
1
1440 43
1
1441 169
1
1442 220
1
1443 138
1
1444 31
1
1445 203
1
1446 43
1
1447 174
1
1448 115
1
1449 205
1
1450 253
1
1451 278
1
1452 330
1
1453 50
1
1454 298
1
1455 193
1
1456 58
0
1
1457 108
1
1458 77
1
1459 108
1
1460 328
0
0
1
1461 34
0
1
1462 142
1
1463 149
1
1464 74
1
1465 112
0
1
1466 121
1
1467 149
1
1468 289
1
1469 106
1
1470 109
0
1
1471 91
1
1472 295
1
1473 199
1
1474 79
1
1475 224
1
1476 233
1
1477 22
1
1478 211
1
1479 148
1
1480 275
1
1481 17
1
1482 275
1
1483 61
1
1484 202
1
1485 297
1
1486 59
1
1487 46
1
1488 320
1
1489 226
1
1490 35
1
1491 279
1
1492 302
1
1493 160
0
1
1494 191
1
1495 60
0
1
1496 175
1
1497 98
1
1498 201
1
1499 19
1
1500 175
1
1501 19
1
1502 158
1
1503 36
1
1504 139
1
1505 6
1
1506 79
0
1
1507 10
1
1508 99
1
1509 298
1
1510 246
1
1511 258
1
1512 110
1
1513 309
1
1514 196
1
1515 112
1
1516 305
1
1517 270
1
1518 38
1
1519 103
1
1520 198
1
1521 314
1
1522 300
1
1523 4
1
1524 280
0
1
1525 101
0
1
1526 135
1
1527 85
1
1528 259
1
1529 264
1
1530 162
1
1531 163
1
1532 328
1
1533 103
1
1534 101
1
1535 295
1
1536 180
1
1537 121
1
1538 247
1
1539 261
1
1540 87
0
1
1541 228
1
1542 285
1
1543 51
1
1544 312
1
1545 305
1
1546 25
0
1
1547 196
1
1548 296
1
1549 141
1
1550 149
1
1551 323
1
1552 163
1
1553 291
1
1554 240
0
1
1555 89
0
0
1
1556 300
1
1557 130
1
1558 185
0
1
1559 35
1
1560 186
1
1561 7
1
1562 196
1
1563 34
0
1
1564 325
0
0
0
1
1565 256
0
1
1566 100
1
1567 238
1
1568 283
0
1
1569 256
1
1570 222
0
1
1571 118
1
1572 311
1
1573 195
1
1574 79
1
1575 23
1
1576 145
1
1577 207
0
1
1578 104
1
1579 248
1
1580 40
1
1581 110
1
1582 74
1
1583 320
1
1584 125
1
1585 4
1
1586 95
1
1587 210
1
1588 196
1
1589 262
1
1590 103
1
1591 83
1
1592 166
1
1593 98
1
1594 16
1
1595 137
1
1596 9
1
1597 201
1
1598 156
1
1599 216
1
1600 63
1
1601 273
1
1602 155
1
1603 324
1
1604 64
1
1605 294
1
1606 191
0
1
1607 327
1
1608 224
1
1609 13
1
1610 115
1
1611 150
1
1612 99
1
1613 80
1
1614 120
1
1615 50
1
1616 3
1
1617 305
1
1618 96
1
1619 201
1
1620 52
0
1
1621 244
1
1622 245
1
1623 104
1
1624 278
1
1625 120
1
1626 330
1
1627 303
0
0
1
1628 219
1
1629 94
1
1630 100
1
1631 320
1
1632 97
1
1633 92
1
1634 138
1
1635 18
1
1636 128
1
1637 277
1
1638 211
1
1639 187
1
1640 238
1
1641 121
1
1642 106
0
0
1
1643 157
1
1644 206
1
1645 17
1
1646 190
1
1647 96
1
1648 230
1
1649 62
1
1650 233
1
1651 201
0
1
1652 43
1
1653 307
1
1654 100
1
1655 283
1
1656 329
1
1657 303
1
1658 218
1
1659 14
1
1660 309
1
1661 49
0
0
1
1662 64
1
1663 31
1
1664 295
0
1
1665 33
1
1666 216
1
1667 157
1
1668 29
1
1669 64
1
1670 31
1
1671 9
1
1672 252
1
1673 257
1
1674 66
0
1
1675 37
1
1676 177
1
1677 47
1
1678 260
1
1679 170
1
1680 238
1
1681 71
1
1682 36
1
1683 233
1
1684 197
1
1685 43
0
1
1686 82
1
1687 59
1
1688 157
0
1
1689 328
0
1
1690 224
0
1
1691 328
1
1692 93
0
1
1693 290
1
1694 324
1
1695 128
0
1
1696 68
1
1697 126
1
1698 166
1
1699 118
0
1
1700 270
1
1701 110
1
1702 285
1
1703 154
1
1704 42
1
1705 124
1
1706 51
0
1
1707 330
1
1708 262
0
1
1709 121
1
1710 330
1
1711 281
1
1712 242
0
1
1713 297
1
1714 315
1
1715 195
1
1716 131
1
1717 326
0
0
1
1718 301
1
1719 272
1
1720 142
1
1721 254
1
1722 40
1
1723 10
1
1724 230
1
1725 264
0
1
1726 189
1
1727 103
1
1728 45
1
1729 331
1
1730 83
1
1731 100
1
1732 2
1
1733 157
0
1
1734 291
1
1735 317
0
1
1736 243
1
1737 171
0
1
1738 246
1
1739 157
1
1740 236
1
1741 247
1
1742 76
1
1743 2
1
1744 227
1
1745 205
0
1
1746 65
1
1747 144
1
1748 328
1
1749 228
1
1750 85
1
1751 86
1
1752 248
1
1753 197
1
1754 69
1
1755 262
1
1756 172
1
1757 281
1
1758 28
1
1759 65
1
1760 307
1
1761 152
1
1762 90
1
1763 123
1
1764 55
1
1765 82
1
1766 226
1
1767 297
1
1768 27
1
1769 305
1
1770 106
1
1771 294
1
1772 117
1
1773 293
1
1774 69
1
1775 324
1
1776 296
1
1777 64
1
1778 238
0
1
1779 146
1
1780 50
1
1781 2
1
1782 35
1
1783 42
1
1784 169
1
1785 247
1
1786 268
1
1787 291
1
1788 168
1
1789 149
1
1790 293
1
1791 322
0
1
1792 87
0
1
1793 233
1
1794 305
1
1795 290
1
1796 235
1
1797 198
0
0
1
1798 58
1
1799 105
1
1800 192
0
0
1
1801 305
0
0
1
1802 64
1
1803 89
1
1804 225
1
1805 80
1
1806 112
1
1807 298
1
1808 317
1
1809 163
1
1810 112
1
1811 35
1
1812 12
0
1
1813 100
1
1814 131
1
1815 249
1
1816 30
1
1817 309
0
1
1818 325
1
1819 246
1
1820 275
1
1821 204
1
1822 127
1
1823 228
1
1824 212
1
1825 208
1
1826 24
1
1827 288
1
1828 129
1
1829 273
1
1830 30
1
1831 184
1
1832 68
1
1833 50
1
1834 31
1
1835 285
1
1836 214
1
1837 7
1
1838 176
1
1839 295
1
1840 126
1
1841 253
0
1
1842 252
1
1843 180
1
1844 227
1
1845 320
1
1846 304
1
1847 94
1
1848 18
0
1
1849 103
1
1850 165
0
1
1851 34
1
1852 158
1
1853 163
1
1854 190
1
1855 134
1
1856 39
1
1857 213
1
1858 299
1
1859 171
1
1860 308
1
1861 90
0
1
1862 139
1
1863 116
1
1864 57
1
1865 251
1
1866 95
0
1
1867 269
1
1868 65
1
1869 114
1
1870 64
1
1871 304
1
1872 43
0
1
1873 229
0
0
1
1874 74
1
1875 70
1
1876 310
1
1877 19
1
1878 100
1
1879 277
0
1
1880 312
1
1881 213
1
1882 206
1
1883 234
1
1884 146
1
1885 149
1
1886 128
1
1887 203
1
1888 181
1
1889 191
1
1890 176
1
1891 148
0
0
1
1892 236
1
1893 5
1
1894 124
1
1895 207
1
1896 325
1
1897 229
1
1898 185
1
1899 328
1
1900 42
0
1
1901 41
1
1902 76
1
1903 326
1
1904 298
1
1905 309
1
1906 137
1
1907 108
1
1908 107
1
1909 14
1
1910 218
1
1911 329
1
1912 158
1
1913 238
1
1914 133
1
1915 25
1
1916 138
1
1917 169
1
1918 194
1
1919 122
1
1920 76
1
1921 9
0
1
1922 203
1
1923 188
1
1924 39
1
1925 18
1
1926 220
1
1927 70
1
1928 227
0
1
1929 58
1
1930 321
1
1931 162
1
1932 158
1
1933 264
1
1934 330
1
1935 79
1
1936 230
1
1937 157
1
1938 258
1
1939 119
1
1940 10
1
1941 182
1
1942 94
1
1943 121
1
1944 87
0
1
1945 279
1
1946 169
1
1947 93
1
1948 166
1
1949 25
1
1950 34
1
1951 207
1
1952 244
1
1953 293
1
1954 89
1
1955 256
1
1956 272
1
1957 321
1
1958 117
1
1959 313
1
1960 297
1
1961 274
1
1962 80
1
1963 48
1
1964 25
1
1965 213
1
1966 4
1
1967 155
1
1968 96
1
1969 144
0
1
1970 273
1
1971 51
1
1972 156
1
1973 325
1
1974 100
1
1975 111
1
1976 66
1
1977 187
1
1978 227
1
1979 279
1
1980 57
1
1981 157
1
1982 30
1
1983 152
1
1984 26
1
1985 325
1
1986 319
1
1987 94
1
1988 100
1
1989 44
1
1990 110
0
1
1991 270
1
1992 105
1
1993 287
1
1994 56
1
1995 209
1
1996 38
1
1997 312
1
1998 55
1
1999 257
1
2000 63
1
2001 309
1
2002 138
1
2003 149
1
2004 225
1
2005 6
0
1
2006 17
1
2007 28
1
2008 78
1
2009 33
1
2010 108
1
2011 56
1
2012 33
1
2013 213
1
2014 254
1
2015 220
1
2016 38
1
2017 11
1
2018 325
1
2019 11
1
2020 300
1
2021 60
1
2022 104
1
2023 86
1
2024 78
1
2025 106
1
2026 290
1
2027 149
0
1
2028 181
1
2029 228
1
2030 320
1
2031 233
1
2032 71
1
2033 232
1
2034 7
1
2035 184
0
1
2036 210
1
2037 28
0
0
1
2038 15
1
2039 242
1
2040 137
0
1
2041 139
0
1
2042 197
1
2043 133
1
2044 70
1
2045 176
1
2046 105
1
2047 317
0
0
1
2048 300
1
2049 131
1
2050 241
0
1
2051 149
1
2052 52
0
1
2053 16
1
2054 78
1
2055 267
1
2056 283
1
2057 292
1
2058 44
0
1
2059 263
0
1
2060 240
1
2061 110
1
2062 174
0
1
2063 277
1
2064 315
0
1
2065 138
1
2066 261
1
2067 169
0
1
2068 165
1
2069 43
1
2070 202
1
2071 224
1
2072 277
1
2073 24
1
2074 69
0
0
1
2075 63
1
2076 291
1
2077 61
1
2078 234
1
2079 246
1
2080 238
1
2081 58
1
2082 264
1
2083 26
1
2084 36
1
2085 112
1
2086 244
0
1
2087 265
1
2088 4
1
2089 165
1
2090 232
1
2091 178
1
2092 314
1
2093 134
1
2094 42
1
2095 167
1
2096 311
1
2097 7
1
2098 96
0
1
2099 75
1
2100 250
1
2101 149
0
1
2102 305
1
2103 20
1
2104 257
1
2105 210
0
1
2106 232
1
2107 42
1
2108 142
1
2109 111
1
2110 109
1
2111 82
0
1
2112 29
1
2113 280
1
2114 139
1
2115 262
1
2116 29
1
2117 269
1
2118 149
1
2119 227
1
2120 57
1
2121 202
0
1
2122 164
1
2123 80
1
2124 207
0
0
1
2125 149
1
2126 23
0
1
2127 46
1
2128 124
1
2129 78
1
2130 262
1
2131 138
1
2132 156
0
0
0
1
2133 142
1
2134 26
1
2135 90
0
1
2136 256
1
2137 140
0
1
2138 328
1
2139 59
1
2140 61
1
2141 280
1
2142 318
1
2143 166
1
2144 305
1
2145 194
1
2146 22
1
2147 209
1
2148 154
0
1
2149 324
1
2150 90
1
2151 89
1
2152 190
1
2153 13
1
2154 106
1
2155 303
1
2156 15
1
2157 130
1
2158 231
1
2159 96
1
2160 274
1
2161 281
0
0
1
2162 225
0
1
2163 313
1
2164 96
0
1
2165 231
1
2166 273
1
2167 196
1
2168 17
1
2169 243
1
2170 6
1
2171 42
1
2172 261
1
2173 44
0
0
1
2174 116
1
2175 93
1
2176 216
1
2177 103
1
2178 279
1
2179 244
0
1
2180 220
1
2181 248
1
2182 43
1
2183 47
0
1
2184 330
1
2185 24
0
0
1
2186 149
0
1
2187 243
1
2188 83
1
2189 325
1
2190 204
1
2191 274
1
2192 56
1
2193 249
1
2194 46
1
2195 305
1
2196 107
0
0
1
2197 198
1
2198 91
1
2199 181
1
2200 148
1
2201 144
1
2202 71
1
2203 99
1
2204 135
1
2205 61
1
2206 273
0
1
2207 257
1
2208 120
1
2209 219
1
2210 95
1
2211 166
1
2212 90
1
2213 160
1
2214 189
0
1
2215 192
1
2216 325
1
2217 197
1
2218 78
0
1
2219 308
1
2220 328
1
2221 240
1
2222 329
0
1
2223 62
1
2224 302
1
2225 310
1
2226 45
0
1
2227 121
1
2228 49
1
2229 70
0
1
2230 62
1
2231 80
0
1
2232 171
1
2233 312
0
1
2234 298
1
2235 6
1
2236 269
1
2237 58
1
2238 157
1
2239 254
1
2240 138
1
2241 175
1
2242 68
1
2243 166
1
2244 162
1
2245 326
1
2246 312
0
1
2247 32
1
2248 254
1
2249 22
1
2250 270
1
2251 127
0
1
2252 213
0
1
2253 112
0
1
2254 81
1
2255 33
1
2256 103
1
2257 237
1
2258 152
1
2259 134
0
1
2260 149
0
1
2261 92
1
2262 135
1
2263 167
1
2264 236
1
2265 148
1
2266 305
0
1
2267 57
0
1
2268 211
1
2269 186
1
2270 65
1
2271 184
1
2272 73
1
2273 306
1
2274 220
1
2275 212
1
2276 47
0
1
2277 246
1
2278 18
0
1
2279 88
1
2280 154
1
2281 222
0
1
2282 302
1
2283 64
1
2284 81
1
2285 43
1
2286 196
1
2287 171
1
2288 218
0
1
2289 165
1
2290 19
1
2291 174
1
2292 83
0
1
2293 241
1
2294 21
1
2295 234
1
2296 221
1
2297 73
1
2298 291
1
2299 79
0
1
2300 20
1
2301 229
1
2302 60
1
2303 5
1
2304 252
1
2305 274
1
2306 219
1
2307 46
0
1
2308 94
0
1
2309 157
1
2310 28
0
1
2311 157
1
2312 209
1
2313 93
1
2314 78
0
0
0
1
2315 286
1
2316 114
1
2317 192
0
1
2318 180
1
2319 68
1
2320 122
1
2321 24
1
2322 155
1
2323 273
0
1
2324 138
0
1
2325 311
0
1
2326 306
0
1
2327 204
1
2328 321
1
2329 213
1
2330 126
0
1
2331 63
1
2332 318
1
2333 280
1
2334 47
1
2335 17
1
2336 133
1
2337 307
1
2338 216
0
1
2339 46
0
1
2340 70
0
0
1
2341 25
0
0
1
2342 22
1
2343 161
1
2344 161
1
2345 159
1
2346 314
1
2347 10
1
2348 75
1
2349 59
1
2350 255
1
2351 301
0
1
2352 138
1
2353 112
1
2354 237
1
2355 237
0
1
2356 95
1
2357 42
1
2358 111
0
1
2359 206
1
2360 181
1
2361 144
1
2362 193
1
2363 64
1
2364 101
0
1
2365 115
1
2366 150
1
2367 72
1
2368 54
1
2369 104
0
1
2370 147
0
1
2371 117
1
2372 42
1
2373 249
1
2374 264
1
2375 199
1
2376 242
1
2377 16
1
2378 100
0
1
2379 138
1
2380 64
1
2381 58
1
2382 276
1
2383 206
1
2384 209
1
2385 93
1
2386 207
1
2387 252
1
2388 20
1
2389 94
1
2390 114
0
1
2391 60
0
1
2392 186
1
2393 144
0
1
2394 191
1
2395 57
1
2396 310
1
2397 295
1
2398 42
1
2399 292
1
2400 106
0
1
2401 123
1
2402 262
1
2403 258
1
2404 115
1
2405 276
1
2406 224
0
1
2407 58
0
1
2408 28
0
0
1
2409 245
1
2410 68
0
1
2411 78
1
2412 173
1
2413 7
1
2414 246
1
2415 323
1
2416 122
1
2417 215
1
2418 248
1
2419 99
0
1
2420 276
1
2421 51
1
2422 274
1
2423 104
1
2424 232
1
2425 40
0
0
1
2426 238
1
2427 291
1
2428 172
0
1
2429 10
1
2430 321
0
1
2431 60
1
2432 126
1
2433 252
1
2434 140
1
2435 172
1
2436 298
1
2437 10
1
2438 127
1
2439 298
0
0
1
2440 283
0
1
2441 153
1
2442 278
0
0
1
2443 203
1
2444 37
1
2445 199
1
2446 15
1
2447 142
1
2448 79
1
2449 317
1
2450 20
1
2451 161
1
2452 132
1
2453 326
1
2454 104
1
2455 151
0
0
1
2456 279
0
0
1
2457 191
1
2458 329
0
1
2459 330
0
1
2460 250
1
2461 109
1
2462 141
1
2463 299
1
2464 34
1
2465 138
0
1
2466 7
0
0
0
1
2467 103
1
2468 161
1
2469 254
1
2470 98
1
2471 176
1
2472 117
1
2473 162
1
2474 242
0
1
2475 161
0
1
2476 88
1
2477 307
1
2478 188
0
1
2479 187
1
2480 7
1
2481 263
1
2482 318
1
2483 166
1
2484 307
1
2485 6
0
1
2486 55
1
2487 287
1
2488 41
0
1
2489 180
1
2490 186
0
1
2491 87
0
1
2492 271
1
2493 164
1
2494 79
1
2495 37
1
2496 79
1
2497 135
1
2498 86
0
1
2499 264
1
2500 144
0
0
1
2501 171
1
2502 84
1
2503 324
0
1
2504 128
1
2505 82
0
1
2506 28
1
2507 101
1
2508 33
1
2509 248
1
2510 231
1
2511 236
1
2512 126
0
1
2513 280
1
2514 269
0
1
2515 116
1
2516 275
1
2517 58
1
2518 36
1
2519 234
1
2520 144
1
2521 326
1
2522 246
1
2523 39
1
2524 310
1
2525 257
1
2526 301
0
1
2527 179
1
2528 197
1
2529 84
0
1
2530 206
1
2531 68
0
1
2532 268
0
0
1
2533 294
1
2534 254
1
2535 133
1
2536 91
1
2537 35
0
0
1
2538 135
0
1
2539 230
1
2540 147
0
1
2541 312
1
2542 39
1
2543 228
1
2544 105
1
2545 54
1
2546 191
0
0
1
2547 221
1
2548 228
0
1
2549 305
1
2550 10
1
2551 303
1
2552 126
1
2553 23
1
2554 311
1
2555 171
1
2556 77
1
2557 123
0
0
1
2558 30
1
2559 259
1
2560 275
0
1
2561 315
1
2562 227
1
2563 149
1
2564 176
1
2565 96
0
1
2566 44
0
1
2567 284
1
2568 207
1
2569 224
1
2570 42
1
2571 156
1
2572 198
0
1
2573 241
0
1
2574 217
1
2575 219
1
2576 117
0
1
2577 7
0
1
2578 44
1
2579 223
1
2580 56
0
1
2581 246
0
1
2582 56
0
1
2583 98
1
2584 32
1
2585 252
0
1
2586 30
1
2587 269
1
2588 111
1
2589 203
0
1
2590 195
1
2591 245
1
2592 182
1
2593 20
1
2594 87
1
2595 88
0
1
2596 200
1
2597 163
0
1
2598 329
1
2599 164
1
2600 304
0
1
2601 120
0
1
2602 102
1
2603 88
0
1
2604 203
0
1
2605 180
1
2606 78
1
2607 56
1
2608 26
1
2609 22
0
0
1
2610 169
1
2611 218
1
2612 114
1
2613 244
1
2614 188
1
2615 301
1
2616 242
1
2617 145
0
1
2618 157
1
2619 47
1
2620 211
1
2621 167
0
1
2622 79
0
1
2623 157
1
2624 218
0
1
2625 75
1
2626 107
1
2627 4
1
2628 267
1
2629 306
1
2630 125
1
2631 216
0
0
1
2632 17
1
2633 207
1
2634 238
1
2635 60
1
2636 95
1
2637 100
1
2638 49
1
2639 276
0
1
2640 56
1
2641 264
0
0
1
2642 108
0
0
1
2643 329
1
2644 42
1
2645 87
0
1
2646 290
0
1
2647 191
0
0
1
2648 310
1
2649 111
0
0
1
2650 199
1
2651 212
1
2652 91
1
2653 263
0
1
2654 102
1
2655 84
1
2656 288
1
2657 165
1
2658 258
0
1
2659 48
1
2660 36
1
2661 275
1
2662 233
1
2663 263
1
2664 173
1
2665 47
1
2666 23
0
1
2667 303
1
2668 214
1
2669 102
0
1
2670 232
1
2671 203
0
0
1
2672 209
1
2673 95
1
2674 63
0
1
2675 264
0
1
2676 129
0
1
2677 31
1
2678 243
1
2679 207
1
2680 73
1
2681 42
1
2682 141
1
2683 156
1
2684 326
1
2685 214
1
2686 226
1
2687 60
1
2688 64
1
2689 227
1
2690 68
1
2691 292
1
2692 153
1
2693 104
1
2694 299
1
2695 165
0
1
2696 262
1
2697 124
1
2698 213
1
2699 118
1
2700 257
1
2701 121
1
2702 318
0
1
2703 232
1
2704 27
0
1
2705 277
1
2706 116
1
2707 258
1
2708 197
0
1
2709 102
1
2710 207
0
1
2711 298
0
1
2712 36
0
1
2713 149
0
1
2714 187
1
2715 39
1
2716 194
1
2717 181
1
2718 118
1
2719 37
0
0
1
2720 63
1
2721 295
0
0
1
2722 251
1
2723 132
0
0
1
2724 17
1
2725 80
1
2726 92
0
1
2727 188
0
1
2728 210
1
2729 17
0
1
2730 163
0
1
2731 255
1
2732 199
1
2733 134
0
1
2734 200
0
1
2735 261
0
1
2736 319
0
1
2737 132
0
1
2738 50
1
2739 202
0
0
1
2740 125
1
2741 182
1
2742 151
1
2743 114
1
2744 186
1
2745 297
0
1
2746 23
1
2747 111
1
2748 71
1
2749 324
0
1
2750 315
1
2751 70
1
2752 117
1
2753 138
0
1
2754 77
0
0
1
2755 167
1
2756 305
1
2757 291
0
1
2758 28
1
2759 72
1
2760 59
1
2761 264
1
2762 90
1
2763 136
0
1
2764 208
1
2765 329
0
1
2766 264
0
1
2767 26
0
1
2768 116
1
2769 60
1
2770 322
1
2771 310
0
1
2772 26
0
1
2773 314
1
2774 190
1
2775 276
1
2776 41
0
1
2777 36
1
2778 80
1
2779 243
1
2780 289
1
2781 12
1
2782 145
1
2783 331
1
2784 70
1
2785 131
1
2786 177
0
0
0
1
2787 13
1
2788 321
1
2789 224
1
2790 83
0
0
0
1
2791 40
1
2792 36
0
1
2793 29
0
0
1
2794 134
0
1
2795 248
1
2796 32
1
2797 166
1
2798 93
0
1
2799 119
1
2800 9
0
0
1
2801 197
1
2802 60
0
1
2803 242
1
2804 147
1
2805 84
1
2806 186
1
2807 251
1
2808 171
1
2809 97
1
2810 153
0
1
2811 50
0
1
2812 190
1
2813 165
0
0
1
2814 86
1
2815 222
0
1
2816 246
1
2817 159
1
2818 214
0
1
2819 14
1
2820 242
1
2821 218
1
2822 64
1
2823 331
1
2824 249
0
1
2825 87
1
2826 83
1
2827 206
0
0
1
2828 85
1
2829 191
1
2830 271
1
2831 150
1
2832 29
1
2833 55
1
2834 236
1
2835 224
1
2836 39
1
2837 313
1
2838 3
1
2839 62
1
2840 299
1
2841 6
1
2842 256
1
2843 63
1
2844 80
1
2845 91
1
2846 238
1
2847 271
0
1
2848 161
0
1
2849 265
1
2850 40
0
0
1
2851 171
1
2852 56
1
2853 210
1
2854 321
0
0
1
2855 174
0
1
2856 272
0
1
2857 198
0
0
0
1
2858 221
1
2859 246
1
2860 229
0
0
1
2861 203
0
0
1
2862 329
1
2863 114
0
0
0
0
0
0
0
1
2864 80
1
2865 287
1
2866 21
0
1
2867 262
1
2868 129
1
2869 6
1
2870 30
0
1
2871 259
0
1
2872 287
0
1
2873 83
1
2874 291
0
0
0
1
2875 294
1
2876 131
1
2877 265
1
2878 261
0
1
2879 98
0
1
2880 246
1
2881 38
1
2882 247
1
2883 7
1
2884 22
1
2885 255
1
2886 290
1
2887 27
1
2888 125
0
1
2889 52
1
2890 307
1
2891 121
0
1
2892 230
1
2893 83
1
2894 141
0
0
0
1
2895 26
1
2896 281
1
2897 77
1
2898 205
1
2899 204
1
2900 204
1
2901 154
1
2902 69
1
2903 104
1
2904 249
0
0
0
0
0
0
1
2905 220
1
2906 122
1
2907 62
1
2908 275
1
2909 123
0
1
2910 43
0
1
2911 58
1
2912 191
1
2913 35
1
2914 191
1
2915 302
1
2916 101
1
2917 225
1
2918 238
0
1
2919 193
1
2920 159
1
2921 192
1
2922 306
0
1
2923 296
0
1
2924 269
0
1
2925 65
1
2926 9
0
1
2927 86
1
2928 218
0
0
1
2929 57
1
2930 151
0
1
2931 130
1
2932 98
0
1
2933 208
1
2934 305
1
2935 268
1
2936 198
0
0
0
1
2937 89
1
2938 254
0
1
2939 155
1
2940 129
1
2941 34
0
0
0
0
1
2942 131
0
0
1
2943 180
1
2944 303
0
0
0
0
1
2945 8
1
2946 138
1
2947 272
0
1
2948 64
1
2949 28
1
2950 93
1
2951 214
1
2952 181
1
2953 231
1
2954 56
0
0
0
1
2955 276
1
2956 307
1
2957 199
1
2958 148
1
2959 255
1
2960 159
1
2961 295
0
1
2962 160
1
2963 243
1
2964 125
1
2965 22
1
2966 188
1
2967 46
1
2968 159
0
1
2969 53
0
1
2970 184
1
2971 288
0
1
2972 265
1
2973 45
0
1
2974 76
1
2975 132
1
2976 99
0
0
1
2977 272
0
1
2978 188
1
2979 160
0
1
2980 191
1
2981 297
0
1
2982 162
1
2983 134
1
2984 168
1
2985 310
0
0
1
2986 132
1
2987 174
0
0
0
1
2988 207
1
2989 214
1
2990 53
0
1
2991 78
0
0
1
2992 62
1
2993 114
1
2994 245
1
2995 169
0
1
2996 77
0
1
2997 97
0
1
2998 115
1
2999 217
1
3000 181
1
3001 294
0
1
3002 24
1
3003 197
0
0
0
1
3004 277
1
3005 143
1
3006 233
1
3007 17
0
1
3008 203
1
3009 37
1
3010 282
0
0
0
1
3011 321
0
1
3012 305
1
3013 229
0
1
3014 161
0
1
3015 259
0
0
1
3016 165
1
3017 318
1
3018 315
0
0
1
3019 9
1
3020 5
1
3021 231
0
0
0
1
3022 15
1
3023 279
1
3024 6
1
3025 243
0
1
3026 320
0
0
0
1
3027 266
1
3028 64
1
3029 150
1
3030 81
1
3031 271
1
3032 61
1
3033 181
1
3034 320
0
1
3035 157
1
3036 80
1
3037 42
1
3038 39
1
3039 155
1
3040 49
1
3041 191
1
3042 221
1
3043 210
1
3044 275
1
3045 69
0
1
3046 175
1
3047 144
0
0
1
3048 111
1
3049 269
0
1
3050 22
1
3051 152
0
0
0
1
3052 330
1
3053 112
1
3054 21
0
0
1
3055 272
1
3056 13
0
0
0
0
0
1
3057 92
1
3058 264
0
0
1
3059 36
1
3060 138
0
0
1
3061 157
0
1
3062 18
0
1
3063 135
1
3064 304
0
1
3065 197
0
0
1
3066 216
1
3067 106
0
0
0
0
1
3068 72
1
3069 126
0
0
1
3070 259
1
3071 281
1
3072 245
1
3073 91
1
3074 158
1
3075 93
1
3076 310
1
3077 282
0
0
0
1
3078 12
1
3079 127
1
3080 179
1
3081 176
1
3082 311
0
0
0
0
1
3083 328
0
1
3084 213
0
1
3085 145
0
1
3086 170
0
1
3087 237
1
3088 268
0
1
3089 157
1
3090 189
0
1
3091 140
1
3092 202
1
3093 275
0
0
0
1
3094 164
1
3095 215
0
1
3096 157
0
1
3097 186
1
3098 205
1
3099 46
1
3100 127
1
3101 200
1
3102 210
1
3103 134
1
3104 45
0
1
3105 161
0
0
1
3106 125
0
1
3107 105
1
3108 110
0
0
1
3109 308
1
3110 175
1
3111 40
0
0
0
0
0
0
0
1
3112 60
0
1
3113 260
1
3114 285
1
3115 279
1
3116 220
1
3117 270
1
3118 262
1
3119 118
1
3120 279
1
3121 104
0
0
0
0
1
3122 119
0
1
3123 238
0
0
0
1
3124 6
1
3125 171
1
3126 26
1
3127 298
0
1
3128 213
0
0
0
1
3129 8
1
3130 180
0
0
1
3131 191
1
3132 245
1
3133 179
1
3134 129
0
1
3135 68
1
3136 211
1
3137 193
1
3138 21
0
1
3139 11
1
3140 272
0
0
1
3141 97
1
3142 89
0
1
3143 211
1
3144 251
1
3145 143
1
3146 19
1
3147 179
1
3148 259
1
3149 277
1
3150 28
1
3151 64
1
3152 328
1
3153 286
0
0
1
3154 197
0
1
3155 223
1
3156 79
1
3157 191
1
3158 324
1
3159 143
1
3160 187
1
3161 75
1
3162 236
1
3163 245
1
3164 293
1
3165 331
1
3166 185
0
1
3167 145
1
3168 101
0
1
3169 112
1
3170 19
0
1
3171 21
1
3172 265
0
1
3173 302
1
3174 68
1
3175 31
1
3176 201
0
1
3177 139
0
1
3178 149
1
3179 147
1
3180 42
1
3181 18
1
3182 327
1
3183 296
1
3184 228
0
1
3185 124
0
1
3186 72
0
1
3187 186
0
1
3188 207
0
1
3189 112
0
1
3190 186
1
3191 85
1
3192 99
0
0
0
0
0
0
1
3193 77
1
3194 31
0
0
1
3195 21
1
3196 280
0
1
3197 306
0
1
3198 286
0
0
1
3199 263
1
3200 245
1
3201 200
1
3202 61
0
0
1
3203 141
1
3204 321
1
3205 313
1
3206 253
1
3207 140
0
0
0
1
3208 22
0
1
3209 162
0
1
3210 67
1
3211 62
1
3212 110
1
3213 133
1
3214 256
1
3215 36
1
3216 43
1
3217 286
1
3218 114
0
1
3219 229
1
3220 13
0
1
3221 283
1
3222 228
0
0
1
3223 196
0
1
3224 324
1
3225 230
1
3226 202
1
3227 312
1
3228 103
1
3229 153
0
0
1
3230 273
0
1
3231 171
0
1
3232 176
0
1
3233 300
1
3234 74
0
1
3235 217
1
3236 140
0
0
1
3237 213
0
1
3238 316
1
3239 68
0
1
3240 37
0
0
0
0
1
3241 205
0
1
3242 314
0
0
1
3243 146
1
3244 124
0
1
3245 194
0
1
3246 272
1
3247 181
1
3248 227
1
3249 306
1
3250 64
0
1
3251 125
1
3252 222
1
3253 47
1
3254 21
1
3255 321
1
3256 91
1
3257 148
0
0
0
0
0
1
3258 96
1
3259 226
1
3260 219
1
3261 138
0
0
1
3262 297
1
3263 200
0
1
3264 286
0
1
3265 147
0
0
1
3266 114
1
3267 245
0
1
3268 299
0
0
0
1
3269 119
1
3270 108
0
0
0
1
3271 96
1
3272 138
1
3273 153
0
0
0
1
3274 119
0
0
0
0
0
0
1
3275 319
0
1
3276 128
0
0
0
1
3277 152
0
1
3278 2
0
1
3279 269
0
1
3280 202
0
1
3281 220
0
1
3282 242
1
3283 150
1
3284 264
0
0
1
3285 237
0
1
3286 316
0
1
3287 297
1
3288 43
0
1
3289 313
0
1
3290 172
1
3291 49
0
1
3292 168
0
1
3293 11
1
3294 185
0
0
0
1
3295 258
1
3296 17
1
3297 95
0
1
3298 59
1
3299 313
1
3300 3
1
3301 54
1
3302 279
0
1
3303 265
0
1
3304 37
0
1
3305 130
1
3306 325
1
3307 119
0
1
3308 264
1
3309 209
0
1
3310 16
1
3311 320
1
3312 90
1
3313 24
1
3314 144
0
1
3315 207
0
0
0
1
3316 177
1
3317 109
1
3318 46
1
3319 256
0
1
3320 119
1
3321 192
1
3322 310
1
3323 13
1
3324 109
0
1
3325 6
0
1
3326 220
0
0
1
3327 146
1
3328 273
1
3329 214
0
0
1
3330 95
0
1
3331 63
0
1
3332 63
1
3333 84
1
3334 178
1
3335 327
0
0
1
3336 121
0
1
3337 148
1
3338 269
0
0
0
1
3339 42
1
3340 19
1
3341 305
1
3342 320
1
3343 234
1
3344 121
0
0
1
3345 59
1
3346 220
1
3347 101
1
3348 119
1
3349 326
0
1
3350 158
1
3351 221
0
1
3352 77
1
3353 206
1
3354 127
1
3355 60
1
3356 284
0
0
1
3357 121
0
1
3358 144
1
3359 105
1
3360 45
1
3361 272
1
3362 274
0
0
0
1
3363 329
0
1
3364 150
1
3365 31
0
0
1
3366 12
0
1
3367 182
0
1
3368 294
1
3369 123
0
0
0
1
3370 328
1
3371 300
1
3372 162
0
1
3373 33
0
1
3374 325
0
1
3375 31
0
1
3376 264
0
1
3377 13
1
3378 61
0
1
3379 165
0
0
0
0
0
1
3380 50
1
3381 41
1
3382 231
0
0
0
0
1
3383 46
0
1
3384 262
1
3385 10
1
3386 79
0
1
3387 241
0
0
1
3388 53
0
0
0
1
3389 308
0
1
3390 10
0
0
1
3391 88
1
3392 288
1
3393 238
0
1
3394 314
1
3395 243
1
3396 310
1
3397 76
1
3398 112
1
3399 52
1
3400 211
0
0
1
3401 9
1
3402 320
1
3403 201
0
0
0
1
3404 210
1
3405 121
0
1
3406 227
0
1
3407 217
0
1
3408 78
0
1
3409 10
1
3410 321
1
3411 88
1
3412 191
1
3413 238
0
1
3414 3
0
0
1
3415 19
1
3416 47
1
3417 41
1
3418 173
0
1
3419 64
1
3420 315
0
1
3421 66
1
3422 11
0
1
3423 131
0
0
1
3424 226
1
3425 117
1
3426 325
0
0
0
1
3427 134
1
3428 125
0
0
0
0
0
0
0
0
1
3429 227
1
3430 243
1
3431 307
1
3432 87
0
1
3433 178
1
3434 237
1
3435 260
0
1
3436 200
0
0
0
0
0
0
1
3437 36
0
1
3438 150
0
1
3439 230
0
0
1
3440 272
0
1
3441 269
0
1
3442 130
1
3443 80
0
0
0
1
3444 107
0
0
1
3445 79
1
3446 234
0
0
1
3447 171
0
0
0
1
3448 119
0
1
3449 326
0
0
1
3450 197
1
3451 227
1
3452 28
0
1
3453 163
0
0
1
3454 97
1
3455 103
1
3456 192
0
0
1
3457 82
0
1
3458 269
1
3459 184
1
3460 148
0
1
3461 279
1
3462 206
0
1
3463 160
1
3464 148
0
0
1
3465 70
1
3466 219
1
3467 27
1
3468 4
1
3469 4
0
1
3470 185
0
0
1
3471 301
0
1
3472 55
1
3473 23
0
1
3474 154
1
3475 297
0
1
3476 282
1
3477 176
1
3478 144
1
3479 35
1
3480 77
0
1
3481 291
1
3482 299
1
3483 208
0
0
0
1
3484 80
1
3485 74
0
0
1
3486 139
0
1
3487 290
0
0
1
3488 167
1
3489 187
0
1
3490 162
1
3491 264
0
0
0
1
3492 82
0
0
1
3493 251
1
3494 117
1
3495 16
1
3496 201
1
3497 210
1
3498 253
0
0
0
0
0
1
3499 68
0
0
0
1
3500 67
1
3501 322
1
3502 10
1
3503 45
1
3504 209
1
3505 239
1
3506 59
1
3507 41
0
1
3508 99
1
3509 149
1
3510 115
1
3511 38
0
1
3512 235
1
3513 238
1
3514 186
1
3515 269
0
0
0
0
1
3516 157
0
1
3517 304
0
1
3518 221
1
3519 225
0
0
0
0
1
3520 314
0
0
1
3521 330
1
3522 96
0
0
0
0
0
0
0
1
3523 162
0
1
3524 177
0
1
3525 125
0
0
1
3526 159
0
0
1
3527 62
1
3528 72
1
3529 80
0
0
0
1
3530 218
1
3531 9
1
3532 299
0
1
3533 328
0
1
3534 278
1
3535 245
1
3536 316
0
1
3537 139
0
0
0
0
1
3538 217
1
3539 218
1
3540 255
1
3541 132
0
0
1
3542 217
1
3543 309
1
3544 97
0
1
3545 171
0
0
0
0
1
3546 34
1
3547 110
0
1
3548 283
0
0
1
3549 203
0
0
0
1
3550 35
0
1
3551 295
1
3552 248
1
3553 159
0
1
3554 183
0
1
3555 219
1
3556 89
1
3557 209
0
0
1
3558 222
0
1
3559 31
0
0
1
3560 291
0
0
1
3561 143
1
3562 303
0
0
0
0
1
3563 38
0
1
3564 30
1
3565 80
0
0
1
3566 234
0
1
3567 39
0
0
1
3568 160
0
1
3569 120
0
1
3570 298
0
0
1
3571 43
1
3572 87
1
3573 258
1
3574 245
0
1
3575 309
0
1
3576 50
1
3577 104
0
0
1
3578 329
0
1
3579 157
0
0
1
3580 135
0
1
3581 183
1
3582 312
0
0
0
1
3583 36
0
0
1
3584 152
0
0
0
1
3585 181
0
0
0
1
3586 207
0
1
3587 54
0
1
3588 10
1
3589 67
0
1
3590 237
1
3591 42
0
0
1
3592 276
0
1
3593 244
0
0
0
0
0
1
3594 188
0
0
0
1
3595 213
1
3596 120
0
0
0
1
3597 138
0
1
3598 164
0
0
1
3599 272
1
3600 58
1
3601 329
0
1
3602 286
0
0
0
0
1
3603 257
0
0
0
0
0
1
3604 328
0
0
1
3605 222
0
1
3606 95
1
3607 84
0
1
3608 265
1
3609 159
0
1
3610 266
1
3611 38
1
3612 263
0
1
3613 257
0
0
1
3614 46
1
3615 243
1
3616 110
1
3617 181
0
0
0
1
3618 227
0
1
3619 31
1
3620 15
1
3621 174
0
0
0
1
3622 2
0
0
1
3623 252
1
3624 20
0
1
3625 82
0
1
3626 99
1
3627 13
1
3628 91
1
3629 305
0
0
0
0
1
3630 175
0
0
0
1
3631 70
1
3632 258
1
3633 280
1
3634 81
1
3635 140
1
3636 126
1
3637 121
1
3638 32
1
3639 289
1
3640 262
1
3641 125
1
3642 323
1
3643 234
1
3644 272
0
1
3645 301
0
1
3646 156
1
3647 220
0
1
3648 131
0
1
3649 112
1
3650 306
0
1
3651 253
0
1
3652 47
0
0
0
1
3653 307
0
0
0
0
0
0
1
3654 322
0
1
3655 36
1
3656 307
1
3657 125
1
3658 123
1
3659 42
0
1
3660 233
0
0
0
0
1
3661 273
1
3662 260
0
1
3663 231
0
1
3664 164
0
1
3665 96
1
3666 163
1
3667 79
0
1
3668 156
1
3669 194
1
3670 226
0
1
3671 13
0
1
3672 220
1
3673 193
0
1
3674 12
1
3675 120
1
3676 64
1
3677 66
0
1
3678 327
1
3679 316
1
3680 316
1
3681 174
1
3682 160
0
0
1
3683 41
0
0
1
3684 9
1
3685 64
0
0
0
0
0
0
0
0
1
3686 228
0
1
3687 249
1
3688 305
1
3689 181
1
3690 29
0
0
0
0
0
0
0
0
0
1
3691 150
0
1
3692 59
1
3693 244
0
1
3694 267
0
0
0
0
1
3695 142
0
0
0
1
3696 154
0
0
1
3697 232
0
1
3698 114
0
0
1
3699 243
1
3700 51
1
3701 238
0
1
3702 266
0
1
3703 243
1
3704 64
1
3705 147
0
1
3706 28
1
3707 324
1
3708 227
1
3709 112
0
0
0
1
3710 300
0
0
0
0
1
3711 124
1
3712 152
0
0
0
1
3713 283
1
3714 143
0
1
3715 272
0
0
0
0
1
3716 219
0
0
0
1
3717 54
1
3718 206
0
0
0
0
1
3719 32
0
1
3720 76
0
0
1
3721 326
0
1
3722 18
1
3723 21
0
0
1
3724 180
0
0
0
1
3725 293
1
3726 51
1
3727 43
1
3728 78
1
3729 195
0
1
3730 15
0
1
3731 222
0
0
0
0
1
3732 156
0
0
1
3733 125
1
3734 14
0
0
1
3735 240
1
3736 305
1
3737 155
0
0
0
0
0
0
1
3738 187
1
3739 38
1
3740 34
1
3741 229
1
3742 176
0
1
3743 198
1
3744 203
1
3745 7
1
3746 264
1
3747 203
0
1
3748 39
1
3749 113
0
0
1
3750 6
0
0
1
3751 41
1
3752 263
0
1
3753 207
1
3754 305
0
0
0
1
3755 234
1
3756 56
1
3757 76
1
3758 253
0
1
3759 325
0
1
3760 227
0
0
0
0
0
1
3761 273
1
3762 286
1
3763 135
1
3764 284
1
3765 132
1
3766 323
1
3767 151
0
1
3768 67
1
3769 267
0
1
3770 276
1
3771 11
0
1
3772 45
0
0
1
3773 262
1
3774 153
1
3775 257
1
3776 211
0
1
3777 310
1
3778 293
1
3779 82
1
3780 277
0
1
3781 257
0
1
3782 211
1
3783 111
1
3784 194
0
0
0
0
1
3785 83
1
3786 221
1
3787 78
0
1
3788 11
1
3789 270
0
0
0
1
3790 153
0
0
0
1
3791 34
1
3792 133
1
3793 68
1
3794 179
0
1
3795 2
1
3796 280
0
0
0
0
1
3797 250
1
3798 79
0
0
0
0
0
0
0
0
1
3799 76
0
1
3800 57
1
3801 293
1
3802 306
0
1
3803 54
0
0
0
1
3804 201
1
3805 156
0
1
3806 249
0
0
0
0
0
1
3807 150
0
0
0
0
1
3808 102
1
3809 134
0
0
1
3810 133
1
3811 209
0
1
3812 168
0
1
3813 220
1
3814 145
0
1
3815 159
0
1
3816 2
0
1
3817 60
1
3818 309
1
3819 68
0
0
1
3820 246
1
3821 316
0
0
1
3822 110
1
3823 253
1
3824 145
0
1
3825 180
1
3826 105
0
1
3827 183
1
3828 136
1
3829 143
1
3830 189
0
0
1
3831 138
0
0
1
3832 121
0
1
3833 14
0
0
0
1
3834 283
1
3835 218
1
3836 322
0
0
1
3837 320
1
3838 307
0
1
3839 131
1
3840 64
0
1
3841 68
1
3842 149
0
0
0
0
1
3843 162
0
1
3844 212
0
0
1
3845 286
1
3846 78
1
3847 250
0
0
0
1
3848 292
1
3849 258
0
1
3850 43
1
3851 105
1
3852 57
1
3853 236
0
0
0
0
1
3854 153
1
3855 127
0
1
3856 323
1
3857 54
0
0
1
3858 258
0
0
1
3859 312
0
0
0
0
1
3860 76
1
3861 181
0
0
1
3862 140
1
3863 304
1
3864 273
1
3865 243
1
3866 134
0
0
0
0
1
3867 231
0
0
0
1
3868 68
0
0
1
3869 48
0
1
3870 280
1
3871 15
1
3872 68
1
3873 170
0
1
3874 51
1
3875 47
1
3876 41
1
3877 41
1
3878 96
1
3879 248
1
3880 68
1
3881 155
0
0
0
0
0
0
1
3882 93
1
3883 125
0
1
3884 138
1
3885 327
0
0
0
1
3886 131
1
3887 136
1
3888 214
1
3889 310
0
1
3890 225
0
0
0
1
3891 123
1
3892 260
1
3893 69
1
3894 122
0
1
3895 58
0
0
1
3896 94
1
3897 110
1
3898 159
1
3899 248
0
0
0
0
1
3900 183
0
1
3901 144
0
1
3902 144
0
0
1
3903 128
0
0
0
0
0
1
3904 175
1
3905 239
0
1
3906 227
0
0
0
0
0
0
1
3907 7
1
3908 128
1
3909 321
0
1
3910 56
0
0
1
3911 329
0
0
0
1
3912 48
0
0
1
3913 181
0
1
3914 127
0
1
3915 57
0
1
3916 310
1
3917 68
0
0
0
0
1
3918 176
0
1
3919 191
1
3920 287
0
0
1
3921 327
0
1
3922 316
0
1
3923 155
1
3924 20
0
0
0
1
3925 166
0
0
0
0
0
1
3926 293
0
1
3927 20
1
3928 92
0
1
3929 124
0
0
0
0
1
3930 222
0
0
1
3931 111
0
0
0
1
3932 305
0
1
3933 148
0
1
3934 105
0
0
1
3935 168
1
3936 225
0
0
0
0
0
1
3937 191
1
3938 216
1
3939 31
0
1
3940 191
1
3941 259
1
3942 234
1
3943 298
0
0
1
3944 5
1
3945 100
0
0
1
3946 260
0
1
3947 148
1
3948 286
1
3949 178
0
0
0
1
3950 236
0
1
3951 49
0
0
1
3952 67
1
3953 109
1
3954 211
0
0
0
0
0
0
0
0
0
0
0
0
0
0
1
3955 14
0
1
3956 35
0
0
1
3957 259
1
3958 277
1
3959 110
1
3960 177
1
3961 305
0
1
3962 145
0
1
3963 216
1
3964 250
1
3965 270
0
0
0
1
3966 88
1
3967 273
0
1
3968 20
1
3969 97
1
3970 203
0
0
0
0
0
1
3971 17
1
3972 314
0
1
3973 6
0
1
3974 172
0
1
3975 119
1
3976 140
0
1
3977 313
0
1
3978 110
0
0
0
0
1
3979 49
0
0
0
1
3980 94
0
1
3981 50
0
1
3982 185
1
3983 57
0
1
3984 289
1
3985 13
0
0
1
3986 147
1
3987 287
0
0
0
0
0
0
1
3988 325
0
0
0
0
1
3989 113
0
0
0
1
3990 252
1
3991 48
0
0
1
3992 42
1
3993 33
0
0
0
0
1
3994 4
0
0
0
0
1
3995 331
0
0
0
0
0
0
0
0
0
0
0
0
1
3996 189
0
0
0
1
3997 319
0
0
0
0
1
3998 317
0
0
1
3999 256
1
4000 290
1
4001 113
0
1
4002 50
0
1
4003 230
1
4004 262
0
1
4005 157
0
1
4006 291
0
0
1
4007 50
0
1
4008 67
0
0
0
1
4009 262
1
4010 198
1
4011 191
0
0
0
0
1
4012 160
1
4013 2
1
4014 314
1
4015 123
0
0
0
0
1
4016 118
1
4017 124
1
4018 189
0
0
0
0
0
1
4019 305
1
4020 138
1
4021 171
1
4022 15
0
1
4023 252
1
4024 84
0
1
4025 54
0
1
4026 197
1
4027 309
1
4028 149
1
4029 166
0
1
4030 264
0
0
1
4031 310
1
4032 134
1
4033 47
0
1
4034 323
1
4035 249
0
0
1
4036 6
1
4037 116
0
0
0
1
4038 315
1
4039 220
1
4040 219
1
4041 176
1
4042 231
0
1
4043 279
1
4044 195
0
0
0
1
4045 5
1
4046 108
1
4047 134
0
1
4048 9
1
4049 73
0
1
4050 173
0
0
1
4051 34
0
0
0
1
4052 216
0
0
0
1
4053 45
0
0
0
0
0
1
4054 41
0
0
0
0
0
1
4055 321
0
0
1
4056 257
0
0
1
4057 102
1
4058 30
0
0
1
4059 8
0
0
0
1
4060 217
1
4061 227
0
0
0
0
0
0
1
4062 207
0
1
4063 100
0
0
0
1
4064 35
0
1
4065 85
0
1
4066 25
0
0
0
1
4067 304
1
4068 212
0
0
1
4069 104
0
0
0
0
0
0
0
1
4070 329
1
4071 197
0
0
0
1
4072 177
1
4073 291
0
0
0
0
0
1
4074 144
0
1
4075 97
0
0
0
0
1
4076 127
1
4077 289
1
4078 209
0
0
0
0
0
0
1
4079 216
0
0
1
4080 176
1
4081 199
0
0
1
4082 255
0
1
4083 327
0
0
1
4084 242
0
0
1
4085 232
0
0
1
4086 38
0
1
4087 193
0
0
1
4088 59
0
0
1
4089 267
0
0
0
0
0
0
1
4090 309
1
4091 29
1
4092 2
1
4093 327
1
4094 151
1
4095 32
1
4096 121
0
1
4097 34
0
1
4098 150
1
4099 55
1
4100 58
1
4101 297
1
4102 90
0
0
0
0
0
0
0
0
1
4103 117
0
0
0
0
0
0
0
1
4104 324
1
4105 58
0
1
4106 29
1
4107 230
0
1
4108 139
0
0
0
0
1
4109 176
1
4110 58
0
0
0
1
4111 95
1
4112 110
1
4113 37
1
4114 18
1
4115 22
0
0
1
4116 182
0
1
4117 85
0
1
4118 247
1
4119 162
1
4120 243
1
4121 223
0
1
4122 276
0
1
4123 87
1
4124 166
0
1
4125 164
1
4126 76
0
0
1
4127 83
0
1
4128 234
0
1
4129 318
0
1
4130 323
0
0
1
4131 318
1
4132 21
0
0
0
1
4133 50
0
1
4134 309
0
1
4135 64
0
0
0
0
1
4136 68
1
4137 17
1
4138 110
1
4139 249
0
1
4140 290
0
0
0
1
4141 147
1
4142 301
0
1
4143 160
1
4144 34
1
4145 229
0
1
4146 22
1
4147 82
1
4148 191
0
1
4149 193
1
4150 198
1
4151 300
0
1
4152 115
0
0
1
4153 69
0
0
0
0
0
0
0
1
4154 20
1
4155 320
1
4156 233
0
1
4157 156
0
0
1
4158 140
0
0
1
4159 292
1
4160 204
0
1
4161 243
1
4162 137
0
1
4163 266
1
4164 304
0
1
4165 158
0
0
0
1
4166 105
1
4167 187
0
0
0
0
1
4168 188
0
0
0
0
0
0
0
1
4169 214
0
1
4170 311
1
4171 56
1
4172 51
1
4173 272
0
0
0
0
0
0
0
1
4174 25
0
0
1
4175 123
0
1
4176 321
1
4177 267
0
0
0
1
4178 90
0
1
4179 165
0
1
4180 176
1
4181 329
0
1
4182 154
0
0
0
1
4183 299
0
0
0
1
4184 182
0
0
0
0
0
1
4185 196
1
4186 312
0
0
1
4187 232
1
4188 189
0
1
4189 312
1
4190 79
1
4191 243
1
4192 305
0
0
1
4193 307
1
4194 181
0
0
0
0
0
0
0
0
1
4195 272
0
0
0
1
4196 202
0
1
4197 305
0
0
0
0
0
0
0
0
0
0
0
0
0
0
0
1
4198 330
1
4199 194
0
0
0
0
1
4200 83
0
1
4201 162
1
4202 212
0
0
0
1
4203 210
0
0
1
4204 162
0
1
4205 278
0
0
0
0
0
0
1
4206 305
0
0
0
1
4207 254
1
4208 152
0
1
4209 40
0
1
4210 197
0
0
0
0
1
4211 238
0
0
1
4212 163
1
4213 163
0
1
4214 176
1
4215 74
1
4216 190
0
1
4217 169
1
4218 246
1
4219 146
1
4220 326
0
0
1
4221 247
0
0
1
4222 4
1
4223 199
0
0
0
1
4224 79
0
0
0
0
0
0
0
0
0
0
0
0
0
0
1
4225 264
0
0
0
0
0
1
4226 292
0
0
0
0
1
4227 2
0
1
4228 95
0
0
0
0
1
4229 61
0
1
4230 60
1
4231 294
0
1
4232 285
1
4233 169
1
4234 128
0
1
4235 138
0
0
0
0
1
4236 26
1
4237 143
0
0
0
1
4238 10
1
4239 136
0
0
0
0
1
4240 166
0
0
0
0
0
0
1
4241 176
1
4242 305
0
0
0
0
0
0
0
0
0
0
0
0
0
1
4243 50
0
0
0
0
0
0
0
1
4244 106
0
0
1
4245 27
1
4246 39
0
0
0
0
0
1
4247 153
0
0
0
1
4248 150
1
4249 274
0
0
1
4250 10
0
0
1
4251 108
0
1
4252 183
0
1
4253 47
0
0
0
0
0
1
4254 3
1
4255 106
0
0
0
1
4256 50
0
1
4257 138
1
4258 119
0
0
0
1
4259 75
1
4260 179
0
0
0
0
1
4261 44
0
0
1
4262 216
0
0
0
0
1
4263 97
0
0
0
1
4264 221
1
4265 140
1
4266 65
0
0
0
0
1
4267 117
0
0
0
1
4268 144
0
0
0
0
1
4269 149
1
4270 164
0
0
0
0
0
0
0
0
1
4271 182
1
4272 191
1
4273 50
0
0
0
0
0
0
0
0
1
4274 175
0
1
4275 197
0
1
4276 228
0
0
0
0
1
4277 218
0
1
4278 110
1
4279 256
1
4280 37
0
1
4281 287
0
0
1
4282 42
0
1
4283 212
0
0
0
0
0
0
1
4284 222
0
1
4285 94
1
4286 90
0
1
4287 288
0
0
0
0
1
4288 260
0
0
1
4289 15
0
0
0
1
4290 299
0
1
4291 63
1
4292 238
0
1
4293 144
0
1
4294 290
0
1
4295 155
0
1
4296 312
0
0
0
1
4297 40
0
0
0
0
0
1
4298 24
0
0
1
4299 72
0
1
4300 223
1
4301 78
1
4302 330
0
0
0
0
1
4303 331
1
4304 119
0
1
4305 307
0
0
0
0
0
0
1
4306 220
1
4307 154
0
1
4308 13
0
1
4309 50
0
0
0
1
4310 10
1
4311 115
0
0
0
1
4312 54
1
4313 128
0
1
4314 300
0
1
4315 227
1
4316 99
0
0
1
4317 308
0
1
4318 158
0
0
0
1
4319 54
0
1
4320 253
0
0
0
1
4321 280
0
0
0
0
0
0
1
4322 212
1
4323 182
0
1
4324 12
1
4325 11
1
4326 73
1
4327 178
1
4328 116
0
0
1
4329 14
0
0
0
1
4330 311
0
0
0
1
4331 120
0
0
0
0
1
4332 220
0
1
4333 9
0
0
0
1
4334 29
0
0
0
0
0
0
0
0
0
1
4335 276
0
1
4336 120
0
1
4337 74
1
4338 104
1
4339 259
0
0
0
0
0
0
0
0
0
1
4340 179
0
0
1
4341 270
0
0
0
1
4342 103
1
4343 279
1
4344 165
0
1
4345 2
0
0
0
1
4346 273
1
4347 39
1
4348 58
0
0
0
1
4349 194
0
0
0
0
0
0
1
4350 173
0
1
4351 233
1
4352 311
0
0
0
1
4353 94
0
1
4354 97
0
1
4355 55
0
0
1
4356 211
0
0
0
0
1
4357 296
0
0
0
1
4358 73
1
4359 251
1
4360 301
0
1
4361 102
0
0
0
1
4362 81
0
0
0
1
4363 239
0
0
1
4364 70
0
0
0
1
4365 150
0
0
1
4366 325
0
0
0
0
0
0
0
0
0
0
0
0
1
4367 40
0
0
0
0
1
4368 292
0
0
0
0
0
1
4369 304
0
1
4370 180
1
4371 220
1
4372 66
0
0
0
0
1
4373 43
1
4374 209
0
0
0
0
0
0
0
0
0
1
4375 238
0
0
0
0
1
4376 36
0
1
4377 305
0
1
4378 17
0
0
0
1
4379 69
1
4380 330
0
0
1
4381 197
0
0
1
4382 104
0
0
0
1
4383 10
0
0
1
4384 6
0
0
0
0
1
4385 51
0
0
1
4386 50
1
4387 291
0
0
1
4388 329
0
0
0
0
0
0
0
0
1
4389 62
0
1
4390 183
0
0
0
0
0
0
0
0
1
4391 183
0
0
1
4392 287
0
1
4393 155
1
4394 169
0
0
0
1
4395 39
1
4396 50
1
4397 244
0
0
0
0
0
1
4398 187
1
4399 250
0
0
0
1
4400 63
1
4401 222
0
0
0
0
0
0
0
0
1
4402 190
1
4403 39
0
0
0
0
0
0
0
0
0
0
1
4404 171
1
4405 103
0
0
0
0
1
4406 121
0
0
1
4407 184
1
4408 288
0
0
1
4409 169
0
0
1
4410 103
1
4411 231
1
4412 188
1
4413 322
1
4414 54
0
1
4415 88
0
1
4416 249
0
0
0
1
4417 244
1
4418 302
1
4419 110
0
0
0
0
0
0
0
0
0
0
0
1
4420 10
0
0
0
0
1
4421 268
1
4422 246
0
0
0
0
0
0
1
4423 303
1
4424 31
0
0
0
0
1
4425 10
0
0
0
0
0
0
0
0
0
0
0
0
0
1
4426 29
0
0
1
4427 168
0
0
1
4428 207
0
0
1
4429 12
0
0
1
4430 304
0
0
1
4431 209
1
4432 58
1
4433 182
0
0
1
4434 184
0
1
4435 14
0
0
0
0
0
0
0
0
0
0
0
1
4436 267
0
0
0
0
0
1
4437 241
0
0
0
0
1
4438 54
1
4439 155
0
0
1
4440 81
0
0
0
0
0
1
4441 313
1
4442 38
1
4443 108
1
4444 137
0
0
0
0
1
4445 45
1
4446 232
0
1
4447 91
0
0
0
0
0
0
1
4448 243
0
0
1
4449 202
0
1
4450 211
0
0
0
1
4451 329
0
0
0
1
4452 288
1
4453 167
0
0
1
4454 181
0
0
0
0
0
0
0
0
0
0
1
4455 161
1
4456 62
0
0
1
4457 133
0
0
0
0
0
0
0
1
4458 208
0
0
0
0
1
4459 286
0
0
0
0
1
4460 60
0
0
0
0
0
1
4461 220
0
0
0
1
4462 150
0
0
1
4463 105
0
0
0
1
4464 264
0
0
0
0
1
4465 213
0
0
0
0
1
4466 10
0
0
1
4467 238
1
4468 234
0
0
0
0
0
1
4469 318
0
0
1
4470 119
1
4471 103
1
4472 187
0
1
4473 291
0
0
0
0
0
1
4474 68
1
4475 311
1
4476 10
1
4477 33
1
4478 35
0
0
1
4479 245
0
1
4480 80
0
1
4481 92
1
4482 124
0
1
4483 46
1
4484 142
1
4485 13
0
1
4486 195
0
0
0
0
0
0
1
4487 318
1
4488 289
0
1
4489 281
1
4490 240
0
0
0
0
0
0
0
0
0
0
0
1
4491 270
0
0
1
4492 329
0
0
0
1
4493 7
0
0
0
0
0
1
4494 116
0
0
1
4495 185
0
0
0
0
1
4496 138
0
1
4497 75
0
0
0
0
1
4498 300
0
0
0
0
0
0
0
0
1
4499 190
0
1
4500 324
1
4501 150
0
0
0
0
0
0
0
1
4502 256
0
1
4503 123
0
0
0
0
0
0
0
1
4504 328
0
0
0
0
0
0
1
4505 150
0
0
0
0
1
4506 302
1
4507 317
0
0
0
1
4508 16
0
1
4509 198
0
0
0
0
1
4510 316
0
0
0
0
1
4511 297
1
4512 67
1
4513 121
0
0
0
0
0
0
0
0
0
1
4514 112
0
1
4515 297
0
0
1
4516 155
0
0
0
0
0
0
0
1
4517 179
0
1
4518 300
0
1
4519 271
0
0
0
1
4520 302
0
1
4521 120
1
4522 105
0
0
1
4523 238
0
0
0
0
0
0
0
0
1
4524 107
0
1
4525 167
0
0
0
0
0
0
0
0
1
4526 265
0
0
0
0
0
0
0
0
0
1
4527 256
1
4528 65
1
4529 76
1
4530 251
0
0
0
0
1
4531 316
0
1
4532 271
0
0
1
4533 296
0
0
1
4534 258
0
0
1
4535 106
1
4536 282
0
0
1
4537 236
0
1
4538 234
0
0
0
0
0
0
0
0
1
4539 131
0
0
0
0
1
4540 18
1
4541 87
1
4542 256
0
0
0
0
0
0
1
4543 306
0
0
0
0
0
1
4544 111
0
0
0
0
1
4545 12
1
4546 319
0
1
4547 17
0
0
0
0
0
0
0
0
0
0
0
0
1
4548 15
0
0
0
1
4549 165
0
0
0
0
1
4550 269
0
0
0
0
0
1
4551 38
0
1
4552 297
0
0
0
0
0
0
1
4553 92
0
0
0
0
1
4554 97
0
0
0
0
0
0
1
4555 42
0
0
0
0
0
0
0
0
0
0
0
1
4556 319
0
0
0
0
0
0
0
0
0
0
0
0
0
0
1
4557 302
1
4558 295
1
4559 276
0
0
0
0
0
1
4560 160
0
0
0
0
0
0
0
0
0
0
0
0
0
0
0
0
0
0
0
0
0
0
0
0
0
1
4561 42
1
4562 200
0
0
0
0
0
0
1
4563 87
0
0
1
4564 159
1
4565 153
1
4566 276
0
1
4567 264
0
0
0
0
0
1
4568 273
0
0
0
0
0
1
4569 251
0
0
0
0
1
4570 51
0
0
1
4571 264
0
1
4572 224
1
4573 140
0
0
0
0
1
4574 252
1
4575 250
0
1
4576 222
0
0
1
4577 181
1
4578 16
0
0
0
0
1
4579 193
0
1
4580 301
0
0
0
0
0
0
0
1
4581 176
1
4582 147
1
4583 25
0
0
1
4584 110
0
0
0
0
1
4585 98
0
1
4586 274
0
1
4587 58
0
1
4588 71
0
0
0
0
0
0
0
0
0
0
0
0
0
1
4589 286
0
0
0
0
0
0
0
1
4590 289
0
0
1
4591 28
0
0
0
1
4592 81
0
0
0
0
0
1
4593 213
0
0
0
1
4594 247
1
4595 133
0
0
0
0
0
1
4596 313
0
0
1
4597 121
1
4598 311
0
0
0
0
0
0
0
0
0
0
0
1
4599 44
0
0
0
0
1
4600 221
0
0
0
0
0
0
0
0
0
0
0
0
0
0
1
4601 287
0
0
0
0
0
0
0
0
0
0
0
0
0
0
0
0
1
4602 104
0
1
4603 284
0
1
4604 319
1
4605 146
0
1
4606 257
0
0
0
0
0
1
4607 308
0
0
0
0
1
4608 239
0
0
0
0
0
1
4609 302
0
0
0
0
0
0
0
0
0
0
0
1
4610 207
0
1
4611 136
0
0
0
0
0
0
0
0
0
1
4612 23
0
0
0
0
0
0
0
0
0
0
0
0
0
0
0
0
0
0
0
0
0
1
4613 136
0
0
1
4614 46
0
0
1
4615 152
0
0
0
0
0
1
4616 55
1
4617 10
0
0
0
0
0
1
4618 256
0
0
1
4619 279
0
0
1
4620 147
0
0
0
1
4621 129
0
0
0
0
1
4622 34
0
0
1
4623 7
0
0
0
0
0
0
0
0
0
0
1
4624 17
0
0
0
0
0
0
0
0
0
0
0
0
0
0
0
0
0
0
0
1
4625 4
0
0
0
0
0
0
0
0
0
0
0
0
0
1
4626 99
1
4627 304
0
0
0
0
0
0
0
0
0
0
1
4628 19
0
0
0
0
0
0
0
0
0
0
0
0
1
4629 202
0
0
0
0
0
0
0
0
0
0
0
1
4630 326
0
0
0
0
1
4631 183
0
1
4632 91
0
0
0
1
4633 41
1
4634 124
1
4635 160
0
0
0
0
0
0
0
1
4636 232
0
0
0
0
0
0
0
0
0
1
4637 216
0
0
1
4638 205
0
0
0
0
0
0
0
0
0
1
4639 167
0
0
0
0
0
0
0
0
1
4640 320
0
0
0
0
1
4641 291
0
0
0
0
0
0
0
0
0
0
0
0
0
0
0
0
0
0
0
0
0
0
1
4642 283
0
0
1
4643 68
1
4644 237
0
0
0
0
0
1
4645 287
0
0
0
0
0
0
0
0
0
0
0
0
0
0
1
4646 252
0
0
0
0
0
0
1
4647 123
0
0
0
1
4648 155
0
0
0
0
1
4649 81
0
0
0
0
0
0
1
4650 82
0
0
0
0
0
0
1
4651 230
0
0
0
0
1
4652 153
0
0
0
0
0
1
4653 322
0
0
0
0
0
0
1
4654 114
0
0
0
0
0
0
0
0
0
0
0
0
0
0
0
0
0
0
1
4655 71
1
4656 185
0
0
0
0
0
1
4657 248
0
0
0
0
0
0
0
1
4658 133
0
0
0
0
0
0
0
0
0
0
0
1
4659 273
0
0
0
0
0
0
1
4660 135
0
0
0
0
0
0
0
1
4661 39
0
0
0
0
0
0
0
0
0
0
0
0
0
0
0
0
0
0
0
0
0
0
0
0
0
0
1
4662 198
0
0
0
0
0
0
1
4663 75
0
0
0
0
0
0
0
0
0
0
0
0
0
0
1
4664 327
0
1
4665 326
0
0
0
0
0
0
0
0
0
0
0
0
0
0
0
0
1
4666 290
0
0
0
0
0
0
0
0
0
0
0
0
0
0
0
0
0
0
0
0
0
0
1
4667 327
0
0
0
0
0
0
0
0
0
0
1
4668 135
0
0
0
0
0
0
0
0
0
0
0
0
0
0
0
0
0
0
0
0
0
0
0
0
0
0
0
0
0
0
0
0
0
0
0
0
0
0
0
0
0
0
0
0
0
0
0
0
0
0
0
1
4669 317
1
4670 251
0
0
0
0
0
0
0
0
0
0
0
0
0
1
4671 312
0
0
0
0
0
0
0
0
1
4672 23
0
1
4673 172
0
1
4674 319
0
0
0
0
0
0
0
0
1
4675 103
0
0
0
0
0
0
0
0
0
0
0
0
0
0
0
0
0
0
0
1
4676 232
0
0
0
0
0
0
0
0
0
0
0
0
0
0
0
0
0
0
0
1
4677 159
0
0
0
0
0
0
0
0
1
4678 60
0
0
0
0
0
0
0
0
1
4679 216
0
0
0
1
4680 141
0
1
4681 191
0
0
0
0
0
1
4682 233
0
1
4683 11
0
0
0
0
0
0
0
0
0
0
0
0
0
0
0
0
0
0
0
1
4684 265
0
1
4685 208
0
0
0
0
0
0
0
0
0
0
1
4686 89
0
0
0
0
0
0
1
4687 194
0
0
0
0
0
1
4688 172
0
1
4689 275
0
0
0
1
4690 315
0
0
0
0
0
0
0
0
0
1
4691 296
0
0
0
0
0
0
0
0
1
4692 143
0
0
0
0
0
0
1
4693 204
0
0
0
0
0
0
0
0
1
4694 260
0
0
0
0
0
0
0
0
0
0
1
4695 247
0
0
0
0
0
0
0
0
0
0
0
0
0
0
1
4696 54
0
0
1
4697 287
0
1
4698 203
0
0
0
0
0
0
0
0
0
0
1
4699 76
0
0
0
0
1
4700 271
0
0
0
0
0
0
0
0
0
0
0
0
0
0
0
1
4701 325
0
0
0
0
0
0
0
0
0
0
0
0
0
0
0
1
4702 204
0
1
4703 254
0
0
0
0
0
1
4704 201
0
1
4705 271
0
0
0
0
0
0
0
0
0
0
0
0
0
0
0
0
0
0
0
0
0
0
0
0
1
4706 212
0
0
0
0
0
0
0
0
0
0
0
0
0
0
0
0
0
0
0
0
0
0
0
0
0
0
0
0
0
1
4707 56
0
0
0
0
0
0
0
1
4708 118
0
0
0
1
4709 179
0
0
0
0
0
0
0
0
0
0
0
0
0
0
0
0
0
0
0
0
0
0
0
0
0
0
0
0
0
0
0
0
0
0
0
0
0
0
0
0
0
0
0
0
0
0
0
0
0
0
0
1
4710 294
0
0
0
0
0
0
0
0
0
0
0
0
0
0
0
0
1
4711 254
0
0
0
0
1
4712 282
0
0
0
1
4713 31
0
0
0
0
0
0
0
1
4714 288
0
0
0
0
0
0
0
0
0
0
0
0
0
0
0
0
0
0
0
0
0
0
0
0
1
4715 328
0
0
0
0
0
0
0
0
0
0
0
0
0
0
0
0
0
0
0
0
0
0
0
0
1
4716 290
0
0
0
0
0
0
0
0
0
0
0
0
0
0
0
0
0
0
0
0
0
0
0
1
4717 292
0
0
0
0
0
0
0
0
0
0
0
0
0
0
0
0
0
0
0
0
0
0
0
0
0
0
0
0
0
0
0
0
0
0
0
0
0
0
0
0
0
0
0
0
0
0
0
0
0
0
1
4718 313
0
0
0
0
0
0
0
0
0
0
0
0
0
0
0
0
0
0
0
0
0
0
0
0
0
0
0
0
0
0
0
0
0
0
0
0
0
0
0
0
0
0
0
0
0
0
0
1
4719 13
0
0
0
0
0
0
1
4720 138
0
0
0
0
0
0
0
0
0
0
0
0
0
0
0
0
0
0
0
1
4721 23
0
0
0
0
0
0
0
0
0
0
0
0
0
0
0
0
0
0
0
0
0
0
0
0
0
0
0
0
0
0
0
0
0
0
0
0
0
0
0
0
0
0
0
0
0
1
4722 239
0
0
0
0
0
0
0
0
0
0
0
0
0
0
1
4723 327
0
0
0
0
0
0
0
0
0
0
1
4724 174
0
0
0
0
0
0
0
0
0
0
0
0
0
0
0
0
0
0
0
0
0
0
0
0
0
0
0
0
0
0
0
0
0
0
0
0
0
0
0
0
0
0
0
0
0
0
0
0
0
0
0
0
0
0
0
0
0
0
0
0
0
0
0
0
0
0
0
0
0
0
0
0
0
0
1
4725 301
0
0
0
0
0
0
0
0
0
0
0
0
0
0
0
0
0
0
1
4726 12
0
0
0
0
0
0
0
0
0
0
0
0
0
0
0
0
0
0
0
0
0
0
0
0
0
0
0
0
0
0
0
0
0
0
0
0
0
0
0
0
0
0
0
0
0
0
0
0
0
0
0
0
0
0
0
0
0
0
0
0
0
0
0
0
0
0
0
0
0
0
0
0
0
0
0
0
0
0
0
0
0
0
0
0
0
0
0
0
0
0
0
0
0
0
0
0
0
0
0
0
0
0
0
0
0
0
0
0
0
0
0
0
0
0
0
0
0
0
0
0
0
0
0
0
0
0
0
0
0
0
0
1
4727 42
0
0
0
0
0
0
0
0
0
0
0
0
0
0
0
0
0
0
0
0
0
0
0
0
0
0
0
0
0
0
0
0
0
0
0
0
0
0
0
0
0
0
0
0
0
0
0
0
0
0
0
0
0
0
0
0
0
0
0
0
0
0
0
0
0
0
0
0
0
0
0
0
0
0
0
0
0
0
0
0
0
0
0
0
0
0
0
0
0
0
0
0
0
0
0
0
0
0
0
0
0
0
0
0
0
0
0
0
0
0
0
0
0
0
0
0
0
0
0
0
0
0
0
0
0
0
0
0
0
0
0
0
0
0
0
0
0
0
0
0
0
0
0
0
0
0
0
0
0
0
0
0
0
0
0
0
0
0
0
0
0
0
0
0
0
0
0
0
0
0
0
0
0
0
0
0
0
0
0
0
0
0
0
0
0
0
0
0
0
0
0
0
0
0
0
0
0
0
0
0
0
0
0
0
0
0
0
0
0
0
0
0
0
0
0
0
0
0
0
0
0
0
0
0
0
0
0
0
0
0
0
0
0
0
0
0
0
0
0
0
0
0
0
0
0
0
0
0
0
0
0
0
0
0
0
0
0
0
0
0
0
0
0
0
0
0
0
0
0
0
0
0
0
0
0
0
0
0
0
0
0
0
0
0
0
0
0
0
0
0
0
0
0
0
0
0
0
0
0
0
0
0
0
0
0
0
0
0
0
0
0
0
0
0
0
0
0
0
0
0
0
0
0
0
0
0
0
0
0
0
0
0
0
0
0
0
0
0
0
0
0
0
0
0
0
0
0
0
0
0
0
0
0
0
0
0
0
0
0
0
0
0
0
0
0
0
0
0
0
0
0
0
0
0
0
0
0
0
0
0
0
0
0
0
0
0
0
0
0
0
0
0
0
0
0
0
0
0
0
0
0
0
0
0
0
0
0
0
0
0
0
0
0
0
0
0
0
0
0
0
0
0
0
0
0
0
0
0
0
0
0
0
0
0
0
0
0
0
0
0
0
0
0
0
0
0
0
0
0
0
0
0
0
0
0
0
0
0
0
0
0
0
0
0
0
0
0
0
0
0
0
0
0
0
0
0
0
0
0
0
0
0
0
0
0
0
0
0
0
0
0
0
0
0
0
0
0
0
0
0
0
0
0
0
0
0
0
0
0
0
0
0
0
0
0
0
0
0
0
0
0
0
0
0
0
0
0
0
0
0
0
0
0
0
0
0
0
0
0
0
0
0
0
0
0
0
0
0
0
0
0
0
0
0
0
0
