212 363
55 193 6
211 122 4
112 150 3
165 15 4
209 191 4
120 175 4
78 49 3
116 209 3
47 161 3
147 191 5
25 124 4
65 163 3
71 126 5
148 98 3
166 5 3
82 170 4
32 23 3
167 34 3
211 212 2
5 155 3
178 135 5
55 71 4
118 129 4
73 20 3
180 153 4
133 32 3
180 115 4
195 42 3
24 89 2
129 92 3
201 170 5
118 146 4
166 129 3
105 46 3
62 161 2
52 125 3
60 199 5
21 168 4
159 121 3
93 158 3
135 169 3
107 204 5
36 107 5
95 114 2
57 66 3
143 68 3
19 73 3
103 29 4
36 192 1
116 78 4
111 208 3
119 7 5
37 72 2
122 69 4
198 199 4
164 74 4
11 139 4
149 2 3
182 152 5
113 9 3
94 20 4
84 27 3
98 185 2
28 39 4
42 155 3
155 187 2
77 1 4
117 114 4
17 109 4
16 100 4
137 52 4
16 203 2
186 172 3
20 200 4
2 113 4
160 123 3
98 171 4
15 199 3
144 207 4
58 100 3
197 196 2
205 96 3
85 196 4
111 35 5
68 137 2
182 80 4
59 87 3
165 47 4
60 12 4
52 119 2
41 23 3
162 6 3
204 192 3
68 212 5
167 75 3
141 11 3
16 14 3
15 161 5
202 32 4
183 43 2
88 140 3
133 134 2
59 166 4
194 7 2
99 82 3
79 40 3
175 11 6
175 210 3
130 120 3
109 6 3
8 114 2
148 185 2
67 138 4
128 168 3
41 26 3
131 70 4
4 190 2
113 61 3
111 104 3
49 102 5
9 30 4
154 168 5
154 183 3
3 160 3
56 59 3
20 19 3
22 176 2
107 9 3
201 203 3
103 188 5
51 83 4
3 171 4
86 200 3
95 27 2
10 120 2
108 18 3
42 92 2
191 179 3
34 75 4
38 122 3
156 1 2
121 124 4
81 165 4
129 45 3
132 21 2
104 195 5
12 177 3
194 207 3
185 208 4
154 145 4
156 33 4
163 74 2
91 24 2
106 167 3
51 92 3
189 203 3
43 128 3
93 124 5
89 38 3
21 123 2
140 170 2
56 139 5
119 125 4
150 96 2
6 17 1
157 10 4
3 166 3
136 173 3
49 116 4
152 29 1
51 118 4
10 126 3
169 85 3
167 77 3
149 61 2
145 136 3
26 46 4
200 90 5
110 54 4
85 30 3
77 177 4
127 174 3
173 143 4
97 144 2
65 117 3
106 69 3
163 57 3
53 156 3
136 113 3
94 86 4
58 14 3
101 79 3
150 31 4
93 121 3
153 101 4
153 63 4
184 50 3
37 208 2
39 108 3
27 8 4
206 63 3
54 28 5
89 74 2
202 134 3
123 43 3
181 26 5
22 182 3
1 33 3
134 63 3
65 97 2
47 86 3
72 76 4
142 197 2
88 82 2
138 55 3
106 177 2
18 190 2
91 179 3
9 76 3
160 132 4
71 157 3
66 102 4
180 100 3
37 44 2
174 34 4
176 110 3
115 101 4
79 64 2
147 24 4
190 50 4
35 104 3
4 50 3
184 108 2
56 141 5
25 81 3
79 112 3
201 46 4
168 145 3
202 133 5
196 30 2
12 176 3
95 97 2
43 130 3
159 172 3
102 117 3
135 186 3
40 64 2
67 193 5
100 189 2
58 16 5
53 93 3
140 82 1
187 195 3
150 48 2
87 141 4
44 142 4
84 95 3
158 2 2
123 128 4
184 209 3
190 176 5
208 205 2
151 165 3
114 27 4
86 151 2
186 14 2
13 29 3
99 140 2
189 206 3
109 162 3
207 65 4
41 105 3
69 174 4
6 70 4
66 65 3
76 204 4
7 55 3
61 158 3
154 137 5
173 68 3
178 142 2
19 170 3
35 96 5
210 11 3
164 38 5
178 169 4
18 110 3
179 78 2
54 80 4
144 84 4
164 194 3
87 146 2
13 15 5
31 44 4
211 38 2
192 132 4
45 42 2
149 75 5
201 172 3
99 94 4
57 91 4
40 31 3
127 75 4
64 101 4
162 80 2
78 91 2
138 144 3
131 188 4
39 110 4
24 179 2
197 72 3
137 173 2
80 109 3
188 152 3
66 74 2
206 180 3
122 212 2
169 196 3
18 50 3
45 92 4
125 211 3
198 33 3
62 90 3
193 157 3
14 135 2
127 143 2
84 67 4
22 60 4
139 210 2
111 187 3
5 171 4
198 81 4
130 126 2
53 33 3
57 89 3
148 5 3
81 199 2
36 21 3
178 197 3
147 4 3
151 90 4
64 31 2
133 181 3
128 183 2
181 23 5
194 138 3
19 105 3
17 131 4
172 88 5
205 44 3
73 170 3
73 105 3
159 88 3
60 13 3
48 112 4
62 103 3
115 40 3
159 124 3
53 25 3
146 83 4
47 151 4
48 96 3
37 205 2
10000
0
0
0
0
0
0
0
0
0
0
0
0
0
0
0
0
0
0
0
0
0
0
0
0
0
0
0
0
0
0
0
0
0
0
0
0
0
0
0
0
0
0
0
0
0
0
0
0
0
0
0
0
0
0
0
0
0
0
0
0
0
0
0
0
0
1
1 49
0
0
0
0
0
0
0
0
0
0
0
0
0
0
0
0
0
0
0
0
0
0
0
0
0
0
0
0
0
0
0
0
0
0
0
0
0
0
0
0
0
0
0
0
0
0
0
0
0
0
0
0
0
0
0
0
0
0
0
0
0
0
0
1
2 135
0
0
0
0
0
0
0
0
0
0
0
0
1
3 185
0
0
0
0
0
0
0
0
0
0
0
0
0
0
0
0
0
0
0
0
0
0
0
0
0
0
0
0
0
0
0
0
0
1
4 20
0
0
0
0
1
5 191
0
0
0
0
0
0
0
0
0
0
0
0
0
0
0
0
0
0
0
0
0
0
0
0
0
0
0
0
0
1
6 129
0
0
0
0
0
0
1
7 174
0
0
0
0
1
8 71
0
0
0
0
1
9 110
0
0
0
0
1
10 70
0
0
0
0
0
0
0
0
0
0
1
11 128
0
0
0
0
0
0
0
0
0
0
0
0
0
0
0
0
0
0
0
0
0
0
0
0
0
0
0
0
0
0
0
0
0
0
0
1
12 107
0
0
0
0
0
0
0
0
1
13 165
0
0
1
14 192
0
1
15 33
0
0
0
0
0
0
0
0
0
0
0
0
0
1
16 196
0
0
0
0
0
0
0
0
0
1
17 174
0
1
18 71
0
0
1
19 165
0
0
0
1
20 138
0
0
0
0
0
0
0
0
0
0
0
0
0
1
21 158
0
0
0
1
22 111
0
0
0
0
0
0
0
0
0
0
0
0
0
0
0
0
0
0
0
0
0
0
0
0
0
0
0
0
0
0
1
23 202
0
0
0
0
0
0
0
0
1
24 7
0
0
0
1
25 82
0
0
1
26 107
0
0
0
0
0
0
0
0
1
27 67
1
28 16
1
29 204
0
0
1
30 109
0
0
0
0
0
0
0
0
0
0
1
31 181
0
0
0
0
0
0
1
32 99
0
0
0
0
0
1
33 201
0
1
34 208
0
0
0
0
0
0
0
1
35 11
0
0
0
0
0
0
0
1
36 72
0
1
37 188
0
1
38 171
0
0
0
0
1
39 197
0
0
0
0
0
0
0
0
0
0
0
0
0
0
0
0
0
0
0
0
0
1
40 88
0
0
0
0
0
0
0
0
0
0
1
41 96
1
42 166
0
0
0
0
0
0
0
0
0
0
0
1
43 107
0
0
0
0
0
0
0
0
0
1
44 168
0
0
0
0
0
0
0
0
0
0
0
0
0
0
0
1
45 104
0
1
46 196
1
47 149
1
48 124
0
1
49 173
1
50 5
1
51 132
0
1
52 18
0
0
0
0
0
0
0
1
53 142
1
54 74
0
0
0
0
1
55 185
0
0
1
56 128
1
57 132
0
0
0
0
0
0
0
0
0
0
1
58 97
0
0
0
1
59 107
0
0
0
0
0
0
0
0
0
0
1
60 26
0
0
0
0
0
1
61 147
0
0
0
0
0
0
0
0
0
0
0
0
0
0
0
0
0
1
62 98
1
63 108
0
0
0
1
64 64
0
0
0
0
0
0
0
0
0
0
0
0
1
65 3
0
0
0
1
66 40
0
1
67 44
0
0
1
68 210
0
0
0
0
0
0
0
1
69 145
1
70 123
1
71 44
0
1
72 78
0
0
0
1
73 110
0
1
74 98
0
0
0
0
1
75 60
0
0
0
0
1
76 194
1
77 86
1
78 128
0
0
0
1
79 54
1
80 172
0
1
81 183
0
0
0
0
0
0
0
0
0
1
82 11
1
83 181
0
1
84 137
0
0
0
1
85 123
0
0
0
0
0
0
0
0
0
1
86 103
1
87 155
0
1
88 190
0
0
0
0
0
0
0
1
89 206
0
1
90 94
1
91 14
0
0
1
92 3
0
0
1
93 198
0
0
1
94 154
1
95 199
1
96 67
1
97 185
1
98 84
0
0
0
1
99 72
0
0
0
0
1
100 151
0
0
1
101 123
1
102 5
0
0
0
0
0
0
0
0
0
0
0
0
0
0
1
103 203
0
0
1
104 160
0
1
105 93
0
0
0
0
1
106 68
1
107 27
1
108 123
1
109 161
0
0
1
110 165
0
1
111 71
1
112 187
0
0
0
0
0
0
0
1
113 104
1
114 209
1
115 123
0
0
1
116 36
1
117 112
1
118 119
1
119 93
0
0
0
1
120 102
0
0
0
1
121 181
0
0
0
0
1
122 97
0
1
123 31
0
0
1
124 114
0
0
0
0
0
0
0
0
0
1
125 111
0
0
0
0
0
0
0
0
0
0
0
0
0
0
0
1
126 145
0
0
0
0
1
127 99
1
128 137
1
129 99
0
1
130 162
1
131 2
1
132 3
1
133 163
0
0
0
0
1
134 207
1
135 48
0
0
1
136 41
1
137 178
0
0
0
0
1
138 200
0
1
139 17
0
0
0
0
0
0
0
0
0
0
1
140 8
0
0
0
0
0
0
0
0
0
0
0
0
0
0
0
1
141 155
0
0
1
142 14
0
0
1
143 137
1
144 197
0
0
0
1
145 56
0
1
146 58
1
147 74
0
0
1
148 158
0
0
0
0
0
0
0
1
149 44
1
150 164
0
0
0
0
0
0
1
151 173
0
0
0
0
0
0
0
0
0
1
152 47
0
0
1
153 21
1
154 56
0
1
155 61
1
156 70
0
0
0
0
0
0
0
0
1
157 39
0
0
0
0
1
158 29
0
1
159 57
0
1
160 187
0
1
161 168
0
1
162 76
0
1
163 171
0
1
164 85
0
1
165 18
0
0
0
1
166 126
1
167 53
0
0
0
1
168 185
0
0
0
0
1
169 205
1
170 38
1
171 193
1
172 98
1
173 98
0
0
0
0
0
0
0
1
174 110
0
0
0
0
1
175 76
0
0
0
0
0
0
1
176 122
0
0
0
1
177 181
0
1
178 9
0
1
179 203
0
0
0
0
0
1
180 21
0
0
1
181 93
1
182 41
0
0
1
183 18
0
0
0
0
0
1
184 126
0
0
0
0
0
0
0
0
1
185 119
0
0
1
186 120
0
0
0
0
1
187 210
0
1
188 72
0
1
189 123
1
190 154
0
0
0
0
0
1
191 52
0
0
0
0
0
0
1
192 28
1
193 154
1
194 129
0
0
1
195 133
0
1
196 160
0
1
197 188
0
1
198 138
0
1
199 60
0
0
0
0
0
0
0
1
200 179
1
201 40
0
0
0
1
202 83
0
1
203 41
0
0
0
0
0
1
204 211
1
205 115
0
0
1
206 23
0
0
1
207 134
1
208 132
0
0
1
209 205
0
0
0
0
0
0
0
0
0
1
210 43
0
1
211 4
0
0
1
212 92
1
213 104
1
214 108
1
215 185
0
0
1
216 132
1
217 145
1
218 202
0
1
219 85
0
1
220 19
1
221 143
0
0
1
222 191
0
1
223 12
1
224 204
0
1
225 69
0
0
0
0
0
0
0
0
0
0
1
226 109
0
0
1
227 72
0
1
228 131
0
0
0
0
1
229 82
0
1
230 174
0
0
0
1
231 120
1
232 102
1
233 42
0
0
1
234 74
0
0
0
1
235 74
0
0
0
0
1
236 76
0
0
1
237 140
1
238 136
0
1
239 64
0
1
240 52
0
1
241 148
0
0
0
0
1
242 15
0
0
0
0
0
1
243 114
1
244 25
0
1
245 187
1
246 14
1
247 121
0
0
1
248 171
0
1
249 42
1
250 17
1
251 107
0
0
0
0
1
252 111
0
1
253 9
1
254 82
0
0
1
255 98
1
256 124
1
257 209
0
0
0
0
0
0
0
1
258 195
1
259 101
0
0
0
1
260 9
1
261 61
1
262 105
1
263 71
0
0
0
0
0
1
264 114
0
0
0
0
1
265 107
0
1
266 158
0
0
0
0
0
1
267 198
1
268 134
1
269 197
1
270 54
1
271 52
0
0
1
272 114
0
0
0
0
0
0
0
1
273 87
1
274 56
1
275 2
1
276 154
1
277 186
1
278 91
1
279 137
0
0
0
0
1
280 154
1
281 66
1
282 2
0
0
1
283 68
0
1
284 131
1
285 133
0
1
286 109
0
1
287 86
0
0
0
0
0
0
0
1
288 186
1
289 211
1
290 201
0
0
1
291 144
1
292 174
1
293 180
0
1
294 173
0
1
295 111
0
1
296 104
0
0
0
0
0
0
1
297 118
0
1
298 7
0
0
1
299 141
0
0
0
0
0
0
0
1
300 111
0
1
301 122
1
302 7
0
0
1
303 129
0
1
304 31
1
305 209
0
0
1
306 89
1
307 55
1
308 208
0
0
0
0
0
0
0
0
0
0
1
309 178
0
0
0
0
1
310 182
1
311 191
0
1
312 208
1
313 56
0
1
314 110
1
315 78
0
1
316 135
1
317 106
0
0
0
1
318 76
0
0
0
0
0
0
0
0
1
319 60
0
1
320 25
0
0
1
321 188
0
1
322 67
0
0
1
323 163
0
1
324 65
1
325 138
1
326 189
1
327 53
0
0
0
0
0
0
0
1
328 136
1
329 28
1
330 185
0
0
1
331 35
0
0
0
0
1
332 65
0
1
333 79
0
0
0
1
334 174
1
335 198
0
0
1
336 159
0
1
337 17
1
338 51
0
0
1
339 176
0
1
340 58
1
341 209
0
0
1
342 112
1
343 169
1
344 88
1
345 47
0
1
346 100
1
347 95
1
348 126
0
1
349 153
0
1
350 48
1
351 56
0
1
352 148
1
353 5
1
354 127
1
355 149
1
356 148
1
357 3
1
358 143
1
359 76
0
1
360 106
0
1
361 168
1
362 66
1
363 194
0
0
0
0
0
1
364 32
0
0
0
1
365 55
0
1
366 212
0
1
367 7
0
1
368 169
1
369 145
0
1
370 38
0
0
0
0
0
1
371 197
0
1
372 109
1
373 79
0
0
1
374 98
0
0
0
1
375 210
0
0
1
376 123
1
377 132
1
378 88
1
379 105
1
380 43
0
0
0
0
1
381 197
1
382 6
1
383 205
0
1
384 166
0
0
0
1
385 9
1
386 192
0
0
0
0
1
387 135
0
1
388 145
0
0
1
389 173
0
0
0
0
0
1
390 8
1
391 52
1
392 185
1
393 93
1
394 6
0
0
1
395 156
0
1
396 42
0
1
397 34
1
398 110
0
1
399 135
0
1
400 181
1
401 155
1
402 172
0
1
403 106
1
404 50
1
405 196
0
0
1
406 204
0
1
407 56
1
408 111
1
409 112
1
410 16
1
411 183
1
412 121
0
0
1
413 60
1
414 125
0
0
0
1
415 49
0
1
416 208
0
1
417 162
1
418 210
0
0
1
419 204
1
420 53
0
0
1
421 11
1
422 7
0
1
423 204
1
424 71
1
425 66
1
426 134
1
427 149
1
428 36
0
1
429 190
1
430 198
1
431 98
1
432 188
0
1
433 140
1
434 193
1
435 138
1
436 197
1
437 30
0
0
1
438 91
1
439 207
1
440 53
1
441 73
0
1
442 198
1
443 182
0
1
444 179
1
445 61
0
1
446 176
0
1
447 208
1
448 87
0
1
449 91
0
0
1
450 154
1
451 174
0
1
452 208
1
453 24
0
0
0
0
0
1
454 128
0
0
0
0
0
1
455 137
0
0
1
456 38
0
0
1
457 66
0
0
1
458 48
0
1
459 64
1
460 70
1
461 192
0
1
462 46
1
463 104
1
464 27
0
1
465 141
1
466 185
1
467 28
1
468 91
0
1
469 7
0
0
0
1
470 90
0
1
471 190
0
1
472 185
1
473 54
1
474 77
1
475 80
1
476 78
0
0
1
477 7
1
478 105
0
1
479 54
1
480 187
0
1
481 205
1
482 56
1
483 111
1
484 210
0
0
0
0
1
485 76
1
486 28
0
1
487 101
1
488 71
0
1
489 75
1
490 5
1
491 206
1
492 2
0
0
1
493 185
1
494 62
0
1
495 49
1
496 192
1
497 191
1
498 39
1
499 47
0
0
0
1
500 58
0
0
0
1
501 169
1
502 74
1
503 127
0
1
504 137
0
1
505 181
0
1
506 44
1
507 108
1
508 155
0
1
509 66
1
510 160
1
511 148
1
512 76
1
513 111
0
0
1
514 193
1
515 168
0
0
0
1
516 177
0
0
0
1
517 187
1
518 43
0
1
519 199
1
520 134
1
521 101
1
522 195
0
1
523 37
1
524 52
0
1
525 179
0
0
1
526 26
1
527 111
0
0
0
1
528 15
1
529 5
1
530 98
1
531 84
1
532 184
1
533 41
0
1
534 63
1
535 109
1
536 168
0
0
0
1
537 128
1
538 18
1
539 190
0
1
540 147
0
0
1
541 16
0
0
1
542 176
1
543 19
1
544 65
1
545 205
0
0
1
546 184
0
0
1
547 183
1
548 108
1
549 45
1
550 196
1
551 208
1
552 89
0
0
1
553 59
0
1
554 61
0
1
555 198
0
0
1
556 4
0
1
557 192
1
558 151
0
0
0
0
1
559 9
1
560 152
1
561 98
1
562 13
0
1
563 204
1
564 46
1
565 161
1
566 44
1
567 183
0
1
568 153
1
569 36
1
570 5
1
571 40
1
572 195
1
573 118
1
574 51
1
575 207
1
576 159
0
0
1
577 175
1
578 84
1
579 192
1
580 61
0
1
581 111
0
1
582 139
0
1
583 105
1
584 8
0
1
585 178
0
1
586 119
1
587 159
1
588 32
0
1
589 117
1
590 102
1
591 69
0
1
592 128
0
1
593 201
0
1
594 6
1
595 130
1
596 160
1
597 57
1
598 146
1
599 105
0
0
1
600 98
1
601 33
0
1
602 150
1
603 104
1
604 21
1
605 44
1
606 184
0
1
607 159
0
0
1
608 128
0
1
609 201
1
610 10
0
1
611 110
1
612 166
0
1
613 187
1
614 126
0
1
615 167
0
0
0
1
616 199
0
1
617 153
0
1
618 199
1
619 182
1
620 185
1
621 204
0
0
1
622 193
1
623 145
1
624 3
1
625 164
0
1
626 202
1
627 88
1
628 159
1
629 89
1
630 94
0
1
631 41
1
632 178
1
633 53
1
634 154
0
1
635 24
1
636 178
1
637 182
0
0
0
0
1
638 122
1
639 100
0
1
640 33
1
641 145
1
642 134
0
1
643 164
0
1
644 160
1
645 58
1
646 125
0
1
647 117
0
1
648 85
1
649 38
1
650 82
1
651 207
1
652 128
1
653 192
1
654 67
1
655 112
0
1
656 111
1
657 172
0
1
658 136
1
659 42
0
1
660 109
0
1
661 194
1
662 60
0
1
663 35
1
664 94
1
665 36
0
1
666 157
1
667 88
1
668 35
0
1
669 179
1
670 36
1
671 186
1
672 57
1
673 190
1
674 168
0
1
675 35
0
1
676 17
1
677 36
1
678 42
1
679 197
1
680 153
1
681 181
1
682 151
0
1
683 211
0
1
684 112
1
685 5
1
686 72
1
687 109
1
688 98
0
1
689 197
1
690 140
1
691 178
1
692 162
1
693 205
1
694 37
0
0
1
695 185
1
696 14
1
697 159
1
698 179
0
0
0
1
699 134
0
1
700 5
1
701 145
0
1
702 165
1
703 162
1
704 142
1
705 155
1
706 98
0
1
707 87
1
708 56
1
709 33
1
710 135
0
1
711 82
0
1
712 74
0
1
713 193
0
0
1
714 192
0
1
715 189
0
1
716 65
1
717 37
1
718 168
0
1
719 15
1
720 168
1
721 128
0
1
722 37
1
723 50
1
724 154
1
725 81
1
726 116
0
1
727 142
1
728 16
1
729 172
0
1
730 22
1
731 55
1
732 70
0
0
1
733 20
0
1
734 177
1
735 205
1
736 55
0
1
737 207
1
738 139
1
739 142
1
740 195
1
741 80
1
742 121
1
743 130
1
744 10
0
1
745 103
1
746 110
1
747 126
1
748 112
0
1
749 16
1
750 97
1
751 22
1
752 19
1
753 188
1
754 108
1
755 183
1
756 40
1
757 90
0
1
758 71
1
759 98
1
760 192
1
761 171
1
762 94
1
763 49
0
0
1
764 191
1
765 47
0
1
766 117
1
767 130
0
1
768 208
1
769 109
1
770 197
1
771 42
1
772 166
1
773 24
1
774 90
0
0
1
775 25
0
1
776 129
0
1
777 204
0
1
778 29
1
779 80
1
780 45
1
781 123
1
782 198
1
783 33
1
784 204
0
0
1
785 86
1
786 153
1
787 80
1
788 147
0
1
789 78
1
790 150
0
1
791 130
0
0
1
792 67
1
793 87
1
794 95
0
1
795 184
1
796 36
1
797 105
1
798 154
0
1
799 111
1
800 194
1
801 208
1
802 109
1
803 78
0
0
1
804 183
1
805 49
1
806 196
1
807 41
0
1
808 47
1
809 174
1
810 168
1
811 207
1
812 154
1
813 53
0
1
814 125
0
1
815 76
1
816 95
0
1
817 32
1
818 53
1
819 190
1
820 95
1
821 125
1
822 20
1
823 91
1
824 84
0
1
825 191
0
1
826 126
1
827 185
1
828 139
1
829 175
1
830 135
1
831 177
1
832 100
1
833 157
1
834 152
1
835 159
1
836 28
1
837 23
1
838 206
0
1
839 138
0
0
1
840 186
1
841 87
1
842 10
1
843 83
0
1
844 101
1
845 152
1
846 66
1
847 183
1
848 184
0
1
849 25
1
850 5
1
851 171
1
852 204
0
1
853 3
1
854 144
1
855 80
0
0
1
856 45
1
857 81
1
858 184
1
859 85
0
0
0
1
860 180
0
0
0
0
1
861 121
1
862 133
0
1
863 180
1
864 144
1
865 79
1
866 76
1
867 70
1
868 204
1
869 175
0
0
1
870 192
1
871 131
1
872 61
1
873 109
1
874 178
1
875 72
1
876 21
1
877 185
1
878 172
1
879 145
1
880 149
1
881 139
1
882 21
1
883 74
1
884 113
1
885 184
0
1
886 86
1
887 153
1
888 145
1
889 73
1
890 140
1
891 139
1
892 118
1
893 47
1
894 195
1
895 163
0
1
896 8
0
1
897 88
1
898 32
1
899 107
0
1
900 104
0
1
901 12
1
902 131
0
1
903 90
0
1
904 199
1
905 192
1
906 91
1
907 143
0
1
908 6
1
909 83
1
910 38
1
911 176
1
912 20
1
913 138
1
914 103
0
1
915 157
1
916 166
1
917 100
1
918 85
1
919 208
1
920 145
0
1
921 82
1
922 16
1
923 176
1
924 206
1
925 11
1
926 155
0
1
927 60
1
928 19
1
929 5
1
930 11
1
931 167
1
932 137
1
933 157
1
934 167
1
935 5
1
936 95
1
937 181
1
938 69
1
939 3
1
940 74
1
941 80
1
942 111
1
943 202
1
944 85
1
945 153
1
946 79
0
1
947 150
0
1
948 185
0
1
949 108
1
950 119
1
951 194
0
0
1
952 162
1
953 157
1
954 123
1
955 26
1
956 12
0
0
1
957 133
1
958 3
1
959 127
0
1
960 147
1
961 138
0
1
962 138
1
963 73
1
964 175
1
965 42
0
1
966 102
1
967 204
1
968 123
0
1
969 124
1
970 186
1
971 191
1
972 79
1
973 68
0
1
974 154
1
975 28
1
976 194
1
977 164
1
978 177
1
979 155
0
1
980 96
1
981 193
1
982 139
0
1
983 192
1
984 187
0
0
0
1
985 19
1
986 194
1
987 38
1
988 113
1
989 193
1
990 142
1
991 171
0
1
992 11
0
1
993 110
1
994 40
0
1
995 46
0
1
996 211
1
997 134
0
0
1
998 113
0
0
1
999 92
0
0
1
1000 90
1
1001 119
1
1002 10
1
1003 106
1
1004 110
1
1005 122
1
1006 204
1
1007 153
1
1008 58
0
0
1
1009 170
1
1010 169
1
1011 154
0
1
1012 97
1
1013 154
1
1014 44
0
1
1015 123
1
1016 15
1
1017 70
1
1018 205
1
1019 77
1
1020 168
1
1021 198
0
1
1022 152
1
1023 119
0
1
1024 40
0
1
1025 193
1
1026 94
1
1027 158
1
1028 173
1
1029 14
1
1030 107
1
1031 137
1
1032 73
1
1033 25
1
1034 107
1
1035 118
1
1036 212
1
1037 10
1
1038 92
1
1039 178
1
1040 24
1
1041 140
1
1042 154
1
1043 159
1
1044 14
1
1045 155
1
1046 165
1
1047 111
1
1048 88
1
1049 133
1
1050 37
1
1051 192
1
1052 20
0
0
1
1053 38
1
1054 17
1
1055 85
1
1056 44
1
1057 110
1
1058 199
1
1059 77
1
1060 114
1
1061 109
1
1062 205
1
1063 204
1
1064 171
1
1065 76
1
1066 56
1
1067 71
1
1068 107
1
1069 27
1
1070 48
1
1071 8
1
1072 126
0
1
1073 179
1
1074 181
1
1075 101
0
1
1076 87
1
1077 8
1
1078 127
1
1079 184
1
1080 195
1
1081 56
1
1082 186
1
1083 134
1
1084 168
1
1085 122
1
1086 150
1
1087 140
0
1
1088 125
1
1089 205
1
1090 16
1
1091 179
0
1
1092 172
1
1093 94
1
1094 25
1
1095 12
1
1096 183
1
1097 127
1
1098 42
1
1099 111
1
1100 19
1
1101 105
1
1102 104
0
1
1103 160
1
1104 165
1
1105 76
1
1106 9
0
1
1107 36
1
1108 93
1
1109 204
1
1110 6
1
1111 57
1
1112 52
1
1113 163
1
1114 87
1
1115 132
1
1116 56
1
1117 129
0
1
1118 167
1
1119 62
1
1120 25
1
1121 7
1
1122 183
1
1123 160
1
1124 147
1
1125 81
1
1126 80
1
1127 106
1
1128 53
1
1129 162
1
1130 150
1
1131 143
0
0
1
1132 131
1
1133 205
1
1134 187
0
1
1135 110
1
1136 142
0
1
1137 19
1
1138 185
1
1139 141
1
1140 70
1
1141 205
0
0
1
1142 47
1
1143 192
1
1144 183
0
1
1145 202
1
1146 123
1
1147 109
1
1148 110
1
1149 78
1
1150 36
1
1151 145
0
1
1152 21
0
1
1153 182
1
1154 100
1
1155 210
1
1156 194
1
1157 160
1
1158 118
1
1159 175
1
1160 48
1
1161 175
1
1162 182
1
1163 154
1
1164 175
1
1165 208
1
1166 148
1
1167 121
1
1168 70
1
1169 2
1
1170 185
1
1171 118
1
1172 146
1
1173 111
1
1174 182
1
1175 9
1
1176 135
1
1177 102
1
1178 81
0
1
1179 177
1
1180 104
1
1181 64
1
1182 172
1
1183 208
1
1184 163
1
1185 18
1
1186 203
1
1187 179
1
1188 81
0
1
1189 29
1
1190 119
1
1191 47
1
1192 102
1
1193 84
1
1194 104
1
1195 145
0
1
1196 192
1
1197 50
1
1198 160
1
1199 53
1
1200 140
1
1201 209
1
1202 139
1
1203 169
1
1204 22
1
1205 70
1
1206 187
1
1207 136
1
1208 49
1
1209 41
1
1210 198
1
1211 123
1
1212 173
1
1213 45
1
1214 123
1
1215 154
1
1216 116
1
1217 122
1
1218 147
1
1219 56
1
1220 9
0
1
1221 210
1
1222 32
1
1223 60
1
1224 126
1
1225 59
1
1226 100
1
1227 123
1
1228 26
1
1229 162
1
1230 189
1
1231 188
0
1
1232 90
1
1233 187
1
1234 176
1
1235 141
1
1236 82
1
1237 173
1
1238 125
1
1239 145
1
1240 36
0
1
1241 146
1
1242 210
1
1243 89
1
1244 205
1
1245 40
1
1246 162
1
1247 200
1
1248 160
1
1249 154
1
1250 5
1
1251 155
1
1252 51
1
1253 207
1
1254 204
1
1255 62
1
1256 119
1
1257 74
1
1258 120
1
1259 127
1
1260 123
1
1261 147
1
1262 136
1
1263 58
0
1
1264 72
1
1265 21
1
1266 98
1
1267 39
1
1268 208
1
1269 212
1
1270 163
1
1271 173
1
1272 85
1
1273 40
1
1274 192
0
1
1275 185
1
1276 130
1
1277 168
1
1278 181
1
1279 40
0
1
1280 74
1
1281 120
1
1282 80
1
1283 91
1
1284 133
1
1285 158
1
1286 137
1
1287 102
1
1288 53
1
1289 104
1
1290 183
1
1291 4
1
1292 105
1
1293 47
1
1294 108
1
1295 57
1
1296 126
1
1297 28
1
1298 123
1
1299 163
1
1300 180
1
1301 78
1
1302 86
1
1303 149
1
1304 5
1
1305 135
1
1306 205
1
1307 120
1
1308 126
1
1309 131
1
1310 138
1
1311 12
1
1312 179
1
1313 95
1
1314 75
1
1315 72
1
1316 27
1
1317 70
1
1318 78
1
1319 154
1
1320 123
1
1321 145
1
1322 107
1
1323 107
1
1324 87
1
1325 89
1
1326 129
1
1327 43
1
1328 28
1
1329 60
1
1330 211
1
1331 84
1
1332 49
1
1333 191
1
1334 96
1
1335 123
1
1336 148
1
1337 201
1
1338 51
1
1339 154
1
1340 103
1
1341 176
1
1342 98
1
1343 182
1
1344 24
1
1345 62
1
1346 121
1
1347 101
1
1348 127
1
1349 147
0
1
1350 44
1
1351 4
1
1352 94
1
1353 179
1
1354 96
0
1
1355 192
1
1356 94
1
1357 57
0
1
1358 90
1
1359 163
1
1360 98
1
1361 126
1
1362 192
1
1363 177
1
1364 123
1
1365 47
1
1366 53
1
1367 99
1
1368 65
1
1369 70
1
1370 205
1
1371 70
1
1372 190
1
1373 49
1
1374 182
1
1375 17
1
1376 74
1
1377 191
1
1378 60
1
1379 185
1
1380 163
1
1381 186
1
1382 65
1
1383 50
1
1384 164
1
1385 26
1
1386 85
1
1387 50
1
1388 211
1
1389 192
1
1390 29
0
1
1391 157
1
1392 186
1
1393 196
1
1394 85
1
1395 78
1
1396 58
1
1397 72
0
1
1398 14
1
1399 178
1
1400 185
1
1401 77
1
1402 150
1
1403 3
1
1404 105
1
1405 79
1
1406 75
1
1407 9
1
1408 53
1
1409 46
1
1410 128
1
1411 7
1
1412 100
1
1413 131
1
1414 118
1
1415 25
1
1416 201
1
1417 132
1
1418 187
1
1419 192
1
1420 142
1
1421 75
1
1422 27
1
1423 152
1
1424 188
1
1425 98
1
1426 186
1
1427 186
1
1428 172
1
1429 197
1
1430 161
1
1431 101
0
1
1432 120
1
1433 97
1
1434 156
1
1435 87
1
1436 18
1
1437 93
1
1438 148
1
1439 184
1
1440 191
1
1441 101
1
1442 74
1
1443 185
1
1444 27
1
1445 59
1
1446 116
1
1447 141
1
1448 175
1
1449 118
1
1450 87
1
1451 171
1
1452 27
1
1453 145
1
1454 172
1
1455 104
1
1456 98
1
1457 160
1
1458 73
1
1459 76
1
1460 160
1
1461 79
1
1462 10
1
1463 119
1
1464 175
1
1465 145
1
1466 149
1
1467 4
1
1468 5
1
1469 78
1
1470 108
1
1471 168
1
1472 160
1
1473 28
1
1474 37
1
1475 146
1
1476 111
1
1477 128
1
1478 72
1
1479 15
1
1480 8
1
1481 24
1
1482 81
1
1483 76
1
1484 8
1
1485 169
1
1486 136
1
1487 81
1
1488 165
1
1489 12
1
1490 86
1
1491 163
1
1492 194
1
1493 173
1
1494 149
1
1495 164
1
1496 108
1
1497 119
1
1498 59
1
1499 145
1
1500 142
1
1501 185
1
1502 184
1
1503 167
1
1504 51
1
1505 185
1
1506 160
1
1507 173
1
1508 27
1
1509 152
1
1510 11
1
1511 15
1
1512 64
1
1513 162
1
1514 119
1
1515 57
1
1516 131
1
1517 145
1
1518 194
1
1519 16
1
1520 6
1
1521 204
1
1522 20
1
1523 21
1
1524 75
1
1525 99
1
1526 124
1
1527 139
1
1528 10
1
1529 101
1
1530 181
1
1531 94
1
1532 74
1
1533 23
1
1534 98
1
1535 154
1
1536 171
1
1537 70
1
1538 16
1
1539 157
1
1540 137
1
1541 187
1
1542 5
1
1543 153
1
1544 49
1
1545 89
1
1546 186
1
1547 148
1
1548 192
1
1549 114
1
1550 106
1
1551 66
1
1552 86
1
1553 61
1
1554 114
1
1555 154
1
1556 55
1
1557 172
0
1
1558 72
1
1559 62
1
1560 14
1
1561 30
1
1562 176
1
1563 137
1
1564 152
1
1565 176
1
1566 154
1
1567 173
1
1568 26
1
1569 175
1
1570 204
1
1571 123
1
1572 127
1
1573 107
0
1
1574 26
1
1575 212
1
1576 158
1
1577 106
1
1578 178
1
1579 125
1
1580 185
1
1581 171
1
1582 25
1
1583 9
1
1584 106
1
1585 192
1
1586 187
0
1
1587 115
1
1588 100
1
1589 96
1
1590 138
1
1591 145
1
1592 123
1
1593 128
1
1594 90
1
1595 113
1
1596 128
1
1597 85
1
1598 160
1
1599 138
1
1600 104
1
1601 9
1
1602 55
1
1603 5
1
1604 20
1
1605 76
1
1606 178
1
1607 25
1
1608 145
1
1609 161
1
1610 41
1
1611 53
1
1612 98
1
1613 16
1
1614 23
1
1615 17
1
1616 31
1
1617 128
1
1618 51
1
1619 132
1
1620 135
1
1621 121
1
1622 21
1
1623 203
1
1624 65
1
1625 61
1
1626 38
1
1627 49
1
1628 50
0
1
1629 30
1
1630 145
1
1631 60
1
1632 200
1
1633 184
1
1634 29
1
1635 181
1
1636 72
1
1637 16
1
1638 22
1
1639 112
1
1640 24
1
1641 76
1
1642 75
1
1643 193
1
1644 126
1
1645 183
1
1646 72
1
1647 132
1
1648 13
1
1649 45
1
1650 180
1
1651 62
1
1652 40
1
1653 147
1
1654 99
1
1655 67
1
1656 66
1
1657 162
1
1658 200
1
1659 131
1
1660 121
1
1661 81
1
1662 76
1
1663 106
1
1664 210
1
1665 56
1
1666 95
1
1667 166
1
1668 36
1
1669 74
1
1670 144
1
1671 156
1
1672 30
1
1673 46
1
1674 74
1
1675 46
1
1676 100
1
1677 172
1
1678 192
1
1679 70
1
1680 35
1
1681 141
1
1682 21
1
1683 36
1
1684 58
1
1685 79
1
1686 128
1
1687 133
1
1688 127
1
1689 26
1
1690 17
1
1691 16
1
1692 43
1
1693 127
1
1694 43
1
1695 149
1
1696 184
1
1697 197
1
1698 73
0
1
1699 59
1
1700 45
1
1701 171
1
1702 98
1
1703 192
1
1704 179
1
1705 23
1
1706 21
1
1707 153
1
1708 194
1
1709 134
1
1710 194
1
1711 30
1
1712 88
1
1713 64
1
1714 66
0
1
1715 167
1
1716 118
1
1717 176
1
1718 154
1
1719 75
1
1720 21
1
1721 178
0
1
1722 49
1
1723 107
1
1724 5
1
1725 65
1
1726 121
1
1727 171
1
1728 57
1
1729 167
1
1730 176
1
1731 177
1
1732 74
0
1
1733 68
0
1
1734 42
1
1735 212
0
1
1736 198
1
1737 7
1
1738 26
1
1739 128
1
1740 185
1
1741 38
1
1742 133
1
1743 76
0
1
1744 68
1
1745 172
1
1746 33
1
1747 204
1
1748 107
1
1749 145
1
1750 175
0
1
1751 145
1
1752 132
1
1753 64
1
1754 22
1
1755 161
1
1756 49
1
1757 174
1
1758 13
1
1759 111
1
1760 152
1
1761 137
1
1762 130
1
1763 160
0
1
1764 84
1
1765 178
1
1766 144
1
1767 141
1
1768 12
1
1769 103
1
1770 131
1
1771 29
1
1772 70
1
1773 140
1
1774 191
1
1775 96
1
1776 170
1
1777 6
1
1778 34
1
1779 102
1
1780 71
1
1781 88
1
1782 7
1
1783 62
1
1784 144
1
1785 130
1
1786 196
0
1
1787 18
1
1788 4
1
1789 78
1
1790 61
1
1791 61
1
1792 113
1
1793 26
1
1794 156
1
1795 8
1
1796 3
1
1797 93
1
1798 186
1
1799 62
1
1800 77
1
1801 146
1
1802 174
1
1803 14
1
1804 42
1
1805 168
1
1806 111
1
1807 205
1
1808 51
1
1809 100
1
1810 81
1
1811 77
1
1812 128
1
1813 132
1
1814 9
1
1815 136
1
1816 21
1
1817 118
1
1818 146
1
1819 200
1
1820 95
1
1821 103
1
1822 205
1
1823 157
1
1824 20
1
1825 209
1
1826 40
1
1827 149
1
1828 60
1
1829 123
0
1
1830 100
1
1831 62
1
1832 145
1
1833 199
1
1834 70
1
1835 33
1
1836 8
1
1837 172
1
1838 199
1
1839 24
1
1840 74
1
1841 161
1
1842 125
1
1843 54
1
1844 26
1
1845 149
1
1846 181
1
1847 18
1
1848 187
0
1
1849 26
1
1850 200
1
1851 62
1
1852 123
1
1853 76
1
1854 33
1
1855 183
1
1856 127
1
1857 34
1
1858 51
1
1859 131
1
1860 180
1
1861 62
1
1862 157
1
1863 98
1
1864 53
1
1865 63
1
1866 111
1
1867 155
1
1868 123
1
1869 9
1
1870 209
1
1871 54
1
1872 126
1
1873 182
1
1874 187
1
1875 98
1
1876 183
1
1877 171
1
1878 82
1
1879 70
1
1880 205
1
1881 207
1
1882 67
0
1
1883 97
1
1884 160
1
1885 54
1
1886 120
0
1
1887 206
1
1888 135
0
1
1889 113
0
1
1890 72
1
1891 162
1
1892 159
1
1893 55
0
1
1894 210
1
1895 15
1
1896 52
1
1897 24
1
1898 133
1
1899 49
1
1900 89
1
1901 197
1
1902 141
1
1903 6
1
1904 204
1
1905 107
1
1906 140
1
1907 6
1
1908 96
1
1909 72
1
1910 166
1
1911 136
1
1912 139
1
1913 16
1
1914 195
1
1915 207
1
1916 159
1
1917 171
0
1
1918 204
1
1919 118
1
1920 17
1
1921 104
1
1922 3
1
1923 19
0
0
1
1924 205
1
1925 111
1
1926 10
1
1927 139
1
1928 100
1
1929 19
1
1930 162
1
1931 148
1
1932 87
0
1
1933 119
1
1934 183
1
1935 36
1
1936 208
1
1937 174
1
1938 174
1
1939 126
1
1940 137
1
1941 111
1
1942 65
1
1943 84
1
1944 42
1
1945 117
1
1946 56
1
1947 37
1
1948 196
1
1949 49
1
1950 100
1
1951 54
1
1952 11
1
1953 85
1
1954 180
1
1955 162
1
1956 122
1
1957 22
0
1
1958 198
1
1959 115
1
1960 7
1
1961 81
1
1962 165
1
1963 128
1
1964 191
1
1965 7
1
1966 98
0
0
1
1967 56
1
1968 178
1
1969 125
1
1970 200
1
1971 187
1
1972 190
1
1973 97
1
1974 47
1
1975 180
1
1976 152
1
1977 146
1
1978 98
1
1979 131
1
1980 200
1
1981 34
1
1982 9
1
1983 106
0
1
1984 102
1
1985 122
1
1986 14
1
1987 85
1
1988 81
1
1989 111
1
1990 81
1
1991 44
1
1992 156
1
1993 18
1
1994 5
1
1995 60
0
1
1996 20
0
1
1997 207
1
1998 206
1
1999 76
1
2000 41
1
2001 76
1
2002 133
1
2003 30
1
2004 34
1
2005 63
1
2006 65
1
2007 37
1
2008 135
1
2009 102
1
2010 44
1
2011 81
1
2012 30
1
2013 171
1
2014 188
1
2015 109
0
1
2016 80
1
2017 83
1
2018 113
1
2019 10
1
2020 154
1
2021 90
0
1
2022 58
1
2023 181
1
2024 45
0
1
2025 180
1
2026 54
1
2027 187
1
2028 129
1
2029 195
1
2030 203
1
2031 61
1
2032 111
1
2033 141
1
2034 182
1
2035 141
1
2036 112
1
2037 172
1
2038 131
1
2039 93
0
1
2040 198
1
2041 144
1
2042 125
1
2043 24
0
1
2044 39
1
2045 124
1
2046 65
1
2047 130
1
2048 178
0
1
2049 62
1
2050 187
1
2051 85
1
2052 210
1
2053 36
1
2054 55
1
2055 155
1
2056 138
1
2057 138
1
2058 183
1
2059 124
1
2060 162
1
2061 30
0
1
2062 167
1
2063 211
1
2064 202
1
2065 160
1
2066 180
1
2067 72
1
2068 155
1
2069 128
1
2070 67
1
2071 12
1
2072 170
1
2073 76
1
2074 74
1
2075 134
1
2076 102
1
2077 24
1
2078 123
1
2079 109
1
2080 82
1
2081 108
1
2082 13
1
2083 149
1
2084 106
1
2085 106
1
2086 94
0
1
2087 67
1
2088 36
1
2089 9
1
2090 76
1
2091 172
1
2092 172
0
1
2093 154
1
2094 84
1
2095 117
0
1
2096 117
1
2097 200
1
2098 174
1
2099 111
1
2100 125
1
2101 16
0
1
2102 120
0
1
2103 110
1
2104 82
1
2105 62
1
2106 8
1
2107 60
1
2108 198
1
2109 85
1
2110 82
1
2111 203
1
2112 119
1
2113 161
1
2114 72
1
2115 40
1
2116 99
1
2117 191
1
2118 54
1
2119 125
0
1
2120 92
1
2121 98
1
2122 105
1
2123 138
1
2124 190
1
2125 113
1
2126 160
1
2127 86
1
2128 160
1
2129 174
1
2130 44
1
2131 136
1
2132 168
1
2133 76
1
2134 187
1
2135 74
1
2136 59
1
2137 131
1
2138 171
1
2139 183
1
2140 198
1
2141 131
1
2142 128
1
2143 167
1
2144 206
1
2145 49
0
1
2146 51
1
2147 95
1
2148 160
1
2149 209
1
2150 32
0
1
2151 206
1
2152 66
1
2153 199
1
2154 171
1
2155 122
1
2156 67
1
2157 80
1
2158 208
1
2159 13
1
2160 95
1
2161 192
1
2162 189
1
2163 192
1
2164 143
1
2165 134
1
2166 55
1
2167 178
1
2168 99
1
2169 79
1
2170 118
1
2171 154
1
2172 130
1
2173 94
1
2174 153
1
2175 142
1
2176 13
1
2177 123
1
2178 122
0
1
2179 165
1
2180 129
1
2181 168
1
2182 176
1
2183 111
1
2184 179
1
2185 12
1
2186 156
1
2187 138
1
2188 54
1
2189 156
1
2190 89
1
2191 64
1
2192 42
1
2193 43
1
2194 138
1
2195 60
1
2196 196
1
2197 145
1
2198 193
1
2199 138
1
2200 188
1
2201 123
1
2202 170
1
2203 98
0
1
2204 108
1
2205 139
1
2206 22
1
2207 179
1
2208 42
1
2209 25
0
1
2210 171
1
2211 184
1
2212 208
1
2213 23
0
1
2214 57
1
2215 196
1
2216 100
1
2217 27
1
2218 192
1
2219 90
1
2220 6
1
2221 183
1
2222 206
1
2223 58
0
0
1
2224 139
1
2225 204
0
1
2226 9
1
2227 187
1
2228 77
1
2229 162
1
2230 147
1
2231 59
1
2232 53
1
2233 36
1
2234 42
1
2235 89
1
2236 4
0
0
0
0
1
2237 69
1
2238 207
1
2239 30
0
1
2240 95
0
1
2241 75
1
2242 9
1
2243 74
0
1
2244 21
1
2245 161
1
2246 198
1
2247 36
1
2248 194
0
1
2249 182
1
2250 186
1
2251 21
1
2252 17
0
0
1
2253 107
1
2254 6
1
2255 200
1
2256 204
1
2257 9
1
2258 88
1
2259 175
1
2260 208
0
1
2261 152
1
2262 151
1
2263 151
1
2264 43
1
2265 162
1
2266 34
0
1
2267 150
1
2268 160
1
2269 26
1
2270 107
1
2271 192
1
2272 157
1
2273 93
1
2274 108
1
2275 206
0
1
2276 21
0
1
2277 112
1
2278 130
1
2279 92
1
2280 83
1
2281 5
1
2282 55
1
2283 74
1
2284 195
1
2285 202
1
2286 79
1
2287 173
1
2288 70
1
2289 207
1
2290 141
1
2291 193
1
2292 14
1
2293 95
1
2294 11
1
2295 192
1
2296 188
1
2297 106
1
2298 7
1
2299 113
0
1
2300 132
1
2301 9
0
1
2302 98
1
2303 87
1
2304 113
1
2305 97
0
1
2306 58
1
2307 154
1
2308 144
1
2309 132
1
2310 175
1
2311 166
1
2312 7
1
2313 145
1
2314 16
1
2315 47
1
2316 132
0
1
2317 87
1
2318 12
1
2319 19
1
2320 138
1
2321 189
1
2322 133
1
2323 112
0
1
2324 176
0
1
2325 88
1
2326 197
1
2327 111
1
2328 200
1
2329 135
1
2330 125
1
2331 96
1
2332 142
1
2333 55
1
2334 160
1
2335 129
0
1
2336 96
1
2337 5
1
2338 136
1
2339 140
1
2340 192
1
2341 99
1
2342 201
1
2343 134
1
2344 145
1
2345 161
0
1
2346 106
1
2347 124
1
2348 173
1
2349 170
1
2350 105
1
2351 7
1
2352 56
1
2353 26
1
2354 193
1
2355 58
1
2356 114
1
2357 63
1
2358 157
1
2359 177
1
2360 9
1
2361 115
0
1
2362 154
1
2363 85
1
2364 191
1
2365 152
1
2366 97
1
2367 66
1
2368 145
1
2369 81
1
2370 199
1
2371 193
1
2372 171
1
2373 40
1
2374 117
1
2375 16
1
2376 77
1
2377 186
0
0
0
1
2378 117
1
2379 34
0
1
2380 202
0
1
2381 67
1
2382 208
1
2383 125
0
1
2384 13
1
2385 15
1
2386 203
1
2387 46
1
2388 31
1
2389 153
1
2390 97
0
1
2391 18
1
2392 47
1
2393 11
1
2394 16
1
2395 48
1
2396 95
1
2397 172
1
2398 82
1
2399 169
1
2400 111
0
0
1
2401 59
1
2402 197
0
1
2403 98
1
2404 83
1
2405 56
1
2406 43
0
1
2407 135
1
2408 196
1
2409 189
1
2410 208
1
2411 66
0
1
2412 79
1
2413 206
1
2414 168
1
2415 189
1
2416 124
1
2417 9
1
2418 190
1
2419 89
1
2420 123
1
2421 173
0
1
2422 173
1
2423 47
1
2424 7
0
1
2425 76
1
2426 139
1
2427 34
0
1
2428 196
0
1
2429 102
1
2430 51
1
2431 130
0
1
2432 117
1
2433 66
1
2434 139
1
2435 56
1
2436 211
0
0
1
2437 161
0
1
2438 10
1
2439 182
1
2440 11
0
0
1
2441 109
1
2442 20
1
2443 95
1
2444 171
1
2445 55
1
2446 168
1
2447 97
1
2448 16
1
2449 9
1
2450 49
0
0
1
2451 147
1
2452 171
0
1
2453 98
1
2454 208
1
2455 64
1
2456 90
1
2457 169
1
2458 2
1
2459 199
1
2460 175
1
2461 128
1
2462 56
0
1
2463 32
1
2464 207
1
2465 132
1
2466 4
1
2467 178
0
1
2468 11
1
2469 160
1
2470 91
0
1
2471 181
1
2472 15
1
2473 154
1
2474 74
1
2475 71
1
2476 15
0
1
2477 110
0
1
2478 123
0
1
2479 45
1
2480 44
1
2481 35
1
2482 61
1
2483 161
0
1
2484 209
1
2485 145
0
1
2486 196
0
0
1
2487 95
1
2488 94
1
2489 96
1
2490 205
1
2491 200
0
1
2492 32
1
2493 203
1
2494 7
1
2495 116
1
2496 110
1
2497 157
0
1
2498 2
1
2499 2
0
1
2500 209
1
2501 118
1
2502 114
1
2503 89
1
2504 191
1
2505 83
1
2506 119
1
2507 114
1
2508 168
1
2509 160
1
2510 9
1
2511 69
1
2512 155
0
1
2513 208
1
2514 100
1
2515 184
0
1
2516 171
1
2517 94
1
2518 33
0
1
2519 101
0
1
2520 199
0
0
0
0
1
2521 13
0
1
2522 185
1
2523 210
0
1
2524 56
1
2525 172
1
2526 147
1
2527 161
1
2528 205
1
2529 151
1
2530 95
1
2531 177
1
2532 176
1
2533 166
1
2534 7
1
2535 161
1
2536 185
1
2537 65
1
2538 183
1
2539 77
1
2540 134
1
2541 17
1
2542 60
1
2543 57
0
1
2544 145
1
2545 171
0
1
2546 143
1
2547 190
0
1
2548 101
1
2549 89
0
1
2550 208
1
2551 9
1
2552 160
1
2553 159
1
2554 21
0
1
2555 69
1
2556 71
1
2557 30
1
2558 142
1
2559 65
1
2560 92
1
2561 85
1
2562 97
0
0
1
2563 65
1
2564 187
1
2565 58
1
2566 59
1
2567 147
1
2568 28
1
2569 137
1
2570 84
1
2571 187
1
2572 183
0
0
1
2573 178
1
2574 117
1
2575 71
0
1
2576 80
1
2577 74
1
2578 55
1
2579 131
1
2580 25
1
2581 28
1
2582 9
1
2583 56
1
2584 16
1
2585 135
1
2586 156
0
1
2587 137
1
2588 194
0
1
2589 135
1
2590 100
1
2591 154
1
2592 103
1
2593 80
1
2594 89
1
2595 189
1
2596 169
1
2597 58
1
2598 79
1
2599 183
1
2600 160
1
2601 187
1
2602 36
1
2603 181
1
2604 120
1
2605 205
1
2606 134
1
2607 83
1
2608 155
0
1
2609 59
0
1
2610 91
1
2611 193
1
2612 184
1
2613 182
1
2614 10
1
2615 7
1
2616 9
1
2617 3
1
2618 124
1
2619 148
1
2620 63
1
2621 177
0
0
1
2622 139
1
2623 205
1
2624 206
0
1
2625 122
1
2626 88
1
2627 98
1
2628 164
1
2629 137
1
2630 160
1
2631 62
0
1
2632 48
1
2633 103
1
2634 21
1
2635 18
1
2636 74
1
2637 70
1
2638 3
1
2639 71
1
2640 21
1
2641 151
1
2642 146
0
1
2643 173
1
2644 172
1
2645 122
1
2646 187
1
2647 187
0
1
2648 185
1
2649 145
1
2650 199
1
2651 105
0
1
2652 207
1
2653 163
1
2654 88
1
2655 134
1
2656 137
1
2657 185
1
2658 141
1
2659 67
1
2660 208
0
1
2661 177
1
2662 83
1
2663 158
1
2664 92
0
1
2665 169
1
2666 9
0
1
2667 94
0
1
2668 192
1
2669 193
1
2670 210
1
2671 12
1
2672 63
0
0
1
2673 39
1
2674 167
1
2675 208
1
2676 14
1
2677 49
1
2678 154
1
2679 115
1
2680 185
1
2681 80
0
0
1
2682 207
1
2683 50
1
2684 131
1
2685 5
1
2686 84
0
0
1
2687 95
1
2688 148
0
0
1
2689 80
1
2690 167
1
2691 79
1
2692 44
1
2693 88
0
1
2694 141
1
2695 38
1
2696 82
1
2697 208
1
2698 53
1
2699 68
1
2700 161
0
1
2701 184
1
2702 74
1
2703 212
0
1
2704 164
1
2705 121
1
2706 125
1
2707 116
1
2708 186
1
2709 63
1
2710 160
0
1
2711 45
0
1
2712 185
1
2713 140
1
2714 140
1
2715 76
1
2716 10
1
2717 113
0
1
2718 9
1
2719 171
1
2720 189
0
1
2721 119
1
2722 171
0
1
2723 116
1
2724 138
0
1
2725 68
1
2726 171
1
2727 9
1
2728 57
1
2729 125
0
1
2730 72
1
2731 172
1
2732 139
1
2733 189
1
2734 192
1
2735 47
0
1
2736 101
0
0
1
2737 152
1
2738 46
0
1
2739 7
1
2740 112
0
1
2741 150
0
1
2742 25
1
2743 176
1
2744 57
1
2745 48
1
2746 53
1
2747 97
0
1
2748 89
1
2749 74
1
2750 109
1
2751 82
1
2752 129
0
1
2753 181
1
2754 106
1
2755 180
1
2756 190
0
0
1
2757 44
1
2758 180
1
2759 150
1
2760 107
1
2761 81
0
1
2762 78
0
0
0
1
2763 45
0
1
2764 9
0
1
2765 16
1
2766 119
0
1
2767 132
1
2768 58
1
2769 44
1
2770 118
0
1
2771 103
1
2772 85
1
2773 101
1
2774 54
0
1
2775 133
1
2776 76
1
2777 177
1
2778 135
1
2779 148
1
2780 177
1
2781 101
1
2782 18
1
2783 144
1
2784 138
1
2785 88
1
2786 56
0
1
2787 122
1
2788 123
1
2789 33
1
2790 91
0
1
2791 36
1
2792 204
1
2793 121
0
0
1
2794 89
1
2795 101
0
1
2796 145
1
2797 49
0
0
1
2798 176
1
2799 156
0
1
2800 52
1
2801 188
1
2802 209
1
2803 192
1
2804 113
1
2805 62
0
1
2806 207
1
2807 171
0
0
1
2808 6
1
2809 188
1
2810 51
0
1
2811 61
1
2812 173
1
2813 208
1
2814 132
1
2815 158
0
1
2816 166
1
2817 190
0
1
2818 107
1
2819 126
1
2820 21
1
2821 83
1
2822 41
0
0
1
2823 35
1
2824 98
1
2825 112
1
2826 183
0
1
2827 138
0
1
2828 154
1
2829 204
1
2830 61
1
2831 154
1
2832 198
1
2833 41
1
2834 64
1
2835 118
1
2836 96
0
1
2837 188
0
1
2838 146
0
1
2839 42
0
1
2840 61
1
2841 95
1
2842 122
1
2843 130
1
2844 66
0
1
2845 138
1
2846 119
0
1
2847 76
1
2848 5
1
2849 38
0
1
2850 21
1
2851 140
1
2852 80
1
2853 34
1
2854 128
1
2855 3
1
2856 56
1
2857 127
1
2858 53
1
2859 160
1
2860 178
1
2861 41
1
2862 67
1
2863 53
0
0
1
2864 15
1
2865 8
1
2866 211
1
2867 149
1
2868 53
0
1
2869 162
1
2870 128
1
2871 57
1
2872 212
1
2873 174
1
2874 205
1
2875 173
1
2876 89
1
2877 199
1
2878 200
1
2879 126
0
0
0
1
2880 28
1
2881 156
1
2882 19
1
2883 109
1
2884 183
0
1
2885 51
1
2886 116
1
2887 109
0
1
2888 144
1
2889 164
1
2890 178
1
2891 116
0
0
1
2892 24
1
2893 78
1
2894 139
1
2895 37
1
2896 190
1
2897 205
1
2898 100
0
1
2899 80
1
2900 26
0
1
2901 36
0
0
0
1
2902 134
1
2903 132
1
2904 187
1
2905 108
1
2906 182
1
2907 76
0
0
1
2908 192
1
2909 69
0
1
2910 186
0
1
2911 146
1
2912 123
1
2913 126
1
2914 132
1
2915 196
1
2916 76
1
2917 147
1
2918 135
1
2919 166
1
2920 131
0
1
2921 24
1
2922 50
1
2923 141
1
2924 147
1
2925 204
1
2926 143
0
1
2927 35
1
2928 107
1
2929 124
1
2930 124
1
2931 77
0
1
2932 174
0
1
2933 99
1
2934 19
0
1
2935 8
1
2936 109
1
2937 24
1
2938 123
1
2939 36
1
2940 117
1
2941 132
1
2942 60
1
2943 201
1
2944 129
1
2945 50
1
2946 118
1
2947 58
1
2948 12
1
2949 156
1
2950 5
1
2951 27
1
2952 121
1
2953 50
1
2954 203
0
1
2955 190
1
2956 175
1
2957 187
0
1
2958 60
1
2959 179
1
2960 169
1
2961 171
1
2962 210
1
2963 178
1
2964 124
1
2965 132
0
0
1
2966 171
1
2967 82
0
0
1
2968 72
1
2969 135
0
0
1
2970 28
1
2971 124
1
2972 210
1
2973 137
1
2974 169
1
2975 191
1
2976 57
0
1
2977 93
0
0
0
1
2978 65
1
2979 128
0
1
2980 51
1
2981 4
1
2982 34
1
2983 5
1
2984 186
0
0
0
1
2985 10
1
2986 37
1
2987 90
1
2988 49
1
2989 198
1
2990 80
1
2991 204
1
2992 33
1
2993 209
1
2994 27
1
2995 79
1
2996 157
1
2997 149
1
2998 17
1
2999 204
0
0
0
1
3000 21
0
1
3001 152
1
3002 205
1
3003 68
1
3004 40
1
3005 102
1
3006 53
0
1
3007 41
1
3008 98
1
3009 120
1
3010 109
1
3011 169
0
0
1
3012 49
1
3013 83
1
3014 185
1
3015 178
1
3016 9
1
3017 126
0
0
1
3018 169
1
3019 179
1
3020 51
1
3021 209
0
1
3022 103
1
3023 78
0
1
3024 187
1
3025 32
0
1
3026 200
1
3027 123
1
3028 66
0
1
3029 106
1
3030 87
1
3031 30
1
3032 28
1
3033 184
1
3034 67
1
3035 117
0
1
3036 104
1
3037 38
1
3038 136
1
3039 187
1
3040 182
0
1
3041 109
1
3042 143
1
3043 100
1
3044 10
0
1
3045 200
1
3046 148
1
3047 56
1
3048 212
1
3049 9
0
1
3050 28
1
3051 181
1
3052 66
0
1
3053 208
1
3054 122
1
3055 119
1
3056 209
1
3057 160
1
3058 176
1
3059 140
1
3060 30
1
3061 162
0
0
0
1
3062 13
1
3063 52
0
1
3064 155
1
3065 211
1
3066 183
0
1
3067 107
1
3068 190
1
3069 66
0
1
3070 188
1
3071 128
1
3072 189
1
3073 56
0
0
0
0
1
3074 82
1
3075 93
1
3076 20
0
1
3077 154
1
3078 98
1
3079 24
1
3080 5
1
3081 112
1
3082 63
1
3083 176
1
3084 4
1
3085 153
1
3086 112
1
3087 174
1
3088 101
1
3089 210
1
3090 119
1
3091 79
1
3092 78
1
3093 191
1
3094 137
0
1
3095 75
1
3096 19
1
3097 194
0
1
3098 60
1
3099 143
1
3100 53
1
3101 36
1
3102 110
1
3103 102
0
0
1
3104 210
0
1
3105 171
1
3106 132
1
3107 102
1
3108 198
0
1
3109 187
1
3110 2
0
0
0
1
3111 2
1
3112 46
0
0
1
3113 153
1
3114 138
1
3115 150
1
3116 161
1
3117 43
1
3118 79
1
3119 127
0
1
3120 200
0
1
3121 60
1
3122 204
1
3123 148
0
1
3124 173
0
1
3125 41
1
3126 7
1
3127 110
1
3128 186
1
3129 53
0
0
1
3130 104
1
3131 35
1
3132 5
1
3133 32
1
3134 170
0
1
3135 185
1
3136 205
1
3137 182
1
3138 188
0
1
3139 207
0
0
0
0
1
3140 12
1
3141 63
1
3142 76
1
3143 10
1
3144 171
1
3145 115
1
3146 121
0
1
3147 9
1
3148 175
1
3149 79
0
1
3150 81
1
3151 104
0
1
3152 20
0
1
3153 111
1
3154 210
1
3155 210
1
3156 168
0
1
3157 4
1
3158 185
0
1
3159 107
0
1
3160 196
1
3161 185
1
3162 168
1
3163 21
0
1
3164 25
1
3165 25
1
3166 160
1
3167 3
1
3168 21
1
3169 212
1
3170 157
1
3171 21
0
0
1
3172 147
1
3173 154
1
3174 98
1
3175 76
1
3176 69
1
3177 78
1
3178 211
0
1
3179 68
0
1
3180 24
1
3181 8
0
1
3182 21
1
3183 143
1
3184 182
1
3185 170
1
3186 89
1
3187 175
1
3188 96
1
3189 13
1
3190 152
1
3191 109
1
3192 36
0
1
3193 122
0
1
3194 171
1
3195 54
1
3196 179
1
3197 17
0
1
3198 193
1
3199 5
1
3200 165
1
3201 38
1
3202 22
1
3203 22
1
3204 187
0
1
3205 14
0
0
1
3206 6
0
0
0
0
1
3207 51
1
3208 108
0
1
3209 154
0
1
3210 26
1
3211 116
1
3212 100
1
3213 185
1
3214 132
1
3215 210
1
3216 10
0
0
1
3217 161
0
1
3218 89
1
3219 176
1
3220 102
1
3221 22
1
3222 152
1
3223 45
1
3224 133
1
3225 23
1
3226 33
1
3227 104
1
3228 95
0
0
1
3229 45
1
3230 174
1
3231 29
0
1
3232 173
1
3233 162
0
0
1
3234 104
1
3235 156
0
1
3236 107
1
3237 146
1
3238 145
1
3239 159
1
3240 36
1
3241 198
0
1
3242 10
1
3243 48
0
0
1
3244 48
0
0
1
3245 31
1
3246 118
0
0
0
1
3247 81
0
1
3248 204
1
3249 78
1
3250 196
0
1
3251 40
0
1
3252 128
0
1
3253 52
1
3254 164
0
0
1
3255 31
0
1
3256 93
0
1
3257 145
0
1
3258 73
1
3259 78
0
1
3260 128
1
3261 104
1
3262 122
1
3263 166
1
3264 155
0
1
3265 49
0
1
3266 103
0
0
1
3267 168
1
3268 145
0
1
3269 113
1
3270 50
1
3271 172
1
3272 65
1
3273 111
1
3274 94
1
3275 202
0
0
1
3276 138
1
3277 102
1
3278 97
1
3279 111
1
3280 34
1
3281 128
1
3282 180
0
1
3283 85
1
3284 165
1
3285 172
0
1
3286 168
0
1
3287 38
1
3288 209
0
1
3289 68
1
3290 107
0
0
0
0
1
3291 44
1
3292 18
0
1
3293 123
1
3294 133
1
3295 52
1
3296 112
1
3297 102
1
3298 183
1
3299 132
1
3300 178
0
1
3301 182
1
3302 164
0
1
3303 66
0
1
3304 61
1
3305 31
0
0
0
0
0
1
3306 132
0
0
1
3307 10
1
3308 11
0
0
1
3309 169
1
3310 192
1
3311 5
1
3312 57
0
1
3313 92
0
1
3314 81
0
0
1
3315 191
1
3316 191
1
3317 201
1
3318 94
1
3319 22
0
1
3320 109
1
3321 170
1
3322 175
1
3323 32
0
1
3324 176
1
3325 5
1
3326 160
0
0
1
3327 56
1
3328 34
1
3329 174
1
3330 146
0
1
3331 58
1
3332 68
1
3333 159
1
3334 128
1
3335 63
1
3336 59
1
3337 2
1
3338 53
0
1
3339 64
1
3340 108
1
3341 170
1
3342 151
1
3343 165
0
1
3344 201
0
0
0
1
3345 134
1
3346 99
1
3347 35
1
3348 208
1
3349 149
1
3350 192
1
3351 117
1
3352 210
1
3353 183
0
1
3354 134
1
3355 187
1
3356 194
0
1
3357 148
0
0
1
3358 40
1
3359 145
1
3360 134
1
3361 16
0
1
3362 182
0
0
1
3363 76
0
1
3364 8
1
3365 76
0
1
3366 3
1
3367 46
1
3368 87
1
3369 124
1
3370 154
1
3371 184
1
3372 140
1
3373 210
0
0
1
3374 139
0
1
3375 132
0
0
0
1
3376 186
0
1
3377 205
0
1
3378 204
1
3379 113
1
3380 131
0
1
3381 98
0
0
1
3382 44
0
0
1
3383 89
1
3384 138
0
0
0
0
1
3385 67
0
0
1
3386 170
1
3387 127
0
0
1
3388 146
1
3389 165
0
1
3390 75
0
1
3391 104
0
1
3392 110
1
3393 45
1
3394 76
1
3395 195
0
1
3396 168
1
3397 95
0
1
3398 36
0
0
1
3399 151
0
1
3400 161
1
3401 156
1
3402 210
0
1
3403 69
1
3404 185
0
1
3405 100
1
3406 129
1
3407 174
1
3408 167
1
3409 148
1
3410 95
0
1
3411 80
0
0
1
3412 153
0
0
1
3413 42
1
3414 56
0
1
3415 183
0
1
3416 161
0
1
3417 164
0
1
3418 190
0
1
3419 154
1
3420 164
1
3421 56
1
3422 166
1
3423 49
1
3424 106
0
1
3425 17
0
1
3426 137
0
1
3427 11
1
3428 119
0
0
1
3429 38
1
3430 18
1
3431 70
0
0
1
3432 86
0
1
3433 150
0
0
1
3434 56
1
3435 183
1
3436 124
0
0
1
3437 5
1
3438 164
0
0
1
3439 71
0
0
1
3440 161
1
3441 78
1
3442 163
0
1
3443 212
0
1
3444 138
1
3445 60
1
3446 168
1
3447 80
0
1
3448 23
1
3449 60
0
1
3450 187
1
3451 167
1
3452 5
1
3453 46
1
3454 67
0
1
3455 137
0
1
3456 63
1
3457 60
1
3458 29
1
3459 28
0
1
3460 162
0
1
3461 176
0
1
3462 83
1
3463 66
1
3464 196
1
3465 116
0
0
0
1
3466 203
0
1
3467 201
0
1
3468 8
0
0
1
3469 42
1
3470 186
0
0
0
0
0
1
3471 6
1
3472 88
0
0
1
3473 6
0
1
3474 175
1
3475 171
1
3476 100
1
3477 20
0
0
1
3478 25
1
3479 167
1
3480 2
0
1
3481 5
1
3482 144
1
3483 88
0
1
3484 212
1
3485 152
0
1
3486 150
0
0
1
3487 157
0
1
3488 48
0
0
1
3489 185
0
0
0
1
3490 183
1
3491 180
1
3492 30
1
3493 62
1
3494 37
0
0
1
3495 141
1
3496 145
1
3497 153
1
3498 144
0
0
1
3499 113
1
3500 74
0
1
3501 9
0
0
0
1
3502 188
0
1
3503 55
1
3504 125
1
3505 127
0
0
1
3506 77
1
3507 106
0
0
0
0
1
3508 183
0
1
3509 21
1
3510 192
1
3511 154
0
1
3512 49
1
3513 148
1
3514 210
1
3515 36
1
3516 147
1
3517 73
1
3518 116
0
1
3519 30
1
3520 75
0
1
3521 42
1
3522 145
1
3523 212
0
1
3524 80
1
3525 144
1
3526 130
1
3527 111
1
3528 85
0
1
3529 119
0
1
3530 178
0
1
3531 15
1
3532 33
0
1
3533 179
0
0
0
1
3534 76
1
3535 33
0
0
1
3536 56
1
3537 14
1
3538 119
1
3539 206
0
1
3540 32
1
3541 24
0
1
3542 179
0
1
3543 208
0
0
1
3544 6
1
3545 151
0
1
3546 211
0
1
3547 211
1
3548 131
1
3549 48
1
3550 207
1
3551 148
0
0
0
1
3552 75
0
1
3553 127
1
3554 199
1
3555 132
1
3556 35
0
1
3557 106
1
3558 144
1
3559 206
0
1
3560 208
0
1
3561 132
1
3562 2
0
1
3563 28
0
1
3564 10
1
3565 173
0
1
3566 208
1
3567 163
1
3568 123
0
1
3569 12
0
0
0
1
3570 168
1
3571 67
1
3572 107
1
3573 100
1
3574 142
1
3575 36
0
1
3576 84
1
3577 119
1
3578 76
0
0
1
3579 24
1
3580 174
1
3581 65
1
3582 35
1
3583 164
0
1
3584 130
1
3585 5
0
1
3586 29
1
3587 146
1
3588 78
0
1
3589 204
1
3590 205
0
1
3591 16
1
3592 33
1
3593 141
0
0
1
3594 168
1
3595 16
0
0
0
0
1
3596 176
1
3597 139
1
3598 95
0
1
3599 152
1
3600 142
0
0
0
1
3601 172
0
1
3602 174
1
3603 104
1
3604 114
0
1
3605 145
1
3606 132
0
1
3607 140
1
3608 191
0
1
3609 168
1
3610 83
1
3611 33
1
3612 120
0
1
3613 141
0
1
3614 165
1
3615 196
0
1
3616 175
0
1
3617 160
1
3618 25
0
0
0
0
1
3619 146
1
3620 86
1
3621 89
1
3622 49
0
1
3623 25
1
3624 82
1
3625 21
1
3626 192
1
3627 149
0
0
1
3628 199
0
1
3629 139
0
1
3630 118
0
1
3631 92
0
1
3632 192
1
3633 19
1
3634 123
0
1
3635 130
0
1
3636 145
0
0
1
3637 163
0
1
3638 109
0
1
3639 49
1
3640 106
0
1
3641 147
1
3642 68
0
0
0
1
3643 192
1
3644 128
1
3645 129
0
1
3646 137
0
0
1
3647 113
1
3648 151
1
3649 208
1
3650 12
1
3651 208
0
1
3652 76
1
3653 9
0
0
1
3654 76
1
3655 36
1
3656 155
0
1
3657 204
1
3658 206
0
1
3659 19
1
3660 116
1
3661 189
0
1
3662 62
1
3663 134
0
1
3664 181
1
3665 212
1
3666 110
0
0
0
0
1
3667 176
1
3668 8
1
3669 85
1
3670 77
1
3671 52
0
0
0
1
3672 103
1
3673 109
1
3674 151
0
1
3675 163
0
1
3676 86
1
3677 98
0
0
0
1
3678 177
0
1
3679 99
1
3680 105
0
1
3681 149
1
3682 132
1
3683 50
0
0
0
0
0
1
3684 149
1
3685 185
0
1
3686 140
1
3687 10
1
3688 35
1
3689 32
1
3690 171
1
3691 60
1
3692 110
1
3693 157
1
3694 62
0
0
0
0
1
3695 163
1
3696 144
0
1
3697 162
1
3698 63
1
3699 64
0
0
1
3700 155
1
3701 187
1
3702 104
0
1
3703 172
0
0
0
0
0
0
1
3704 61
0
1
3705 130
1
3706 118
0
0
1
3707 173
1
3708 208
1
3709 150
1
3710 19
0
1
3711 21
1
3712 53
1
3713 156
0
0
1
3714 77
1
3715 120
0
0
0
0
0
1
3716 143
0
1
3717 56
1
3718 123
1
3719 3
1
3720 180
1
3721 40
0
1
3722 132
0
1
3723 36
1
3724 18
1
3725 93
1
3726 21
0
1
3727 28
0
0
1
3728 206
1
3729 83
0
1
3730 37
1
3731 68
0
1
3732 191
0
0
0
1
3733 111
0
0
1
3734 167
0
1
3735 34
1
3736 183
1
3737 99
0
0
0
0
1
3738 103
0
0
1
3739 202
1
3740 132
1
3741 13
0
0
1
3742 163
0
0
1
3743 24
0
1
3744 113
1
3745 154
0
0
1
3746 21
0
0
1
3747 92
0
1
3748 75
0
0
1
3749 156
1
3750 211
0
1
3751 84
1
3752 174
1
3753 139
0
1
3754 5
0
1
3755 4
0
0
0
0
1
3756 91
0
0
0
1
3757 211
1
3758 181
0
0
1
3759 192
1
3760 120
1
3761 106
0
1
3762 155
0
1
3763 64
1
3764 62
1
3765 148
1
3766 209
1
3767 101
1
3768 177
1
3769 100
1
3770 183
1
3771 69
1
3772 144
1
3773 62
1
3774 197
0
1
3775 6
0
1
3776 39
0
0
1
3777 183
1
3778 163
1
3779 24
1
3780 51
1
3781 129
1
3782 68
1
3783 148
1
3784 107
1
3785 122
0
0
0
1
3786 177
0
1
3787 13
0
1
3788 127
1
3789 49
1
3790 49
1
3791 86
1
3792 43
0
0
1
3793 99
1
3794 119
1
3795 79
0
0
1
3796 182
1
3797 36
1
3798 30
1
3799 51
1
3800 201
1
3801 185
1
3802 22
1
3803 24
0
1
3804 79
1
3805 20
1
3806 149
0
1
3807 166
0
0
0
0
0
0
0
0
1
3808 117
0
0
1
3809 110
1
3810 32
1
3811 192
1
3812 62
0
0
1
3813 73
0
1
3814 21
1
3815 121
0
1
3816 5
0
1
3817 173
0
0
0
1
3818 184
0
0
1
3819 199
1
3820 107
1
3821 106
0
1
3822 67
1
3823 15
1
3824 16
0
1
3825 59
0
1
3826 18
0
1
3827 40
1
3828 41
1
3829 88
0
1
3830 59
0
0
0
1
3831 26
0
1
3832 169
0
0
0
1
3833 160
1
3834 7
1
3835 76
0
0
1
3836 87
0
0
0
0
1
3837 40
1
3838 116
0
0
1
3839 70
0
0
0
0
0
0
0
1
3840 24
1
3841 15
0
1
3842 139
1
3843 175
0
0
0
1
3844 178
0
0
0
1
3845 16
0
0
0
0
1
3846 173
0
0
1
3847 132
0
0
0
0
1
3848 131
1
3849 106
0
1
3850 170
1
3851 160
0
0
0
0
1
3852 114
1
3853 7
0
1
3854 32
0
0
1
3855 8
0
0
1
3856 101
1
3857 12
1
3858 120
0
1
3859 198
0
1
3860 145
1
3861 98
0
0
1
3862 182
0
0
0
1
3863 124
1
3864 90
0
0
1
3865 111
0
1
3866 130
0
0
0
1
3867 160
1
3868 184
1
3869 66
1
3870 146
1
3871 28
1
3872 121
0
0
0
0
0
1
3873 202
0
1
3874 55
0
1
3875 50
0
1
3876 201
0
0
1
3877 12
1
3878 184
1
3879 145
1
3880 192
0
1
3881 123
0
0
0
1
3882 111
1
3883 173
0
1
3884 129
1
3885 107
0
0
0
1
3886 174
1
3887 45
0
1
3888 8
1
3889 40
0
0
0
0
1
3890 21
1
3891 132
1
3892 208
0
1
3893 76
0
1
3894 196
0
1
3895 146
1
3896 126
0
1
3897 9
0
0
0
1
3898 17
1
3899 86
1
3900 25
0
1
3901 210
1
3902 201
1
3903 80
0
1
3904 90
1
3905 89
1
3906 92
0
1
3907 78
1
3908 210
1
3909 71
1
3910 55
0
0
0
1
3911 35
0
1
3912 134
1
3913 37
1
3914 205
0
0
1
3915 114
1
3916 157
0
1
3917 38
0
0
1
3918 56
0
0
1
3919 191
1
3920 70
0
1
3921 64
1
3922 181
1
3923 33
0
0
0
0
1
3924 95
1
3925 200
0
1
3926 177
1
3927 98
0
1
3928 122
1
3929 106
0
0
1
3930 204
1
3931 177
1
3932 183
1
3933 35
0
0
0
1
3934 186
1
3935 139
1
3936 208
0
1
3937 205
0
0
1
3938 126
0
0
0
1
3939 33
0
1
3940 8
0
1
3941 130
0
0
0
0
0
0
1
3942 208
1
3943 82
0
0
1
3944 5
1
3945 81
1
3946 156
1
3947 136
1
3948 87
1
3949 33
1
3950 130
1
3951 80
0
1
3952 185
1
3953 160
1
3954 185
1
3955 174
1
3956 123
1
3957 121
0
0
0
1
3958 196
0
0
1
3959 142
0
1
3960 174
0
0
0
0
1
3961 98
1
3962 193
1
3963 39
1
3964 16
1
3965 118
1
3966 65
0
0
0
0
0
1
3967 66
0
0
1
3968 107
0
1
3969 72
0
0
0
0
0
1
3970 165
0
1
3971 92
0
1
3972 92
1
3973 62
1
3974 48
0
0
0
0
0
0
0
0
1
3975 152
0
1
3976 76
0
0
0
1
3977 84
1
3978 62
1
3979 64
0
0
0
1
3980 182
1
3981 35
0
0
1
3982 82
0
1
3983 158
1
3984 167
1
3985 146
0
1
3986 142
0
0
1
3987 87
1
3988 56
1
3989 62
1
3990 159
1
3991 128
1
3992 52
1
3993 171
0
1
3994 17
1
3995 25
0
1
3996 193
1
3997 7
0
0
0
1
3998 93
0
1
3999 30
1
4000 113
1
4001 173
0
1
4002 129
1
4003 69
1
4004 12
1
4005 4
0
1
4006 207
1
4007 54
1
4008 93
1
4009 71
0
0
0
0
0
0
0
0
0
1
4010 191
0
1
4011 63
1
4012 89
0
1
4013 212
0
1
4014 153
1
4015 108
1
4016 72
1
4017 76
1
4018 49
0
0
0
1
4019 166
1
4020 204
1
4021 9
0
0
0
1
4022 118
0
1
4023 25
1
4024 178
1
4025 54
0
0
0
1
4026 48
0
0
0
1
4027 9
1
4028 134
1
4029 3
1
4030 148
0
0
1
4031 181
0
1
4032 24
1
4033 138
0
0
1
4034 76
0
1
4035 172
0
0
0
0
0
1
4036 98
1
4037 76
1
4038 45
1
4039 107
0
1
4040 13
0
1
4041 130
1
4042 90
0
0
1
4043 4
0
0
0
1
4044 124
0
0
0
0
1
4045 133
1
4046 199
0
0
1
4047 172
0
0
1
4048 168
0
0
0
0
0
0
0
0
1
4049 169
1
4050 91
1
4051 37
1
4052 84
0
1
4053 94
1
4054 166
0
0
0
0
0
1
4055 160
0
1
4056 176
1
4057 51
1
4058 138
0
0
0
0
0
0
0
0
1
4059 208
1
4060 80
1
4061 30
1
4062 148
1
4063 27
1
4064 126
0
1
4065 163
1
4066 23
1
4067 189
1
4068 203
1
4069 160
0
1
4070 109
0
0
1
4071 108
1
4072 22
0
1
4073 204
1
4074 51
0
1
4075 134
1
4076 71
1
4077 201
0
0
1
4078 58
1
4079 101
1
4080 56
0
1
4081 122
1
4082 211
0
0
0
0
1
4083 183
1
4084 6
1
4085 23
1
4086 159
1
4087 16
1
4088 106
0
1
4089 60
0
0
1
4090 16
0
1
4091 156
0
0
1
4092 212
0
0
1
4093 4
0
0
0
0
1
4094 211
0
1
4095 133
0
0
1
4096 160
0
1
4097 14
0
1
4098 149
1
4099 208
1
4100 98
0
1
4101 66
0
0
0
0
1
4102 135
1
4103 124
0
0
1
4104 113
1
4105 45
1
4106 11
0
1
4107 198
1
4108 89
0
0
1
4109 187
1
4110 127
0
0
0
0
1
4111 94
1
4112 36
0
0
0
0
1
4113 147
1
4114 187
0
0
0
1
4115 197
1
4116 38
0
0
1
4117 97
1
4118 109
1
4119 195
0
0
0
0
0
1
4120 142
0
0
1
4121 51
0
1
4122 32
1
4123 12
1
4124 60
0
0
0
0
0
0
0
0
0
1
4125 103
0
1
4126 127
1
4127 6
1
4128 11
0
0
1
4129 183
1
4130 185
0
0
1
4131 137
0
0
0
0
0
1
4132 58
1
4133 58
0
0
0
0
0
0
0
0
0
1
4134 145
0
1
4135 104
0
1
4136 210
0
1
4137 146
0
0
0
0
0
0
0
0
0
1
4138 6
0
0
1
4139 111
1
4140 202
0
1
4141 30
1
4142 36
1
4143 167
0
0
0
0
0
1
4144 56
0
1
4145 97
0
1
4146 5
1
4147 157
1
4148 9
0
0
1
4149 120
1
4150 33
1
4151 162
1
4152 98
1
4153 76
0
0
0
1
4154 9
0
0
0
0
1
4155 172
0
1
4156 171
1
4157 132
0
1
4158 80
1
4159 18
1
4160 12
0
0
0
1
4161 196
1
4162 58
1
4163 208
1
4164 22
1
4165 101
0
0
0
0
1
4166 187
1
4167 44
0
0
0
1
4168 120
1
4169 39
1
4170 29
0
1
4171 158
1
4172 187
1
4173 56
0
0
0
1
4174 15
0
0
1
4175 118
0
1
4176 26
0
1
4177 35
1
4178 113
0
1
4179 117
0
0
0
1
4180 204
0
0
1
4181 154
1
4182 98
1
4183 152
1
4184 132
1
4185 33
0
0
0
0
0
0
1
4186 194
0
0
0
0
0
0
0
0
1
4187 154
1
4188 185
1
4189 14
1
4190 155
1
4191 168
1
4192 27
1
4193 204
1
4194 44
1
4195 8
0
0
1
4196 125
0
0
0
1
4197 157
0
0
0
1
4198 56
1
4199 187
0
1
4200 37
0
0
0
1
4201 136
0
1
4202 103
1
4203 152
0
1
4204 99
0
1
4205 173
0
1
4206 33
0
0
0
0
1
4207 163
0
0
1
4208 135
0
1
4209 21
1
4210 180
0
0
1
4211 110
1
4212 50
0
0
0
1
4213 112
1
4214 94
1
4215 67
1
4216 104
0
1
4217 186
1
4218 141
0
0
0
0
1
4219 6
0
0
0
1
4220 56
0
1
4221 112
0
0
0
0
1
4222 185
0
1
4223 143
1
4224 96
0
0
0
1
4225 187
1
4226 173
1
4227 86
0
0
0
0
1
4228 11
1
4229 150
1
4230 132
0
0
1
4231 136
0
0
0
0
0
0
1
4232 76
1
4233 208
0
0
1
4234 9
1
4235 86
0
0
0
0
1
4236 171
1
4237 162
0
0
0
1
4238 69
1
4239 159
0
0
0
1
4240 20
0
0
0
0
0
1
4241 197
1
4242 113
0
0
0
0
0
0
1
4243 128
0
0
1
4244 137
0
0
0
1
4245 205
0
0
0
1
4246 107
0
0
1
4247 71
0
0
0
0
1
4248 204
0
1
4249 65
1
4250 100
0
0
0
0
0
1
4251 189
1
4252 191
1
4253 123
0
1
4254 29
1
4255 116
1
4256 36
0
1
4257 183
1
4258 22
0
1
4259 177
0
0
1
4260 163
1
4261 123
0
1
4262 176
0
0
1
4263 60
0
0
1
4264 48
0
0
0
0
0
1
4265 51
0
0
0
0
0
0
0
1
4266 83
0
1
4267 55
0
1
4268 37
0
1
4269 25
0
1
4270 178
0
0
0
0
1
4271 119
1
4272 201
0
0
0
0
1
4273 103
0
0
0
1
4274 155
0
0
1
4275 155
0
0
0
1
4276 86
0
1
4277 175
0
1
4278 159
0
1
4279 28
1
4280 86
0
1
4281 129
0
0
0
0
1
4282 206
0
0
0
0
1
4283 98
1
4284 95
1
4285 53
0
0
0
1
4286 40
0
0
0
1
4287 159
0
1
4288 212
1
4289 132
1
4290 114
1
4291 175
0
0
0
0
1
4292 12
1
4293 3
0
0
0
1
4294 106
0
1
4295 76
0
0
0
0
0
1
4296 69
0
1
4297 128
1
4298 41
1
4299 66
0
0
1
4300 128
0
1
4301 187
0
0
0
0
1
4302 56
1
4303 21
1
4304 60
0
0
0
1
4305 181
1
4306 27
0
1
4307 96
0
0
0
1
4308 117
0
0
0
1
4309 187
0
1
4310 57
0
0
1
4311 80
1
4312 137
0
0
1
4313 105
0
0
1
4314 23
1
4315 54
0
0
0
0
1
4316 171
0
0
1
4317 179
0
0
0
0
1
4318 123
1
4319 92
1
4320 200
1
4321 4
0
0
0
0
0
0
1
4322 161
0
1
4323 180
1
4324 86
0
0
0
1
4325 72
0
0
0
0
0
1
4326 30
0
1
4327 160
0
1
4328 145
0
0
1
4329 52
1
4330 90
0
0
0
1
4331 8
0
0
0
1
4332 142
0
0
0
1
4333 162
0
0
0
0
0
0
0
0
0
1
4334 183
0
0
1
4335 201
0
0
0
1
4336 65
0
1
4337 56
0
1
4338 154
0
0
0
0
1
4339 205
0
1
4340 166
0
0
0
1
4341 150
0
0
0
0
1
4342 85
0
1
4343 160
1
4344 56
1
4345 122
0
0
0
1
4346 161
0
0
1
4347 42
1
4348 181
1
4349 193
0
0
0
0
1
4350 113
0
1
4351 4
0
0
1
4352 29
1
4353 160
1
4354 205
1
4355 179
0
0
0
0
1
4356 132
1
4357 197
0
0
0
0
0
1
4358 178
1
4359 33
0
1
4360 179
0
0
0
1
4361 184
0
1
4362 107
1
4363 8
0
0
1
4364 18
0
0
0
1
4365 90
1
4366 21
0
0
0
0
0
0
0
0
1
4367 112
0
0
0
0
0
0
0
0
0
0
1
4368 16
1
4369 186
0
1
4370 166
0
1
4371 9
1
4372 116
1
4373 167
0
0
1
4374 146
0
1
4375 135
0
1
4376 98
1
4377 45
1
4378 187
0
1
4379 54
0
1
4380 25
1
4381 99
1
4382 21
0
0
1
4383 108
1
4384 191
0
1
4385 41
0
0
0
0
1
4386 160
1
4387 70
0
1
4388 165
0
1
4389 8
0
0
0
0
1
4390 175
0
0
0
1
4391 55
1
4392 142
1
4393 190
0
0
0
1
4394 202
0
0
1
4395 155
0
1
4396 8
0
1
4397 14
0
0
0
1
4398 105
0
1
4399 206
0
1
4400 117
0
1
4401 105
1
4402 178
0
1
4403 18
1
4404 99
0
0
0
0
0
0
0
0
0
0
0
0
0
1
4405 91
0
0
0
1
4406 49
0
0
0
0
1
4407 169
0
1
4408 173
1
4409 146
0
1
4410 200
1
4411 204
0
0
0
0
0
0
0
1
4412 93
0
1
4413 3
0
0
0
0
0
0
1
4414 15
1
4415 146
0
0
1
4416 74
1
4417 50
0
0
0
0
1
4418 146
0
1
4419 97
0
0
0
0
0
0
0
0
0
0
0
0
1
4420 212
0
1
4421 156
1
4422 151
0
0
1
4423 142
0
1
4424 111
1
4425 9
1
4426 144
1
4427 142
1
4428 12
0
1
4429 175
0
0
0
1
4430 205
1
4431 76
0
0
0
1
4432 164
0
0
0
0
0
0
0
1
4433 145
0
0
0
1
4434 82
0
0
0
0
1
4435 85
0
0
0
0
1
4436 85
0
0
1
4437 65
0
0
0
1
4438 185
0
0
0
1
4439 176
0
1
4440 59
1
4441 60
0
0
0
0
0
0
0
0
0
0
0
0
0
0
0
1
4442 99
0
1
4443 63
0
0
1
4444 73
0
0
0
0
0
0
0
0
0
0
0
0
0
1
4445 95
0
0
0
1
4446 57
1
4447 59
0
1
4448 78
0
0
0
0
1
4449 85
0
0
1
4450 188
0
0
1
4451 158
0
0
0
0
0
1
4452 184
0
0
0
0
1
4453 172
1
4454 119
1
4455 15
0
1
4456 14
1
4457 130
0
0
0
0
0
1
4458 177
0
1
4459 99
0
1
4460 66
0
0
0
0
1
4461 183
0
0
0
0
0
1
4462 25
1
4463 49
0
0
0
0
0
0
0
0
1
4464 212
0
1
4465 193
0
1
4466 115
1
4467 95
0
1
4468 94
0
0
0
0
0
0
1
4469 90
1
4470 130
0
0
0
0
0
1
4471 108
1
4472 15
0
0
0
0
0
0
1
4473 129
0
0
0
0
0
1
4474 122
0
0
1
4475 160
1
4476 192
0
1
4477 180
0
0
1
4478 193
0
0
1
4479 107
1
4480 172
0
0
0
0
0
0
1
4481 21
1
4482 123
1
4483 56
0
0
0
0
0
0
0
0
0
1
4484 119
0
0
0
0
0
0
0
1
4485 178
0
1
4486 107
1
4487 29
0
1
4488 125
0
1
4489 35
0
1
4490 204
0
0
0
0
0
0
0
1
4491 113
1
4492 52
0
0
0
0
0
0
0
1
4493 32
0
1
4494 94
0
0
0
0
0
0
0
0
0
0
0
0
1
4495 5
0
1
4496 169
0
0
0
0
0
0
0
0
0
0
0
0
0
0
1
4497 97
0
0
1
4498 50
0
0
0
1
4499 108
0
0
0
1
4500 104
0
0
0
0
0
1
4501 183
0
1
4502 187
1
4503 122
0
0
0
0
0
0
1
4504 5
0
0
0
0
0
0
0
1
4505 168
0
0
0
0
0
0
1
4506 83
0
1
4507 143
0
1
4508 146
0
0
1
4509 128
0
0
0
0
0
0
0
0
0
0
0
1
4510 196
1
4511 128
0
0
1
4512 187
0
0
0
1
4513 41
0
0
0
0
0
0
0
0
1
4514 150
1
4515 100
1
4516 190
0
0
0
1
4517 166
0
0
1
4518 157
0
0
0
0
1
4519 202
0
0
1
4520 139
0
0
1
4521 39
0
0
1
4522 154
0
0
0
0
0
0
0
1
4523 63
1
4524 115
0
1
4525 67
0
0
0
1
4526 73
0
0
0
1
4527 130
0
1
4528 17
0
0
0
0
1
4529 177
0
0
1
4530 18
0
0
0
0
0
1
4531 135
0
0
0
0
0
1
4532 104
0
0
1
4533 92
0
0
0
0
1
4534 18
1
4535 108
1
4536 206
0
0
0
1
4537 51
0
0
0
0
1
4538 93
0
0
0
0
0
0
0
1
4539 142
0
0
0
0
0
1
4540 22
0
0
0
0
0
0
0
0
0
0
0
0
0
0
0
0
1
4541 58
0
1
4542 11
0
0
1
4543 143
0
0
0
0
1
4544 200
1
4545 65
0
0
0
0
0
0
0
0
0
1
4546 11
0
1
4547 65
0
0
0
0
1
4548 5
1
4549 128
0
0
0
1
4550 77
0
0
0
1
4551 36
0
0
0
1
4552 191
1
4553 148
0
0
0
0
1
4554 12
1
4555 121
0
0
0
0
0
1
4556 68
1
4557 50
0
0
0
0
1
4558 88
0
1
4559 16
0
0
0
1
4560 21
0
0
0
0
0
1
4561 36
0
0
0
0
1
4562 169
0
0
0
0
0
0
0
0
0
0
0
0
0
0
0
0
1
4563 82
1
4564 205
1
4565 80
1
4566 189
0
0
0
0
0
0
0
1
4567 34
0
0
0
1
4568 105
0
0
1
4569 57
0
1
4570 143
0
1
4571 90
0
1
4572 111
0
1
4573 202
0
0
0
0
0
0
0
0
0
0
0
0
0
0
1
4574 16
0
1
4575 187
1
4576 98
0
1
4577 36
0
0
0
0
0
0
0
0
1
4578 164
0
0
0
0
0
0
0
0
0
0
1
4579 141
0
0
0
1
4580 118
0
1
4581 71
0
1
4582 187
0
0
1
4583 19
0
0
0
0
0
1
4584 11
0
0
0
0
0
0
0
0
0
0
0
0
0
0
0
1
4585 66
0
1
4586 116
0
0
0
0
1
4587 206
0
0
0
1
4588 92
1
4589 29
0
1
4590 178
0
1
4591 19
0
0
1
4592 167
0
0
0
1
4593 98
1
4594 36
0
0
0
0
0
0
1
4595 100
0
0
0
0
0
0
1
4596 62
0
0
0
1
4597 96
0
0
0
0
0
0
0
1
4598 174
0
0
0
0
0
0
0
1
4599 210
0
0
0
0
0
0
0
1
4600 30
0
0
0
0
0
1
4601 41
0
0
0
0
1
4602 6
1
4603 188
0
0
0
0
0
0
0
0
0
0
0
0
0
0
0
0
1
4604 168
0
0
0
0
0
0
0
0
0
0
0
0
0
1
4605 157
0
0
0
0
0
0
0
0
0
0
0
0
0
0
0
0
0
0
0
0
0
0
0
0
0
0
0
0
0
0
0
1
4606 87
0
0
1
4607 170
1
4608 170
0
0
0
0
0
0
0
0
0
0
0
0
0
0
1
4609 30
0
0
0
1
4610 114
0
0
0
0
0
0
0
0
0
0
0
1
4611 113
0
1
4612 10
1
4613 211
0
0
0
0
0
0
0
0
0
0
0
0
0
1
4614 100
1
4615 19
0
1
4616 185
0
1
4617 9
0
1
4618 174
1
4619 181
0
0
0
0
0
0
0
0
1
4620 192
0
0
0
0
0
0
0
0
0
0
0
0
1
4621 140
0
0
0
0
0
0
0
1
4622 198
0
0
0
0
0
0
0
0
0
0
0
0
0
0
0
1
4623 7
0
0
0
0
0
0
0
0
0
1
4624 28
1
4625 132
0
0
0
0
1
4626 122
0
0
0
0
0
0
0
1
4627 21
0
1
4628 91
0
0
1
4629 38
1
4630 29
0
0
0
0
0
0
0
1
4631 188
0
1
4632 26
1
4633 24
0
0
0
0
0
0
0
0
0
0
1
4634 142
0
0
0
0
0
0
0
0
0
0
0
0
1
4635 136
1
4636 63
0
0
0
0
0
0
1
4637 63
0
0
0
0
0
0
0
1
4638 95
0
0
0
0
1
4639 168
0
0
0
0
0
0
1
4640 129
0
0
1
4641 37
0
0
0
0
0
1
4642 131
0
0
0
0
0
0
0
0
0
0
0
0
0
0
0
0
0
0
1
4643 165
0
0
0
0
0
0
0
0
0
0
1
4644 147
0
1
4645 160
1
4646 77
0
0
0
0
0
0
0
0
1
4647 41
0
0
0
0
0
0
0
0
0
0
0
1
4648 44
0
1
4649 61
0
0
0
1
4650 186
0
0
0
0
0
0
0
0
0
0
0
0
0
0
0
0
0
0
0
0
0
0
1
4651 12
0
0
0
0
0
0
0
1
4652 176
1
4653 37
0
0
0
0
1
4654 33
0
1
4655 25
0
1
4656 44
1
4657 35
0
0
0
0
1
4658 198
0
0
0
0
0
0
0
0
0
1
4659 96
0
1
4660 175
0
0
0
0
0
1
4661 66
0
1
4662 39
0
0
0
0
0
1
4663 32
1
4664 77
0
0
0
0
0
0
0
0
0
0
0
1
4665 49
0
0
0
0
0
0
0
0
0
0
0
1
4666 164
0
0
1
4667 185
0
0
0
0
0
0
0
0
1
4668 39
0
0
0
0
0
0
0
0
0
0
0
0
0
0
0
0
0
1
4669 82
0
0
1
4670 116
1
4671 68
0
0
0
0
0
0
0
0
1
4672 142
0
1
4673 205
0
0
0
0
0
0
0
0
0
0
0
0
1
4674 40
0
0
0
0
0
0
0
0
0
0
0
1
4675 71
0
0
0
0
0
0
0
0
0
0
0
0
0
0
0
0
1
4676 83
0
0
0
0
0
0
0
0
0
0
0
0
0
0
0
0
0
1
4677 168
0
0
0
1
4678 157
0
1
4679 212
0
0
0
0
0
0
0
1
4680 48
0
0
0
1
4681 98
0
0
0
0
0
0
0
0
0
0
0
0
0
0
1
4682 103
0
0
0
0
1
4683 149
0
1
4684 62
0
1
4685 114
0
0
0
0
0
0
0
1
4686 81
0
0
0
0
0
0
0
0
0
0
0
0
0
0
0
0
0
0
0
0
0
0
0
0
0
1
4687 175
0
0
0
0
1
4688 39
0
0
0
0
0
0
0
0
0
0
0
0
0
1
4689 6
0
0
0
0
0
0
0
0
0
0
0
0
1
4690 29
0
0
0
0
0
1
4691 56
0
0
0
0
0
0
0
0
0
0
0
0
0
0
0
0
0
0
0
0
0
0
0
0
0
0
0
0
0
0
1
4692 138
0
1
4693 209
0
0
0
0
0
0
1
4694 5
0
0
0
0
0
0
0
0
0
0
1
4695 102
0
0
0
0
0
0
0
1
4696 5
0
0
0
0
0
0
0
0
0
0
0
0
0
0
0
1
4697 192
0
0
0
1
4698 114
0
1
4699 51
0
1
4700 125
0
0
0
0
0
0
0
0
1
4701 208
0
0
0
0
0
0
0
0
0
0
1
4702 177
0
1
4703 171
0
0
0
0
0
0
0
0
0
0
0
0
0
0
0
0
0
0
0
0
0
0
0
0
0
0
0
0
0
0
1
4704 201
0
0
0
0
0
0
0
0
0
0
0
0
0
0
0
0
0
0
0
0
0
0
0
0
1
4705 26
0
0
0
0
0
0
0
0
0
0
1
4706 171
0
0
0
0
0
0
0
0
0
1
4707 176
0
0
0
0
0
1
4708 49
0
0
0
0
0
0
0
0
0
0
0
0
0
0
0
0
0
0
0
0
0
0
0
0
0
0
0
0
0
0
0
0
0
0
0
0
0
0
0
0
0
0
0
1
4709 120
0
0
0
0
0
0
0
0
0
0
0
0
0
0
0
0
0
1
4710 5
0
0
0
0
0
0
0
0
0
0
1
4711 42
0
0
0
0
0
0
0
0
0
0
0
0
0
0
0
0
0
0
0
0
0
0
0
0
0
0
0
0
0
0
0
0
0
0
0
0
0
0
0
0
0
0
0
0
0
0
0
0
0
0
0
0
0
0
0
0
0
0
0
0
0
0
0
0
0
0
0
0
0
0
0
0
0
0
0
0
0
1
4712 105
0
0
0
0
0
0
0
0
0
0
0
0
0
0
0
0
0
0
0
0
0
0
0
0
0
0
0
0
0
0
0
0
0
0
0
0
0
0
0
0
0
0
0
0
0
0
0
0
0
0
0
0
0
0
0
0
0
0
0
0
0
0
0
0
0
0
0
0
0
0
0
0
0
0
0
0
0
0
0
0
0
0
0
0
0
0
0
0
0
0
0
0
0
0
0
0
0
0
0
0
0
0
0
0
0
0
0
0
0
0
0
0
0
0
0
0
0
0
0
0
0
0
0
0
0
0
0
0
0
0
0
1
4713 123
1
4714 158
0
0
0
0
0
0
0
0
0
0
0
0
0
0
0
0
0
0
0
0
0
0
0
0
0
0
0
0
0
0
0
0
0
0
0
0
0
0
0
0
0
0
0
0
0
0
0
0
0
0
0
0
0
0
0
0
0
0
0
0
0
0
0
0
0
0
0
0
0
1
4715 159
0
0
0
0
0
0
0
0
0
0
0
0
0
0
0
0
0
0
0
0
0
0
0
0
0
0
0
0
0
0
0
0
0
0
0
0
0
0
0
0
0
0
0
0
0
0
0
0
0
0
0
0
0
1
4716 186
0
0
0
0
0
0
0
0
0
0
0
0
0
0
0
0
0
0
0
0
0
0
0
0
0
0
0
0
0
0
0
0
0
0
0
0
0
0
0
0
0
0
0
0
0
0
0
0
0
0
0
0
0
0
0
0
0
0
0
0
0
0
0
0
0
0
0
0
0
0
0
0
0
0
0
0
0
0
0
0
0
0
0
0
0
0
0
0
0
0
0
0
0
0
0
0
0
0
0
0
0
0
0
0
0
0
0
0
0
0
0
0
0
0
0
0
0
0
0
0
0
0
0
0
0
0
0
0
0
0
0
0
0
0
0
0
0
0
0
0
0
0
0
0
0
0
0
0
0
0
0
0
0
0
0
0
0
0
0
0
0
0
0
0
0
0
0
0
0
0
0
0
0
0
0
0
0
0
0
0
0
0
0
0
0
0
0
0
0
0
0
0
0
0
0
0
0
0
0
0
0
0
0
0
0
0
0
0
0
0
0
0
0
0
0
0
0
0
0
0
0
0
0
0
0
0
0
0
0
0
0
0
0
0
0
0
0
0
0
0
0
0
0
0
0
0
0
0
0
0
0
0
0
0
0
0
0
0
0
0
0
0
0
0
0
0
0
0
0
0
0
0
0
0
0
0
0
0
0
0
0
0
0
0
0
0
0
0
0
0
0
0
0
0
0
0
0
0
0
0
0
0
0
0
0
0
0
0
0
0
0
0
0
0
0
0
0
0
0
0
0
0
0
0
0
0
0
0
0
0
0
0
0
0
0
0
0
0
0
0
0
0
0
0
0
0
0
0
0
0
0
0
0
0
0
0
0
0
0
0
0
0
0
0
0
0
0
0
0
0
0
0
0
0
0
0
0
0
0
0
0
0
0
0
0
0
0
0
0
0
0
0
0
0
0
0
0
0
0
0
0
0
0
0
0
0
0
0
0
0
0
0
0
0
0
0
0
0
0
0
0
0
0
0
0
0
0
0
0
0
0
0
0
0
0
0
0
0
0
0
0
0
0
0
0
0
0
0
0
0
0
0
0
0
0
0
0
0
0
0
0
0
0
0
0
0
0
0
0
0
0
0
0
0
0
0
0
0
0
0
0
0
0
0
0
0
0
0
0
0
0
0
0
0
0
0
0
0
0
0
0
0
0
0
0
0
0
0
0
0
0
0
0
0
0
0
0
0
0
0
0
0
0
0
