337 593
120 125 4
269 329 3
220 131 4
316 24 3
176 277 3
299 197 3
274 63 4
261 320 4
140 122 4
46 170 2
269 290 2
141 69 5
288 103 2
140 150 3
114 221 3
55 14 2
294 90 3
177 259 3
35 335 5
83 37 2
322 29 3
37 48 3
27 79 3
99 25 3
279 5 3
46 118 3
153 8 4
314 132 1
249 120 4
132 303 2
174 216 4
224 186 2
206 21 3
248 158 3
241 179 2
6 84 4
48 63 4
207 31 3
222 280 2
133 10 4
63 312 4
49 226 3
330 19 4
17 70 5
144 168 2
224 112 3
64 80 3
30 262 3
221 140 2
165 111 5
283 87 4
7 249 3
181 240 3
162 41 4
136 210 2
57 97 5
2 109 3
145 39 4
43 189 6
278 164 4
84 150 3
166 30 5
243 288 4
58 183 3
85 220 4
101 240 3
305 125 4
161 111 3
236 216 3
187 147 3
58 107 1
200 89 2
148 187 3
238 317 3
278 277 2
299 175 3
264 28 4
260 103 2
217 190 3
322 42 4
7 280 2
250 316 4
310 74 3
313 271 3
289 263 2
203 91 2
22 271 5
115 44 3
236 283 4
238 267 2
310 331 3
231 159 4
135 252 4
6 79 6
195 184 3
165 50 3
46 110 3
50 161 4
244 267 3
306 191 5
92 24 3
218 291 4
283 208 3
298 203 1
303 121 1
102 188 3
135 251 1
334 290 5
276 324 4
273 186 5
139 227 5
245 25 5
223 302 4
24 236 3
108 159 3
18 321 5
229 307 5
304 104 4
232 238 2
94 132 2
152 82 3
211 218 3
128 171 2
250 135 3
141 287 3
146 38 5
247 180 5
31 133 4
311 116 5
57 207 3
26 3 3
200 10 3
242 33 5
123 149 4
171 9 2
175 197 4
121 94 3
285 36 2
324 67 3
27 7 4
217 36 3
156 62 6
58 95 2
177 255 4
275 264 3
166 32 2
165 161 3
117 78 4
3 204 3
91 144 2
326 47 4
27 280 3
111 304 4
28 281 3
296 309 2
12 261 5
78 5 3
196 153 5
39 193 5
13 35 3
270 71 5
337 185 3
154 178 3
139 17 4
172 67 3
290 249 3
263 245 3
264 78 4
326 229 3
164 57 3
4 332 4
324 246 2
201 199 4
295 105 3
312 230 3
254 326 4
235 137 4
66 165 4
113 323 4
126 169 3
325 239 3
124 75 5
119 106 4
69 256 3
208 52 3
291 151 3
190 144 2
133 93 3
49 251 5
327 229 4
112 129 4
81 282 2
311 248 3
95 107 2
219 265 2
210 15 2
303 11 5
273 213 3
204 312 3
159 317 3
297 193 2
202 21 3
226 279 4
237 29 2
81 176 6
230 3 3
61 231 4
276 172 5
77 43 2
138 323 4
289 337 3
253 78 2
84 122 4
304 237 3
215 268 3
196 103 3
220 127 3
325 18 4
81 136 2
92 208 4
314 259 2
22 313 3
50 291 3
116 243 3
336 236 3
20 147 3
231 25 3
179 242 4
293 334 4
143 34 3
219 72 2
114 179 3
247 38 4
272 285 3
178 225 3
26 20 3
100 272 3
142 12 5
120 6 1
200 31 3
85 174 3
11 199 3
80 19 3
239 321 4
70 333 3
114 33 2
102 43 4
128 9 4
219 74 2
87 216 5
95 124 3
59 138 3
308 74 6
282 284 3
164 269 4
251 197 3
331 247 4
99 183 4
72 193 3
110 41 3
330 173 3
301 121 3
77 308 3
243 134 3
293 73 3
93 207 3
137 228 3
188 335 4
212 50 3
42 16 5
135 49 3
105 287 3
150 305 3
79 125 3
68 157 5
253 106 3
275 5 3
40 309 3
268 270 3
20 127 3
334 73 4
198 140 3
39 144 3
296 40 4
56 227 2
305 221 3
101 51 4
1 15 4
211 5 2
134 196 3
198 234 4
155 105 4
276 307 3
209 201 4
106 117 4
315 160 5
327 294 4
105 282 3
71 128 2
186 137 4
128 154 4
54 112 4
231 256 3
318 282 3
284 295 3
162 175 3
265 192 4
278 269 2
242 47 3
233 201 5
88 4 3
215 45 4
155 51 3
166 42 3
300 275 4
146 266 3
27 214 4
90 80 4
157 98 4
310 219 3
302 100 4
47 319 3
255 11 3
88 252 4
241 33 4
323 89 3
23 281 3
107 286 4
302 199 3
336 250 3
254 327 2
278 57 3
147 332 3
329 164 2
99 258 3
113 287 4
34 170 3
153 158 3
246 198 4
255 302 3
335 268 2
131 127 2
315 182 3
124 38 4
234 76 2
96 169 3
171 68 3
212 54 3
142 169 3
66 211 4
229 76 3
115 71 4
173 40 3
145 203 3
233 325 4
128 44 4
267 311 5
143 96 2
220 328 4
130 210 3
66 104 3
319 237 4
237 262 3
68 35 1
214 125 2
297 12 3
38 123 3
58 124 2
2 327 4
161 212 3
181 16 4
178 52 4
194 141 2
292 317 3
59 89 3
241 1 3
73 97 4
265 308 3
76 221 4
168 91 2
76 307 2
10 59 5
163 222 4
109 184 3
69 202 3
2 254 2
95 260 3
183 185 5
62 323 3
96 142 4
174 252 4
60 272 4
92 44 3
251 299 3
110 115 3
303 314 2
11 233 3
81 318 2
205 117 3
187 204 3
336 216 2
190 65 3
206 32 4
207 277 5
169 143 2
75 183 3
163 280 3
101 181 5
215 188 3
9 71 4
240 210 4
259 132 3
7 329 3
265 72 2
44 316 3
244 232 2
22 296 3
112 212 3
45 189 4
101 155 2
200 284 3
151 148 2
82 134 5
313 56 3
136 130 2
24 336 2
158 289 3
244 317 3
47 184 3
2 294 3
150 221 4
49 300 4
239 256 4
34 281 4
75 203 3
154 92 3
2 90 3
312 306 3
191 63 3
273 235 3
272 65 5
64 167 4
299 28 4
55 291 5
178 157 4
331 123 2
86 223 3
292 232 4
269 7 3
14 148 3
166 301 3
142 65 3
60 126 2
156 138 5
298 91 4
36 199 4
40 271 3
158 116 4
180 310 3
34 162 3
61 239 4
209 61 4
155 181 3
113 141 4
145 75 4
68 13 5
113 194 2
234 307 2
253 66 2
15 130 4
167 139 4
286 260 3
72 74 2
129 306 2
202 287 4
286 8 4
258 209 3
148 55 3
86 23 4
111 213 4
171 13 3
118 215 3
170 320 2
222 214 3
87 85 3
333 19 5
136 51 3
224 54 2
160 152 4
17 56 2
139 333 3
266 53 4
53 152 3
211 253 4
126 86 4
204 129 5
284 318 4
174 328 3
126 100 2
277 163 3
14 147 4
298 168 2
192 77 4
295 89 5
289 8 4
103 82 3
88 328 3
301 30 3
54 137 3
235 228 5
64 333 4
285 190 3
240 1 3
31 176 3
288 134 4
330 83 4
8 185 2
62 194 2
268 13 3
254 184 2
314 94 3
97 93 3
328 332 3
182 149 3
192 12 2
122 198 3
337 245 3
210 51 3
151 55 3
257 48 4
187 26 4
321 21 4
266 182 3
330 70 3
16 32 5
196 288 2
19 228 3
30 29 4
67 167 5
35 98 5
119 104 5
143 23 4
261 189 3
60 100 2
274 230 5
65 297 5
238 156 3
225 52 4
119 262 3
218 279 3
177 205 4
86 205 3
191 37 3
41 316 4
172 90 3
72 180 4
227 70 3
247 145 3
106 104 3
195 304 3
322 242 4
18 121 3
292 108 3
223 177 3
279 300 3
14 4 3
274 257 6
39 91 3
131 332 5
271 296 4
172 294 4
80 228 4
83 173 5
248 263 5
224 306 3
298 258 5
290 329 2
320 46 3
257 309 3
98 225 5
300 226 3
45 102 3
301 206 3
319 195 3
315 53 3
320 118 2
168 217 4
109 213 4
18 206 3
149 146 4
118 270 3
259 119 3
256 108 3
10000
0
0
0
1
1 241
0
0
0
0
0
0
0
0
0
0
0
0
0
0
0
0
0
0
0
0
0
0
0
0
0
0
0
0
0
0
0
0
0
0
0
0
0
0
0
0
0
0
0
0
0
0
0
0
0
0
0
0
0
0
0
1
2 55
0
0
0
0
0
0
0
0
0
0
0
0
0
0
0
0
0
0
0
0
0
0
0
0
0
0
0
0
0
0
0
0
0
0
0
1
3 209
0
0
0
0
0
0
0
0
0
0
0
0
0
0
0
0
1
4 249
1
5 240
0
0
0
0
0
0
0
0
0
0
0
0
0
0
0
0
0
0
0
0
0
0
0
0
1
6 229
0
1
7 320
0
0
0
0
0
0
0
0
0
0
0
0
0
0
0
0
0
0
0
0
0
0
0
0
1
8 268
0
0
0
0
0
0
1
9 181
0
0
0
0
1
10 171
0
0
0
0
0
0
0
0
0
0
0
1
11 49
0
0
0
0
0
0
0
1
12 304
0
0
0
0
0
0
0
0
0
0
0
0
1
13 120
0
0
0
0
0
0
0
0
0
0
0
0
0
1
14 131
0
1
15 241
1
16 124
0
0
0
0
0
0
0
0
0
0
1
17 148
0
1
18 35
0
0
1
19 42
0
0
0
0
0
0
0
0
0
0
0
1
20 139
0
0
0
0
0
1
21 124
1
22 326
0
1
23 235
0
0
0
0
1
24 216
1
25 67
0
1
26 305
0
0
0
0
0
0
0
0
0
0
0
1
27 30
0
0
0
0
0
0
1
28 74
0
0
0
1
29 170
0
0
0
0
0
0
0
0
0
0
0
1
30 113
0
1
31 224
0
0
0
0
0
0
0
0
0
0
0
0
1
32 15
0
0
1
33 105
1
34 217
1
35 232
0
0
0
0
0
0
0
0
1
36 261
1
37 6
0
0
0
0
0
0
0
1
38 63
0
0
0
1
39 222
0
0
0
1
40 246
0
0
0
1
41 147
0
1
42 5
0
0
0
0
0
1
43 184
0
0
0
1
44 317
0
0
0
1
45 244
0
1
46 47
0
1
47 273
0
0
0
0
0
1
48 232
1
49 337
1
50 282
0
0
1
51 282
0
0
0
0
1
52 313
1
53 48
0
1
54 195
0
0
0
0
0
0
0
0
1
55 284
1
56 150
1
57 271
0
0
1
58 304
0
0
0
1
59 197
0
1
60 319
1
61 278
0
0
1
62 237
0
0
0
1
63 51
0
0
1
64 182
0
0
0
0
0
0
0
0
1
65 296
0
0
1
66 242
0
0
1
67 33
1
68 287
0
0
0
0
1
69 37
0
1
70 332
0
1
71 5
1
72 127
0
0
0
0
1
73 239
1
74 13
0
0
1
75 324
1
76 56
0
0
0
1
77 216
1
78 304
0
0
1
79 295
0
0
0
0
0
0
1
80 96
0
1
81 221
1
82 199
0
0
0
0
1
83 84
1
84 215
1
85 326
1
86 237
0
0
1
87 127
0
1
88 246
0
1
89 231
0
0
1
90 317
1
91 110
1
92 322
1
93 155
0
1
94 146
0
0
1
95 6
1
96 150
1
97 42
0
0
0
1
98 198
0
1
99 62
1
100 314
0
0
0
1
101 186
0
1
102 188
0
1
103 238
0
0
1
104 177
0
0
1
105 169
0
0
0
0
0
0
0
0
1
106 69
0
0
0
1
107 279
1
108 45
0
0
1
109 17
0
0
0
1
110 304
1
111 270
0
0
0
0
0
0
0
0
0
0
1
112 136
0
0
0
0
1
113 330
1
114 75
0
1
115 234
0
0
1
116 327
0
0
0
1
117 37
0
0
0
1
118 159
0
1
119 114
1
120 17
0
0
0
0
1
121 123
1
122 14
0
0
0
1
123 277
1
124 132
0
0
0
1
125 24
1
126 145
0
0
0
0
1
127 336
1
128 167
1
129 260
1
130 205
0
0
0
1
131 254
0
0
1
132 257
0
0
1
133 235
0
0
1
134 120
0
0
1
135 307
1
136 250
1
137 293
1
138 15
1
139 324
0
1
140 330
0
0
0
1
141 2
1
142 203
1
143 246
1
144 46
0
0
0
1
145 295
0
1
146 111
0
1
147 189
1
148 109
0
0
0
0
0
0
0
1
149 172
0
1
150 219
1
151 101
1
152 315
1
153 195
1
154 63
1
155 237
1
156 43
1
157 11
0
0
1
158 144
0
1
159 12
0
1
160 10
1
161 32
1
162 84
1
163 234
0
0
1
164 39
1
165 300
0
0
0
1
166 324
1
167 254
0
1
168 204
1
169 249
1
170 9
0
0
1
171 160
0
1
172 173
1
173 301
1
174 197
1
175 79
1
176 261
0
0
1
177 200
0
1
178 333
1
179 198
1
180 181
1
181 57
1
182 66
1
183 53
1
184 3
0
1
185 47
1
186 25
1
187 133
0
0
0
0
1
188 104
1
189 245
1
190 327
0
0
0
1
191 78
0
0
1
192 98
1
193 226
1
194 192
1
195 306
1
196 20
1
197 248
1
198 285
0
1
199 187
0
1
200 232
1
201 180
1
202 191
1
203 189
0
1
204 287
1
205 114
0
0
0
0
1
206 272
1
207 269
1
208 219
1
209 190
1
210 288
0
1
211 202
1
212 21
1
213 188
0
0
0
1
214 138
1
215 114
1
216 191
0
0
1
217 288
1
218 33
1
219 124
0
1
220 43
1
221 34
0
1
222 273
1
223 234
1
224 214
1
225 182
1
226 130
1
227 141
0
1
228 196
0
1
229 155
0
0
1
230 35
1
231 138
0
1
232 303
1
233 86
1
234 242
1
235 246
1
236 59
0
0
0
1
237 139
0
1
238 104
0
1
239 105
0
0
1
240 13
1
241 335
0
0
0
0
1
242 327
1
243 263
1
244 19
0
0
1
245 186
0
0
0
1
246 107
0
0
0
1
247 247
0
1
248 272
1
249 171
1
250 29
0
1
251 327
1
252 231
1
253 124
1
254 239
1
255 259
0
1
256 205
1
257 130
1
258 92
1
259 263
1
260 266
1
261 179
1
262 14
0
1
263 86
1
264 297
1
265 236
0
0
1
266 318
0
0
0
1
267 29
1
268 187
1
269 313
1
270 335
0
0
1
271 235
1
272 115
1
273 288
1
274 59
1
275 316
0
1
276 328
1
277 66
0
1
278 198
1
279 271
1
280 107
1
281 246
1
282 158
0
0
1
283 280
1
284 337
0
1
285 116
1
286 331
0
1
287 187
1
288 333
0
1
289 73
0
1
290 239
1
291 179
0
1
292 60
1
293 136
0
1
294 291
1
295 274
1
296 31
1
297 67
1
298 214
1
299 250
1
300 320
1
301 92
1
302 246
1
303 195
1
304 254
0
1
305 64
1
306 270
0
1
307 241
1
308 237
1
309 31
1
310 237
0
1
311 184
1
312 33
0
0
1
313 189
0
0
1
314 97
1
315 93
0
1
316 213
0
1
317 285
1
318 136
1
319 18
1
320 110
1
321 322
1
322 257
0
0
1
323 131
1
324 22
1
325 307
1
326 30
0
1
327 315
1
328 78
0
1
329 163
0
1
330 92
1
331 198
1
332 222
0
1
333 139
1
334 221
1
335 230
1
336 337
0
1
337 80
1
338 104
0
1
339 90
1
340 164
0
1
341 328
1
342 40
1
343 280
1
344 277
1
345 195
1
346 55
1
347 224
1
348 192
1
349 242
0
1
350 224
1
351 174
0
1
352 27
0
0
0
0
0
1
353 321
0
1
354 218
1
355 161
1
356 282
1
357 306
1
358 149
1
359 101
1
360 21
1
361 43
1
362 90
0
1
363 315
1
364 204
0
1
365 23
1
366 226
0
1
367 270
0
0
1
368 234
0
0
0
0
1
369 268
1
370 231
1
371 116
1
372 261
1
373 16
0
0
0
1
374 273
1
375 24
1
376 42
0
1
377 282
1
378 7
0
0
1
379 32
1
380 119
1
381 4
1
382 327
1
383 16
1
384 260
0
1
385 97
1
386 119
1
387 115
0
0
1
388 262
1
389 227
1
390 153
1
391 73
0
1
392 278
1
393 236
1
394 94
1
395 309
1
396 91
1
397 193
0
0
1
398 268
1
399 241
1
400 319
0
1
401 166
1
402 16
1
403 189
1
404 58
1
405 175
1
406 121
1
407 184
1
408 229
0
1
409 274
1
410 337
1
411 316
0
0
1
412 247
1
413 147
0
0
1
414 270
0
1
415 33
1
416 127
1
417 116
0
0
1
418 200
1
419 103
0
0
1
420 95
1
421 108
1
422 28
0
1
423 276
1
424 131
1
425 3
0
1
426 47
1
427 252
0
1
428 122
0
1
429 109
0
1
430 302
0
1
431 78
1
432 58
0
1
433 122
1
434 241
0
0
1
435 206
1
436 297
1
437 31
1
438 158
1
439 317
0
0
0
0
1
440 30
1
441 53
1
442 213
1
443 277
1
444 194
1
445 172
0
1
446 206
1
447 155
1
448 20
0
0
1
449 154
1
450 303
0
1
451 66
1
452 6
0
0
1
453 134
1
454 42
1
455 106
1
456 282
1
457 133
1
458 276
1
459 38
0
1
460 322
1
461 45
1
462 36
1
463 335
0
1
464 22
1
465 47
1
466 309
1
467 110
0
1
468 181
1
469 100
1
470 124
0
1
471 304
1
472 208
1
473 105
1
474 144
1
475 333
1
476 251
1
477 180
1
478 236
1
479 200
1
480 126
1
481 290
1
482 113
0
0
1
483 244
1
484 79
0
0
1
485 185
1
486 63
1
487 184
1
488 180
1
489 263
1
490 58
0
0
1
491 81
1
492 114
0
1
493 200
1
494 49
1
495 59
1
496 281
0
1
497 57
1
498 137
1
499 132
1
500 10
1
501 307
1
502 42
1
503 179
1
504 130
1
505 54
0
1
506 176
1
507 152
1
508 149
1
509 332
1
510 71
1
511 281
0
0
1
512 138
1
513 309
1
514 73
1
515 58
1
516 133
1
517 119
1
518 301
0
1
519 213
0
1
520 207
1
521 213
1
522 237
1
523 2
1
524 281
1
525 6
1
526 132
1
527 65
1
528 303
1
529 82
0
1
530 329
1
531 232
0
1
532 221
1
533 37
1
534 290
1
535 263
1
536 306
1
537 130
1
538 127
0
1
539 319
1
540 230
1
541 319
0
1
542 321
1
543 119
0
0
1
544 254
1
545 282
1
546 241
1
547 304
1
548 38
1
549 194
1
550 46
1
551 47
1
552 211
1
553 56
0
1
554 129
1
555 76
0
1
556 186
1
557 327
1
558 186
1
559 198
1
560 335
1
561 237
1
562 50
1
563 65
1
564 109
1
565 161
0
1
566 216
1
567 275
0
1
568 156
1
569 298
1
570 195
1
571 34
1
572 20
1
573 58
1
574 109
1
575 79
1
576 34
1
577 131
1
578 29
1
579 26
1
580 76
1
581 254
1
582 265
1
583 78
1
584 333
1
585 100
1
586 199
1
587 97
1
588 126
1
589 312
1
590 51
1
591 173
1
592 50
1
593 260
1
594 64
1
595 240
1
596 126
1
597 221
1
598 92
1
599 255
1
600 122
1
601 173
1
602 138
1
603 129
1
604 119
1
605 169
1
606 332
1
607 191
1
608 219
1
609 333
1
610 21
1
611 40
1
612 288
1
613 287
1
614 150
1
615 34
1
616 123
1
617 286
1
618 233
0
1
619 76
1
620 217
1
621 200
1
622 39
0
1
623 311
1
624 336
1
625 121
1
626 220
1
627 307
1
628 271
1
629 219
1
630 143
1
631 45
1
632 51
1
633 259
1
634 104
1
635 162
1
636 281
1
637 28
1
638 16
1
639 115
1
640 314
1
641 230
1
642 261
1
643 116
1
644 198
1
645 146
1
646 23
0
1
647 170
1
648 195
1
649 119
1
650 144
1
651 320
1
652 63
1
653 216
1
654 57
1
655 2
0
1
656 254
1
657 64
1
658 178
1
659 177
1
660 242
1
661 154
1
662 307
1
663 296
1
664 96
1
665 57
1
666 50
1
667 6
1
668 89
1
669 141
1
670 287
1
671 102
1
672 111
0
1
673 176
1
674 239
1
675 33
1
676 324
1
677 324
1
678 63
1
679 308
1
680 175
1
681 179
1
682 45
1
683 239
0
1
684 208
1
685 190
1
686 273
1
687 229
1
688 216
1
689 155
0
1
690 210
1
691 94
1
692 103
1
693 268
1
694 301
1
695 22
1
696 201
1
697 167
1
698 333
1
699 29
1
700 187
1
701 111
1
702 224
1
703 29
1
704 203
1
705 241
1
706 301
1
707 237
1
708 73
1
709 304
1
710 16
1
711 158
1
712 228
1
713 138
1
714 330
1
715 324
1
716 7
1
717 329
1
718 254
1
719 122
1
720 244
1
721 261
1
722 125
1
723 227
1
724 334
1
725 250
1
726 221
1
727 108
1
728 259
0
1
729 274
1
730 328
1
731 230
1
732 150
1
733 304
1
734 179
1
735 214
1
736 93
1
737 255
1
738 193
1
739 144
1
740 277
1
741 291
1
742 54
1
743 260
1
744 231
1
745 145
1
746 187
1
747 111
1
748 250
1
749 16
1
750 114
1
751 316
1
752 67
1
753 303
1
754 257
1
755 28
1
756 209
1
757 39
1
758 169
1
759 111
1
760 61
1
761 314
1
762 208
1
763 237
1
764 110
1
765 100
1
766 336
1
767 88
1
768 67
1
769 29
1
770 9
1
771 109
1
772 159
1
773 81
1
774 322
1
775 66
1
776 125
1
777 177
1
778 305
1
779 178
1
780 123
1
781 321
1
782 104
1
783 121
1
784 100
1
785 165
1
786 70
1
787 33
1
788 167
1
789 324
1
790 229
1
791 246
1
792 167
1
793 263
1
794 193
1
795 324
1
796 222
1
797 181
1
798 166
1
799 154
1
800 163
1
801 293
1
802 148
1
803 301
1
804 6
1
805 47
1
806 273
1
807 55
1
808 2
1
809 75
1
810 303
1
811 152
1
812 51
1
813 320
1
814 154
1
815 197
1
816 57
1
817 135
1
818 268
1
819 293
1
820 64
1
821 262
1
822 282
1
823 274
1
824 46
1
825 24
1
826 71
1
827 154
1
828 21
1
829 170
1
830 137
1
831 119
1
832 16
1
833 204
1
834 336
1
835 237
1
836 32
1
837 301
1
838 216
1
839 68
1
840 178
1
841 137
1
842 234
1
843 29
1
844 217
1
845 206
1
846 47
1
847 319
1
848 164
1
849 304
1
850 285
1
851 216
1
852 13
1
853 232
1
854 182
1
855 54
1
856 199
1
857 233
1
858 104
1
859 279
1
860 264
1
861 229
1
862 122
1
863 126
1
864 47
1
865 218
1
866 179
1
867 283
1
868 105
1
869 232
1
870 92
1
871 109
1
872 81
1
873 215
1
874 319
1
875 88
1
876 264
1
877 35
1
878 117
1
879 54
1
880 5
1
881 215
1
882 81
1
883 316
1
884 198
1
885 65
1
886 299
1
887 189
1
888 139
1
889 20
1
890 137
1
891 318
1
892 248
1
893 130
1
894 29
1
895 44
1
896 307
1
897 268
0
1
898 36
1
899 257
1
900 273
1
901 19
1
902 133
1
903 299
1
904 194
1
905 281
1
906 115
1
907 23
1
908 231
1
909 213
1
910 166
1
911 188
1
912 193
1
913 109
1
914 304
1
915 257
1
916 102
1
917 215
1
918 219
1
919 230
1
920 42
1
921 133
1
922 92
1
923 114
1
924 94
1
925 223
1
926 196
1
927 23
1
928 252
1
929 317
1
930 91
0
1
931 119
1
932 43
1
933 267
1
934 273
1
935 304
1
936 41
1
937 282
1
938 293
1
939 254
1
940 29
1
941 283
1
942 57
1
943 260
1
944 78
1
945 230
1
946 32
1
947 3
1
948 69
1
949 54
1
950 105
1
951 325
1
952 252
1
953 172
1
954 282
1
955 166
1
956 107
1
957 307
1
958 42
1
959 246
1
960 109
1
961 50
0
1
962 119
1
963 154
1
964 35
1
965 251
1
966 30
1
967 162
1
968 185
1
969 10
1
970 85
1
971 242
1
972 310
1
973 62
1
974 280
1
975 153
1
976 243
1
977 279
1
978 205
1
979 47
1
980 164
1
981 176
1
982 160
1
983 81
1
984 17
1
985 226
1
986 160
1
987 103
1
988 135
1
989 266
1
990 3
1
991 229
1
992 302
1
993 84
1
994 220
1
995 139
1
996 310
1
997 122
1
998 106
1
999 109
1
1000 275
1
1001 195
1
1002 265
1
1003 6
1
1004 268
1
1005 150
1
1006 61
1
1007 180
1
1008 16
1
1009 101
1
1010 246
1
1011 317
1
1012 192
1
1013 213
1
1014 297
1
1015 182
1
1016 112
1
1017 42
1
1018 99
1
1019 174
1
1020 197
1
1021 35
1
1022 50
1
1023 234
1
1024 319
1
1025 263
1
1026 102
1
1027 196
1
1028 55
1
1029 42
1
1030 301
1
1031 295
1
1032 23
1
1033 190
1
1034 309
1
1035 265
1
1036 215
1
1037 223
1
1038 164
1
1039 151
1
1040 77
1
1041 312
1
1042 24
1
1043 285
1
1044 48
1
1045 319
1
1046 41
1
1047 222
1
1048 288
1
1049 48
1
1050 99
1
1051 197
1
1052 299
1
1053 307
1
1054 196
1
1055 125
1
1056 141
1
1057 231
1
1058 191
1
1059 173
1
1060 20
1
1061 66
1
1062 116
1
1063 121
1
1064 184
1
1065 172
1
1066 254
1
1067 125
1
1068 150
1
1069 129
1
1070 158
1
1071 7
1
1072 269
1
1073 62
1
1074 304
1
1075 111
1
1076 318
1
1077 76
1
1078 144
1
1079 108
1
1080 47
1
1081 331
1
1082 161
1
1083 331
1
1084 232
1
1085 297
1
1086 68
1
1087 334
1
1088 118
1
1089 155
1
1090 252
1
1091 188
1
1092 174
1
1093 221
1
1094 331
1
1095 200
1
1096 331
1
1097 235
1
1098 242
1
1099 322
1
1100 295
1
1101 69
1
1102 8
1
1103 191
1
1104 209
1
1105 40
1
1106 187
1
1107 182
1
1108 154
1
1109 181
1
1110 330
1
1111 90
1
1112 276
1
1113 317
1
1114 230
1
1115 226
1
1116 81
1
1117 261
1
1118 298
1
1119 57
1
1120 62
1
1121 237
1
1122 9
1
1123 170
1
1124 74
1
1125 253
1
1126 244
1
1127 95
1
1128 319
1
1129 118
1
1130 170
1
1131 16
1
1132 147
1
1133 58
1
1134 182
1
1135 220
0
1
1136 266
1
1137 216
1
1138 152
1
1139 283
1
1140 298
1
1141 170
1
1142 243
1
1143 33
1
1144 69
1
1145 294
1
1146 92
1
1147 57
1
1148 164
1
1149 161
1
1150 100
1
1151 36
1
1152 84
1
1153 42
1
1154 174
1
1155 121
1
1156 130
1
1157 215
1
1158 47
1
1159 146
1
1160 293
1
1161 166
1
1162 38
1
1163 247
1
1164 191
1
1165 195
1
1166 278
1
1167 256
1
1168 240
1
1169 238
1
1170 16
1
1171 30
1
1172 264
1
1173 38
0
1
1174 118
1
1175 13
1
1176 83
0
1
1177 6
1
1178 119
1
1179 73
1
1180 6
0
1
1181 319
1
1182 2
1
1183 315
1
1184 284
1
1185 93
1
1186 240
1
1187 62
1
1188 140
1
1189 84
1
1190 35
1
1191 136
1
1192 190
1
1193 174
1
1194 131
1
1195 38
1
1196 209
1
1197 327
1
1198 137
0
1
1199 92
1
1200 231
1
1201 113
1
1202 305
1
1203 253
1
1204 219
1
1205 236
1
1206 251
1
1207 88
1
1208 68
1
1209 155
1
1210 322
1
1211 184
1
1212 281
1
1213 326
1
1214 329
1
1215 135
1
1216 98
1
1217 11
1
1218 221
1
1219 111
1
1220 221
1
1221 295
1
1222 273
1
1223 321
1
1224 306
1
1225 150
1
1226 189
1
1227 162
1
1228 47
1
1229 173
1
1230 165
1
1231 263
1
1232 151
1
1233 135
1
1234 267
1
1235 238
1
1236 58
1
1237 180
1
1238 118
0
1
1239 122
1
1240 125
1
1241 12
1
1242 316
1
1243 225
1
1244 82
1
1245 116
1
1246 139
1
1247 136
1
1248 87
1
1249 261
1
1250 273
1
1251 29
1
1252 250
1
1253 138
1
1254 111
0
1
1255 29
1
1256 36
1
1257 251
1
1258 319
1
1259 252
0
1
1260 335
1
1261 110
0
1
1262 124
1
1263 92
1
1264 16
1
1265 224
1
1266 317
1
1267 6
1
1268 16
1
1269 43
1
1270 297
1
1271 95
1
1272 200
1
1273 146
1
1274 152
1
1275 310
1
1276 2
1
1277 285
1
1278 121
1
1279 241
1
1280 26
1
1281 6
1
1282 145
1
1283 280
1
1284 260
1
1285 242
1
1286 254
1
1287 49
1
1288 167
1
1289 153
1
1290 195
1
1291 331
1
1292 294
1
1293 208
1
1294 109
1
1295 89
0
1
1296 296
1
1297 82
1
1298 5
1
1299 173
1
1300 93
1
1301 82
1
1302 109
1
1303 176
1
1304 207
1
1305 228
1
1306 250
1
1307 162
1
1308 304
1
1309 33
1
1310 229
1
1311 163
1
1312 95
1
1313 195
1
1314 184
1
1315 272
1
1316 75
1
1317 22
1
1318 51
0
1
1319 232
1
1320 70
1
1321 156
1
1322 100
1
1323 200
1
1324 299
1
1325 80
1
1326 25
1
1327 184
1
1328 304
1
1329 218
1
1330 98
1
1331 150
1
1332 102
1
1333 12
1
1334 17
1
1335 201
1
1336 204
1
1337 57
1
1338 201
1
1339 97
1
1340 72
0
0
1
1341 80
1
1342 24
1
1343 205
1
1344 277
1
1345 44
1
1346 21
0
1
1347 41
1
1348 238
1
1349 260
1
1350 20
1
1351 158
1
1352 243
1
1353 258
1
1354 98
1
1355 218
1
1356 66
1
1357 330
0
0
1
1358 332
1
1359 91
1
1360 304
1
1361 256
0
1
1362 253
1
1363 243
1
1364 259
1
1365 306
1
1366 184
1
1367 283
1
1368 301
1
1369 301
1
1370 18
1
1371 230
1
1372 22
0
1
1373 204
1
1374 323
0
0
0
1
1375 234
1
1376 50
1
1377 286
1
1378 177
1
1379 316
1
1380 281
1
1381 193
1
1382 69
1
1383 326
1
1384 254
1
1385 26
1
1386 265
1
1387 228
1
1388 106
1
1389 248
1
1390 138
1
1391 314
1
1392 176
1
1393 232
1
1394 204
1
1395 237
1
1396 26
0
1
1397 71
1
1398 88
1
1399 194
1
1400 58
1
1401 163
1
1402 286
1
1403 55
1
1404 75
1
1405 288
0
1
1406 5
1
1407 214
1
1408 172
1
1409 164
1
1410 322
1
1411 229
1
1412 88
1
1413 315
1
1414 232
1
1415 180
1
1416 52
1
1417 178
1
1418 221
1
1419 109
1
1420 249
1
1421 132
1
1422 306
1
1423 14
1
1424 310
0
0
1
1425 192
1
1426 171
1
1427 225
1
1428 151
1
1429 254
1
1430 94
1
1431 198
1
1432 310
1
1433 273
1
1434 181
1
1435 16
1
1436 40
1
1437 132
1
1438 115
1
1439 119
1
1440 25
1
1441 188
0
0
1
1442 274
1
1443 237
1
1444 88
1
1445 216
1
1446 270
1
1447 256
1
1448 248
1
1449 14
1
1450 221
1
1451 279
1
1452 103
1
1453 115
1
1454 60
1
1455 75
1
1456 108
1
1457 263
1
1458 103
0
1
1459 241
1
1460 62
1
1461 79
1
1462 169
1
1463 21
1
1464 181
0
1
1465 157
1
1466 156
1
1467 221
0
1
1468 38
1
1469 291
1
1470 289
1
1471 214
1
1472 209
1
1473 2
1
1474 336
1
1475 272
1
1476 30
1
1477 312
1
1478 196
1
1479 231
1
1480 134
0
1
1481 282
0
1
1482 48
1
1483 44
1
1484 73
1
1485 45
1
1486 131
1
1487 143
1
1488 310
1
1489 167
1
1490 326
1
1491 306
1
1492 25
1
1493 78
1
1494 21
1
1495 168
1
1496 287
1
1497 200
1
1498 107
1
1499 172
1
1500 196
0
0
1
1501 232
1
1502 215
0
1
1503 233
1
1504 125
1
1505 185
0
0
1
1506 18
1
1507 287
1
1508 232
0
1
1509 237
1
1510 315
0
1
1511 290
1
1512 208
1
1513 318
1
1514 85
1
1515 215
1
1516 275
0
1
1517 321
1
1518 106
1
1519 293
1
1520 26
0
1
1521 312
1
1522 254
1
1523 111
1
1524 99
1
1525 210
1
1526 152
1
1527 21
1
1528 290
1
1529 29
1
1530 123
1
1531 295
1
1532 248
1
1533 203
1
1534 291
1
1535 226
1
1536 213
1
1537 157
1
1538 221
1
1539 298
1
1540 170
1
1541 169
1
1542 20
0
1
1543 47
1
1544 6
1
1545 223
1
1546 55
1
1547 114
1
1548 22
1
1549 45
1
1550 48
0
1
1551 244
1
1552 109
1
1553 18
0
1
1554 37
1
1555 238
1
1556 237
1
1557 58
1
1558 195
1
1559 252
1
1560 273
1
1561 274
1
1562 255
1
1563 179
1
1564 304
1
1565 141
1
1566 250
0
1
1567 210
1
1568 314
1
1569 308
1
1570 82
1
1571 218
1
1572 96
1
1573 321
1
1574 153
0
1
1575 211
1
1576 94
1
1577 234
0
1
1578 191
0
1
1579 109
1
1580 145
1
1581 153
1
1582 104
1
1583 38
1
1584 185
1
1585 75
0
1
1586 149
1
1587 35
1
1588 101
1
1589 71
1
1590 114
1
1591 144
1
1592 30
1
1593 241
1
1594 196
1
1595 2
1
1596 141
1
1597 296
1
1598 51
1
1599 142
1
1600 104
1
1601 81
1
1602 273
1
1603 220
1
1604 218
0
1
1605 120
0
1
1606 241
1
1607 216
1
1608 35
1
1609 55
1
1610 144
1
1611 221
1
1612 65
1
1613 121
1
1614 273
0
1
1615 326
1
1616 118
1
1617 83
1
1618 144
1
1619 257
1
1620 266
1
1621 235
1
1622 167
1
1623 27
1
1624 257
1
1625 152
0
1
1626 286
1
1627 77
1
1628 216
1
1629 171
1
1630 90
1
1631 317
1
1632 233
1
1633 179
1
1634 308
1
1635 298
1
1636 106
1
1637 135
1
1638 169
1
1639 202
1
1640 98
1
1641 247
1
1642 215
1
1643 37
1
1644 106
1
1645 182
0
0
1
1646 298
0
0
1
1647 66
1
1648 32
0
1
1649 158
0
1
1650 297
1
1651 207
1
1652 229
1
1653 182
1
1654 213
1
1655 303
1
1656 319
1
1657 306
1
1658 80
1
1659 195
1
1660 198
1
1661 308
1
1662 140
0
1
1663 271
1
1664 258
1
1665 17
0
1
1666 123
0
0
1
1667 65
1
1668 58
1
1669 85
1
1670 327
1
1671 176
1
1672 234
0
1
1673 55
1
1674 327
1
1675 322
1
1676 268
1
1677 170
1
1678 115
1
1679 324
1
1680 216
1
1681 2
1
1682 223
1
1683 200
1
1684 292
1
1685 61
1
1686 42
1
1687 155
1
1688 59
1
1689 121
1
1690 109
1
1691 309
0
1
1692 175
1
1693 33
1
1694 86
1
1695 269
1
1696 300
1
1697 2
1
1698 290
1
1699 213
1
1700 57
1
1701 82
1
1702 204
1
1703 297
1
1704 2
1
1705 206
1
1706 232
1
1707 228
1
1708 272
1
1709 213
0
1
1710 227
1
1711 267
1
1712 176
1
1713 244
0
1
1714 157
1
1715 289
1
1716 20
1
1717 321
1
1718 309
1
1719 244
1
1720 279
1
1721 187
1
1722 117
1
1723 230
1
1724 322
1
1725 182
1
1726 120
1
1727 43
1
1728 267
1
1729 3
1
1730 67
1
1731 181
1
1732 181
1
1733 76
1
1734 61
0
1
1735 308
1
1736 259
1
1737 21
1
1738 99
1
1739 42
0
1
1740 206
1
1741 330
0
1
1742 20
1
1743 212
1
1744 55
1
1745 282
1
1746 98
1
1747 328
1
1748 210
1
1749 79
1
1750 9
1
1751 233
1
1752 11
1
1753 82
1
1754 265
1
1755 264
0
1
1756 81
0
1
1757 148
1
1758 234
1
1759 40
1
1760 229
1
1761 184
1
1762 43
1
1763 132
1
1764 324
1
1765 257
1
1766 282
1
1767 49
0
1
1768 310
1
1769 310
1
1770 304
1
1771 256
1
1772 317
1
1773 90
1
1774 223
1
1775 39
1
1776 142
1
1777 12
1
1778 135
1
1779 239
1
1780 104
1
1781 309
1
1782 68
1
1783 43
1
1784 29
0
0
1
1785 217
0
1
1786 329
1
1787 194
0
0
1
1788 296
1
1789 231
0
1
1790 158
1
1791 124
1
1792 198
1
1793 231
1
1794 24
1
1795 237
1
1796 93
1
1797 223
1
1798 67
1
1799 170
0
1
1800 92
1
1801 101
1
1802 331
1
1803 312
1
1804 238
1
1805 263
1
1806 174
1
1807 104
1
1808 238
1
1809 327
1
1810 50
1
1811 302
1
1812 99
0
1
1813 291
1
1814 214
1
1815 144
1
1816 316
1
1817 27
1
1818 136
1
1819 257
1
1820 278
1
1821 269
1
1822 199
1
1823 232
1
1824 33
1
1825 252
1
1826 252
0
1
1827 249
0
1
1828 107
1
1829 299
1
1830 80
1
1831 120
1
1832 2
1
1833 218
1
1834 7
1
1835 153
1
1836 105
1
1837 309
1
1838 129
1
1839 264
1
1840 210
1
1841 94
1
1842 322
1
1843 49
1
1844 102
1
1845 197
1
1846 237
1
1847 313
1
1848 109
1
1849 283
1
1850 310
1
1851 221
1
1852 53
1
1853 164
0
1
1854 306
1
1855 68
1
1856 149
1
1857 146
0
1
1858 318
0
0
1
1859 215
1
1860 323
1
1861 194
1
1862 60
1
1863 186
0
0
1
1864 210
1
1865 102
1
1866 39
1
1867 179
1
1868 83
0
1
1869 334
1
1870 79
1
1871 167
0
1
1872 48
1
1873 254
1
1874 94
1
1875 32
1
1876 333
0
1
1877 196
1
1878 111
1
1879 279
0
0
1
1880 263
0
0
1
1881 5
1
1882 317
1
1883 159
1
1884 174
1
1885 304
1
1886 317
1
1887 333
1
1888 202
0
1
1889 33
0
1
1890 168
1
1891 73
1
1892 5
1
1893 331
1
1894 126
1
1895 252
1
1896 93
1
1897 318
1
1898 211
1
1899 113
0
1
1900 145
1
1901 262
0
1
1902 326
1
1903 55
1
1904 125
1
1905 72
0
1
1906 65
1
1907 273
1
1908 58
0
0
1
1909 56
1
1910 273
1
1911 44
1
1912 111
0
1
1913 275
1
1914 259
0
0
1
1915 234
1
1916 64
1
1917 245
1
1918 208
1
1919 60
1
1920 267
1
1921 271
1
1922 298
1
1923 335
1
1924 131
0
1
1925 273
1
1926 301
0
1
1927 306
1
1928 195
1
1929 259
1
1930 235
1
1931 114
1
1932 63
0
1
1933 82
1
1934 179
1
1935 274
1
1936 11
1
1937 189
1
1938 2
1
1939 83
1
1940 74
1
1941 188
0
0
0
1
1942 212
0
1
1943 12
0
1
1944 12
1
1945 29
1
1946 36
0
1
1947 199
1
1948 326
1
1949 301
1
1950 178
1
1951 185
1
1952 144
1
1953 256
1
1954 149
0
1
1955 251
1
1956 247
1
1957 304
1
1958 275
1
1959 119
1
1960 231
1
1961 147
1
1962 202
1
1963 109
1
1964 185
1
1965 231
1
1966 269
1
1967 2
1
1968 82
1
1969 191
1
1970 119
1
1971 210
1
1972 235
1
1973 72
1
1974 113
1
1975 310
1
1976 17
0
1
1977 242
1
1978 215
0
1
1979 282
0
0
1
1980 30
1
1981 213
1
1982 237
0
1
1983 218
1
1984 30
1
1985 154
1
1986 131
1
1987 251
1
1988 15
1
1989 25
1
1990 2
1
1991 54
1
1992 226
1
1993 238
1
1994 245
1
1995 131
0
1
1996 35
1
1997 161
1
1998 274
1
1999 107
1
2000 165
1
2001 291
1
2002 19
1
2003 291
1
2004 51
1
2005 310
1
2006 182
1
2007 324
1
2008 11
1
2009 279
1
2010 47
1
2011 272
1
2012 192
1
2013 3
1
2014 166
1
2015 202
1
2016 34
0
1
2017 93
0
1
2018 250
1
2019 330
1
2020 33
1
2021 202
0
0
1
2022 32
1
2023 86
1
2024 247
1
2025 119
1
2026 92
1
2027 308
1
2028 310
1
2029 83
1
2030 233
1
2031 55
1
2032 249
1
2033 38
1
2034 332
1
2035 297
1
2036 295
1
2037 106
1
2038 138
1
2039 254
1
2040 114
1
2041 275
1
2042 305
1
2043 243
1
2044 16
1
2045 265
0
1
2046 324
1
2047 144
0
1
2048 208
1
2049 286
1
2050 32
1
2051 307
0
1
2052 111
1
2053 200
1
2054 227
1
2055 97
1
2056 106
1
2057 225
1
2058 11
0
1
2059 243
1
2060 7
1
2061 35
1
2062 308
1
2063 261
0
1
2064 301
1
2065 3
1
2066 319
0
1
2067 285
1
2068 183
1
2069 294
0
0
1
2070 234
1
2071 35
1
2072 197
1
2073 232
1
2074 91
0
1
2075 213
1
2076 193
1
2077 16
1
2078 168
1
2079 119
1
2080 149
1
2081 66
0
1
2082 6
0
0
1
2083 278
1
2084 280
1
2085 266
0
1
2086 76
1
2087 117
1
2088 288
1
2089 176
1
2090 59
0
1
2091 332
1
2092 333
1
2093 299
0
1
2094 67
1
2095 8
1
2096 326
1
2097 6
1
2098 287
1
2099 74
1
2100 80
1
2101 22
1
2102 66
1
2103 237
1
2104 280
0
1
2105 241
1
2106 168
1
2107 101
1
2108 155
1
2109 74
1
2110 309
1
2111 287
1
2112 139
0
1
2113 245
0
1
2114 165
1
2115 280
1
2116 28
1
2117 89
1
2118 88
1
2119 68
1
2120 140
1
2121 13
1
2122 54
1
2123 175
1
2124 82
0
1
2125 53
1
2126 54
1
2127 184
1
2128 31
1
2129 296
1
2130 19
1
2131 72
0
1
2132 274
1
2133 245
1
2134 139
0
0
1
2135 167
1
2136 39
1
2137 71
1
2138 132
0
1
2139 109
1
2140 319
1
2141 303
1
2142 200
1
2143 314
1
2144 37
0
0
1
2145 332
1
2146 146
1
2147 55
1
2148 198
1
2149 313
1
2150 21
1
2151 84
1
2152 28
1
2153 292
1
2154 328
1
2155 85
0
1
2156 41
1
2157 329
1
2158 45
1
2159 119
1
2160 191
1
2161 81
1
2162 319
0
1
2163 33
1
2164 235
1
2165 273
1
2166 85
1
2167 290
1
2168 157
1
2169 65
1
2170 310
0
0
1
2171 193
1
2172 337
1
2173 96
1
2174 195
1
2175 121
1
2176 159
1
2177 119
1
2178 37
1
2179 126
1
2180 112
1
2181 8
1
2182 70
1
2183 172
0
1
2184 183
1
2185 170
0
1
2186 205
1
2187 57
1
2188 178
1
2189 109
0
1
2190 227
1
2191 54
0
1
2192 70
1
2193 32
1
2194 110
0
0
1
2195 170
1
2196 88
1
2197 318
1
2198 239
1
2199 121
1
2200 161
1
2201 265
1
2202 287
0
0
1
2203 234
1
2204 58
0
1
2205 232
1
2206 315
1
2207 201
1
2208 156
1
2209 314
1
2210 121
0
1
2211 93
1
2212 279
1
2213 228
0
1
2214 319
1
2215 184
1
2216 155
1
2217 47
1
2218 75
1
2219 153
0
1
2220 216
1
2221 209
1
2222 218
1
2223 226
0
1
2224 232
1
2225 335
1
2226 334
0
1
2227 305
1
2228 111
0
1
2229 183
1
2230 193
1
2231 88
1
2232 290
0
1
2233 234
1
2234 116
0
0
1
2235 138
1
2236 140
0
1
2237 98
1
2238 143
0
1
2239 220
1
2240 293
0
0
1
2241 151
1
2242 181
1
2243 249
1
2244 101
1
2245 112
1
2246 57
1
2247 38
1
2248 175
1
2249 151
1
2250 196
1
2251 268
1
2252 210
1
2253 42
1
2254 296
0
1
2255 251
1
2256 107
1
2257 241
1
2258 101
0
1
2259 100
1
2260 148
1
2261 21
1
2262 33
1
2263 77
1
2264 155
0
1
2265 19
1
2266 33
0
1
2267 303
1
2268 256
1
2269 108
1
2270 213
0
0
1
2271 188
1
2272 319
1
2273 136
1
2274 15
1
2275 223
1
2276 210
1
2277 45
1
2278 308
0
1
2279 193
1
2280 208
0
1
2281 152
1
2282 32
1
2283 75
1
2284 76
1
2285 37
1
2286 307
1
2287 313
1
2288 117
0
1
2289 126
1
2290 35
1
2291 4
1
2292 214
1
2293 188
1
2294 264
1
2295 310
1
2296 238
0
1
2297 237
1
2298 195
1
2299 276
1
2300 319
1
2301 27
1
2302 213
1
2303 235
1
2304 288
1
2305 251
1
2306 32
1
2307 100
0
1
2308 232
1
2309 92
1
2310 143
1
2311 309
1
2312 324
0
1
2313 54
0
0
1
2314 255
1
2315 18
1
2316 41
0
1
2317 239
0
1
2318 217
1
2319 50
1
2320 222
0
1
2321 8
0
1
2322 241
0
1
2323 2
1
2324 306
1
2325 246
1
2326 324
1
2327 33
1
2328 115
0
1
2329 128
1
2330 270
1
2331 288
1
2332 199
1
2333 173
1
2334 282
0
1
2335 99
1
2336 290
1
2337 238
1
2338 151
1
2339 53
0
0
1
2340 59
1
2341 200
1
2342 314
1
2343 244
0
1
2344 162
1
2345 188
1
2346 97
0
1
2347 322
1
2348 319
1
2349 148
1
2350 22
1
2351 12
1
2352 94
1
2353 114
1
2354 157
1
2355 255
1
2356 127
1
2357 238
1
2358 119
0
0
1
2359 254
1
2360 4
1
2361 96
1
2362 47
1
2363 188
1
2364 131
1
2365 31
1
2366 116
0
1
2367 257
1
2368 321
1
2369 68
1
2370 326
1
2371 294
1
2372 112
1
2373 79
0
1
2374 225
1
2375 22
1
2376 327
1
2377 38
1
2378 29
0
1
2379 274
0
1
2380 297
1
2381 161
1
2382 221
1
2383 96
1
2384 4
0
1
2385 162
0
1
2386 336
1
2387 34
0
1
2388 61
1
2389 314
1
2390 68
1
2391 44
1
2392 333
0
0
1
2393 303
1
2394 298
1
2395 172
1
2396 16
1
2397 289
1
2398 3
1
2399 6
1
2400 42
1
2401 114
1
2402 80
1
2403 335
1
2404 143
1
2405 35
1
2406 161
0
1
2407 209
0
0
1
2408 33
1
2409 203
1
2410 96
1
2411 253
1
2412 253
0
1
2413 179
1
2414 104
1
2415 152
0
1
2416 320
0
1
2417 215
1
2418 316
1
2419 119
1
2420 105
1
2421 143
1
2422 79
0
1
2423 179
1
2424 242
1
2425 198
1
2426 265
1
2427 168
0
1
2428 310
0
0
1
2429 45
1
2430 134
1
2431 179
0
1
2432 249
0
0
1
2433 229
1
2434 115
1
2435 258
0
1
2436 278
1
2437 26
1
2438 177
1
2439 82
1
2440 62
1
2441 296
1
2442 219
1
2443 192
1
2444 78
1
2445 238
1
2446 213
0
1
2447 232
1
2448 71
1
2449 172
0
0
0
1
2450 236
1
2451 168
1
2452 159
1
2453 117
0
0
0
1
2454 156
0
1
2455 36
1
2456 242
1
2457 141
1
2458 171
1
2459 275
1
2460 87
1
2461 278
1
2462 76
1
2463 246
1
2464 85
1
2465 199
0
1
2466 236
1
2467 237
1
2468 263
1
2469 295
1
2470 272
1
2471 6
1
2472 50
0
1
2473 237
1
2474 235
1
2475 232
1
2476 33
1
2477 204
1
2478 128
0
1
2479 24
1
2480 254
1
2481 274
1
2482 174
1
2483 302
1
2484 230
1
2485 223
1
2486 87
1
2487 87
1
2488 307
1
2489 36
0
0
1
2490 26
1
2491 104
1
2492 3
0
1
2493 12
0
0
0
1
2494 177
1
2495 205
1
2496 109
1
2497 231
1
2498 278
1
2499 147
1
2500 144
1
2501 14
1
2502 235
1
2503 307
1
2504 136
1
2505 146
1
2506 110
1
2507 219
0
0
0
1
2508 16
1
2509 2
1
2510 134
1
2511 325
1
2512 119
1
2513 83
1
2514 61
1
2515 271
1
2516 169
1
2517 327
1
2518 301
0
1
2519 44
1
2520 304
1
2521 101
1
2522 61
1
2523 313
1
2524 302
0
1
2525 304
0
1
2526 252
1
2527 286
1
2528 319
1
2529 298
0
0
1
2530 234
1
2531 195
1
2532 326
1
2533 43
1
2534 150
1
2535 278
1
2536 145
1
2537 216
1
2538 152
0
0
1
2539 249
1
2540 267
1
2541 300
0
0
1
2542 65
1
2543 190
1
2544 233
1
2545 53
1
2546 86
1
2547 29
1
2548 311
1
2549 22
1
2550 61
1
2551 273
1
2552 268
1
2553 140
1
2554 235
0
1
2555 198
1
2556 97
1
2557 219
1
2558 2
1
2559 102
0
1
2560 303
0
0
1
2561 176
1
2562 283
0
1
2563 308
1
2564 83
1
2565 142
1
2566 193
1
2567 269
1
2568 132
1
2569 219
1
2570 331
1
2571 319
0
1
2572 88
1
2573 301
1
2574 31
1
2575 119
1
2576 298
1
2577 20
0
1
2578 92
1
2579 129
0
1
2580 45
1
2581 91
0
1
2582 16
0
0
1
2583 107
1
2584 321
1
2585 253
1
2586 164
0
1
2587 56
1
2588 89
1
2589 277
1
2590 128
1
2591 268
1
2592 149
1
2593 264
1
2594 111
1
2595 49
1
2596 96
1
2597 121
1
2598 108
1
2599 17
1
2600 6
1
2601 331
1
2602 225
0
1
2603 71
0
1
2604 43
1
2605 34
1
2606 203
1
2607 278
0
1
2608 254
1
2609 90
1
2610 120
1
2611 151
1
2612 276
1
2613 146
1
2614 221
1
2615 245
1
2616 203
0
1
2617 105
1
2618 165
1
2619 260
1
2620 182
1
2621 145
0
1
2622 153
1
2623 219
1
2624 158
0
1
2625 140
1
2626 105
1
2627 69
1
2628 105
1
2629 274
0
0
1
2630 197
1
2631 56
0
0
1
2632 317
1
2633 30
1
2634 265
1
2635 114
1
2636 333
1
2637 205
1
2638 207
1
2639 195
1
2640 210
1
2641 308
1
2642 319
1
2643 299
1
2644 330
0
0
1
2645 276
0
1
2646 42
1
2647 206
1
2648 63
1
2649 139
1
2650 312
1
2651 185
1
2652 180
1
2653 308
1
2654 221
1
2655 214
1
2656 42
1
2657 29
1
2658 308
1
2659 82
0
1
2660 124
1
2661 283
1
2662 249
1
2663 286
1
2664 238
1
2665 48
1
2666 45
1
2667 289
0
0
0
0
0
1
2668 289
1
2669 42
1
2670 9
1
2671 6
0
1
2672 214
0
1
2673 24
1
2674 109
1
2675 275
1
2676 256
0
1
2677 273
1
2678 106
1
2679 120
1
2680 211
1
2681 144
1
2682 209
1
2683 287
0
1
2684 255
1
2685 42
0
0
1
2686 241
1
2687 278
1
2688 151
1
2689 275
1
2690 123
0
1
2691 234
0
0
1
2692 168
1
2693 122
1
2694 144
1
2695 136
0
1
2696 119
1
2697 272
1
2698 294
1
2699 192
1
2700 203
1
2701 238
1
2702 74
1
2703 223
1
2704 327
0
1
2705 22
1
2706 52
1
2707 63
1
2708 116
1
2709 143
0
1
2710 111
0
1
2711 313
1
2712 116
1
2713 285
1
2714 85
1
2715 212
1
2716 120
0
1
2717 309
1
2718 53
0
1
2719 85
1
2720 278
0
1
2721 300
1
2722 324
1
2723 319
1
2724 199
1
2725 94
1
2726 244
1
2727 318
1
2728 244
1
2729 134
1
2730 67
1
2731 38
1
2732 307
1
2733 300
1
2734 210
1
2735 198
1
2736 278
1
2737 140
0
1
2738 145
1
2739 140
1
2740 86
1
2741 72
0
1
2742 280
1
2743 61
0
1
2744 76
1
2745 251
1
2746 81
1
2747 21
1
2748 67
1
2749 245
1
2750 327
1
2751 114
1
2752 88
1
2753 114
1
2754 327
0
0
0
0
1
2755 119
1
2756 24
0
1
2757 201
1
2758 194
1
2759 324
0
1
2760 329
1
2761 59
1
2762 104
1
2763 332
1
2764 256
0
1
2765 265
0
0
0
1
2766 241
1
2767 123
1
2768 36
0
1
2769 31
0
0
1
2770 308
1
2771 276
1
2772 267
1
2773 17
1
2774 192
1
2775 126
1
2776 38
0
1
2777 99
1
2778 267
1
2779 156
1
2780 99
1
2781 290
1
2782 145
1
2783 119
1
2784 130
1
2785 207
1
2786 216
1
2787 205
1
2788 83
0
1
2789 202
1
2790 297
1
2791 329
1
2792 178
1
2793 162
1
2794 127
1
2795 51
1
2796 94
1
2797 304
1
2798 326
0
1
2799 274
1
2800 187
1
2801 90
1
2802 50
1
2803 61
1
2804 235
1
2805 83
0
1
2806 324
1
2807 229
0
1
2808 7
1
2809 226
0
1
2810 202
1
2811 79
1
2812 106
1
2813 155
1
2814 224
1
2815 44
0
0
0
1
2816 122
0
0
1
2817 273
1
2818 178
1
2819 22
1
2820 117
1
2821 59
0
1
2822 286
1
2823 255
1
2824 255
0
1
2825 300
1
2826 109
1
2827 176
0
1
2828 301
0
1
2829 42
1
2830 237
0
1
2831 163
1
2832 80
1
2833 12
1
2834 218
0
1
2835 326
1
2836 11
1
2837 324
0
1
2838 316
1
2839 21
1
2840 78
1
2841 85
1
2842 67
1
2843 116
0
0
1
2844 204
1
2845 13
0
1
2846 52
1
2847 289
1
2848 144
1
2849 228
1
2850 6
1
2851 237
1
2852 109
1
2853 200
1
2854 262
0
1
2855 196
1
2856 79
1
2857 133
0
1
2858 179
0
1
2859 20
0
1
2860 42
1
2861 102
0
1
2862 84
1
2863 149
0
1
2864 260
0
0
1
2865 122
1
2866 262
1
2867 93
1
2868 87
1
2869 37
0
0
1
2870 167
1
2871 210
1
2872 290
0
0
0
0
0
1
2873 241
1
2874 94
1
2875 316
1
2876 85
1
2877 45
1
2878 20
1
2879 115
1
2880 148
0
1
2881 199
1
2882 152
1
2883 44
0
0
1
2884 30
0
0
1
2885 295
0
1
2886 236
0
1
2887 38
0
1
2888 262
1
2889 267
1
2890 270
1
2891 208
1
2892 156
1
2893 131
1
2894 190
1
2895 258
0
1
2896 248
1
2897 50
0
1
2898 279
1
2899 130
1
2900 45
1
2901 44
1
2902 16
0
1
2903 138
1
2904 59
1
2905 282
1
2906 260
1
2907 131
1
2908 26
1
2909 260
0
0
1
2910 115
1
2911 166
1
2912 74
0
1
2913 101
1
2914 32
0
1
2915 189
0
0
0
1
2916 45
0
1
2917 214
1
2918 50
1
2919 276
1
2920 191
0
0
1
2921 66
0
0
1
2922 148
1
2923 102
0
1
2924 46
1
2925 175
1
2926 99
1
2927 72
0
1
2928 277
1
2929 302
1
2930 48
0
1
2931 300
1
2932 242
1
2933 76
1
2934 210
0
0
1
2935 211
1
2936 154
0
0
1
2937 46
1
2938 221
1
2939 73
1
2940 232
1
2941 238
1
2942 114
1
2943 75
1
2944 67
0
1
2945 231
1
2946 121
0
0
1
2947 222
0
1
2948 30
1
2949 241
0
0
1
2950 219
0
1
2951 324
1
2952 240
1
2953 274
1
2954 16
1
2955 53
1
2956 166
1
2957 213
1
2958 289
1
2959 263
1
2960 237
0
1
2961 52
1
2962 33
1
2963 316
1
2964 329
1
2965 158
0
0
1
2966 36
0
1
2967 38
1
2968 230
0
1
2969 215
0
1
2970 157
1
2971 56
1
2972 131
0
1
2973 269
0
0
1
2974 225
0
1
2975 310
0
1
2976 259
1
2977 144
1
2978 157
0
1
2979 9
0
1
2980 235
1
2981 322
1
2982 138
0
1
2983 36
1
2984 29
1
2985 220
1
2986 84
1
2987 141
1
2988 60
0
1
2989 29
1
2990 270
1
2991 88
0
0
0
0
1
2992 87
0
1
2993 186
1
2994 307
0
1
2995 279
0
1
2996 229
0
0
1
2997 63
0
1
2998 315
1
2999 322
1
3000 45
1
3001 337
0
0
1
3002 237
0
0
1
3003 126
1
3004 114
0
1
3005 150
1
3006 220
1
3007 307
1
3008 242
1
3009 198
1
3010 215
1
3011 64
1
3012 81
1
3013 310
0
1
3014 218
1
3015 241
1
3016 141
1
3017 29
0
1
3018 33
1
3019 273
1
3020 135
1
3021 58
0
0
0
1
3022 326
1
3023 111
1
3024 94
1
3025 24
1
3026 289
1
3027 158
0
0
0
0
1
3028 244
0
0
1
3029 190
1
3030 59
1
3031 193
0
0
1
3032 246
1
3033 97
1
3034 137
0
1
3035 234
1
3036 125
1
3037 33
1
3038 237
1
3039 107
1
3040 47
1
3041 148
1
3042 10
1
3043 80
1
3044 70
1
3045 276
0
1
3046 274
0
1
3047 114
0
1
3048 76
1
3049 268
1
3050 32
1
3051 309
1
3052 55
0
1
3053 86
0
0
1
3054 278
1
3055 301
0
1
3056 318
1
3057 229
1
3058 67
0
0
1
3059 159
0
1
3060 152
1
3061 124
0
1
3062 172
0
1
3063 293
1
3064 2
1
3065 289
1
3066 204
1
3067 301
1
3068 212
1
3069 234
1
3070 215
1
3071 294
1
3072 151
0
1
3073 241
1
3074 274
1
3075 288
1
3076 293
1
3077 244
1
3078 151
1
3079 160
1
3080 138
1
3081 176
0
1
3082 268
1
3083 36
0
1
3084 159
1
3085 319
1
3086 260
1
3087 42
0
1
3088 148
1
3089 322
0
1
3090 142
1
3091 230
1
3092 40
1
3093 34
1
3094 206
0
0
0
1
3095 144
1
3096 29
1
3097 65
1
3098 288
0
0
0
1
3099 123
1
3100 276
1
3101 235
1
3102 298
0
0
0
1
3103 271
0
0
1
3104 137
1
3105 59
1
3106 111
0
1
3107 9
0
1
3108 204
0
0
1
3109 329
1
3110 76
1
3111 182
1
3112 54
1
3113 301
1
3114 62
1
3115 208
0
1
3116 242
1
3117 304
1
3118 232
0
1
3119 277
1
3120 23
1
3121 337
1
3122 166
1
3123 117
1
3124 258
0
1
3125 126
0
0
0
1
3126 255
0
1
3127 327
0
1
3128 53
0
0
1
3129 332
0
0
1
3130 38
1
3131 335
0
1
3132 63
1
3133 177
1
3134 329
0
1
3135 258
1
3136 46
1
3137 115
0
0
0
1
3138 111
1
3139 65
0
0
0
1
3140 43
0
1
3141 141
1
3142 61
0
1
3143 19
1
3144 164
1
3145 187
1
3146 238
1
3147 157
0
0
1
3148 217
1
3149 63
0
1
3150 326
0
0
1
3151 52
1
3152 241
0
1
3153 275
1
3154 101
1
3155 16
1
3156 55
0
0
0
1
3157 11
0
1
3158 271
0
1
3159 265
1
3160 33
1
3161 319
1
3162 129
0
1
3163 276
0
0
1
3164 60
1
3165 94
0
1
3166 118
0
0
1
3167 164
1
3168 59
0
0
0
0
1
3169 254
0
1
3170 178
1
3171 53
1
3172 157
0
1
3173 244
1
3174 229
0
0
1
3175 164
1
3176 203
0
1
3177 43
1
3178 247
1
3179 32
0
1
3180 17
1
3181 302
1
3182 116
1
3183 17
0
0
1
3184 184
1
3185 33
0
0
1
3186 39
1
3187 212
1
3188 102
1
3189 48
0
1
3190 196
0
1
3191 301
1
3192 162
0
0
1
3193 332
1
3194 92
1
3195 31
0
1
3196 142
1
3197 289
0
0
1
3198 129
0
1
3199 334
1
3200 110
1
3201 162
1
3202 228
1
3203 184
0
1
3204 84
1
3205 266
1
3206 237
0
0
0
1
3207 330
0
1
3208 332
1
3209 304
1
3210 257
1
3211 56
1
3212 83
1
3213 272
1
3214 268
0
1
3215 263
0
1
3216 101
0
0
1
3217 137
1
3218 248
0
0
1
3219 60
1
3220 98
1
3221 206
1
3222 116
0
1
3223 152
0
1
3224 180
1
3225 156
1
3226 153
1
3227 299
1
3228 333
1
3229 169
1
3230 285
0
1
3231 126
0
1
3232 81
0
1
3233 17
1
3234 10
0
1
3235 301
0
0
1
3236 189
0
1
3237 301
1
3238 195
1
3239 244
0
0
0
0
1
3240 224
0
1
3241 15
1
3242 174
0
1
3243 50
1
3244 48
1
3245 315
0
1
3246 131
0
1
3247 60
1
3248 202
1
3249 3
1
3250 286
1
3251 211
1
3252 71
1
3253 98
1
3254 29
0
1
3255 335
0
1
3256 44
1
3257 5
1
3258 96
1
3259 271
1
3260 187
1
3261 241
1
3262 47
0
0
1
3263 163
1
3264 106
1
3265 247
1
3266 217
0
1
3267 3
1
3268 19
1
3269 2
1
3270 305
1
3271 29
1
3272 253
0
1
3273 33
1
3274 303
0
1
3275 240
0
0
1
3276 106
1
3277 102
1
3278 166
0
1
3279 32
1
3280 326
1
3281 63
0
0
0
1
3282 173
1
3283 57
0
0
0
0
0
1
3284 180
0
0
1
3285 106
1
3286 132
1
3287 169
0
1
3288 191
1
3289 147
0
0
1
3290 288
1
3291 17
0
1
3292 206
1
3293 223
1
3294 300
0
0
0
1
3295 288
0
1
3296 31
1
3297 179
0
1
3298 157
0
1
3299 89
1
3300 327
1
3301 53
0
0
0
1
3302 198
0
1
3303 327
0
0
1
3304 304
1
3305 102
0
1
3306 172
1
3307 127
0
0
1
3308 165
1
3309 163
1
3310 66
1
3311 76
1
3312 304
1
3313 47
0
0
0
0
1
3314 239
0
1
3315 55
1
3316 247
0
0
1
3317 89
1
3318 254
1
3319 123
0
1
3320 32
1
3321 26
1
3322 92
1
3323 186
1
3324 99
0
0
1
3325 109
0
0
1
3326 241
1
3327 73
1
3328 13
0
1
3329 78
0
1
3330 273
1
3331 94
1
3332 254
1
3333 296
0
0
1
3334 58
1
3335 119
1
3336 221
1
3337 169
1
3338 175
1
3339 293
1
3340 13
0
1
3341 277
0
1
3342 165
1
3343 77
0
1
3344 148
0
1
3345 83
0
0
1
3346 186
1
3347 173
0
1
3348 334
1
3349 281
1
3350 334
0
0
0
1
3351 167
0
1
3352 137
0
1
3353 114
1
3354 63
1
3355 324
0
0
0
1
3356 311
1
3357 78
1
3358 336
1
3359 335
0
1
3360 141
1
3361 179
1
3362 321
1
3363 322
1
3364 120
0
1
3365 16
0
1
3366 158
0
1
3367 108
1
3368 242
1
3369 254
0
1
3370 333
1
3371 36
0
1
3372 157
1
3373 82
1
3374 69
1
3375 257
0
0
1
3376 284
1
3377 111
1
3378 191
1
3379 23
0
1
3380 281
1
3381 42
0
0
1
3382 10
1
3383 261
0
0
0
1
3384 178
0
0
0
0
0
1
3385 152
1
3386 127
0
1
3387 322
0
0
1
3388 40
1
3389 48
1
3390 76
1
3391 170
0
1
3392 206
0
0
0
0
1
3393 208
1
3394 243
1
3395 147
0
1
3396 116
1
3397 12
0
0
1
3398 173
1
3399 326
0
1
3400 310
0
1
3401 59
1
3402 167
0
0
0
1
3403 120
1
3404 88
0
1
3405 210
0
0
1
3406 306
0
0
1
3407 140
0
1
3408 166
0
0
1
3409 257
1
3410 317
1
3411 187
1
3412 9
1
3413 254
1
3414 2
0
1
3415 21
1
3416 145
1
3417 15
1
3418 220
1
3419 163
0
0
1
3420 104
1
3421 295
0
1
3422 66
0
1
3423 161
1
3424 115
0
1
3425 166
0
1
3426 228
1
3427 287
0
1
3428 25
0
1
3429 316
1
3430 37
1
3431 241
1
3432 274
0
1
3433 21
1
3434 131
1
3435 55
1
3436 235
0
1
3437 220
1
3438 125
1
3439 74
1
3440 94
1
3441 32
1
3442 30
1
3443 269
0
0
1
3444 308
0
0
1
3445 49
0
1
3446 332
1
3447 242
0
1
3448 10
0
1
3449 186
1
3450 230
1
3451 234
1
3452 278
1
3453 319
1
3454 138
0
0
0
0
1
3455 33
0
1
3456 244
1
3457 66
1
3458 46
0
1
3459 143
1
3460 276
1
3461 210
1
3462 82
0
1
3463 130
1
3464 284
0
0
0
1
3465 273
0
1
3466 300
1
3467 69
0
0
1
3468 311
0
1
3469 232
1
3470 118
1
3471 302
1
3472 315
0
1
3473 53
1
3474 324
1
3475 143
1
3476 215
1
3477 278
0
0
0
1
3478 125
1
3479 304
1
3480 334
0
0
1
3481 184
1
3482 221
0
1
3483 107
1
3484 210
0
1
3485 183
0
1
3486 307
0
1
3487 209
1
3488 191
1
3489 33
1
3490 74
0
1
3491 37
1
3492 167
1
3493 25
1
3494 317
1
3495 30
1
3496 306
0
1
3497 10
0
1
3498 309
1
3499 42
1
3500 245
1
3501 184
0
0
0
0
1
3502 265
1
3503 334
0
0
0
1
3504 18
1
3505 188
1
3506 73
1
3507 119
0
0
1
3508 269
0
0
1
3509 273
1
3510 59
1
3511 260
1
3512 164
0
0
1
3513 195
1
3514 322
0
1
3515 139
0
1
3516 190
1
3517 301
1
3518 119
0
0
0
1
3519 95
1
3520 180
0
0
1
3521 281
1
3522 33
1
3523 47
0
0
1
3524 44
0
0
1
3525 128
1
3526 198
1
3527 307
0
1
3528 103
0
1
3529 152
1
3530 322
1
3531 293
1
3532 263
1
3533 48
0
0
0
0
1
3534 189
1
3535 102
0
1
3536 68
0
1
3537 13
1
3538 304
1
3539 36
1
3540 194
0
0
0
0
0
0
0
0
0
0
1
3541 306
0
1
3542 259
1
3543 325
0
1
3544 222
0
1
3545 109
1
3546 119
0
1
3547 214
1
3548 230
1
3549 290
1
3550 181
0
0
0
0
1
3551 296
0
0
1
3552 326
1
3553 332
1
3554 262
0
1
3555 241
0
1
3556 197
0
1
3557 312
1
3558 69
1
3559 57
0
0
0
0
1
3560 41
0
1
3561 100
0
0
1
3562 16
1
3563 79
0
0
1
3564 195
0
0
1
3565 158
1
3566 61
0
1
3567 170
0
1
3568 86
0
1
3569 206
1
3570 53
1
3571 301
0
0
1
3572 64
1
3573 163
0
1
3574 317
1
3575 180
1
3576 304
0
0
1
3577 218
0
1
3578 229
0
1
3579 309
0
0
0
1
3580 336
1
3581 234
1
3582 111
0
1
3583 159
0
1
3584 34
1
3585 237
0
0
1
3586 44
0
0
1
3587 203
1
3588 156
1
3589 247
1
3590 32
0
1
3591 129
1
3592 94
1
3593 187
0
0
0
0
0
1
3594 228
1
3595 107
1
3596 58
1
3597 82
1
3598 179
1
3599 55
1
3600 82
0
1
3601 143
0
0
0
1
3602 41
1
3603 106
0
1
3604 291
1
3605 73
1
3606 181
0
1
3607 254
0
1
3608 131
1
3609 81
1
3610 130
0
0
1
3611 121
1
3612 118
1
3613 178
1
3614 25
0
0
1
3615 240
0
1
3616 161
0
1
3617 147
1
3618 62
0
1
3619 31
1
3620 242
0
0
1
3621 41
1
3622 305
0
0
1
3623 271
0
1
3624 49
1
3625 233
1
3626 142
1
3627 233
1
3628 185
0
1
3629 19
0
1
3630 8
1
3631 20
0
1
3632 240
0
1
3633 2
1
3634 38
1
3635 310
1
3636 2
1
3637 238
1
3638 110
0
1
3639 317
0
1
3640 224
0
1
3641 86
0
1
3642 110
0
0
1
3643 229
1
3644 335
1
3645 215
1
3646 329
0
0
0
1
3647 35
0
1
3648 259
0
1
3649 82
0
1
3650 241
1
3651 21
0
1
3652 225
1
3653 243
1
3654 310
0
0
1
3655 330
1
3656 29
1
3657 74
0
1
3658 215
1
3659 116
0
1
3660 144
1
3661 201
0
0
1
3662 239
1
3663 195
1
3664 233
1
3665 99
0
1
3666 3
1
3667 197
1
3668 92
0
1
3669 318
1
3670 336
0
0
0
1
3671 68
1
3672 47
0
0
1
3673 242
1
3674 32
0
0
1
3675 33
0
0
0
0
1
3676 37
0
1
3677 311
0
1
3678 325
1
3679 173
0
0
0
1
3680 333
1
3681 198
1
3682 251
1
3683 266
1
3684 30
1
3685 269
1
3686 38
0
0
1
3687 193
0
0
1
3688 123
0
1
3689 32
1
3690 50
1
3691 71
1
3692 301
1
3693 26
0
0
0
1
3694 105
1
3695 268
1
3696 13
1
3697 128
0
0
0
1
3698 295
0
1
3699 170
1
3700 163
1
3701 322
0
0
0
0
1
3702 132
0
1
3703 31
1
3704 32
1
3705 115
0
0
0
0
1
3706 322
0
1
3707 24
0
0
0
1
3708 308
0
0
0
1
3709 228
1
3710 334
0
0
0
1
3711 326
0
1
3712 35
1
3713 43
1
3714 280
1
3715 188
1
3716 29
0
0
0
1
3717 71
1
3718 33
0
0
1
3719 165
1
3720 239
1
3721 26
1
3722 68
1
3723 44
1
3724 74
0
0
0
1
3725 75
0
1
3726 265
1
3727 99
0
1
3728 151
0
1
3729 40
1
3730 237
1
3731 169
1
3732 288
1
3733 151
1
3734 148
1
3735 295
1
3736 26
1
3737 300
1
3738 130
0
1
3739 104
0
1
3740 42
0
1
3741 229
0
0
0
0
0
0
1
3742 254
0
0
0
0
0
1
3743 94
1
3744 312
0
1
3745 138
0
0
1
3746 310
0
0
1
3747 136
1
3748 14
0
0
0
0
0
0
0
1
3749 119
0
0
1
3750 135
0
1
3751 186
0
0
0
0
1
3752 195
1
3753 298
1
3754 330
0
0
0
0
0
1
3755 33
1
3756 288
0
1
3757 53
1
3758 268
0
0
0
1
3759 157
1
3760 244
0
0
0
0
0
1
3761 109
1
3762 130
0
0
1
3763 78
1
3764 234
1
3765 23
0
0
0
1
3766 190
0
0
1
3767 191
0
0
1
3768 73
0
0
0
1
3769 262
0
1
3770 77
1
3771 263
0
0
1
3772 293
0
0
1
3773 151
1
3774 328
0
0
0
0
1
3775 184
0
1
3776 54
1
3777 159
1
3778 111
1
3779 221
1
3780 137
0
0
0
1
3781 70
0
1
3782 43
1
3783 258
1
3784 221
1
3785 57
1
3786 188
0
1
3787 324
0
1
3788 198
1
3789 10
0
1
3790 294
1
3791 265
1
3792 243
0
0
1
3793 70
0
0
0
0
1
3794 235
0
0
0
1
3795 272
1
3796 104
1
3797 24
1
3798 2
1
3799 30
1
3800 123
0
0
1
3801 294
0
1
3802 319
0
0
0
0
0
1
3803 286
0
0
0
1
3804 336
0
0
1
3805 271
0
1
3806 3
1
3807 84
1
3808 23
1
3809 183
0
0
0
1
3810 320
0
0
0
1
3811 132
1
3812 251
0
0
1
3813 322
0
1
3814 206
0
1
3815 162
1
3816 289
0
1
3817 31
0
0
0
1
3818 229
1
3819 121
0
1
3820 127
0
1
3821 238
1
3822 120
0
1
3823 283
1
3824 96
1
3825 209
1
3826 15
0
1
3827 115
1
3828 160
1
3829 37
0
0
1
3830 164
0
1
3831 214
0
0
0
0
0
0
1
3832 330
1
3833 255
0
0
0
0
0
1
3834 34
1
3835 129
1
3836 191
1
3837 104
0
0
0
0
1
3838 176
1
3839 69
1
3840 161
1
3841 113
0
1
3842 78
1
3843 241
0
1
3844 43
1
3845 244
1
3846 209
1
3847 219
0
1
3848 286
0
1
3849 242
1
3850 272
1
3851 286
0
0
0
0
1
3852 10
1
3853 234
0
0
1
3854 116
0
0
0
1
3855 332
0
0
0
0
1
3856 254
1
3857 251
0
1
3858 329
1
3859 160
0
0
0
0
0
1
3860 315
0
0
0
1
3861 95
0
0
0
1
3862 66
0
1
3863 245
1
3864 20
1
3865 293
0
0
1
3866 139
1
3867 80
0
0
0
1
3868 239
1
3869 219
1
3870 55
0
0
0
0
0
0
1
3871 277
1
3872 245
1
3873 308
1
3874 128
0
0
0
0
1
3875 34
0
0
0
0
1
3876 123
0
0
1
3877 299
1
3878 218
0
1
3879 217
0
1
3880 98
1
3881 206
0
0
1
3882 13
1
3883 116
0
0
1
3884 273
1
3885 214
0
0
1
3886 273
1
3887 192
1
3888 242
0
0
0
1
3889 262
0
0
1
3890 23
0
1
3891 161
1
3892 2
1
3893 218
0
1
3894 226
1
3895 134
1
3896 95
1
3897 221
0
1
3898 226
0
1
3899 242
0
0
1
3900 109
0
0
1
3901 41
0
0
0
1
3902 162
1
3903 79
0
0
1
3904 320
1
3905 80
0
1
3906 229
1
3907 139
1
3908 133
0
0
0
1
3909 3
0
1
3910 184
1
3911 57
1
3912 122
1
3913 295
0
0
0
1
3914 229
0
1
3915 47
0
1
3916 275
0
1
3917 319
1
3918 147
0
1
3919 85
1
3920 325
0
0
1
3921 150
1
3922 182
1
3923 205
0
1
3924 45
0
0
0
0
1
3925 73
0
0
0
0
0
0
1
3926 197
1
3927 316
0
1
3928 143
1
3929 235
1
3930 203
0
0
0
0
0
1
3931 242
0
1
3932 41
0
0
1
3933 309
0
0
1
3934 325
0
0
0
0
0
0
1
3935 109
0
1
3936 196
0
1
3937 140
1
3938 302
0
0
0
0
1
3939 257
1
3940 162
0
1
3941 16
0
0
0
0
0
1
3942 94
0
1
3943 174
0
0
0
0
0
0
0
0
0
0
0
0
1
3944 204
0
1
3945 47
0
0
0
0
1
3946 118
0
0
1
3947 317
0
1
3948 242
0
0
1
3949 241
0
1
3950 76
0
1
3951 183
0
0
1
3952 53
1
3953 152
0
0
1
3954 200
1
3955 189
1
3956 55
0
1
3957 15
0
0
1
3958 246
1
3959 141
1
3960 43
1
3961 105
1
3962 2
0
1
3963 76
0
1
3964 331
0
1
3965 30
0
1
3966 336
1
3967 114
0
0
0
0
0
0
1
3968 162
1
3969 132
1
3970 239
0
1
3971 34
0
0
1
3972 237
1
3973 152
1
3974 270
0
1
3975 246
0
0
0
0
0
1
3976 295
1
3977 227
1
3978 215
1
3979 94
0
0
1
3980 269
0
0
1
3981 168
1
3982 29
0
0
1
3983 2
1
3984 32
0
0
0
0
1
3985 213
0
1
3986 322
0
0
0
1
3987 214
0
0
0
1
3988 243
1
3989 131
1
3990 54
0
0
1
3991 215
1
3992 70
0
1
3993 121
1
3994 86
1
3995 236
0
0
0
0
1
3996 37
1
3997 208
1
3998 151
0
0
0
0
1
3999 250
0
1
4000 154
0
1
4001 174
1
4002 95
0
0
1
4003 334
0
0
0
0
1
4004 113
0
0
0
0
0
1
4005 236
1
4006 220
1
4007 198
0
1
4008 265
0
1
4009 141
0
0
0
1
4010 135
1
4011 42
0
0
1
4012 5
0
1
4013 138
1
4014 129
1
4015 61
0
0
0
1
4016 296
1
4017 30
0
1
4018 259
0
1
4019 201
1
4020 64
0
0
1
4021 109
0
0
0
1
4022 10
0
0
0
1
4023 263
0
1
4024 207
1
4025 280
1
4026 173
1
4027 115
1
4028 221
0
1
4029 279
1
4030 73
0
1
4031 256
0
0
0
1
4032 215
0
1
4033 194
1
4034 184
1
4035 143
0
1
4036 259
0
0
1
4037 211
0
0
0
1
4038 9
1
4039 192
1
4040 39
0
0
1
4041 68
1
4042 160
0
0
0
1
4043 312
0
1
4044 159
1
4045 143
0
1
4046 26
0
0
0
0
1
4047 251
0
0
1
4048 171
0
1
4049 62
1
4050 337
0
0
1
4051 16
0
0
0
0
0
1
4052 127
0
1
4053 209
0
0
0
1
4054 276
1
4055 4
1
4056 5
0
1
4057 283
1
4058 222
0
1
4059 127
0
1
4060 255
0
1
4061 75
1
4062 174
0
0
1
4063 194
0
0
0
1
4064 47
1
4065 178
0
0
0
1
4066 324
1
4067 329
1
4068 229
0
1
4069 51
0
1
4070 207
1
4071 149
0
0
0
0
1
4072 76
1
4073 279
1
4074 121
0
1
4075 184
0
0
0
0
0
0
0
1
4076 147
0
0
0
0
0
0
1
4077 126
0
0
0
0
0
0
1
4078 260
0
0
0
1
4079 295
0
1
4080 337
0
0
0
1
4081 140
0
1
4082 295
0
1
4083 35
0
0
0
0
0
1
4084 62
1
4085 264
0
1
4086 285
0
1
4087 73
0
0
0
1
4088 162
0
0
0
1
4089 309
0
1
4090 31
1
4091 141
0
1
4092 216
0
1
4093 2
1
4094 293
0
1
4095 309
0
1
4096 316
0
1
4097 93
0
1
4098 303
0
1
4099 92
0
1
4100 242
1
4101 287
1
4102 80
0
0
0
1
4103 186
1
4104 328
0
0
1
4105 170
0
0
0
0
0
0
0
0
0
1
4106 21
0
1
4107 117
0
1
4108 189
0
0
1
4109 157
0
1
4110 135
0
1
4111 155
0
1
4112 309
1
4113 154
1
4114 274
0
1
4115 106
0
1
4116 120
0
0
1
4117 6
1
4118 305
0
1
4119 299
0
1
4120 15
1
4121 120
0
0
0
1
4122 190
0
0
1
4123 268
1
4124 118
1
4125 46
0
1
4126 41
1
4127 50
1
4128 323
0
0
1
4129 84
1
4130 254
0
0
1
4131 321
0
0
0
1
4132 39
0
1
4133 276
0
0
0
0
1
4134 63
1
4135 104
0
1
4136 163
1
4137 4
0
0
0
1
4138 229
1
4139 178
0
0
0
0
0
0
0
0
1
4140 224
0
0
0
1
4141 137
1
4142 253
1
4143 236
1
4144 114
1
4145 109
0
0
0
1
4146 210
1
4147 20
0
0
1
4148 293
0
1
4149 53
0
0
0
0
0
1
4150 184
1
4151 327
0
0
0
0
0
1
4152 295
1
4153 287
0
1
4154 159
1
4155 147
0
0
0
0
1
4156 152
1
4157 55
0
0
1
4158 327
0
0
0
0
1
4159 191
0
0
0
0
0
1
4160 326
1
4161 182
0
1
4162 166
1
4163 270
0
1
4164 24
0
0
1
4165 156
0
0
0
0
0
1
4166 151
1
4167 153
1
4168 29
0
0
0
0
1
4169 180
1
4170 10
0
1
4171 118
0
1
4172 253
1
4173 296
0
0
0
1
4174 86
0
0
1
4175 254
0
0
1
4176 18
1
4177 72
0
0
0
1
4178 197
1
4179 10
1
4180 229
0
0
0
0
0
0
1
4181 229
1
4182 304
0
1
4183 330
1
4184 67
1
4185 242
0
1
4186 215
0
0
0
1
4187 35
0
0
0
1
4188 125
1
4189 190
1
4190 293
1
4191 176
0
1
4192 216
0
0
1
4193 23
0
0
1
4194 242
0
0
0
0
1
4195 167
1
4196 160
1
4197 35
0
0
1
4198 47
1
4199 163
1
4200 147
1
4201 169
0
0
0
0
0
1
4202 130
0
1
4203 155
1
4204 16
0
0
1
4205 72
0
0
0
0
1
4206 126
0
1
4207 322
1
4208 70
0
1
4209 308
1
4210 150
1
4211 266
1
4212 287
1
4213 332
0
0
1
4214 275
1
4215 160
0
0
0
0
1
4216 179
0
0
1
4217 284
1
4218 82
0
0
1
4219 223
0
0
1
4220 186
0
1
4221 64
0
1
4222 227
0
0
1
4223 221
0
1
4224 3
0
0
0
0
0
1
4225 183
0
0
0
0
1
4226 218
0
0
0
0
0
0
0
1
4227 207
1
4228 125
1
4229 91
0
0
1
4230 129
0
0
1
4231 333
0
0
1
4232 40
1
4233 12
0
1
4234 229
1
4235 326
1
4236 42
0
0
0
1
4237 275
0
1
4238 153
1
4239 90
1
4240 229
0
0
1
4241 179
1
4242 119
0
0
0
1
4243 322
1
4244 143
0
1
4245 140
1
4246 324
0
1
4247 33
0
1
4248 311
0
1
4249 296
0
0
0
0
1
4250 160
1
4251 311
0
1
4252 20
1
4253 123
0
0
0
0
0
0
0
0
1
4254 304
0
1
4255 33
0
1
4256 250
1
4257 328
1
4258 237
0
0
1
4259 184
0
0
0
1
4260 94
0
1
4261 234
1
4262 281
0
0
0
0
0
0
1
4263 162
0
0
0
1
4264 307
0
0
0
1
4265 279
1
4266 269
0
0
0
0
1
4267 111
0
1
4268 103
0
0
1
4269 250
0
0
0
0
0
1
4270 51
1
4271 143
0
0
0
0
0
0
0
0
0
1
4272 280
1
4273 161
1
4274 255
0
0
1
4275 187
0
1
4276 14
0
1
4277 148
0
0
0
1
4278 41
1
4279 53
0
0
1
4280 328
0
1
4281 181
0
1
4282 335
1
4283 277
1
4284 245
1
4285 164
0
0
0
0
0
0
1
4286 265
0
0
0
1
4287 218
0
0
0
0
0
0
0
0
0
0
0
1
4288 310
0
1
4289 25
1
4290 60
0
0
0
1
4291 169
0
1
4292 152
0
0
0
0
0
0
1
4293 173
0
1
4294 311
0
0
0
1
4295 210
1
4296 16
0
0
1
4297 278
1
4298 322
1
4299 29
0
0
0
0
0
0
1
4300 105
0
0
0
0
1
4301 287
0
0
0
1
4302 253
0
0
1
4303 53
0
0
0
1
4304 296
1
4305 129
0
1
4306 263
0
0
0
1
4307 145
0
1
4308 201
1
4309 51
0
0
1
4310 50
0
0
1
4311 125
1
4312 312
0
1
4313 235
1
4314 276
1
4315 224
1
4316 317
0
0
0
0
0
1
4317 35
0
0
1
4318 186
0
1
4319 52
0
0
1
4320 297
1
4321 28
0
1
4322 70
0
0
0
0
0
0
0
1
4323 35
0
1
4324 288
1
4325 29
1
4326 211
1
4327 120
0
0
0
1
4328 28
1
4329 94
0
0
1
4330 147
0
1
4331 335
1
4332 71
0
0
0
0
0
1
4333 330
0
1
4334 195
1
4335 243
1
4336 220
1
4337 237
0
0
0
0
0
0
0
0
0
1
4338 187
0
1
4339 154
0
0
1
4340 117
1
4341 174
0
0
0
0
1
4342 176
1
4343 141
1
4344 212
0
1
4345 315
0
0
0
1
4346 254
0
0
1
4347 27
0
1
4348 271
0
1
4349 9
0
1
4350 225
0
0
0
0
0
1
4351 57
1
4352 319
0
1
4353 184
1
4354 50
0
0
1
4355 243
1
4356 332
1
4357 285
0
0
0
0
1
4358 220
0
0
0
0
0
1
4359 92
0
1
4360 87
0
1
4361 70
0
0
0
0
0
0
1
4362 95
1
4363 242
0
0
0
0
0
1
4364 301
0
0
1
4365 295
0
0
0
0
0
0
0
0
0
0
0
0
0
0
0
1
4366 155
1
4367 322
1
4368 172
1
4369 129
1
4370 218
0
0
1
4371 19
0
0
0
0
1
4372 130
0
0
0
0
0
0
0
1
4373 194
0
0
1
4374 139
0
0
0
0
0
0
0
0
0
0
0
0
1
4375 180
1
4376 60
0
0
0
1
4377 268
1
4378 243
0
1
4379 4
0
0
1
4380 290
0
0
0
0
1
4381 75
1
4382 58
0
0
0
1
4383 222
1
4384 256
1
4385 150
0
0
0
0
0
1
4386 100
1
4387 68
0
0
0
0
0
1
4388 36
0
0
0
0
0
0
1
4389 206
1
4390 14
1
4391 307
0
0
1
4392 218
1
4393 214
0
0
0
1
4394 204
1
4395 115
0
1
4396 69
1
4397 146
0
1
4398 237
0
0
0
1
4399 48
0
0
0
1
4400 240
0
0
0
1
4401 221
0
1
4402 22
0
1
4403 288
0
0
0
0
0
0
1
4404 231
1
4405 197
0
0
0
0
0
0
0
0
0
1
4406 109
0
0
0
0
0
1
4407 47
1
4408 137
0
0
0
0
0
0
0
0
0
0
0
1
4409 245
1
4410 109
0
0
0
0
1
4411 303
0
1
4412 29
0
0
0
1
4413 306
0
0
1
4414 100
0
1
4415 91
0
1
4416 156
0
0
1
4417 28
0
0
0
1
4418 237
0
1
4419 240
0
0
0
0
1
4420 191
0
1
4421 279
0
0
0
0
0
1
4422 163
0
0
0
0
0
1
4423 306
1
4424 312
1
4425 201
0
0
0
0
0
1
4426 254
0
0
0
0
1
4427 327
1
4428 11
0
0
0
0
1
4429 80
0
0
0
0
1
4430 55
1
4431 299
1
4432 21
0
0
0
0
1
4433 336
0
0
0
0
0
0
0
0
1
4434 119
0
0
1
4435 199
1
4436 82
1
4437 319
0
1
4438 220
0
0
0
1
4439 136
0
0
0
0
0
0
0
0
1
4440 69
1
4441 308
0
0
0
0
0
1
4442 119
0
1
4443 328
0
0
0
0
0
0
0
0
1
4444 228
1
4445 41
1
4446 210
1
4447 260
1
4448 229
1
4449 205
0
1
4450 18
0
0
0
0
1
4451 217
0
0
0
0
0
0
0
0
0
0
1
4452 53
0
0
0
0
0
1
4453 73
0
0
0
0
0
1
4454 68
1
4455 11
0
0
0
0
0
0
0
1
4456 101
0
0
0
0
1
4457 281
0
1
4458 109
0
1
4459 297
1
4460 253
0
0
0
0
0
0
0
0
1
4461 100
1
4462 4
0
0
0
1
4463 107
1
4464 137
0
0
0
1
4465 222
0
0
0
0
0
0
0
1
4466 91
0
0
1
4467 63
0
0
1
4468 16
0
0
1
4469 221
0
0
1
4470 327
0
0
0
0
0
0
0
1
4471 248
0
0
0
0
1
4472 330
0
1
4473 113
0
1
4474 95
0
0
1
4475 328
1
4476 256
0
0
1
4477 324
0
0
0
1
4478 253
0
0
0
0
0
0
1
4479 40
0
0
0
0
0
0
1
4480 15
0
0
0
0
1
4481 192
0
0
0
1
4482 280
1
4483 277
0
1
4484 258
0
0
0
1
4485 29
1
4486 254
1
4487 120
0
0
0
0
0
0
1
4488 158
0
0
0
0
0
0
0
0
1
4489 232
1
4490 50
1
4491 153
0
0
1
4492 124
0
1
4493 297
1
4494 215
1
4495 243
0
0
0
0
0
0
0
0
0
1
4496 212
0
1
4497 322
1
4498 301
0
1
4499 26
0
0
0
0
0
0
0
1
4500 173
0
0
0
1
4501 179
0
0
0
0
1
4502 220
0
1
4503 53
1
4504 222
0
0
0
0
1
4505 243
0
1
4506 142
1
4507 28
0
0
0
0
0
0
1
4508 41
0
0
0
0
1
4509 292
0
0
1
4510 161
0
0
0
0
0
0
0
0
0
1
4511 52
0
1
4512 258
0
0
0
1
4513 255
0
0
0
0
0
0
0
1
4514 138
1
4515 263
1
4516 194
0
0
0
0
0
1
4517 185
1
4518 174
0
0
0
1
4519 78
1
4520 68
0
1
4521 319
1
4522 294
0
0
0
1
4523 285
1
4524 312
1
4525 332
0
1
4526 264
0
0
0
0
0
1
4527 132
0
0
1
4528 304
0
0
0
0
0
0
0
0
0
0
0
1
4529 132
1
4530 303
1
4531 197
1
4532 273
0
0
0
0
0
1
4533 21
0
1
4534 316
0
0
1
4535 226
1
4536 173
1
4537 267
1
4538 145
0
0
0
1
4539 63
0
0
0
0
0
0
0
0
0
1
4540 33
0
0
1
4541 229
0
0
0
0
1
4542 316
0
0
0
0
0
1
4543 82
0
0
0
1
4544 145
0
0
0
0
0
0
1
4545 94
1
4546 119
0
0
0
0
0
0
0
0
0
1
4547 125
0
0
0
0
1
4548 297
0
0
0
0
0
0
0
1
4549 124
0
0
1
4550 221
0
0
0
0
0
0
0
0
0
0
0
0
0
0
0
0
0
0
0
1
4551 48
0
0
0
0
0
1
4552 205
1
4553 210
1
4554 301
0
0
1
4555 99
1
4556 322
0
0
0
0
1
4557 165
1
4558 61
0
0
1
4559 300
0
0
1
4560 177
0
0
0
0
1
4561 16
1
4562 259
0
1
4563 213
1
4564 320
0
0
0
0
0
1
4565 306
0
1
4566 111
0
0
0
0
1
4567 55
0
0
1
4568 12
1
4569 131
0
0
0
0
0
1
4570 26
0
1
4571 188
0
0
0
1
4572 193
0
0
0
0
0
0
0
0
1
4573 259
0
0
0
0
0
0
0
0
0
1
4574 234
0
0
0
1
4575 69
1
4576 47
0
1
4577 33
1
4578 133
1
4579 249
0
0
0
1
4580 19
1
4581 265
0
0
0
0
0
0
0
0
1
4582 277
0
1
4583 333
0
0
0
0
0
0
0
0
0
0
1
4584 36
0
0
0
0
1
4585 324
0
0
0
0
0
0
1
4586 2
0
1
4587 332
0
1
4588 36
0
0
1
4589 132
0
1
4590 208
0
0
0
1
4591 78
0
0
0
1
4592 216
1
4593 29
1
4594 322
0
0
0
0
0
0
1
4595 190
0
1
4596 274
0
0
0
0
0
0
0
0
0
1
4597 270
1
4598 39
0
0
0
1
4599 165
0
0
0
0
1
4600 141
0
0
0
0
0
1
4601 34
0
0
1
4602 123
1
4603 136
0
0
1
4604 52
0
0
0
0
0
0
1
4605 125
0
0
1
4606 81
0
0
0
0
1
4607 37
0
0
0
0
1
4608 276
0
0
0
0
1
4609 284
1
4610 232
1
4611 254
0
1
4612 252
0
1
4613 288
0
0
1
4614 322
0
0
1
4615 322
0
0
0
0
0
1
4616 202
0
0
0
0
0
1
4617 122
0
0
0
0
1
4618 97
0
0
0
0
0
0
0
1
4619 109
0
0
0
0
0
0
1
4620 323
1
4621 3
0
1
4622 104
1
4623 162
0
0
0
1
4624 202
0
0
1
4625 22
0
0
0
0
0
0
0
0
1
4626 130
0
0
0
0
0
1
4627 239
0
0
1
4628 191
0
0
0
0
0
0
0
0
0
1
4629 173
0
0
0
0
0
0
0
0
0
0
0
0
1
4630 277
0
0
0
0
0
0
0
0
1
4631 311
0
0
0
0
1
4632 195
0
0
0
1
4633 85
0
1
4634 333
0
0
0
0
0
0
0
1
4635 232
0
0
0
1
4636 171
0
1
4637 212
0
1
4638 140
0
0
0
1
4639 221
0
1
4640 247
1
4641 327
0
0
0
1
4642 169
1
4643 287
0
0
0
1
4644 327
0
0
0
1
4645 175
0
0
0
0
0
0
1
4646 79
0
0
1
4647 209
0
1
4648 232
0
1
4649 142
0
0
0
0
1
4650 304
0
1
4651 80
0
0
0
0
1
4652 307
0
0
0
1
4653 139
0
0
0
1
4654 258
0
0
0
0
0
0
0
0
1
4655 166
0
0
1
4656 194
1
4657 280
0
0
0
0
0
0
0
0
0
0
0
1
4658 317
0
0
0
0
0
0
0
1
4659 283
1
4660 119
0
0
0
0
0
0
0
0
0
0
0
0
0
0
1
4661 238
0
1
4662 172
0
1
4663 193
0
1
4664 53
0
0
1
4665 154
0
1
4666 91
0
0
0
0
1
4667 111
0
0
0
0
1
4668 281
0
1
4669 184
0
0
0
0
0
0
1
4670 304
0
0
1
4671 277
1
4672 21
0
1
4673 208
1
4674 43
0
0
1
4675 258
0
0
0
1
4676 32
1
4677 63
0
1
4678 296
0
0
0
0
1
4679 282
1
4680 183
0
0
0
1
4681 152
0
0
0
0
0
0
1
4682 307
0
0
0
1
4683 170
1
4684 302
0
0
0
0
0
0
0
0
0
0
1
4685 309
0
0
0
1
4686 277
0
0
0
0
1
4687 155
0
0
0
0
0
0
0
0
0
0
0
0
0
0
0
0
0
1
4688 115
0
0
0
0
0
0
0
0
0
1
4689 325
0
0
0
0
0
0
0
0
0
1
4690 41
0
0
1
4691 290
0
0
0
0
0
0
0
0
0
0
1
4692 315
0
0
0
0
1
4693 273
0
0
1
4694 265
0
0
0
0
0
0
0
0
1
4695 302
0
0
0
0
0
0
1
4696 76
0
0
1
4697 239
0
0
0
0
0
0
0
0
1
4698 336
0
0
0
0
0
0
0
0
0
0
1
4699 194
0
0
1
4700 239
0
0
0
0
1
4701 263
1
4702 232
0
1
4703 148
0
0
1
4704 60
0
1
4705 62
0
0
0
0
1
4706 99
0
0
0
1
4707 65
0
0
0
1
4708 21
1
4709 153
0
1
4710 103
1
4711 336
0
0
0
0
0
0
1
4712 63
0
1
4713 233
0
0
0
1
4714 232
0
0
0
0
1
4715 33
0
0
1
4716 196
1
4717 136
1
4718 292
0
0
0
0
0
0
1
4719 69
0
0
0
0
0
0
0
0
0
0
0
0
0
0
1
4720 322
1
4721 119
0
0
0
0
0
0
0
0
0
0
0
0
1
4722 241
0
0
0
0
0
1
4723 262
1
4724 328
1
4725 264
0
1
4726 128
0
0
0
0
0
1
4727 23
1
4728 281
0
0
0
0
0
1
4729 172
0
0
0
0
0
0
0
0
0
0
0
0
0
0
0
0
0
0
0
0
0
0
1
4730 283
0
0
0
0
0
0
1
4731 92
0
0
0
0
0
0
1
4732 208
1
4733 172
0
0
0
0
0
0
0
0
0
0
0
0
0
0
0
0
0
0
0
0
0
1
4734 213
0
0
0
0
0
0
0
0
0
0
0
0
0
0
0
0
1
4735 184
0
0
0
0
0
0
0
0
1
4736 168
0
0
0
0
0
0
1
4737 50
0
0
1
4738 250
1
4739 268
0
0
0
0
0
0
0
1
4740 81
0
0
0
0
0
0
0
0
0
0
0
0
0
0
0
0
0
0
0
0
0
0
0
0
0
0
0
0
0
0
0
0
0
0
0
0
0
0
0
1
4741 330
0
0
0
0
0
0
0
0
0
0
1
4742 248
0
0
0
0
1
4743 186
0
0
0
0
0
0
0
0
0
0
0
0
0
0
0
0
0
0
0
0
1
4744 323
0
0
0
0
0
0
0
0
1
4745 211
0
0
0
0
0
0
0
0
0
0
0
0
0
1
4746 127
0
0
0
0
0
0
0
0
0
1
4747 94
0
0
0
0
0
0
0
0
0
1
4748 26
0
1
4749 251
0
0
0
0
0
0
1
4750 25
1
4751 54
1
4752 65
0
1
4753 6
0
0
0
1
4754 76
1
4755 132
0
0
0
0
0
0
0
0
1
4756 61
0
0
0
0
0
0
0
0
1
4757 92
0
0
0
0
1
4758 111
0
1
4759 50
0
0
0
0
0
0
1
4760 189
0
0
0
0
0
0
0
0
0
0
0
0
0
0
0
0
0
0
0
0
0
0
0
0
0
1
4761 133
0
0
0
0
0
0
0
0
0
0
0
0
1
4762 336
0
0
0
0
0
0
0
0
0
0
0
0
0
1
4763 139
0
0
0
0
0
0
0
0
0
0
0
0
0
0
0
0
0
0
0
0
0
0
1
4764 61
0
0
0
0
0
0
0
0
0
0
0
0
0
0
1
4765 242
0
0
0
0
0
0
0
0
0
0
1
4766 153
0
0
1
4767 2
0
0
0
0
1
4768 252
0
1
4769 198
0
1
4770 295
0
0
0
0
0
0
0
0
0
0
1
4771 127
0
0
1
4772 76
0
0
0
0
0
0
0
0
0
0
0
0
0
0
0
0
0
0
0
0
0
1
4773 82
0
0
0
0
0
0
0
0
0
0
0
0
0
0
0
0
0
0
0
0
0
0
0
1
4774 119
0
0
1
4775 32
0
0
0
0
0
0
0
0
0
0
0
0
0
0
0
0
0
0
0
1
4776 161
0
0
0
0
0
0
0
0
0
0
1
4777 32
0
0
0
0
0
0
0
0
0
0
0
0
0
0
0
0
0
0
0
0
0
0
0
0
0
0
0
0
0
0
0
0
0
0
0
0
1
4778 178
0
0
1
4779 241
0
0
0
0
0
0
1
4780 298
0
0
0
0
0
0
0
0
0
0
0
0
0
0
0
0
0
0
0
0
0
0
0
1
4781 107
0
0
0
0
0
0
0
0
0
1
4782 245
0
0
0
0
0
0
0
0
0
0
0
0
0
0
0
0
0
0
0
0
0
0
0
0
0
0
0
0
0
0
0
0
0
0
0
0
0
0
0
0
0
0
0
0
1
4783 290
0
0
0
0
0
0
0
0
0
0
0
0
1
4784 100
0
0
0
0
0
0
0
0
0
0
1
4785 322
0
0
0
0
0
0
0
0
0
0
0
0
0
0
1
4786 222
0
0
0
0
0
0
0
0
0
0
0
0
0
0
0
0
0
0
0
0
0
0
0
0
0
0
0
0
0
0
0
0
0
0
0
0
0
0
0
0
0
0
0
0
0
1
4787 179
0
0
1
4788 91
0
0
0
0
0
0
0
1
4789 43
0
0
1
4790 337
0
0
0
0
0
0
0
0
0
0
1
4791 171
0
0
0
0
0
0
0
0
0
0
0
0
0
0
0
0
0
0
0
0
0
0
0
0
0
0
0
1
4792 221
0
0
0
0
0
0
0
0
0
0
1
4793 271
0
0
0
1
4794 93
0
0
0
0
0
0
0
0
0
0
0
0
0
0
0
0
0
0
0
0
0
0
0
0
0
0
0
0
0
0
0
0
0
0
0
0
0
0
0
0
0
0
0
0
0
0
0
0
0
0
1
4795 228
0
0
0
0
0
0
0
0
0
0
0
0
0
0
0
0
0
0
0
0
0
1
4796 43
0
1
4797 122
0
0
0
0
0
0
0
0
0
0
0
0
0
0
0
0
0
0
0
0
0
1
4798 38
0
0
0
0
0
0
0
0
0
0
0
0
0
0
0
0
0
0
0
0
0
0
0
0
0
0
0
0
0
0
0
0
0
0
0
0
0
0
0
0
0
0
0
0
0
0
0
0
0
0
0
1
4799 17
0
0
0
0
0
0
0
0
0
0
0
0
0
0
0
0
0
0
0
0
0
0
0
0
0
0
0
0
0
0
0
0
0
0
0
0
0
0
0
0
0
0
0
0
0
0
0
0
0
0
0
0
0
0
0
0
0
0
0
0
0
0
0
0
0
0
1
4800 113
0
0
0
0
0
0
0
0
0
0
0
0
0
0
0
0
0
0
0
0
0
0
0
0
0
0
0
0
0
0
0
0
0
0
0
0
0
0
0
1
4801 104
0
0
0
0
0
0
0
0
0
0
0
0
0
0
0
0
0
0
0
0
0
0
0
0
0
0
0
0
0
0
0
0
0
0
0
0
0
0
0
0
0
0
0
0
0
0
0
0
0
0
0
0
0
0
0
0
0
0
0
0
0
0
0
0
0
0
0
0
0
0
0
0
0
0
0
0
0
0
0
0
0
0
0
0
0
0
0
0
0
0
0
0
0
0
0
0
0
0
0
0
0
0
0
0
0
0
0
0
0
0
0
0
0
0
0
0
0
0
0
0
0
0
0
0
0
0
0
0
0
0
0
0
0
0
0
0
0
0
0
0
0
0
0
0
0
0
0
0
0
0
0
0
0
0
0
0
0
0
0
0
0
0
0
0
0
0
0
0
0
0
0
0
0
0
0
0
0
0
0
0
0
0
0
0
0
0
0
0
0
0
0
0
0
0
0
0
0
0
0
0
0
0
0
0
0
0
0
0
0
0
0
0
0
0
0
0
0
0
0
0
0
0
0
0
0
0
0
0
0
0
0
0
0
0
0
0
0
0
0
0
0
0
0
0
0
0
0
0
0
0
0
0
0
0
0
0
0
0
0
0
0
0
0
0
0
0
0
0
0
0
0
0
0
0
0
0
0
0
0
0
0
0
0
0
0
0
0
0
0
0
0
0
0
0
0
0
0
0
0
0
0
0
0
0
0
0
0
0
0
0
0
0
0
0
0
0
0
0
0
0
0
0
0
0
0
0
0
0
0
0
0
0
0
0
0
0
0
0
0
0
0
0
0
0
0
0
0
0
0
0
0
0
0
0
0
0
0
0
0
0
0
0
0
0
0
0
0
0
0
0
0
0
0
0
0
0
0
0
0
0
0
0
0
0
0
0
0
0
0
0
0
0
0
0
0
0
0
0
0
0
0
0
0
0
0
0
0
0
0
0
0
0
0
0
0
0
0
0
0
0
0
0
0
0
0
0
0
0
0
0
0
0
0
0
0
0
0
0
0
0
0
0
0
0
0
0
0
0
0
0
0
0
0
0
0
0
0
0
0
0
0
0
0
0
0
0
0
0
0
0
0
0
0
0
0
0
0
0
0
0
0
0
0
0
0
0
0
0
0
0
0
0
0
0
0
0
0
0
0
0
0
0
0
0
0
0
0
0
0
0
0
0
0
0
0
0
0
0
0
0
0
0
0
0
0
0
0
0
0
0
0
0
0
0
0
0
0
0
0
0
0
0
0
0
0
0
0
0
0
0
0
0
0
0
0
0
0
0
0
0
0
0
0
0
0
0
0
0
0
0
0
0
0
0
0
0
0
0
0
0
0
0
0
0
0
0
0
0
0
0
0
0
0
0
0
0
0
0
0
0
0
0
0
0
0
0
0
0
0
0
0
0
0
0
0
0
0
0
0
0
0
0
0
0
0
0
0
0
0
0
0
0
0
0
0
