264 399
237 94 3
216 235 3
221 164 4
11 241 3
203 182 4
1 133 4
264 96 3
219 170 5
240 97 5
125 253 3
248 83 1
129 263 5
251 262 3
79 181 3
248 232 3
29 106 5
118 165 3
102 82 5
210 73 3
243 7 2
124 245 5
60 87 4
229 118 2
102 221 3
162 89 3
56 39 4
107 76 3
71 194 2
129 105 5
156 12 2
8 175 4
196 120 2
3 187 3
131 227 2
193 241 2
218 182 4
14 93 5
20 158 3
43 143 5
248 154 5
223 4 3
72 134 3
258 29 4
86 132 3
4 217 4
215 242 4
142 220 3
190 103 2
202 147 4
17 44 3
89 13 5
253 79 4
138 36 5
230 204 3
202 33 4
108 69 4
258 112 3
29 9 3
121 10 3
210 171 3
214 116 3
247 68 2
24 258 3
254 4 3
49 191 2
114 197 4
63 246 2
180 70 4
32 150 2
256 65 3
116 178 4
246 123 4
228 10 4
92 249 3
260 6 4
200 27 3
43 206 5
137 64 3
74 199 3
264 22 4
216 188 3
169 9 4
126 8 5
159 21 4
20 78 4
263 105 3
73 205 3
231 101 3
69 50 4
49 119 2
54 138 3
33 163 4
126 175 3
30 90 4
70 233 5
57 186 3
88 50 5
20 157 3
183 80 3
124 250 3
225 235 5
224 80 5
262 260 4
193 15 2
138 110 3
51 112 1
227 120 2
42 121 3
15 173 2
202 66 3
87 53 3
24 94 3
261 220 4
100 246 2
67 250 4
199 13 3
10 45 3
86 215 2
9 64 4
193 192 4
209 224 5
192 215 3
125 104 4
113 257 3
203 159 3
154 82 2
91 161 2
83 172 5
191 84 1
75 126 3
116 140 3
130 64 3
83 25 3
179 118 4
254 37 5
31 99 3
140 41 3
32 148 3
54 148 4
17 219 3
19 142 4
168 145 2
43 134 3
115 141 3
187 66 3
259 196 4
151 229 4
147 122 3
78 236 4
251 172 4
223 149 4
1 252 3
207 102 2
117 98 3
184 255 1
80 52 4
152 167 2
165 3 4
176 71 4
244 56 3
195 221 4
166 148 5
140 22 2
108 209 4
245 85 4
127 109 5
57 208 4
170 103 3
52 132 3
197 39 3
201 40 3
72 30 3
122 68 4
7 160 2
204 105 4
79 74 5
95 16 4
2 57 3
232 177 4
242 253 4
241 173 4
88 35 3
37 146 3
188 91 4
156 203 3
119 178 3
211 259 4
133 252 5
32 111 3
191 131 3
217 98 3
155 238 3
208 99 5
113 104 3
212 7 2
27 120 3
254 225 5
98 263 4
34 109 5
264 62 4
195 39 5
69 12 3
96 231 3
62 58 4
219 218 4
22 41 3
45 40 5
115 86 3
212 245 3
58 96 4
198 31 3
202 234 3
78 158 3
49 27 4
154 25 3
48 183 3
59 8 2
143 135 3
170 44 3
242 61 5
160 60 2
211 255 5
76 72 4
70 194 5
123 63 3
139 179 2
220 26 3
167 92 4
231 58 2
119 84 3
224 108 3
49 178 4
231 81 2
27 131 3
185 134 2
163 66 4
67 133 3
150 94 3
84 178 3
229 3 2
212 160 3
60 243 3
162 99 3
82 164 4
97 174 5
26 168 4
255 65 3
176 135 4
5 77 4
40 237 4
249 85 3
239 136 2
242 181 3
115 15 2
90 145 5
206 238 3
28 262 3
41 214 3
222 201 2
91 146 2
117 129 4
70 176 3
14 209 5
227 196 3
179 2 4
44 128 4
157 14 3
152 85 3
22 225 6
65 211 4
38 171 4
130 24 3
165 139 4
207 38 5
213 155 2
38 114 6
127 19 1
11 144 3
199 208 4
107 23 5
62 214 4
18 61 5
239 244 2
180 233 3
161 37 2
107 75 4
137 164 2
30 185 3
51 45 3
25 28 3
207 210 3
141 46 3
33 139 4
185 206 5
135 23 3
127 59 3
137 47 3
169 195 5
5 166 3
153 190 5
177 102 3
153 236 3
194 180 3
184 55 3
11 46 5
75 168 5
162 246 4
90 53 2
116 119 2
50 35 5
18 257 3
234 31 3
204 101 3
181 52 3
28 172 5
244 42 3
40 81 5
95 113 3
16 186 3
261 257 5
193 173 3
47 25 2
187 222 3
34 19 3
161 149 6
229 150 5
46 173 3
1 155 2
3 151 3
77 130 3
256 259 4
34 192 2
53 60 4
101 81 4
124 262 5
122 198 3
168 76 3
250 87 4
169 106 4
6 47 4
188 226 3
157 48 3
113 125 1
6 249 4
198 247 2
95 36 3
217 117 5
100 158 5
236 190 3
216 200 3
142 261 5
201 237 5
110 36 4
42 228 2
34 61 3
107 233 4
151 187 2
228 239 4
174 153 3
200 226 5
186 189 3
144 59 3
89 48 4
26 145 1
156 128 5
184 68 4
55 247 5
17 182 1
243 110 4
108 93 3
183 13 3
5 92 4
2 189 3
147 163 2
56 136 2
167 85 2
63 55 2
232 73 5
21 35 3
238 185 3
124 67 2
111 24 3
237 51 3
109 144 5
128 93 3
213 133 2
104 16 2
141 88 1
166 152 3
252 251 4
77 111 4
230 121 3
54 189 5
240 256 3
205 171 5
136 106 3
123 100 2
122 234 3
159 12 4
10000
0
0
0
0
0
0
0
0
0
0
0
0
0
0
0
0
1
1 165
0
1
2 135
0
0
0
0
0
0
0
0
0
0
0
0
0
0
0
0
0
0
0
0
0
0
0
0
0
0
0
0
0
0
0
0
0
0
1
3 96
0
0
0
1
4 66
0
0
0
0
1
5 159
0
0
0
0
0
0
1
6 104
0
0
0
0
0
0
0
0
0
0
0
0
0
0
0
0
0
0
0
0
0
0
0
1
7 110
0
0
0
0
0
0
1
8 32
0
0
0
1
9 187
0
0
1
10 193
0
0
0
0
0
1
11 223
0
1
12 225
0
0
0
0
0
0
0
0
1
13 99
1
14 141
1
15 235
0
0
0
0
0
0
0
0
0
0
1
16 135
0
1
17 7
0
1
18 29
0
1
19 242
0
0
0
1
20 160
1
21 55
0
0
0
1
22 92
0
0
0
0
0
0
0
0
0
0
0
0
1
23 171
0
1
24 28
0
0
0
0
1
25 59
0
1
26 197
0
0
1
27 125
0
1
28 145
0
1
29 13
0
0
0
0
0
0
0
0
0
1
30 71
0
0
0
0
0
0
1
31 29
0
0
0
0
0
0
1
32 182
0
1
33 32
0
1
34 258
0
1
35 119
1
36 260
0
0
1
37 215
1
38 110
0
0
1
39 264
0
0
0
0
1
40 110
1
41 179
0
1
42 97
0
0
1
43 79
0
0
1
44 23
0
0
1
45 133
1
46 23
0
0
0
0
0
0
0
1
47 247
1
48 264
0
0
0
0
1
49 237
0
0
1
50 58
0
1
51 156
0
0
1
52 92
0
0
0
0
0
1
53 24
0
1
54 129
1
55 259
1
56 181
0
1
57 133
0
1
58 177
0
1
59 92
0
1
60 181
0
0
0
0
0
1
61 86
0
0
0
1
62 51
0
0
0
0
0
1
63 64
0
0
1
64 216
0
0
1
65 15
0
1
66 133
1
67 12
0
0
1
68 63
0
0
1
69 101
0
0
1
70 132
0
1
71 170
1
72 108
0
0
1
73 105
1
74 17
0
0
1
75 100
0
1
76 9
0
1
77 89
1
78 193
0
1
79 229
1
80 182
0
1
81 2
1
82 229
0
1
83 42
1
84 48
0
1
85 41
1
86 77
0
0
0
1
87 86
0
1
88 163
1
89 190
1
90 226
1
91 218
0
0
0
1
92 208
1
93 163
0
1
94 76
1
95 249
0
1
96 20
0
1
97 9
0
1
98 44
1
99 11
0
0
0
1
100 209
1
101 34
1
102 2
1
103 223
1
104 117
1
105 116
1
106 52
1
107 113
1
108 151
0
1
109 119
1
110 62
0
1
111 63
1
112 75
1
113 241
1
114 65
1
115 179
1
116 27
1
117 187
1
118 48
0
0
1
119 223
1
120 59
0
0
1
121 24
1
122 146
1
123 199
1
124 97
1
125 258
1
126 158
1
127 255
1
128 5
1
129 207
1
130 237
1
131 258
0
1
132 196
0
1
133 17
1
134 185
0
1
135 33
1
136 176
1
137 228
1
138 192
1
139 189
1
140 33
1
141 133
1
142 216
1
143 125
1
144 19
0
1
145 167
1
146 133
1
147 208
1
148 128
0
0
1
149 227
0
1
150 134
1
151 140
1
152 207
0
1
153 121
0
1
154 133
1
155 62
1
156 114
1
157 129
1
158 178
0
0
0
1
159 90
1
160 229
0
0
0
1
161 148
1
162 8
1
163 135
1
164 138
0
1
165 112
1
166 204
1
167 20
0
1
168 50
1
169 210
0
1
170 257
1
171 46
1
172 162
0
1
173 111
0
0
1
174 100
1
175 218
1
176 188
1
177 41
0
1
178 227
0
1
179 209
1
180 47
1
181 134
1
182 217
0
0
1
183 212
1
184 222
1
185 249
1
186 161
1
187 156
0
0
0
0
1
188 150
1
189 76
1
190 249
1
191 110
0
1
192 3
1
193 248
1
194 58
1
195 56
1
196 202
0
1
197 176
0
1
198 177
1
199 115
0
1
200 35
1
201 101
1
202 45
1
203 111
1
204 240
0
0
1
205 229
1
206 172
0
1
207 186
1
208 255
1
209 54
1
210 179
0
1
211 209
1
212 19
1
213 132
1
214 34
1
215 232
1
216 198
1
217 186
0
0
1
218 116
0
1
219 245
1
220 45
1
221 178
1
222 162
1
223 88
1
224 62
1
225 195
1
226 263
1
227 245
1
228 39
1
229 97
1
230 17
1
231 161
1
232 252
1
233 98
0
1
234 253
1
235 67
1
236 11
1
237 167
1
238 134
1
239 179
1
240 15
1
241 102
1
242 30
1
243 82
1
244 223
0
1
245 166
1
246 150
1
247 242
1
248 197
1
249 242
1
250 43
1
251 15
1
252 58
1
253 115
1
254 85
1
255 51
0
0
1
256 76
0
1
257 23
1
258 253
1
259 56
1
260 39
1
261 130
1
262 85
1
263 139
1
264 240
0
1
265 12
1
266 18
1
267 126
1
268 15
1
269 23
0
1
270 5
0
1
271 64
1
272 5
1
273 90
1
274 258
1
275 182
1
276 69
1
277 79
1
278 224
1
279 254
1
280 60
1
281 253
1
282 38
1
283 129
1
284 149
1
285 188
1
286 56
1
287 140
1
288 75
1
289 10
1
290 14
1
291 88
1
292 211
1
293 108
1
294 45
0
1
295 24
0
0
1
296 214
1
297 243
1
298 134
1
299 86
1
300 242
1
301 69
1
302 160
1
303 88
1
304 136
1
305 193
0
1
306 123
1
307 106
1
308 196
1
309 130
1
310 227
1
311 42
1
312 247
1
313 108
1
314 221
1
315 122
1
316 118
1
317 178
1
318 42
1
319 156
1
320 74
1
321 185
1
322 132
1
323 218
1
324 22
1
325 166
1
326 111
1
327 89
1
328 235
1
329 73
1
330 40
1
331 177
1
332 47
1
333 38
1
334 118
1
335 138
1
336 175
1
337 194
1
338 30
1
339 8
1
340 147
1
341 206
1
342 187
1
343 88
1
344 164
1
345 118
1
346 179
1
347 79
1
348 141
1
349 164
1
350 134
1
351 12
1
352 108
1
353 75
1
354 9
1
355 193
1
356 91
1
357 86
1
358 196
1
359 30
1
360 237
1
361 153
1
362 130
1
363 78
1
364 58
1
365 93
1
366 159
1
367 5
1
368 84
1
369 214
1
370 177
1
371 79
1
372 59
1
373 16
1
374 257
1
375 228
1
376 237
1
377 263
1
378 63
1
379 231
1
380 187
1
381 94
1
382 23
1
383 82
1
384 251
1
385 63
1
386 200
1
387 69
1
388 72
1
389 125
1
390 150
1
391 135
1
392 29
1
393 109
1
394 245
1
395 236
1
396 150
1
397 172
1
398 82
1
399 217
1
400 209
1
401 16
1
402 237
1
403 44
1
404 47
1
405 246
1
406 107
1
407 166
1
408 208
1
409 178
1
410 99
1
411 17
1
412 161
1
413 176
1
414 29
1
415 5
1
416 185
1
417 43
1
418 219
1
419 235
1
420 156
1
421 259
1
422 80
1
423 227
1
424 64
1
425 116
1
426 92
1
427 166
1
428 117
1
429 188
1
430 153
1
431 174
1
432 252
1
433 63
1
434 66
1
435 124
1
436 93
1
437 225
1
438 114
1
439 5
1
440 106
0
1
441 130
1
442 219
1
443 106
1
444 89
1
445 230
1
446 135
1
447 90
0
1
448 92
1
449 96
1
450 36
1
451 100
1
452 158
1
453 138
1
454 121
1
455 136
1
456 136
1
457 34
1
458 74
1
459 32
1
460 251
1
461 229
1
462 130
1
463 11
1
464 77
1
465 184
1
466 154
1
467 29
1
468 35
1
469 109
1
470 90
1
471 10
1
472 263
1
473 230
1
474 174
0
1
475 87
1
476 128
1
477 164
1
478 152
1
479 165
1
480 114
1
481 29
1
482 83
1
483 62
1
484 26
1
485 32
1
486 232
1
487 68
1
488 103
1
489 12
1
490 154
1
491 233
1
492 61
1
493 236
1
494 172
1
495 2
1
496 95
1
497 134
1
498 150
1
499 195
1
500 145
1
501 227
1
502 79
1
503 62
1
504 201
1
505 174
1
506 256
1
507 126
1
508 209
1
509 39
1
510 134
1
511 22
1
512 107
1
513 146
1
514 52
1
515 121
1
516 237
1
517 195
1
518 17
1
519 61
1
520 100
1
521 169
1
522 22
1
523 255
1
524 252
1
525 103
1
526 21
1
527 136
1
528 15
1
529 11
0
1
530 101
1
531 82
1
532 151
1
533 127
1
534 126
1
535 246
1
536 229
1
537 168
1
538 91
1
539 77
1
540 195
1
541 257
1
542 175
1
543 106
1
544 130
1
545 167
1
546 70
1
547 206
1
548 246
1
549 76
1
550 167
1
551 232
1
552 188
1
553 206
1
554 236
1
555 82
1
556 69
1
557 9
1
558 194
1
559 87
0
1
560 139
1
561 229
1
562 252
1
563 36
1
564 149
1
565 237
1
566 174
1
567 3
1
568 69
1
569 212
1
570 88
1
571 80
1
572 123
1
573 181
1
574 13
1
575 84
1
576 141
1
577 198
1
578 196
1
579 3
1
580 217
1
581 131
1
582 46
1
583 83
1
584 220
0
1
585 208
1
586 38
1
587 229
1
588 40
1
589 249
1
590 100
1
591 130
0
1
592 149
1
593 92
1
594 67
1
595 17
1
596 171
1
597 224
1
598 231
1
599 155
1
600 217
1
601 84
1
602 101
1
603 261
1
604 65
1
605 193
1
606 186
1
607 229
1
608 37
1
609 33
1
610 111
1
611 179
1
612 161
1
613 141
1
614 73
1
615 86
1
616 39
1
617 8
1
618 88
1
619 258
1
620 65
1
621 117
1
622 118
1
623 70
1
624 133
1
625 245
1
626 258
1
627 209
1
628 100
1
629 128
1
630 167
1
631 152
1
632 170
1
633 224
1
634 3
1
635 85
1
636 81
1
637 177
1
638 7
1
639 152
1
640 255
1
641 135
1
642 226
1
643 4
1
644 37
1
645 141
1
646 217
1
647 129
1
648 213
1
649 208
1
650 15
1
651 240
0
1
652 228
1
653 67
1
654 202
1
655 229
1
656 48
1
657 59
1
658 106
1
659 151
1
660 3
1
661 257
1
662 76
1
663 35
1
664 54
1
665 48
1
666 136
1
667 212
1
668 201
1
669 100
1
670 207
1
671 143
1
672 41
1
673 5
1
674 166
1
675 119
1
676 38
1
677 89
1
678 201
1
679 259
1
680 204
1
681 213
1
682 137
1
683 17
1
684 77
1
685 237
1
686 174
0
1
687 140
1
688 141
1
689 107
1
690 147
1
691 253
1
692 242
1
693 122
1
694 145
0
1
695 239
1
696 261
1
697 142
1
698 9
1
699 175
1
700 66
1
701 68
1
702 231
1
703 152
1
704 96
1
705 94
1
706 75
1
707 105
1
708 70
1
709 25
1
710 237
1
711 182
1
712 118
1
713 217
1
714 47
0
1
715 179
1
716 105
1
717 13
1
718 65
1
719 245
1
720 214
1
721 236
1
722 156
1
723 151
1
724 30
0
1
725 251
1
726 176
1
727 207
0
1
728 51
1
729 33
1
730 22
1
731 148
1
732 216
1
733 255
0
1
734 248
1
735 16
1
736 100
1
737 104
1
738 52
1
739 149
1
740 136
1
741 112
1
742 3
1
743 161
1
744 25
1
745 144
1
746 188
1
747 174
1
748 154
1
749 136
1
750 112
1
751 189
1
752 164
1
753 151
1
754 98
1
755 41
1
756 59
1
757 29
1
758 196
1
759 175
1
760 188
1
761 129
1
762 60
1
763 42
1
764 32
1
765 149
0
1
766 173
1
767 3
1
768 16
1
769 98
0
1
770 98
1
771 55
1
772 3
1
773 191
1
774 108
1
775 216
1
776 117
1
777 53
1
778 9
1
779 9
1
780 96
1
781 193
1
782 32
1
783 209
1
784 60
1
785 214
0
1
786 253
1
787 57
1
788 47
1
789 145
1
790 261
1
791 246
1
792 103
1
793 240
1
794 101
1
795 120
1
796 216
1
797 234
1
798 187
1
799 125
1
800 98
0
1
801 37
1
802 18
1
803 95
1
804 109
1
805 59
1
806 66
1
807 177
1
808 172
1
809 118
1
810 68
1
811 171
1
812 229
1
813 167
1
814 33
1
815 38
0
1
816 4
1
817 206
1
818 177
1
819 9
1
820 64
1
821 34
1
822 95
1
823 196
1
824 39
1
825 203
1
826 187
1
827 110
1
828 197
1
829 78
1
830 242
0
1
831 70
1
832 209
1
833 33
1
834 91
0
1
835 214
1
836 152
1
837 151
1
838 124
1
839 213
1
840 108
1
841 178
1
842 140
1
843 96
1
844 250
1
845 173
1
846 147
1
847 187
1
848 103
1
849 51
1
850 259
1
851 75
1
852 182
1
853 82
1
854 167
1
855 69
1
856 24
1
857 77
1
858 107
1
859 104
1
860 6
1
861 192
1
862 64
1
863 30
1
864 68
1
865 253
1
866 187
1
867 217
1
868 135
1
869 174
1
870 183
1
871 185
1
872 68
0
1
873 155
1
874 227
1
875 105
1
876 244
1
877 183
0
1
878 28
1
879 30
1
880 7
1
881 2
1
882 4
1
883 236
0
1
884 34
1
885 236
1
886 30
1
887 79
0
1
888 229
1
889 206
1
890 250
1
891 13
1
892 89
1
893 72
1
894 107
1
895 250
1
896 46
1
897 131
1
898 59
1
899 12
1
900 123
1
901 207
1
902 26
1
903 200
1
904 123
0
1
905 132
1
906 163
1
907 196
1
908 222
1
909 151
1
910 130
1
911 132
1
912 146
1
913 224
1
914 116
1
915 67
1
916 27
1
917 103
1
918 76
1
919 115
1
920 206
1
921 164
1
922 168
1
923 3
1
924 240
1
925 90
1
926 259
1
927 254
1
928 251
1
929 207
1
930 213
1
931 176
1
932 152
1
933 253
1
934 193
1
935 228
1
936 172
1
937 45
1
938 142
1
939 135
1
940 188
1
941 29
1
942 209
1
943 26
1
944 76
1
945 134
0
1
946 118
1
947 254
1
948 132
1
949 125
1
950 189
1
951 90
1
952 113
1
953 2
1
954 70
1
955 174
1
956 62
1
957 8
1
958 133
1
959 178
1
960 167
1
961 32
1
962 66
1
963 117
1
964 148
1
965 60
1
966 186
1
967 83
1
968 246
1
969 151
1
970 152
1
971 182
1
972 201
1
973 248
1
974 147
1
975 31
1
976 247
1
977 28
1
978 15
1
979 135
1
980 66
1
981 187
1
982 19
1
983 228
1
984 141
1
985 120
1
986 154
1
987 32
1
988 46
1
989 207
1
990 262
1
991 92
0
1
992 188
1
993 159
1
994 242
0
1
995 47
1
996 260
1
997 258
1
998 202
1
999 225
1
1000 209
1
1001 135
1
1002 125
1
1003 44
0
1
1004 171
1
1005 246
1
1006 168
1
1007 75
1
1008 244
1
1009 123
1
1010 116
1
1011 188
1
1012 226
0
1
1013 45
1
1014 259
1
1015 183
1
1016 256
1
1017 185
1
1018 161
1
1019 224
1
1020 70
1
1021 78
1
1022 80
1
1023 15
1
1024 94
1
1025 161
1
1026 149
1
1027 119
1
1028 15
1
1029 242
1
1030 185
1
1031 64
1
1032 183
1
1033 3
1
1034 82
1
1035 171
1
1036 11
1
1037 185
1
1038 181
1
1039 187
1
1040 168
1
1041 139
1
1042 11
1
1043 178
1
1044 246
1
1045 94
1
1046 4
1
1047 90
1
1048 9
1
1049 246
1
1050 254
1
1051 109
1
1052 72
1
1053 77
1
1054 17
1
1055 244
1
1056 184
1
1057 13
1
1058 151
1
1059 2
1
1060 130
1
1061 94
1
1062 239
1
1063 209
1
1064 24
1
1065 187
0
1
1066 141
1
1067 121
1
1068 229
1
1069 110
1
1070 205
1
1071 224
1
1072 200
1
1073 230
1
1074 60
1
1075 51
1
1076 2
0
1
1077 57
1
1078 81
1
1079 28
1
1080 29
1
1081 240
0
0
1
1082 177
1
1083 129
1
1084 218
1
1085 3
1
1086 128
1
1087 148
1
1088 29
1
1089 201
1
1090 243
0
1
1091 98
1
1092 200
1
1093 27
1
1094 92
1
1095 224
1
1096 225
0
1
1097 172
1
1098 145
1
1099 30
1
1100 133
1
1101 35
0
1
1102 214
1
1103 137
1
1104 81
1
1105 250
1
1106 148
0
1
1107 213
0
1
1108 132
1
1109 57
1
1110 43
0
1
1111 19
1
1112 164
1
1113 12
1
1114 212
1
1115 214
1
1116 167
1
1117 82
1
1118 201
1
1119 16
1
1120 59
1
1121 2
1
1122 135
1
1123 83
1
1124 148
1
1125 59
1
1126 209
1
1127 76
1
1128 232
1
1129 177
1
1130 89
1
1131 190
1
1132 196
1
1133 61
1
1134 65
0
1
1135 111
1
1136 70
1
1137 252
1
1138 241
1
1139 229
1
1140 195
1
1141 20
1
1142 148
1
1143 166
1
1144 213
1
1145 61
1
1146 126
1
1147 165
1
1148 87
1
1149 102
1
1150 137
1
1151 187
1
1152 29
1
1153 40
1
1154 237
1
1155 136
1
1156 196
1
1157 223
1
1158 202
1
1159 143
1
1160 5
1
1161 248
0
1
1162 56
1
1163 203
1
1164 7
1
1165 85
1
1166 145
1
1167 75
1
1168 151
1
1169 3
1
1170 6
1
1171 218
1
1172 87
1
1173 20
1
1174 206
1
1175 32
0
1
1176 259
1
1177 169
1
1178 18
1
1179 128
1
1180 99
1
1181 24
1
1182 238
1
1183 191
1
1184 140
1
1185 103
1
1186 99
1
1187 176
1
1188 49
1
1189 40
1
1190 52
1
1191 38
1
1192 257
1
1193 194
1
1194 199
0
0
1
1195 128
1
1196 185
1
1197 235
0
1
1198 167
1
1199 42
1
1200 250
1
1201 255
1
1202 23
1
1203 24
1
1204 55
1
1205 264
0
1
1206 104
1
1207 71
1
1208 255
1
1209 106
1
1210 66
0
0
1
1211 67
1
1212 203
0
1
1213 236
1
1214 190
1
1215 114
1
1216 13
1
1217 180
1
1218 258
1
1219 177
1
1220 116
1
1221 6
1
1222 149
1
1223 63
1
1224 45
1
1225 105
1
1226 142
1
1227 27
1
1228 131
1
1229 96
1
1230 228
1
1231 24
1
1232 17
1
1233 173
1
1234 150
1
1235 126
0
1
1236 157
1
1237 94
1
1238 139
1
1239 94
1
1240 179
1
1241 251
1
1242 92
1
1243 123
1
1244 68
1
1245 89
1
1246 16
1
1247 185
1
1248 90
1
1249 34
1
1250 211
1
1251 173
0
1
1252 199
1
1253 151
1
1254 14
1
1255 73
1
1256 77
1
1257 155
1
1258 94
1
1259 150
1
1260 205
0
1
1261 117
0
1
1262 192
1
1263 118
1
1264 26
1
1265 130
1
1266 108
1
1267 17
1
1268 241
1
1269 89
0
0
0
1
1270 100
1
1271 182
0
1
1272 4
1
1273 152
1
1274 151
1
1275 118
0
1
1276 124
1
1277 184
1
1278 14
1
1279 69
1
1280 50
1
1281 128
1
1282 104
1
1283 96
1
1284 193
1
1285 114
1
1286 50
1
1287 254
1
1288 209
1
1289 142
1
1290 58
1
1291 5
1
1292 19
1
1293 87
1
1294 28
1
1295 202
1
1296 110
1
1297 199
1
1298 182
0
0
1
1299 224
1
1300 60
1
1301 59
1
1302 219
1
1303 83
1
1304 215
1
1305 94
1
1306 230
1
1307 102
1
1308 170
1
1309 108
1
1310 216
1
1311 233
1
1312 34
1
1313 178
0
0
1
1314 252
1
1315 143
0
1
1316 117
1
1317 176
1
1318 72
1
1319 143
1
1320 230
1
1321 181
0
1
1322 204
1
1323 3
1
1324 90
0
1
1325 104
1
1326 97
1
1327 101
1
1328 119
1
1329 215
1
1330 251
0
1
1331 150
1
1332 218
0
1
1333 139
1
1334 14
1
1335 130
1
1336 264
1
1337 63
0
1
1338 104
1
1339 111
1
1340 92
1
1341 109
1
1342 141
1
1343 226
1
1344 153
1
1345 163
1
1346 162
1
1347 222
0
1
1348 184
1
1349 82
1
1350 17
0
1
1351 34
1
1352 112
1
1353 64
1
1354 211
1
1355 246
1
1356 106
1
1357 251
1
1358 176
1
1359 43
0
1
1360 225
1
1361 86
1
1362 253
1
1363 132
0
1
1364 252
1
1365 110
1
1366 250
1
1367 186
1
1368 262
1
1369 84
1
1370 167
1
1371 220
1
1372 126
1
1373 23
1
1374 2
0
1
1375 222
0
1
1376 113
1
1377 197
1
1378 197
1
1379 21
1
1380 42
1
1381 237
1
1382 170
1
1383 211
1
1384 139
1
1385 51
1
1386 257
0
1
1387 234
1
1388 70
1
1389 109
1
1390 185
0
1
1391 92
0
1
1392 33
1
1393 180
1
1394 212
1
1395 26
1
1396 247
1
1397 258
0
1
1398 210
0
1
1399 32
0
1
1400 125
1
1401 203
1
1402 235
1
1403 158
1
1404 111
1
1405 263
0
0
1
1406 9
1
1407 113
0
1
1408 93
1
1409 37
1
1410 236
0
1
1411 7
0
1
1412 123
1
1413 111
1
1414 258
1
1415 167
1
1416 185
1
1417 114
1
1418 113
1
1419 161
1
1420 121
1
1421 235
1
1422 200
1
1423 218
1
1424 73
0
1
1425 162
1
1426 60
1
1427 227
1
1428 167
1
1429 223
1
1430 118
1
1431 118
1
1432 68
0
1
1433 262
1
1434 6
1
1435 54
1
1436 32
1
1437 196
0
1
1438 152
1
1439 139
1
1440 87
1
1441 187
1
1442 32
1
1443 155
1
1444 24
1
1445 106
1
1446 20
1
1447 136
1
1448 237
1
1449 249
0
1
1450 120
1
1451 193
1
1452 260
1
1453 88
0
1
1454 158
1
1455 69
1
1456 70
1
1457 87
1
1458 171
0
1
1459 239
1
1460 104
1
1461 56
1
1462 131
0
0
1
1463 179
1
1464 11
1
1465 196
1
1466 200
1
1467 52
0
1
1468 49
1
1469 215
1
1470 202
1
1471 167
1
1472 151
0
1
1473 91
0
1
1474 185
0
0
0
1
1475 157
1
1476 25
0
1
1477 102
0
1
1478 182
0
1
1479 195
1
1480 228
0
1
1481 222
1
1482 78
0
0
1
1483 103
1
1484 49
1
1485 36
0
0
1
1486 256
1
1487 47
1
1488 58
1
1489 57
1
1490 91
1
1491 231
1
1492 245
1
1493 87
1
1494 98
1
1495 32
1
1496 143
1
1497 243
1
1498 186
0
1
1499 50
1
1500 145
1
1501 95
1
1502 215
1
1503 188
1
1504 136
1
1505 100
1
1506 95
1
1507 13
0
1
1508 44
1
1509 36
1
1510 145
1
1511 151
1
1512 128
1
1513 141
0
1
1514 71
1
1515 112
1
1516 190
1
1517 92
1
1518 63
1
1519 233
1
1520 139
1
1521 199
1
1522 33
1
1523 240
1
1524 24
1
1525 32
1
1526 89
0
1
1527 173
1
1528 45
0
1
1529 247
1
1530 112
1
1531 45
1
1532 29
1
1533 239
1
1534 121
0
1
1535 15
1
1536 66
0
1
1537 235
1
1538 124
0
1
1539 78
1
1540 126
1
1541 77
1
1542 146
1
1543 24
1
1544 83
1
1545 159
1
1546 29
1
1547 206
1
1548 205
1
1549 231
1
1550 81
1
1551 250
0
0
1
1552 116
1
1553 149
1
1554 88
1
1555 237
1
1556 224
1
1557 212
0
0
1
1558 111
1
1559 58
1
1560 171
1
1561 70
1
1562 136
1
1563 166
1
1564 172
0
1
1565 92
1
1566 16
1
1567 252
1
1568 51
1
1569 46
1
1570 64
1
1571 229
1
1572 9
1
1573 24
0
1
1574 217
1
1575 61
1
1576 97
1
1577 52
1
1578 111
1
1579 203
1
1580 150
1
1581 173
1
1582 47
0
1
1583 146
1
1584 221
1
1585 105
1
1586 164
1
1587 237
1
1588 88
0
0
1
1589 21
1
1590 166
1
1591 163
1
1592 8
1
1593 35
1
1594 157
1
1595 65
1
1596 247
1
1597 261
1
1598 58
1
1599 231
1
1600 258
1
1601 63
1
1602 40
1
1603 189
1
1604 173
1
1605 68
1
1606 154
1
1607 9
1
1608 81
1
1609 199
1
1610 32
0
0
1
1611 127
1
1612 58
1
1613 134
0
1
1614 261
1
1615 12
1
1616 250
1
1617 119
1
1618 94
1
1619 190
1
1620 84
1
1621 99
1
1622 65
1
1623 100
1
1624 100
1
1625 177
1
1626 146
1
1627 85
1
1628 33
1
1629 38
0
0
1
1630 94
0
0
1
1631 202
1
1632 180
1
1633 150
1
1634 73
1
1635 102
1
1636 43
1
1637 258
1
1638 154
1
1639 258
0
1
1640 134
1
1641 257
1
1642 3
0
1
1643 18
1
1644 140
1
1645 89
0
1
1646 177
1
1647 17
0
1
1648 107
1
1649 6
1
1650 118
1
1651 194
0
1
1652 214
1
1653 204
0
1
1654 248
0
1
1655 48
1
1656 152
1
1657 198
1
1658 19
1
1659 122
0
1
1660 65
1
1661 23
1
1662 24
1
1663 182
1
1664 85
1
1665 99
0
0
1
1666 43
1
1667 94
1
1668 34
1
1669 41
1
1670 171
1
1671 32
1
1672 264
1
1673 106
1
1674 124
1
1675 171
0
1
1676 167
1
1677 215
1
1678 206
1
1679 99
1
1680 133
1
1681 29
1
1682 50
1
1683 4
1
1684 190
1
1685 262
0
1
1686 156
1
1687 159
1
1688 127
1
1689 233
1
1690 242
1
1691 169
1
1692 19
1
1693 151
1
1694 195
1
1695 227
1
1696 177
1
1697 81
1
1698 84
1
1699 112
1
1700 184
1
1701 199
1
1702 87
0
0
1
1703 50
0
1
1704 45
1
1705 146
1
1706 93
0
1
1707 163
1
1708 216
1
1709 130
1
1710 255
1
1711 212
1
1712 256
1
1713 143
1
1714 92
0
1
1715 101
1
1716 251
1
1717 124
1
1718 139
1
1719 235
1
1720 236
1
1721 29
1
1722 85
1
1723 178
1
1724 149
1
1725 106
1
1726 107
1
1727 123
0
1
1728 124
0
1
1729 220
1
1730 101
1
1731 230
1
1732 77
1
1733 103
1
1734 72
1
1735 83
1
1736 113
1
1737 264
1
1738 235
1
1739 167
1
1740 13
1
1741 38
1
1742 82
1
1743 105
1
1744 263
0
1
1745 218
1
1746 148
0
1
1747 259
1
1748 223
1
1749 237
1
1750 65
0
1
1751 11
1
1752 3
1
1753 261
1
1754 111
1
1755 258
1
1756 112
1
1757 91
1
1758 106
1
1759 111
1
1760 53
1
1761 151
1
1762 71
1
1763 6
1
1764 136
1
1765 177
0
1
1766 205
1
1767 232
1
1768 61
1
1769 111
1
1770 223
1
1771 260
1
1772 121
1
1773 94
1
1774 77
1
1775 237
1
1776 169
1
1777 5
1
1778 23
1
1779 147
1
1780 49
1
1781 178
0
0
1
1782 16
1
1783 247
1
1784 102
0
1
1785 82
0
1
1786 33
1
1787 15
1
1788 207
1
1789 182
1
1790 229
1
1791 31
1
1792 125
1
1793 93
1
1794 31
1
1795 43
0
1
1796 226
0
1
1797 154
1
1798 64
1
1799 163
1
1800 201
1
1801 83
1
1802 190
1
1803 151
0
1
1804 143
1
1805 238
1
1806 115
1
1807 53
1
1808 4
1
1809 162
0
1
1810 117
1
1811 21
1
1812 213
0
0
1
1813 98
1
1814 93
1
1815 243
1
1816 200
1
1817 91
1
1818 188
1
1819 184
1
1820 53
0
1
1821 172
1
1822 15
1
1823 206
1
1824 51
0
1
1825 149
1
1826 58
1
1827 198
1
1828 140
1
1829 258
1
1830 232
1
1831 199
0
1
1832 161
1
1833 91
1
1834 240
1
1835 30
1
1836 13
1
1837 96
1
1838 105
1
1839 251
0
1
1840 96
1
1841 250
1
1842 181
1
1843 32
1
1844 253
1
1845 67
1
1846 162
1
1847 7
0
1
1848 3
1
1849 167
1
1850 31
1
1851 242
1
1852 54
0
1
1853 37
0
1
1854 119
1
1855 72
1
1856 203
1
1857 135
1
1858 62
1
1859 234
1
1860 219
1
1861 103
1
1862 46
1
1863 5
0
0
0
1
1864 92
1
1865 224
1
1866 137
1
1867 108
1
1868 148
1
1869 115
1
1870 178
0
1
1871 147
1
1872 163
1
1873 234
0
1
1874 141
1
1875 163
1
1876 76
1
1877 20
0
1
1878 249
0
1
1879 242
1
1880 10
1
1881 59
1
1882 28
1
1883 25
0
1
1884 82
1
1885 98
1
1886 96
1
1887 192
1
1888 7
1
1889 120
1
1890 18
1
1891 3
1
1892 107
1
1893 45
1
1894 74
1
1895 73
1
1896 51
1
1897 202
1
1898 239
0
1
1899 247
1
1900 45
1
1901 167
1
1902 40
1
1903 68
0
1
1904 238
0
0
1
1905 71
0
1
1906 22
1
1907 71
1
1908 138
1
1909 171
0
0
1
1910 71
1
1911 82
0
1
1912 123
1
1913 3
1
1914 123
1
1915 169
1
1916 264
1
1917 15
1
1918 103
1
1919 9
1
1920 152
1
1921 54
1
1922 142
1
1923 42
1
1924 12
1
1925 24
1
1926 85
1
1927 83
1
1928 113
1
1929 52
1
1930 187
1
1931 47
1
1932 198
1
1933 149
1
1934 95
0
1
1935 150
0
0
1
1936 208
1
1937 130
0
1
1938 166
1
1939 147
1
1940 208
1
1941 260
1
1942 28
1
1943 155
0
1
1944 159
1
1945 130
1
1946 243
0
1
1947 71
1
1948 224
1
1949 132
1
1950 32
0
1
1951 167
1
1952 15
1
1953 184
1
1954 149
1
1955 87
1
1956 231
1
1957 51
1
1958 207
1
1959 123
1
1960 33
1
1961 17
1
1962 202
1
1963 118
1
1964 119
1
1965 227
1
1966 116
1
1967 239
0
1
1968 51
1
1969 6
1
1970 157
0
0
1
1971 45
1
1972 116
0
1
1973 88
0
1
1974 192
1
1975 7
1
1976 238
1
1977 155
1
1978 75
1
1979 95
1
1980 178
1
1981 76
0
1
1982 85
1
1983 76
1
1984 245
0
0
1
1985 92
0
1
1986 262
1
1987 59
1
1988 221
1
1989 96
1
1990 27
1
1991 152
1
1992 139
1
1993 175
1
1994 229
1
1995 233
1
1996 9
1
1997 198
1
1998 245
0
1
1999 247
1
2000 57
1
2001 162
1
2002 82
1
2003 186
1
2004 32
1
2005 73
1
2006 70
1
2007 79
1
2008 92
1
2009 247
1
2010 210
0
0
1
2011 93
1
2012 111
0
1
2013 205
0
0
1
2014 120
0
1
2015 226
1
2016 181
1
2017 40
1
2018 77
0
1
2019 90
1
2020 61
1
2021 62
1
2022 243
0
1
2023 216
1
2024 62
1
2025 101
1
2026 209
1
2027 100
1
2028 181
1
2029 10
1
2030 70
1
2031 56
1
2032 201
1
2033 77
1
2034 13
1
2035 178
1
2036 85
1
2037 25
0
1
2038 216
1
2039 20
1
2040 17
0
1
2041 167
0
1
2042 210
0
1
2043 56
1
2044 176
0
1
2045 237
1
2046 46
0
1
2047 126
0
1
2048 23
1
2049 211
1
2050 148
1
2051 79
1
2052 88
1
2053 120
1
2054 29
1
2055 76
0
0
1
2056 65
1
2057 29
1
2058 211
1
2059 85
0
1
2060 9
1
2061 169
1
2062 150
1
2063 92
1
2064 83
0
0
1
2065 256
1
2066 223
1
2067 9
0
1
2068 223
1
2069 189
1
2070 3
1
2071 105
1
2072 250
1
2073 129
1
2074 94
1
2075 16
0
1
2076 80
0
1
2077 151
1
2078 81
0
1
2079 81
1
2080 229
1
2081 261
1
2082 5
1
2083 104
1
2084 187
1
2085 84
1
2086 94
1
2087 243
1
2088 253
1
2089 54
1
2090 49
0
1
2091 37
1
2092 247
0
0
1
2093 51
0
1
2094 211
1
2095 201
1
2096 36
1
2097 164
1
2098 45
0
1
2099 58
0
1
2100 97
1
2101 184
1
2102 221
0
1
2103 260
0
1
2104 170
1
2105 203
1
2106 8
1
2107 29
0
1
2108 111
0
1
2109 132
0
1
2110 199
1
2111 105
1
2112 132
1
2113 110
1
2114 102
1
2115 250
1
2116 217
1
2117 55
1
2118 22
1
2119 262
1
2120 3
1
2121 91
0
0
1
2122 247
1
2123 196
1
2124 252
1
2125 244
0
1
2126 112
1
2127 245
1
2128 226
1
2129 23
1
2130 47
1
2131 51
0
0
1
2132 56
1
2133 6
0
1
2134 80
1
2135 168
1
2136 116
1
2137 136
1
2138 161
1
2139 225
1
2140 33
0
0
1
2141 27
1
2142 97
0
0
1
2143 223
1
2144 239
0
1
2145 107
1
2146 155
1
2147 244
0
1
2148 232
1
2149 45
1
2150 231
1
2151 153
1
2152 45
1
2153 131
1
2154 186
1
2155 54
1
2156 200
0
1
2157 262
1
2158 223
1
2159 264
1
2160 165
1
2161 255
0
1
2162 197
1
2163 252
1
2164 111
0
1
2165 85
1
2166 37
1
2167 200
1
2168 164
1
2169 141
1
2170 86
1
2171 73
0
1
2172 15
1
2173 122
0
1
2174 100
1
2175 111
0
1
2176 190
0
1
2177 126
0
1
2178 3
1
2179 15
1
2180 168
1
2181 208
0
0
1
2182 227
1
2183 85
1
2184 155
1
2185 46
1
2186 165
0
1
2187 137
1
2188 260
1
2189 237
1
2190 145
1
2191 161
1
2192 61
1
2193 71
0
1
2194 56
1
2195 57
1
2196 188
0
0
1
2197 255
1
2198 101
0
0
0
1
2199 28
1
2200 108
1
2201 175
1
2202 203
1
2203 168
1
2204 234
0
1
2205 194
1
2206 32
1
2207 87
1
2208 37
1
2209 255
1
2210 224
0
1
2211 102
1
2212 212
0
0
0
1
2213 130
0
1
2214 210
1
2215 259
1
2216 102
1
2217 143
1
2218 24
1
2219 37
1
2220 143
0
1
2221 24
1
2222 207
1
2223 32
1
2224 48
0
1
2225 24
1
2226 91
1
2227 25
0
1
2228 18
1
2229 52
1
2230 234
1
2231 247
1
2232 184
1
2233 138
1
2234 92
0
0
1
2235 110
1
2236 80
1
2237 158
0
1
2238 83
1
2239 208
1
2240 106
1
2241 52
1
2242 56
1
2243 47
1
2244 170
1
2245 122
1
2246 40
1
2247 223
1
2248 112
1
2249 136
1
2250 48
1
2251 230
1
2252 64
0
1
2253 151
1
2254 51
0
0
1
2255 148
1
2256 110
1
2257 110
1
2258 110
1
2259 192
1
2260 150
1
2261 137
1
2262 141
1
2263 12
1
2264 143
1
2265 245
1
2266 138
0
0
1
2267 40
1
2268 232
1
2269 60
1
2270 182
1
2271 112
1
2272 261
1
2273 28
0
1
2274 219
1
2275 5
1
2276 139
1
2277 4
1
2278 242
1
2279 256
0
1
2280 12
1
2281 154
1
2282 36
1
2283 29
1
2284 178
1
2285 136
1
2286 197
1
2287 24
1
2288 112
1
2289 195
1
2290 175
0
0
0
1
2291 188
0
1
2292 243
0
1
2293 251
1
2294 17
0
0
1
2295 131
1
2296 91
1
2297 194
1
2298 92
1
2299 101
1
2300 115
1
2301 6
1
2302 58
1
2303 69
0
1
2304 67
1
2305 85
1
2306 248
0
1
2307 152
1
2308 84
0
1
2309 163
0
1
2310 79
1
2311 229
1
2312 176
0
1
2313 128
1
2314 21
1
2315 237
1
2316 6
1
2317 246
1
2318 56
1
2319 106
1
2320 107
0
1
2321 65
1
2322 25
1
2323 202
1
2324 79
0
0
1
2325 213
1
2326 74
0
1
2327 102
1
2328 108
0
1
2329 230
0
1
2330 183
1
2331 44
0
1
2332 15
1
2333 108
1
2334 94
0
1
2335 60
1
2336 225
1
2337 12
1
2338 12
1
2339 248
1
2340 48
0
1
2341 179
0
0
1
2342 184
1
2343 211
1
2344 141
1
2345 255
1
2346 5
1
2347 129
1
2348 91
1
2349 213
1
2350 161
0
1
2351 108
1
2352 236
1
2353 13
1
2354 81
1
2355 223
0
1
2356 11
1
2357 99
1
2358 131
0
1
2359 43
1
2360 3
0
1
2361 49
1
2362 192
0
0
1
2363 74
0
1
2364 128
1
2365 208
0
0
0
1
2366 115
1
2367 99
1
2368 44
1
2369 167
0
0
1
2370 77
1
2371 62
1
2372 136
1
2373 200
1
2374 209
0
1
2375 152
1
2376 244
1
2377 129
1
2378 212
1
2379 148
1
2380 131
1
2381 175
1
2382 134
1
2383 151
1
2384 227
1
2385 5
1
2386 263
1
2387 201
0
0
1
2388 173
0
1
2389 14
1
2390 205
0
0
1
2391 204
1
2392 176
1
2393 157
1
2394 123
1
2395 96
1
2396 242
1
2397 57
1
2398 5
1
2399 111
1
2400 229
1
2401 264
1
2402 242
1
2403 212
1
2404 253
1
2405 90
1
2406 183
0
1
2407 250
0
0
1
2408 213
1
2409 155
1
2410 245
0
1
2411 148
1
2412 92
0
1
2413 168
1
2414 201
1
2415 255
1
2416 215
0
1
2417 197
0
1
2418 21
0
1
2419 183
1
2420 86
1
2421 186
0
1
2422 97
1
2423 145
0
1
2424 240
1
2425 2
1
2426 181
1
2427 105
1
2428 167
1
2429 237
0
0
1
2430 206
1
2431 195
1
2432 149
1
2433 143
1
2434 136
1
2435 116
1
2436 199
1
2437 143
0
0
0
1
2438 215
1
2439 148
0
1
2440 23
0
1
2441 151
1
2442 243
1
2443 237
1
2444 81
0
1
2445 223
0
1
2446 54
1
2447 223
1
2448 59
1
2449 209
1
2450 202
0
1
2451 171
1
2452 246
1
2453 150
1
2454 187
0
1
2455 11
1
2456 240
0
1
2457 102
1
2458 151
0
1
2459 92
1
2460 82
1
2461 33
1
2462 100
1
2463 242
1
2464 127
1
2465 55
1
2466 188
1
2467 72
1
2468 46
1
2469 58
0
1
2470 201
1
2471 227
0
1
2472 151
1
2473 68
0
1
2474 146
1
2475 124
1
2476 11
1
2477 121
0
1
2478 191
1
2479 204
0
0
1
2480 152
0
1
2481 113
1
2482 187
1
2483 100
1
2484 191
1
2485 119
1
2486 72
1
2487 88
1
2488 107
1
2489 162
1
2490 76
1
2491 61
0
1
2492 202
0
1
2493 133
1
2494 130
0
0
1
2495 209
1
2496 72
1
2497 236
1
2498 118
0
1
2499 233
1
2500 142
1
2501 158
1
2502 20
1
2503 129
0
1
2504 201
0
1
2505 53
1
2506 167
1
2507 160
1
2508 252
1
2509 235
1
2510 114
1
2511 260
1
2512 82
1
2513 259
1
2514 257
1
2515 139
0
1
2516 164
1
2517 204
1
2518 40
1
2519 264
1
2520 226
0
0
0
0
1
2521 112
0
1
2522 198
0
1
2523 47
1
2524 217
1
2525 201
1
2526 243
1
2527 29
1
2528 216
1
2529 250
1
2530 9
1
2531 183
1
2532 151
0
0
1
2533 185
1
2534 32
1
2535 192
1
2536 90
1
2537 18
0
1
2538 208
0
1
2539 252
1
2540 149
1
2541 108
1
2542 184
1
2543 258
1
2544 192
1
2545 257
1
2546 260
0
0
0
1
2547 246
1
2548 94
1
2549 81
1
2550 42
1
2551 151
0
1
2552 92
1
2553 263
0
0
1
2554 135
1
2555 24
0
1
2556 34
1
2557 9
1
2558 16
1
2559 48
1
2560 37
1
2561 119
0
1
2562 104
1
2563 45
1
2564 262
1
2565 50
1
2566 37
1
2567 170
1
2568 125
0
1
2569 163
1
2570 233
1
2571 16
1
2572 65
1
2573 12
1
2574 250
0
1
2575 72
1
2576 201
1
2577 40
1
2578 191
1
2579 91
1
2580 132
1
2581 195
1
2582 263
0
1
2583 15
0
1
2584 62
1
2585 202
0
0
1
2586 116
0
1
2587 52
1
2588 234
1
2589 30
1
2590 240
1
2591 263
1
2592 147
0
1
2593 200
1
2594 229
1
2595 93
1
2596 198
0
1
2597 22
1
2598 49
1
2599 8
1
2600 15
1
2601 31
1
2602 83
1
2603 75
1
2604 99
0
1
2605 131
1
2606 9
1
2607 70
1
2608 115
1
2609 47
1
2610 127
1
2611 219
1
2612 191
1
2613 234
0
1
2614 248
1
2615 124
0
1
2616 55
1
2617 167
1
2618 135
1
2619 201
1
2620 199
1
2621 53
1
2622 39
1
2623 259
1
2624 22
1
2625 16
1
2626 175
1
2627 169
0
0
0
1
2628 5
1
2629 113
0
1
2630 191
1
2631 68
0
1
2632 159
1
2633 255
1
2634 6
1
2635 217
1
2636 111
0
1
2637 7
1
2638 111
0
1
2639 122
1
2640 53
1
2641 11
1
2642 113
1
2643 184
1
2644 128
1
2645 145
1
2646 151
0
1
2647 153
0
0
1
2648 127
1
2649 184
1
2650 113
1
2651 29
0
1
2652 89
1
2653 160
1
2654 205
1
2655 86
0
1
2656 233
1
2657 33
0
0
1
2658 167
1
2659 24
0
1
2660 3
1
2661 165
1
2662 101
1
2663 111
1
2664 211
1
2665 32
1
2666 107
1
2667 85
1
2668 143
1
2669 37
1
2670 198
0
0
1
2671 90
1
2672 157
1
2673 3
0
1
2674 254
1
2675 194
0
1
2676 161
0
0
1
2677 17
1
2678 235
1
2679 95
0
1
2680 191
0
0
0
1
2681 224
1
2682 200
1
2683 84
0
0
1
2684 252
1
2685 96
0
1
2686 108
0
1
2687 162
1
2688 184
1
2689 124
1
2690 113
1
2691 190
1
2692 229
1
2693 103
1
2694 190
0
1
2695 255
1
2696 204
1
2697 56
0
0
0
1
2698 207
0
1
2699 100
0
1
2700 182
1
2701 258
1
2702 101
1
2703 214
0
1
2704 40
1
2705 18
0
1
2706 133
1
2707 60
1
2708 239
0
1
2709 155
1
2710 180
1
2711 256
1
2712 130
0
1
2713 28
1
2714 64
1
2715 197
1
2716 229
1
2717 99
0
1
2718 95
1
2719 13
0
1
2720 258
1
2721 227
0
1
2722 30
1
2723 93
1
2724 108
1
2725 111
0
1
2726 90
0
1
2727 258
0
1
2728 204
1
2729 69
0
1
2730 154
1
2731 79
0
0
1
2732 160
1
2733 29
1
2734 33
0
1
2735 254
1
2736 223
1
2737 251
1
2738 213
1
2739 203
1
2740 175
0
0
1
2741 213
1
2742 129
1
2743 187
1
2744 204
0
0
1
2745 36
1
2746 94
1
2747 10
0
1
2748 94
1
2749 140
1
2750 232
1
2751 102
0
1
2752 62
1
2753 33
1
2754 20
1
2755 132
1
2756 135
0
1
2757 153
1
2758 12
1
2759 152
0
1
2760 86
1
2761 113
1
2762 126
1
2763 131
0
1
2764 113
1
2765 64
1
2766 169
1
2767 179
0
0
1
2768 62
0
1
2769 167
1
2770 42
0
1
2771 85
1
2772 36
0
1
2773 92
0
1
2774 211
1
2775 258
1
2776 98
1
2777 51
0
1
2778 177
1
2779 183
1
2780 190
0
0
1
2781 108
1
2782 36
0
0
1
2783 29
1
2784 246
0
0
1
2785 207
1
2786 136
1
2787 252
1
2788 159
1
2789 210
0
1
2790 17
1
2791 222
0
1
2792 158
1
2793 213
1
2794 226
1
2795 211
1
2796 56
1
2797 41
1
2798 36
1
2799 38
1
2800 103
1
2801 180
1
2802 76
1
2803 74
1
2804 23
0
0
0
1
2805 115
0
1
2806 154
0
0
1
2807 239
1
2808 47
1
2809 73
1
2810 90
1
2811 213
1
2812 75
1
2813 78
0
1
2814 186
1
2815 16
0
0
0
0
1
2816 202
0
1
2817 228
1
2818 31
1
2819 237
1
2820 139
1
2821 139
0
0
1
2822 48
1
2823 254
1
2824 26
1
2825 10
1
2826 241
1
2827 218
1
2828 55
0
1
2829 86
0
1
2830 171
1
2831 12
1
2832 66
1
2833 61
0
0
1
2834 206
0
0
0
1
2835 56
0
0
1
2836 99
1
2837 60
0
1
2838 46
1
2839 77
1
2840 38
1
2841 70
1
2842 234
1
2843 242
0
1
2844 200
1
2845 112
1
2846 158
1
2847 51
1
2848 120
0
1
2849 22
0
0
1
2850 43
0
0
1
2851 205
0
1
2852 160
0
0
1
2853 38
1
2854 208
1
2855 136
0
1
2856 119
1
2857 225
1
2858 114
1
2859 48
1
2860 150
1
2861 131
1
2862 73
0
0
0
0
0
1
2863 55
0
1
2864 54
0
0
0
1
2865 248
1
2866 212
1
2867 79
0
0
1
2868 152
1
2869 77
1
2870 141
1
2871 134
0
0
0
1
2872 167
1
2873 72
1
2874 142
1
2875 35
1
2876 214
1
2877 26
0
0
1
2878 128
1
2879 158
0
1
2880 15
1
2881 91
1
2882 167
1
2883 44
0
1
2884 13
1
2885 26
1
2886 25
0
1
2887 215
1
2888 99
1
2889 134
1
2890 196
1
2891 125
1
2892 152
0
1
2893 237
0
1
2894 147
0
0
1
2895 9
0
0
0
0
1
2896 119
0
0
1
2897 157
1
2898 258
1
2899 121
0
1
2900 187
0
0
0
1
2901 248
0
0
1
2902 122
0
1
2903 100
1
2904 80
1
2905 150
1
2906 200
1
2907 204
1
2908 229
1
2909 169
1
2910 33
0
1
2911 190
1
2912 4
0
0
1
2913 39
1
2914 187
1
2915 102
1
2916 53
0
1
2917 100
0
1
2918 91
0
1
2919 78
1
2920 229
1
2921 145
0
1
2922 164
1
2923 161
1
2924 201
0
1
2925 4
1
2926 162
0
1
2927 59
0
1
2928 224
0
0
1
2929 91
1
2930 136
1
2931 263
1
2932 119
0
0
0
0
1
2933 183
1
2934 129
1
2935 117
1
2936 13
0
0
0
1
2937 164
1
2938 175
0
1
2939 202
0
1
2940 146
0
1
2941 99
0
0
0
1
2942 81
1
2943 104
0
1
2944 74
0
1
2945 249
0
1
2946 51
0
1
2947 184
0
0
0
1
2948 185
1
2949 196
0
1
2950 158
1
2951 208
1
2952 124
1
2953 108
0
0
0
1
2954 100
1
2955 89
1
2956 86
1
2957 20
1
2958 29
1
2959 8
1
2960 13
1
2961 122
1
2962 217
1
2963 104
1
2964 44
0
0
1
2965 49
0
0
1
2966 13
0
0
0
1
2967 151
1
2968 214
1
2969 240
0
1
2970 263
0
1
2971 199
1
2972 27
1
2973 242
1
2974 119
0
0
0
1
2975 211
0
0
0
1
2976 9
0
0
1
2977 56
1
2978 174
1
2979 165
1
2980 138
0
0
0
0
0
0
1
2981 169
0
1
2982 199
1
2983 103
0
1
2984 13
1
2985 28
1
2986 222
0
0
0
0
1
2987 230
0
1
2988 31
1
2989 187
0
1
2990 84
0
1
2991 128
0
1
2992 192
1
2993 264
1
2994 229
1
2995 75
0
1
2996 96
1
2997 232
1
2998 4
0
1
2999 69
0
1
3000 256
1
3001 65
0
0
0
1
3002 36
0
1
3003 172
1
3004 28
1
3005 28
1
3006 17
0
1
3007 6
1
3008 94
0
1
3009 130
0
1
3010 240
1
3011 204
1
3012 138
0
1
3013 201
1
3014 5
1
3015 165
1
3016 50
0
1
3017 78
1
3018 138
1
3019 258
0
0
1
3020 145
0
1
3021 106
1
3022 140
1
3023 121
1
3024 226
1
3025 21
1
3026 181
0
1
3027 51
0
1
3028 151
0
1
3029 181
1
3030 158
1
3031 3
1
3032 158
1
3033 112
1
3034 207
0
0
1
3035 243
1
3036 190
1
3037 168
1
3038 56
1
3039 214
0
1
3040 92
1
3041 32
0
1
3042 209
0
1
3043 262
1
3044 30
1
3045 134
1
3046 65
0
1
3047 174
1
3048 205
0
1
3049 12
1
3050 63
1
3051 163
0
0
1
3052 217
1
3053 169
0
1
3054 168
1
3055 152
1
3056 211
1
3057 231
0
0
1
3058 136
1
3059 223
0
0
1
3060 68
1
3061 178
1
3062 113
1
3063 178
0
1
3064 191
0
1
3065 146
0
0
1
3066 42
1
3067 166
1
3068 93
1
3069 33
1
3070 194
0
0
1
3071 192
1
3072 100
1
3073 201
0
1
3074 45
0
1
3075 100
1
3076 198
0
0
1
3077 137
1
3078 166
0
1
3079 173
1
3080 20
1
3081 48
0
1
3082 36
1
3083 72
1
3084 38
0
0
1
3085 216
1
3086 245
0
1
3087 78
1
3088 2
1
3089 154
1
3090 80
1
3091 109
0
1
3092 47
1
3093 91
1
3094 133
0
1
3095 53
1
3096 68
1
3097 136
0
1
3098 258
1
3099 92
1
3100 227
1
3101 258
1
3102 20
1
3103 11
1
3104 104
1
3105 197
0
0
1
3106 10
0
1
3107 51
1
3108 9
1
3109 68
1
3110 203
1
3111 96
1
3112 20
0
1
3113 86
1
3114 148
0
1
3115 229
0
0
0
0
1
3116 37
1
3117 71
0
1
3118 262
1
3119 9
1
3120 12
0
0
0
1
3121 184
1
3122 44
1
3123 94
1
3124 190
1
3125 187
1
3126 126
1
3127 256
0
1
3128 82
0
1
3129 64
1
3130 65
1
3131 40
1
3132 257
1
3133 145
0
0
1
3134 85
0
1
3135 97
1
3136 231
1
3137 188
1
3138 220
1
3139 241
1
3140 146
1
3141 88
1
3142 222
0
1
3143 196
1
3144 176
1
3145 229
0
0
0
1
3146 232
0
1
3147 224
1
3148 258
1
3149 140
0
0
0
0
1
3150 203
0
1
3151 99
1
3152 22
1
3153 202
0
1
3154 136
1
3155 121
0
0
1
3156 90
1
3157 217
1
3158 44
1
3159 144
1
3160 59
0
0
0
0
0
0
1
3161 130
0
0
1
3162 140
1
3163 27
0
1
3164 64
0
0
1
3165 189
1
3166 119
0
1
3167 129
1
3168 126
1
3169 242
1
3170 170
0
0
1
3171 3
1
3172 163
0
0
0
0
0
0
0
1
3173 195
1
3174 119
1
3175 258
0
1
3176 16
1
3177 129
1
3178 31
1
3179 121
1
3180 263
1
3181 5
1
3182 238
1
3183 50
1
3184 45
1
3185 188
1
3186 252
1
3187 133
1
3188 90
1
3189 17
0
1
3190 112
0
1
3191 227
1
3192 218
1
3193 59
1
3194 151
1
3195 95
1
3196 58
0
1
3197 218
1
3198 233
0
1
3199 126
1
3200 198
1
3201 254
1
3202 139
1
3203 167
1
3204 22
0
1
3205 183
0
1
3206 136
1
3207 48
0
0
1
3208 263
0
0
0
1
3209 49
1
3210 92
0
0
0
1
3211 213
1
3212 195
0
1
3213 55
1
3214 256
1
3215 57
0
0
1
3216 134
0
1
3217 188
0
1
3218 242
1
3219 30
0
0
1
3220 125
0
0
0
1
3221 81
1
3222 112
1
3223 151
1
3224 263
1
3225 240
1
3226 148
1
3227 94
1
3228 98
1
3229 197
1
3230 21
1
3231 152
0
0
1
3232 111
1
3233 16
0
1
3234 235
1
3235 41
1
3236 207
1
3237 118
1
3238 204
1
3239 161
1
3240 111
0
1
3241 216
1
3242 147
1
3243 58
1
3244 56
0
0
0
0
1
3245 42
0
1
3246 185
1
3247 263
1
3248 14
1
3249 215
1
3250 238
1
3251 182
1
3252 119
0
1
3253 36
1
3254 146
1
3255 9
1
3256 66
0
0
1
3257 157
1
3258 132
0
0
0
1
3259 176
1
3260 114
1
3261 122
1
3262 94
0
1
3263 87
1
3264 15
1
3265 22
1
3266 169
1
3267 93
1
3268 51
1
3269 14
1
3270 260
1
3271 154
1
3272 218
1
3273 112
0
0
0
1
3274 189
1
3275 145
1
3276 10
1
3277 167
1
3278 114
1
3279 211
1
3280 31
1
3281 158
1
3282 225
1
3283 129
1
3284 126
0
0
0
0
1
3285 243
1
3286 247
1
3287 33
1
3288 112
0
1
3289 54
1
3290 199
0
1
3291 224
1
3292 54
1
3293 62
0
0
1
3294 87
1
3295 117
0
1
3296 23
1
3297 47
1
3298 13
0
0
1
3299 129
0
1
3300 89
0
1
3301 206
1
3302 24
1
3303 4
1
3304 223
1
3305 6
1
3306 64
0
0
1
3307 242
0
1
3308 33
0
1
3309 219
1
3310 77
1
3311 247
0
1
3312 191
0
1
3313 229
1
3314 261
1
3315 58
1
3316 228
0
0
0
1
3317 106
1
3318 252
1
3319 116
1
3320 222
1
3321 103
1
3322 111
1
3323 71
0
0
1
3324 165
0
1
3325 56
0
1
3326 50
0
1
3327 213
1
3328 118
1
3329 5
1
3330 149
1
3331 76
1
3332 237
1
3333 67
1
3334 247
0
0
0
1
3335 103
0
0
1
3336 80
1
3337 154
1
3338 210
1
3339 32
1
3340 74
0
0
1
3341 262
1
3342 77
1
3343 217
1
3344 183
0
1
3345 14
0
1
3346 130
1
3347 152
1
3348 11
1
3349 140
1
3350 32
1
3351 29
0
0
0
0
1
3352 74
0
1
3353 77
1
3354 127
1
3355 238
0
0
1
3356 111
1
3357 77
0
1
3358 37
1
3359 235
1
3360 125
0
1
3361 223
1
3362 103
1
3363 155
0
1
3364 52
0
0
1
3365 161
1
3366 182
1
3367 33
0
1
3368 142
0
1
3369 24
0
1
3370 254
1
3371 50
1
3372 104
1
3373 151
0
1
3374 91
1
3375 90
0
0
0
1
3376 137
1
3377 3
1
3378 111
1
3379 138
1
3380 147
1
3381 29
1
3382 234
1
3383 30
1
3384 22
1
3385 24
1
3386 208
0
0
0
0
0
0
1
3387 108
0
1
3388 57
0
1
3389 162
1
3390 194
1
3391 150
1
3392 68
0
0
0
1
3393 95
1
3394 150
1
3395 4
0
1
3396 117
0
0
1
3397 137
1
3398 100
0
0
1
3399 143
1
3400 103
1
3401 42
1
3402 102
0
0
1
3403 167
0
0
1
3404 184
0
1
3405 262
0
1
3406 38
0
0
1
3407 192
0
0
1
3408 76
0
1
3409 145
1
3410 45
1
3411 160
1
3412 186
0
0
0
1
3413 155
0
1
3414 218
1
3415 170
1
3416 18
0
0
0
1
3417 2
0
1
3418 60
1
3419 172
1
3420 189
0
0
0
1
3421 74
0
1
3422 3
1
3423 121
1
3424 40
0
0
1
3425 164
1
3426 13
0
1
3427 108
0
1
3428 193
1
3429 215
1
3430 179
0
0
0
1
3431 229
0
0
0
1
3432 232
1
3433 27
0
1
3434 159
1
3435 31
1
3436 105
0
0
0
1
3437 104
0
1
3438 244
1
3439 36
0
1
3440 165
1
3441 16
0
1
3442 169
0
1
3443 171
1
3444 111
1
3445 114
1
3446 72
0
0
1
3447 188
1
3448 38
0
0
1
3449 252
0
1
3450 73
1
3451 129
0
0
1
3452 103
1
3453 167
0
1
3454 213
1
3455 12
1
3456 152
0
1
3457 93
0
0
1
3458 9
0
1
3459 111
0
0
0
1
3460 22
0
1
3461 19
0
1
3462 151
0
1
3463 117
1
3464 167
1
3465 6
0
1
3466 105
1
3467 6
1
3468 160
0
1
3469 15
1
3470 214
1
3471 95
1
3472 240
0
1
3473 108
1
3474 126
1
3475 158
0
0
1
3476 34
1
3477 170
1
3478 4
1
3479 201
0
1
3480 24
1
3481 14
0
0
1
3482 105
1
3483 164
0
1
3484 93
1
3485 24
1
3486 206
1
3487 85
0
1
3488 262
0
0
1
3489 9
0
1
3490 129
0
1
3491 186
1
3492 159
1
3493 237
1
3494 17
1
3495 177
0
0
1
3496 219
0
0
0
0
0
0
1
3497 197
0
1
3498 12
0
0
1
3499 6
0
0
1
3500 116
0
0
1
3501 166
1
3502 211
1
3503 3
0
1
3504 219
0
0
1
3505 79
1
3506 245
1
3507 137
0
0
1
3508 29
0
1
3509 14
0
1
3510 246
0
1
3511 187
0
1
3512 24
1
3513 153
1
3514 181
0
1
3515 195
1
3516 200
1
3517 53
0
0
1
3518 146
1
3519 7
0
1
3520 86
0
0
1
3521 202
1
3522 237
0
0
0
0
0
0
1
3523 262
1
3524 131
1
3525 82
1
3526 79
1
3527 12
1
3528 264
1
3529 250
0
0
1
3530 130
0
0
1
3531 8
0
1
3532 207
0
1
3533 15
1
3534 64
1
3535 189
1
3536 37
1
3537 87
0
1
3538 34
1
3539 68
0
1
3540 248
0
1
3541 257
0
1
3542 17
1
3543 186
0
0
0
0
1
3544 114
1
3545 84
1
3546 199
0
0
1
3547 124
0
1
3548 74
0
0
1
3549 167
1
3550 226
0
1
3551 242
0
0
1
3552 3
1
3553 33
1
3554 256
0
1
3555 156
1
3556 63
0
0
1
3557 10
0
0
0
1
3558 113
0
1
3559 56
0
1
3560 190
1
3561 46
0
0
0
1
3562 120
1
3563 131
0
0
0
0
0
1
3564 6
1
3565 201
0
1
3566 171
0
0
0
1
3567 179
1
3568 14
0
0
0
0
1
3569 104
0
1
3570 248
1
3571 244
1
3572 85
0
0
1
3573 142
1
3574 193
1
3575 121
0
0
1
3576 44
1
3577 109
0
1
3578 179
1
3579 251
1
3580 263
1
3581 150
1
3582 46
0
1
3583 141
0
1
3584 212
1
3585 71
0
0
0
1
3586 255
0
0
0
0
0
1
3587 257
0
0
1
3588 215
0
1
3589 126
0
1
3590 156
0
0
1
3591 51
0
0
1
3592 152
0
0
1
3593 113
1
3594 237
1
3595 161
0
1
3596 224
0
1
3597 77
0
0
1
3598 167
1
3599 64
0
0
1
3600 146
0
0
1
3601 157
0
1
3602 4
1
3603 24
1
3604 157
0
0
0
1
3605 56
0
0
1
3606 219
0
0
1
3607 157
1
3608 194
1
3609 163
0
1
3610 165
1
3611 39
1
3612 188
1
3613 165
0
1
3614 220
0
1
3615 82
1
3616 122
1
3617 104
1
3618 231
0
0
0
0
1
3619 54
0
0
0
1
3620 82
0
1
3621 33
0
1
3622 145
1
3623 249
1
3624 109
1
3625 200
0
0
1
3626 52
0
0
0
1
3627 196
1
3628 180
0
0
1
3629 5
0
0
0
1
3630 138
0
0
1
3631 151
1
3632 254
1
3633 256
1
3634 143
1
3635 149
1
3636 204
0
0
0
0
0
0
0
0
1
3637 241
0
1
3638 29
0
0
0
0
1
3639 139
1
3640 189
1
3641 181
0
0
0
1
3642 213
0
1
3643 72
1
3644 188
0
1
3645 186
1
3646 147
1
3647 44
0
0
1
3648 56
1
3649 27
1
3650 3
0
0
0
1
3651 52
0
1
3652 250
0
1
3653 57
0
0
0
1
3654 94
0
1
3655 85
0
1
3656 93
0
1
3657 49
1
3658 256
1
3659 244
0
1
3660 217
1
3661 168
0
0
1
3662 65
1
3663 148
1
3664 176
0
0
0
0
0
1
3665 18
1
3666 12
1
3667 153
1
3668 104
1
3669 143
0
0
1
3670 202
1
3671 28
1
3672 45
0
0
0
1
3673 232
1
3674 24
1
3675 264
0
0
1
3676 30
0
0
0
1
3677 134
1
3678 33
1
3679 191
1
3680 199
1
3681 79
1
3682 199
0
0
0
0
0
1
3683 147
0
0
0
0
0
1
3684 160
0
0
0
0
1
3685 238
0
0
1
3686 69
0
1
3687 92
1
3688 203
1
3689 99
0
0
1
3690 208
0
0
0
0
0
0
0
0
1
3691 258
0
0
0
1
3692 251
0
1
3693 24
0
0
1
3694 85
0
1
3695 8
1
3696 139
1
3697 171
0
0
0
0
1
3698 63
1
3699 97
0
1
3700 170
0
1
3701 175
0
0
0
1
3702 257
0
1
3703 260
1
3704 14
1
3705 172
1
3706 9
1
3707 66
0
0
0
0
0
0
1
3708 38
0
1
3709 76
0
0
1
3710 179
0
0
1
3711 229
0
1
3712 156
0
0
0
0
0
1
3713 180
0
0
0
0
1
3714 186
0
1
3715 180
1
3716 253
0
0
1
3717 90
0
1
3718 23
1
3719 159
0
1
3720 222
0
1
3721 250
0
0
1
3722 211
1
3723 23
0
1
3724 32
0
0
1
3725 41
0
1
3726 257
1
3727 234
0
1
3728 34
0
1
3729 10
0
1
3730 264
0
1
3731 204
1
3732 5
1
3733 200
1
3734 209
1
3735 134
1
3736 126
0
0
0
1
3737 23
0
0
0
0
0
0
1
3738 170
1
3739 12
0
1
3740 88
0
1
3741 155
0
1
3742 91
1
3743 57
0
1
3744 199
0
0
0
1
3745 105
0
1
3746 189
1
3747 156
0
0
0
1
3748 9
1
3749 183
0
0
0
1
3750 109
1
3751 122
1
3752 152
1
3753 23
1
3754 88
0
1
3755 56
0
0
0
1
3756 8
1
3757 133
1
3758 92
0
0
1
3759 63
1
3760 82
0
1
3761 61
1
3762 3
0
0
1
3763 11
0
0
1
3764 220
0
1
3765 11
1
3766 42
0
0
0
0
1
3767 212
1
3768 234
0
1
3769 229
1
3770 243
1
3771 27
0
0
1
3772 45
1
3773 140
1
3774 5
0
1
3775 143
1
3776 134
0
1
3777 214
1
3778 205
0
0
1
3779 138
1
3780 167
1
3781 136
0
1
3782 84
0
0
1
3783 143
1
3784 109
0
0
1
3785 120
0
1
3786 90
1
3787 237
1
3788 85
0
1
3789 15
1
3790 52
1
3791 172
0
1
3792 136
0
0
0
1
3793 163
1
3794 89
1
3795 10
0
0
0
0
0
1
3796 219
1
3797 245
1
3798 81
0
0
1
3799 99
0
1
3800 226
0
1
3801 101
0
0
1
3802 112
0
0
0
0
0
1
3803 71
0
1
3804 67
0
0
0
0
1
3805 76
1
3806 224
0
0
0
1
3807 200
0
0
0
0
0
0
0
0
1
3808 217
0
1
3809 65
1
3810 124
0
1
3811 175
1
3812 206
0
1
3813 146
1
3814 45
0
1
3815 168
0
0
0
0
0
0
0
1
3816 171
1
3817 62
0
1
3818 141
1
3819 97
0
1
3820 84
1
3821 42
0
0
1
3822 2
1
3823 156
0
0
0
1
3824 75
0
0
0
1
3825 57
0
1
3826 81
1
3827 28
1
3828 150
0
0
0
0
1
3829 155
0
1
3830 168
0
0
0
1
3831 128
0
1
3832 228
0
1
3833 124
0
0
0
1
3834 215
1
3835 44
1
3836 115
1
3837 228
1
3838 5
1
3839 68
0
0
0
0
1
3840 80
0
0
0
1
3841 84
1
3842 225
0
0
1
3843 37
1
3844 105
1
3845 259
0
1
3846 105
1
3847 75
0
0
1
3848 251
1
3849 21
0
0
0
0
1
3850 49
0
0
1
3851 216
0
0
1
3852 109
1
3853 174
1
3854 174
0
1
3855 139
0
0
1
3856 223
1
3857 10
0
1
3858 199
0
0
0
0
1
3859 257
0
0
1
3860 111
0
0
0
1
3861 253
1
3862 177
0
1
3863 68
0
0
0
0
0
0
1
3864 60
1
3865 103
0
1
3866 39
0
1
3867 181
0
1
3868 54
1
3869 47
0
0
0
1
3870 143
1
3871 37
0
0
0
1
3872 120
0
1
3873 32
0
0
0
0
0
1
3874 154
0
0
1
3875 25
0
0
1
3876 238
1
3877 116
0
0
1
3878 164
0
0
1
3879 85
0
1
3880 64
1
3881 128
0
0
0
1
3882 127
1
3883 121
0
0
0
1
3884 144
1
3885 68
1
3886 216
1
3887 216
0
0
0
1
3888 145
1
3889 207
0
1
3890 118
1
3891 177
0
0
0
1
3892 65
1
3893 247
0
1
3894 121
1
3895 250
1
3896 17
1
3897 106
0
0
1
3898 91
1
3899 232
1
3900 54
0
0
1
3901 34
1
3902 77
0
1
3903 129
1
3904 260
0
1
3905 229
0
0
0
0
0
0
0
0
0
0
0
0
0
0
0
1
3906 181
0
1
3907 9
1
3908 253
0
1
3909 119
1
3910 124
0
0
1
3911 138
0
1
3912 4
0
1
3913 208
0
1
3914 249
1
3915 32
1
3916 190
1
3917 11
1
3918 116
0
1
3919 188
0
1
3920 159
1
3921 150
0
0
0
0
1
3922 253
0
1
3923 5
1
3924 247
1
3925 186
0
1
3926 169
0
0
0
0
0
0
0
1
3927 224
1
3928 4
1
3929 225
1
3930 176
1
3931 102
1
3932 134
0
0
0
1
3933 8
0
1
3934 28
0
0
0
1
3935 39
0
0
0
0
0
0
1
3936 230
1
3937 200
1
3938 258
1
3939 241
0
1
3940 58
1
3941 28
1
3942 167
0
1
3943 48
0
0
1
3944 3
0
1
3945 185
1
3946 245
0
1
3947 111
1
3948 193
1
3949 233
1
3950 20
1
3951 229
1
3952 229
0
1
3953 214
1
3954 203
1
3955 144
1
3956 30
1
3957 158
1
3958 103
0
1
3959 206
1
3960 255
0
0
0
0
1
3961 27
0
0
0
0
1
3962 159
0
0
1
3963 129
1
3964 255
1
3965 112
0
0
1
3966 21
1
3967 74
0
0
1
3968 258
0
1
3969 133
0
1
3970 24
0
0
0
0
0
0
0
1
3971 210
1
3972 262
0
0
1
3973 203
1
3974 100
0
0
1
3975 29
1
3976 36
0
0
0
0
0
1
3977 252
0
0
0
1
3978 152
1
3979 32
0
0
0
0
0
0
0
0
0
1
3980 64
0
0
0
0
0
0
0
1
3981 192
0
0
0
1
3982 254
0
0
1
3983 201
1
3984 86
1
3985 156
1
3986 97
0
0
1
3987 81
1
3988 32
0
0
0
1
3989 51
0
1
3990 14
1
3991 48
0
1
3992 120
0
0
1
3993 32
0
1
3994 136
0
0
1
3995 221
0
1
3996 41
0
0
0
1
3997 78
1
3998 185
0
0
0
1
3999 203
0
0
1
4000 142
0
0
0
0
1
4001 189
0
1
4002 98
1
4003 21
1
4004 166
1
4005 147
0
0
1
4006 125
1
4007 51
1
4008 37
0
0
0
0
1
4009 152
1
4010 263
1
4011 248
1
4012 170
0
0
0
0
0
0
1
4013 165
0
0
0
1
4014 21
0
0
1
4015 193
0
1
4016 41
1
4017 249
0
0
0
1
4018 57
1
4019 18
0
1
4020 107
0
0
1
4021 50
0
1
4022 28
0
0
0
1
4023 194
0
0
1
4024 169
0
0
0
0
1
4025 187
0
0
0
0
0
1
4026 70
0
0
0
1
4027 238
0
0
1
4028 192
1
4029 225
0
1
4030 12
1
4031 108
1
4032 90
0
0
0
1
4033 45
0
0
0
1
4034 245
1
4035 235
1
4036 14
1
4037 254
1
4038 140
0
0
1
4039 219
0
0
0
0
1
4040 242
1
4041 30
0
1
4042 74
0
1
4043 213
0
0
1
4044 44
1
4045 152
1
4046 4
0
1
4047 151
0
0
0
0
0
1
4048 43
1
4049 237
0
0
0
0
0
1
4050 124
0
0
1
4051 252
0
0
1
4052 51
1
4053 114
1
4054 251
0
1
4055 152
1
4056 110
0
0
0
0
0
0
0
0
0
0
0
0
0
1
4057 128
0
0
1
4058 22
0
0
0
1
4059 64
0
0
1
4060 196
0
1
4061 161
1
4062 51
1
4063 36
0
0
0
1
4064 64
0
0
0
1
4065 53
0
0
1
4066 58
0
1
4067 55
0
0
0
1
4068 264
1
4069 119
0
0
1
4070 135
0
0
0
1
4071 28
1
4072 167
0
0
1
4073 210
1
4074 216
1
4075 29
0
1
4076 169
0
0
1
4077 137
0
0
0
1
4078 142
0
0
0
1
4079 169
0
0
1
4080 205
1
4081 77
0
1
4082 61
0
0
1
4083 161
0
1
4084 28
0
0
0
0
0
0
1
4085 64
0
0
1
4086 102
1
4087 77
0
1
4088 6
0
0
0
1
4089 251
0
0
1
4090 239
0
1
4091 187
1
4092 180
1
4093 118
1
4094 160
0
0
0
1
4095 49
0
0
0
0
1
4096 204
1
4097 78
0
1
4098 222
0
1
4099 51
0
1
4100 152
0
0
0
0
1
4101 2
1
4102 172
1
4103 58
0
1
4104 224
0
0
0
0
0
0
1
4105 242
0
1
4106 205
0
0
1
4107 130
0
0
0
1
4108 201
0
0
1
4109 129
1
4110 220
0
0
0
1
4111 112
1
4112 112
1
4113 231
0
0
0
0
0
0
1
4114 186
1
4115 166
1
4116 142
1
4117 31
1
4118 65
1
4119 197
0
0
1
4120 48
0
1
4121 211
0
0
1
4122 17
0
0
0
0
0
0
0
1
4123 176
1
4124 218
1
4125 228
0
1
4126 5
0
0
0
0
0
0
1
4127 45
0
0
0
0
1
4128 158
1
4129 74
1
4130 197
1
4131 94
0
1
4132 155
0
1
4133 66
1
4134 41
1
4135 45
0
0
0
1
4136 92
0
0
0
0
1
4137 130
1
4138 232
1
4139 129
1
4140 179
0
1
4141 73
0
0
0
0
0
0
1
4142 112
0
1
4143 199
0
0
1
4144 164
1
4145 51
1
4146 77
1
4147 71
0
1
4148 260
1
4149 82
1
4150 243
0
0
0
0
0
0
1
4151 5
1
4152 225
0
0
0
1
4153 26
0
1
4154 113
1
4155 26
0
0
0
1
4156 148
0
0
0
0
1
4157 73
1
4158 193
0
0
0
0
1
4159 241
1
4160 20
0
1
4161 103
1
4162 118
0
1
4163 249
0
0
0
0
1
4164 142
1
4165 245
0
0
1
4166 118
1
4167 49
0
0
0
1
4168 54
0
0
1
4169 61
1
4170 53
0
0
0
1
4171 32
1
4172 151
0
1
4173 243
0
1
4174 235
0
0
0
1
4175 210
0
1
4176 76
0
0
1
4177 171
1
4178 103
1
4179 60
1
4180 166
0
1
4181 259
0
0
1
4182 37
1
4183 233
0
1
4184 204
1
4185 20
0
1
4186 153
0
1
4187 69
0
0
0
1
4188 125
1
4189 122
1
4190 191
1
4191 12
1
4192 233
0
0
0
0
1
4193 13
0
1
4194 210
1
4195 99
0
1
4196 3
0
1
4197 3
1
4198 120
1
4199 8
0
0
0
0
0
0
1
4200 100
1
4201 250
1
4202 136
0
0
0
1
4203 162
0
0
0
1
4204 125
1
4205 114
0
0
0
1
4206 94
0
1
4207 153
1
4208 121
0
0
0
0
1
4209 41
1
4210 171
0
0
1
4211 153
1
4212 31
1
4213 87
0
0
0
1
4214 100
0
0
0
1
4215 52
1
4216 206
1
4217 58
0
1
4218 136
0
0
0
0
0
0
0
0
0
0
0
1
4219 261
0
1
4220 41
0
0
0
0
0
0
1
4221 79
1
4222 134
0
0
0
0
0
1
4223 16
1
4224 112
1
4225 13
0
0
0
0
1
4226 140
0
1
4227 58
1
4228 133
0
1
4229 199
0
0
0
0
0
0
0
0
1
4230 183
0
0
0
0
0
0
0
0
0
0
1
4231 204
0
0
0
0
0
0
0
0
0
0
0
0
1
4232 234
0
0
1
4233 72
0
0
0
1
4234 240
0
0
0
0
0
1
4235 5
1
4236 254
0
0
0
1
4237 104
0
0
0
1
4238 47
1
4239 89
1
4240 125
0
0
1
4241 134
0
0
1
4242 258
1
4243 178
0
0
0
0
1
4244 211
0
1
4245 176
1
4246 191
1
4247 224
0
0
1
4248 152
0
1
4249 183
0
1
4250 20
1
4251 188
0
0
0
1
4252 92
0
0
0
0
0
0
1
4253 3
0
0
1
4254 195
1
4255 253
0
0
0
0
1
4256 229
0
1
4257 93
0
1
4258 32
0
0
0
1
4259 191
0
0
1
4260 112
1
4261 238
0
0
0
0
0
1
4262 229
0
1
4263 159
0
0
0
1
4264 61
1
4265 244
0
0
0
0
0
1
4266 143
0
1
4267 11
0
0
1
4268 84
0
1
4269 193
1
4270 71
0
1
4271 59
0
1
4272 62
1
4273 7
0
1
4274 264
0
0
1
4275 51
0
0
0
1
4276 191
0
0
0
1
4277 243
0
1
4278 179
0
0
0
0
1
4279 164
0
0
0
1
4280 15
0
0
0
0
0
0
0
0
0
0
1
4281 89
0
0
0
0
1
4282 123
1
4283 108
1
4284 225
0
1
4285 70
0
0
0
1
4286 29
0
0
0
0
0
0
1
4287 72
1
4288 234
1
4289 8
1
4290 11
1
4291 233
0
0
1
4292 46
0
1
4293 239
0
0
0
0
0
0
0
0
1
4294 64
0
0
0
0
0
0
0
1
4295 30
0
0
1
4296 93
0
0
0
0
1
4297 28
1
4298 106
0
0
0
1
4299 178
0
1
4300 172
1
4301 92
1
4302 114
0
0
0
1
4303 23
0
0
0
0
0
1
4304 181
1
4305 53
0
0
0
0
0
0
1
4306 254
0
1
4307 24
1
4308 24
1
4309 248
0
0
0
1
4310 99
0
1
4311 43
0
0
0
1
4312 143
0
0
0
0
1
4313 194
0
0
0
0
1
4314 81
1
4315 84
0
0
1
4316 119
1
4317 10
1
4318 180
1
4319 101
0
0
0
0
0
0
0
0
0
0
0
0
0
0
0
0
0
0
1
4320 176
1
4321 236
1
4322 88
0
0
0
0
0
0
1
4323 241
0
0
0
0
0
0
0
0
1
4324 42
1
4325 32
0
0
0
1
4326 214
0
0
1
4327 141
1
4328 136
0
0
1
4329 264
0
0
0
0
0
1
4330 153
0
0
0
0
0
0
1
4331 151
1
4332 202
0
0
0
1
4333 7
1
4334 136
0
1
4335 164
0
0
0
0
0
0
0
1
4336 112
1
4337 205
0
1
4338 133
0
1
4339 55
0
0
1
4340 41
0
0
0
0
1
4341 67
1
4342 264
0
0
1
4343 229
1
4344 237
1
4345 45
0
0
1
4346 60
0
0
0
0
1
4347 76
1
4348 59
0
0
0
0
0
0
1
4349 131
1
4350 228
0
0
0
1
4351 119
1
4352 234
1
4353 256
1
4354 13
0
0
1
4355 141
1
4356 54
0
0
0
0
1
4357 169
0
0
0
1
4358 120
0
0
0
0
0
1
4359 67
0
0
0
0
1
4360 43
0
0
0
1
4361 5
0
0
0
0
0
0
0
0
0
1
4362 187
0
1
4363 150
1
4364 181
0
1
4365 236
0
0
1
4366 210
1
4367 81
0
1
4368 229
1
4369 120
0
0
0
0
0
1
4370 245
1
4371 135
0
0
0
0
0
0
1
4372 74
0
0
0
0
0
0
0
0
1
4373 246
0
0
1
4374 94
0
0
1
4375 157
1
4376 3
0
1
4377 20
0
0
0
1
4378 86
0
0
1
4379 185
0
0
1
4380 130
0
1
4381 82
0
0
0
1
4382 29
0
0
0
0
0
1
4383 94
0
0
1
4384 47
0
1
4385 263
0
1
4386 173
0
0
0
0
1
4387 231
0
1
4388 72
0
1
4389 149
0
0
1
4390 90
0
0
0
1
4391 170
0
0
0
0
0
0
0
0
1
4392 151
0
0
0
0
0
0
0
1
4393 261
0
0
0
1
4394 61
0
0
0
0
0
0
0
0
1
4395 241
1
4396 212
0
0
0
0
1
4397 34
0
0
0
1
4398 109
0
1
4399 115
0
0
0
0
0
0
1
4400 138
1
4401 98
0
0
0
0
0
1
4402 247
1
4403 123
0
1
4404 24
1
4405 217
0
1
4406 253
0
1
4407 60
0
1
4408 49
0
1
4409 240
1
4410 106
1
4411 138
0
0
0
0
0
0
0
0
0
0
0
0
0
0
1
4412 208
0
1
4413 75
1
4414 118
0
0
1
4415 104
0
0
1
4416 45
1
4417 187
1
4418 98
1
4419 116
0
0
0
0
0
0
0
0
0
0
1
4420 203
0
0
0
0
1
4421 170
1
4422 51
0
0
0
1
4423 28
0
0
0
0
0
0
0
1
4424 161
0
0
0
0
0
0
0
0
0
0
0
0
0
0
1
4425 171
0
0
0
0
0
0
1
4426 39
0
0
1
4427 85
0
0
0
0
0
0
1
4428 11
1
4429 11
0
1
4430 104
0
0
0
1
4431 34
0
0
0
0
0
0
0
0
0
0
0
0
0
1
4432 237
0
0
1
4433 88
1
4434 171
0
0
0
0
0
0
0
1
4435 132
0
1
4436 53
0
0
1
4437 239
1
4438 34
1
4439 34
0
0
0
0
0
0
0
1
4440 37
1
4441 204
0
0
0
1
4442 196
1
4443 21
1
4444 185
1
4445 237
0
1
4446 22
1
4447 73
1
4448 18
0
0
0
0
0
1
4449 37
1
4450 68
1
4451 28
1
4452 181
0
0
0
0
0
0
1
4453 219
1
4454 76
0
0
0
0
1
4455 182
1
4456 31
0
1
4457 107
0
0
0
0
0
1
4458 197
1
4459 47
1
4460 19
0
1
4461 129
0
0
0
1
4462 128
0
1
4463 2
0
0
0
0
1
4464 142
0
1
4465 215
1
4466 54
0
0
0
0
0
0
0
0
0
1
4467 15
0
0
1
4468 168
0
1
4469 97
0
0
0
0
0
0
0
0
1
4470 255
0
0
0
0
0
1
4471 122
0
0
0
1
4472 63
0
1
4473 174
0
0
0
1
4474 227
0
0
1
4475 177
0
0
0
0
1
4476 233
0
1
4477 169
0
0
1
4478 217
0
0
0
0
0
0
1
4479 139
0
0
1
4480 214
0
1
4481 5
0
1
4482 259
1
4483 138
1
4484 71
0
0
0
0
0
0
0
0
0
0
0
1
4485 55
0
1
4486 159
0
1
4487 185
1
4488 249
0
0
0
0
0
1
4489 117
0
0
0
1
4490 126
1
4491 68
0
0
0
0
0
0
0
0
0
1
4492 51
0
1
4493 157
0
0
0
0
0
0
0
0
0
0
1
4494 144
0
0
0
0
0
0
1
4495 47
0
0
0
0
0
1
4496 226
0
1
4497 111
0
1
4498 226
1
4499 24
0
0
1
4500 128
1
4501 164
0
1
4502 207
0
0
1
4503 71
1
4504 49
0
0
0
0
0
0
1
4505 244
1
4506 245
0
0
0
0
0
0
1
4507 115
0
1
4508 72
0
1
4509 112
0
0
0
1
4510 99
0
0
0
0
0
0
0
0
0
0
0
0
1
4511 151
0
0
1
4512 181
0
1
4513 209
1
4514 151
1
4515 25
0
0
1
4516 92
0
0
0
0
0
1
4517 66
0
1
4518 42
0
0
0
0
0
0
0
1
4519 41
1
4520 83
0
1
4521 63
1
4522 151
0
0
1
4523 189
0
1
4524 215
1
4525 237
1
4526 146
0
1
4527 246
0
0
0
0
0
0
1
4528 237
1
4529 187
0
0
0
1
4530 212
0
1
4531 26
0
1
4532 100
0
0
0
0
0
1
4533 11
0
0
0
0
1
4534 220
0
0
0
0
1
4535 127
1
4536 237
0
0
0
0
0
0
0
0
0
1
4537 77
1
4538 257
0
0
0
0
1
4539 192
0
0
1
4540 27
0
1
4541 186
0
0
0
0
0
1
4542 238
0
1
4543 82
0
1
4544 259
0
0
0
0
1
4545 233
0
0
0
1
4546 149
0
0
1
4547 138
1
4548 52
1
4549 67
1
4550 25
1
4551 50
0
1
4552 152
1
4553 247
0
0
0
0
0
0
0
0
0
1
4554 210
0
0
0
1
4555 201
1
4556 117
0
0
0
0
0
0
0
0
0
0
0
0
0
0
0
1
4557 253
0
0
0
1
4558 238
0
0
1
4559 114
0
0
0
1
4560 78
0
0
0
1
4561 99
0
0
0
1
4562 59
0
0
0
0
0
1
4563 36
0
1
4564 80
0
0
1
4565 20
0
1
4566 209
0
0
0
1
4567 111
0
0
1
4568 253
0
1
4569 245
0
0
0
0
0
0
0
0
1
4570 171
1
4571 116
0
1
4572 112
0
0
0
0
0
0
1
4573 165
0
0
0
0
1
4574 76
0
0
0
0
0
1
4575 240
0
0
0
0
0
0
0
0
0
0
0
0
0
0
0
0
0
0
0
0
0
0
0
0
0
0
0
0
1
4576 29
1
4577 61
0
0
0
0
0
0
0
0
1
4578 258
0
1
4579 214
0
0
1
4580 144
0
0
1
4581 254
0
0
0
0
0
0
0
1
4582 4
0
0
0
0
0
0
0
0
0
1
4583 68
0
0
0
0
0
1
4584 161
1
4585 198
0
0
0
0
1
4586 24
0
0
0
0
0
0
1
4587 212
0
0
0
0
0
0
1
4588 116
0
1
4589 263
0
0
0
0
1
4590 229
0
0
1
4591 109
0
0
0
0
0
0
0
0
0
0
1
4592 229
0
0
1
4593 153
0
1
4594 91
0
0
0
0
0
0
0
0
1
4595 14
0
0
0
0
0
0
0
0
1
4596 61
0
0
0
1
4597 204
0
0
0
1
4598 82
0
1
4599 175
1
4600 72
1
4601 164
0
0
1
4602 3
1
4603 202
0
1
4604 5
1
4605 114
0
0
0
1
4606 165
0
0
0
0
0
0
1
4607 204
1
4608 125
0
0
0
0
0
1
4609 258
1
4610 255
0
0
0
0
0
0
1
4611 97
0
0
0
0
1
4612 240
1
4613 122
0
0
0
0
0
1
4614 84
0
1
4615 81
0
1
4616 195
0
0
0
0
0
1
4617 149
0
0
1
4618 94
0
0
0
0
1
4619 45
0
0
0
0
0
0
0
0
0
0
0
1
4620 36
1
4621 124
1
4622 142
0
0
0
0
0
0
0
0
0
1
4623 119
0
0
0
0
0
1
4624 151
0
1
4625 234
1
4626 29
0
0
1
4627 53
0
1
4628 234
0
0
0
0
0
0
1
4629 160
1
4630 108
0
0
0
0
1
4631 213
0
0
0
0
0
0
0
0
0
0
0
0
1
4632 201
0
0
0
1
4633 56
0
0
0
0
0
0
0
1
4634 199
1
4635 93
1
4636 47
0
0
0
0
1
4637 15
0
0
1
4638 147
0
1
4639 172
0
0
1
4640 23
0
1
4641 64
0
1
4642 205
0
0
0
0
0
0
0
0
1
4643 164
0
0
0
1
4644 258
0
0
0
0
0
0
0
0
0
0
0
0
0
0
0
0
0
0
0
0
0
0
0
0
0
0
0
0
0
0
0
0
0
0
0
0
0
0
0
1
4645 99
0
1
4646 69
1
4647 64
0
0
1
4648 92
0
0
1
4649 110
0
0
0
0
1
4650 197
0
1
4651 52
0
0
0
1
4652 153
0
0
0
0
0
1
4653 74
0
0
1
4654 205
0
0
0
1
4655 29
0
0
0
0
0
0
0
1
4656 27
0
0
0
1
4657 58
0
0
0
0
1
4658 223
0
1
4659 263
0
0
1
4660 51
0
0
0
0
0
0
1
4661 232
0
0
1
4662 187
0
0
0
0
1
4663 184
0
0
0
0
0
0
1
4664 22
0
0
1
4665 110
0
0
0
0
0
0
1
4666 235
0
0
0
0
1
4667 92
0
0
0
0
1
4668 84
1
4669 263
1
4670 80
1
4671 137
0
0
0
0
1
4672 222
1
4673 260
0
0
0
0
0
1
4674 214
0
0
0
1
4675 93
0
1
4676 22
1
4677 256
1
4678 68
1
4679 181
0
0
0
0
0
1
4680 118
1
4681 106
0
0
1
4682 233
0
0
0
0
0
0
0
1
4683 97
0
1
4684 242
0
0
0
0
0
0
0
0
1
4685 88
0
1
4686 24
0
1
4687 66
0
0
0
0
0
1
4688 154
0
0
0
1
4689 34
0
0
0
0
0
0
0
0
0
0
0
0
0
1
4690 43
0
0
0
0
0
0
0
0
0
0
0
0
0
0
0
0
0
0
0
0
0
0
1
4691 235
1
4692 221
0
0
0
0
0
0
0
0
0
1
4693 165
0
0
1
4694 151
0
0
0
0
0
0
0
0
0
0
0
0
0
0
0
0
0
0
0
0
0
1
4695 24
0
0
0
0
0
0
0
0
0
1
4696 77
0
1
4697 7
0
0
0
0
0
0
0
0
0
0
0
0
0
0
0
0
1
4698 63
0
1
4699 150
1
4700 113
0
0
0
0
0
0
0
0
0
0
0
0
0
0
0
0
0
0
0
1
4701 207
0
0
0
0
1
4702 38
0
0
0
0
0
0
0
0
0
0
0
1
4703 247
0
0
0
0
0
1
4704 19
0
1
4705 239
0
0
0
1
4706 108
0
0
1
4707 243
0
0
0
0
0
1
4708 219
0
0
0
0
0
0
0
0
1
4709 57
0
0
0
0
0
0
1
4710 208
0
0
0
1
4711 228
0
0
0
0
0
0
0
0
0
0
0
0
0
0
0
0
0
1
4712 119
0
0
0
0
0
0
0
1
4713 6
0
0
0
0
0
0
0
0
0
0
0
0
0
0
0
0
0
0
0
0
0
0
0
0
0
0
0
0
0
0
0
1
4714 29
0
0
0
0
0
0
0
0
0
0
0
0
0
1
4715 5
0
0
0
0
0
0
0
0
0
0
0
1
4716 49
0
0
1
4717 89
0
0
0
0
0
0
0
0
0
1
4718 56
1
4719 24
0
0
0
0
0
1
4720 14
0
1
4721 84
0
0
0
0
0
0
1
4722 211
0
0
0
0
0
1
4723 60
1
4724 24
0
0
1
4725 180
1
4726 78
0
0
0
0
0
0
0
0
0
0
0
0
0
0
0
0
0
0
1
4727 75
0
0
0
0
0
0
0
0
0
0
0
0
0
0
0
0
0
1
4728 130
0
0
0
0
0
0
0
1
4729 64
0
1
4730 26
0
1
4731 2
0
0
0
0
0
0
0
0
0
0
0
0
0
0
0
0
0
0
0
0
0
0
0
0
0
0
0
0
0
0
0
0
0
0
0
0
0
0
0
1
4732 236
0
0
0
0
0
0
0
0
0
0
0
0
0
0
0
1
4733 67
0
0
0
0
0
0
0
0
0
0
0
0
0
0
0
1
4734 72
0
0
0
0
0
0
1
4735 124
0
0
0
0
0
0
1
4736 233
0
0
0
0
0
0
0
0
0
0
1
4737 264
0
0
1
4738 248
0
0
0
0
0
0
0
0
0
0
0
1
4739 88
0
0
0
0
0
0
0
0
0
0
0
0
0
0
0
0
0
1
4740 171
0
1
4741 11
0
0
0
0
0
0
0
0
0
0
0
0
0
0
0
0
0
0
1
4742 185
0
0
0
0
0
0
0
0
0
0
0
0
0
0
0
0
0
0
0
0
0
0
1
4743 49
0
0
0
0
0
0
0
1
4744 81
0
0
0
0
0
0
0
0
0
0
0
0
0
0
0
0
0
0
0
0
0
0
0
0
0
0
0
0
0
0
0
0
0
0
0
0
0
0
0
0
0
0
0
0
1
4745 58
0
0
0
0
0
0
0
0
0
0
0
0
0
0
1
4746 203
0
0
0
0
1
4747 24
0
0
0
0
0
0
1
4748 167
0
0
0
0
0
0
0
0
1
4749 41
0
0
0
0
0
0
0
0
0
0
0
0
0
0
0
0
0
0
0
0
0
0
0
0
0
0
0
0
0
0
0
0
1
4750 31
0
0
0
0
0
0
0
0
0
0
0
0
0
0
0
0
0
0
0
0
0
0
0
0
0
0
0
0
0
0
0
0
0
0
0
0
0
0
0
0
0
0
0
0
0
0
1
4751 250
0
0
0
0
0
0
0
0
0
0
0
0
0
0
0
0
0
0
0
0
0
1
4752 47
0
0
0
0
1
4753 200
1
4754 264
0
0
0
0
0
0
0
0
0
0
0
0
0
0
0
0
0
0
0
0
0
1
4755 152
0
0
1
4756 111
0
0
0
0
1
4757 50
0
0
0
0
0
0
0
0
0
0
0
0
0
0
0
0
0
0
0
0
0
0
1
4758 258
0
0
1
4759 32
0
0
0
0
0
0
1
4760 171
0
0
0
0
0
0
0
0
0
0
1
4761 162
1
4762 184
0
0
0
0
0
0
1
4763 20
0
0
0
0
0
0
0
0
0
0
0
0
0
0
0
0
0
0
0
0
0
0
0
0
0
0
0
0
0
0
0
0
0
0
0
0
0
0
0
0
0
0
0
0
0
0
0
0
0
0
0
0
0
0
0
0
0
0
0
0
1
4764 204
0
0
0
0
1
4765 3
0
0
0
0
0
0
0
0
0
0
0
0
0
0
0
0
0
0
0
0
0
0
1
4766 212
0
0
0
0
0
0
0
0
0
0
0
0
0
0
0
0
0
0
0
0
0
0
0
0
0
0
0
0
0
0
0
0
0
1
4767 151
0
0
0
0
0
0
0
0
0
0
1
4768 87
0
0
0
0
0
0
0
0
0
0
0
0
0
0
0
0
0
0
0
0
0
0
0
0
0
0
0
0
0
0
0
0
0
1
4769 132
0
0
0
0
0
0
0
0
0
1
4770 176
0
0
0
0
0
0
0
0
0
0
0
0
0
0
0
0
0
0
0
0
0
0
0
0
0
0
0
0
0
0
0
0
0
0
0
0
0
0
0
0
0
0
0
1
4771 35
0
0
0
0
0
0
0
0
0
0
0
0
0
0
0
0
0
0
0
0
0
0
0
0
0
0
0
0
0
0
0
0
0
0
0
0
0
0
0
0
0
1
4772 166
0
0
0
0
0
0
0
0
0
0
0
0
0
0
0
0
0
0
0
0
0
1
4773 174
0
0
0
0
0
0
0
0
0
0
0
0
0
0
0
0
0
0
0
0
0
0
0
0
0
0
0
0
0
0
0
0
0
0
0
0
0
0
0
0
0
0
0
0
0
0
0
0
0
0
0
0
0
0
0
0
0
0
0
0
0
0
0
1
4774 236
0
0
0
0
0
0
0
0
0
0
0
0
0
1
4775 33
0
0
0
0
0
0
0
0
0
0
0
0
0
0
0
0
0
0
0
0
0
0
0
0
0
0
0
0
0
0
0
0
0
0
0
0
0
0
0
0
0
0
0
0
0
0
0
0
0
0
0
0
0
0
0
0
0
0
0
0
0
0
0
0
0
0
0
0
0
0
0
0
0
0
0
0
0
0
0
0
0
0
0
0
0
0
0
0
0
0
0
0
0
0
0
0
0
0
0
0
0
0
0
0
0
0
0
0
0
0
0
0
0
0
0
0
0
0
0
0
0
0
0
0
0
0
0
0
0
0
0
0
0
0
0
0
0
0
0
0
0
0
0
0
0
0
0
0
0
0
0
0
0
0
0
0
0
0
0
0
0
0
0
0
0
0
0
0
0
0
0
0
0
0
0
0
0
0
0
0
0
0
0
0
0
0
0
0
0
0
0
0
0
0
0
0
0
0
0
0
0
0
0
0
0
0
0
0
0
0
0
0
0
0
0
0
0
0
0
0
0
0
0
0
0
0
0
0
0
0
0
0
0
0
0
0
0
0
0
0
0
0
0
0
0
0
0
0
0
0
0
0
0
0
0
0
0
0
0
0
0
0
0
0
0
0
0
0
0
0
0
0
0
0
0
0
0
0
0
0
0
0
0
0
0
0
0
0
0
0
0
0
0
0
0
0
0
0
0
0
0
0
0
0
0
0
0
0
0
0
0
0
0
0
0
0
0
0
0
0
0
0
0
0
0
0
0
0
0
0
0
0
0
0
0
0
0
0
0
0
0
0
0
0
0
0
0
0
0
0
0
0
0
0
0
0
0
0
0
0
0
0
0
0
0
0
0
0
0
0
0
0
0
0
0
0
0
0
0
0
0
0
0
0
0
0
0
0
0
0
0
0
0
0
0
0
0
0
0
0
0
0
0
0
0
0
0
0
0
0
0
0
0
0
0
0
0
0
0
0
0
0
0
0
0
0
0
0
0
0
0
0
0
0
0
0
0
0
0
0
0
0
0
0
0
0
0
0
0
0
0
0
0
0
0
0
0
0
0
0
0
0
0
0
0
0
0
0
0
0
0
0
0
0
0
0
0
0
0
0
0
0
0
0
0
0
0
0
0
0
0
0
0
0
0
0
0
0
0
0
0
0
0
0
0
0
0
0
0
0
0
0
0
0
0
0
0
0
0
0
0
0
0
0
0
0
0
0
0
0
0
0
0
0
0
0
0
0
0
0
0
0
0
0
0
0
0
0
0
0
0
0
0
0
0
0
0
0
0
0
0
0
0
0
0
0
0
0
0
0
0
0
0
0
0
0
0
0
0
0
0
0
0
0
0
0
0
0
0
0
0
0
0
0
0
0
0
0
0
0
0
0
0
0
0
0
0
0
0
0
0
0
0
0
0
0
0
0
0
0
0
0
0
0
0
0
0
0
0
0
0
0
0
0
0
0
0
0
0
0
0
0
0
0
0
0
0
0
0
0
0
0
0
0
0
0
0
0
0
0
0
0
0
