350 537
234 1 4
215 3 3
243 265 1
323 27 4
135 208 3
176 40 2
285 223 3
17 148 3
58 95 3
3 184 4
185 247 5
250 97 2
261 273 3
15 317 4
238 164 3
176 159 4
319 205 4
12 346 3
41 319 3
284 167 3
5 301 3
166 101 5
193 26 4
182 332 4
302 45 4
68 188 3
288 248 3
144 88 4
323 337 2
187 11 3
169 186 6
102 110 4
57 136 2
247 245 3
263 312 3
214 201 4
92 279 3
292 340 3
31 76 2
299 153 3
327 285 3
327 94 4
29 220 4
70 300 4
304 39 2
338 304 4
188 195 4
114 125 4
296 213 3
86 43 2
203 220 3
122 239 2
188 182 3
4 98 5
333 56 5
325 119 4
78 291 4
111 235 4
135 342 4
8 172 4
339 5 4
233 348 5
96 290 3
341 303 4
200 61 5
190 156 3
146 123 5
28 336 4
193 24 3
325 263 3
319 13 3
274 119 2
191 74 5
300 287 2
149 187 3
209 48 4
90 304 3
151 28 5
308 169 4
88 101 4
30 220 2
63 308 3
109 127 4
257 243 3
290 322 4
104 163 3
179 334 3
227 20 3
252 91 4
311 44 4
264 333 3
156 256 2
320 207 4
280 19 4
4 252 4
25 298 3
312 274 3
136 253 2
141 255 4
45 159 4
18 317 4
133 158 3
250 151 3
350 62 2
23 337 3
112 350 5
46 301 5
115 130 3
177 194 3
277 171 3
87 51 3
196 113 3
294 103 1
218 40 3
34 212 2
137 288 3
177 331 4
105 143 4
102 113 3
262 59 3
137 347 5
123 235 2
272 205 2
249 163 2
149 222 4
37 311 2
71 74 3
191 328 3
334 299 4
239 78 3
93 267 3
190 101 4
266 170 3
216 307 4
269 143 4
227 14 3
338 251 4
6 41 4
148 339 5
60 232 3
308 83 5
215 315 3
67 268 4
147 294 4
241 275 4
18 340 3
141 347 4
68 210 3
73 130 4
70 184 3
104 231 4
192 189 3
251 250 4
135 154 4
22 30 3
276 103 2
283 166 4
150 35 4
161 44 2
54 206 2
174 310 2
61 206 3
49 315 5
98 91 4
21 62 3
222 268 2
240 246 4
35 309 3
324 316 3
129 240 2
16 245 3
29 22 1
84 256 3
213 179 4
223 144 4
348 249 3
244 266 3
52 181 2
15 37 4
221 157 3
122 306 4
180 129 3
295 314 5
261 36 4
50 140 5
114 64 4
70 93 3
259 131 3
23 323 3
10 143 4
11 12 4
207 47 3
216 120 3
62 337 3
334 119 4
286 281 4
311 161 1
168 277 3
9 136 4
56 210 3
157 60 2
156 221 4
336 75 3
332 132 3
228 268 3
102 108 5
49 198 1
61 248 3
274 325 3
24 46 4
283 204 4
218 118 2
85 74 4
310 2 2
90 264 4
306 239 3
257 215 5
236 158 4
39 90 3
153 225 2
162 134 1
10 130 4
168 110 4
128 72 2
129 199 3
287 231 3
282 20 3
116 157 4
96 303 3
38 93 4
238 66 5
258 45 2
15 254 3
308 186 3
305 133 2
207 152 2
255 127 5
208 154 4
112 196 4
303 259 3
298 63 2
320 2 3
83 125 1
269 95 4
29 275 3
210 195 2
31 82 5
282 205 4
314 129 3
242 279 2
3 335 2
100 180 3
33 334 2
284 65 4
16 329 4
260 52 4
80 142 4
321 295 4
94 271 5
203 159 4
233 209 5
165 171 3
116 100 4
97 19 4
211 312 5
212 209 4
113 80 4
85 328 3
187 266 5
236 340 4
246 314 3
253 289 3
14 247 3
305 42 5
152 174 3
202 322 3
267 287 4
105 269 3
257 255 4
282 53 5
27 170 3
281 233 4
275 203 4
228 138 1
313 100 3
229 336 5
189 234 5
329 6 3
36 117 3
264 338 2
281 194 4
289 150 4
321 228 2
140 271 4
313 343 2
7 272 3
118 213 3
59 109 4
147 172 2
299 160 3
134 302 2
8 47 3
305 158 2
123 316 3
347 59 3
219 298 4
163 201 3
128 232 5
161 178 2
121 147 4
24 26 3
283 328 3
278 55 3
90 199 2
302 115 3
154 145 3
200 206 3
277 165 5
19 251 3
141 96 5
213 326 2
229 126 4
270 241 5
276 326 2
75 89 1
166 217 3
270 324 3
311 178 3
301 339 3
326 121 2
120 56 2
46 193 3
183 37 2
117 325 4
105 261 4
175 332 3
274 225 3
30 104 4
227 185 5
150 57 3
17 164 4
318 214 1
49 279 4
231 249 4
60 116 3
165 145 3
7 65 3
260 226 2
198 242 3
346 297 3
292 92 3
342 284 4
151 97 4
7 145 4
8 324 4
89 345 3
177 181 4
1 287 4
142 350 5
197 31 5
259 288 3
289 320 3
57 253 2
278 345 5
215 335 3
316 235 4
132 68 3
41 36 3
341 290 3
197 25 4
131 234 3
81 82 2
168 266 3
173 57 3
299 225 2
170 149 5
65 53 3
291 211 5
162 258 1
212 182 3
230 23 3
204 86 4
254 224 4
6 245 3
190 217 4
265 82 2
127 76 5
240 180 4
195 56 2
331 286 2
55 87 2
132 175 3
4 167 3
63 186 4
246 72 3
152 17 2
73 12 4
99 280 4
293 77 2
79 173 4
27 222 3
116 221 4
87 126 5
37 178 2
318 162 1
226 69 4
321 323 4
262 248 4
230 21 5
58 273 3
33 179 4
297 73 4
26 309 2
45 134 4
293 146 2
270 22 4
202 341 2
335 315 5
55 256 4
94 139 4
34 332 2
265 155 4
121 276 3
157 144 5
71 223 4
6 16 4
14 20 3
81 242 3
120 195 3
32 128 2
108 208 3
200 54 2
155 31 4
38 194 5
178 344 2
28 344 3
32 72 4
97 254 4
107 50 3
44 344 3
259 293 4
118 40 2
54 77 5
18 224 3
232 32 3
307 199 3
103 121 2
318 209 4
79 124 2
153 78 3
161 183 4
125 237 3
181 226 3
244 196 4
331 99 3
50 21 2
280 286 4
88 71 2
202 96 4
343 180 3
252 53 3
9 146 3
48 38 4
107 142 5
42 83 3
329 117 1
92 198 1
285 271 3
217 204 3
64 219 3
89 229 4
210 307 4
139 230 4
322 184 2
52 99 3
172 164 5
124 173 3
81 243 2
297 115 2
160 276 3
117 263 2
349 80 4
86 84 2
24 309 4
338 51 4
214 258 2
273 13 4
252 167 3
58 171 4
330 313 2
25 106 4
73 11 3
227 91 2
348 201 1
84 43 3
9 235 3
69 267 4
42 114 4
2 174 1
208 110 4
289 111 3
191 101 5
218 176 2
296 160 4
236 183 3
95 10 3
139 140 3
17 47 3
13 272 3
317 224 2
175 34 4
43 278 4
66 306 3
219 237 3
197 106 3
295 138 3
108 349 3
110 244 2
216 333 2
192 131 4
300 1 3
64 237 4
326 296 4
119 33 3
77 146 4
330 39 3
155 76 1
35 310 4
148 238 5
138 67 4
258 134 2
345 126 4
330 343 1
321 67 2
137 262 4
69 70 5
122 294 2
10000
0
0
0
0
0
0
0
0
0
0
0
0
0
0
0
0
0
0
0
0
0
0
0
0
0
0
0
0
0
0
0
0
0
0
0
0
0
0
0
0
0
0
0
0
0
0
0
0
0
0
0
0
0
0
0
0
0
0
0
0
0
0
0
0
0
0
0
0
0
0
0
0
0
0
0
0
0
0
0
0
0
0
0
0
0
0
0
0
0
0
0
0
0
0
0
0
0
0
0
0
0
0
0
0
0
0
0
0
0
0
0
0
0
0
0
1
1 119
0
0
0
0
0
0
0
0
0
0
0
0
0
0
0
0
0
0
1
2 201
0
0
0
0
0
0
0
0
0
0
0
0
0
0
0
0
0
0
0
0
0
0
0
1
3 281
0
0
0
0
0
0
0
0
0
0
0
0
0
0
0
0
1
4 339
0
0
0
1
5 239
0
0
0
0
0
0
0
0
0
0
0
0
0
0
0
0
0
0
0
0
0
0
0
0
0
0
0
0
0
0
0
0
0
0
0
0
0
0
0
0
0
0
0
0
0
0
0
0
0
0
0
0
0
0
0
0
0
0
0
0
0
0
0
0
0
0
0
1
6 69
0
0
0
0
0
0
0
0
0
0
0
0
0
0
0
0
0
0
0
0
0
0
0
0
0
0
0
0
0
0
1
7 201
0
0
0
0
0
0
0
0
0
0
0
0
0
0
0
0
0
0
0
0
0
0
0
0
0
0
1
8 174
0
0
0
0
0
0
0
0
0
0
0
0
0
0
0
0
0
0
1
9 343
0
0
0
0
0
0
0
0
0
0
0
0
0
0
0
0
0
0
0
0
0
0
0
0
0
0
0
0
0
0
0
0
0
0
0
0
0
0
0
0
1
10 14
0
0
0
0
0
0
0
1
11 51
0
0
0
0
0
0
0
0
0
0
0
0
0
0
0
0
0
0
0
0
0
0
0
0
0
0
0
0
0
0
0
0
0
0
0
0
0
0
0
0
0
0
0
0
0
0
0
0
0
0
1
12 249
0
0
0
0
0
0
1
13 142
1
14 168
0
0
0
0
0
0
0
1
15 13
0
0
0
1
16 309
0
0
0
0
0
0
0
0
0
0
0
0
0
0
0
0
1
17 280
0
0
0
0
0
0
0
0
0
0
0
0
0
0
0
0
0
0
0
0
0
0
0
1
18 233
0
0
0
0
0
0
0
0
0
0
0
0
0
0
0
0
0
0
0
0
0
0
0
1
19 334
0
0
0
0
1
20 282
0
0
0
0
0
0
0
0
0
0
1
21 158
0
0
0
0
0
0
0
0
0
1
22 306
0
0
0
0
0
0
0
0
0
0
0
0
0
1
23 60
0
0
0
0
0
0
0
0
0
0
0
0
0
0
0
0
0
0
0
0
0
0
0
0
0
0
0
0
0
0
0
0
0
0
0
0
0
0
0
0
0
0
1
24 207
0
0
0
0
0
0
0
1
25 214
0
0
0
0
0
0
0
0
0
0
0
0
0
0
0
0
0
0
0
0
0
0
0
1
26 206
0
0
0
0
0
0
0
0
1
27 19
0
0
0
0
0
0
0
0
0
0
0
0
0
0
0
0
0
0
0
0
0
0
0
0
0
0
0
0
0
0
0
0
0
0
0
0
0
0
0
0
0
0
0
0
0
0
0
0
0
0
0
0
0
0
0
0
0
0
0
0
0
0
0
0
0
1
28 343
0
0
0
0
0
0
0
0
1
29 231
1
30 164
0
0
0
0
0
0
0
0
1
31 36
0
0
0
0
0
0
0
0
0
0
0
0
0
0
0
0
0
0
0
0
0
0
0
0
0
0
0
0
0
0
0
0
0
0
1
32 206
0
0
0
0
0
0
0
0
0
0
0
0
0
0
0
0
0
0
0
0
0
0
0
0
1
33 21
0
0
0
0
0
0
0
0
0
0
0
0
0
0
1
34 2
0
0
0
0
1
35 30
0
0
0
0
0
0
0
0
1
36 34
0
0
0
0
0
0
0
0
1
37 200
0
0
0
0
0
0
0
0
0
1
38 11
0
0
0
1
39 284
0
0
0
0
0
0
0
0
0
0
0
0
1
40 267
0
0
0
0
0
0
1
41 202
0
0
0
0
0
0
0
0
1
42 342
0
1
43 95
0
0
0
0
0
0
0
1
44 61
0
0
0
0
0
0
0
0
0
0
0
0
0
1
45 294
0
0
0
0
0
0
1
46 53
0
0
0
0
0
0
0
0
0
1
47 14
0
0
0
0
0
0
0
0
0
0
0
0
0
0
0
0
0
0
0
0
1
48 10
0
0
0
0
0
0
1
49 64
0
0
0
0
0
0
0
0
0
0
0
0
1
50 216
1
51 47
0
0
0
0
0
0
0
0
0
0
0
0
0
0
0
0
0
0
0
0
0
0
0
0
0
0
0
1
52 233
1
53 7
0
0
0
0
0
0
0
0
0
0
0
0
0
0
0
0
0
0
0
0
0
1
54 105
0
0
0
0
0
0
0
0
1
55 75
0
0
0
0
0
0
0
0
0
1
56 233
0
0
0
0
0
0
0
0
0
0
0
0
1
57 72
0
0
0
0
0
0
0
0
0
0
0
0
0
0
0
0
1
58 180
0
0
0
0
0
0
0
0
0
0
0
0
0
0
0
1
59 68
0
0
0
0
0
0
0
0
0
0
0
0
0
0
0
0
0
0
0
0
0
0
0
0
1
60 185
0
1
61 218
0
0
0
0
0
0
0
1
62 43
0
0
0
0
0
0
0
0
1
63 135
1
64 38
0
0
0
0
0
0
0
0
0
0
0
0
0
0
0
0
0
0
0
0
0
0
0
0
0
0
1
65 95
0
0
0
0
0
0
0
0
0
1
66 318
1
67 133
0
0
0
0
0
0
1
68 196
0
1
69 168
1
70 193
0
0
0
0
1
71 217
0
0
0
0
0
0
0
0
0
0
0
0
1
72 47
0
0
0
0
0
0
0
0
0
0
0
0
0
1
73 255
1
74 190
0
0
0
0
0
0
0
0
1
75 101
0
0
0
0
0
0
0
0
0
0
0
0
1
76 239
0
1
77 260
0
0
0
1
78 95
0
0
0
0
0
0
0
1
79 64
0
0
0
0
0
0
0
1
80 142
0
0
0
0
0
0
0
0
0
0
0
0
0
0
0
0
0
0
0
0
0
0
0
0
0
1
81 263
0
0
0
0
1
82 195
0
0
0
1
83 31
0
0
0
0
0
0
1
84 147
0
0
0
0
1
85 55
0
0
0
0
0
1
86 9
0
0
0
1
87 38
0
0
0
0
0
0
1
88 194
1
89 94
0
0
0
0
0
0
0
0
0
0
1
90 104
0
0
0
0
1
91 310
0
0
0
0
0
0
0
1
92 329
0
0
0
0
0
0
0
0
0
0
0
0
0
1
93 46
0
0
0
0
0
0
1
94 49
0
0
0
0
0
0
0
0
0
0
0
0
0
0
0
0
0
0
1
95 35
0
0
0
0
0
0
0
0
0
1
96 341
0
0
0
0
0
0
0
0
0
0
0
0
0
0
0
0
0
0
1
97 49
0
0
0
1
98 145
1
99 215
0
0
0
0
0
0
0
0
1
100 182
1
101 341
0
0
0
0
0
0
0
0
0
0
0
1
102 78
0
0
0
0
0
0
1
103 137
0
0
0
0
1
104 193
1
105 193
0
1
106 88
0
1
107 70
0
0
0
0
0
0
0
0
0
0
0
0
0
0
0
0
0
1
108 64
0
0
1
109 152
0
0
0
0
0
1
110 50
0
0
1
111 150
0
0
1
112 165
0
0
0
0
0
0
0
0
0
1
113 84
0
0
0
1
114 260
0
1
115 301
0
1
116 316
1
117 51
0
0
0
0
0
0
0
0
0
0
1
118 341
0
0
1
119 281
0
0
0
0
1
120 25
0
0
0
0
0
0
1
121 149
1
122 25
0
0
0
1
123 337
0
1
124 350
0
0
0
0
0
0
0
0
0
0
0
0
0
1
125 309
1
126 270
0
0
0
0
0
0
0
0
0
0
0
0
0
0
1
127 116
0
0
0
0
0
0
0
0
1
128 150
0
0
1
129 287
0
1
130 310
0
0
0
0
0
0
0
0
0
0
0
0
0
0
0
0
1
131 271
0
0
0
0
0
0
0
0
0
0
0
0
0
0
0
0
0
0
0
0
0
1
132 52
1
133 350
0
0
0
0
0
0
0
0
0
1
134 28
1
135 201
0
1
136 180
1
137 265
0
0
0
0
0
0
0
0
0
1
138 130
1
139 158
0
0
1
140 276
0
0
1
141 53
1
142 25
0
0
0
0
0
0
0
0
0
1
143 222
0
0
0
0
0
0
0
0
1
144 75
1
145 115
0
0
0
0
0
0
0
0
0
1
146 46
0
0
0
0
0
0
0
0
0
0
0
0
0
0
0
0
0
0
0
0
0
0
0
0
0
0
0
0
0
0
0
0
1
147 109
0
0
0
0
0
1
148 193
1
149 142
0
0
0
0
0
0
0
1
150 88
0
0
0
1
151 223
0
0
1
152 232
0
0
0
0
0
0
0
0
1
153 125
0
1
154 312
0
0
0
1
155 116
0
1
156 301
0
0
0
0
0
0
0
0
0
1
157 64
0
0
1
158 264
0
1
159 89
0
1
160 250
0
1
161 113
1
162 300
0
0
0
0
0
0
1
163 254
0
0
0
1
164 19
0
0
0
0
1
165 269
0
0
0
0
0
0
1
166 336
0
0
0
0
1
167 223
0
0
0
0
1
168 164
0
0
1
169 98
0
0
0
0
0
0
0
0
0
0
1
170 61
0
0
0
0
0
0
0
0
0
0
0
0
0
0
0
0
0
0
0
0
1
171 277
0
0
0
0
0
0
0
1
172 76
0
0
0
0
1
173 77
1
174 338
0
0
1
175 266
1
176 262
1
177 202
0
0
1
178 103
0
0
0
0
0
1
179 234
0
0
1
180 105
1
181 226
1
182 176
0
0
0
0
0
0
0
0
0
0
0
0
1
183 168
0
0
0
0
0
0
0
0
1
184 199
0
0
0
0
0
0
0
1
185 232
1
186 74
0
0
0
0
0
0
0
0
0
0
0
0
0
0
1
187 38
0
0
0
1
188 314
1
189 308
1
190 138
0
0
0
0
1
191 117
0
0
0
0
1
192 233
0
0
0
0
0
0
0
0
0
0
0
0
1
193 144
0
0
0
1
194 261
1
195 314
0
0
0
0
0
1
196 91
0
0
0
1
197 206
0
1
198 292
1
199 174
1
200 126
0
0
0
0
0
0
1
201 316
0
0
0
0
0
0
0
1
202 347
1
203 295
0
0
0
0
0
0
0
0
0
1
204 183
1
205 70
0
0
1
206 85
1
207 250
1
208 345
1
209 334
0
0
0
0
0
0
1
210 312
0
1
211 235
0
0
0
0
1
212 17
0
0
0
0
0
0
1
213 201
1
214 170
0
0
0
0
0
0
1
215 260
0
0
1
216 227
1
217 83
0
0
0
0
1
218 296
0
0
0
0
0
1
219 329
1
220 239
0
0
0
0
0
0
0
1
221 184
1
222 318
1
223 154
0
0
1
224 97
0
0
0
0
1
225 291
0
0
0
0
0
0
0
1
226 337
0
1
227 166
0
0
0
0
0
0
0
0
0
0
0
1
228 94
0
0
0
0
1
229 194
1
230 220
0
0
0
0
1
231 256
1
232 248
0
0
0
0
0
1
233 251
0
1
234 155
0
0
0
0
1
235 346
0
0
0
1
236 111
0
1
237 211
0
0
0
0
1
238 77
0
0
0
0
0
0
0
0
1
239 143
1
240 229
1
241 264
0
1
242 348
0
0
0
0
1
243 342
0
0
1
244 227
0
0
0
0
0
0
0
1
245 345
1
246 231
1
247 13
0
0
0
1
248 335
0
1
249 227
0
0
1
250 252
1
251 4
0
0
0
0
0
0
1
252 4
0
0
0
0
0
0
0
0
0
0
1
253 228
0
0
0
0
0
0
0
0
0
0
0
0
0
0
0
0
0
0
0
1
254 237
0
0
1
255 288
1
256 143
0
0
0
0
0
0
0
0
1
257 289
0
1
258 25
1
259 301
0
0
0
0
0
0
0
1
260 46
0
0
0
0
0
0
0
0
0
1
261 326
0
0
0
0
1
262 77
1
263 287
0
0
0
0
0
0
1
264 254
0
0
0
0
0
1
265 237
1
266 337
0
1
267 255
0
1
268 325
1
269 202
1
270 155
0
1
271 59
0
1
272 143
0
1
273 139
0
0
0
0
0
0
1
274 221
0
1
275 44
0
1
276 219
0
0
0
0
0
1
277 70
0
0
0
0
0
1
278 322
0
1
279 184
0
0
1
280 107
1
281 86
0
1
282 48
1
283 43
0
0
1
284 262
0
1
285 258
0
0
0
1
286 295
1
287 236
0
0
0
0
1
288 30
0
0
0
0
0
1
289 272
0
0
0
1
290 37
1
291 349
0
0
1
292 190
0
0
0
0
0
0
0
0
0
0
0
0
0
0
0
0
1
293 166
0
1
294 69
0
0
0
0
0
0
0
0
0
0
0
0
1
295 346
0
0
0
0
0
0
0
0
0
1
296 55
0
0
0
1
297 302
0
0
1
298 39
0
0
0
0
0
1
299 246
0
0
0
0
0
0
1
300 107
0
1
301 16
0
0
1
302 302
1
303 148
0
1
304 10
0
1
305 233
1
306 73
0
0
1
307 149
1
308 281
0
1
309 142
0
0
1
310 98
0
0
1
311 329
0
0
0
0
0
1
312 53
1
313 312
0
1
314 141
0
0
0
0
0
1
315 109
0
0
0
0
0
0
1
316 138
0
1
317 55
0
0
0
0
0
0
0
0
0
0
0
0
1
318 166
0
0
0
1
319 280
1
320 94
0
0
1
321 57
0
0
0
0
0
0
0
0
0
0
0
0
0
0
1
322 223
0
0
0
0
0
0
0
0
1
323 300
0
1
324 184
0
0
1
325 3
1
326 18
1
327 173
0
0
1
328 84
1
329 228
1
330 45
0
1
331 302
0
1
332 52
0
1
333 287
0
0
0
0
1
334 286
0
1
335 183
0
0
0
0
0
0
1
336 281
0
0
0
0
0
0
0
0
0
0
1
337 305
1
338 102
0
1
339 10
1
340 90
0
0
1
341 315
0
1
342 341
0
0
0
1
343 209
1
344 230
0
0
0
0
0
1
345 174
0
0
0
0
1
346 318
0
1
347 240
0
1
348 244
0
1
349 84
0
1
350 279
0
1
351 333
0
0
0
0
0
1
352 304
0
0
0
0
1
353 281
0
0
1
354 177
0
1
355 250
0
0
0
0
1
356 335
0
0
0
0
0
0
0
0
0
0
0
1
357 70
0
1
358 174
1
359 318
1
360 194
0
0
1
361 254
0
1
362 36
1
363 59
1
364 3
0
0
1
365 223
0
0
1
366 47
0
0
0
0
1
367 10
0
1
368 241
1
369 41
0
0
1
370 332
0
1
371 288
0
0
1
372 182
0
0
0
0
0
0
0
0
0
0
0
0
0
0
0
1
373 84
1
374 145
0
0
1
375 193
1
376 228
0
0
0
0
1
377 309
0
0
1
378 199
0
0
0
0
1
379 176
0
0
1
380 165
1
381 110
1
382 30
1
383 29
0
0
1
384 44
1
385 48
0
0
0
1
386 341
1
387 144
0
0
0
1
388 348
0
1
389 93
1
390 312
0
0
1
391 62
0
1
392 218
0
0
0
0
0
0
1
393 336
0
0
0
0
0
0
0
1
394 158
0
1
395 213
0
0
0
1
396 123
0
1
397 93
0
0
0
0
0
0
1
398 227
0
0
0
0
1
399 213
0
0
0
1
400 311
1
401 158
1
402 52
1
403 257
0
0
0
1
404 202
1
405 283
1
406 189
1
407 297
0
0
0
0
0
0
0
0
0
0
0
0
1
408 30
1
409 248
0
0
0
1
410 16
1
411 38
1
412 210
1
413 67
0
0
0
0
0
0
0
0
1
414 164
1
415 132
0
0
0
1
416 255
0
1
417 343
1
418 29
0
1
419 340
0
0
0
0
0
0
0
0
0
1
420 226
0
1
421 8
0
0
0
1
422 49
0
0
0
1
423 286
0
0
1
424 13
1
425 210
0
0
0
1
426 62
0
0
1
427 201
0
0
0
0
0
0
0
0
1
428 302
0
0
1
429 321
0
0
0
0
0
0
0
0
1
430 79
1
431 336
0
1
432 218
0
0
1
433 7
0
0
0
0
0
0
0
1
434 299
0
1
435 204
0
0
0
1
436 331
0
1
437 285
0
0
0
1
438 96
0
0
0
0
0
0
0
0
1
439 237
0
0
0
1
440 286
0
0
0
0
0
0
0
1
441 333
0
0
1
442 5
0
1
443 173
0
0
0
0
0
0
0
0
0
0
0
1
444 183
0
1
445 15
0
0
0
0
1
446 184
0
0
0
1
447 181
0
0
0
1
448 274
0
0
0
1
449 320
1
450 228
1
451 315
1
452 213
0
0
0
0
0
0
1
453 21
1
454 148
0
1
455 298
1
456 21
0
0
1
457 280
1
458 81
0
0
0
0
1
459 85
1
460 317
0
0
0
1
461 320
0
0
0
0
0
0
0
1
462 97
0
1
463 104
1
464 154
1
465 22
1
466 250
0
1
467 198
0
0
0
0
0
0
1
468 277
0
0
0
0
1
469 84
0
1
470 231
0
0
1
471 147
1
472 233
0
0
0
0
0
0
0
0
1
473 212
0
0
0
0
1
474 347
0
0
0
0
1
475 14
0
0
0
0
1
476 281
0
1
477 55
0
1
478 137
0
0
0
0
0
0
1
479 274
1
480 220
0
1
481 288
0
0
1
482 235
1
483 274
0
1
484 202
0
0
0
0
1
485 25
0
0
0
0
1
486 217
0
0
0
0
1
487 80
1
488 327
1
489 217
0
0
1
490 241
0
0
1
491 19
1
492 335
1
493 77
0
0
0
0
0
1
494 189
1
495 286
1
496 313
0
0
1
497 184
0
0
0
0
0
0
0
0
0
0
0
0
0
0
0
0
1
498 324
0
1
499 163
0
0
1
500 333
0
0
0
0
0
0
1
501 170
1
502 180
0
0
0
1
503 41
0
1
504 318
0
0
0
1
505 66
0
0
0
1
506 244
0
0
0
0
1
507 330
0
0
1
508 153
1
509 167
0
0
0
1
510 84
0
0
1
511 166
1
512 127
0
1
513 74
0
0
1
514 179
0
0
0
0
0
1
515 237
0
1
516 290
0
0
0
1
517 14
0
0
1
518 265
1
519 200
0
0
0
0
0
0
0
1
520 257
0
1
521 234
1
522 134
0
1
523 192
0
1
524 209
0
0
0
1
525 132
1
526 89
0
0
0
0
1
527 155
0
0
1
528 62
0
1
529 12
0
0
0
0
0
0
0
0
0
1
530 187
0
0
1
531 84
0
0
0
0
0
0
1
532 141
0
0
0
0
1
533 249
1
534 294
0
0
0
0
0
0
1
535 82
0
0
0
0
1
536 120
0
0
1
537 266
0
0
1
538 58
1
539 303
1
540 86
1
541 222
1
542 297
1
543 315
0
1
544 177
1
545 28
0
1
546 252
1
547 298
1
548 291
0
0
0
1
549 220
0
0
1
550 148
1
551 300
1
552 159
0
0
1
553 159
0
0
1
554 10
0
1
555 286
1
556 110
1
557 304
1
558 325
0
0
0
0
0
1
559 93
1
560 196
1
561 157
1
562 163
0
0
0
1
563 50
0
1
564 145
0
0
0
0
1
565 346
0
1
566 250
0
0
0
0
0
1
567 170
0
1
568 31
0
0
0
1
569 310
0
0
0
0
0
0
1
570 228
1
571 265
0
1
572 136
0
0
1
573 144
0
0
1
574 237
0
1
575 242
1
576 257
0
0
1
577 176
1
578 325
0
0
0
1
579 318
0
0
1
580 224
0
1
581 309
1
582 286
0
0
0
0
0
1
583 237
0
0
1
584 251
1
585 59
0
0
0
0
0
1
586 343
0
1
587 145
1
588 51
1
589 18
1
590 100
0
1
591 322
1
592 225
0
0
1
593 40
0
0
1
594 119
1
595 300
0
0
0
1
596 192
0
0
1
597 332
0
0
0
0
0
1
598 263
0
0
1
599 93
0
0
0
0
1
600 93
1
601 223
0
1
602 261
0
1
603 52
1
604 223
1
605 38
0
0
0
1
606 7
1
607 108
1
608 134
1
609 57
1
610 174
0
1
611 132
0
0
1
612 100
0
0
1
613 340
1
614 254
0
0
1
615 113
0
0
1
616 232
0
1
617 202
0
0
0
1
618 37
0
0
0
0
1
619 131
1
620 87
1
621 256
0
0
1
622 77
1
623 270
1
624 278
0
1
625 299
1
626 28
1
627 260
1
628 182
1
629 303
0
0
1
630 143
1
631 71
0
0
1
632 139
0
1
633 331
0
0
0
1
634 163
0
0
0
1
635 62
0
1
636 181
0
0
0
0
0
0
0
0
1
637 61
0
0
1
638 27
1
639 236
1
640 310
1
641 296
0
1
642 84
0
0
0
0
0
0
1
643 148
0
0
0
0
1
644 189
1
645 117
0
1
646 39
1
647 137
0
0
0
0
1
648 234
1
649 129
1
650 288
0
0
1
651 70
0
0
0
0
1
652 127
1
653 75
1
654 234
1
655 22
1
656 42
0
1
657 104
1
658 18
1
659 291
1
660 28
0
1
661 156
1
662 157
0
0
0
1
663 115
0
1
664 13
1
665 130
0
0
1
666 163
1
667 4
0
1
668 192
1
669 270
1
670 209
0
0
0
0
0
1
671 176
0
1
672 287
1
673 133
0
1
674 246
0
0
0
0
1
675 187
0
1
676 38
1
677 230
1
678 29
0
0
0
1
679 155
0
0
1
680 275
0
0
0
0
0
0
1
681 155
0
0
0
0
1
682 259
1
683 18
1
684 154
1
685 10
0
0
1
686 27
0
1
687 24
0
0
0
0
1
688 148
0
0
0
0
0
1
689 328
1
690 316
0
0
1
691 66
1
692 286
0
1
693 54
1
694 322
0
0
0
1
695 136
0
0
0
1
696 93
0
0
0
1
697 247
1
698 113
1
699 150
1
700 264
1
701 181
1
702 53
0
0
0
0
0
0
1
703 177
0
1
704 347
0
0
1
705 115
1
706 253
1
707 2
1
708 333
0
0
0
0
1
709 316
1
710 184
1
711 4
0
0
1
712 194
1
713 2
0
1
714 184
0
0
0
0
1
715 315
0
0
1
716 291
0
1
717 25
1
718 350
1
719 287
1
720 270
0
0
0
0
1
721 243
0
0
0
0
0
1
722 63
0
0
1
723 187
0
0
1
724 129
0
1
725 345
1
726 302
0
0
0
0
0
1
727 51
0
1
728 96
0
0
0
0
0
0
1
729 135
0
1
730 158
1
731 238
0
1
732 181
0
1
733 331
1
734 251
0
0
1
735 147
1
736 56
0
1
737 65
1
738 349
1
739 194
0
1
740 94
1
741 31
1
742 342
1
743 277
0
1
744 14
0
0
1
745 331
0
0
0
0
1
746 161
1
747 257
0
1
748 141
1
749 128
0
0
0
1
750 311
0
1
751 311
1
752 8
1
753 85
0
0
1
754 348
0
0
0
0
1
755 200
0
1
756 262
1
757 30
1
758 245
0
0
0
1
759 138
0
0
0
0
1
760 269
1
761 283
1
762 129
0
0
0
0
1
763 135
1
764 215
0
0
1
765 234
1
766 16
0
0
0
1
767 4
0
0
0
1
768 183
1
769 153
0
0
0
1
770 258
0
1
771 178
1
772 21
0
0
1
773 203
0
0
1
774 139
0
0
1
775 176
0
0
0
0
0
0
0
0
1
776 259
0
1
777 53
1
778 9
0
0
1
779 31
1
780 158
1
781 52
1
782 339
0
0
1
783 142
1
784 228
1
785 230
1
786 269
0
1
787 211
0
1
788 69
0
1
789 296
0
0
0
0
0
0
0
1
790 12
0
0
0
1
791 215
0
0
0
1
792 291
0
1
793 246
0
0
1
794 7
0
0
1
795 255
0
1
796 324
0
1
797 215
0
1
798 8
0
0
0
0
1
799 233
1
800 320
0
1
801 94
1
802 137
0
0
0
1
803 303
1
804 278
0
0
0
0
0
1
805 309
1
806 192
0
1
807 185
0
0
1
808 98
0
0
0
1
809 98
0
0
1
810 334
0
1
811 298
0
0
0
0
0
1
812 167
0
0
1
813 154
0
0
0
1
814 128
0
1
815 42
1
816 193
0
0
1
817 313
0
1
818 99
1
819 96
0
1
820 250
0
0
1
821 226
0
0
0
0
0
0
1
822 155
1
823 300
0
1
824 28
0
0
0
0
0
1
825 329
0
0
1
826 205
0
0
0
1
827 185
1
828 94
1
829 151
1
830 17
1
831 323
1
832 298
0
0
1
833 256
1
834 298
0
0
1
835 274
0
0
1
836 65
1
837 81
1
838 191
1
839 331
0
0
0
0
0
1
840 136
0
1
841 36
0
1
842 104
0
1
843 46
1
844 121
0
0
1
845 149
1
846 322
0
0
0
0
1
847 191
1
848 76
1
849 322
0
0
0
0
0
0
0
0
1
850 92
1
851 348
1
852 220
1
853 121
0
1
854 67
1
855 334
0
1
856 136
0
1
857 274
0
0
1
858 251
1
859 70
0
0
1
860 306
0
1
861 257
1
862 70
0
0
0
0
0
0
1
863 132
1
864 44
0
0
0
0
0
1
865 59
1
866 70
0
0
0
0
1
867 104
0
0
0
1
868 142
1
869 287
0
0
1
870 53
1
871 340
0
0
1
872 7
0
0
0
0
1
873 306
1
874 290
0
0
0
1
875 267
0
0
0
0
1
876 48
0
0
1
877 257
0
1
878 76
1
879 54
1
880 300
1
881 25
1
882 304
0
0
0
0
1
883 287
0
0
0
0
0
0
1
884 222
1
885 60
0
1
886 263
0
1
887 70
0
0
1
888 226
0
1
889 4
0
0
0
0
0
0
1
890 134
1
891 194
1
892 106
1
893 77
0
0
0
0
0
0
0
0
1
894 116
0
0
1
895 312
1
896 34
0
0
0
1
897 302
0
0
1
898 207
0
1
899 313
1
900 314
0
1
901 233
0
1
902 52
1
903 337
1
904 307
0
0
1
905 233
1
906 313
1
907 350
1
908 76
0
1
909 3
0
1
910 341
0
1
911 209
0
1
912 194
0
0
0
0
0
0
1
913 75
1
914 344
0
0
0
0
0
0
0
1
915 19
0
1
916 56
0
1
917 335
0
0
1
918 255
0
0
0
1
919 125
1
920 75
1
921 255
1
922 260
0
0
1
923 334
1
924 233
1
925 187
1
926 295
1
927 201
0
0
1
928 249
0
0
1
929 174
0
0
0
1
930 146
1
931 263
0
1
932 295
0
0
0
0
1
933 189
1
934 132
1
935 279
0
1
936 157
0
0
0
1
937 81
0
1
938 237
1
939 330
1
940 191
1
941 284
0
0
0
0
1
942 190
1
943 165
0
1
944 243
0
1
945 34
1
946 317
0
1
947 106
0
1
948 282
0
0
1
949 199
1
950 157
0
0
1
951 143
1
952 45
0
0
1
953 281
0
0
0
1
954 134
0
0
0
1
955 273
1
956 97
0
0
0
1
957 310
1
958 53
1
959 28
1
960 172
0
1
961 58
1
962 300
1
963 234
0
1
964 58
1
965 87
0
1
966 60
0
1
967 75
1
968 198
1
969 244
0
1
970 181
1
971 44
0
0
1
972 341
0
0
1
973 267
0
0
0
0
0
1
974 8
0
1
975 90
1
976 327
1
977 349
1
978 98
0
1
979 194
0
0
0
1
980 18
0
0
0
0
0
0
0
0
1
981 298
1
982 336
0
0
0
0
0
1
983 290
0
0
0
0
0
1
984 348
0
1
985 336
0
1
986 116
1
987 169
0
1
988 74
0
1
989 251
0
1
990 325
1
991 315
0
0
1
992 160
1
993 243
0
0
1
994 252
0
1
995 231
1
996 19
1
997 33
1
998 227
0
1
999 292
0
0
1
1000 258
1
1001 286
1
1002 329
0
1
1003 187
0
1
1004 295
1
1005 325
0
1
1006 13
1
1007 200
0
1
1008 28
0
0
0
0
1
1009 309
0
0
0
0
1
1010 306
0
1
1011 294
0
1
1012 232
0
1
1013 280
0
1
1014 145
0
1
1015 340
1
1016 328
1
1017 111
0
1
1018 295
0
0
1
1019 200
0
1
1020 193
1
1021 140
1
1022 302
0
0
0
0
1
1023 147
0
0
0
1
1024 56
0
1
1025 44
1
1026 98
1
1027 234
0
0
0
1
1028 237
0
0
0
1
1029 315
0
0
1
1030 166
0
1
1031 302
0
0
0
0
1
1032 59
1
1033 78
0
1
1034 291
1
1035 328
0
0
0
1
1036 218
0
0
0
1
1037 331
1
1038 14
1
1039 156
1
1040 2
1
1041 104
1
1042 249
0
0
0
0
0
0
0
0
1
1043 169
1
1044 181
1
1045 232
1
1046 295
1
1047 163
0
1
1048 329
0
1
1049 115
0
1
1050 227
0
0
1
1051 315
0
1
1052 49
0
1
1053 10
1
1054 155
1
1055 81
1
1056 140
0
1
1057 60
1
1058 250
0
0
1
1059 52
1
1060 61
0
1
1061 296
1
1062 146
1
1063 216
1
1064 292
1
1065 327
1
1066 131
0
1
1067 281
1
1068 155
1
1069 203
0
1
1070 248
1
1071 177
1
1072 186
1
1073 227
0
1
1074 220
0
1
1075 102
1
1076 337
1
1077 316
0
0
1
1078 29
0
0
1
1079 57
1
1080 335
1
1081 58
1
1082 16
1
1083 195
0
0
1
1084 44
1
1085 251
1
1086 281
0
0
1
1087 121
0
0
1
1088 192
1
1089 240
1
1090 131
0
0
1
1091 240
1
1092 306
0
0
1
1093 311
1
1094 56
0
1
1095 196
0
1
1096 295
1
1097 20
1
1098 63
1
1099 200
0
0
1
1100 76
1
1101 263
1
1102 215
0
1
1103 308
0
1
1104 117
0
1
1105 214
0
1
1106 326
1
1107 99
0
1
1108 86
1
1109 95
1
1110 24
0
1
1111 312
1
1112 154
1
1113 38
0
0
1
1114 201
0
1
1115 119
1
1116 148
0
1
1117 10
0
0
1
1118 72
0
0
1
1119 350
0
1
1120 154
1
1121 92
0
0
0
1
1122 58
0
0
1
1123 326
0
1
1124 184
0
0
1
1125 156
0
0
0
1
1126 196
0
0
1
1127 186
0
1
1128 249
1
1129 111
1
1130 51
0
0
0
1
1131 144
1
1132 82
1
1133 328
1
1134 319
0
0
0
1
1135 338
0
1
1136 177
0
1
1137 194
1
1138 205
0
1
1139 10
0
0
0
0
1
1140 253
0
1
1141 192
0
0
1
1142 10
0
0
0
0
1
1143 283
0
0
0
0
0
0
1
1144 76
1
1145 191
0
0
1
1146 121
1
1147 208
1
1148 218
0
0
0
0
0
1
1149 184
1
1150 279
0
1
1151 290
1
1152 273
0
1
1153 123
1
1154 295
1
1155 74
1
1156 80
1
1157 243
0
0
0
1
1158 221
0
0
1
1159 100
1
1160 110
0
0
1
1161 274
1
1162 339
1
1163 104
0
1
1164 8
0
0
1
1165 328
0
1
1166 332
1
1167 49
1
1168 249
0
1
1169 230
1
1170 203
0
1
1171 298
0
1
1172 324
0
1
1173 158
1
1174 30
1
1175 326
1
1176 331
0
1
1177 231
0
1
1178 349
0
1
1179 187
1
1180 138
1
1181 131
1
1182 322
1
1183 92
0
0
1
1184 124
0
0
1
1185 241
1
1186 37
0
0
1
1187 327
0
1
1188 205
1
1189 117
1
1190 345
0
0
0
0
1
1191 288
1
1192 56
0
1
1193 285
0
1
1194 203
0
0
0
0
1
1195 48
0
1
1196 12
1
1197 201
0
1
1198 252
0
0
1
1199 126
0
0
0
0
1
1200 140
0
0
1
1201 40
0
0
0
0
0
0
1
1202 243
0
1
1203 277
0
1
1204 283
0
1
1205 306
1
1206 112
0
0
1
1207 312
0
1
1208 41
1
1209 236
1
1210 58
0
0
1
1211 167
0
1
1212 182
0
1
1213 267
0
0
1
1214 263
0
0
1
1215 186
0
1
1216 301
1
1217 196
0
0
0
1
1218 282
0
1
1219 2
0
0
1
1220 310
1
1221 326
0
0
1
1222 131
0
1
1223 81
1
1224 65
0
1
1225 4
1
1226 84
1
1227 221
0
0
0
0
0
0
0
1
1228 170
1
1229 28
0
1
1230 267
1
1231 199
1
1232 253
1
1233 267
1
1234 39
0
0
0
1
1235 77
0
0
1
1236 154
1
1237 243
0
0
1
1238 63
1
1239 120
0
1
1240 15
1
1241 165
1
1242 104
1
1243 132
0
1
1244 186
0
0
0
0
1
1245 300
0
0
1
1246 43
1
1247 15
0
0
0
1
1248 130
1
1249 12
1
1250 179
1
1251 283
1
1252 83
1
1253 202
0
0
0
0
0
1
1254 234
1
1255 253
0
1
1256 239
1
1257 184
1
1258 64
0
0
0
1
1259 105
1
1260 90
0
1
1261 317
0
0
1
1262 87
0
1
1263 288
1
1264 307
1
1265 295
1
1266 3
0
1
1267 216
0
1
1268 112
0
1
1269 149
1
1270 42
0
1
1271 325
0
1
1272 267
1
1273 90
0
0
1
1274 247
1
1275 120
0
0
1
1276 68
1
1277 59
0
1
1278 53
0
1
1279 126
0
1
1280 150
1
1281 170
0
1
1282 128
0
0
1
1283 243
1
1284 140
1
1285 196
0
0
1
1286 285
1
1287 126
1
1288 188
1
1289 65
1
1290 288
1
1291 94
1
1292 140
0
0
1
1293 94
0
0
1
1294 304
1
1295 188
1
1296 325
0
0
1
1297 139
0
1
1298 125
1
1299 315
0
1
1300 177
1
1301 93
0
1
1302 223
0
1
1303 286
1
1304 200
1
1305 223
1
1306 256
1
1307 144
0
1
1308 350
0
0
1
1309 306
0
1
1310 162
1
1311 109
1
1312 170
0
0
1
1313 36
0
0
0
1
1314 171
0
0
1
1315 344
0
1
1316 328
0
0
1
1317 328
0
1
1318 296
0
0
0
0
1
1319 301
0
0
1
1320 343
1
1321 262
1
1322 256
1
1323 64
1
1324 176
0
1
1325 318
0
1
1326 302
1
1327 129
1
1328 207
1
1329 256
1
1330 202
0
1
1331 19
1
1332 149
1
1333 226
0
0
0
0
1
1334 211
1
1335 305
1
1336 345
0
1
1337 240
1
1338 78
1
1339 86
1
1340 121
1
1341 348
0
1
1342 83
1
1343 97
0
1
1344 295
1
1345 345
0
0
0
0
1
1346 180
0
0
1
1347 156
1
1348 231
0
0
0
0
0
1
1349 328
1
1350 286
1
1351 206
0
0
1
1352 323
1
1353 174
0
0
1
1354 129
0
0
1
1355 249
0
0
0
0
1
1356 168
1
1357 318
0
1
1358 61
1
1359 129
0
1
1360 192
1
1361 65
1
1362 89
1
1363 189
1
1364 133
1
1365 150
0
1
1366 52
0
0
0
1
1367 317
0
0
0
1
1368 52
1
1369 49
1
1370 71
1
1371 251
1
1372 139
1
1373 334
0
1
1374 290
0
0
0
0
1
1375 234
0
0
1
1376 149
0
0
0
0
1
1377 94
1
1378 145
1
1379 27
1
1380 215
0
0
0
0
1
1381 138
1
1382 84
1
1383 158
0
1
1384 81
0
1
1385 286
0
1
1386 143
0
1
1387 296
0
0
1
1388 93
1
1389 227
1
1390 322
1
1391 189
1
1392 133
1
1393 230
1
1394 214
0
0
1
1395 215
1
1396 265
0
1
1397 277
1
1398 240
1
1399 202
0
1
1400 76
0
1
1401 8
1
1402 98
0
0
0
0
1
1403 189
1
1404 93
1
1405 333
0
0
1
1406 307
0
0
0
0
1
1407 207
1
1408 151
0
1
1409 205
1
1410 137
1
1411 267
1
1412 281
1
1413 28
0
1
1414 187
1
1415 190
0
0
0
1
1416 189
1
1417 219
0
1
1418 177
0
0
0
1
1419 290
0
1
1420 131
1
1421 178
0
0
1
1422 308
1
1423 109
0
1
1424 70
1
1425 225
1
1426 285
1
1427 53
1
1428 7
1
1429 324
0
0
1
1430 322
1
1431 344
1
1432 102
0
1
1433 231
1
1434 10
1
1435 293
1
1436 62
1
1437 315
0
1
1438 286
0
0
0
0
0
1
1439 276
0
1
1440 189
1
1441 313
0
0
1
1442 233
0
0
1
1443 133
0
1
1444 288
1
1445 79
1
1446 297
1
1447 312
0
1
1448 142
1
1449 313
0
1
1450 14
1
1451 144
1
1452 177
0
0
0
1
1453 150
0
0
1
1454 181
0
1
1455 177
1
1456 221
0
1
1457 318
1
1458 130
0
0
1
1459 206
1
1460 6
1
1461 189
0
1
1462 244
1
1463 279
1
1464 197
1
1465 258
0
0
0
0
1
1466 64
1
1467 84
0
1
1468 267
1
1469 231
1
1470 131
0
1
1471 115
0
1
1472 122
1
1473 241
0
0
1
1474 288
0
1
1475 196
0
0
1
1476 202
0
1
1477 30
0
1
1478 245
1
1479 287
1
1480 343
1
1481 158
0
0
0
0
1
1482 3
1
1483 179
1
1484 201
1
1485 311
1
1486 205
1
1487 139
0
1
1488 115
0
1
1489 107
1
1490 300
1
1491 267
1
1492 140
1
1493 319
1
1494 107
0
0
1
1495 114
1
1496 59
0
1
1497 227
1
1498 170
1
1499 348
0
0
1
1500 286
1
1501 24
1
1502 224
1
1503 158
1
1504 23
0
0
1
1505 4
0
1
1506 94
0
0
1
1507 30
1
1508 249
0
0
1
1509 340
0
1
1510 18
1
1511 262
0
0
1
1512 104
0
0
0
0
1
1513 248
1
1514 96
1
1515 82
0
1
1516 108
0
0
0
0
1
1517 289
0
1
1518 281
1
1519 72
1
1520 56
0
1
1521 311
0
1
1522 75
0
1
1523 49
0
0
0
0
1
1524 292
0
0
0
1
1525 306
1
1526 168
0
1
1527 324
0
1
1528 193
1
1529 30
1
1530 294
1
1531 198
1
1532 175
1
1533 231
1
1534 4
1
1535 75
0
0
0
0
0
1
1536 214
1
1537 14
0
1
1538 241
1
1539 204
1
1540 7
0
1
1541 333
0
1
1542 333
0
1
1543 30
1
1544 3
1
1545 89
1
1546 168
1
1547 135
0
1
1548 224
0
0
1
1549 205
1
1550 160
0
1
1551 232
1
1552 264
1
1553 339
1
1554 128
0
0
1
1555 45
0
0
1
1556 341
1
1557 6
1
1558 57
0
1
1559 106
1
1560 90
1
1561 294
0
1
1562 304
0
1
1563 180
0
1
1564 190
1
1565 308
0
1
1566 223
1
1567 350
1
1568 302
0
0
1
1569 235
0
0
1
1570 282
1
1571 349
0
1
1572 100
1
1573 291
1
1574 202
0
0
1
1575 324
0
0
1
1576 64
0
1
1577 192
0
1
1578 219
1
1579 348
0
1
1580 104
1
1581 180
1
1582 267
1
1583 308
0
0
1
1584 330
0
1
1585 154
1
1586 140
1
1587 86
1
1588 161
1
1589 167
0
1
1590 213
0
1
1591 210
1
1592 238
0
0
0
1
1593 256
1
1594 285
0
0
1
1595 340
1
1596 273
1
1597 71
0
1
1598 68
0
0
1
1599 203
1
1600 32
0
0
0
1
1601 322
1
1602 192
1
1603 303
1
1604 53
1
1605 231
0
1
1606 267
1
1607 130
1
1608 215
0
1
1609 313
1
1610 136
0
0
1
1611 300
0
1
1612 3
1
1613 257
1
1614 281
1
1615 119
0
0
1
1616 323
1
1617 266
1
1618 38
1
1619 254
0
1
1620 10
0
1
1621 239
1
1622 232
1
1623 217
0
1
1624 42
0
1
1625 101
0
1
1626 52
0
0
0
1
1627 156
1
1628 202
1
1629 215
1
1630 262
1
1631 16
1
1632 113
1
1633 232
1
1634 257
0
0
0
1
1635 331
1
1636 88
0
1
1637 241
1
1638 334
1
1639 66
1
1640 316
1
1641 342
1
1642 162
1
1643 346
0
0
1
1644 129
0
1
1645 105
1
1646 166
1
1647 132
1
1648 160
0
1
1649 169
1
1650 86
0
1
1651 170
1
1652 244
1
1653 318
1
1654 129
1
1655 300
1
1656 188
0
0
0
0
1
1657 123
1
1658 329
0
1
1659 187
0
1
1660 322
1
1661 48
0
0
1
1662 147
1
1663 40
1
1664 195
1
1665 184
1
1666 54
1
1667 103
0
1
1668 107
1
1669 281
1
1670 340
1
1671 301
0
1
1672 177
0
1
1673 82
1
1674 229
1
1675 177
1
1676 222
1
1677 2
1
1678 297
1
1679 126
1
1680 109
1
1681 43
1
1682 70
0
0
1
1683 136
0
1
1684 126
1
1685 268
1
1686 277
1
1687 71
1
1688 10
0
0
0
1
1689 231
0
0
0
0
1
1690 218
0
0
0
1
1691 246
1
1692 285
0
0
1
1693 58
1
1694 189
1
1695 329
0
1
1696 305
0
1
1697 235
0
1
1698 200
0
1
1699 103
1
1700 336
1
1701 266
0
1
1702 30
1
1703 96
0
0
1
1704 163
1
1705 169
0
1
1706 68
1
1707 258
1
1708 219
1
1709 245
1
1710 78
0
1
1711 163
1
1712 342
1
1713 82
1
1714 11
1
1715 139
0
1
1716 71
1
1717 316
1
1718 223
1
1719 258
0
1
1720 47
1
1721 72
1
1722 118
1
1723 90
1
1724 163
1
1725 125
0
0
1
1726 233
1
1727 260
0
1
1728 133
0
0
1
1729 149
0
0
1
1730 303
1
1731 314
1
1732 82
1
1733 59
0
0
1
1734 299
0
1
1735 210
0
1
1736 140
1
1737 60
1
1738 231
1
1739 154
1
1740 323
1
1741 340
1
1742 214
0
0
1
1743 243
0
0
0
1
1744 103
1
1745 274
1
1746 83
0
1
1747 133
0
1
1748 39
1
1749 331
0
1
1750 220
1
1751 213
1
1752 338
0
0
0
1
1753 219
1
1754 321
1
1755 284
1
1756 215
0
1
1757 310
1
1758 18
1
1759 162
1
1760 2
0
1
1761 249
1
1762 129
0
0
0
1
1763 108
1
1764 167
0
0
0
1
1765 27
1
1766 60
1
1767 207
1
1768 100
0
0
1
1769 103
1
1770 10
0
1
1771 210
0
0
1
1772 29
0
0
1
1773 53
0
0
0
1
1774 173
1
1775 343
1
1776 341
0
0
1
1777 61
0
1
1778 261
1
1779 312
1
1780 285
1
1781 54
1
1782 156
0
1
1783 233
0
1
1784 3
0
0
1
1785 290
0
1
1786 14
1
1787 289
0
0
1
1788 198
1
1789 225
1
1790 261
1
1791 75
1
1792 245
1
1793 290
1
1794 65
0
0
1
1795 110
1
1796 200
1
1797 87
0
1
1798 8
0
1
1799 257
1
1800 184
1
1801 267
1
1802 70
1
1803 243
1
1804 288
1
1805 220
1
1806 61
1
1807 159
1
1808 199
1
1809 18
0
1
1810 104
1
1811 257
0
1
1812 344
1
1813 319
1
1814 304
0
0
1
1815 277
1
1816 118
0
1
1817 169
0
1
1818 248
1
1819 88
1
1820 242
1
1821 270
0
0
0
0
0
1
1822 193
1
1823 104
0
1
1824 262
0
0
1
1825 229
0
0
1
1826 182
0
1
1827 80
1
1828 127
0
1
1829 243
1
1830 2
1
1831 31
0
1
1832 107
0
0
1
1833 267
1
1834 241
1
1835 184
0
1
1836 174
1
1837 228
1
1838 251
1
1839 169
1
1840 233
1
1841 212
0
1
1842 337
0
0
0
0
1
1843 120
1
1844 17
1
1845 160
1
1846 13
1
1847 259
1
1848 179
1
1849 94
1
1850 23
1
1851 221
1
1852 249
1
1853 328
0
0
1
1854 260
1
1855 222
1
1856 78
0
1
1857 131
1
1858 120
1
1859 257
1
1860 175
1
1861 71
0
1
1862 70
1
1863 191
0
1
1864 192
1
1865 288
1
1866 266
1
1867 19
1
1868 91
1
1869 116
1
1870 230
0
1
1871 215
1
1872 26
0
0
0
1
1873 277
1
1874 287
1
1875 315
1
1876 157
0
1
1877 342
1
1878 158
0
1
1879 214
0
0
1
1880 143
1
1881 57
1
1882 237
1
1883 137
0
0
0
1
1884 133
0
1
1885 28
1
1886 308
1
1887 256
1
1888 291
1
1889 249
0
0
1
1890 151
1
1891 4
0
1
1892 321
1
1893 286
1
1894 258
1
1895 135
0
0
0
1
1896 75
0
0
0
0
1
1897 288
1
1898 342
1
1899 330
1
1900 108
0
1
1901 285
1
1902 232
0
1
1903 18
0
0
1
1904 3
0
1
1905 328
0
1
1906 173
1
1907 118
1
1908 208
0
0
0
1
1909 299
0
1
1910 284
1
1911 281
0
0
0
0
1
1912 46
1
1913 163
0
0
1
1914 308
0
0
0
1
1915 188
0
1
1916 349
0
0
0
0
0
1
1917 59
1
1918 287
1
1919 229
1
1920 139
1
1921 261
0
1
1922 303
1
1923 244
1
1924 71
1
1925 193
0
0
0
0
0
0
1
1926 107
0
1
1927 142
0
1
1928 210
1
1929 14
1
1930 89
0
1
1931 190
1
1932 192
1
1933 284
1
1934 120
1
1935 280
0
0
0
0
1
1936 65
1
1937 194
0
1
1938 72
0
1
1939 182
1
1940 115
0
0
0
1
1941 314
0
0
1
1942 134
0
1
1943 233
0
1
1944 253
0
1
1945 338
1
1946 279
1
1947 342
1
1948 116
0
1
1949 210
1
1950 26
0
0
0
1
1951 343
1
1952 145
1
1953 261
1
1954 257
0
0
0
1
1955 177
0
1
1956 330
1
1957 93
1
1958 214
1
1959 267
1
1960 312
0
1
1961 194
1
1962 279
0
0
0
1
1963 201
0
1
1964 216
0
0
1
1965 164
1
1966 311
0
1
1967 174
0
1
1968 280
1
1969 232
0
0
1
1970 93
1
1971 284
1
1972 227
1
1973 286
1
1974 119
0
0
0
1
1975 184
0
1
1976 234
1
1977 233
1
1978 323
1
1979 320
1
1980 53
0
1
1981 209
1
1982 294
1
1983 18
0
0
1
1984 300
1
1985 21
1
1986 125
1
1987 139
1
1988 20
1
1989 278
1
1990 215
0
1
1991 263
1
1992 12
0
0
1
1993 189
1
1994 137
0
0
1
1995 126
1
1996 163
0
1
1997 321
1
1998 104
0
0
0
0
0
0
1
1999 77
1
2000 52
1
2001 110
1
2002 225
1
2003 62
1
2004 189
0
1
2005 141
0
1
2006 233
1
2007 137
0
1
2008 291
1
2009 41
1
2010 169
1
2011 341
1
2012 2
1
2013 210
1
2014 315
1
2015 161
1
2016 27
0
1
2017 347
0
0
1
2018 135
1
2019 62
1
2020 260
1
2021 72
1
2022 277
0
0
0
1
2023 267
1
2024 268
1
2025 131
0
0
1
2026 157
1
2027 343
1
2028 66
1
2029 43
1
2030 88
0
0
0
1
2031 104
1
2032 202
1
2033 156
1
2034 13
1
2035 22
0
0
0
0
1
2036 265
1
2037 186
1
2038 120
1
2039 56
1
2040 332
1
2041 62
1
2042 33
1
2043 220
1
2044 79
1
2045 70
1
2046 238
0
0
1
2047 198
0
1
2048 97
1
2049 35
1
2050 182
1
2051 346
1
2052 334
1
2053 97
1
2054 52
1
2055 14
0
1
2056 268
0
1
2057 342
1
2058 135
1
2059 221
1
2060 177
0
1
2061 211
1
2062 30
0
1
2063 260
1
2064 322
1
2065 43
1
2066 253
0
1
2067 9
0
1
2068 149
1
2069 227
1
2070 300
1
2071 163
1
2072 268
1
2073 233
0
1
2074 85
0
0
1
2075 286
1
2076 339
1
2077 266
1
2078 38
1
2079 208
0
1
2080 115
1
2081 105
0
1
2082 118
1
2083 40
1
2084 215
0
1
2085 23
1
2086 264
1
2087 324
1
2088 119
0
0
0
0
0
0
0
0
1
2089 88
1
2090 145
1
2091 184
1
2092 250
1
2093 342
1
2094 326
1
2095 185
1
2096 321
1
2097 188
1
2098 64
1
2099 92
1
2100 348
0
1
2101 117
0
1
2102 347
0
1
2103 152
1
2104 253
1
2105 144
0
0
1
2106 229
1
2107 105
1
2108 189
1
2109 30
0
1
2110 192
1
2111 324
1
2112 56
1
2113 97
1
2114 168
1
2115 158
1
2116 216
1
2117 20
1
2118 234
1
2119 227
1
2120 61
1
2121 246
1
2122 184
1
2123 176
0
1
2124 230
1
2125 124
1
2126 78
1
2127 322
1
2128 298
0
1
2129 27
0
1
2130 126
1
2131 29
0
1
2132 341
1
2133 72
1
2134 185
1
2135 184
1
2136 30
1
2137 47
1
2138 212
0
1
2139 159
1
2140 50
1
2141 287
0
1
2142 114
0
0
1
2143 69
0
1
2144 284
1
2145 107
1
2146 283
1
2147 117
1
2148 127
1
2149 262
1
2150 105
1
2151 235
1
2152 328
1
2153 18
1
2154 232
1
2155 30
1
2156 48
1
2157 268
1
2158 318
1
2159 135
1
2160 335
0
1
2161 59
1
2162 256
0
1
2163 314
0
0
0
1
2164 98
1
2165 290
1
2166 134
0
1
2167 133
0
1
2168 235
0
1
2169 215
1
2170 106
1
2171 183
0
1
2172 317
1
2173 128
1
2174 131
0
1
2175 237
0
0
1
2176 339
1
2177 245
0
0
0
1
2178 308
1
2179 252
1
2180 146
1
2181 38
0
1
2182 225
1
2183 187
1
2184 86
1
2185 320
0
1
2186 98
0
0
1
2187 234
1
2188 90
0
0
1
2189 66
1
2190 258
1
2191 255
0
1
2192 23
1
2193 65
0
1
2194 118
0
1
2195 17
1
2196 158
1
2197 332
1
2198 341
1
2199 338
0
0
1
2200 134
1
2201 113
1
2202 224
1
2203 312
1
2204 116
0
1
2205 189
0
0
0
1
2206 320
1
2207 100
1
2208 116
0
1
2209 126
1
2210 196
1
2211 324
1
2212 322
0
0
1
2213 200
1
2214 11
1
2215 205
1
2216 105
1
2217 215
1
2218 129
0
0
1
2219 252
0
1
2220 203
0
1
2221 338
1
2222 241
0
1
2223 170
1
2224 110
1
2225 116
0
0
1
2226 140
0
1
2227 336
1
2228 333
1
2229 260
1
2230 86
1
2231 229
0
1
2232 68
1
2233 270
1
2234 3
1
2235 57
1
2236 159
1
2237 317
0
1
2238 299
0
1
2239 271
0
0
1
2240 154
0
1
2241 213
1
2242 180
1
2243 59
1
2244 170
1
2245 309
0
1
2246 205
0
1
2247 282
1
2248 159
1
2249 91
1
2250 151
1
2251 262
1
2252 157
1
2253 111
0
1
2254 53
0
1
2255 201
1
2256 239
0
1
2257 249
0
1
2258 116
1
2259 31
0
1
2260 24
1
2261 286
1
2262 255
1
2263 310
1
2264 248
1
2265 237
0
1
2266 300
0
1
2267 308
1
2268 100
1
2269 194
0
0
1
2270 23
1
2271 157
0
0
0
1
2272 187
1
2273 2
1
2274 291
0
1
2275 287
1
2276 13
1
2277 314
1
2278 179
1
2279 103
1
2280 277
0
0
1
2281 249
0
0
1
2282 212
1
2283 333
0
0
1
2284 290
1
2285 38
0
0
0
1
2286 279
1
2287 281
1
2288 233
1
2289 70
1
2290 94
1
2291 317
1
2292 48
1
2293 286
0
0
1
2294 305
1
2295 348
1
2296 101
1
2297 340
1
2298 128
1
2299 246
0
1
2300 332
1
2301 68
0
1
2302 234
1
2303 315
0
1
2304 248
0
0
0
1
2305 57
0
1
2306 335
0
0
1
2307 201
1
2308 290
1
2309 124
0
1
2310 120
1
2311 170
1
2312 147
1
2313 172
1
2314 306
1
2315 202
1
2316 234
1
2317 182
1
2318 202
1
2319 61
1
2320 123
1
2321 152
0
1
2322 25
1
2323 50
1
2324 142
1
2325 266
0
1
2326 30
1
2327 84
1
2328 228
1
2329 196
1
2330 343
1
2331 87
1
2332 160
0
0
1
2333 143
0
1
2334 230
0
1
2335 207
0
0
1
2336 242
1
2337 310
1
2338 296
1
2339 16
1
2340 69
1
2341 202
1
2342 51
1
2343 199
1
2344 125
1
2345 15
1
2346 186
1
2347 349
1
2348 3
1
2349 337
1
2350 324
1
2351 218
1
2352 216
1
2353 205
0
1
2354 29
1
2355 30
1
2356 141
0
1
2357 42
0
1
2358 245
1
2359 237
0
1
2360 166
1
2361 110
1
2362 276
1
2363 55
1
2364 193
1
2365 121
1
2366 57
0
0
1
2367 40
1
2368 332
1
2369 88
0
0
0
1
2370 116
1
2371 274
0
1
2372 215
0
0
1
2373 216
1
2374 51
1
2375 86
1
2376 315
1
2377 40
1
2378 189
1
2379 335
0
1
2380 105
1
2381 144
1
2382 298
1
2383 208
1
2384 328
1
2385 60
0
0
1
2386 68
0
1
2387 39
1
2388 194
1
2389 216
1
2390 287
1
2391 50
1
2392 70
1
2393 133
1
2394 324
1
2395 35
0
1
2396 126
1
2397 124
0
1
2398 47
1
2399 305
1
2400 184
1
2401 119
1
2402 299
1
2403 72
1
2404 163
1
2405 77
1
2406 257
1
2407 170
1
2408 25
1
2409 295
1
2410 311
1
2411 59
1
2412 221
1
2413 230
1
2414 222
1
2415 315
1
2416 31
1
2417 310
1
2418 14
0
0
1
2419 251
1
2420 45
1
2421 272
1
2422 13
1
2423 295
1
2424 98
1
2425 54
1
2426 300
1
2427 272
1
2428 55
0
0
0
0
1
2429 294
1
2430 53
1
2431 256
1
2432 318
0
0
1
2433 35
1
2434 213
0
1
2435 136
0
1
2436 23
1
2437 7
1
2438 112
1
2439 73
1
2440 42
1
2441 138
0
0
1
2442 105
0
1
2443 43
1
2444 155
1
2445 344
1
2446 55
1
2447 9
0
1
2448 172
1
2449 93
1
2450 163
0
1
2451 291
1
2452 61
1
2453 244
1
2454 57
1
2455 149
0
1
2456 12
1
2457 300
0
1
2458 22
1
2459 196
0
1
2460 248
1
2461 145
1
2462 14
1
2463 328
0
1
2464 189
1
2465 135
1
2466 5
1
2467 99
0
1
2468 262
1
2469 260
1
2470 309
1
2471 86
1
2472 106
1
2473 265
1
2474 332
1
2475 285
0
1
2476 123
0
1
2477 216
1
2478 99
0
0
1
2479 126
0
0
1
2480 242
0
1
2481 191
1
2482 246
1
2483 283
1
2484 91
1
2485 30
1
2486 165
1
2487 109
1
2488 192
0
0
1
2489 253
1
2490 223
1
2491 33
1
2492 243
1
2493 332
0
1
2494 125
1
2495 14
1
2496 110
0
0
0
0
1
2497 62
0
1
2498 189
1
2499 282
0
0
1
2500 111
0
1
2501 331
0
1
2502 261
1
2503 300
0
1
2504 108
1
2505 171
1
2506 71
0
0
1
2507 305
1
2508 244
1
2509 256
1
2510 56
1
2511 170
0
1
2512 148
1
2513 246
1
2514 69
1
2515 44
1
2516 268
1
2517 94
0
0
1
2518 255
1
2519 325
1
2520 93
1
2521 247
1
2522 246
1
2523 16
1
2524 275
1
2525 249
0
1
2526 215
1
2527 325
0
0
1
2528 304
1
2529 234
0
1
2530 197
1
2531 3
1
2532 93
1
2533 122
1
2534 249
0
1
2535 39
1
2536 41
1
2537 163
1
2538 144
1
2539 331
1
2540 10
1
2541 244
1
2542 29
1
2543 349
1
2544 336
0
1
2545 188
1
2546 7
1
2547 93
1
2548 315
1
2549 149
1
2550 159
1
2551 194
0
1
2552 317
1
2553 268
1
2554 187
1
2555 248
1
2556 281
0
1
2557 195
0
1
2558 173
1
2559 287
1
2560 162
1
2561 248
0
1
2562 109
1
2563 21
0
1
2564 25
0
1
2565 280
1
2566 114
1
2567 295
0
1
2568 334
0
0
1
2569 83
1
2570 292
1
2571 194
1
2572 276
1
2573 26
1
2574 138
1
2575 237
1
2576 79
1
2577 2
1
2578 189
0
1
2579 183
1
2580 279
0
1
2581 348
1
2582 257
1
2583 212
1
2584 9
0
1
2585 245
1
2586 271
0
1
2587 344
0
0
1
2588 249
0
1
2589 184
0
1
2590 189
1
2591 304
1
2592 102
1
2593 33
1
2594 131
1
2595 292
1
2596 303
0
1
2597 269
1
2598 277
1
2599 214
1
2600 311
0
0
1
2601 201
0
1
2602 86
1
2603 245
1
2604 121
1
2605 295
1
2606 30
1
2607 222
1
2608 191
0
1
2609 69
1
2610 262
1
2611 257
1
2612 201
1
2613 249
1
2614 317
1
2615 177
0
1
2616 199
0
1
2617 117
1
2618 2
1
2619 209
0
1
2620 29
0
0
0
0
1
2621 180
1
2622 114
1
2623 72
1
2624 137
0
0
1
2625 312
1
2626 257
1
2627 324
1
2628 138
1
2629 332
1
2630 117
1
2631 283
1
2632 349
1
2633 304
0
0
1
2634 102
1
2635 177
1
2636 174
0
1
2637 131
1
2638 33
0
1
2639 346
1
2640 22
1
2641 313
1
2642 28
1
2643 317
1
2644 249
0
1
2645 271
1
2646 324
1
2647 229
0
1
2648 216
1
2649 16
1
2650 216
0
0
0
0
1
2651 69
0
1
2652 201
1
2653 135
0
0
1
2654 223
1
2655 50
0
1
2656 345
0
1
2657 234
1
2658 80
1
2659 247
1
2660 74
0
1
2661 52
1
2662 252
0
1
2663 331
0
1
2664 339
1
2665 212
1
2666 72
0
0
1
2667 184
1
2668 62
0
1
2669 346
1
2670 149
1
2671 350
1
2672 49
1
2673 104
1
2674 292
1
2675 58
1
2676 95
0
1
2677 149
1
2678 29
1
2679 106
0
0
1
2680 22
1
2681 290
1
2682 176
1
2683 225
1
2684 202
1
2685 197
1
2686 25
1
2687 170
1
2688 233
1
2689 207
1
2690 286
1
2691 348
1
2692 221
0
0
0
1
2693 181
1
2694 343
0
1
2695 192
0
0
1
2696 53
1
2697 160
0
1
2698 350
0
1
2699 267
1
2700 89
1
2701 287
1
2702 51
1
2703 35
1
2704 29
1
2705 287
1
2706 210
1
2707 128
0
1
2708 81
1
2709 119
1
2710 186
1
2711 251
1
2712 132
1
2713 64
1
2714 201
1
2715 13
1
2716 199
0
1
2717 13
1
2718 26
1
2719 290
0
1
2720 331
1
2721 343
1
2722 201
1
2723 143
1
2724 3
1
2725 137
1
2726 49
0
1
2727 291
1
2728 270
0
1
2729 210
1
2730 320
1
2731 89
0
0
1
2732 120
0
1
2733 285
1
2734 144
1
2735 110
1
2736 285
1
2737 48
1
2738 51
1
2739 256
1
2740 105
1
2741 333
1
2742 133
0
1
2743 74
0
1
2744 67
1
2745 92
1
2746 231
1
2747 81
0
0
1
2748 162
0
1
2749 209
0
1
2750 299
1
2751 279
0
1
2752 150
1
2753 282
1
2754 295
1
2755 267
1
2756 304
1
2757 287
1
2758 216
1
2759 333
1
2760 7
1
2761 204
1
2762 147
0
0
1
2763 219
1
2764 346
1
2765 38
1
2766 202
1
2767 340
1
2768 90
1
2769 283
1
2770 201
1
2771 302
1
2772 146
0
1
2773 13
1
2774 286
1
2775 138
1
2776 57
1
2777 134
1
2778 234
1
2779 223
1
2780 85
0
0
1
2781 251
1
2782 23
0
1
2783 217
0
1
2784 331
1
2785 112
1
2786 135
0
1
2787 184
1
2788 323
0
0
1
2789 196
1
2790 202
1
2791 94
1
2792 41
0
1
2793 300
1
2794 320
1
2795 153
1
2796 249
1
2797 65
1
2798 249
1
2799 190
1
2800 50
0
1
2801 274
0
1
2802 55
1
2803 315
1
2804 117
0
1
2805 87
1
2806 42
1
2807 165
0
1
2808 194
1
2809 275
1
2810 338
1
2811 18
0
1
2812 130
1
2813 310
0
0
0
0
1
2814 311
0
1
2815 315
1
2816 108
1
2817 345
1
2818 320
1
2819 221
0
1
2820 37
1
2821 274
1
2822 253
0
0
1
2823 260
1
2824 57
1
2825 174
1
2826 215
1
2827 249
1
2828 139
1
2829 267
1
2830 167
1
2831 219
1
2832 249
0
1
2833 106
1
2834 341
0
1
2835 231
1
2836 194
1
2837 247
1
2838 264
1
2839 86
0
1
2840 199
1
2841 184
1
2842 97
1
2843 323
1
2844 161
1
2845 193
1
2846 59
1
2847 35
1
2848 175
1
2849 52
1
2850 60
1
2851 115
1
2852 142
1
2853 258
1
2854 68
1
2855 176
0
1
2856 106
1
2857 162
1
2858 118
1
2859 46
1
2860 133
1
2861 322
1
2862 339
1
2863 239
0
1
2864 345
1
2865 278
1
2866 325
0
1
2867 133
1
2868 141
1
2869 286
1
2870 3
1
2871 47
1
2872 166
1
2873 155
1
2874 82
1
2875 252
1
2876 69
1
2877 250
0
0
1
2878 137
1
2879 192
1
2880 75
1
2881 308
1
2882 323
1
2883 100
1
2884 139
1
2885 278
0
0
1
2886 186
1
2887 126
1
2888 185
1
2889 281
1
2890 155
1
2891 178
0
1
2892 3
1
2893 95
0
1
2894 283
1
2895 59
1
2896 48
1
2897 287
1
2898 315
1
2899 239
0
0
0
1
2900 163
0
1
2901 318
0
1
2902 64
1
2903 262
1
2904 92
1
2905 18
1
2906 341
1
2907 305
1
2908 157
1
2909 202
1
2910 132
0
1
2911 38
1
2912 281
1
2913 163
0
0
1
2914 30
0
1
2915 286
0
1
2916 170
1
2917 45
1
2918 174
1
2919 266
0
1
2920 204
1
2921 184
1
2922 39
0
1
2923 214
1
2924 327
1
2925 286
0
1
2926 4
1
2927 156
1
2928 196
1
2929 87
1
2930 110
1
2931 244
1
2932 245
1
2933 142
1
2934 21
1
2935 15
1
2936 284
1
2937 302
1
2938 311
1
2939 345
1
2940 346
1
2941 310
1
2942 341
0
1
2943 104
0
1
2944 226
1
2945 344
1
2946 68
1
2947 180
1
2948 207
0
0
1
2949 91
0
1
2950 259
1
2951 94
1
2952 131
1
2953 36
0
1
2954 300
1
2955 30
1
2956 46
1
2957 211
1
2958 128
1
2959 67
1
2960 213
1
2961 177
0
1
2962 190
1
2963 223
0
1
2964 52
1
2965 268
0
0
1
2966 156
1
2967 168
1
2968 224
1
2969 333
1
2970 249
0
0
1
2971 268
1
2972 272
1
2973 52
1
2974 314
0
1
2975 246
1
2976 21
1
2977 99
0
1
2978 268
1
2979 283
1
2980 98
1
2981 234
0
1
2982 71
1
2983 203
1
2984 311
1
2985 257
0
1
2986 238
0
1
2987 153
1
2988 212
1
2989 70
1
2990 57
1
2991 293
1
2992 47
1
2993 308
0
0
0
1
2994 48
1
2995 303
1
2996 205
1
2997 313
0
1
2998 43
0
1
2999 143
0
1
3000 103
1
3001 102
1
3002 182
1
3003 233
1
3004 3
1
3005 104
1
3006 42
1
3007 154
1
3008 224
1
3009 59
1
3010 142
1
3011 64
1
3012 264
1
3013 262
1
3014 162
1
3015 218
1
3016 321
0
0
1
3017 287
1
3018 170
1
3019 79
1
3020 246
1
3021 134
0
1
3022 230
1
3023 212
1
3024 315
1
3025 313
1
3026 269
0
1
3027 32
1
3028 26
0
1
3029 215
1
3030 45
1
3031 255
1
3032 165
1
3033 118
1
3034 217
1
3035 14
1
3036 302
1
3037 286
1
3038 286
1
3039 177
1
3040 290
1
3041 96
0
1
3042 339
1
3043 269
0
1
3044 221
1
3045 244
1
3046 262
1
3047 133
0
1
3048 202
1
3049 333
1
3050 55
1
3051 231
1
3052 307
0
0
1
3053 4
1
3054 341
1
3055 23
1
3056 73
1
3057 314
1
3058 322
1
3059 15
1
3060 193
1
3061 83
0
1
3062 219
1
3063 30
0
1
3064 313
1
3065 25
0
1
3066 139
1
3067 60
1
3068 170
1
3069 211
0
1
3070 214
1
3071 274
1
3072 331
1
3073 198
0
1
3074 225
0
1
3075 136
1
3076 62
0
0
1
3077 109
1
3078 317
1
3079 301
1
3080 172
0
1
3081 326
1
3082 334
1
3083 180
1
3084 69
1
3085 251
1
3086 117
1
3087 291
1
3088 336
1
3089 153
1
3090 46
0
1
3091 39
1
3092 123
1
3093 152
0
1
3094 318
1
3095 115
1
3096 254
1
3097 197
0
1
3098 292
1
3099 174
1
3100 268
1
3101 101
1
3102 163
1
3103 41
1
3104 50
1
3105 17
1
3106 322
1
3107 179
0
0
1
3108 327
1
3109 21
0
1
3110 290
1
3111 154
1
3112 252
1
3113 48
1
3114 42
1
3115 107
0
1
3116 348
1
3117 346
1
3118 167
1
3119 337
0
1
3120 195
1
3121 62
1
3122 296
1
3123 240
1
3124 54
1
3125 178
1
3126 149
1
3127 157
1
3128 174
1
3129 341
1
3130 46
0
1
3131 139
1
3132 69
1
3133 70
1
3134 83
1
3135 12
1
3136 277
1
3137 147
1
3138 162
0
1
3139 308
1
3140 180
1
3141 328
1
3142 316
1
3143 35
1
3144 330
1
3145 212
0
1
3146 262
1
3147 27
1
3148 38
1
3149 309
1
3150 232
1
3151 102
1
3152 38
1
3153 245
1
3154 341
1
3155 220
1
3156 308
1
3157 78
1
3158 128
1
3159 280
1
3160 202
1
3161 233
1
3162 77
1
3163 320
1
3164 231
0
1
3165 93
1
3166 100
1
3167 30
1
3168 294
1
3169 247
1
3170 315
1
3171 133
1
3172 267
1
3173 163
1
3174 253
1
3175 73
1
3176 330
1
3177 206
0
0
1
3178 54
1
3179 320
1
3180 227
0
1
3181 188
0
1
3182 338
1
3183 123
1
3184 225
1
3185 265
0
1
3186 147
1
3187 249
0
1
3188 312
1
3189 185
1
3190 139
1
3191 123
1
3192 298
1
3193 117
1
3194 58
0
1
3195 40
1
3196 3
1
3197 55
1
3198 302
1
3199 202
1
3200 227
1
3201 45
1
3202 226
1
3203 30
1
3204 235
1
3205 175
1
3206 346
0
1
3207 38
1
3208 340
0
1
3209 181
1
3210 82
1
3211 48
1
3212 5
1
3213 170
1
3214 211
1
3215 177
1
3216 275
0
1
3217 10
0
1
3218 153
1
3219 34
1
3220 253
1
3221 124
1
3222 235
1
3223 3
1
3224 347
1
3225 140
1
3226 181
1
3227 94
1
3228 4
1
3229 177
1
3230 58
1
3231 58
1
3232 267
1
3233 336
1
3234 336
1
3235 49
1
3236 293
1
3237 106
1
3238 39
1
3239 38
1
3240 243
1
3241 256
1
3242 251
1
3243 6
1
3244 282
1
3245 157
1
3246 158
1
3247 248
1
3248 197
1
3249 219
1
3250 225
1
3251 179
1
3252 32
1
3253 214
1
3254 126
1
3255 106
0
1
3256 15
1
3257 124
1
3258 331
1
3259 257
1
3260 287
1
3261 202
1
3262 291
1
3263 285
0
1
3264 221
1
3265 312
1
3266 80
1
3267 160
1
3268 172
1
3269 24
1
3270 232
1
3271 262
1
3272 197
1
3273 197
1
3274 131
1
3275 164
1
3276 137
1
3277 92
1
3278 287
1
3279 238
1
3280 233
1
3281 185
1
3282 221
1
3283 90
1
3284 74
1
3285 338
1
3286 349
0
1
3287 282
1
3288 32
1
3289 110
1
3290 290
1
3291 306
1
3292 110
1
3293 5
1
3294 213
1
3295 75
0
1
3296 38
1
3297 203
1
3298 345
1
3299 298
0
1
3300 61
1
3301 102
1
3302 18
1
3303 348
1
3304 132
1
3305 18
1
3306 214
1
3307 155
1
3308 154
0
1
3309 30
0
1
3310 153
0
1
3311 278
1
3312 99
0
1
3313 202
1
3314 30
1
3315 322
1
3316 50
1
3317 294
1
3318 157
1
3319 234
1
3320 93
0
1
3321 91
1
3322 180
1
3323 105
1
3324 122
1
3325 154
1
3326 327
1
3327 274
1
3328 335
1
3329 54
1
3330 181
0
1
3331 33
1
3332 196
1
3333 26
1
3334 304
1
3335 132
1
3336 279
1
3337 71
0
1
3338 61
1
3339 93
0
1
3340 86
1
3341 47
1
3342 201
1
3343 174
1
3344 43
1
3345 292
1
3346 12
1
3347 20
1
3348 263
1
3349 25
1
3350 170
1
3351 348
1
3352 158
0
1
3353 77
1
3354 140
1
3355 40
0
1
3356 163
1
3357 257
1
3358 131
1
3359 231
1
3360 311
1
3361 257
1
3362 330
1
3363 23
1
3364 119
1
3365 206
1
3366 302
0
1
3367 209
1
3368 200
1
3369 337
0
1
3370 23
1
3371 47
1
3372 324
1
3373 108
1
3374 196
1
3375 276
1
3376 285
1
3377 233
1
3378 193
1
3379 106
0
1
3380 3
1
3381 322
1
3382 260
1
3383 313
1
3384 226
0
0
1
3385 319
1
3386 18
1
3387 113
1
3388 238
1
3389 195
1
3390 71
0
1
3391 210
1
3392 325
1
3393 325
1
3394 61
1
3395 145
0
0
1
3396 231
1
3397 157
1
3398 335
1
3399 231
1
3400 322
1
3401 318
0
0
0
1
3402 33
1
3403 273
1
3404 326
1
3405 286
1
3406 162
1
3407 141
1
3408 317
1
3409 44
0
0
1
3410 226
1
3411 257
1
3412 48
1
3413 56
1
3414 73
1
3415 75
1
3416 325
1
3417 105
1
3418 121
1
3419 189
1
3420 43
1
3421 79
0
1
3422 318
1
3423 60
1
3424 334
1
3425 146
1
3426 207
1
3427 87
1
3428 113
1
3429 322
1
3430 321
1
3431 143
1
3432 350
1
3433 225
1
3434 62
1
3435 84
1
3436 38
1
3437 10
0
1
3438 319
1
3439 113
1
3440 27
1
3441 100
1
3442 110
1
3443 213
1
3444 159
0
1
3445 12
1
3446 20
1
3447 257
0
1
3448 207
1
3449 252
1
3450 219
1
3451 188
1
3452 66
0
1
3453 135
1
3454 329
1
3455 202
1
3456 116
1
3457 108
1
3458 19
1
3459 342
1
3460 9
1
3461 212
1
3462 336
0
1
3463 347
1
3464 51
0
1
3465 252
1
3466 132
0
1
3467 52
1
3468 131
1
3469 36
1
3470 260
1
3471 340
1
3472 25
1
3473 197
1
3474 290
1
3475 51
0
0
1
3476 231
1
3477 186
1
3478 177
1
3479 199
0
1
3480 307
0
1
3481 195
1
3482 205
1
3483 130
1
3484 252
1
3485 320
0
1
3486 259
1
3487 233
1
3488 233
1
3489 251
1
3490 13
1
3491 327
1
3492 211
0
1
3493 297
1
3494 306
0
1
3495 29
1
3496 309
1
3497 80
1
3498 90
1
3499 205
1
3500 120
0
1
3501 257
1
3502 106
1
3503 300
1
3504 307
1
3505 87
1
3506 277
1
3507 38
1
3508 187
1
3509 231
0
1
3510 124
0
1
3511 281
1
3512 52
1
3513 40
1
3514 213
1
3515 137
1
3516 269
1
3517 59
1
3518 164
1
3519 246
0
0
1
3520 82
0
1
3521 87
1
3522 105
0
1
3523 329
1
3524 335
1
3525 315
0
1
3526 3
1
3527 55
1
3528 201
1
3529 278
1
3530 25
1
3531 69
1
3532 76
1
3533 107
1
3534 303
1
3535 306
1
3536 171
1
3537 107
1
3538 239
1
3539 10
1
3540 220
1
3541 35
1
3542 72
1
3543 172
1
3544 114
1
3545 172
1
3546 304
1
3547 315
1
3548 63
1
3549 106
1
3550 30
1
3551 109
1
3552 117
0
1
3553 99
1
3554 148
1
3555 72
1
3556 48
1
3557 108
1
3558 220
1
3559 72
1
3560 24
0
0
1
3561 49
1
3562 191
0
1
3563 35
0
1
3564 75
1
3565 92
1
3566 139
1
3567 67
1
3568 241
0
1
3569 160
1
3570 128
1
3571 23
1
3572 349
0
1
3573 89
0
1
3574 38
1
3575 200
1
3576 295
1
3577 99
1
3578 106
1
3579 265
0
1
3580 37
1
3581 171
1
3582 55
1
3583 279
1
3584 208
1
3585 105
1
3586 119
1
3587 349
1
3588 230
1
3589 202
1
3590 37
1
3591 3
1
3592 304
1
3593 156
1
3594 72
1
3595 156
1
3596 115
1
3597 111
1
3598 64
1
3599 334
0
1
3600 267
1
3601 48
1
3602 247
1
3603 59
0
1
3604 348
0
1
3605 269
1
3606 307
1
3607 238
1
3608 347
1
3609 10
1
3610 131
1
3611 349
1
3612 348
1
3613 254
1
3614 184
0
1
3615 113
1
3616 337
1
3617 107
1
3618 106
1
3619 315
1
3620 201
1
3621 138
1
3622 340
1
3623 311
1
3624 102
1
3625 161
1
3626 274
1
3627 83
1
3628 276
1
3629 319
1
3630 6
1
3631 348
1
3632 126
1
3633 174
1
3634 174
1
3635 307
1
3636 225
1
3637 331
1
3638 260
1
3639 38
1
3640 17
1
3641 30
1
3642 129
1
3643 267
1
3644 178
1
3645 39
1
3646 239
1
3647 103
1
3648 264
1
3649 259
1
3650 177
1
3651 139
0
0
1
3652 65
1
3653 237
1
3654 123
1
3655 65
1
3656 162
1
3657 331
1
3658 261
1
3659 15
1
3660 287
0
0
1
3661 37
1
3662 138
1
3663 211
1
3664 115
1
3665 49
1
3666 290
1
3667 54
1
3668 200
1
3669 152
1
3670 24
1
3671 98
1
3672 84
0
1
3673 322
1
3674 62
1
3675 138
1
3676 47
1
3677 187
1
3678 184
1
3679 115
1
3680 53
1
3681 105
0
1
3682 57
1
3683 204
1
3684 157
1
3685 113
1
3686 278
0
0
1
3687 327
1
3688 181
0
1
3689 15
1
3690 176
1
3691 321
1
3692 266
1
3693 129
1
3694 226
1
3695 313
1
3696 331
1
3697 178
1
3698 62
1
3699 119
1
3700 97
0
1
3701 194
0
1
3702 318
1
3703 341
1
3704 213
0
1
3705 181
1
3706 125
0
1
3707 98
1
3708 139
1
3709 202
1
3710 257
1
3711 322
1
3712 167
1
3713 15
1
3714 78
1
3715 58
1
3716 17
1
3717 285
1
3718 50
1
3719 200
1
3720 311
1
3721 128
1
3722 202
0
1
3723 334
1
3724 167
1
3725 321
1
3726 53
0
1
3727 318
0
1
3728 193
1
3729 317
1
3730 54
1
3731 53
1
3732 62
1
3733 153
1
3734 202
1
3735 251
1
3736 211
1
3737 145
1
3738 227
1
3739 76
1
3740 156
1
3741 118
1
3742 187
1
3743 131
1
3744 254
1
3745 28
1
3746 278
0
1
3747 135
1
3748 287
1
3749 187
1
3750 338
1
3751 63
1
3752 104
1
3753 113
1
3754 28
1
3755 205
1
3756 32
1
3757 58
1
3758 163
1
3759 91
1
3760 126
1
3761 275
1
3762 314
1
3763 233
1
3764 255
0
1
3765 194
1
3766 52
1
3767 193
1
3768 66
1
3769 251
1
3770 350
1
3771 30
1
3772 338
1
3773 23
1
3774 33
1
3775 347
1
3776 262
1
3777 248
1
3778 248
1
3779 49
1
3780 251
1
3781 95
1
3782 15
1
3783 130
1
3784 94
1
3785 215
1
3786 79
1
3787 136
0
1
3788 167
1
3789 146
1
3790 335
1
3791 295
1
3792 128
1
3793 276
0
1
3794 61
1
3795 10
1
3796 111
0
1
3797 40
1
3798 284
1
3799 185
1
3800 295
1
3801 185
1
3802 50
1
3803 296
1
3804 234
1
3805 320
1
3806 159
1
3807 18
1
3808 322
1
3809 197
1
3810 212
1
3811 240
1
3812 235
1
3813 21
1
3814 222
1
3815 322
1
3816 102
1
3817 269
1
3818 199
0
1
3819 292
1
3820 107
1
3821 192
0
1
3822 208
0
0
0
1
3823 52
1
3824 165
1
3825 237
1
3826 12
1
3827 104
1
3828 148
1
3829 280
1
3830 274
1
3831 4
1
3832 12
1
3833 284
1
3834 26
0
1
3835 30
1
3836 119
1
3837 119
1
3838 34
1
3839 348
1
3840 233
1
3841 121
1
3842 174
1
3843 10
1
3844 137
0
1
3845 129
1
3846 299
1
3847 262
1
3848 331
1
3849 25
1
3850 300
1
3851 128
1
3852 35
1
3853 258
1
3854 18
1
3855 322
1
3856 237
1
3857 22
1
3858 66
1
3859 329
1
3860 294
1
3861 48
1
3862 26
1
3863 129
1
3864 327
1
3865 204
1
3866 257
1
3867 192
1
3868 10
1
3869 178
1
3870 215
1
3871 239
1
3872 214
1
3873 348
1
3874 227
0
1
3875 17
1
3876 6
1
3877 276
1
3878 83
1
3879 114
1
3880 220
0
1
3881 25
1
3882 235
1
3883 224
0
1
3884 277
1
3885 312
1
3886 321
1
3887 2
1
3888 326
1
3889 337
0
1
3890 286
1
3891 247
1
3892 73
1
3893 90
1
3894 160
1
3895 331
1
3896 295
1
3897 53
0
1
3898 260
1
3899 140
1
3900 201
1
3901 331
1
3902 226
1
3903 157
1
3904 266
1
3905 18
1
3906 165
1
3907 119
0
1
3908 110
1
3909 264
1
3910 96
1
3911 141
1
3912 2
1
3913 50
0
1
3914 320
1
3915 191
1
3916 338
1
3917 295
1
3918 266
1
3919 118
1
3920 214
1
3921 9
1
3922 219
1
3923 237
1
3924 3
1
3925 235
1
3926 21
1
3927 156
1
3928 251
1
3929 193
1
3930 294
1
3931 25
1
3932 318
1
3933 346
1
3934 4
1
3935 89
0
1
3936 321
1
3937 136
1
3938 195
0
1
3939 4
1
3940 88
1
3941 82
1
3942 96
0
0
1
3943 112
1
3944 41
1
3945 164
1
3946 323
1
3947 189
1
3948 279
1
3949 265
1
3950 317
1
3951 49
1
3952 62
1
3953 246
1
3954 77
1
3955 152
1
3956 55
1
3957 152
1
3958 347
1
3959 208
1
3960 106
1
3961 129
1
3962 281
1
3963 345
1
3964 155
0
1
3965 290
1
3966 248
0
0
1
3967 184
1
3968 339
0
1
3969 57
1
3970 161
1
3971 85
1
3972 82
1
3973 70
1
3974 207
1
3975 55
0
1
3976 255
1
3977 125
0
1
3978 293
1
3979 297
1
3980 254
1
3981 186
1
3982 144
1
3983 72
1
3984 85
1
3985 59
1
3986 216
1
3987 299
1
3988 345
1
3989 330
1
3990 211
1
3991 114
1
3992 229
1
3993 64
1
3994 294
1
3995 301
1
3996 231
1
3997 93
1
3998 271
1
3999 305
0
1
4000 350
1
4001 49
1
4002 78
1
4003 262
1
4004 146
1
4005 193
1
4006 7
1
4007 245
1
4008 14
1
4009 96
1
4010 229
1
4011 155
1
4012 304
1
4013 168
1
4014 48
1
4015 280
1
4016 103
1
4017 189
1
4018 238
1
4019 219
1
4020 73
1
4021 110
1
4022 338
1
4023 9
1
4024 33
1
4025 91
1
4026 278
1
4027 5
1
4028 136
1
4029 160
1
4030 113
1
4031 174
1
4032 189
1
4033 196
1
4034 223
1
4035 36
1
4036 19
1
4037 336
1
4038 202
1
4039 89
1
4040 213
1
4041 233
1
4042 35
1
4043 79
1
4044 167
1
4045 7
1
4046 44
1
4047 18
1
4048 79
1
4049 178
1
4050 326
1
4051 159
1
4052 84
1
4053 288
1
4054 89
1
4055 48
1
4056 9
0
1
4057 336
1
4058 201
1
4059 163
1
4060 255
1
4061 59
0
1
4062 333
1
4063 27
0
1
4064 13
1
4065 208
1
4066 274
1
4067 184
1
4068 124
1
4069 188
1
4070 291
1
4071 10
1
4072 38
1
4073 132
1
4074 322
1
4075 80
0
1
4076 345
1
4077 170
1
4078 322
1
4079 347
1
4080 45
1
4081 137
1
4082 272
1
4083 48
0
1
4084 196
1
4085 291
1
4086 267
1
4087 340
1
4088 291
1
4089 83
1
4090 107
1
4091 272
1
4092 35
1
4093 333
1
4094 315
1
4095 148
1
4096 257
1
4097 201
1
4098 234
1
4099 270
1
4100 318
1
4101 241
0
1
4102 159
1
4103 211
1
4104 338
1
4105 326
1
4106 48
1
4107 63
1
4108 334
1
4109 242
1
4110 162
1
4111 271
1
4112 273
0
1
4113 194
1
4114 267
1
4115 187
1
4116 225
1
4117 208
1
4118 32
0
1
4119 205
1
4120 258
1
4121 250
1
4122 28
1
4123 173
1
4124 263
1
4125 108
1
4126 256
1
4127 4
1
4128 298
1
4129 307
1
4130 260
1
4131 168
1
4132 95
1
4133 137
1
4134 126
1
4135 15
1
4136 318
1
4137 62
1
4138 90
1
4139 41
1
4140 287
0
1
4141 140
1
4142 201
1
4143 322
1
4144 256
1
4145 241
1
4146 77
1
4147 248
1
4148 98
1
4149 191
0
1
4150 113
1
4151 62
1
4152 343
0
1
4153 308
1
4154 24
1
4155 75
1
4156 86
1
4157 96
1
4158 3
1
4159 232
1
4160 155
1
4161 56
1
4162 288
1
4163 129
1
4164 75
1
4165 67
1
4166 205
1
4167 44
1
4168 263
1
4169 60
1
4170 165
1
4171 2
1
4172 120
1
4173 326
1
4174 201
1
4175 125
1
4176 126
1
4177 50
1
4178 190
1
4179 92
1
4180 105
1
4181 77
1
4182 315
1
4183 82
1
4184 51
1
4185 118
1
4186 286
1
4187 254
1
4188 264
1
4189 238
1
4190 267
1
4191 121
1
4192 126
1
4193 268
1
4194 75
1
4195 130
1
4196 225
1
4197 225
1
4198 133
1
4199 104
1
4200 169
1
4201 282
1
4202 181
1
4203 230
1
4204 46
1
4205 170
1
4206 195
1
4207 30
1
4208 144
1
4209 140
1
4210 319
1
4211 280
1
4212 222
1
4213 135
1
4214 195
1
4215 236
1
4216 246
1
4217 41
1
4218 283
1
4219 170
1
4220 177
1
4221 316
1
4222 300
1
4223 198
1
4224 103
1
4225 303
1
4226 210
1
4227 290
1
4228 81
1
4229 291
1
4230 246
1
4231 57
1
4232 238
1
4233 310
1
4234 89
1
4235 2
1
4236 33
1
4237 86
1
4238 280
1
4239 39
1
4240 212
1
4241 106
1
4242 194
1
4243 336
1
4244 86
1
4245 108
1
4246 273
1
4247 42
1
4248 281
0
1
4249 33
1
4250 223
1
4251 243
1
4252 2
1
4253 142
1
4254 44
0
1
4255 21
1
4256 69
1
4257 147
1
4258 302
0
1
4259 231
1
4260 78
1
4261 201
1
4262 167
1
4263 290
1
4264 120
1
4265 231
1
4266 316
1
4267 109
1
4268 215
1
4269 15
1
4270 274
1
4271 151
1
4272 148
1
4273 72
1
4274 331
1
4275 48
1
4276 22
0
1
4277 232
1
4278 178
1
4279 210
0
1
4280 84
1
4281 74
1
4282 201
1
4283 9
1
4284 290
1
4285 6
1
4286 254
1
4287 240
1
4288 266
1
4289 22
1
4290 318
1
4291 78
1
4292 303
1
4293 181
1
4294 102
1
4295 270
1
4296 19
1
4297 86
1
4298 5
1
4299 141
1
4300 325
1
4301 116
1
4302 331
1
4303 7
1
4304 129
1
4305 194
1
4306 75
1
4307 18
1
4308 128
1
4309 333
1
4310 207
1
4311 69
1
4312 246
1
4313 176
1
4314 203
1
4315 248
1
4316 294
1
4317 28
1
4318 216
1
4319 264
1
4320 48
1
4321 321
1
4322 47
1
4323 228
1
4324 2
1
4325 27
1
4326 58
1
4327 62
1
4328 320
1
4329 342
1
4330 266
1
4331 85
1
4332 318
1
4333 3
1
4334 37
1
4335 184
1
4336 280
0
1
4337 301
1
4338 26
1
4339 92
1
4340 72
1
4341 164
1
4342 82
1
4343 30
1
4344 3
1
4345 161
1
4346 286
1
4347 84
1
4348 94
1
4349 154
1
4350 312
1
4351 235
1
4352 87
1
4353 210
1
4354 177
1
4355 122
1
4356 133
1
4357 280
1
4358 81
1
4359 8
1
4360 161
1
4361 231
1
4362 72
1
4363 167
1
4364 307
1
4365 294
1
4366 180
1
4367 145
1
4368 234
1
4369 281
1
4370 202
1
4371 323
1
4372 155
1
4373 16
1
4374 52
1
4375 7
1
4376 120
1
4377 126
1
4378 349
1
4379 38
1
4380 341
1
4381 128
1
4382 237
1
4383 217
1
4384 199
1
4385 30
1
4386 83
1
4387 298
1
4388 81
1
4389 9
1
4390 342
1
4391 15
1
4392 174
1
4393 41
1
4394 234
1
4395 219
1
4396 283
1
4397 120
1
4398 273
1
4399 20
1
4400 184
1
4401 103
1
4402 194
1
4403 181
1
4404 290
1
4405 246
1
4406 41
1
4407 49
1
4408 313
1
4409 168
1
4410 222
1
4411 141
1
4412 304
1
4413 234
1
4414 322
1
4415 224
1
4416 128
0
1
4417 267
1
4418 142
1
4419 240
1
4420 17
1
4421 249
1
4422 8
1
4423 247
1
4424 44
1
4425 162
1
4426 26
1
4427 170
1
4428 29
1
4429 268
1
4430 257
1
4431 305
1
4432 186
0
1
4433 136
1
4434 346
1
4435 347
1
4436 118
1
4437 212
1
4438 108
1
4439 183
1
4440 125
1
4441 316
1
4442 28
1
4443 164
1
4444 335
1
4445 129
1
4446 298
1
4447 281
1
4448 219
1
4449 267
1
4450 249
1
4451 237
1
4452 350
1
4453 298
1
4454 323
1
4455 95
1
4456 326
1
4457 81
1
4458 122
1
4459 11
1
4460 184
1
4461 38
1
4462 104
1
4463 59
1
4464 209
1
4465 147
1
4466 171
1
4467 216
1
4468 267
1
4469 9
1
4470 206
1
4471 15
1
4472 56
1
4473 262
1
4474 113
1
4475 143
1
4476 211
1
4477 66
1
4478 128
1
4479 177
1
4480 336
1
4481 69
1
4482 296
1
4483 231
1
4484 209
1
4485 249
1
4486 223
1
4487 263
1
4488 144
1
4489 302
1
4490 324
1
4491 126
1
4492 120
1
4493 3
1
4494 160
1
4495 78
1
4496 270
1
4497 107
1
4498 289
1
4499 343
1
4500 341
1
4501 13
1
4502 159
1
4503 60
1
4504 318
1
4505 128
1
4506 216
1
4507 6
1
4508 296
1
4509 260
1
4510 157
1
4511 252
1
4512 128
1
4513 155
1
4514 205
1
4515 45
1
4516 324
1
4517 122
1
4518 178
1
4519 296
1
4520 32
1
4521 201
1
4522 317
1
4523 185
1
4524 28
1
4525 35
1
4526 8
1
4527 53
1
4528 131
1
4529 62
1
4530 233
1
4531 236
1
4532 300
1
4533 285
1
4534 341
1
4535 344
1
4536 32
1
4537 134
1
4538 184
0
1
4539 287
1
4540 82
1
4541 5
1
4542 327
1
4543 102
1
4544 157
1
4545 224
1
4546 198
1
4547 248
1
4548 253
1
4549 250
1
4550 47
1
4551 186
1
4552 253
1
4553 75
1
4554 281
1
4555 331
1
4556 126
1
4557 9
1
4558 296
1
4559 187
1
4560 302
1
4561 163
1
4562 202
1
4563 21
1
4564 206
1
4565 173
1
4566 18
1
4567 290
1
4568 163
1
4569 231
1
4570 44
1
4571 301
1
4572 204
1
4573 150
1
4574 70
1
4575 193
1
4576 150
1
4577 14
1
4578 345
1
4579 153
1
4580 231
0
1
4581 133
1
4582 233
1
4583 101
1
4584 165
1
4585 284
1
4586 163
1
4587 330
1
4588 184
1
4589 22
1
4590 53
1
4591 175
1
4592 140
1
4593 120
1
4594 182
1
4595 163
1
4596 215
1
4597 45
1
4598 142
1
4599 204
1
4600 348
1
4601 156
1
4602 11
1
4603 312
1
4604 186
1
4605 179
1
4606 318
1
4607 253
1
4608 100
1
4609 2
1
4610 40
1
4611 107
1
4612 202
1
4613 30
1
4614 348
1
4615 36
1
4616 197
1
4617 220
1
4618 15
1
4619 82
1
4620 154
1
4621 75
1
4622 11
1
4623 22
1
4624 30
1
4625 57
1
4626 339
1
4627 131
1
4628 104
1
4629 330
1
4630 73
1
4631 287
1
4632 194
1
4633 204
1
4634 151
1
4635 233
1
4636 227
1
4637 138
1
4638 290
1
4639 283
1
4640 69
1
4641 122
1
4642 204
1
4643 161
1
4644 40
1
4645 300
1
4646 194
1
4647 15
1
4648 85
1
4649 124
1
4650 277
1
4651 89
1
4652 38
1
4653 120
1
4654 271
1
4655 123
1
4656 52
1
4657 284
1
4658 260
1
4659 56
1
4660 165
1
4661 153
1
4662 230
1
4663 217
1
4664 6
1
4665 30
1
4666 259
1
4667 287
1
4668 193
1
4669 177
1
4670 327
0
1
4671 75
0
1
4672 166
1
4673 70
1
4674 148
1
4675 309
1
4676 325
1
4677 94
1
4678 155
1
4679 160
0
1
4680 189
1
4681 169
1
4682 142
1
4683 64
0
1
4684 158
1
4685 88
1
4686 71
1
4687 183
1
4688 3
1
4689 139
1
4690 36
1
4691 121
1
4692 168
1
4693 83
1
4694 335
1
4695 224
1
4696 49
1
4697 256
1
4698 75
0
1
4699 194
1
4700 65
1
4701 12
1
4702 8
0
1
4703 3
1
4704 93
1
4705 48
1
4706 253
1
4707 346
0
0
0
1
4708 149
1
4709 323
1
4710 286
1
4711 66
1
4712 52
1
4713 150
1
4714 194
1
4715 121
0
0
0
1
4716 161
0
1
4717 291
0
0
1
4718 7
1
4719 166
0
1
4720 194
1
4721 161
1
4722 198
0
1
4723 191
1
4724 20
0
1
4725 102
1
4726 114
0
1
4727 142
1
4728 276
1
4729 276
0
0
0
0
1
4730 231
1
4731 32
1
4732 251
0
1
4733 176
0
0
1
4734 238
0
0
0
0
1
4735 339
1
4736 148
0
1
4737 164
1
4738 215
1
4739 48
0
0
1
4740 127
1
4741 3
0
1
4742 215
0
0
1
4743 180
0
0
0
1
4744 161
1
4745 33
1
4746 305
0
0
0
0
0
1
4747 196
1
4748 286
0
0
1
4749 253
0
0
0
1
4750 166
1
4751 243
1
4752 150
0
0
0
0
1
4753 182
0
0
0
0
0
0
1
4754 258
0
0
0
0
0
1
4755 140
0
0
0
0
0
0
0
0
0
1
4756 267
0
0
1
4757 13
0
0
0
0
0
0
0
0
1
4758 163
0
1
4759 238
0
0
0
0
0
0
0
0
0
0
0
0
0
0
0
0
0
0
0
0
0
0
0
0
0
0
0
0
0
0
0
0
0
0
0
0
0
0
0
0
0
0
0
0
0
0
0
0
0
0
0
0
0
0
0
0
0
0
0
0
0
0
0
0
0
0
0
0
0
0
0
0
0
0
0
0
0
0
0
0
0
0
0
0
0
0
0
0
0
0
0
0
0
0
0
0
0
0
0
0
0
0
0
0
0
0
0
0
0
0
0
0
0
0
0
0
0
0
0
0
0
0
0
0
0
0
0
0
0
0
0
0
0
0
0
0
0
0
0
0
0
0
0
0
0
0
0
0
0
0
0
0
0
0
0
0
0
0
0
0
0
0
0
0
0
0
0
0
0
0
0
0
0
0
0
0
0
0
0
0
0
0
0
0
0
0
0
0
0
0
0
0
0
0
0
0
0
0
0
0
0
0
0
0
0
0
0
0
0
0
0
0
0
0
0
0
0
0
0
0
0
0
0
0
0
0
0
0
0
0
0
0
0
0
0
0
0
0
0
0
0
0
0
0
0
0
0
0
0
0
0
0
0
0
0
0
0
0
0
0
0
0
0
0
0
0
0
0
0
0
0
0
0
0
0
0
0
0
0
0
0
0
0
0
0
0
0
0
0
0
0
0
0
0
0
0
0
0
0
0
0
0
0
0
0
0
0
0
0
0
0
0
0
0
0
0
0
0
0
0
0
0
0
0
0
0
0
0
0
0
0
0
0
0
0
0
0
0
0
0
0
0
0
0
0
0
0
0
0
0
0
0
0
0
0
0
0
0
0
0
0
0
0
0
0
0
0
0
0
0
0
0
0
0
0
0
0
0
0
0
0
0
0
0
0
0
0
0
0
0
0
0
0
0
0
0
0
0
0
0
0
0
0
0
0
0
0
0
0
0
0
0
0
0
0
0
0
0
0
0
0
0
0
0
0
0
0
0
0
0
0
0
0
0
0
0
0
0
0
0
0
0
0
0
0
0
0
0
0
0
0
0
0
0
0
0
0
0
0
0
0
0
0
0
0
0
0
0
0
0
0
0
0
0
0
0
0
0
0
0
0
0
0
0
0
0
0
0
0
0
0
0
0
0
0
0
0
0
0
0
0
0
0
0
0
0
0
0
0
0
0
0
0
0
0
0
0
0
0
0
0
0
0
0
0
0
0
