365 674
43 282 3
332 80 2
45 253 5
100 33 3
113 81 5
72 155 3
336 7 4
251 47 4
23 242 2
235 213 3
158 23 3
31 151 4
274 113 3
130 30 4
33 358 5
268 325 2
74 318 5
297 111 3
335 285 3
296 321 2
8 237 3
85 111 3
214 15 4
339 127 4
187 115 5
343 107 3
210 313 2
363 323 3
340 354 2
310 12 4
327 242 3
231 246 2
31 80 4
335 129 4
58 357 6
129 71 3
120 46 4
182 94 5
301 307 3
303 302 2
364 6 3
167 100 4
338 365 3
240 258 3
238 126 4
184 97 3
309 321 4
307 112 2
236 68 4
84 40 2
208 323 2
277 221 1
224 255 2
233 313 3
237 171 5
288 316 3
177 134 3
2 334 4
338 92 3
323 356 4
105 345 2
104 166 3
70 360 3
253 225 2
233 300 5
168 277 2
308 125 4
357 226 4
300 178 3
146 239 5
71 317 3
100 154 4
177 305 3
115 183 2
14 166 2
353 232 5
79 88 3
210 337 3
196 86 4
28 226 3
67 359 5
338 360 3
217 240 4
216 188 3
354 62 4
130 309 3
3 357 3
103 249 4
27 101 4
149 95 3
174 230 2
201 343 4
133 21 5
45 119 4
222 218 4
249 2 4
290 1 4
252 152 3
245 210 4
123 188 5
185 285 3
313 356 3
162 343 4
189 101 6
19 168 5
295 127 4
90 72 3
31 139 2
169 88 4
250 81 3
298 301 2
56 309 3
5 6 3
230 50 3
306 107 3
8 364 5
161 22 4
155 79 3
51 296 3
62 21 2
334 199 3
117 355 3
242 152 2
20 340 5
272 106 4
267 14 2
36 263 3
5 329 5
38 120 2
276 14 4
102 295 5
279 72 3
64 78 4
280 297 4
305 202 3
151 248 3
86 56 4
195 353 2
147 287 4
63 110 2
304 154 4
176 106 4
21 319 4
83 268 3
160 351 4
333 118 3
349 52 4
30 86 4
96 212 3
86 131 3
187 328 3
83 146 4
284 117 3
259 177 6
111 117 2
257 66 4
194 139 5
5 22 3
76 45 4
96 123 4
19 48 3
209 294 4
365 36 4
95 156 1
231 52 4
164 11 3
89 24 2
131 177 4
276 164 5
299 124 5
195 357 4
203 352 4
228 231 5
363 44 2
179 322 4
260 235 3
108 19 4
71 299 3
330 359 5
173 333 3
49 206 5
40 216 4
81 278 3
243 314 3
44 102 5
28 4 3
43 324 1
327 278 3
346 156 4
153 16 3
304 147 4
137 360 3
79 324 3
244 43 3
324 69 4
361 144 4
345 17 3
180 136 3
174 54 2
286 190 2
278 23 3
304 250 3
89 104 1
255 191 3
68 325 4
261 204 4
30 196 2
198 153 3
186 37 3
93 227 2
161 18 2
267 166 2
292 331 4
1 121 4
311 15 4
116 345 5
274 244 2
364 167 3
271 363 3
132 300 3
230 54 3
316 174 2
150 38 3
98 65 6
128 314 3
180 157 3
266 136 3
25 107 3
298 140 2
16 46 4
269 13 3
122 125 3
260 92 2
200 128 2
154 109 3
291 296 4
141 291 3
227 275 4
103 333 3
23 26 3
74 189 3
21 203 3
106 348 3
58 34 1
105 265 4
265 173 2
162 25 3
3 58 3
59 218 4
360 91 3
93 254 3
281 219 5
350 187 3
55 10 3
331 41 3
220 230 3
175 349 1
109 250 1
185 186 3
256 283 5
83 205 2
248 332 4
248 20 3
288 292 3
135 269 3
54 316 3
176 317 4
111 179 3
226 264 4
26 274 2
255 137 4
62 209 3
290 142 3
213 57 3
92 270 5
130 141 3
139 203 5
149 205 3
267 8 3
145 199 2
200 243 3
335 71 3
249 199 4
84 120 2
52 283 4
322 135 3
312 77 3
330 307 2
302 144 3
7 232 4
318 251 3
126 73 3
97 147 3
132 140 5
191 341 4
284 85 3
114 128 4
197 293 3
293 100 3
148 178 4
62 262 3
171 304 4
112 330 2
184 42 3
55 73 4
115 268 2
261 76 2
38 84 3
238 361 4
193 249 3
32 274 3
160 108 3
138 16 4
333 2 3
36 99 2
140 301 2
190 29 3
250 35 5
29 286 2
152 158 2
353 28 4
22 164 4
257 197 5
188 121 1
251 126 3
292 136 5
332 31 2
168 221 2
172 297 3
1 246 3
161 337 5
185 191 4
170 201 3
87 41 3
78 159 4
169 155 4
184 273 3
206 212 3
114 143 3
94 339 3
57 75 3
194 151 6
82 294 3
329 338 4
159 252 3
90 165 3
82 319 5
10 318 5
220 206 3
59 7 3
359 286 3
229 91 4
271 334 4
37 103 3
30 238 4
91 9 4
93 234 4
260 358 3
227 27 3
222 59 3
81 26 3
116 17 3
294 199 3
289 240 3
9 306 3
109 314 3
350 114 4
146 149 3
84 216 2
143 326 4
259 67 3
237 280 2
359 29 5
242 158 3
34 232 4
70 315 4
68 98 4
212 342 3
104 284 6
176 170 2
38 46 3
179 269 3
39 127 3
209 3 3
241 281 3
234 254 4
213 61 5
241 225 4
87 180 4
50 266 4
198 349 3
351 247 5
341 2 3
59 181 2
364 276 4
271 4 4
57 50 4
207 97 3
47 10 4
69 78 5
24 166 3
103 341 3
354 133 4
63 142 4
208 44 2
48 225 4
331 87 2
320 48 3
327 158 3
326 155 3
329 99 4
77 76 3
195 4 3
336 181 3
134 67 3
211 13 3
233 298 3
267 172 3
56 134 3
99 365 4
312 261 3
275 254 3
3 264 3
94 39 4
233 245 2
124 317 3
273 280 4
351 347 2
11 161 3
66 75 3
273 310 2
60 124 3
303 144 3
57 257 2
192 171 3
214 329 3
258 217 4
322 297 4
20 34 6
150 198 4
61 270 3
10 13 3
324 64 4
196 303 4
70 344 1
190 39 4
182 181 3
12 27 4
344 49 3
79 282 4
317 272 2
244 282 4
17 122 2
210 11 4
88 64 3
355 179 3
312 138 4
290 344 3
284 300 4
200 114 2
117 51 3
227 42 4
220 61 3
263 289 3
224 185 3
224 37 3
325 115 3
291 47 2
35 293 3
255 36 3
35 154 3
302 202 3
121 290 3
272 170 3
193 217 3
215 54 5
89 210 3
265 118 4
347 160 3
311 6 3
327 50 6
188 40 4
190 339 4
24 276 3
307 295 3
348 60 3
236 279 5
17 203 5
350 205 3
287 97 3
355 296 4
6 164 3
63 163 3
142 110 3
342 219 4
141 321 2
37 191 3
137 229 3
280 310 3
281 204 5
53 323 2
183 98 5
223 148 4
129 107 3
150 120 5
234 156 3
279 165 3
53 271 3
309 148 3
282 326 3
145 262 3
168 241 5
219 277 4
239 234 3
193 334 2
173 299 3
113 26 5
321 291 4
223 51 3
8 192 3
162 256 3
362 197 2
264 145 4
33 197 3
237 172 3
116 122 3
236 165 4
131 134 4
217 289 3
125 80 3
303 202 4
218 181 3
121 123 3
348 308 4
39 29 3
32 326 4
174 266 3
245 132 4
239 254 4
352 133 3
208 336 4
362 109 3
229 224 2
93 207 2
341 289 3
85 172 3
13 74 3
231 198 2
184 310 4
135 211 5
299 176 4
128 32 4
362 35 3
15 358 3
320 45 4
97 346 3
33 66 3
89 166 4
356 258 4
245 313 3
81 362 4
160 221 3
265 82 2
352 340 4
215 247 4
212 216 3
173 118 2
25 163 3
65 236 4
295 298 4
293 66 3
85 355 3
288 331 2
63 1 4
258 53 3
159 157 5
288 247 4
248 352 4
110 163 3
156 205 4
228 163 4
73 47 3
20 133 3
72 143 4
129 285 2
226 195 2
124 106 3
347 108 5
319 105 4
246 150 4
286 259 3
73 141 3
292 316 5
270 315 3
243 95 3
328 279 4
82 345 3
15 5 4
223 178 3
18 263 3
211 269 4
305 131 3
175 153 4
240 18 3
175 138 3
328 114 5
247 221 3
113 314 4
270 235 3
253 76 3
306 285 4
152 136 3
165 65 2
252 69 3
180 252 3
287 346 4
139 80 2
332 194 4
75 358 3
105 60 4
301 112 5
96 49 5
4 193 4
110 25 4
215 342 3
130 126 4
311 167 4
201 256 4
54 220 2
186 335 3
9 229 3
70 92 4
232 222 3
142 9 4
12 135 2
157 41 5
192 167 3
241 277 3
101 275 4
77 119 5
350 200 3
233 140 3
361 196 3
261 119 4
102 182 3
319 262 5
183 325 2
353 7 4
262 294 3
162 228 3
132 104 4
320 253 3
204 46 4
344 123 3
211 189 4
145 209 4
283 228 3
363 53 3
349 16 4
260 214 4
55 251 3
42 207 2
315 49 5
12 273 3
137 365 4
24 11 3
94 218 3
253 204 3
336 363 4
143 328 4
112 178 4
169 90 3
356 337 3
308 116 4
10000
0
0
0
0
0
0
0
0
0
0
0
0
0
0
0
0
0
0
0
0
0
0
0
0
0
0
0
0
0
0
0
0
0
0
0
0
0
0
0
0
0
0
0
0
0
0
0
0
0
0
0
0
0
0
0
0
0
0
0
0
0
0
0
0
0
0
0
0
0
0
0
0
0
0
0
0
0
0
1
1 331
0
0
0
0
0
0
0
0
0
0
0
0
0
0
0
0
0
0
0
0
0
0
0
0
0
0
1
2 229
0
0
0
0
0
0
0
0
0
0
0
0
0
0
0
0
1
3 292
0
1
4 291
0
0
0
0
0
1
5 234
0
0
0
0
0
0
0
0
0
0
1
6 94
0
0
0
0
0
0
0
1
7 8
0
0
0
0
0
0
0
0
0
0
0
0
0
0
0
0
0
1
8 138
1
9 150
0
0
0
1
10 236
0
0
0
0
0
0
0
0
0
0
0
0
0
0
0
0
0
0
1
11 18
0
0
0
0
0
0
0
0
0
0
0
0
0
0
0
0
0
0
0
0
0
0
0
0
0
0
0
0
0
0
0
0
0
0
1
12 10
0
0
0
1
13 208
1
14 319
0
0
0
0
0
0
0
1
15 289
0
1
16 300
0
0
0
0
0
0
0
0
1
17 11
0
0
0
0
0
0
0
0
1
18 340
0
1
19 104
0
0
0
1
20 84
0
0
0
0
0
0
0
1
21 117
0
0
0
0
0
0
0
0
0
0
0
0
1
22 105
0
0
1
23 69
0
1
24 219
0
0
0
1
25 276
0
0
0
1
26 224
0
0
0
0
0
0
0
0
0
1
27 281
0
1
28 294
1
29 166
1
30 241
0
0
0
0
0
0
0
0
0
0
0
0
0
0
0
0
1
31 273
0
0
0
0
0
0
0
0
1
32 36
1
33 304
0
0
0
0
0
0
1
34 76
0
0
0
1
35 14
0
1
36 83
0
0
0
0
0
0
0
1
37 82
0
0
1
38 251
0
0
0
1
39 76
0
0
1
40 355
0
0
1
41 156
0
0
0
0
0
0
0
0
0
0
0
0
0
0
0
0
0
0
1
42 270
0
0
1
43 175
0
0
1
44 192
1
45 167
0
0
0
0
0
0
0
0
0
1
46 136
0
0
0
0
0
0
0
1
47 210
0
1
48 276
0
0
0
0
0
0
0
0
0
1
49 183
0
0
0
0
0
0
0
0
0
0
0
0
0
0
0
0
0
0
0
1
50 11
0
0
0
0
0
0
0
0
0
1
51 76
0
1
52 318
1
53 240
0
0
1
54 42
1
55 284
0
0
0
0
0
1
56 162
1
57 41
0
0
0
0
0
0
1
58 118
0
0
1
59 190
0
0
0
0
1
60 304
0
0
0
0
1
61 171
0
0
0
1
62 179
0
1
63 364
0
0
0
1
64 85
0
0
0
0
1
65 4
0
0
1
66 148
0
0
0
1
67 355
0
1
68 186
1
69 280
0
1
70 333
0
0
1
71 160
0
0
0
0
0
0
1
72 328
0
1
73 226
1
74 191
0
0
1
75 336
0
0
0
0
0
1
76 280
1
77 172
0
1
78 170
0
0
0
0
0
1
79 312
0
1
80 294
0
0
0
0
0
0
0
0
1
81 196
1
82 287
0
0
0
0
0
0
0
0
0
0
0
1
83 228
0
0
0
0
0
0
0
0
0
1
84 129
0
0
0
1
85 264
1
86 179
0
1
87 18
0
0
0
0
1
88 346
1
89 141
1
90 184
1
91 321
1
92 281
1
93 147
0
0
0
1
94 121
0
1
95 24
0
1
96 93
0
1
97 355
1
98 151
0
1
99 257
0
1
100 155
0
1
101 261
1
102 364
1
103 108
0
0
0
1
104 289
0
0
0
0
1
105 11
0
0
0
1
106 24
0
0
1
107 104
1
108 266
0
1
109 10
0
1
110 70
0
0
0
0
0
1
111 127
1
112 226
0
0
0
0
0
1
113 202
0
0
1
114 18
0
1
115 43
0
0
0
0
1
116 342
0
0
0
0
1
117 4
0
0
0
0
0
1
118 90
0
0
0
0
1
119 293
0
1
120 342
0
1
121 260
0
1
122 51
1
123 9
0
0
0
0
0
0
0
0
0
0
0
0
0
1
124 104
0
1
125 94
1
126 325
1
127 92
1
128 171
1
129 42
1
130 274
0
0
0
0
0
0
1
131 280
0
1
132 262
1
133 138
0
0
1
134 251
1
135 275
0
1
136 38
0
1
137 202
0
0
1
138 229
1
139 255
0
0
1
140 74
0
1
141 282
0
1
142 81
0
0
0
1
143 189
1
144 129
1
145 53
0
1
146 283
0
0
1
147 158
0
0
0
1
148 294
1
149 348
0
0
0
0
1
150 7
0
0
0
0
1
151 309
1
152 171
0
0
1
153 7
0
0
1
154 349
0
1
155 226
0
0
0
0
0
1
156 20
0
1
157 41
0
1
158 110
0
1
159 45
1
160 179
1
161 218
1
162 104
0
1
163 164
0
0
1
164 99
1
165 125
0
0
0
0
1
166 304
0
0
0
0
0
1
167 23
1
168 33
0
0
0
0
0
0
0
0
1
169 148
1
170 238
0
1
171 5
1
172 288
0
1
173 15
1
174 7
1
175 238
0
1
176 81
1
177 211
1
178 52
1
179 221
1
180 42
0
0
0
1
181 241
1
182 76
1
183 106
0
0
0
1
184 256
0
1
185 340
0
1
186 146
0
0
0
0
0
1
187 330
0
1
188 284
1
189 90
0
0
1
190 126
1
191 126
0
0
1
192 31
0
0
0
1
193 303
1
194 210
0
0
1
195 165
0
0
1
196 347
1
197 266
1
198 193
0
1
199 165
0
0
0
0
1
200 203
0
0
0
0
1
201 180
1
202 223
0
1
203 214
1
204 201
0
1
205 247
1
206 233
0
1
207 202
0
0
1
208 15
0
1
209 238
1
210 196
1
211 269
0
1
212 145
0
1
213 364
0
1
214 72
0
1
215 276
1
216 149
0
0
0
1
217 146
0
1
218 205
1
219 184
0
0
0
0
0
1
220 304
0
1
221 181
0
0
1
222 355
0
1
223 182
1
224 197
0
1
225 328
1
226 204
0
0
1
227 228
0
1
228 280
1
229 297
0
1
230 78
1
231 69
0
1
232 320
1
233 281
0
0
0
0
1
234 33
0
1
235 105
0
0
1
236 102
0
0
1
237 127
0
0
0
1
238 231
0
0
0
0
1
239 294
1
240 278
0
0
0
1
241 322
1
242 221
1
243 56
0
0
1
244 168
0
0
0
0
0
1
245 120
0
0
1
246 152
1
247 166
0
1
248 364
1
249 74
1
250 322
0
0
1
251 318
0
0
1
252 14
1
253 198
1
254 90
0
0
1
255 237
1
256 252
1
257 154
0
1
258 177
1
259 201
1
260 65
0
0
0
0
1
261 13
1
262 179
1
263 268
1
264 25
1
265 269
1
266 72
0
1
267 4
1
268 282
1
269 245
0
1
270 293
0
1
271 262
1
272 49
1
273 358
1
274 116
1
275 193
1
276 253
1
277 170
1
278 349
0
0
1
279 117
0
0
0
1
280 215
1
281 308
0
0
1
282 238
1
283 107
0
1
284 277
0
0
1
285 58
0
0
0
0
1
286 97
1
287 47
0
0
0
1
288 280
1
289 338
0
1
290 41
1
291 167
1
292 356
1
293 239
0
0
1
294 266
1
295 56
1
296 350
0
0
1
297 347
1
298 184
1
299 172
0
1
300 141
1
301 15
0
1
302 312
1
303 184
0
1
304 315
1
305 308
1
306 89
1
307 3
1
308 54
1
309 350
0
1
310 54
1
311 140
1
312 144
1
313 333
1
314 344
0
1
315 34
1
316 166
1
317 32
0
1
318 179
1
319 171
0
0
1
320 22
0
0
0
1
321 53
0
0
1
322 270
0
1
323 14
1
324 245
1
325 347
1
326 235
1
327 289
1
328 33
0
0
1
329 6
1
330 61
0
0
1
331 225
1
332 335
1
333 166
1
334 174
1
335 280
1
336 281
1
337 100
1
338 297
1
339 318
0
1
340 49
0
1
341 56
0
1
342 14
0
1
343 151
0
0
1
344 219
1
345 159
0
1
346 15
0
1
347 171
1
348 233
0
0
1
349 184
1
350 292
1
351 364
1
352 351
0
0
0
0
0
1
353 22
0
1
354 23
1
355 81
1
356 154
0
1
357 343
1
358 216
1
359 14
1
360 240
1
361 156
1
362 49
0
1
363 222
1
364 291
1
365 16
1
366 176
1
367 66
0
1
368 25
1
369 361
1
370 333
1
371 246
0
1
372 297
1
373 76
0
1
374 154
1
375 38
0
1
376 153
1
377 97
0
1
378 218
0
0
1
379 291
0
1
380 149
1
381 203
1
382 298
0
1
383 243
1
384 98
0
1
385 152
0
0
0
1
386 203
1
387 89
0
1
388 16
0
0
1
389 167
1
390 355
1
391 117
0
1
392 352
0
1
393 326
1
394 67
1
395 216
0
0
1
396 57
0
0
1
397 190
1
398 273
1
399 223
1
400 48
1
401 46
1
402 227
0
1
403 269
1
404 310
0
0
1
405 143
0
1
406 119
1
407 85
1
408 238
1
409 103
0
1
410 300
1
411 110
1
412 206
0
1
413 288
0
1
414 187
1
415 234
1
416 280
1
417 295
1
418 281
0
1
419 36
1
420 92
1
421 301
1
422 244
1
423 173
1
424 146
1
425 85
1
426 365
1
427 213
1
428 71
0
0
1
429 70
1
430 37
1
431 73
0
1
432 142
1
433 309
1
434 74
1
435 24
1
436 249
1
437 8
0
1
438 102
1
439 22
1
440 61
0
0
0
1
441 88
1
442 317
0
1
443 22
1
444 13
1
445 281
1
446 21
1
447 362
1
448 176
1
449 220
0
1
450 346
1
451 137
1
452 128
1
453 192
1
454 48
1
455 343
1
456 184
0
0
1
457 300
1
458 36
0
1
459 291
1
460 110
1
461 22
1
462 47
1
463 184
1
464 293
1
465 199
0
0
0
0
0
1
466 170
0
0
1
467 5
0
1
468 281
0
1
469 164
0
1
470 91
1
471 287
0
0
1
472 21
1
473 322
1
474 50
0
1
475 79
1
476 9
0
0
1
477 240
1
478 247
1
479 278
0
1
480 248
1
481 168
1
482 200
0
1
483 108
0
0
0
1
484 28
1
485 52
1
486 347
1
487 95
1
488 293
1
489 143
1
490 122
0
0
1
491 11
1
492 194
1
493 154
0
0
0
1
494 192
1
495 38
1
496 125
1
497 99
1
498 128
1
499 300
1
500 60
1
501 232
0
1
502 74
1
503 37
1
504 118
1
505 11
1
506 145
0
1
507 141
1
508 259
1
509 138
0
1
510 328
1
511 329
1
512 236
1
513 263
0
1
514 146
1
515 251
1
516 297
1
517 166
1
518 120
1
519 237
1
520 324
0
1
521 59
1
522 79
1
523 229
0
1
524 77
0
0
0
1
525 142
0
1
526 69
0
1
527 183
1
528 342
1
529 171
0
1
530 57
0
1
531 348
1
532 179
0
1
533 311
1
534 206
1
535 193
1
536 225
0
1
537 100
1
538 147
1
539 208
1
540 96
1
541 147
1
542 364
0
1
543 316
1
544 312
0
1
545 12
1
546 120
1
547 204
1
548 247
1
549 233
1
550 345
1
551 281
1
552 84
1
553 101
1
554 86
0
0
1
555 90
1
556 199
1
557 157
1
558 94
1
559 147
0
1
560 330
1
561 147
1
562 325
1
563 236
1
564 332
1
565 177
1
566 244
1
567 196
1
568 110
1
569 192
1
570 35
0
0
1
571 79
1
572 56
1
573 243
1
574 172
0
1
575 358
1
576 94
1
577 41
1
578 76
1
579 23
1
580 361
1
581 165
1
582 180
1
583 29
1
584 91
1
585 183
0
1
586 119
1
587 245
1
588 207
1
589 281
1
590 306
0
1
591 3
1
592 303
1
593 46
0
1
594 159
0
1
595 89
1
596 27
1
597 204
0
1
598 9
1
599 232
1
600 93
1
601 177
1
602 5
0
1
603 294
1
604 112
0
1
605 364
0
1
606 3
1
607 138
1
608 335
1
609 267
1
610 317
0
1
611 254
1
612 232
1
613 256
1
614 271
1
615 197
1
616 272
1
617 115
1
618 205
0
1
619 315
1
620 4
1
621 163
1
622 237
0
1
623 316
0
1
624 135
1
625 335
1
626 218
1
627 219
0
1
628 146
1
629 311
0
1
630 106
1
631 19
1
632 335
1
633 273
1
634 293
1
635 305
1
636 219
1
637 281
1
638 211
1
639 206
1
640 316
1
641 153
1
642 104
0
1
643 322
1
644 76
0
1
645 104
0
1
646 220
1
647 59
0
1
648 344
1
649 165
1
650 226
1
651 256
1
652 196
1
653 101
1
654 355
1
655 137
0
1
656 107
1
657 166
1
658 337
1
659 149
0
1
660 34
0
1
661 41
1
662 10
1
663 47
1
664 85
0
1
665 240
1
666 352
1
667 6
1
668 127
1
669 277
1
670 185
1
671 89
0
1
672 307
1
673 131
0
1
674 12
1
675 225
1
676 33
1
677 337
1
678 188
0
1
679 334
0
0
0
1
680 34
1
681 306
1
682 303
1
683 50
1
684 255
0
1
685 61
1
686 134
1
687 98
1
688 313
1
689 218
0
1
690 333
1
691 226
1
692 322
1
693 165
1
694 115
0
1
695 237
1
696 97
1
697 34
1
698 359
1
699 259
1
700 154
0
1
701 115
0
1
702 32
1
703 339
1
704 241
1
705 31
1
706 24
1
707 236
1
708 353
0
1
709 312
1
710 117
1
711 256
1
712 24
1
713 60
1
714 109
1
715 219
1
716 20
1
717 321
1
718 210
1
719 192
1
720 69
1
721 359
1
722 206
1
723 157
1
724 255
1
725 20
1
726 316
1
727 326
1
728 208
1
729 302
1
730 55
1
731 59
1
732 341
1
733 89
1
734 85
1
735 225
1
736 70
1
737 281
1
738 234
1
739 134
1
740 58
1
741 240
1
742 284
1
743 203
1
744 291
1
745 53
0
0
1
746 170
1
747 141
1
748 296
1
749 293
0
1
750 225
1
751 270
0
1
752 18
1
753 343
1
754 87
0
1
755 280
0
1
756 117
1
757 53
1
758 21
1
759 337
1
760 261
0
1
761 204
1
762 149
1
763 78
1
764 76
0
1
765 293
1
766 217
0
1
767 144
1
768 348
1
769 159
1
770 271
1
771 322
1
772 225
1
773 96
1
774 109
1
775 65
1
776 167
1
777 2
1
778 105
0
1
779 188
1
780 26
1
781 85
1
782 164
1
783 251
1
784 333
1
785 200
1
786 52
1
787 263
1
788 180
1
789 359
0
1
790 59
1
791 8
0
1
792 111
1
793 50
1
794 81
1
795 274
1
796 183
0
1
797 274
1
798 85
1
799 206
1
800 158
1
801 209
0
1
802 251
1
803 167
1
804 183
1
805 185
1
806 13
1
807 224
1
808 3
1
809 102
1
810 276
1
811 94
1
812 233
0
0
1
813 18
1
814 274
1
815 197
1
816 286
1
817 324
1
818 8
1
819 14
1
820 309
1
821 7
1
822 227
1
823 124
1
824 35
1
825 178
1
826 217
1
827 20
1
828 131
1
829 360
1
830 274
1
831 357
1
832 165
1
833 144
1
834 147
1
835 5
1
836 36
1
837 295
1
838 134
1
839 147
1
840 361
1
841 230
1
842 337
1
843 219
1
844 136
1
845 75
1
846 284
0
1
847 21
0
1
848 188
1
849 39
1
850 57
1
851 102
1
852 143
1
853 233
1
854 201
1
855 178
1
856 355
1
857 328
1
858 279
1
859 83
1
860 300
1
861 257
1
862 55
1
863 111
0
1
864 267
1
865 295
1
866 271
1
867 277
1
868 3
1
869 228
1
870 355
1
871 56
1
872 299
1
873 120
1
874 139
1
875 342
1
876 328
1
877 252
1
878 110
1
879 318
1
880 38
1
881 268
1
882 47
1
883 48
1
884 65
1
885 202
1
886 349
1
887 290
0
0
1
888 298
1
889 316
1
890 18
1
891 292
1
892 8
1
893 280
1
894 365
1
895 272
1
896 262
1
897 326
1
898 154
1
899 233
1
900 164
1
901 363
1
902 77
1
903 127
1
904 167
1
905 15
1
906 53
1
907 273
1
908 85
1
909 258
1
910 328
1
911 103
1
912 347
1
913 84
1
914 125
1
915 251
1
916 75
1
917 172
1
918 278
1
919 71
1
920 136
1
921 330
1
922 61
1
923 272
1
924 8
1
925 188
1
926 10
0
1
927 37
1
928 256
1
929 144
1
930 297
1
931 212
1
932 93
1
933 183
1
934 327
1
935 270
1
936 57
1
937 38
1
938 80
1
939 71
1
940 255
1
941 68
1
942 186
1
943 233
1
944 139
1
945 98
1
946 119
1
947 237
1
948 81
1
949 136
1
950 258
1
951 165
1
952 110
0
1
953 329
1
954 76
1
955 272
1
956 237
1
957 111
1
958 147
0
1
959 169
1
960 184
1
961 163
1
962 245
1
963 198
1
964 288
1
965 11
1
966 96
1
967 158
1
968 207
1
969 356
1
970 237
1
971 15
1
972 204
1
973 364
1
974 24
1
975 257
1
976 211
1
977 195
1
978 214
1
979 7
1
980 202
1
981 193
1
982 141
1
983 51
1
984 220
1
985 17
1
986 34
1
987 20
1
988 2
1
989 147
1
990 321
1
991 128
1
992 337
1
993 13
1
994 109
1
995 272
1
996 305
1
997 167
1
998 62
1
999 85
1
1000 162
1
1001 31
1
1002 89
1
1003 57
1
1004 145
1
1005 30
1
1006 236
1
1007 230
1
1008 75
1
1009 284
1
1010 233
1
1011 74
1
1012 159
1
1013 83
1
1014 225
1
1015 338
1
1016 75
1
1017 326
1
1018 198
1
1019 218
1
1020 262
1
1021 155
1
1022 15
1
1023 320
1
1024 79
1
1025 110
1
1026 164
1
1027 284
1
1028 231
1
1029 44
1
1030 103
1
1031 73
1
1032 337
1
1033 322
1
1034 315
1
1035 153
1
1036 172
1
1037 117
1
1038 193
1
1039 192
1
1040 334
1
1041 189
1
1042 219
1
1043 11
1
1044 262
1
1045 167
1
1046 117
1
1047 343
1
1048 271
1
1049 245
1
1050 213
1
1051 354
1
1052 37
1
1053 198
1
1054 298
1
1055 137
1
1056 72
1
1057 2
1
1058 13
1
1059 51
1
1060 21
1
1061 240
1
1062 197
1
1063 323
1
1064 317
1
1065 78
1
1066 364
1
1067 83
1
1068 81
1
1069 276
1
1070 292
1
1071 306
1
1072 172
1
1073 175
1
1074 267
1
1075 301
1
1076 261
1
1077 89
1
1078 45
1
1079 264
1
1080 190
1
1081 263
1
1082 48
1
1083 104
1
1084 130
1
1085 106
1
1086 180
1
1087 43
1
1088 129
1
1089 346
1
1090 350
0
1
1091 237
1
1092 8
1
1093 208
1
1094 121
1
1095 179
1
1096 138
1
1097 346
1
1098 358
1
1099 60
1
1100 129
1
1101 4
1
1102 233
1
1103 312
1
1104 32
1
1105 231
1
1106 298
1
1107 152
1
1108 306
1
1109 255
1
1110 243
1
1111 117
1
1112 213
1
1113 121
1
1114 87
1
1115 42
1
1116 288
1
1117 359
1
1118 223
1
1119 264
0
1
1120 59
1
1121 138
1
1122 251
1
1123 21
1
1124 232
1
1125 312
1
1126 360
1
1127 226
1
1128 112
1
1129 42
1
1130 300
1
1131 167
1
1132 155
1
1133 165
1
1134 174
1
1135 166
1
1136 316
1
1137 339
1
1138 76
1
1139 93
1
1140 279
1
1141 95
1
1142 15
1
1143 44
1
1144 173
1
1145 57
1
1146 149
1
1147 364
1
1148 41
1
1149 337
1
1150 336
1
1151 226
1
1152 290
1
1153 119
1
1154 83
1
1155 349
1
1156 77
1
1157 204
1
1158 100
1
1159 161
1
1160 147
1
1161 307
1
1162 128
1
1163 113
1
1164 300
1
1165 230
1
1166 323
1
1167 254
1
1168 42
1
1169 193
1
1170 187
1
1171 239
1
1172 304
1
1173 237
1
1174 242
1
1175 200
1
1176 364
1
1177 127
1
1178 297
1
1179 349
0
1
1180 279
1
1181 128
1
1182 303
1
1183 174
1
1184 168
1
1185 339
1
1186 8
1
1187 212
1
1188 264
1
1189 316
1
1190 32
1
1191 305
1
1192 310
1
1193 184
1
1194 294
1
1195 119
1
1196 237
1
1197 83
1
1198 260
1
1199 14
1
1200 26
1
1201 22
1
1202 315
1
1203 84
1
1204 134
1
1205 16
1
1206 173
1
1207 136
1
1208 167
1
1209 205
1
1210 334
1
1211 297
1
1212 284
1
1213 62
1
1214 280
1
1215 15
1
1216 337
1
1217 119
1
1218 309
1
1219 81
1
1220 142
1
1221 198
1
1222 153
1
1223 274
1
1224 33
0
1
1225 276
1
1226 57
1
1227 251
1
1228 352
1
1229 274
1
1230 337
1
1231 119
1
1232 110
1
1233 172
1
1234 51
1
1235 147
1
1236 253
1
1237 314
1
1238 56
1
1239 263
1
1240 140
1
1241 188
1
1242 32
1
1243 48
1
1244 177
1
1245 235
1
1246 311
1
1247 17
1
1248 124
1
1249 40
1
1250 43
1
1251 34
1
1252 121
1
1253 338
1
1254 236
1
1255 58
1
1256 122
1
1257 46
1
1258 244
1
1259 75
1
1260 262
1
1261 240
1
1262 142
1
1263 260
1
1264 300
1
1265 285
1
1266 166
0
1
1267 301
1
1268 89
1
1269 282
1
1270 199
1
1271 343
1
1272 290
1
1273 85
1
1274 76
1
1275 164
1
1276 216
1
1277 252
1
1278 74
1
1279 23
1
1280 88
1
1281 172
1
1282 306
1
1283 214
1
1284 177
1
1285 108
1
1286 345
1
1287 261
1
1288 197
1
1289 217
1
1290 29
1
1291 173
1
1292 56
1
1293 297
1
1294 328
1
1295 77
1
1296 316
1
1297 166
1
1298 164
1
1299 315
1
1300 307
1
1301 126
1
1302 9
1
1303 185
1
1304 252
1
1305 226
1
1306 287
1
1307 253
1
1308 264
1
1309 340
1
1310 187
1
1311 87
1
1312 175
1
1313 314
1
1314 311
1
1315 4
1
1316 302
1
1317 11
1
1318 181
1
1319 142
1
1320 85
1
1321 335
1
1322 340
1
1323 332
1
1324 342
1
1325 120
1
1326 88
1
1327 279
1
1328 294
1
1329 8
0
1
1330 313
1
1331 271
1
1332 125
1
1333 79
1
1334 189
1
1335 103
1
1336 359
1
1337 158
1
1338 94
1
1339 65
1
1340 170
1
1341 318
1
1342 345
1
1343 87
1
1344 36
1
1345 304
1
1346 270
1
1347 272
1
1348 207
1
1349 297
0
1
1350 200
1
1351 95
1
1352 272
1
1353 79
1
1354 252
1
1355 206
1
1356 221
1
1357 166
1
1358 224
1
1359 166
1
1360 248
1
1361 255
1
1362 160
1
1363 365
0
1
1364 237
1
1365 345
1
1366 192
1
1367 25
1
1368 205
1
1369 176
1
1370 126
1
1371 271
1
1372 304
1
1373 357
1
1374 240
1
1375 171
1
1376 37
1
1377 273
1
1378 229
1
1379 112
1
1380 327
1
1381 336
0
1
1382 320
1
1383 319
1
1384 229
1
1385 123
1
1386 291
1
1387 364
1
1388 164
1
1389 247
1
1390 160
1
1391 315
1
1392 161
1
1393 335
1
1394 201
1
1395 285
1
1396 262
1
1397 4
1
1398 237
1
1399 242
1
1400 299
1
1401 214
1
1402 93
1
1403 306
1
1404 203
1
1405 268
1
1406 254
1
1407 19
1
1408 73
0
1
1409 216
1
1410 335
1
1411 286
1
1412 3
1
1413 74
1
1414 285
1
1415 365
1
1416 325
0
1
1417 65
1
1418 202
1
1419 349
1
1420 169
1
1421 167
1
1422 97
1
1423 11
1
1424 245
1
1425 259
1
1426 28
1
1427 364
1
1428 249
1
1429 218
1
1430 261
1
1431 240
1
1432 283
1
1433 332
1
1434 53
1
1435 355
1
1436 31
1
1437 355
1
1438 29
0
1
1439 165
1
1440 52
1
1441 247
1
1442 144
1
1443 112
1
1444 184
0
1
1445 160
1
1446 167
1
1447 44
1
1448 151
1
1449 8
0
1
1450 23
1
1451 358
0
1
1452 159
1
1453 54
1
1454 50
0
1
1455 135
1
1456 198
1
1457 91
1
1458 11
1
1459 22
1
1460 213
1
1461 34
1
1462 10
0
1
1463 161
1
1464 365
1
1465 328
1
1466 283
1
1467 111
1
1468 364
1
1469 40
1
1470 194
1
1471 117
1
1472 146
1
1473 104
0
1
1474 361
1
1475 353
1
1476 113
1
1477 93
1
1478 89
1
1479 154
1
1480 300
1
1481 59
1
1482 128
1
1483 330
1
1484 193
1
1485 111
1
1486 72
1
1487 13
1
1488 43
1
1489 33
1
1490 141
0
1
1491 72
1
1492 359
1
1493 104
1
1494 249
1
1495 236
1
1496 207
1
1497 193
0
1
1498 67
0
1
1499 26
0
1
1500 186
1
1501 200
0
1
1502 336
1
1503 89
1
1504 211
0
1
1505 75
1
1506 114
1
1507 155
1
1508 122
1
1509 19
1
1510 312
1
1511 99
1
1512 171
1
1513 38
1
1514 126
1
1515 157
1
1516 344
1
1517 148
1
1518 188
1
1519 302
1
1520 146
1
1521 38
1
1522 245
1
1523 178
1
1524 10
0
1
1525 265
1
1526 103
1
1527 265
1
1528 130
1
1529 315
1
1530 30
1
1531 257
1
1532 41
1
1533 74
1
1534 262
1
1535 88
1
1536 312
1
1537 22
1
1538 3
1
1539 167
1
1540 246
1
1541 85
1
1542 118
1
1543 267
1
1544 356
1
1545 20
1
1546 301
1
1547 263
1
1548 239
1
1549 25
1
1550 208
1
1551 262
1
1552 33
1
1553 38
1
1554 192
1
1555 159
1
1556 274
1
1557 61
1
1558 310
0
1
1559 270
1
1560 46
1
1561 153
1
1562 156
1
1563 332
1
1564 271
1
1565 249
1
1566 111
1
1567 66
1
1568 260
1
1569 322
1
1570 225
0
1
1571 37
1
1572 354
1
1573 276
1
1574 304
1
1575 25
1
1576 135
1
1577 37
1
1578 301
1
1579 249
1
1580 132
1
1581 247
1
1582 277
1
1583 365
1
1584 243
1
1585 332
1
1586 337
1
1587 107
1
1588 203
1
1589 347
1
1590 231
1
1591 356
1
1592 117
1
1593 161
1
1594 228
1
1595 259
1
1596 6
1
1597 115
1
1598 109
1
1599 219
1
1600 232
1
1601 351
1
1602 183
1
1603 139
1
1604 143
1
1605 112
1
1606 53
1
1607 7
1
1608 137
0
0
1
1609 290
1
1610 94
1
1611 53
1
1612 253
1
1613 207
1
1614 335
1
1615 309
1
1616 28
1
1617 334
1
1618 131
1
1619 233
1
1620 267
1
1621 281
1
1622 333
1
1623 219
1
1624 243
0
1
1625 224
1
1626 243
1
1627 140
1
1628 364
1
1629 299
1
1630 267
1
1631 294
1
1632 248
1
1633 71
1
1634 293
1
1635 173
1
1636 164
1
1637 240
1
1638 213
1
1639 191
1
1640 169
1
1641 11
1
1642 142
1
1643 45
0
1
1644 364
1
1645 137
1
1646 214
1
1647 293
1
1648 328
1
1649 246
1
1650 115
1
1651 290
1
1652 75
1
1653 14
1
1654 187
1
1655 281
1
1656 256
1
1657 254
1
1658 246
1
1659 255
1
1660 102
1
1661 304
1
1662 107
1
1663 112
1
1664 90
1
1665 291
1
1666 203
1
1667 165
1
1668 355
1
1669 267
0
1
1670 350
1
1671 235
1
1672 14
1
1673 252
1
1674 351
1
1675 355
1
1676 8
1
1677 121
0
1
1678 208
1
1679 100
1
1680 187
1
1681 41
1
1682 8
1
1683 204
1
1684 291
1
1685 271
0
1
1686 330
1
1687 263
1
1688 129
1
1689 237
1
1690 352
1
1691 81
1
1692 334
1
1693 8
1
1694 23
1
1695 180
1
1696 147
1
1697 133
1
1698 156
1
1699 256
1
1700 177
1
1701 282
1
1702 186
1
1703 214
1
1704 74
1
1705 308
1
1706 200
1
1707 118
1
1708 147
0
1
1709 200
1
1710 341
1
1711 142
1
1712 75
1
1713 239
1
1714 120
1
1715 184
1
1716 8
1
1717 24
1
1718 172
1
1719 210
1
1720 310
1
1721 15
1
1722 6
0
1
1723 196
1
1724 27
1
1725 356
1
1726 243
1
1727 201
1
1728 342
1
1729 240
1
1730 268
1
1731 225
1
1732 265
1
1733 95
1
1734 14
1
1735 304
1
1736 297
1
1737 161
0
1
1738 154
1
1739 243
1
1740 91
1
1741 193
1
1742 264
1
1743 281
1
1744 201
1
1745 311
1
1746 218
1
1747 345
1
1748 292
1
1749 286
1
1750 248
1
1751 220
1
1752 56
1
1753 83
0
1
1754 198
1
1755 11
0
1
1756 186
1
1757 261
1
1758 280
0
1
1759 350
1
1760 188
1
1761 106
0
1
1762 302
1
1763 4
0
1
1764 46
1
1765 99
0
1
1766 363
1
1767 343
1
1768 67
1
1769 319
1
1770 186
1
1771 80
1
1772 124
1
1773 339
0
1
1774 318
1
1775 166
1
1776 26
1
1777 184
1
1778 67
1
1779 284
0
1
1780 288
1
1781 65
1
1782 346
1
1783 59
1
1784 105
1
1785 12
1
1786 287
1
1787 88
1
1788 112
1
1789 87
0
1
1790 190
0
1
1791 361
0
1
1792 260
1
1793 322
0
1
1794 68
1
1795 222
1
1796 333
1
1797 345
1
1798 340
1
1799 287
1
1800 166
1
1801 8
1
1802 344
1
1803 364
1
1804 54
1
1805 13
1
1806 160
1
1807 80
1
1808 44
1
1809 233
1
1810 140
1
1811 331
1
1812 229
1
1813 304
1
1814 307
1
1815 96
1
1816 202
1
1817 299
1
1818 66
1
1819 236
1
1820 117
1
1821 197
0
1
1822 49
1
1823 259
1
1824 116
1
1825 25
1
1826 131
1
1827 211
1
1828 5
1
1829 80
1
1830 172
1
1831 144
1
1832 203
1
1833 85
1
1834 66
1
1835 58
1
1836 197
1
1837 124
1
1838 255
0
1
1839 201
1
1840 284
1
1841 105
1
1842 269
1
1843 300
1
1844 99
1
1845 211
1
1846 36
1
1847 202
1
1848 280
1
1849 202
1
1850 7
1
1851 33
1
1852 24
1
1853 310
1
1854 128
1
1855 234
1
1856 317
1
1857 335
1
1858 259
1
1859 208
1
1860 82
1
1861 359
1
1862 5
1
1863 345
1
1864 164
1
1865 234
1
1866 151
1
1867 187
1
1868 221
1
1869 243
0
1
1870 177
1
1871 6
1
1872 163
1
1873 32
1
1874 45
1
1875 292
1
1876 349
1
1877 311
1
1878 111
1
1879 88
1
1880 355
0
1
1881 33
1
1882 355
1
1883 85
1
1884 350
1
1885 117
1
1886 187
1
1887 163
1
1888 114
1
1889 259
1
1890 316
1
1891 230
1
1892 72
1
1893 7
1
1894 173
1
1895 328
1
1896 364
1
1897 290
1
1898 14
1
1899 40
1
1900 334
1
1901 155
0
0
1
1902 287
1
1903 14
1
1904 317
1
1905 322
1
1906 357
1
1907 173
1
1908 148
0
1
1909 350
0
1
1910 271
1
1911 340
1
1912 186
0
1
1913 207
1
1914 230
1
1915 231
1
1916 309
1
1917 224
1
1918 33
1
1919 27
0
1
1920 15
1
1921 75
1
1922 141
1
1923 160
1
1924 166
1
1925 116
1
1926 142
1
1927 144
1
1928 259
1
1929 40
1
1930 192
1
1931 264
1
1932 154
0
1
1933 5
1
1934 326
1
1935 256
1
1936 37
1
1937 342
1
1938 177
1
1939 210
1
1940 17
1
1941 29
1
1942 298
1
1943 237
1
1944 192
1
1945 30
1
1946 127
1
1947 207
1
1948 14
1
1949 326
0
1
1950 72
0
1
1951 276
0
0
1
1952 359
1
1953 89
1
1954 21
1
1955 101
1
1956 109
1
1957 213
1
1958 336
1
1959 154
1
1960 149
1
1961 123
1
1962 341
1
1963 138
1
1964 286
0
1
1965 280
1
1966 146
1
1967 305
1
1968 14
1
1969 147
1
1970 247
1
1971 289
1
1972 345
1
1973 320
1
1974 300
1
1975 22
1
1976 280
1
1977 182
1
1978 313
1
1979 262
1
1980 156
0
1
1981 168
0
1
1982 284
1
1983 266
1
1984 29
1
1985 227
1
1986 254
1
1987 297
1
1988 322
1
1989 336
1
1990 275
1
1991 192
1
1992 67
1
1993 317
0
1
1994 188
1
1995 220
1
1996 23
1
1997 57
1
1998 39
1
1999 237
1
2000 349
1
2001 255
1
2002 245
0
1
2003 181
1
2004 122
1
2005 149
1
2006 313
0
1
2007 86
1
2008 201
1
2009 135
1
2010 177
0
1
2011 57
0
1
2012 171
1
2013 328
1
2014 171
1
2015 124
1
2016 194
1
2017 271
1
2018 307
1
2019 344
1
2020 51
1
2021 61
0
0
1
2022 356
0
0
1
2023 267
1
2024 269
1
2025 363
1
2026 181
1
2027 22
1
2028 182
1
2029 46
0
1
2030 129
0
1
2031 318
1
2032 32
0
1
2033 258
1
2034 179
1
2035 225
1
2036 30
1
2037 70
1
2038 53
1
2039 42
1
2040 60
0
1
2041 135
1
2042 57
0
1
2043 137
1
2044 33
1
2045 191
1
2046 43
1
2047 132
0
1
2048 56
1
2049 249
1
2050 46
1
2051 148
1
2052 167
1
2053 226
1
2054 142
1
2055 145
1
2056 256
1
2057 187
0
1
2058 176
1
2059 137
1
2060 208
0
1
2061 81
1
2062 55
1
2063 287
0
1
2064 55
1
2065 171
1
2066 296
1
2067 313
0
1
2068 123
1
2069 173
0
1
2070 148
1
2071 350
1
2072 197
1
2073 64
1
2074 328
1
2075 43
0
1
2076 349
1
2077 76
0
1
2078 192
0
1
2079 223
1
2080 239
1
2081 51
1
2082 297
1
2083 104
1
2084 237
0
1
2085 74
1
2086 278
1
2087 104
1
2088 337
1
2089 132
1
2090 150
1
2091 359
1
2092 254
1
2093 117
1
2094 183
1
2095 101
1
2096 235
1
2097 200
1
2098 184
1
2099 112
1
2100 337
1
2101 355
0
1
2102 130
0
1
2103 273
0
1
2104 253
0
0
1
2105 175
1
2106 281
1
2107 255
1
2108 200
1
2109 260
1
2110 245
1
2111 340
1
2112 342
0
1
2113 186
0
1
2114 165
1
2115 284
1
2116 347
0
1
2117 51
1
2118 198
1
2119 344
0
0
1
2120 189
1
2121 168
1
2122 71
0
1
2123 181
1
2124 223
1
2125 202
1
2126 233
0
1
2127 153
1
2128 358
1
2129 147
1
2130 189
1
2131 188
1
2132 266
1
2133 17
1
2134 139
1
2135 330
1
2136 24
1
2137 187
1
2138 350
1
2139 20
1
2140 63
0
1
2141 86
1
2142 38
1
2143 126
1
2144 342
1
2145 80
1
2146 346
1
2147 271
1
2148 11
1
2149 51
1
2150 220
1
2151 211
1
2152 293
0
1
2153 180
1
2154 107
0
1
2155 221
1
2156 340
1
2157 323
1
2158 173
1
2159 267
1
2160 258
1
2161 243
1
2162 344
1
2163 246
1
2164 47
1
2165 328
1
2166 325
1
2167 71
1
2168 87
1
2169 199
1
2170 302
1
2171 168
1
2172 238
1
2173 263
1
2174 45
1
2175 364
0
1
2176 9
1
2177 26
1
2178 80
0
1
2179 126
1
2180 236
1
2181 358
1
2182 211
1
2183 86
1
2184 163
1
2185 140
1
2186 345
1
2187 77
1
2188 56
1
2189 331
1
2190 124
1
2191 176
0
1
2192 174
1
2193 254
0
1
2194 69
1
2195 86
0
1
2196 280
1
2197 164
0
1
2198 20
0
1
2199 133
1
2200 120
1
2201 347
1
2202 345
1
2203 281
1
2204 209
1
2205 302
1
2206 244
1
2207 16
1
2208 249
1
2209 257
1
2210 173
1
2211 24
1
2212 85
1
2213 137
1
2214 315
1
2215 81
1
2216 51
1
2217 162
1
2218 108
1
2219 124
1
2220 33
1
2221 332
0
1
2222 176
1
2223 190
0
1
2224 83
1
2225 3
1
2226 144
1
2227 347
1
2228 319
0
1
2229 364
1
2230 360
1
2231 300
0
0
1
2232 188
1
2233 8
1
2234 83
1
2235 318
0
1
2236 236
1
2237 58
0
1
2238 187
1
2239 279
1
2240 3
1
2241 297
1
2242 158
1
2243 260
1
2244 136
0
0
1
2245 11
1
2246 43
0
1
2247 207
1
2248 300
1
2249 204
1
2250 167
1
2251 268
1
2252 322
1
2253 228
1
2254 96
1
2255 194
1
2256 360
1
2257 62
1
2258 264
0
1
2259 237
1
2260 124
1
2261 164
1
2262 217
1
2263 278
0
0
1
2264 310
1
2265 8
1
2266 132
1
2267 202
1
2268 312
1
2269 97
0
1
2270 324
1
2271 323
1
2272 334
1
2273 162
1
2274 186
1
2275 154
1
2276 288
1
2277 127
1
2278 247
1
2279 274
1
2280 296
0
1
2281 114
1
2282 351
1
2283 100
1
2284 156
0
0
1
2285 337
1
2286 230
1
2287 253
1
2288 105
1
2289 51
0
1
2290 33
1
2291 80
1
2292 171
1
2293 140
0
1
2294 267
1
2295 177
1
2296 283
1
2297 96
1
2298 122
0
1
2299 282
1
2300 83
1
2301 50
1
2302 348
1
2303 20
1
2304 187
1
2305 277
1
2306 188
0
1
2307 11
0
1
2308 228
1
2309 364
1
2310 152
1
2311 22
1
2312 91
1
2313 90
1
2314 68
1
2315 336
1
2316 183
1
2317 327
0
0
1
2318 34
1
2319 343
0
1
2320 344
1
2321 189
1
2322 166
1
2323 362
0
1
2324 302
1
2325 121
1
2326 60
1
2327 253
1
2328 27
1
2329 171
0
1
2330 239
1
2331 307
1
2332 25
0
1
2333 204
1
2334 213
1
2335 346
1
2336 76
0
0
1
2337 232
1
2338 128
1
2339 94
1
2340 106
1
2341 88
1
2342 20
1
2343 339
0
1
2344 231
1
2345 121
1
2346 242
1
2347 89
0
0
1
2348 138
1
2349 250
1
2350 117
1
2351 58
1
2352 301
1
2353 107
0
1
2354 192
1
2355 136
1
2356 188
1
2357 23
1
2358 231
0
1
2359 53
0
1
2360 89
1
2361 287
1
2362 26
1
2363 92
1
2364 210
0
1
2365 98
0
1
2366 11
1
2367 276
0
1
2368 281
1
2369 16
1
2370 197
0
0
1
2371 139
1
2372 85
1
2373 154
1
2374 160
1
2375 28
1
2376 253
0
0
1
2377 273
1
2378 127
1
2379 161
0
1
2380 141
1
2381 231
0
1
2382 273
1
2383 219
1
2384 10
1
2385 24
1
2386 267
0
1
2387 291
1
2388 290
1
2389 45
1
2390 302
0
1
2391 293
0
1
2392 330
0
1
2393 169
1
2394 6
1
2395 339
1
2396 158
1
2397 26
1
2398 160
0
1
2399 154
1
2400 269
0
0
1
2401 237
1
2402 300
1
2403 335
1
2404 217
1
2405 198
1
2406 45
1
2407 314
1
2408 11
1
2409 359
1
2410 236
1
2411 82
1
2412 270
1
2413 75
1
2414 122
1
2415 179
0
1
2416 72
1
2417 319
1
2418 215
1
2419 223
1
2420 236
1
2421 196
1
2422 167
0
1
2423 252
0
1
2424 312
1
2425 12
1
2426 143
0
1
2427 297
1
2428 31
1
2429 185
0
1
2430 184
0
1
2431 275
1
2432 87
1
2433 167
1
2434 147
1
2435 314
1
2436 240
1
2437 232
1
2438 105
1
2439 193
1
2440 318
1
2441 132
0
1
2442 8
1
2443 31
1
2444 96
0
1
2445 193
1
2446 221
1
2447 347
0
1
2448 210
1
2449 340
1
2450 272
0
1
2451 18
1
2452 210
1
2453 17
1
2454 120
1
2455 64
1
2456 332
1
2457 132
1
2458 26
1
2459 54
1
2460 288
1
2461 321
1
2462 36
1
2463 303
1
2464 192
1
2465 326
1
2466 327
1
2467 21
1
2468 306
1
2469 148
1
2470 28
1
2471 177
0
1
2472 60
1
2473 347
1
2474 251
0
1
2475 164
1
2476 361
1
2477 112
1
2478 360
1
2479 312
1
2480 88
1
2481 301
1
2482 311
1
2483 332
1
2484 172
0
1
2485 20
1
2486 58
1
2487 3
0
0
1
2488 108
1
2489 128
0
1
2490 294
1
2491 17
0
1
2492 355
1
2493 68
1
2494 128
0
0
1
2495 207
1
2496 312
1
2497 297
1
2498 317
0
1
2499 293
1
2500 111
1
2501 224
1
2502 15
1
2503 52
1
2504 287
0
1
2505 172
0
1
2506 172
0
1
2507 310
1
2508 75
1
2509 285
1
2510 130
1
2511 59
1
2512 227
1
2513 197
0
1
2514 260
1
2515 107
1
2516 145
1
2517 187
1
2518 6
0
1
2519 161
0
0
0
1
2520 73
0
1
2521 150
1
2522 173
1
2523 163
1
2524 353
1
2525 194
1
2526 41
0
1
2527 273
1
2528 287
1
2529 164
1
2530 356
1
2531 47
1
2532 224
1
2533 138
0
1
2534 288
1
2535 350
0
1
2536 211
1
2537 81
0
1
2538 237
1
2539 206
1
2540 138
1
2541 324
1
2542 275
0
1
2543 33
1
2544 189
0
1
2545 274
1
2546 364
1
2547 166
1
2548 359
1
2549 11
1
2550 272
1
2551 93
0
1
2552 262
1
2553 99
1
2554 236
1
2555 144
1
2556 18
0
1
2557 13
0
1
2558 229
1
2559 52
1
2560 276
1
2561 261
1
2562 152
1
2563 299
1
2564 283
0
1
2565 130
1
2566 219
1
2567 5
0
1
2568 63
1
2569 132
1
2570 117
1
2571 21
1
2572 73
0
1
2573 117
1
2574 135
0
0
0
1
2575 89
1
2576 51
1
2577 43
0
1
2578 154
1
2579 219
1
2580 30
1
2581 34
1
2582 262
0
1
2583 122
1
2584 267
1
2585 263
1
2586 250
1
2587 344
1
2588 337
1
2589 21
1
2590 9
1
2591 233
1
2592 206
1
2593 21
1
2594 271
0
0
0
1
2595 96
1
2596 109
1
2597 206
0
1
2598 179
0
0
1
2599 262
1
2600 344
1
2601 304
0
0
1
2602 126
1
2603 130
0
1
2604 334
0
1
2605 259
1
2606 31
0
1
2607 270
1
2608 152
1
2609 157
1
2610 51
0
1
2611 120
1
2612 69
0
1
2613 205
1
2614 362
1
2615 89
1
2616 152
1
2617 238
1
2618 245
1
2619 117
1
2620 207
1
2621 190
1
2622 214
0
1
2623 191
0
1
2624 8
1
2625 324
1
2626 63
1
2627 212
1
2628 187
1
2629 75
1
2630 106
1
2631 274
1
2632 176
1
2633 111
1
2634 235
1
2635 300
0
1
2636 208
1
2637 196
1
2638 169
1
2639 105
1
2640 72
1
2641 345
1
2642 349
1
2643 17
0
1
2644 341
0
0
1
2645 96
1
2646 79
1
2647 181
1
2648 96
1
2649 90
1
2650 58
1
2651 133
0
1
2652 333
0
1
2653 290
0
0
1
2654 180
0
1
2655 14
1
2656 301
1
2657 85
1
2658 46
0
1
2659 111
0
1
2660 24
0
1
2661 287
1
2662 8
1
2663 71
0
1
2664 136
0
0
1
2665 183
1
2666 194
0
1
2667 26
1
2668 48
0
1
2669 290
1
2670 76
1
2671 114
1
2672 343
1
2673 335
1
2674 287
1
2675 171
1
2676 358
1
2677 217
1
2678 129
1
2679 354
0
0
0
0
0
1
2680 98
0
1
2681 87
1
2682 241
1
2683 361
1
2684 17
1
2685 276
1
2686 189
1
2687 33
1
2688 211
1
2689 192
0
1
2690 222
1
2691 235
1
2692 354
1
2693 185
1
2694 123
1
2695 52
1
2696 81
1
2697 337
1
2698 276
1
2699 236
1
2700 275
1
2701 99
1
2702 85
1
2703 7
0
1
2704 216
1
2705 115
0
1
2706 182
1
2707 276
0
1
2708 97
1
2709 11
1
2710 63
0
0
0
1
2711 257
1
2712 325
1
2713 15
1
2714 5
0
0
1
2715 15
1
2716 214
0
0
1
2717 269
0
1
2718 26
1
2719 348
1
2720 219
1
2721 26
1
2722 130
1
2723 234
0
1
2724 138
1
2725 152
1
2726 6
1
2727 355
0
1
2728 269
1
2729 156
0
0
1
2730 327
1
2731 131
1
2732 70
1
2733 140
1
2734 259
0
1
2735 27
1
2736 183
1
2737 226
1
2738 106
0
1
2739 104
1
2740 125
1
2741 353
1
2742 173
0
1
2743 256
1
2744 178
1
2745 42
0
1
2746 7
0
1
2747 233
1
2748 319
0
1
2749 191
0
1
2750 315
1
2751 194
1
2752 357
1
2753 252
0
1
2754 60
1
2755 192
1
2756 184
1
2757 24
1
2758 216
1
2759 310
1
2760 145
1
2761 40
0
1
2762 69
1
2763 203
0
1
2764 229
0
1
2765 148
0
0
1
2766 171
0
0
0
0
1
2767 295
1
2768 22
1
2769 183
1
2770 234
1
2771 326
1
2772 326
1
2773 48
1
2774 160
0
1
2775 119
0
1
2776 233
1
2777 238
1
2778 57
1
2779 266
1
2780 280
1
2781 270
1
2782 89
1
2783 229
1
2784 9
0
1
2785 272
1
2786 63
0
1
2787 307
1
2788 28
1
2789 311
0
1
2790 50
0
1
2791 11
1
2792 293
1
2793 87
1
2794 24
0
1
2795 154
1
2796 55
1
2797 305
1
2798 145
1
2799 217
1
2800 345
1
2801 231
1
2802 363
0
0
1
2803 112
1
2804 301
0
1
2805 206
1
2806 50
0
0
0
0
1
2807 146
1
2808 73
0
0
0
1
2809 2
0
0
1
2810 16
1
2811 177
0
1
2812 239
1
2813 300
1
2814 179
1
2815 245
1
2816 294
1
2817 163
1
2818 179
1
2819 310
1
2820 305
1
2821 70
1
2822 132
1
2823 139
0
1
2824 258
1
2825 287
1
2826 342
0
1
2827 86
1
2828 310
0
1
2829 275
1
2830 209
1
2831 234
1
2832 326
1
2833 77
0
0
1
2834 180
1
2835 34
1
2836 285
1
2837 8
1
2838 44
0
1
2839 353
1
2840 365
0
0
1
2841 238
1
2842 117
1
2843 357
1
2844 192
1
2845 243
1
2846 338
0
0
1
2847 11
0
0
1
2848 309
0
1
2849 341
0
0
1
2850 152
1
2851 74
0
1
2852 278
0
1
2853 116
1
2854 194
1
2855 6
1
2856 282
1
2857 213
1
2858 273
1
2859 110
0
1
2860 120
1
2861 168
1
2862 318
1
2863 311
1
2864 148
1
2865 19
0
1
2866 38
0
1
2867 339
1
2868 117
1
2869 69
1
2870 65
1
2871 185
1
2872 313
1
2873 127
0
1
2874 117
1
2875 287
1
2876 211
1
2877 262
0
1
2878 34
1
2879 59
0
1
2880 73
1
2881 48
1
2882 357
1
2883 6
1
2884 323
1
2885 293
1
2886 147
0
1
2887 215
0
1
2888 190
1
2889 104
0
1
2890 22
0
1
2891 267
0
0
1
2892 102
0
1
2893 186
1
2894 219
1
2895 51
1
2896 14
1
2897 168
1
2898 293
0
1
2899 261
1
2900 205
1
2901 324
1
2902 5
0
1
2903 356
0
1
2904 65
1
2905 218
0
1
2906 35
1
2907 171
1
2908 273
1
2909 164
0
0
0
1
2910 348
1
2911 290
1
2912 81
1
2913 21
1
2914 355
1
2915 274
1
2916 89
1
2917 146
1
2918 310
1
2919 9
1
2920 289
1
2921 210
1
2922 209
1
2923 6
0
0
1
2924 316
1
2925 80
1
2926 114
1
2927 163
1
2928 273
1
2929 121
1
2930 12
1
2931 116
1
2932 276
1
2933 76
1
2934 192
1
2935 60
0
1
2936 5
1
2937 177
1
2938 172
1
2939 114
0
1
2940 106
0
1
2941 253
0
1
2942 174
0
1
2943 272
0
1
2944 267
1
2945 121
1
2946 175
1
2947 306
1
2948 309
1
2949 63
1
2950 355
1
2951 172
1
2952 81
1
2953 302
1
2954 315
1
2955 32
1
2956 293
0
1
2957 303
1
2958 93
1
2959 298
0
0
1
2960 218
0
0
1
2961 136
1
2962 112
0
0
1
2963 235
0
1
2964 212
0
1
2965 184
1
2966 211
1
2967 60
1
2968 104
0
0
1
2969 149
0
1
2970 102
1
2971 331
0
1
2972 102
1
2973 185
1
2974 280
1
2975 132
1
2976 284
1
2977 51
1
2978 203
1
2979 118
0
1
2980 120
1
2981 312
1
2982 140
1
2983 339
0
0
1
2984 364
1
2985 166
1
2986 361
1
2987 172
0
1
2988 342
1
2989 216
1
2990 66
1
2991 203
1
2992 351
1
2993 183
1
2994 167
1
2995 222
1
2996 33
1
2997 226
1
2998 300
1
2999 113
0
1
3000 117
1
3001 149
1
3002 267
0
1
3003 161
1
3004 50
0
0
0
1
3005 206
1
3006 143
1
3007 6
1
3008 219
0
1
3009 300
1
3010 329
0
0
1
3011 228
1
3012 281
1
3013 256
0
1
3014 91
1
3015 126
0
0
1
3016 295
1
3017 295
1
3018 62
1
3019 101
1
3020 274
1
3021 84
1
3022 233
1
3023 259
1
3024 154
1
3025 211
1
3026 10
0
1
3027 303
1
3028 187
1
3029 48
1
3030 59
1
3031 207
1
3032 241
1
3033 300
1
3034 306
1
3035 280
0
1
3036 362
1
3037 310
1
3038 335
0
0
0
1
3039 167
1
3040 111
0
0
1
3041 318
0
1
3042 146
0
1
3043 162
1
3044 113
1
3045 294
1
3046 182
0
0
0
1
3047 153
1
3048 97
1
3049 345
0
1
3050 224
0
0
1
3051 30
1
3052 55
1
3053 106
1
3054 201
0
1
3055 40
1
3056 356
1
3057 302
1
3058 287
1
3059 72
1
3060 51
1
3061 76
1
3062 267
0
1
3063 333
1
3064 255
0
0
0
1
3065 222
0
1
3066 315
1
3067 72
1
3068 212
1
3069 267
0
0
1
3070 234
1
3071 276
1
3072 216
0
1
3073 337
1
3074 308
0
0
1
3075 100
1
3076 245
0
1
3077 310
1
3078 113
1
3079 315
0
1
3080 52
1
3081 129
1
3082 2
1
3083 96
1
3084 363
0
1
3085 12
1
3086 318
1
3087 287
0
0
1
3088 176
1
3089 147
0
1
3090 332
1
3091 303
0
1
3092 177
1
3093 213
0
1
3094 95
1
3095 102
0
1
3096 194
1
3097 65
0
1
3098 252
1
3099 192
0
1
3100 57
0
1
3101 29
0
0
1
3102 272
1
3103 166
0
1
3104 143
1
3105 113
0
1
3106 179
1
3107 233
0
0
1
3108 334
1
3109 297
1
3110 219
0
0
1
3111 95
1
3112 52
1
3113 60
1
3114 323
1
3115 31
1
3116 163
1
3117 244
1
3118 65
1
3119 30
1
3120 117
1
3121 265
1
3122 44
1
3123 284
1
3124 218
0
1
3125 136
0
1
3126 263
1
3127 298
1
3128 121
1
3129 5
0
0
1
3130 8
1
3131 154
1
3132 102
1
3133 159
0
1
3134 243
1
3135 284
1
3136 232
1
3137 83
1
3138 192
1
3139 158
0
1
3140 235
1
3141 312
1
3142 328
1
3143 5
1
3144 312
1
3145 301
0
0
1
3146 214
1
3147 320
1
3148 58
1
3149 312
1
3150 189
1
3151 234
1
3152 157
1
3153 343
1
3154 361
1
3155 28
1
3156 158
1
3157 228
1
3158 79
1
3159 20
0
1
3160 111
0
0
1
3161 365
1
3162 353
0
1
3163 192
0
0
0
1
3164 33
0
1
3165 285
0
1
3166 210
0
0
1
3167 243
1
3168 78
0
1
3169 166
1
3170 293
0
1
3171 6
1
3172 136
1
3173 316
0
1
3174 115
0
1
3175 338
0
1
3176 167
0
1
3177 58
1
3178 171
0
0
1
3179 38
1
3180 83
0
1
3181 223
1
3182 11
1
3183 213
1
3184 39
0
0
0
1
3185 72
1
3186 58
1
3187 210
1
3188 81
0
1
3189 148
1
3190 255
0
1
3191 75
1
3192 242
1
3193 228
1
3194 99
1
3195 260
1
3196 2
1
3197 311
0
1
3198 201
1
3199 158
1
3200 10
0
1
3201 72
1
3202 81
0
0
0
1
3203 350
1
3204 349
0
1
3205 171
0
1
3206 334
1
3207 244
0
0
1
3208 276
1
3209 175
0
1
3210 172
1
3211 181
1
3212 245
1
3213 49
1
3214 35
1
3215 15
0
1
3216 179
1
3217 51
0
0
0
1
3218 149
1
3219 42
1
3220 263
1
3221 166
0
1
3222 40
1
3223 333
1
3224 358
0
1
3225 91
0
1
3226 294
1
3227 207
1
3228 257
1
3229 174
0
0
0
1
3230 42
0
1
3231 163
1
3232 104
1
3233 203
0
1
3234 325
0
1
3235 297
1
3236 164
1
3237 154
0
1
3238 104
1
3239 151
0
1
3240 196
0
1
3241 45
0
0
1
3242 339
1
3243 98
1
3244 362
0
1
3245 241
1
3246 281
1
3247 194
1
3248 299
1
3249 8
1
3250 355
1
3251 184
1
3252 290
0
0
0
1
3253 132
1
3254 321
0
1
3255 172
1
3256 102
0
1
3257 142
1
3258 267
1
3259 333
1
3260 28
0
1
3261 148
1
3262 326
0
1
3263 49
1
3264 254
1
3265 310
1
3266 115
0
1
3267 161
1
3268 47
0
0
1
3269 54
1
3270 64
1
3271 280
0
1
3272 222
0
1
3273 178
0
1
3274 333
1
3275 75
1
3276 184
1
3277 124
1
3278 249
1
3279 297
0
1
3280 181
0
1
3281 144
1
3282 29
0
0
0
0
1
3283 78
1
3284 344
1
3285 69
0
1
3286 133
1
3287 172
0
1
3288 106
1
3289 155
0
0
0
1
3290 288
0
0
1
3291 243
0
1
3292 166
1
3293 164
0
0
1
3294 162
0
0
0
0
0
0
1
3295 164
1
3296 18
1
3297 346
1
3298 166
0
1
3299 257
0
1
3300 276
1
3301 256
1
3302 297
1
3303 174
1
3304 256
0
1
3305 50
1
3306 171
1
3307 216
1
3308 232
1
3309 24
1
3310 282
0
1
3311 36
1
3312 108
1
3313 307
0
0
1
3314 31
1
3315 203
0
0
1
3316 194
1
3317 106
1
3318 51
1
3319 293
1
3320 72
1
3321 104
1
3322 197
1
3323 220
0
1
3324 207
0
0
0
1
3325 249
1
3326 295
1
3327 223
1
3328 117
1
3329 201
1
3330 174
0
1
3331 11
0
0
1
3332 299
1
3333 10
0
1
3334 315
0
0
1
3335 169
0
1
3336 355
1
3337 336
1
3338 97
1
3339 215
0
1
3340 135
0
1
3341 364
1
3342 99
0
1
3343 292
0
0
0
1
3344 167
0
1
3345 23
0
0
0
1
3346 212
1
3347 300
1
3348 276
1
3349 278
1
3350 191
1
3351 310
1
3352 316
0
1
3353 179
1
3354 364
1
3355 225
1
3356 147
0
1
3357 309
1
3358 345
1
3359 328
0
0
1
3360 77
0
1
3361 289
0
0
1
3362 348
1
3363 152
1
3364 63
1
3365 117
1
3366 114
1
3367 71
0
1
3368 112
1
3369 284
1
3370 18
0
1
3371 184
1
3372 72
1
3373 18
1
3374 287
1
3375 207
0
1
3376 167
1
3377 267
1
3378 167
1
3379 106
1
3380 163
1
3381 214
0
0
0
1
3382 108
1
3383 112
1
3384 260
0
1
3385 88
1
3386 340
0
1
3387 286
1
3388 132
1
3389 322
1
3390 273
1
3391 56
1
3392 251
0
0
1
3393 87
0
1
3394 133
1
3395 317
0
1
3396 198
1
3397 220
1
3398 195
1
3399 27
0
0
1
3400 11
0
0
0
1
3401 174
0
1
3402 131
1
3403 209
0
0
1
3404 156
1
3405 294
1
3406 48
1
3407 58
1
3408 288
0
1
3409 275
0
0
1
3410 52
1
3411 166
1
3412 115
0
1
3413 5
1
3414 135
0
0
1
3415 331
1
3416 114
0
1
3417 71
1
3418 22
1
3419 15
0
0
1
3420 118
1
3421 66
1
3422 294
1
3423 334
1
3424 330
0
1
3425 132
1
3426 74
1
3427 183
1
3428 161
1
3429 250
0
1
3430 26
0
1
3431 184
0
1
3432 290
1
3433 291
0
1
3434 202
1
3435 340
0
0
1
3436 198
1
3437 58
1
3438 162
1
3439 287
1
3440 223
0
1
3441 279
0
1
3442 354
1
3443 178
1
3444 141
1
3445 67
1
3446 22
1
3447 46
1
3448 334
1
3449 108
0
1
3450 147
0
0
1
3451 286
0
0
1
3452 6
1
3453 341
1
3454 214
1
3455 262
0
1
3456 100
1
3457 305
0
1
3458 315
0
1
3459 243
0
1
3460 259
1
3461 240
1
3462 340
0
1
3463 98
1
3464 330
1
3465 238
0
1
3466 297
1
3467 225
1
3468 112
1
3469 192
1
3470 183
1
3471 96
1
3472 137
0
1
3473 189
1
3474 13
1
3475 203
0
0
0
1
3476 110
1
3477 312
1
3478 305
1
3479 203
0
1
3480 233
1
3481 317
0
0
1
3482 225
1
3483 159
1
3484 100
0
1
3485 3
1
3486 111
0
0
1
3487 293
0
1
3488 56
1
3489 177
1
3490 149
1
3491 364
1
3492 241
1
3493 147
1
3494 305
0
0
1
3495 205
1
3496 179
1
3497 283
1
3498 189
1
3499 182
1
3500 173
1
3501 345
1
3502 165
0
0
1
3503 345
0
0
1
3504 104
0
0
0
1
3505 99
0
1
3506 79
0
0
1
3507 81
1
3508 263
1
3509 43
1
3510 278
0
1
3511 147
1
3512 214
1
3513 82
1
3514 77
1
3515 365
0
0
1
3516 176
0
1
3517 17
1
3518 260
1
3519 260
1
3520 359
1
3521 247
0
1
3522 223
0
0
0
0
1
3523 341
1
3524 328
1
3525 232
1
3526 37
1
3527 362
0
1
3528 343
1
3529 112
0
1
3530 117
1
3531 178
1
3532 278
1
3533 185
0
1
3534 172
1
3535 313
1
3536 333
0
1
3537 101
1
3538 307
1
3539 145
1
3540 217
1
3541 105
0
0
0
1
3542 151
0
0
0
1
3543 83
1
3544 66
0
1
3545 182
0
0
1
3546 284
0
1
3547 207
0
1
3548 123
1
3549 160
1
3550 204
1
3551 33
0
1
3552 317
1
3553 259
1
3554 73
0
1
3555 48
0
1
3556 354
1
3557 297
1
3558 172
1
3559 118
1
3560 244
0
0
1
3561 270
0
1
3562 14
0
1
3563 111
0
1
3564 83
0
0
0
0
0
0
1
3565 279
1
3566 111
1
3567 75
0
1
3568 211
0
0
1
3569 33
0
1
3570 190
0
1
3571 71
1
3572 35
1
3573 8
1
3574 47
1
3575 265
1
3576 180
1
3577 236
0
0
1
3578 26
1
3579 71
1
3580 302
0
1
3581 64
1
3582 284
0
1
3583 345
1
3584 140
0
0
1
3585 5
1
3586 301
0
1
3587 360
0
1
3588 91
1
3589 104
0
0
1
3590 364
1
3591 103
0
1
3592 160
0
1
3593 150
1
3594 47
1
3595 135
1
3596 192
1
3597 181
1
3598 296
0
0
1
3599 129
1
3600 233
1
3601 25
1
3602 269
1
3603 172
0
1
3604 120
1
3605 179
1
3606 353
1
3607 360
0
1
3608 251
0
0
0
1
3609 88
0
0
0
0
1
3610 117
1
3611 192
1
3612 33
0
0
1
3613 291
1
3614 270
1
3615 35
1
3616 11
1
3617 158
1
3618 144
0
0
1
3619 126
1
3620 3
0
1
3621 127
1
3622 342
0
1
3623 344
0
0
1
3624 135
1
3625 276
0
0
0
1
3626 194
0
0
1
3627 81
1
3628 85
1
3629 95
1
3630 62
1
3631 289
1
3632 225
0
0
1
3633 138
1
3634 138
0
0
1
3635 33
1
3636 196
1
3637 238
1
3638 233
0
1
3639 49
1
3640 157
0
1
3641 52
1
3642 357
1
3643 326
0
1
3644 177
1
3645 24
1
3646 365
0
1
3647 33
1
3648 132
1
3649 98
1
3650 220
1
3651 298
0
1
3652 128
0
1
3653 340
1
3654 106
0
1
3655 99
1
3656 243
1
3657 170
0
0
0
0
0
1
3658 142
1
3659 362
0
1
3660 206
1
3661 195
1
3662 323
0
0
0
0
0
1
3663 43
0
1
3664 10
1
3665 332
1
3666 147
1
3667 271
0
1
3668 192
1
3669 107
1
3670 129
1
3671 293
0
0
1
3672 111
0
1
3673 146
0
1
3674 349
1
3675 73
1
3676 140
1
3677 69
0
0
0
0
0
1
3678 280
0
1
3679 175
1
3680 74
1
3681 286
0
0
1
3682 89
0
1
3683 330
0
1
3684 47
0
1
3685 282
1
3686 107
0
1
3687 62
1
3688 237
0
0
0
1
3689 322
0
1
3690 361
1
3691 260
1
3692 85
1
3693 310
0
1
3694 108
1
3695 171
1
3696 166
1
3697 305
0
0
0
1
3698 73
1
3699 301
1
3700 91
0
0
1
3701 242
1
3702 181
0
1
3703 104
1
3704 97
1
3705 240
1
3706 156
1
3707 342
1
3708 343
0
1
3709 16
1
3710 152
1
3711 136
1
3712 140
1
3713 211
0
1
3714 86
1
3715 352
0
0
0
0
0
1
3716 306
1
3717 16
1
3718 310
1
3719 359
1
3720 358
1
3721 107
1
3722 154
1
3723 252
0
0
0
0
0
0
0
1
3724 67
1
3725 232
0
0
1
3726 181
0
0
0
1
3727 15
0
1
3728 182
1
3729 147
1
3730 84
1
3731 71
0
1
3732 35
0
0
0
0
0
0
1
3733 268
1
3734 14
0
1
3735 188
1
3736 79
1
3737 125
0
1
3738 114
0
1
3739 5
1
3740 323
0
0
0
0
0
1
3741 277
0
0
1
3742 118
0
1
3743 362
0
1
3744 268
1
3745 7
1
3746 178
0
1
3747 226
1
3748 273
0
1
3749 93
1
3750 153
1
3751 46
0
0
0
0
1
3752 110
0
0
0
1
3753 319
0
0
0
0
1
3754 264
1
3755 137
1
3756 312
1
3757 320
0
0
1
3758 95
1
3759 329
1
3760 49
0
0
1
3761 45
0
0
1
3762 288
1
3763 192
0
1
3764 256
0
0
1
3765 362
0
0
0
0
0
0
1
3766 191
1
3767 245
1
3768 357
1
3769 14
0
1
3770 350
1
3771 333
0
0
1
3772 241
1
3773 70
0
0
1
3774 141
1
3775 238
1
3776 287
0
1
3777 114
0
1
3778 324
0
1
3779 97
1
3780 125
0
1
3781 91
0
0
1
3782 166
1
3783 8
1
3784 304
1
3785 277
1
3786 325
1
3787 180
0
0
0
1
3788 164
0
1
3789 155
1
3790 296
1
3791 365
1
3792 295
1
3793 197
1
3794 226
1
3795 148
1
3796 129
0
0
0
0
0
1
3797 30
0
0
0
0
1
3798 108
0
0
1
3799 254
0
0
1
3800 208
1
3801 354
1
3802 108
0
0
1
3803 293
1
3804 263
1
3805 360
0
1
3806 155
0
0
0
0
1
3807 205
1
3808 214
1
3809 171
0
1
3810 306
1
3811 30
0
1
3812 347
0
0
0
0
0
0
0
0
0
1
3813 227
0
1
3814 352
0
0
1
3815 214
1
3816 48
0
0
0
1
3817 343
1
3818 93
1
3819 279
0
1
3820 137
0
1
3821 174
1
3822 59
1
3823 118
0
1
3824 243
0
0
0
1
3825 247
0
0
1
3826 302
1
3827 258
0
0
0
1
3828 191
0
1
3829 331
0
1
3830 259
0
1
3831 297
0
1
3832 318
1
3833 197
1
3834 225
1
3835 167
1
3836 54
1
3837 134
1
3838 286
1
3839 326
1
3840 101
1
3841 83
0
1
3842 8
0
0
1
3843 167
1
3844 135
1
3845 32
0
0
1
3846 119
0
0
1
3847 189
1
3848 26
0
1
3849 284
0
1
3850 140
0
1
3851 77
1
3852 292
1
3853 260
0
1
3854 114
1
3855 214
0
0
0
0
1
3856 172
1
3857 340
1
3858 210
1
3859 8
0
0
0
1
3860 242
0
0
0
1
3861 164
0
0
0
0
1
3862 252
1
3863 183
1
3864 344
1
3865 160
1
3866 202
0
0
1
3867 216
1
3868 66
1
3869 307
1
3870 247
0
0
1
3871 120
0
0
1
3872 237
1
3873 149
0
1
3874 219
0
0
1
3875 211
1
3876 359
0
1
3877 310
1
3878 104
0
0
0
1
3879 40
1
3880 78
0
1
3881 231
0
0
0
0
0
1
3882 204
0
0
0
0
1
3883 179
1
3884 69
1
3885 85
0
0
1
3886 177
0
0
0
0
0
0
1
3887 276
1
3888 287
0
0
0
0
0
1
3889 293
0
1
3890 202
0
0
0
0
0
0
0
1
3891 53
1
3892 54
1
3893 331
1
3894 89
0
1
3895 135
1
3896 180
1
3897 167
1
3898 324
0
0
0
1
3899 171
0
0
0
0
1
3900 298
1
3901 192
0
0
0
1
3902 83
1
3903 217
0
1
3904 308
0
1
3905 355
0
0
0
1
3906 147
0
1
3907 119
0
0
1
3908 142
0
0
0
1
3909 104
0
0
0
0
1
3910 354
1
3911 252
0
1
3912 99
1
3913 284
0
0
0
0
0
1
3914 108
1
3915 309
0
1
3916 33
0
0
0
1
3917 254
0
0
1
3918 353
1
3919 8
0
1
3920 280
0
1
3921 220
0
1
3922 362
1
3923 3
1
3924 111
0
1
3925 126
1
3926 343
0
0
0
1
3927 210
0
0
0
1
3928 47
0
0
0
1
3929 133
1
3930 306
0
0
0
1
3931 355
0
0
0
1
3932 217
1
3933 97
0
1
3934 27
1
3935 229
0
1
3936 243
0
0
0
1
3937 343
0
0
1
3938 185
0
0
0
1
3939 275
0
0
0
0
1
3940 110
1
3941 11
1
3942 231
0
1
3943 115
0
1
3944 334
1
3945 239
1
3946 35
0
1
3947 111
1
3948 257
1
3949 239
1
3950 103
0
1
3951 338
0
1
3952 20
0
0
0
1
3953 277
1
3954 211
0
1
3955 318
0
0
1
3956 260
1
3957 259
1
3958 355
0
1
3959 119
1
3960 102
0
1
3961 304
1
3962 293
1
3963 166
0
0
1
3964 267
0
0
0
1
3965 8
1
3966 14
1
3967 129
0
1
3968 332
0
1
3969 184
0
1
3970 353
1
3971 286
0
0
0
1
3972 334
1
3973 165
0
1
3974 184
0
1
3975 152
1
3976 37
0
0
1
3977 172
0
1
3978 196
0
1
3979 241
0
1
3980 64
1
3981 80
0
1
3982 43
0
0
1
3983 20
0
0
0
0
0
1
3984 129
0
1
3985 166
1
3986 235
0
0
1
3987 135
0
1
3988 58
0
1
3989 283
0
0
0
0
0
1
3990 28
0
1
3991 263
1
3992 324
1
3993 229
1
3994 308
0
0
1
3995 251
0
0
0
1
3996 97
0
0
0
0
1
3997 177
0
1
3998 247
0
0
1
3999 22
1
4000 344
1
4001 108
0
1
4002 73
1
4003 136
0
0
0
1
4004 10
0
1
4005 211
1
4006 24
0
1
4007 359
0
1
4008 115
1
4009 148
0
0
1
4010 229
1
4011 319
1
4012 255
0
1
4013 298
1
4014 142
1
4015 103
0
0
1
4016 327
1
4017 205
1
4018 169
0
0
1
4019 58
1
4020 160
1
4021 212
0
1
4022 277
1
4023 33
1
4024 54
0
0
1
4025 252
0
1
4026 315
0
0
0
0
0
1
4027 66
1
4028 65
1
4029 190
1
4030 297
0
1
4031 264
1
4032 185
0
1
4033 184
1
4034 250
0
0
1
4035 184
0
0
1
4036 135
0
0
1
4037 90
1
4038 86
1
4039 90
0
0
1
4040 231
0
1
4041 34
0
1
4042 358
0
0
0
0
0
0
0
1
4043 133
0
1
4044 38
1
4045 350
0
1
4046 165
1
4047 356
0
0
0
0
0
0
1
4048 348
0
0
1
4049 24
1
4050 329
1
4051 5
1
4052 262
1
4053 297
0
1
4054 325
0
0
0
1
4055 283
1
4056 164
0
1
4057 207
1
4058 170
0
0
0
1
4059 301
0
0
1
4060 88
0
0
0
0
0
1
4061 105
0
1
4062 287
0
1
4063 233
0
1
4064 218
0
1
4065 41
0
1
4066 104
0
0
0
0
1
4067 263
1
4068 134
0
0
0
0
0
0
1
4069 356
0
1
4070 55
0
0
0
0
1
4071 4
1
4072 286
1
4073 76
1
4074 46
1
4075 180
0
1
4076 299
0
0
1
4077 202
1
4078 184
1
4079 103
0
0
0
1
4080 90
0
1
4081 132
0
0
0
0
0
1
4082 258
0
0
0
0
0
0
1
4083 311
0
1
4084 274
0
0
0
0
1
4085 94
1
4086 312
0
1
4087 348
1
4088 19
0
0
0
0
0
0
1
4089 316
0
0
1
4090 220
0
1
4091 210
0
1
4092 112
0
0
0
1
4093 117
0
1
4094 160
1
4095 63
1
4096 286
0
0
1
4097 293
0
0
0
0
0
0
1
4098 63
1
4099 356
0
1
4100 304
1
4101 33
0
0
0
1
4102 142
1
4103 57
1
4104 61
0
0
0
1
4105 132
1
4106 104
0
0
1
4107 355
0
1
4108 4
0
1
4109 167
0
0
0
0
1
4110 81
0
1
4111 34
0
0
0
0
0
0
1
4112 241
1
4113 226
1
4114 53
0
1
4115 227
0
1
4116 330
0
1
4117 169
0
0
0
0
0
1
4118 230
0
0
0
1
4119 134
1
4120 338
1
4121 267
0
1
4122 142
0
1
4123 284
0
1
4124 213
0
0
1
4125 193
0
0
0
0
1
4126 82
0
0
1
4127 24
0
1
4128 310
0
0
0
0
1
4129 98
0
1
4130 271
0
0
1
4131 4
1
4132 228
0
1
4133 189
0
0
1
4134 300
0
1
4135 161
1
4136 51
0
0
1
4137 17
1
4138 8
1
4139 301
0
0
1
4140 207
1
4141 267
1
4142 60
1
4143 271
0
1
4144 308
0
0
0
0
0
1
4145 100
0
0
1
4146 62
0
1
4147 172
0
0
0
0
0
0
1
4148 301
0
1
4149 70
1
4150 23
0
0
0
1
4151 175
1
4152 240
1
4153 88
1
4154 49
0
0
0
0
0
0
1
4155 250
0
0
1
4156 89
0
0
0
1
4157 121
1
4158 288
1
4159 166
0
1
4160 217
0
0
1
4161 55
1
4162 76
0
0
0
1
4163 220
1
4164 337
0
1
4165 156
1
4166 59
0
0
1
4167 5
0
1
4168 106
1
4169 219
0
1
4170 242
0
0
0
0
0
0
0
1
4171 92
1
4172 297
0
1
4173 334
0
1
4174 154
1
4175 8
1
4176 273
0
1
4177 49
1
4178 117
1
4179 131
0
0
0
0
0
1
4180 141
1
4181 319
0
0
0
0
0
0
0
1
4182 27
0
0
0
1
4183 274
0
0
0
1
4184 2
0
0
1
4185 186
1
4186 217
1
4187 52
1
4188 182
1
4189 219
0
1
4190 182
0
1
4191 22
0
0
0
1
4192 256
0
0
0
0
0
0
0
1
4193 51
0
0
0
1
4194 233
1
4195 196
0
0
0
0
1
4196 225
0
0
1
4197 144
1
4198 22
0
0
1
4199 26
1
4200 95
0
0
1
4201 353
0
1
4202 225
1
4203 276
1
4204 102
0
0
1
4205 125
1
4206 302
1
4207 25
0
0
0
0
1
4208 112
1
4209 105
0
0
0
0
0
0
1
4210 352
0
1
4211 298
0
1
4212 61
0
1
4213 92
0
1
4214 193
0
0
1
4215 211
0
1
4216 123
1
4217 8
0
0
0
1
4218 200
0
0
0
0
0
0
0
0
0
0
0
1
4219 72
1
4220 51
1
4221 314
1
4222 52
0
0
0
0
1
4223 167
0
1
4224 171
1
4225 317
0
0
1
4226 190
1
4227 334
1
4228 283
1
4229 38
0
1
4230 6
1
4231 278
0
0
0
1
4232 77
0
0
0
1
4233 219
0
0
0
1
4234 204
0
0
0
0
0
0
0
1
4235 267
1
4236 26
0
1
4237 173
0
0
1
4238 105
0
0
0
1
4239 7
0
1
4240 315
0
1
4241 285
0
0
1
4242 145
0
0
1
4243 346
1
4244 39
1
4245 276
0
0
1
4246 22
1
4247 317
0
0
0
1
4248 10
1
4249 15
0
0
0
1
4250 20
1
4251 130
0
0
0
1
4252 321
1
4253 180
0
0
0
0
0
0
0
0
0
1
4254 27
0
1
4255 171
0
1
4256 145
1
4257 228
1
4258 33
0
0
0
0
0
0
0
1
4259 302
0
0
0
1
4260 38
0
0
0
0
1
4261 355
0
1
4262 46
1
4263 263
0
1
4264 194
1
4265 97
0
0
0
0
1
4266 94
1
4267 325
1
4268 245
1
4269 115
0
1
4270 197
0
0
0
0
0
1
4271 322
0
1
4272 312
0
0
0
0
0
0
0
1
4273 205
0
0
0
0
0
1
4274 167
1
4275 358
1
4276 141
0
1
4277 215
1
4278 120
1
4279 25
0
0
0
1
4280 85
1
4281 312
0
1
4282 303
0
0
1
4283 6
0
0
0
0
1
4284 334
0
0
1
4285 222
0
0
0
0
0
0
1
4286 131
1
4287 323
0
1
4288 155
1
4289 364
0
1
4290 219
1
4291 280
1
4292 12
0
1
4293 148
0
0
0
0
1
4294 284
1
4295 70
0
0
0
0
1
4296 124
1
4297 105
0
1
4298 364
1
4299 187
0
0
1
4300 121
0
0
0
1
4301 30
0
1
4302 140
1
4303 132
0
0
0
1
4304 285
0
0
1
4305 279
1
4306 3
0
0
0
0
0
0
0
0
1
4307 127
1
4308 59
1
4309 232
0
1
4310 293
0
0
0
0
1
4311 208
0
0
0
0
1
4312 22
0
1
4313 148
0
0
0
0
0
0
0
0
0
1
4314 331
0
1
4315 349
0
0
0
0
1
4316 353
1
4317 223
1
4318 28
0
0
0
0
0
1
4319 113
0
1
4320 211
0
1
4321 85
0
0
0
1
4322 236
0
0
0
0
0
0
1
4323 254
0
0
0
0
1
4324 34
0
0
1
4325 256
0
1
4326 104
0
1
4327 236
1
4328 175
1
4329 291
0
0
0
1
4330 300
0
0
0
0
0
1
4331 151
1
4332 363
0
1
4333 174
0
0
0
0
0
0
1
4334 14
1
4335 261
0
0
0
1
4336 137
1
4337 291
1
4338 20
1
4339 97
0
1
4340 202
0
0
1
4341 11
0
0
0
0
1
4342 33
1
4343 275
1
4344 223
1
4345 247
0
0
1
4346 230
1
4347 25
1
4348 181
0
1
4349 143
0
0
1
4350 151
0
1
4351 266
0
0
1
4352 141
1
4353 107
0
1
4354 104
0
0
0
1
4355 89
0
1
4356 339
1
4357 130
1
4358 142
0
1
4359 104
0
0
1
4360 65
0
1
4361 38
0
1
4362 274
0
0
0
1
4363 144
1
4364 166
0
0
0
0
0
1
4365 81
1
4366 276
1
4367 241
1
4368 218
0
0
1
4369 117
0
0
0
0
0
1
4370 174
0
1
4371 342
0
1
4372 44
1
4373 287
0
1
4374 328
0
0
1
4375 355
1
4376 229
0
0
1
4377 139
1
4378 186
1
4379 103
0
0
1
4380 82
0
1
4381 130
1
4382 293
0
1
4383 192
0
0
0
1
4384 345
1
4385 36
0
1
4386 264
0
0
1
4387 19
0
0
0
0
0
0
1
4388 175
1
4389 118
1
4390 205
0
0
1
4391 31
0
0
0
0
0
0
0
1
4392 319
1
4393 227
0
1
4394 107
0
0
0
1
4395 12
0
1
4396 305
0
0
1
4397 84
0
0
1
4398 41
0
1
4399 145
0
1
4400 96
0
1
4401 284
0
0
0
1
4402 52
0
0
0
1
4403 20
1
4404 276
1
4405 290
0
1
4406 6
0
1
4407 226
0
0
0
0
0
1
4408 355
0
0
0
0
0
1
4409 53
0
0
1
4410 15
0
1
4411 245
0
0
0
0
0
0
0
1
4412 219
0
1
4413 126
0
0
0
0
0
0
0
0
0
0
0
0
1
4414 340
0
0
0
0
0
0
0
0
1
4415 16
1
4416 183
0
1
4417 188
0
0
1
4418 21
0
0
0
1
4419 179
1
4420 111
1
4421 289
0
0
0
1
4422 92
1
4423 60
0
1
4424 284
0
0
1
4425 298
0
0
0
1
4426 195
1
4427 149
1
4428 320
0
0
0
0
0
1
4429 39
0
0
0
0
1
4430 63
0
0
0
0
0
0
0
0
0
0
0
0
0
0
1
4431 284
0
0
0
0
0
0
0
0
0
1
4432 173
1
4433 7
0
1
4434 104
0
0
1
4435 310
1
4436 276
1
4437 363
0
1
4438 259
0
1
4439 199
1
4440 179
1
4441 214
0
0
0
1
4442 296
1
4443 196
0
0
1
4444 343
1
4445 35
0
0
0
0
0
0
1
4446 296
0
1
4447 61
0
0
0
0
0
0
0
0
0
0
1
4448 326
0
0
0
0
0
0
1
4449 81
0
0
0
0
0
0
1
4450 172
0
0
0
1
4451 170
0
0
0
1
4452 259
0
0
0
0
0
0
1
4453 51
0
0
0
0
0
0
1
4454 160
0
0
0
0
0
0
0
0
1
4455 357
0
0
0
0
0
1
4456 104
0
1
4457 138
0
0
0
0
0
0
1
4458 15
1
4459 229
0
1
4460 116
0
0
0
0
0
0
0
0
0
0
1
4461 80
0
1
4462 51
0
1
4463 253
0
0
0
1
4464 187
1
4465 304
0
0
1
4466 309
0
1
4467 207
0
0
0
1
4468 149
0
1
4469 86
0
0
0
1
4470 53
0
1
4471 98
0
0
0
1
4472 150
0
0
1
4473 90
1
4474 316
0
1
4475 193
0
1
4476 187
1
4477 188
0
0
0
0
1
4478 265
0
0
1
4479 22
1
4480 207
0
0
0
0
0
1
4481 305
1
4482 99
0
0
0
0
0
0
1
4483 225
0
0
0
0
0
0
0
0
0
0
0
1
4484 310
0
1
4485 364
0
0
0
1
4486 155
0
1
4487 244
0
1
4488 111
0
1
4489 176
0
0
1
4490 117
1
4491 235
0
1
4492 351
0
0
0
0
0
0
0
0
0
0
0
0
0
0
0
0
0
1
4493 233
0
1
4494 306
0
0
0
1
4495 233
1
4496 80
0
0
1
4497 6
0
0
0
0
1
4498 347
0
0
0
0
0
0
1
4499 352
0
0
0
0
1
4500 39
1
4501 195
0
0
0
0
0
0
0
0
0
0
0
1
4502 169
0
1
4503 302
1
4504 28
1
4505 218
1
4506 147
0
0
1
4507 31
1
4508 44
0
0
0
1
4509 66
0
0
0
1
4510 105
0
0
0
1
4511 182
0
0
0
1
4512 349
1
4513 175
1
4514 216
1
4515 166
0
0
1
4516 37
0
0
0
0
0
0
1
4517 295
1
4518 334
0
0
0
0
0
1
4519 44
0
0
0
1
4520 205
1
4521 204
0
1
4522 100
0
0
0
1
4523 91
0
0
0
1
4524 226
0
0
0
0
0
1
4525 54
1
4526 2
0
0
1
4527 52
0
1
4528 350
0
0
1
4529 181
0
1
4530 122
0
0
1
4531 316
0
0
0
0
0
0
0
0
0
0
0
0
0
0
0
0
1
4532 85
0
0
0
0
1
4533 33
0
1
4534 226
0
0
0
0
0
1
4535 280
0
0
0
0
0
0
0
0
1
4536 32
0
0
0
0
0
0
0
0
1
4537 343
0
0
1
4538 344
0
0
0
0
0
0
1
4539 303
1
4540 290
0
0
0
0
0
1
4541 67
0
1
4542 233
0
0
0
0
0
0
0
0
0
0
0
1
4543 20
0
0
1
4544 195
0
1
4545 51
0
0
0
0
0
0
0
0
1
4546 237
0
1
4547 14
0
1
4548 224
0
0
0
0
0
0
0
0
1
4549 166
0
0
0
0
1
4550 308
0
0
0
0
0
0
0
0
0
1
4551 234
0
1
4552 220
0
0
1
4553 256
0
0
0
0
1
4554 103
0
0
0
0
1
4555 104
1
4556 240
0
1
4557 106
0
0
0
0
0
0
0
0
1
4558 22
1
4559 112
0
0
0
0
1
4560 360
0
0
0
0
0
1
4561 69
0
0
0
0
0
0
0
1
4562 198
0
1
4563 264
1
4564 207
0
1
4565 171
0
1
4566 233
0
0
1
4567 110
0
0
0
1
4568 187
0
1
4569 9
1
4570 75
1
4571 279
0
0
0
0
0
0
0
0
1
4572 132
0
0
1
4573 156
0
0
1
4574 14
0
0
1
4575 166
0
1
4576 135
0
1
4577 294
0
0
0
0
0
0
0
0
0
0
0
0
0
1
4578 218
0
0
0
0
1
4579 103
0
0
0
0
0
0
1
4580 31
0
1
4581 79
0
0
0
0
0
1
4582 287
0
0
0
0
0
0
0
0
0
0
0
0
0
0
0
0
0
0
0
0
1
4583 55
0
0
0
0
0
0
0
0
0
0
0
1
4584 203
0
1
4585 31
0
0
0
0
0
0
0
1
4586 310
0
0
0
1
4587 20
0
0
0
0
0
1
4588 298
0
0
0
1
4589 337
0
0
0
0
0
0
0
1
4590 286
0
0
0
1
4591 33
1
4592 11
0
0
0
0
0
0
0
0
0
0
0
0
0
0
0
0
0
0
0
0
0
0
0
0
0
1
4593 284
1
4594 135
0
0
0
0
1
4595 148
0
0
0
0
0
0
0
0
1
4596 340
0
0
0
0
0
0
0
0
0
0
0
0
0
0
0
0
0
0
0
1
4597 166
0
1
4598 316
0
0
1
4599 39
1
4600 24
0
0
0
0
0
0
1
4601 337
0
0
0
0
1
4602 362
1
4603 35
0
0
0
0
0
0
0
1
4604 241
0
0
0
0
0
0
0
0
0
0
0
0
0
0
1
4605 16
1
4606 6
0
0
1
4607 56
1
4608 112
0
0
0
1
4609 140
0
0
0
1
4610 167
1
4611 56
0
0
0
0
0
0
0
0
0
0
0
0
0
1
4612 67
1
4613 173
0
0
0
0
0
0
1
4614 73
0
1
4615 109
0
0
1
4616 184
0
0
0
0
0
0
1
4617 136
1
4618 18
1
4619 257
0
0
0
0
1
4620 50
0
0
0
0
0
0
0
0
1
4621 322
0
0
0
0
0
0
0
0
0
0
0
0
0
0
0
1
4622 300
0
0
0
0
0
0
0
0
1
4623 319
0
1
4624 156
0
0
0
0
0
0
1
4625 25
1
4626 257
0
0
1
4627 324
0
1
4628 217
1
4629 43
0
0
0
1
4630 308
1
4631 266
0
0
0
0
0
0
0
0
0
1
4632 96
0
0
0
0
0
0
1
4633 29
0
0
0
0
0
1
4634 219
0
0
0
0
1
4635 274
0
1
4636 162
0
0
0
0
1
4637 341
0
1
4638 199
0
0
0
1
4639 311
0
0
0
0
0
0
0
0
0
0
0
1
4640 236
0
0
0
0
1
4641 274
0
0
0
0
1
4642 327
0
0
0
0
0
0
1
4643 209
0
1
4644 45
0
0
0
0
0
0
0
0
0
0
1
4645 179
0
0
0
0
0
1
4646 311
0
0
1
4647 320
0
0
0
0
0
0
0
0
1
4648 258
1
4649 3
1
4650 11
0
0
0
1
4651 15
0
1
4652 355
0
0
0
1
4653 267
0
0
0
0
0
1
4654 280
0
0
0
0
1
4655 146
0
0
0
0
1
4656 211
1
4657 14
0
0
0
0
0
0
1
4658 222
0
0
0
1
4659 43
0
0
0
1
4660 191
0
1
4661 53
0
1
4662 89
0
1
4663 331
0
0
0
0
0
0
0
0
0
1
4664 26
0
0
0
1
4665 141
0
0
0
0
0
0
0
0
0
1
4666 53
0
1
4667 326
0
0
0
0
0
1
4668 223
0
0
0
0
0
0
0
0
1
4669 24
0
0
0
0
1
4670 35
0
0
0
0
0
0
0
0
1
4671 181
0
0
0
0
1
4672 293
0
0
0
0
1
4673 343
0
0
0
0
1
4674 164
0
0
1
4675 108
1
4676 331
0
1
4677 106
0
0
0
0
0
0
0
0
0
0
1
4678 138
0
0
0
0
0
0
0
0
0
1
4679 273
0
0
0
1
4680 159
0
1
4681 243
0
0
0
0
0
0
0
0
0
1
4682 93
0
0
0
1
4683 364
0
0
0
0
1
4684 151
0
0
0
1
4685 182
0
0
0
0
0
0
0
0
0
0
0
0
0
0
0
0
0
0
0
1
4686 154
0
0
0
1
4687 61
1
4688 23
0
1
4689 240
0
1
4690 125
0
0
1
4691 211
0
0
0
0
0
0
0
0
0
0
0
0
0
0
0
0
0
1
4692 4
0
1
4693 325
0
0
0
0
0
0
0
0
0
0
0
1
4694 111
0
0
0
0
0
0
0
0
0
0
0
0
0
0
0
0
1
4695 365
0
0
0
0
0
0
0
0
0
0
0
0
0
0
0
0
0
0
0
0
0
0
0
0
0
1
4696 166
0
0
0
1
4697 247
0
1
4698 110
0
0
0
0
0
0
0
1
4699 186
0
0
0
0
1
4700 221
0
0
0
0
0
0
0
0
0
1
4701 19
1
4702 289
0
0
0
0
0
0
0
0
0
0
0
0
0
0
0
0
0
0
0
0
0
0
0
0
0
0
0
0
0
1
4703 296
0
0
0
0
0
0
0
0
0
0
0
0
0
0
0
0
0
0
0
0
0
0
0
0
1
4704 50
0
0
0
1
4705 207
0
0
0
0
0
0
0
0
0
0
1
4706 219
1
4707 347
0
1
4708 326
0
0
0
0
1
4709 234
0
0
0
0
0
0
0
0
0
1
4710 197
0
1
4711 320
1
4712 57
1
4713 345
1
4714 322
0
0
0
0
0
0
0
0
1
4715 360
1
4716 205
0
0
0
0
1
4717 60
0
0
1
4718 214
1
4719 293
0
1
4720 167
0
0
0
0
0
0
0
0
0
0
0
0
1
4721 18
1
4722 175
0
0
0
0
0
0
0
0
0
0
0
0
0
1
4723 61
0
0
0
0
0
0
0
0
0
0
0
0
0
0
0
0
0
0
0
0
0
0
0
0
0
1
4724 255
0
0
0
0
0
0
0
0
0
0
0
0
0
0
0
0
1
4725 317
0
0
0
0
0
0
0
0
1
4726 325
0
0
0
0
0
1
4727 148
0
0
0
0
0
1
4728 362
0
0
0
0
0
0
0
1
4729 324
0
0
0
0
0
0
1
4730 84
0
0
0
0
0
0
0
0
0
0
0
0
0
0
0
1
4731 252
0
1
4732 163
0
0
0
0
0
0
1
4733 269
0
0
1
4734 269
0
0
0
0
0
1
4735 348
0
1
4736 133
0
0
0
1
4737 318
0
0
0
0
0
0
1
4738 348
0
0
0
0
0
0
1
4739 67
0
0
0
0
0
0
0
0
1
4740 151
0
0
1
4741 269
0
0
0
0
0
0
0
0
0
0
0
0
0
0
0
0
0
0
0
0
0
0
0
0
0
0
0
0
0
0
0
0
1
4742 136
0
0
1
4743 60
1
4744 152
0
0
0
0
0
0
0
0
0
0
0
0
0
0
0
0
0
1
4745 347
0
0
0
0
0
0
0
1
4746 167
0
0
0
1
4747 41
0
0
0
0
0
0
0
0
0
0
0
0
0
0
0
0
0
0
0
0
0
0
0
0
0
0
0
0
0
0
1
4748 34
1
4749 207
0
0
0
0
0
0
0
0
0
0
1
4750 179
0
0
0
0
0
0
0
0
0
0
0
1
4751 251
0
0
0
0
0
0
0
0
0
0
0
0
0
0
0
0
0
0
0
0
0
0
0
0
0
0
0
0
0
0
0
0
0
0
0
0
0
0
0
1
4752 189
0
0
0
0
0
0
0
0
0
0
0
0
0
0
1
4753 33
0
0
0
0
1
4754 270
0
0
1
4755 102
0
0
0
0
0
0
0
0
0
0
0
0
0
0
0
0
0
0
0
0
0
0
0
0
0
0
0
1
4756 271
0
0
0
0
0
0
0
0
1
4757 317
0
0
0
0
0
0
0
0
0
0
0
0
0
1
4758 239
1
4759 138
0
0
0
0
0
0
0
0
0
0
0
0
0
0
0
0
0
0
0
0
0
0
0
0
0
0
0
0
0
0
0
0
1
4760 238
0
0
0
0
0
0
0
0
0
0
0
0
0
0
0
0
0
0
0
0
0
0
1
4761 150
0
0
0
0
0
0
0
0
0
0
0
0
0
0
0
0
1
4762 270
0
0
0
0
0
0
0
0
0
0
0
0
1
4763 345
0
0
0
0
0
0
0
0
0
0
0
0
0
0
0
0
0
0
0
0
0
0
0
0
0
0
0
1
4764 149
0
0
0
1
4765 291
0
0
0
0
1
4766 123
0
0
0
0
0
0
0
0
0
0
0
0
0
0
0
0
0
0
0
0
0
0
0
0
0
0
0
0
0
0
0
0
0
0
0
0
0
0
0
0
0
0
0
0
0
0
0
0
0
0
0
0
1
4767 266
0
0
0
0
0
0
0
0
0
0
0
0
0
0
1
4768 360
0
0
0
0
0
0
0
0
0
0
0
0
0
0
0
0
0
0
0
0
0
0
0
0
0
0
0
0
0
0
1
4769 260
0
0
0
0
0
0
0
0
0
0
0
0
0
0
0
0
0
0
0
0
0
0
0
0
0
1
4770 287
0
0
0
0
0
0
0
0
0
0
0
0
0
0
0
0
0
0
0
0
0
0
0
0
0
0
0
0
0
0
0
0
0
0
0
0
0
0
0
0
0
0
0
0
0
0
0
0
0
0
0
0
0
0
0
0
0
0
0
0
0
0
0
0
0
0
0
0
0
0
0
0
0
0
0
0
0
0
0
0
0
0
0
0
0
0
0
0
0
0
0
0
0
0
0
0
0
0
0
0
0
0
0
0
0
0
0
0
0
0
0
0
0
1
4771 233
0
0
0
0
1
4772 284
0
0
0
0
0
1
4773 49
0
0
0
0
0
0
0
0
0
0
0
0
0
1
4774 282
0
0
0
0
0
0
0
0
0
0
0
0
0
0
0
0
0
0
0
0
0
0
0
0
0
0
0
0
0
0
0
0
0
0
0
0
0
0
0
0
0
0
0
0
0
0
0
0
0
0
0
0
0
0
0
0
0
0
0
0
0
0
0
0
0
0
0
0
0
0
0
0
0
0
0
0
0
0
0
0
0
0
0
0
0
0
0
0
0
0
0
0
0
0
0
0
0
0
0
0
0
0
0
0
0
0
0
0
0
0
0
0
0
0
0
0
0
0
0
0
0
0
0
0
0
0
0
0
0
0
0
0
0
0
0
0
0
0
0
0
0
0
0
0
0
0
0
0
0
0
0
0
0
0
0
0
0
0
0
0
0
0
0
0
0
0
0
0
0
0
0
0
0
0
0
0
0
0
0
0
0
0
0
0
0
0
0
0
0
0
0
0
0
0
0
0
0
0
0
0
0
0
0
0
0
0
0
0
0
0
0
0
0
0
0
0
0
0
0
0
0
0
0
0
0
0
0
0
0
0
0
0
0
0
0
0
0
0
0
0
0
0
0
0
0
0
0
0
0
0
0
0
0
0
0
0
0
0
0
0
0
0
0
0
0
0
0
0
0
0
0
0
0
0
0
0
0
0
0
0
0
0
0
0
0
0
0
0
0
0
0
0
0
0
0
0
0
0
0
0
0
0
0
0
0
0
0
0
0
0
0
0
0
0
0
0
0
0
0
0
0
0
0
0
0
0
0
0
0
0
0
0
0
0
0
0
0
0
0
0
0
0
0
0
0
0
0
0
0
0
0
0
0
0
0
0
0
0
0
0
0
0
0
0
0
0
0
0
0
0
0
0
0
0
0
0
0
0
0
0
0
0
0
0
0
0
0
0
0
0
0
0
0
0
0
0
0
0
0
0
0
0
0
0
0
0
0
0
0
0
0
0
0
0
0
0
0
0
0
0
0
0
0
0
0
0
0
0
0
0
0
0
0
0
0
0
0
0
0
0
0
0
0
0
0
0
0
0
0
0
0
0
0
0
0
0
0
0
0
0
0
0
0
0
0
0
0
0
0
0
0
0
0
0
0
0
0
0
0
0
0
0
0
0
0
0
0
0
0
0
0
0
0
0
0
0
0
0
0
0
0
0
0
0
0
0
0
0
0
0
0
0
0
0
0
0
0
0
0
0
0
0
0
0
0
0
0
0
0
0
0
0
0
0
0
0
0
0
0
0
0
0
0
0
0
0
0
0
0
0
0
0
0
0
0
0
0
0
0
0
0
0
0
0
0
0
0
0
0
0
0
0
0
0
0
0
0
0
0
0
0
0
0
0
0
0
0
0
0
0
0
0
0
0
0
0
0
0
0
0
