371 580
84 185 2
61 355 3
100 191 2
306 238 3
315 127 3
135 11 3
72 86 5
201 165 3
145 346 2
88 342 2
282 180 2
148 191 4
192 236 3
304 6 4
230 177 2
210 230 5
314 338 3
44 198 3
15 97 3
36 153 4
244 297 3
67 287 3
103 360 2
62 17 3
318 268 4
335 64 2
210 300 3
98 292 2
307 247 4
40 121 3
272 21 2
199 37 3
113 106 3
110 91 3
128 211 4
25 159 4
300 230 4
234 25 4
295 84 4
191 357 3
335 316 2
312 71 3
160 231 5
139 325 3
63 171 5
279 289 4
361 116 3
272 23 5
170 189 4
345 350 4
164 226 3
102 67 3
257 11 3
216 350 3
318 271 2
194 331 3
154 171 3
147 164 2
269 289 3
241 319 4
101 355 2
7 311 4
286 119 3
72 321 3
283 252 4
153 334 3
284 108 4
46 354 5
39 157 3
128 365 4
276 54 2
136 123 3
245 246 3
267 138 4
305 16 3
297 262 4
83 249 5
151 64 3
328 206 2
269 311 2
120 199 4
179 23 3
205 17 2
71 250 2
54 51 3
299 70 3
267 256 5
263 347 4
187 160 1
337 134 4
150 44 4
90 214 4
288 47 4
103 274 3
240 167 5
9 296 3
126 241 2
51 319 4
329 35 2
301 65 2
335 151 3
235 250 3
308 221 4
263 208 4
336 156 2
2 237 3
294 124 3
278 129 2
7 98 2
1 32 2
363 86 3
12 186 3
273 317 3
19 302 4
244 367 4
102 286 2
369 330 3
204 183 4
295 355 2
56 81 5
180 271 3
76 97 3
5 275 2
10 154 4
12 107 4
35 151 4
194 144 3
29 339 2
104 41 2
306 190 2
124 106 3
253 22 5
300 74 2
19 129 3
264 62 2
181 8 5
229 108 2
307 330 3
211 22 3
106 13 4
85 243 4
247 369 3
78 53 4
258 220 3
352 33 4
193 198 4
222 58 3
219 158 3
240 225 3
1 340 3
221 357 3
366 122 3
59 14 3
332 353 4
18 358 5
224 255 3
169 33 2
358 69 3
32 3 3
143 235 3
214 213 2
4 175 3
256 370 5
368 137 4
336 137 4
356 326 3
185 295 4
206 248 3
112 276 4
57 146 3
326 64 5
312 136 3
168 13 5
182 108 4
254 93 2
173 185 3
310 343 3
233 162 3
291 138 3
193 52 4
73 89 3
168 124 3
274 215 4
194 19 3
197 309 4
208 359 4
200 364 4
262 187 5
81 201 3
85 77 3
155 351 3
29 187 3
10 265 3
221 145 4
186 342 3
120 89 5
58 102 3
78 188 3
20 150 4
282 318 3
303 82 3
38 80 3
188 281 3
280 30 4
188 107 4
257 23 2
15 322 3
193 218 4
158 75 3
109 6 5
354 105 4
220 252 4
232 31 4
299 180 3
96 35 5
230 126 4
225 159 4
207 241 1
101 61 2
260 82 4
241 294 3
370 267 3
163 266 3
232 282 3
303 183 3
115 360 2
88 157 3
205 100 3
116 47 3
99 336 3
326 123 3
184 347 3
201 355 4
117 186 2
346 205 3
69 166 2
30 34 5
366 303 4
132 263 3
115 306 3
118 134 4
225 279 4
329 335 3
213 90 4
182 284 2
9 63 3
350 176 3
301 217 5
130 189 4
226 287 4
334 351 4
291 370 3
4 249 4
192 50 4
122 8 3
62 239 4
264 239 3
218 190 4
155 361 2
234 49 3
233 177 5
215 343 3
165 251 3
278 212 3
113 21 2
251 81 5
56 165 4
231 140 3
55 150 3
31 119 3
59 144 3
314 293 3
32 340 4
368 79 2
106 209 3
308 92 4
313 117 4
116 351 2
274 43 3
140 76 4
16 233 4
83 317 4
122 242 5
363 170 5
132 138 3
133 48 2
337 28 2
358 117 2
220 283 3
77 36 4
316 41 2
8 242 2
26 252 5
238 218 5
362 175 4
291 257 4
161 125 2
199 73 2
21 179 3
331 166 5
31 87 3
222 181 2
320 158 4
320 161 4
315 236 5
115 103 2
1 308 4
235 71 3
57 196 4
24 15 3
101 356 5
66 54 2
86 130 3
266 290 3
307 213 4
49 248 2
157 182 5
51 341 4
277 133 3
63 336 5
174 288 3
42 192 3
346 17 2
312 143 3
313 88 5
29 139 4
178 147 3
288 268 3
214 330 3
215 40 3
111 224 4
72 266 4
359 120 2
92 22 3
114 105 5
163 321 3
349 23 4
223 369 4
135 349 4
112 66 2
145 327 3
269 118 4
298 180 2
245 156 2
38 234 4
276 51 2
203 176 4
41 227 3
331 353 3
328 26 3
134 283 4
197 84 3
133 202 5
240 284 3
212 276 3
207 126 4
141 77 2
260 189 3
74 110 2
290 149 4
149 315 4
192 290 4
195 214 3
228 202 3
42 50 3
332 333 4
277 202 5
25 49 5
361 174 3
254 87 3
348 24 5
28 311 4
270 365 3
162 272 3
259 141 3
143 250 2
261 345 4
256 179 5
58 157 3
352 285 4
48 261 3
281 244 4
131 217 3
127 48 3
19 333 3
259 324 4
280 89 4
262 160 3
59 38 3
125 255 3
339 367 3
344 95 3
281 53 2
304 27 5
237 129 4
195 119 5
172 15 5
357 346 3
74 177 4
236 50 3
260 303 3
264 100 3
244 78 3
341 212 3
96 320 3
152 354 6
366 33 4
142 56 4
273 292 3
47 361 2
79 296 4
63 137 3
270 304 3
95 337 3
116 155 2
328 248 3
37 208 4
237 343 4
90 62 4
94 75 3
60 275 4
238 367 4
141 131 4
184 52 5
312 153 3
112 54 3
40 310 4
37 73 2
76 104 5
362 210 5
131 324 3
49 80 3
3 27 5
172 322 2
232 299 2
196 181 3
229 8 3
296 217 5
305 91 1
239 90 2
271 298 4
18 12 2
278 2 4
200 93 3
9 171 3
231 75 3
243 324 5
152 98 2
196 222 4
360 190 3
131 243 2
111 338 3
159 118 4
55 325 3
191 346 5
69 18 2
43 333 4
13 310 4
313 14 5
143 334 3
121 52 4
341 294 3
204 203 2
305 74 5
348 173 3
250 35 4
83 258 5
246 10 5
147 223 4
247 27 4
127 236 4
5 60 2
24 309 4
298 70 3
279 33 5
371 321 5
219 329 4
109 371 4
184 267 3
95 317 3
322 30 3
125 47 4
287 195 5
348 185 2
228 350 2
168 2 4
228 114 3
202 345 3
178 371 3
41 329 3
34 142 3
57 226 4
107 200 3
359 44 4
314 94 4
99 245 2
140 97 3
183 82 2
104 219 3
197 142 3
297 5 4
39 254 3
224 161 4
148 268 4
363 42 4
229 242 3
178 146 3
3 270 4
348 227 2
323 285 3
170 130 3
164 146 3
356 45 4
166 12 3
259 174 5
201 295 4
275 293 5
43 302 3
152 292 1
223 6 4
79 301 2
198 347 2
68 169 5
289 285 4
55 172 3
113 162 3
349 11 4
167 279 3
108 242 3
293 364 4
126 209 5
128 92 3
87 93 3
172 280 5
65 368 4
338 275 4
61 45 3
364 70 3
99 171 3
203 68 3
352 169 2
110 300 3
246 253 3
340 327 3
66 258 4
111 255 4
309 34 4
26 206 3
114 216 3
149 163 2
36 136 3
323 105 3
344 28 2
169 204 3
20 139 4
339 187 4
342 39 4
46 323 2
65 148 5
292 7 2
122 167 3
273 344 3
135 16 3
215 121 4
208 132 5
227 173 2
144 248 3
14 80 3
207 319 2
286 67 3
32 327 3
177 209 3
332 302 3
325 20 2
253 265 5
94 60 4
176 261 3
45 316 5
68 323 4
353 53 3
10000
0
0
0
0
0
0
0
0
0
0
0
0
0
0
0
0
0
0
0
0
1
1 183
0
0
0
0
1
2 82
0
0
0
0
0
0
1
3 323
0
1
4 189
0
0
0
0
0
0
0
0
0
1
5 12
0
0
0
0
1
6 168
1
7 157
0
0
0
0
0
0
0
0
0
0
0
0
1
8 182
0
0
1
9 293
0
1
10 233
0
0
0
1
11 202
0
0
0
0
0
0
1
12 107
1
13 261
0
0
1
14 69
0
0
1
15 152
0
1
16 173
0
0
0
1
17 104
0
0
1
18 92
0
0
0
1
19 276
1
20 133
0
0
0
1
21 276
1
22 44
1
23 262
0
1
24 326
0
0
0
0
0
0
0
0
1
25 146
0
0
0
1
26 331
1
27 188
1
28 59
0
1
29 148
1
30 78
1
31 90
1
32 162
1
33 314
1
34 27
1
35 351
1
36 337
0
1
37 313
1
38 322
1
39 18
1
40 176
1
41 135
0
1
42 84
1
43 62
1
44 244
1
45 118
0
1
46 69
1
47 92
0
1
48 225
1
49 330
1
50 75
0
1
51 318
1
52 307
0
0
1
53 288
1
54 155
1
55 157
1
56 225
1
57 129
1
58 46
0
0
0
1
59 158
1
60 244
1
61 313
0
1
62 256
1
63 155
1
64 206
1
65 78
1
66 109
1
67 119
0
1
68 255
1
69 294
1
70 299
1
71 176
1
72 179
0
0
1
73 317
1
74 125
1
75 256
1
76 69
1
77 283
1
78 124
1
79 357
1
80 146
0
0
1
81 202
1
82 282
0
1
83 190
0
1
84 226
1
85 367
0
1
86 234
1
87 320
1
88 98
1
89 68
1
90 205
1
91 34
1
92 325
1
93 323
1
94 73
1
95 270
1
96 234
1
97 96
1
98 22
1
99 79
0
1
100 349
1
101 170
1
102 26
1
103 202
1
104 80
1
105 273
0
1
106 358
1
107 310
1
108 43
1
109 137
1
110 133
1
111 371
1
112 153
1
113 114
1
114 151
1
115 167
1
116 89
1
117 102
1
118 113
1
119 150
1
120 14
1
121 231
1
122 290
1
123 15
1
124 113
1
125 262
1
126 275
1
127 288
1
128 236
1
129 62
1
130 239
1
131 209
1
132 186
1
133 296
1
134 309
1
135 290
1
136 74
1
137 333
1
138 200
1
139 235
1
140 317
1
141 124
1
142 76
1
143 159
1
144 257
1
145 49
1
146 86
1
147 115
1
148 139
1
149 345
1
150 262
1
151 194
1
152 43
1
153 183
1
154 353
1
155 15
1
156 203
1
157 279
1
158 165
1
159 331
1
160 315
1
161 92
1
162 263
1
163 272
1
164 12
1
165 7
1
166 16
1
167 2
1
168 11
1
169 308
1
170 255
1
171 342
1
172 111
1
173 364
1
174 195
1
175 264
1
176 189
1
177 180
1
178 41
1
179 318
1
180 54
1
181 356
1
182 15
1
183 34
1
184 270
1
185 166
1
186 282
1
187 331
1
188 75
1
189 367
1
190 14
1
191 101
1
192 294
1
193 292
1
194 255
1
195 354
1
196 43
1
197 212
1
198 357
0
1
199 371
1
200 187
1
201 334
1
202 85
1
203 2
1
204 238
1
205 34
1
206 51
1
207 342
1
208 15
1
209 65
1
210 27
1
211 288
1
212 28
1
213 34
1
214 3
1
215 361
1
216 301
1
217 240
1
218 6
1
219 274
1
220 138
1
221 202
1
222 288
1
223 110
1
224 235
1
225 115
1
226 229
1
227 61
1
228 266
1
229 193
1
230 48
1
231 129
1
232 22
1
233 97
1
234 132
1
235 295
1
236 211
1
237 102
1
238 192
1
239 312
1
240 85
1
241 270
1
242 177
1
243 173
1
244 38
1
245 358
1
246 155
1
247 76
1
248 185
1
249 91
1
250 322
1
251 370
1
252 134
1
253 311
1
254 365
1
255 230
1
256 187
1
257 144
1
258 360
1
259 357
1
260 137
1
261 129
1
262 138
1
263 48
1
264 168
1
265 62
1
266 32
1
267 166
1
268 129
1
269 44
1
270 33
1
271 136
1
272 124
1
273 286
1
274 237
1
275 207
1
276 345
1
277 195
1
278 324
1
279 180
1
280 205
1
281 163
1
282 337
1
283 340
1
284 134
1
285 253
1
286 303
1
287 124
1
288 118
1
289 78
1
290 126
1
291 78
1
292 204
1
293 265
1
294 22
1
295 272
1
296 338
1
297 172
1
298 265
1
299 147
1
300 254
1
301 283
1
302 98
1
303 360
1
304 181
1
305 302
1
306 282
1
307 331
1
308 56
1
309 238
1
310 225
1
311 67
1
312 77
1
313 286
1
314 69
1
315 101
1
316 131
1
317 12
1
318 207
1
319 195
1
320 188
1
321 51
1
322 12
1
323 247
1
324 280
1
325 30
1
326 212
1
327 267
1
328 357
1
329 222
1
330 248
1
331 12
1
332 119
1
333 177
1
334 205
1
335 364
1
336 173
1
337 243
1
338 193
1
339 162
1
340 274
1
341 61
1
342 63
1
343 134
1
344 166
1
345 154
1
346 231
1
347 140
1
348 78
1
349 129
1
350 127
1
351 117
1
352 340
1
353 368
1
354 90
1
355 320
1
356 26
1
357 292
1
358 86
1
359 18
1
360 194
1
361 368
1
362 335
1
363 309
1
364 355
1
365 291
1
366 171
1
367 155
1
368 226
1
369 261
1
370 73
1
371 359
1
372 293
1
373 335
1
374 147
1
375 18
1
376 306
1
377 94
1
378 30
1
379 205
1
380 174
1
381 260
1
382 217
1
383 69
1
384 251
1
385 163
1
386 96
1
387 210
1
388 27
1
389 138
1
390 348
1
391 331
1
392 293
1
393 336
1
394 221
1
395 88
1
396 54
1
397 57
1
398 225
1
399 340
1
400 297
1
401 205
1
402 14
1
403 279
1
404 188
1
405 171
1
406 306
1
407 215
1
408 101
1
409 55
1
410 242
1
411 349
1
412 242
1
413 186
1
414 29
1
415 221
1
416 144
1
417 42
1
418 55
1
419 144
1
420 29
1
421 138
1
422 141
1
423 107
1
424 273
1
425 107
1
426 152
1
427 110
1
428 44
1
429 146
1
430 331
1
431 180
1
432 130
1
433 89
1
434 210
1
435 322
1
436 98
1
437 363
1
438 234
1
439 306
1
440 362
1
441 249
1
442 176
1
443 308
1
444 159
1
445 219
1
446 121
1
447 285
1
448 347
1
449 123
1
450 206
1
451 193
1
452 237
1
453 290
1
454 267
1
455 184
1
456 340
1
457 135
1
458 116
1
459 360
1
460 299
1
461 26
1
462 318
1
463 329
1
464 146
1
465 266
1
466 353
1
467 291
1
468 72
1
469 132
1
470 12
1
471 149
1
472 284
1
473 129
1
474 235
1
475 215
1
476 247
1
477 46
1
478 246
1
479 169
1
480 38
1
481 342
1
482 361
1
483 4
1
484 143
1
485 170
1
486 303
0
1
487 18
1
488 78
1
489 68
1
490 299
1
491 211
1
492 182
0
1
493 46
1
494 73
1
495 186
1
496 165
1
497 82
1
498 40
1
499 99
1
500 235
1
501 88
1
502 369
1
503 366
1
504 72
1
505 99
1
506 337
1
507 160
1
508 368
1
509 234
1
510 254
1
511 94
1
512 14
1
513 166
1
514 325
0
1
515 76
0
1
516 289
1
517 327
1
518 289
1
519 18
1
520 291
1
521 278
1
522 360
1
523 246
1
524 22
1
525 11
1
526 234
1
527 115
1
528 115
1
529 209
1
530 93
1
531 262
1
532 305
1
533 221
1
534 95
1
535 177
1
536 121
0
1
537 227
0
1
538 331
1
539 245
1
540 117
1
541 115
1
542 263
1
543 316
1
544 274
1
545 104
1
546 299
0
1
547 308
0
1
548 240
1
549 53
1
550 26
1
551 114
1
552 273
1
553 241
1
554 169
1
555 136
1
556 358
1
557 356
1
558 60
1
559 237
1
560 94
1
561 243
1
562 317
1
563 353
1
564 278
1
565 102
1
566 366
1
567 93
1
568 236
1
569 220
1
570 365
1
571 278
1
572 253
1
573 342
1
574 353
1
575 356
0
1
576 365
1
577 228
1
578 304
1
579 210
1
580 135
1
581 176
1
582 234
1
583 368
1
584 135
0
1
585 173
1
586 147
1
587 341
1
588 281
1
589 352
1
590 123
1
591 25
1
592 313
1
593 337
1
594 242
1
595 251
1
596 158
1
597 247
1
598 294
1
599 27
1
600 251
1
601 98
1
602 209
0
1
603 244
0
1
604 294
1
605 136
1
606 198
1
607 248
1
608 328
1
609 68
1
610 212
1
611 28
1
612 173
1
613 154
1
614 24
1
615 103
1
616 103
1
617 323
1
618 313
1
619 359
1
620 148
1
621 208
1
622 309
1
623 175
1
624 87
1
625 228
1
626 41
1
627 350
0
1
628 227
1
629 325
1
630 331
1
631 146
1
632 241
1
633 143
1
634 12
1
635 232
1
636 244
1
637 14
1
638 103
1
639 168
1
640 367
1
641 215
1
642 97
1
643 138
1
644 260
1
645 285
1
646 238
1
647 107
1
648 48
1
649 32
1
650 144
1
651 55
0
1
652 63
1
653 209
1
654 330
1
655 117
1
656 111
1
657 308
1
658 268
1
659 138
1
660 193
1
661 102
1
662 90
1
663 305
1
664 297
1
665 371
1
666 301
0
1
667 360
1
668 240
1
669 286
1
670 21
1
671 58
1
672 345
1
673 77
1
674 145
1
675 248
1
676 49
1
677 81
1
678 39
1
679 365
1
680 12
1
681 125
1
682 92
1
683 294
1
684 160
1
685 139
1
686 206
1
687 188
1
688 118
1
689 311
1
690 354
1
691 369
1
692 190
0
1
693 218
1
694 249
1
695 309
1
696 297
1
697 145
1
698 370
0
1
699 297
1
700 140
1
701 72
1
702 67
1
703 248
1
704 313
1
705 308
1
706 135
1
707 181
1
708 167
1
709 244
1
710 306
1
711 321
1
712 103
0
1
713 166
1
714 278
1
715 133
1
716 73
1
717 41
1
718 197
1
719 321
1
720 82
1
721 55
1
722 194
1
723 333
1
724 131
1
725 165
1
726 219
1
727 195
1
728 237
1
729 87
1
730 200
1
731 89
0
1
732 185
1
733 248
1
734 106
1
735 285
1
736 45
1
737 262
1
738 202
1
739 10
1
740 255
1
741 341
1
742 14
1
743 40
1
744 159
1
745 87
1
746 69
1
747 67
1
748 144
1
749 284
1
750 58
1
751 221
1
752 89
0
1
753 342
1
754 312
1
755 365
1
756 189
1
757 22
1
758 36
1
759 226
1
760 110
1
761 322
1
762 193
1
763 251
1
764 216
1
765 269
1
766 227
1
767 275
1
768 164
1
769 284
1
770 364
1
771 108
1
772 160
1
773 324
1
774 151
1
775 161
1
776 100
1
777 144
1
778 180
0
1
779 148
0
1
780 145
1
781 156
1
782 187
1
783 129
1
784 79
1
785 134
1
786 166
1
787 59
0
1
788 228
1
789 5
1
790 237
1
791 344
1
792 245
1
793 29
1
794 88
1
795 200
1
796 64
1
797 237
1
798 264
1
799 342
1
800 297
1
801 261
1
802 226
1
803 186
1
804 166
1
805 203
1
806 116
1
807 29
1
808 74
1
809 265
1
810 251
1
811 3
1
812 307
1
813 137
1
814 184
1
815 42
1
816 69
1
817 248
1
818 174
1
819 147
1
820 187
1
821 107
1
822 252
1
823 197
1
824 137
1
825 86
1
826 326
1
827 94
1
828 297
1
829 200
1
830 63
1
831 188
1
832 189
1
833 104
1
834 342
1
835 184
1
836 85
1
837 35
1
838 153
1
839 318
1
840 162
1
841 211
1
842 49
1
843 246
1
844 179
1
845 341
1
846 296
1
847 269
1
848 346
1
849 141
1
850 35
1
851 53
1
852 200
1
853 186
1
854 351
1
855 11
1
856 48
1
857 324
1
858 76
1
859 5
1
860 202
1
861 63
1
862 219
1
863 364
1
864 203
1
865 135
1
866 306
1
867 268
1
868 186
1
869 100
1
870 310
1
871 44
1
872 238
1
873 12
0
1
874 289
1
875 24
0
1
876 225
1
877 102
1
878 281
1
879 10
1
880 175
1
881 97
1
882 166
1
883 233
1
884 24
0
1
885 356
1
886 91
1
887 131
1
888 246
1
889 149
1
890 189
1
891 91
1
892 59
1
893 357
1
894 205
1
895 224
1
896 294
1
897 149
1
898 43
1
899 366
1
900 152
1
901 324
1
902 292
1
903 276
1
904 266
1
905 14
1
906 351
1
907 4
1
908 121
1
909 316
0
1
910 357
1
911 139
1
912 181
1
913 110
1
914 274
0
1
915 154
1
916 356
1
917 215
1
918 297
1
919 137
1
920 200
1
921 234
1
922 120
1
923 274
1
924 74
1
925 226
1
926 81
1
927 201
1
928 310
1
929 314
0
1
930 26
1
931 318
1
932 232
1
933 170
1
934 174
1
935 123
1
936 92
1
937 306
1
938 299
1
939 148
1
940 301
1
941 351
1
942 157
1
943 16
1
944 94
0
1
945 170
1
946 173
1
947 313
1
948 130
1
949 340
1
950 344
1
951 305
1
952 165
1
953 363
1
954 43
1
955 297
1
956 29
1
957 332
1
958 152
1
959 371
1
960 297
1
961 19
1
962 281
1
963 238
0
1
964 266
1
965 89
1
966 352
1
967 341
1
968 166
1
969 176
1
970 355
1
971 78
0
1
972 140
1
973 117
1
974 284
0
0
1
975 349
1
976 8
1
977 344
1
978 14
1
979 241
1
980 98
1
981 186
1
982 18
1
983 202
1
984 365
0
1
985 258
1
986 223
1
987 172
0
0
0
1
988 356
1
989 127
1
990 265
1
991 138
1
992 181
1
993 268
1
994 103
1
995 21
1
996 341
1
997 236
1
998 12
1
999 85
1
1000 181
1
1001 229
1
1002 280
1
1003 309
1
1004 57
1
1005 101
1
1006 216
1
1007 244
0
1
1008 200
1
1009 103
1
1010 105
1
1011 259
1
1012 275
1
1013 128
0
1
1014 158
1
1015 371
1
1016 23
1
1017 188
1
1018 169
0
1
1019 310
1
1020 14
1
1021 184
1
1022 174
1
1023 43
1
1024 111
1
1025 264
0
1
1026 122
1
1027 207
1
1028 281
0
1
1029 327
1
1030 264
1
1031 189
0
1
1032 106
0
1
1033 251
1
1034 164
1
1035 233
1
1036 319
1
1037 26
1
1038 43
0
1
1039 227
1
1040 183
1
1041 149
1
1042 218
1
1043 157
1
1044 109
1
1045 352
1
1046 251
1
1047 46
1
1048 49
1
1049 186
1
1050 223
1
1051 295
1
1052 310
0
1
1053 213
0
1
1054 204
1
1055 159
1
1056 12
1
1057 177
1
1058 302
1
1059 93
1
1060 181
1
1061 7
1
1062 201
1
1063 255
1
1064 278
1
1065 206
1
1066 341
1
1067 26
1
1068 167
1
1069 125
1
1070 166
1
1071 116
1
1072 248
1
1073 186
1
1074 166
1
1075 343
1
1076 166
1
1077 330
1
1078 360
1
1079 248
0
1
1080 313
1
1081 354
1
1082 369
1
1083 26
1
1084 354
1
1085 60
1
1086 236
1
1087 146
1
1088 89
1
1089 339
1
1090 80
1
1091 234
1
1092 299
1
1093 52
1
1094 269
1
1095 164
1
1096 333
1
1097 322
1
1098 226
1
1099 130
0
1
1100 312
1
1101 102
0
1
1102 224
1
1103 181
1
1104 193
1
1105 318
1
1106 95
1
1107 244
1
1108 245
1
1109 26
1
1110 58
1
1111 122
1
1112 200
1
1113 351
1
1114 358
1
1115 18
1
1116 61
1
1117 29
1
1118 188
0
1
1119 306
1
1120 297
1
1121 40
1
1122 350
1
1123 364
1
1124 174
1
1125 43
1
1126 139
1
1127 177
1
1128 316
1
1129 320
1
1130 57
1
1131 135
1
1132 186
1
1133 249
1
1134 69
1
1135 226
1
1136 134
1
1137 80
1
1138 218
0
1
1139 338
1
1140 70
1
1141 334
0
1
1142 36
1
1143 233
0
1
1144 63
1
1145 253
1
1146 209
1
1147 129
1
1148 361
1
1149 69
1
1150 343
1
1151 100
1
1152 176
1
1153 166
1
1154 29
1
1155 168
1
1156 98
1
1157 156
1
1158 248
1
1159 254
1
1160 339
1
1161 315
1
1162 113
1
1163 271
1
1164 6
0
0
1
1165 306
1
1166 24
1
1167 337
1
1168 98
1
1169 146
1
1170 219
1
1171 291
1
1172 96
1
1173 53
1
1174 119
1
1175 285
1
1176 319
1
1177 158
0
1
1178 177
1
1179 113
1
1180 324
0
0
1
1181 368
1
1182 224
1
1183 75
1
1184 129
1
1185 302
0
1
1186 151
1
1187 298
1
1188 269
1
1189 94
1
1190 70
1
1191 250
1
1192 244
1
1193 371
1
1194 344
1
1195 306
1
1196 107
1
1197 8
1
1198 275
1
1199 187
1
1200 365
0
1
1201 260
1
1202 80
1
1203 132
1
1204 118
1
1205 205
1
1206 166
1
1207 257
1
1208 124
1
1209 26
1
1210 272
1
1211 147
0
1
1212 28
1
1213 263
1
1214 64
1
1215 316
1
1216 262
1
1217 360
1
1218 246
1
1219 159
1
1220 261
1
1221 211
1
1222 365
1
1223 260
1
1224 12
1
1225 206
1
1226 109
1
1227 51
1
1228 136
1
1229 234
1
1230 332
1
1231 351
1
1232 185
1
1233 254
1
1234 286
1
1235 122
1
1236 121
1
1237 8
1
1238 188
1
1239 330
0
1
1240 10
0
1
1241 160
1
1242 297
1
1243 322
1
1244 182
1
1245 173
1
1246 80
1
1247 341
1
1248 29
1
1249 200
1
1250 198
1
1251 278
1
1252 24
1
1253 157
1
1254 340
1
1255 89
0
0
1
1256 140
1
1257 72
0
1
1258 214
1
1259 295
1
1260 276
1
1261 2
1
1262 354
1
1263 286
0
1
1264 284
1
1265 99
1
1266 105
0
1
1267 92
1
1268 122
1
1269 32
1
1270 324
1
1271 219
1
1272 243
1
1273 61
1
1274 335
1
1275 203
1
1276 136
1
1277 156
1
1278 79
1
1279 281
1
1280 368
1
1281 20
1
1282 350
1
1283 59
1
1284 43
0
1
1285 38
1
1286 328
1
1287 46
0
1
1288 328
1
1289 178
1
1290 104
1
1291 4
1
1292 186
1
1293 244
1
1294 109
1
1295 355
1
1296 102
1
1297 285
1
1298 191
1
1299 40
1
1300 92
1
1301 164
1
1302 217
1
1303 371
1
1304 214
1
1305 183
1
1306 18
1
1307 33
1
1308 78
1
1309 120
1
1310 365
1
1311 352
1
1312 90
0
1
1313 362
1
1314 175
0
1
1315 280
1
1316 15
1
1317 144
1
1318 35
1
1319 289
1
1320 294
1
1321 183
1
1322 320
1
1323 91
0
1
1324 292
1
1325 166
1
1326 107
1
1327 107
1
1328 20
1
1329 318
0
1
1330 201
1
1331 160
1
1332 197
1
1333 176
1
1334 365
1
1335 103
1
1336 146
1
1337 157
0
1
1338 35
1
1339 315
1
1340 32
0
1
1341 149
1
1342 336
1
1343 358
1
1344 55
1
1345 24
1
1346 368
1
1347 256
0
1
1348 273
1
1349 153
0
1
1350 155
1
1351 327
1
1352 34
1
1353 139
1
1354 370
1
1355 335
1
1356 276
1
1357 287
0
1
1358 351
1
1359 219
0
1
1360 3
1
1361 111
1
1362 26
1
1363 22
1
1364 112
1
1365 273
1
1366 144
1
1367 182
1
1368 320
1
1369 313
1
1370 367
1
1371 345
1
1372 215
1
1373 313
1
1374 21
1
1375 355
1
1376 93
1
1377 192
1
1378 272
1
1379 355
1
1380 234
0
1
1381 254
1
1382 346
1
1383 38
1
1384 314
1
1385 369
1
1386 115
1
1387 310
1
1388 29
1
1389 28
1
1390 188
1
1391 157
1
1392 75
0
1
1393 7
1
1394 225
1
1395 166
0
1
1396 255
1
1397 31
1
1398 121
1
1399 126
1
1400 230
1
1401 227
1
1402 227
1
1403 180
1
1404 151
1
1405 179
0
0
0
0
1
1406 104
0
1
1407 302
1
1408 2
1
1409 110
1
1410 54
1
1411 107
0
1
1412 258
1
1413 59
0
1
1414 38
0
1
1415 29
0
1
1416 9
0
1
1417 9
1
1418 361
0
1
1419 220
0
1
1420 264
1
1421 164
1
1422 301
1
1423 215
1
1424 266
1
1425 339
1
1426 29
1
1427 117
1
1428 306
1
1429 184
0
1
1430 78
1
1431 205
1
1432 57
0
1
1433 282
1
1434 160
0
1
1435 303
1
1436 199
1
1437 119
1
1438 346
1
1439 215
1
1440 228
1
1441 304
0
1
1442 69
1
1443 177
1
1444 191
1
1445 327
1
1446 165
1
1447 115
1
1448 327
1
1449 190
1
1450 317
1
1451 100
1
1452 95
1
1453 301
1
1454 21
0
1
1455 259
0
0
1
1456 114
1
1457 60
1
1458 46
1
1459 124
0
0
0
1
1460 129
1
1461 147
1
1462 227
0
1
1463 361
1
1464 34
0
1
1465 225
1
1466 146
1
1467 43
1
1468 326
1
1469 69
1
1470 7
1
1471 273
0
0
1
1472 158
1
1473 80
1
1474 266
0
1
1475 135
1
1476 253
1
1477 200
1
1478 16
1
1479 364
1
1480 203
1
1481 314
0
1
1482 87
1
1483 337
1
1484 19
1
1485 294
1
1486 344
1
1487 71
1
1488 336
1
1489 176
0
1
1490 342
1
1491 25
1
1492 166
1
1493 334
1
1494 312
1
1495 34
1
1496 59
1
1497 44
1
1498 32
1
1499 244
1
1500 322
1
1501 262
1
1502 243
1
1503 302
1
1504 89
1
1505 299
1
1506 256
1
1507 53
1
1508 125
1
1509 364
1
1510 288
1
1511 188
1
1512 11
1
1513 347
1
1514 148
1
1515 271
1
1516 67
1
1517 195
1
1518 75
0
1
1519 326
1
1520 44
1
1521 126
1
1522 290
1
1523 299
1
1524 203
1
1525 192
1
1526 73
0
1
1527 2
1
1528 93
1
1529 307
1
1530 283
1
1531 147
0
1
1532 50
1
1533 256
1
1534 167
1
1535 234
1
1536 204
1
1537 290
1
1538 119
1
1539 72
1
1540 240
1
1541 67
1
1542 321
1
1543 196
1
1544 286
0
1
1545 216
1
1546 21
1
1547 166
0
1
1548 275
1
1549 221
1
1550 138
1
1551 369
1
1552 314
1
1553 54
0
1
1554 71
1
1555 179
1
1556 280
1
1557 165
1
1558 175
0
1
1559 9
1
1560 8
1
1561 366
1
1562 188
1
1563 297
0
1
1564 317
1
1565 14
0
1
1566 275
1
1567 8
1
1568 26
1
1569 105
1
1570 71
0
1
1571 370
1
1572 297
1
1573 370
1
1574 236
1
1575 180
1
1576 358
1
1577 285
1
1578 237
1
1579 80
0
1
1580 67
1
1581 268
1
1582 190
1
1583 145
0
1
1584 3
1
1585 170
1
1586 188
1
1587 86
1
1588 216
1
1589 93
0
1
1590 23
1
1591 82
1
1592 321
1
1593 35
1
1594 210
1
1595 370
1
1596 288
1
1597 107
1
1598 371
1
1599 127
1
1600 61
1
1601 89
1
1602 65
1
1603 161
1
1604 103
1
1605 346
1
1606 289
1
1607 3
0
1
1608 358
1
1609 232
1
1610 300
1
1611 358
1
1612 366
0
0
0
0
1
1613 298
1
1614 364
0
1
1615 42
0
1
1616 126
1
1617 191
1
1618 340
1
1619 149
0
1
1620 164
1
1621 18
1
1622 342
1
1623 330
1
1624 228
1
1625 76
1
1626 211
1
1627 22
1
1628 160
1
1629 43
1
1630 348
1
1631 43
1
1632 347
1
1633 122
1
1634 82
1
1635 78
1
1636 147
1
1637 322
0
1
1638 342
1
1639 257
1
1640 165
1
1641 331
1
1642 175
0
1
1643 245
1
1644 94
1
1645 127
1
1646 101
1
1647 238
0
1
1648 305
0
1
1649 318
1
1650 182
0
1
1651 212
1
1652 307
1
1653 303
1
1654 115
0
0
1
1655 342
1
1656 161
0
1
1657 85
1
1658 85
1
1659 364
1
1660 251
1
1661 316
1
1662 134
1
1663 18
1
1664 289
1
1665 170
1
1666 74
1
1667 16
1
1668 107
1
1669 242
1
1670 81
0
0
1
1671 106
0
1
1672 83
1
1673 81
1
1674 322
1
1675 315
1
1676 370
1
1677 243
0
1
1678 167
1
1679 353
1
1680 128
1
1681 263
1
1682 181
1
1683 270
1
1684 127
0
1
1685 49
1
1686 17
1
1687 54
1
1688 238
1
1689 38
1
1690 47
1
1691 185
0
1
1692 40
1
1693 189
1
1694 10
1
1695 12
0
1
1696 141
1
1697 197
1
1698 260
1
1699 251
1
1700 15
1
1701 213
1
1702 283
1
1703 353
0
1
1704 166
1
1705 238
0
0
1
1706 25
0
0
1
1707 297
1
1708 120
1
1709 228
1
1710 349
1
1711 238
1
1712 302
0
0
1
1713 111
1
1714 11
1
1715 162
1
1716 26
1
1717 61
1
1718 24
0
1
1719 178
1
1720 280
1
1721 23
1
1722 9
1
1723 134
1
1724 288
1
1725 43
1
1726 124
0
1
1727 367
1
1728 46
1
1729 78
1
1730 145
1
1731 39
0
1
1732 325
0
1
1733 204
1
1734 219
1
1735 52
1
1736 52
1
1737 332
1
1738 249
0
1
1739 52
1
1740 125
1
1741 332
1
1742 188
0
1
1743 338
1
1744 133
1
1745 233
1
1746 333
1
1747 229
1
1748 105
0
1
1749 122
1
1750 342
1
1751 270
0
1
1752 198
1
1753 230
1
1754 21
0
1
1755 26
1
1756 87
1
1757 353
1
1758 306
0
1
1759 9
1
1760 273
0
1
1761 95
1
1762 324
1
1763 313
1
1764 37
1
1765 35
1
1766 356
1
1767 196
1
1768 45
1
1769 67
1
1770 8
1
1771 291
1
1772 192
1
1773 328
1
1774 353
0
1
1775 163
1
1776 318
1
1777 170
1
1778 315
1
1779 266
0
1
1780 222
1
1781 282
1
1782 156
1
1783 133
0
1
1784 199
1
1785 139
1
1786 243
1
1787 85
1
1788 122
1
1789 338
1
1790 207
0
1
1791 310
1
1792 213
1
1793 331
1
1794 333
1
1795 295
1
1796 41
1
1797 167
1
1798 334
1
1799 195
1
1800 49
1
1801 272
0
0
1
1802 294
0
1
1803 364
1
1804 318
1
1805 31
1
1806 70
1
1807 67
0
1
1808 202
0
1
1809 283
1
1810 278
1
1811 70
1
1812 72
1
1813 290
1
1814 69
1
1815 19
1
1816 152
1
1817 272
1
1818 365
1
1819 251
1
1820 330
0
1
1821 337
1
1822 176
1
1823 348
1
1824 358
1
1825 85
0
0
1
1826 43
1
1827 190
1
1828 371
1
1829 353
0
1
1830 349
1
1831 14
1
1832 228
1
1833 341
1
1834 26
1
1835 102
1
1836 357
1
1837 94
0
0
1
1838 84
1
1839 360
0
0
1
1840 133
1
1841 144
1
1842 146
0
1
1843 334
1
1844 154
1
1845 198
0
1
1846 299
1
1847 119
1
1848 2
1
1849 205
1
1850 129
1
1851 200
1
1852 246
0
0
1
1853 148
0
1
1854 92
1
1855 45
0
1
1856 4
1
1857 198
1
1858 34
1
1859 49
1
1860 49
0
1
1861 31
1
1862 89
1
1863 345
0
1
1864 333
1
1865 360
1
1866 43
1
1867 280
1
1868 309
0
0
1
1869 47
1
1870 86
1
1871 159
1
1872 11
1
1873 346
1
1874 166
1
1875 14
1
1876 318
1
1877 26
0
1
1878 15
1
1879 166
1
1880 255
1
1881 370
1
1882 37
1
1883 347
0
1
1884 208
1
1885 262
1
1886 244
1
1887 100
1
1888 209
1
1889 95
1
1890 328
1
1891 305
1
1892 189
0
0
1
1893 93
1
1894 97
0
1
1895 34
1
1896 290
1
1897 305
1
1898 353
1
1899 190
1
1900 200
0
1
1901 293
1
1902 296
0
0
1
1903 345
1
1904 178
0
1
1905 19
1
1906 222
1
1907 138
1
1908 96
1
1909 135
1
1910 249
1
1911 212
1
1912 86
1
1913 84
0
1
1914 8
0
1
1915 214
1
1916 91
1
1917 265
1
1918 287
1
1919 187
1
1920 234
0
1
1921 273
1
1922 311
1
1923 38
0
1
1924 365
0
1
1925 256
1
1926 112
1
1927 355
0
0
1
1928 50
1
1929 229
1
1930 274
1
1931 293
1
1932 49
0
0
1
1933 195
1
1934 112
1
1935 326
1
1936 275
1
1937 149
0
1
1938 121
0
1
1939 367
1
1940 301
1
1941 368
1
1942 332
1
1943 335
0
1
1944 20
1
1945 171
1
1946 348
1
1947 308
1
1948 168
1
1949 26
1
1950 68
1
1951 140
1
1952 38
0
0
1
1953 191
1
1954 194
1
1955 110
1
1956 78
1
1957 76
1
1958 264
1
1959 93
1
1960 41
1
1961 149
1
1962 25
1
1963 212
1
1964 229
1
1965 247
1
1966 79
1
1967 55
1
1968 186
1
1969 290
1
1970 274
1
1971 301
1
1972 191
1
1973 121
0
1
1974 34
1
1975 222
0
1
1976 78
1
1977 366
1
1978 310
1
1979 321
1
1980 182
1
1981 146
1
1982 180
1
1983 254
1
1984 302
1
1985 47
0
1
1986 265
1
1987 365
1
1988 64
1
1989 3
1
1990 270
0
1
1991 238
1
1992 265
1
1993 5
1
1994 2
1
1995 338
1
1996 340
1
1997 311
1
1998 281
1
1999 72
1
2000 75
1
2001 185
1
2002 33
1
2003 183
1
2004 274
1
2005 26
1
2006 302
1
2007 186
1
2008 7
1
2009 20
1
2010 346
1
2011 196
0
1
2012 309
1
2013 188
1
2014 205
1
2015 238
1
2016 66
1
2017 261
0
1
2018 144
0
0
1
2019 224
1
2020 189
1
2021 295
1
2022 223
1
2023 257
1
2024 300
1
2025 251
1
2026 115
0
0
0
1
2027 104
0
1
2028 349
1
2029 118
0
1
2030 338
1
2031 317
0
0
1
2032 302
1
2033 306
0
0
1
2034 160
1
2035 181
1
2036 14
1
2037 346
1
2038 164
1
2039 120
1
2040 249
1
2041 364
1
2042 331
1
2043 238
1
2044 365
0
1
2045 211
0
1
2046 27
1
2047 233
1
2048 10
0
1
2049 14
1
2050 87
1
2051 129
1
2052 143
1
2053 78
1
2054 74
1
2055 224
1
2056 35
1
2057 281
1
2058 180
1
2059 365
1
2060 210
1
2061 53
1
2062 61
0
1
2063 332
1
2064 155
1
2065 193
1
2066 116
1
2067 254
1
2068 217
0
1
2069 64
0
1
2070 150
1
2071 157
1
2072 107
1
2073 104
1
2074 111
1
2075 90
1
2076 335
1
2077 6
1
2078 26
0
1
2079 284
1
2080 111
1
2081 330
0
1
2082 145
1
2083 174
1
2084 284
1
2085 111
1
2086 77
1
2087 271
1
2088 24
1
2089 71
1
2090 353
1
2091 45
1
2092 92
1
2093 193
0
1
2094 77
1
2095 371
1
2096 234
0
1
2097 174
1
2098 243
0
1
2099 320
0
1
2100 369
1
2101 339
0
1
2102 334
1
2103 257
1
2104 18
1
2105 295
1
2106 324
0
1
2107 222
1
2108 125
1
2109 321
1
2110 263
1
2111 322
1
2112 157
1
2113 65
0
1
2114 193
1
2115 88
1
2116 233
1
2117 113
1
2118 280
1
2119 165
1
2120 91
1
2121 12
1
2122 340
0
1
2123 299
1
2124 255
1
2125 252
0
1
2126 166
0
1
2127 310
1
2128 126
1
2129 285
1
2130 53
1
2131 319
1
2132 189
1
2133 68
1
2134 170
1
2135 236
1
2136 80
1
2137 2
1
2138 16
1
2139 331
1
2140 193
0
0
0
1
2141 349
1
2142 255
0
1
2143 51
1
2144 15
0
1
2145 195
1
2146 63
0
1
2147 160
1
2148 368
1
2149 132
1
2150 80
0
1
2151 65
1
2152 58
1
2153 308
1
2154 144
1
2155 139
1
2156 235
1
2157 120
1
2158 200
1
2159 327
1
2160 275
1
2161 299
0
1
2162 22
1
2163 251
1
2164 38
0
0
1
2165 244
1
2166 313
1
2167 262
1
2168 104
1
2169 307
1
2170 209
0
1
2171 259
1
2172 172
1
2173 358
1
2174 123
1
2175 209
1
2176 69
1
2177 81
1
2178 61
1
2179 165
1
2180 285
1
2181 53
1
2182 358
1
2183 338
1
2184 190
1
2185 191
0
1
2186 338
1
2187 335
1
2188 36
1
2189 9
1
2190 273
1
2191 70
1
2192 13
1
2193 144
0
1
2194 203
1
2195 201
1
2196 284
1
2197 38
1
2198 273
0
1
2199 328
1
2200 216
0
1
2201 309
1
2202 370
1
2203 221
1
2204 56
0
1
2205 150
1
2206 220
1
2207 328
1
2208 43
1
2209 307
0
1
2210 304
1
2211 173
1
2212 85
0
1
2213 264
0
1
2214 10
1
2215 244
0
1
2216 357
1
2217 115
0
1
2218 262
0
0
1
2219 341
1
2220 218
0
0
0
0
1
2221 272
0
1
2222 96
0
1
2223 230
1
2224 297
1
2225 240
0
1
2226 360
1
2227 340
1
2228 339
1
2229 131
0
0
1
2230 87
1
2231 333
0
1
2232 275
1
2233 129
0
1
2234 33
1
2235 75
0
1
2236 275
1
2237 111
1
2238 283
1
2239 237
1
2240 175
1
2241 365
0
1
2242 18
1
2243 361
1
2244 187
1
2245 61
1
2246 2
1
2247 59
1
2248 193
1
2249 188
1
2250 66
1
2251 240
0
1
2252 192
1
2253 145
1
2254 72
0
1
2255 19
1
2256 19
1
2257 328
1
2258 95
1
2259 109
1
2260 29
0
1
2261 280
0
1
2262 161
0
0
1
2263 238
1
2264 338
0
1
2265 142
1
2266 256
1
2267 302
1
2268 25
1
2269 310
1
2270 236
1
2271 209
1
2272 198
1
2273 139
1
2274 148
1
2275 298
1
2276 275
0
1
2277 310
0
1
2278 135
1
2279 57
1
2280 150
1
2281 120
1
2282 215
1
2283 37
1
2284 23
1
2285 44
1
2286 323
1
2287 89
0
1
2288 112
1
2289 126
1
2290 263
0
0
1
2291 60
1
2292 204
0
1
2293 138
0
1
2294 226
1
2295 262
1
2296 240
0
1
2297 50
0
1
2298 242
0
1
2299 283
0
1
2300 316
0
1
2301 317
1
2302 56
1
2303 176
1
2304 216
1
2305 226
1
2306 107
0
0
0
1
2307 151
1
2308 117
1
2309 305
1
2310 248
1
2311 11
1
2312 246
1
2313 364
1
2314 273
1
2315 149
0
1
2316 122
0
1
2317 125
1
2318 158
0
1
2319 265
1
2320 185
0
1
2321 133
1
2322 201
1
2323 165
0
0
1
2324 142
0
1
2325 367
0
0
1
2326 367
1
2327 338
1
2328 340
1
2329 289
1
2330 354
0
0
0
0
1
2331 20
0
0
1
2332 79
1
2333 54
1
2334 338
1
2335 126
1
2336 253
1
2337 257
0
1
2338 319
1
2339 215
1
2340 125
0
1
2341 35
1
2342 209
1
2343 254
1
2344 349
0
0
1
2345 163
1
2346 60
1
2347 213
0
1
2348 103
1
2349 249
0
1
2350 156
0
0
1
2351 69
0
0
0
1
2352 361
1
2353 112
0
1
2354 156
0
1
2355 25
1
2356 256
0
1
2357 191
1
2358 363
1
2359 332
1
2360 369
1
2361 106
1
2362 168
1
2363 314
1
2364 173
1
2365 343
1
2366 93
1
2367 99
0
1
2368 321
1
2369 154
1
2370 177
1
2371 232
1
2372 238
1
2373 354
0
1
2374 112
1
2375 125
0
1
2376 18
1
2377 307
1
2378 80
1
2379 199
1
2380 334
1
2381 106
1
2382 289
1
2383 169
0
1
2384 343
1
2385 160
1
2386 326
1
2387 219
1
2388 77
1
2389 201
1
2390 222
1
2391 94
1
2392 268
1
2393 140
1
2394 57
1
2395 192
1
2396 14
1
2397 360
0
1
2398 103
1
2399 128
1
2400 46
0
0
1
2401 26
0
0
1
2402 246
1
2403 216
1
2404 326
1
2405 168
1
2406 38
0
1
2407 210
1
2408 87
1
2409 191
1
2410 302
0
1
2411 246
1
2412 217
1
2413 326
1
2414 61
1
2415 48
0
1
2416 44
0
1
2417 132
1
2418 88
0
0
1
2419 328
1
2420 115
1
2421 69
0
1
2422 7
1
2423 199
1
2424 369
1
2425 268
0
1
2426 59
1
2427 250
1
2428 82
1
2429 38
1
2430 166
1
2431 8
0
1
2432 107
1
2433 309
1
2434 169
1
2435 213
1
2436 190
0
1
2437 309
1
2438 350
0
1
2439 10
1
2440 131
1
2441 142
1
2442 351
1
2443 96
1
2444 67
0
0
1
2445 297
0
0
1
2446 4
1
2447 204
1
2448 353
1
2449 26
0
1
2450 284
1
2451 264
1
2452 175
1
2453 252
1
2454 107
1
2455 102
1
2456 81
1
2457 122
0
1
2458 205
1
2459 26
0
1
2460 42
0
1
2461 333
0
1
2462 367
0
0
1
2463 94
0
1
2464 33
1
2465 11
0
0
1
2466 118
1
2467 293
1
2468 295
0
0
0
1
2469 55
1
2470 11
1
2471 213
1
2472 53
0
0
1
2473 238
0
1
2474 181
1
2475 30
1
2476 222
1
2477 218
1
2478 233
1
2479 277
0
0
1
2480 194
1
2481 19
0
1
2482 205
1
2483 240
0
1
2484 124
1
2485 135
1
2486 85
1
2487 342
0
1
2488 15
1
2489 111
1
2490 71
0
1
2491 359
0
1
2492 256
1
2493 290
0
1
2494 110
1
2495 275
0
1
2496 283
1
2497 47
0
0
0
1
2498 19
1
2499 346
0
0
1
2500 276
1
2501 111
1
2502 194
1
2503 40
1
2504 52
0
1
2505 57
1
2506 316
1
2507 115
0
1
2508 216
1
2509 227
1
2510 176
1
2511 258
1
2512 330
1
2513 217
1
2514 282
1
2515 360
1
2516 345
1
2517 305
0
1
2518 194
1
2519 29
1
2520 45
1
2521 101
1
2522 105
1
2523 289
1
2524 271
0
1
2525 320
0
1
2526 55
1
2527 186
0
1
2528 237
1
2529 363
1
2530 174
1
2531 83
1
2532 93
1
2533 217
1
2534 75
1
2535 250
1
2536 348
1
2537 115
0
1
2538 354
1
2539 258
0
0
1
2540 50
1
2541 202
1
2542 211
1
2543 353
0
1
2544 161
1
2545 303
1
2546 212
1
2547 238
1
2548 71
0
0
1
2549 291
1
2550 341
0
1
2551 361
1
2552 273
1
2553 188
1
2554 117
1
2555 219
1
2556 245
1
2557 46
1
2558 115
1
2559 76
0
1
2560 157
1
2561 327
1
2562 324
1
2563 93
1
2564 242
1
2565 129
1
2566 99
1
2567 166
0
1
2568 329
1
2569 156
1
2570 148
0
1
2571 224
1
2572 157
0
1
2573 272
0
1
2574 18
1
2575 320
1
2576 140
1
2577 257
1
2578 27
1
2579 318
1
2580 293
0
1
2581 160
1
2582 306
1
2583 107
1
2584 234
1
2585 162
1
2586 239
0
1
2587 294
1
2588 60
0
1
2589 74
1
2590 214
0
1
2591 343
0
0
1
2592 300
1
2593 227
0
1
2594 255
1
2595 264
1
2596 203
0
0
1
2597 113
1
2598 322
1
2599 287
0
1
2600 359
1
2601 309
1
2602 25
1
2603 83
1
2604 313
1
2605 253
0
1
2606 67
1
2607 95
1
2608 227
1
2609 101
1
2610 84
1
2611 290
1
2612 49
1
2613 86
1
2614 157
1
2615 24
0
1
2616 218
1
2617 139
0
1
2618 89
0
1
2619 271
1
2620 213
1
2621 342
1
2622 190
0
0
0
1
2623 159
1
2624 87
1
2625 30
1
2626 326
1
2627 135
0
1
2628 33
1
2629 274
1
2630 31
1
2631 348
1
2632 370
1
2633 227
0
1
2634 318
0
0
0
0
1
2635 200
0
1
2636 132
1
2637 69
0
1
2638 262
0
1
2639 262
1
2640 271
1
2641 216
0
0
1
2642 166
1
2643 275
0
1
2644 247
1
2645 53
0
1
2646 64
0
1
2647 56
1
2648 248
0
1
2649 168
1
2650 244
0
1
2651 257
1
2652 236
1
2653 358
0
0
1
2654 56
1
2655 77
0
1
2656 14
0
0
0
1
2657 265
1
2658 308
1
2659 171
1
2660 161
1
2661 222
0
1
2662 24
1
2663 185
1
2664 53
1
2665 248
0
1
2666 60
1
2667 137
1
2668 46
0
1
2669 58
1
2670 184
1
2671 69
1
2672 309
1
2673 361
0
0
1
2674 332
0
0
1
2675 208
1
2676 133
0
1
2677 344
0
1
2678 189
0
1
2679 136
0
0
1
2680 133
1
2681 212
1
2682 23
1
2683 214
1
2684 64
0
0
0
1
2685 171
1
2686 299
1
2687 9
0
1
2688 10
1
2689 115
1
2690 222
0
1
2691 370
1
2692 220
1
2693 253
1
2694 306
1
2695 304
1
2696 246
1
2697 274
0
1
2698 282
1
2699 319
1
2700 115
0
0
1
2701 243
1
2702 261
1
2703 268
0
1
2704 75
0
1
2705 169
0
0
0
1
2706 115
1
2707 237
1
2708 12
1
2709 298
1
2710 236
0
0
0
1
2711 355
1
2712 264
1
2713 334
1
2714 155
1
2715 20
1
2716 192
0
1
2717 18
1
2718 219
0
1
2719 16
1
2720 190
0
1
2721 72
1
2722 267
1
2723 163
1
2724 157
1
2725 98
0
0
1
2726 237
1
2727 351
1
2728 59
1
2729 169
1
2730 7
1
2731 43
1
2732 139
0
1
2733 80
1
2734 262
1
2735 227
1
2736 234
1
2737 357
0
0
1
2738 333
1
2739 359
0
1
2740 146
0
1
2741 281
0
0
1
2742 185
1
2743 360
0
0
1
2744 8
1
2745 185
1
2746 181
1
2747 268
1
2748 234
1
2749 219
1
2750 27
1
2751 201
1
2752 350
0
1
2753 288
1
2754 331
1
2755 86
1
2756 78
1
2757 297
1
2758 140
0
1
2759 166
1
2760 271
1
2761 332
1
2762 128
1
2763 93
0
1
2764 203
1
2765 116
1
2766 290
1
2767 319
0
1
2768 49
1
2769 205
0
1
2770 101
0
1
2771 265
1
2772 127
1
2773 325
1
2774 257
1
2775 67
0
0
0
0
1
2776 39
1
2777 333
1
2778 152
1
2779 72
1
2780 2
0
1
2781 336
1
2782 78
1
2783 134
1
2784 295
1
2785 103
1
2786 60
0
1
2787 300
1
2788 331
0
0
1
2789 302
1
2790 10
1
2791 129
0
0
0
1
2792 336
1
2793 11
1
2794 14
1
2795 158
1
2796 238
1
2797 56
1
2798 358
1
2799 341
1
2800 129
0
1
2801 80
1
2802 325
1
2803 331
0
1
2804 336
1
2805 281
0
1
2806 306
1
2807 242
0
0
1
2808 188
0
1
2809 122
0
1
2810 132
1
2811 100
1
2812 238
1
2813 357
1
2814 370
0
1
2815 99
1
2816 250
1
2817 111
1
2818 369
0
0
1
2819 28
1
2820 366
1
2821 238
0
1
2822 184
1
2823 31
1
2824 172
1
2825 134
1
2826 42
0
1
2827 180
0
1
2828 213
1
2829 302
0
1
2830 224
1
2831 163
1
2832 364
0
1
2833 144
1
2834 295
1
2835 87
0
1
2836 238
1
2837 134
1
2838 41
0
1
2839 7
1
2840 32
1
2841 114
0
0
1
2842 312
1
2843 343
0
0
1
2844 333
0
1
2845 248
0
1
2846 290
1
2847 209
0
1
2848 267
1
2849 173
0
1
2850 244
0
1
2851 132
0
0
1
2852 166
0
0
0
1
2853 147
0
1
2854 124
0
0
1
2855 312
0
0
0
0
1
2856 312
1
2857 11
0
1
2858 223
0
1
2859 122
1
2860 264
0
1
2861 171
0
1
2862 133
1
2863 174
1
2864 97
0
1
2865 171
1
2866 54
0
1
2867 274
1
2868 301
1
2869 129
0
1
2870 331
1
2871 360
1
2872 278
1
2873 166
0
1
2874 195
0
1
2875 146
0
1
2876 331
0
1
2877 238
1
2878 277
1
2879 218
1
2880 187
1
2881 86
0
1
2882 203
0
1
2883 318
0
1
2884 239
1
2885 18
0
0
0
1
2886 194
1
2887 340
1
2888 81
1
2889 309
1
2890 332
0
1
2891 330
0
0
0
1
2892 328
0
0
1
2893 314
1
2894 26
1
2895 225
0
0
1
2896 146
0
1
2897 197
0
0
0
0
1
2898 140
1
2899 238
1
2900 186
1
2901 190
0
0
1
2902 314
1
2903 92
1
2904 264
1
2905 275
0
0
0
0
1
2906 69
0
1
2907 166
1
2908 129
1
2909 183
0
1
2910 259
1
2911 244
1
2912 37
1
2913 303
1
2914 95
1
2915 32
1
2916 53
0
1
2917 195
1
2918 61
1
2919 350
1
2920 188
1
2921 237
0
1
2922 297
0
1
2923 185
1
2924 85
1
2925 233
0
1
2926 214
1
2927 202
1
2928 127
1
2929 319
0
0
0
0
0
0
1
2930 61
1
2931 179
0
0
1
2932 351
1
2933 184
1
2934 89
1
2935 158
0
0
0
1
2936 22
0
0
1
2937 342
0
0
1
2938 277
1
2939 99
0
0
0
1
2940 303
0
1
2941 346
1
2942 251
1
2943 226
1
2944 38
1
2945 186
1
2946 354
1
2947 195
0
0
1
2948 94
1
2949 152
0
1
2950 328
0
1
2951 259
0
1
2952 269
1
2953 140
1
2954 207
0
1
2955 198
0
1
2956 323
0
1
2957 328
0
0
0
0
0
0
1
2958 244
0
0
1
2959 86
0
0
1
2960 96
1
2961 118
1
2962 115
0
1
2963 65
0
0
1
2964 4
0
1
2965 7
0
0
0
1
2966 210
1
2967 224
1
2968 294
1
2969 221
1
2970 187
0
1
2971 107
1
2972 319
0
0
1
2973 74
1
2974 225
0
0
1
2975 153
1
2976 50
0
1
2977 298
1
2978 90
0
1
2979 79
1
2980 95
0
0
1
2981 318
1
2982 155
1
2983 49
1
2984 207
0
1
2985 10
1
2986 194
1
2987 342
1
2988 221
0
0
1
2989 52
1
2990 269
0
0
0
1
2991 23
1
2992 317
1
2993 281
0
1
2994 115
1
2995 198
1
2996 271
1
2997 87
1
2998 357
1
2999 318
1
3000 305
1
3001 72
1
3002 218
1
3003 232
1
3004 73
0
1
3005 191
1
3006 257
0
0
1
3007 349
0
1
3008 56
1
3009 26
0
1
3010 346
1
3011 338
0
1
3012 236
0
1
3013 302
1
3014 99
1
3015 164
1
3016 162
1
3017 190
1
3018 282
1
3019 159
0
0
0
0
1
3020 166
0
1
3021 238
1
3022 29
1
3023 143
1
3024 112
0
0
1
3025 53
1
3026 277
0
1
3027 198
1
3028 76
0
0
0
0
1
3029 68
0
1
3030 331
0
1
3031 342
1
3032 243
0
1
3033 222
1
3034 34
1
3035 245
1
3036 272
1
3037 240
0
1
3038 139
1
3039 41
1
3040 299
0
0
0
0
1
3041 346
0
0
1
3042 118
1
3043 120
1
3044 303
1
3045 313
0
1
3046 147
0
1
3047 47
1
3048 241
1
3049 226
1
3050 14
0
0
0
0
1
3051 141
1
3052 30
1
3053 145
1
3054 172
0
0
1
3055 16
1
3056 91
0
1
3057 305
1
3058 22
1
3059 343
1
3060 186
1
3061 120
0
1
3062 34
0
1
3063 352
0
1
3064 103
0
0
0
0
1
3065 262
1
3066 143
1
3067 64
1
3068 208
0
1
3069 284
0
1
3070 106
1
3071 232
0
1
3072 135
0
0
0
0
1
3073 299
1
3074 159
0
1
3075 105
1
3076 199
1
3077 311
0
0
1
3078 256
1
3079 359
1
3080 273
1
3081 353
1
3082 158
0
0
1
3083 328
1
3084 161
1
3085 166
0
1
3086 69
1
3087 190
1
3088 370
0
1
3089 252
1
3090 39
0
1
3091 284
1
3092 371
0
1
3093 316
0
0
0
0
0
0
0
1
3094 264
1
3095 61
0
0
0
1
3096 171
1
3097 199
1
3098 125
0
1
3099 15
1
3100 326
1
3101 41
1
3102 55
1
3103 338
1
3104 177
1
3105 41
1
3106 60
0
0
0
1
3107 270
0
0
1
3108 355
0
0
0
0
1
3109 123
0
0
0
0
1
3110 93
0
1
3111 205
0
0
1
3112 59
0
0
1
3113 94
0
0
0
1
3114 61
0
1
3115 304
1
3116 244
1
3117 173
1
3118 248
1
3119 89
0
0
0
1
3120 254
1
3121 247
0
1
3122 100
1
3123 344
1
3124 345
0
1
3125 315
1
3126 275
1
3127 87
1
3128 110
0
0
0
1
3129 361
0
1
3130 138
1
3131 256
0
1
3132 147
1
3133 27
1
3134 216
1
3135 212
0
1
3136 175
1
3137 193
1
3138 345
1
3139 29
1
3140 125
0
1
3141 3
0
1
3142 306
1
3143 11
0
1
3144 130
0
1
3145 194
1
3146 271
1
3147 251
0
1
3148 57
0
0
1
3149 49
0
1
3150 95
1
3151 254
1
3152 184
1
3153 325
0
0
1
3154 77
1
3155 261
0
1
3156 243
1
3157 338
1
3158 206
1
3159 252
0
0
1
3160 286
0
1
3161 183
1
3162 199
1
3163 174
1
3164 289
0
0
1
3165 3
0
1
3166 342
1
3167 157
1
3168 318
1
3169 11
1
3170 265
0
1
3171 102
0
1
3172 18
0
1
3173 206
1
3174 173
0
1
3175 123
1
3176 137
0
0
1
3177 342
1
3178 142
1
3179 168
1
3180 2
1
3181 238
1
3182 293
0
1
3183 319
0
0
1
3184 126
1
3185 321
1
3186 34
0
0
1
3187 14
1
3188 297
0
1
3189 220
1
3190 216
1
3191 57
1
3192 100
1
3193 344
0
1
3194 48
1
3195 203
1
3196 23
0
1
3197 232
0
0
0
0
0
0
1
3198 306
1
3199 85
1
3200 262
0
0
1
3201 300
0
1
3202 75
1
3203 93
1
3204 284
1
3205 86
0
1
3206 365
0
0
0
0
1
3207 77
0
0
0
1
3208 327
1
3209 45
0
0
1
3210 135
0
1
3211 332
1
3212 186
0
0
0
0
0
0
1
3213 303
0
0
1
3214 348
1
3215 51
1
3216 92
0
1
3217 306
0
1
3218 124
1
3219 283
1
3220 357
1
3221 10
0
0
0
1
3222 324
1
3223 155
0
1
3224 45
0
1
3225 348
1
3226 151
1
3227 314
1
3228 2
1
3229 237
1
3230 328
1
3231 243
0
1
3232 195
1
3233 60
0
1
3234 5
1
3235 219
0
0
0
0
0
1
3236 5
0
1
3237 231
1
3238 122
1
3239 203
0
1
3240 79
1
3241 352
1
3242 207
1
3243 297
1
3244 250
1
3245 18
1
3246 339
0
1
3247 244
1
3248 68
1
3249 290
0
0
0
0
1
3250 355
0
1
3251 160
1
3252 370
0
0
1
3253 286
1
3254 355
0
1
3255 86
0
0
1
3256 98
0
1
3257 369
1
3258 29
0
1
3259 299
1
3260 148
1
3261 353
0
1
3262 8
1
3263 87
0
1
3264 123
0
0
0
1
3265 284
0
1
3266 76
1
3267 19
0
0
0
1
3268 166
0
0
1
3269 17
1
3270 52
1
3271 139
1
3272 324
0
1
3273 9
0
1
3274 14
0
1
3275 238
0
0
1
3276 265
0
1
3277 139
0
0
0
1
3278 115
1
3279 360
1
3280 115
0
1
3281 325
0
1
3282 313
0
1
3283 327
1
3284 318
1
3285 32
0
1
3286 262
0
1
3287 353
1
3288 190
0
1
3289 256
1
3290 80
1
3291 330
0
0
1
3292 307
1
3293 230
1
3294 322
1
3295 360
0
1
3296 292
0
1
3297 90
1
3298 151
0
0
0
0
0
0
0
1
3299 368
0
1
3300 186
0
1
3301 194
1
3302 234
0
1
3303 199
0
1
3304 66
0
1
3305 266
1
3306 315
1
3307 53
1
3308 157
0
1
3309 369
0
1
3310 220
0
0
1
3311 44
0
1
3312 58
1
3313 350
1
3314 234
1
3315 66
1
3316 194
1
3317 129
0
0
0
1
3318 18
1
3319 201
0
0
1
3320 133
1
3321 268
1
3322 166
1
3323 267
1
3324 204
1
3325 250
1
3326 73
1
3327 9
0
1
3328 140
0
1
3329 307
0
0
1
3330 322
0
1
3331 336
1
3332 39
0
0
1
3333 53
0
1
3334 107
0
1
3335 215
0
0
0
0
1
3336 243
1
3337 92
0
0
1
3338 200
1
3339 46
1
3340 98
1
3341 331
1
3342 350
1
3343 262
1
3344 204
0
1
3345 289
0
0
1
3346 371
0
0
0
1
3347 61
1
3348 100
0
1
3349 200
1
3350 156
1
3351 163
1
3352 91
1
3353 208
1
3354 66
0
1
3355 361
0
1
3356 104
1
3357 95
1
3358 141
0
0
1
3359 107
0
0
1
3360 186
1
3361 236
1
3362 52
0
0
1
3363 234
1
3364 63
1
3365 291
1
3366 233
1
3367 32
1
3368 340
0
1
3369 23
1
3370 285
1
3371 85
0
1
3372 164
1
3373 87
0
1
3374 111
1
3375 277
0
1
3376 194
1
3377 247
0
1
3378 237
0
1
3379 241
0
0
1
3380 92
0
1
3381 16
1
3382 46
1
3383 262
0
0
1
3384 168
1
3385 56
1
3386 355
1
3387 277
0
1
3388 306
1
3389 348
1
3390 94
0
1
3391 367
1
3392 312
1
3393 192
1
3394 70
0
1
3395 203
1
3396 254
0
0
1
3397 35
1
3398 9
1
3399 193
1
3400 281
1
3401 98
0
1
3402 313
0
0
0
0
0
0
1
3403 277
1
3404 322
0
0
1
3405 336
1
3406 320
1
3407 333
1
3408 212
0
1
3409 22
0
1
3410 234
1
3411 255
0
1
3412 302
1
3413 90
0
0
0
1
3414 91
0
1
3415 143
1
3416 190
0
0
1
3417 61
0
1
3418 135
0
1
3419 113
0
1
3420 155
0
1
3421 150
1
3422 304
1
3423 194
0
0
1
3424 36
1
3425 359
0
0
0
0
1
3426 330
1
3427 217
1
3428 120
0
0
0
1
3429 243
0
0
0
1
3430 125
1
3431 209
0
0
0
0
1
3432 188
1
3433 187
1
3434 125
1
3435 244
0
1
3436 202
0
0
1
3437 53
0
1
3438 136
1
3439 74
1
3440 26
0
1
3441 250
1
3442 118
1
3443 69
1
3444 262
0
0
0
1
3445 68
1
3446 70
1
3447 109
1
3448 13
0
0
1
3449 172
1
3450 114
1
3451 260
0
1
3452 87
1
3453 234
1
3454 353
1
3455 346
1
3456 227
1
3457 4
0
0
0
1
3458 31
1
3459 287
1
3460 310
0
0
1
3461 82
1
3462 173
1
3463 130
0
0
1
3464 87
0
1
3465 161
1
3466 186
0
0
1
3467 182
1
3468 215
1
3469 355
1
3470 211
1
3471 218
1
3472 21
1
3473 313
1
3474 319
1
3475 12
0
0
1
3476 244
1
3477 101
1
3478 37
0
1
3479 83
1
3480 32
0
1
3481 4
0
1
3482 360
1
3483 26
1
3484 194
1
3485 31
0
0
1
3486 200
1
3487 249
0
0
0
1
3488 25
0
1
3489 10
0
0
0
0
1
3490 354
0
1
3491 313
1
3492 99
0
0
1
3493 190
0
0
1
3494 275
1
3495 80
0
1
3496 263
1
3497 118
1
3498 56
0
0
0
1
3499 150
1
3500 278
0
1
3501 357
0
0
0
1
3502 8
0
0
1
3503 346
1
3504 95
0
1
3505 3
0
1
3506 335
0
0
0
0
0
0
0
0
0
1
3507 332
0
1
3508 34
0
0
0
1
3509 323
0
0
1
3510 230
1
3511 150
0
0
1
3512 60
0
0
0
0
1
3513 27
1
3514 204
1
3515 63
1
3516 265
1
3517 286
1
3518 87
1
3519 313
0
0
0
0
1
3520 29
0
0
0
1
3521 306
0
1
3522 237
0
0
0
1
3523 65
1
3524 280
1
3525 283
0
0
0
0
0
1
3526 110
0
1
3527 280
1
3528 297
1
3529 214
1
3530 351
0
1
3531 177
0
0
0
0
1
3532 284
0
1
3533 306
1
3534 74
1
3535 270
0
1
3536 288
0
0
1
3537 181
1
3538 59
0
0
1
3539 69
0
1
3540 39
1
3541 9
0
0
1
3542 157
0
1
3543 89
0
1
3544 150
0
1
3545 88
1
3546 19
0
1
3547 307
0
1
3548 164
1
3549 313
1
3550 305
1
3551 115
0
1
3552 170
0
1
3553 349
1
3554 319
0
1
3555 97
0
0
0
0
1
3556 318
0
1
3557 237
1
3558 345
1
3559 322
1
3560 153
1
3561 173
0
1
3562 123
0
0
1
3563 344
0
1
3564 282
1
3565 174
0
0
0
0
0
0
0
1
3566 20
0
1
3567 342
1
3568 210
1
3569 322
1
3570 104
1
3571 221
0
0
1
3572 206
1
3573 367
0
0
1
3574 190
1
3575 243
0
1
3576 273
1
3577 66
0
0
0
0
1
3578 225
1
3579 89
1
3580 131
0
1
3581 194
0
1
3582 291
0
0
0
0
1
3583 18
0
0
1
3584 32
0
0
1
3585 38
1
3586 88
0
0
0
1
3587 285
0
0
0
0
1
3588 157
1
3589 148
1
3590 36
1
3591 334
1
3592 251
1
3593 248
0
0
0
1
3594 332
0
0
1
3595 59
0
1
3596 136
0
0
1
3597 99
1
3598 328
0
0
1
3599 333
1
3600 70
1
3601 368
1
3602 312
1
3603 199
1
3604 156
1
3605 217
1
3606 117
1
3607 346
0
1
3608 153
1
3609 156
1
3610 136
0
1
3611 158
0
0
1
3612 252
0
1
3613 187
0
0
0
1
3614 300
0
0
0
0
0
1
3615 9
1
3616 19
0
0
1
3617 235
0
1
3618 171
0
0
0
1
3619 110
0
0
0
1
3620 26
1
3621 43
1
3622 294
0
1
3623 62
1
3624 228
1
3625 357
1
3626 123
1
3627 133
0
1
3628 38
1
3629 322
1
3630 77
0
1
3631 199
1
3632 166
0
1
3633 203
1
3634 313
0
1
3635 57
1
3636 86
0
0
1
3637 229
0
0
1
3638 168
0
0
0
1
3639 157
0
0
1
3640 342
0
0
0
1
3641 30
0
0
0
1
3642 308
1
3643 306
0
1
3644 280
1
3645 79
0
0
0
1
3646 161
1
3647 280
1
3648 235
0
0
1
3649 14
0
1
3650 134
0
0
1
3651 254
0
0
0
1
3652 319
1
3653 105
1
3654 292
0
0
0
0
1
3655 57
1
3656 252
0
0
0
0
0
1
3657 366
0
0
0
1
3658 142
1
3659 172
0
0
0
1
3660 247
0
0
0
0
1
3661 18
0
0
0
0
1
3662 39
1
3663 104
0
0
0
0
1
3664 309
1
3665 311
1
3666 177
1
3667 100
1
3668 292
1
3669 356
1
3670 182
0
1
3671 234
0
0
0
1
3672 95
1
3673 367
0
1
3674 123
1
3675 340
0
0
1
3676 42
1
3677 64
0
1
3678 271
0
0
1
3679 47
1
3680 370
1
3681 85
1
3682 49
1
3683 114
1
3684 137
0
0
1
3685 255
0
1
3686 4
0
0
0
1
3687 200
0
0
1
3688 180
0
1
3689 144
1
3690 188
1
3691 362
1
3692 241
1
3693 345
1
3694 240
1
3695 180
1
3696 147
1
3697 104
0
0
0
0
1
3698 30
1
3699 143
0
0
0
0
1
3700 153
0
1
3701 12
0
1
3702 112
1
3703 26
1
3704 185
1
3705 365
0
0
0
1
3706 217
0
1
3707 17
0
0
1
3708 317
0
1
3709 224
0
1
3710 326
1
3711 255
1
3712 214
1
3713 123
1
3714 311
0
1
3715 343
1
3716 144
0
1
3717 109
1
3718 298
1
3719 335
1
3720 252
0
0
0
0
0
1
3721 352
1
3722 316
1
3723 48
0
0
1
3724 347
0
0
1
3725 206
1
3726 141
0
0
0
0
1
3727 115
1
3728 124
0
1
3729 194
0
1
3730 49
1
3731 202
1
3732 284
0
1
3733 107
1
3734 354
0
0
1
3735 273
0
1
3736 340
1
3737 37
1
3738 222
1
3739 331
0
0
0
0
1
3740 26
1
3741 367
1
3742 21
1
3743 30
0
0
0
0
0
1
3744 60
1
3745 108
0
0
0
0
0
1
3746 365
0
1
3747 12
1
3748 129
1
3749 281
0
0
0
1
3750 171
0
1
3751 119
0
0
1
3752 90
1
3753 128
1
3754 3
0
1
3755 325
1
3756 100
1
3757 298
0
0
0
0
1
3758 85
1
3759 342
0
0
0
0
1
3760 221
1
3761 275
0
1
3762 46
0
0
0
0
1
3763 14
1
3764 334
0
0
0
1
3765 282
0
1
3766 200
0
0
0
0
0
1
3767 7
0
1
3768 222
0
1
3769 78
0
1
3770 319
1
3771 309
1
3772 207
0
0
0
0
1
3773 219
0
0
0
0
1
3774 236
0
0
0
1
3775 27
0
0
0
0
0
0
0
0
0
0
1
3776 11
0
1
3777 232
1
3778 4
1
3779 120
1
3780 342
1
3781 126
1
3782 107
0
1
3783 286
1
3784 65
1
3785 249
0
0
0
0
1
3786 271
0
1
3787 246
0
0
0
0
0
0
1
3788 233
0
0
0
0
0
0
0
0
0
0
0
0
0
0
1
3789 115
0
1
3790 46
1
3791 339
0
1
3792 201
1
3793 32
0
0
1
3794 329
1
3795 271
0
0
0
0
0
1
3796 188
1
3797 186
1
3798 238
1
3799 198
0
0
1
3800 339
0
0
0
1
3801 102
0
0
0
0
0
1
3802 288
1
3803 28
0
0
0
0
1
3804 275
0
0
1
3805 219
1
3806 142
1
3807 72
0
0
1
3808 239
0
0
0
0
1
3809 322
0
0
0
0
1
3810 11
0
1
3811 299
0
1
3812 249
1
3813 9
0
0
0
0
0
0
0
0
0
1
3814 146
1
3815 157
0
1
3816 237
1
3817 301
1
3818 241
1
3819 83
0
0
0
0
1
3820 7
0
0
0
1
3821 357
1
3822 59
0
1
3823 367
0
0
1
3824 68
0
0
1
3825 14
0
0
0
1
3826 254
1
3827 33
0
0
0
1
3828 92
0
0
1
3829 165
0
1
3830 306
1
3831 57
1
3832 212
0
0
0
0
0
0
0
0
1
3833 234
0
1
3834 82
0
0
0
1
3835 166
0
1
3836 12
1
3837 302
0
0
0
0
0
0
0
1
3838 118
1
3839 94
1
3840 14
0
0
1
3841 137
1
3842 190
0
0
0
1
3843 190
0
1
3844 246
0
0
1
3845 51
1
3846 353
1
3847 92
0
1
3848 306
0
0
1
3849 318
0
0
0
1
3850 149
0
0
1
3851 189
1
3852 311
0
0
0
0
1
3853 234
0
0
0
0
1
3854 355
0
0
1
3855 29
0
1
3856 328
0
0
1
3857 94
0
0
0
1
3858 127
0
1
3859 215
1
3860 267
1
3861 301
0
1
3862 325
0
1
3863 323
0
0
0
1
3864 84
1
3865 173
1
3866 108
0
1
3867 276
1
3868 264
0
1
3869 38
1
3870 30
1
3871 26
1
3872 252
0
1
3873 118
0
0
0
0
0
0
0
1
3874 353
1
3875 22
0
1
3876 249
0
0
0
0
0
0
1
3877 42
1
3878 248
0
0
0
0
1
3879 354
1
3880 112
0
0
0
1
3881 65
1
3882 84
0
1
3883 2
1
3884 261
1
3885 270
0
1
3886 311
1
3887 122
0
0
0
0
0
0
0
0
0
1
3888 100
0
0
0
1
3889 136
0
0
0
1
3890 300
0
1
3891 63
0
1
3892 231
1
3893 97
0
1
3894 222
1
3895 203
1
3896 10
0
1
3897 323
0
1
3898 75
0
1
3899 335
0
0
0
0
1
3900 322
0
0
0
0
0
1
3901 207
0
0
0
0
0
1
3902 21
1
3903 364
0
1
3904 178
0
1
3905 98
0
1
3906 194
1
3907 68
1
3908 140
1
3909 359
0
1
3910 267
1
3911 38
1
3912 209
1
3913 255
0
0
1
3914 244
1
3915 118
0
0
0
1
3916 39
0
1
3917 140
1
3918 190
0
1
3919 17
0
1
3920 222
1
3921 256
0
0
0
1
3922 12
1
3923 77
1
3924 82
1
3925 44
1
3926 343
0
1
3927 365
0
1
3928 94
1
3929 146
1
3930 125
0
0
0
1
3931 353
0
0
1
3932 12
1
3933 265
1
3934 149
0
1
3935 5
0
1
3936 200
0
1
3937 174
0
1
3938 200
1
3939 294
0
0
1
3940 89
1
3941 244
0
0
1
3942 91
0
0
0
1
3943 214
0
0
0
0
1
3944 123
1
3945 56
1
3946 266
1
3947 78
1
3948 198
1
3949 160
0
0
1
3950 171
1
3951 200
0
1
3952 193
1
3953 88
0
1
3954 289
1
3955 212
0
0
1
3956 175
1
3957 156
1
3958 80
1
3959 230
0
0
1
3960 228
1
3961 343
0
0
1
3962 55
0
1
3963 341
0
1
3964 69
0
1
3965 15
1
3966 127
0
0
0
0
0
0
0
0
1
3967 182
1
3968 270
0
1
3969 244
0
1
3970 262
0
0
0
0
0
0
0
0
0
0
1
3971 102
1
3972 120
1
3973 180
1
3974 130
1
3975 10
0
1
3976 349
0
0
0
1
3977 292
0
0
1
3978 20
1
3979 332
0
1
3980 56
0
0
1
3981 289
1
3982 297
0
0
1
3983 107
1
3984 181
1
3985 311
1
3986 342
1
3987 84
0
1
3988 133
1
3989 231
1
3990 117
0
0
0
1
3991 131
0
1
3992 304
1
3993 224
0
0
1
3994 107
1
3995 59
1
3996 362
0
0
0
0
0
0
0
0
1
3997 170
0
0
0
0
0
1
3998 272
1
3999 87
0
0
1
4000 188
1
4001 205
1
4002 200
0
0
0
1
4003 97
0
0
0
1
4004 69
0
1
4005 234
0
0
0
0
0
0
0
0
1
4006 316
1
4007 365
0
0
1
4008 64
0
0
1
4009 141
1
4010 176
0
1
4011 10
0
0
1
4012 333
0
0
0
0
1
4013 16
0
0
0
0
1
4014 306
0
0
0
1
4015 281
0
0
1
4016 73
0
0
0
0
0
1
4017 267
0
0
0
1
4018 26
1
4019 103
1
4020 163
1
4021 201
0
0
1
4022 282
1
4023 284
0
0
0
1
4024 12
0
0
1
4025 352
0
0
0
1
4026 309
1
4027 153
0
0
0
0
0
1
4028 301
0
0
1
4029 288
0
1
4030 364
1
4031 149
1
4032 126
0
0
1
4033 176
1
4034 183
0
0
0
1
4035 331
0
0
0
0
0
0
0
0
1
4036 235
0
1
4037 185
1
4038 200
1
4039 229
0
0
1
4040 149
1
4041 214
0
0
0
1
4042 29
1
4043 347
0
0
0
0
0
0
0
1
4044 47
1
4045 84
0
1
4046 222
0
0
0
0
0
1
4047 351
0
0
0
0
0
0
1
4048 351
0
0
0
0
1
4049 224
0
0
0
0
0
0
0
0
0
1
4050 36
1
4051 297
1
4052 297
1
4053 292
1
4054 346
1
4055 54
0
0
0
1
4056 2
0
0
1
4057 102
1
4058 76
1
4059 139
0
0
0
0
0
0
0
0
0
0
0
0
0
1
4060 336
1
4061 177
0
0
1
4062 309
1
4063 100
1
4064 134
0
1
4065 140
0
0
0
0
0
1
4066 195
0
0
1
4067 279
1
4068 281
1
4069 227
1
4070 153
0
0
1
4071 97
0
0
0
0
1
4072 160
1
4073 207
0
0
1
4074 175
0
0
0
0
0
0
0
0
0
1
4075 40
0
0
0
0
0
1
4076 102
1
4077 244
1
4078 243
0
0
0
1
4079 359
0
0
1
4080 173
1
4081 99
0
0
0
0
0
0
0
0
0
1
4082 284
0
0
0
1
4083 286
0
0
0
0
1
4084 64
0
0
0
0
0
1
4085 333
0
0
1
4086 10
1
4087 318
1
4088 165
0
1
4089 273
1
4090 238
0
0
0
1
4091 336
1
4092 334
0
1
4093 226
0
1
4094 262
0
1
4095 31
1
4096 194
1
4097 55
0
0
0
1
4098 45
0
1
4099 325
0
0
0
1
4100 73
1
4101 196
0
0
0
1
4102 203
1
4103 113
1
4104 251
0
1
4105 248
1
4106 123
1
4107 147
1
4108 253
0
1
4109 157
1
4110 294
1
4111 247
1
4112 364
0
0
1
4113 259
1
4114 22
0
0
1
4115 188
0
0
0
0
0
0
0
0
0
0
1
4116 268
0
1
4117 211
1
4118 218
0
1
4119 131
1
4120 117
1
4121 284
0
0
0
1
4122 223
0
0
0
0
1
4123 80
0
0
0
1
4124 341
0
1
4125 149
1
4126 79
0
0
1
4127 179
0
1
4128 15
0
0
0
0
0
1
4129 107
1
4130 219
0
1
4131 133
0
1
4132 94
0
0
0
1
4133 235
1
4134 57
0
1
4135 304
0
0
0
0
0
0
0
0
1
4136 181
0
0
0
0
0
0
0
1
4137 355
1
4138 199
0
1
4139 277
1
4140 279
0
0
0
0
0
0
0
0
0
0
0
0
0
1
4141 88
1
4142 80
0
0
1
4143 354
0
1
4144 151
1
4145 195
0
0
0
0
0
1
4146 204
0
1
4147 266
0
1
4148 172
0
0
0
0
0
0
0
0
0
1
4149 340
1
4150 96
1
4151 49
0
1
4152 71
0
0
0
0
0
0
0
0
0
0
1
4153 19
0
1
4154 115
0
0
0
0
1
4155 209
1
4156 69
0
0
0
0
0
0
1
4157 246
0
0
0
0
1
4158 30
0
0
0
1
4159 64
0
0
0
1
4160 169
1
4161 104
0
0
0
0
0
0
0
1
4162 168
0
0
0
0
0
0
0
0
0
0
0
1
4163 130
0
1
4164 14
0
0
0
0
1
4165 338
0
0
1
4166 302
1
4167 268
0
0
0
1
4168 173
1
4169 194
0
0
0
1
4170 67
0
0
0
1
4171 107
0
1
4172 265
0
1
4173 233
0
0
1
4174 2
0
1
4175 286
0
1
4176 161
1
4177 191
0
0
0
0
0
0
0
0
0
1
4178 342
1
4179 334
0
0
0
1
4180 275
0
0
0
0
1
4181 345
1
4182 320
0
0
0
0
0
1
4183 39
1
4184 294
0
0
1
4185 146
0
1
4186 333
0
1
4187 217
0
0
0
1
4188 314
1
4189 240
1
4190 32
0
0
0
1
4191 123
0
0
1
4192 78
1
4193 268
0
0
0
0
0
0
0
0
1
4194 244
0
0
0
1
4195 40
0
0
1
4196 315
1
4197 40
0
0
0
0
1
4198 228
0
0
1
4199 365
0
1
4200 344
0
0
0
0
0
0
0
0
1
4201 204
0
0
0
1
4202 274
0
0
0
1
4203 27
0
0
0
0
1
4204 283
0
0
1
4205 65
1
4206 7
0
0
0
0
1
4207 263
0
0
0
1
4208 15
0
0
1
4209 276
1
4210 36
0
0
0
1
4211 61
1
4212 211
0
1
4213 257
1
4214 54
1
4215 85
1
4216 169
0
0
0
0
1
4217 101
1
4218 127
1
4219 92
1
4220 127
0
0
0
1
4221 83
0
0
1
4222 70
0
0
1
4223 261
0
1
4224 336
0
1
4225 244
1
4226 172
0
0
0
0
1
4227 82
0
1
4228 289
0
0
0
1
4229 23
0
1
4230 36
0
1
4231 51
1
4232 214
0
0
1
4233 237
1
4234 285
1
4235 3
1
4236 369
1
4237 163
0
1
4238 26
0
0
1
4239 310
0
0
0
0
1
4240 81
0
0
0
0
0
0
1
4241 61
1
4242 367
0
0
0
0
0
0
1
4243 133
0
0
1
4244 200
1
4245 234
0
0
1
4246 168
1
4247 313
0
1
4248 68
0
0
0
0
1
4249 149
1
4250 226
1
4251 20
0
0
1
4252 307
0
0
0
0
0
0
0
0
1
4253 129
0
0
0
0
0
1
4254 219
1
4255 124
1
4256 74
1
4257 190
0
1
4258 260
0
1
4259 100
1
4260 351
1
4261 147
0
0
0
0
0
1
4262 34
0
0
1
4263 115
0
0
0
0
0
0
0
0
0
0
1
4264 272
0
1
4265 87
0
1
4266 203
0
0
0
0
1
4267 95
0
0
1
4268 325
0
0
0
0
0
0
0
0
1
4269 135
1
4270 34
0
1
4271 339
1
4272 74
0
0
1
4273 18
0
0
0
0
0
0
1
4274 330
1
4275 250
0
0
0
0
0
0
0
0
1
4276 112
0
0
0
0
1
4277 153
0
0
0
1
4278 183
0
1
4279 212
0
0
0
0
0
0
1
4280 91
1
4281 92
1
4282 338
1
4283 44
0
1
4284 272
1
4285 141
0
1
4286 315
0
0
1
4287 236
1
4288 159
1
4289 263
1
4290 267
0
1
4291 149
0
0
0
0
0
0
1
4292 41
1
4293 148
0
0
0
1
4294 243
0
0
0
0
0
1
4295 32
0
0
1
4296 326
0
0
0
0
0
0
0
0
1
4297 127
1
4298 302
0
0
1
4299 240
0
0
0
0
1
4300 289
0
1
4301 50
1
4302 358
1
4303 130
0
1
4304 355
1
4305 31
1
4306 104
0
0
0
0
0
0
0
0
0
0
0
0
0
1
4307 353
0
0
1
4308 114
0
1
4309 320
0
1
4310 125
0
0
1
4311 331
1
4312 220
0
0
1
4313 29
0
0
1
4314 363
1
4315 115
0
1
4316 280
0
0
1
4317 129
1
4318 14
1
4319 369
0
0
0
0
1
4320 185
0
0
0
0
0
0
0
0
0
0
0
1
4321 162
0
1
4322 82
1
4323 286
0
0
0
1
4324 351
0
0
0
1
4325 25
0
1
4326 196
0
1
4327 115
0
0
1
4328 171
0
0
0
0
1
4329 74
1
4330 367
0
0
0
1
4331 166
0
0
0
1
4332 138
1
4333 284
0
0
1
4334 62
1
4335 227
0
0
1
4336 154
0
0
0
1
4337 297
0
1
4338 293
1
4339 280
1
4340 52
0
0
1
4341 159
0
0
0
0
0
0
0
1
4342 313
0
0
0
1
4343 55
1
4344 117
0
0
1
4345 331
0
0
1
4346 358
0
0
0
0
0
0
0
0
0
0
0
0
1
4347 188
0
0
0
0
1
4348 213
1
4349 65
0
0
1
4350 168
1
4351 121
0
0
1
4352 272
1
4353 167
0
0
0
0
0
0
0
1
4354 205
0
1
4355 178
0
0
1
4356 274
1
4357 186
1
4358 77
0
0
1
4359 110
0
1
4360 285
0
0
0
0
0
0
0
1
4361 330
0
0
0
0
0
1
4362 53
0
1
4363 329
0
0
0
0
0
0
0
0
1
4364 18
0
0
1
4365 180
0
1
4366 6
0
0
0
0
0
0
0
1
4367 187
1
4368 26
0
1
4369 291
0
1
4370 63
0
0
0
1
4371 20
0
1
4372 351
1
4373 181
0
0
1
4374 157
0
1
4375 345
0
1
4376 48
1
4377 116
1
4378 242
0
0
0
0
1
4379 214
0
1
4380 44
0
0
0
0
0
0
1
4381 371
0
0
1
4382 192
0
0
0
0
0
0
1
4383 165
0
0
0
0
0
0
0
0
0
0
0
0
0
0
0
0
0
0
1
4384 224
0
0
0
1
4385 365
0
0
1
4386 268
0
1
4387 182
0
1
4388 240
1
4389 207
0
0
1
4390 140
0
0
0
0
0
0
0
1
4391 346
0
0
0
0
1
4392 208
0
0
1
4393 95
1
4394 327
0
0
0
0
0
0
1
4395 22
0
0
0
0
1
4396 277
0
0
1
4397 131
0
1
4398 23
0
0
0
0
1
4399 207
0
0
0
1
4400 219
1
4401 306
0
1
4402 21
1
4403 38
1
4404 117
1
4405 119
0
0
0
0
0
0
0
0
0
1
4406 240
0
0
1
4407 184
0
1
4408 101
0
1
4409 192
0
0
0
0
0
0
1
4410 39
1
4411 45
0
0
0
0
0
0
1
4412 348
0
1
4413 284
0
0
0
0
0
0
0
0
0
0
1
4414 334
1
4415 249
0
0
0
0
1
4416 338
0
0
1
4417 355
0
0
0
1
4418 222
1
4419 228
0
0
1
4420 273
0
0
0
0
1
4421 35
1
4422 23
0
1
4423 181
0
1
4424 341
1
4425 249
0
1
4426 10
0
0
0
0
0
0
0
1
4427 59
0
0
0
0
0
0
1
4428 181
0
0
0
0
1
4429 296
1
4430 188
0
0
1
4431 200
0
0
0
1
4432 244
0
0
0
0
0
0
0
1
4433 26
0
0
1
4434 84
1
4435 204
0
0
1
4436 45
1
4437 147
0
1
4438 27
0
0
0
0
0
0
0
0
0
0
0
1
4439 250
0
1
4440 190
1
4441 47
0
0
0
1
4442 37
0
1
4443 169
0
0
0
0
0
0
0
0
0
0
1
4444 133
0
0
0
0
0
0
1
4445 319
0
0
1
4446 69
1
4447 172
0
0
0
0
0
0
0
0
0
0
1
4448 106
0
0
1
4449 218
0
0
0
0
0
0
0
0
0
1
4450 63
0
0
0
0
0
0
0
0
1
4451 77
0
1
4452 83
0
1
4453 19
0
0
0
0
0
1
4454 65
0
1
4455 200
0
0
0
0
0
1
4456 310
1
4457 23
0
0
0
0
0
0
1
4458 106
0
0
1
4459 296
0
0
0
0
1
4460 89
1
4461 276
1
4462 253
0
0
1
4463 84
0
0
0
0
0
0
0
0
0
0
1
4464 264
0
1
4465 60
0
1
4466 174
0
0
0
1
4467 278
0
0
1
4468 342
0
0
0
0
0
0
1
4469 261
0
1
4470 148
0
0
0
1
4471 335
0
1
4472 312
0
0
0
0
0
0
1
4473 306
0
0
0
0
0
0
0
0
0
1
4474 67
1
4475 332
0
0
0
0
0
0
0
1
4476 82
0
0
0
0
1
4477 362
0
0
0
0
1
4478 329
0
0
1
4479 361
0
1
4480 264
0
0
0
0
1
4481 201
0
1
4482 32
0
0
0
0
0
0
0
0
0
0
0
0
1
4483 21
0
0
0
0
0
1
4484 343
0
1
4485 152
0
1
4486 171
0
0
0
0
1
4487 270
0
1
4488 327
0
0
0
0
1
4489 8
0
1
4490 230
0
0
1
4491 96
0
0
0
0
0
0
1
4492 164
0
1
4493 280
0
0
0
0
1
4494 312
0
0
0
0
0
1
4495 156
0
0
0
1
4496 11
0
0
1
4497 196
0
1
4498 235
1
4499 115
0
1
4500 96
0
0
0
1
4501 288
0
0
1
4502 345
0
1
4503 298
0
1
4504 183
0
0
0
0
0
0
0
0
0
0
0
1
4505 79
0
0
0
1
4506 129
0
0
0
1
4507 5
0
0
0
0
0
1
4508 281
0
0
0
0
0
0
0
1
4509 188
1
4510 109
0
0
0
0
0
0
1
4511 286
0
0
1
4512 313
0
0
0
1
4513 148
0
0
0
0
0
0
0
0
0
0
0
0
0
1
4514 317
0
0
1
4515 86
0
0
0
0
0
0
0
1
4516 126
0
0
0
1
4517 122
1
4518 156
0
0
0
1
4519 94
0
0
0
0
0
0
0
1
4520 107
0
0
0
0
0
1
4521 242
0
0
1
4522 151
1
4523 235
0
0
0
0
0
1
4524 269
0
0
0
0
0
0
0
1
4525 206
1
4526 367
0
0
0
0
0
1
4527 186
0
0
0
0
0
0
1
4528 92
0
0
0
0
1
4529 32
0
0
0
0
0
0
0
0
0
0
0
0
0
1
4530 123
0
0
0
0
0
0
0
0
0
0
0
1
4531 165
0
0
0
0
0
0
0
0
0
1
4532 53
0
0
1
4533 343
0
1
4534 332
0
0
0
1
4535 237
1
4536 10
0
0
0
0
0
1
4537 268
0
0
1
4538 85
1
4539 262
0
0
0
0
1
4540 43
0
1
4541 100
0
1
4542 214
0
0
0
0
0
0
1
4543 53
0
0
0
0
1
4544 210
0
0
0
0
0
0
0
0
0
0
1
4545 165
0
0
0
0
1
4546 102
0
0
0
0
0
1
4547 14
0
0
0
1
4548 239
0
0
0
0
0
0
0
0
0
0
1
4549 309
1
4550 200
0
0
0
0
1
4551 54
0
0
0
1
4552 57
0
0
0
0
0
0
0
0
0
0
0
0
0
1
4553 200
1
4554 181
1
4555 58
0
1
4556 63
0
0
0
1
4557 194
0
0
0
1
4558 229
1
4559 346
0
1
4560 167
1
4561 330
0
0
0
0
0
1
4562 85
0
1
4563 130
0
0
0
0
0
0
1
4564 201
1
4565 69
0
0
0
0
0
0
1
4566 152
0
0
0
0
0
1
4567 117
0
0
0
0
0
0
0
0
0
0
1
4568 308
0
0
0
0
0
0
0
0
0
0
1
4569 38
0
0
0
1
4570 40
0
0
0
0
1
4571 350
0
0
0
0
0
0
0
1
4572 105
0
0
0
0
0
0
0
0
0
0
0
0
0
0
0
0
0
0
0
1
4573 284
0
0
0
0
1
4574 229
0
0
0
0
0
0
0
1
4575 289
0
0
0
0
0
0
0
0
0
1
4576 242
0
0
0
0
0
0
1
4577 308
1
4578 226
0
0
0
0
1
4579 190
0
1
4580 153
0
0
0
0
0
1
4581 138
1
4582 276
1
4583 21
0
1
4584 313
1
4585 18
0
0
0
1
4586 49
0
0
0
0
0
0
0
0
0
0
0
0
0
0
0
1
4587 141
0
0
0
0
0
1
4588 18
0
0
1
4589 360
1
4590 6
0
0
0
0
0
0
0
1
4591 41
0
0
1
4592 302
0
1
4593 262
0
0
0
0
0
0
0
0
0
1
4594 259
0
0
1
4595 333
0
0
0
0
1
4596 115
0
0
0
1
4597 115
0
0
0
0
0
1
4598 215
0
0
1
4599 88
0
0
0
1
4600 342
0
0
0
0
1
4601 274
0
0
0
0
0
0
0
0
0
1
4602 281
0
1
4603 175
0
0
0
1
4604 122
0
0
1
4605 297
0
0
0
1
4606 115
1
4607 85
0
0
0
0
1
4608 65
0
0
0
0
1
4609 156
0
0
0
0
0
0
1
4610 199
1
4611 126
0
0
0
0
0
0
0
0
0
0
1
4612 234
0
0
1
4613 35
0
0
0
0
1
4614 353
0
0
0
0
0
0
1
4615 116
0
0
0
0
1
4616 14
0
0
0
0
0
0
1
4617 229
0
0
0
0
0
0
0
0
0
0
0
0
0
1
4618 195
0
0
0
0
0
0
0
0
0
1
4619 314
0
0
0
0
0
0
0
0
0
0
0
1
4620 289
0
0
0
0
0
0
0
0
0
0
0
0
0
0
0
0
0
0
0
0
0
0
0
0
0
0
0
0
0
0
1
4621 107
0
0
0
0
0
0
0
0
0
0
0
0
1
4622 70
0
0
0
0
0
0
0
0
0
0
0
0
0
0
0
0
0
0
0
0
0
0
0
0
0
1
4623 284
0
0
0
0
1
4624 240
1
4625 199
1
4626 332
1
4627 342
0
0
0
0
1
4628 355
0
0
1
4629 246
0
0
0
0
1
4630 80
0
1
4631 25
0
1
4632 78
0
0
0
0
0
0
0
0
0
0
0
0
1
4633 327
0
0
0
0
0
0
0
0
0
0
0
0
0
1
4634 205
0
0
0
0
0
0
0
0
0
0
0
1
4635 225
0
0
0
0
0
0
0
0
0
0
0
0
0
0
0
0
0
0
0
0
0
0
0
0
0
0
0
0
0
0
0
0
0
1
4636 310
1
4637 37
0
0
0
0
1
4638 347
0
0
0
0
1
4639 183
0
0
0
0
1
4640 83
0
0
0
0
0
0
0
0
0
0
0
1
4641 10
0
0
0
0
0
0
0
0
0
0
0
1
4642 333
0
1
4643 270
0
0
1
4644 46
0
0
0
1
4645 157
0
0
0
1
4646 12
0
0
0
0
0
0
0
0
0
0
0
0
0
0
0
0
0
0
1
4647 185
0
0
0
0
1
4648 135
0
0
0
1
4649 295
0
0
0
0
0
1
4650 273
0
0
0
0
0
0
0
0
0
0
0
0
0
0
0
0
0
1
4651 179
0
0
0
0
0
0
0
0
0
1
4652 292
0
0
0
0
0
0
0
0
0
0
0
0
0
0
0
0
0
0
0
0
0
0
0
0
0
0
0
0
0
0
0
0
0
0
1
4653 323
0
1
4654 223
0
0
0
0
1
4655 262
0
0
0
0
0
0
0
0
0
0
0
0
0
0
0
0
1
4656 248
0
0
0
0
0
1
4657 333
0
0
0
0
0
0
0
0
0
0
0
0
0
0
0
0
0
0
0
0
0
0
0
0
0
0
0
1
4658 238
0
0
0
0
0
1
4659 275
0
0
0
0
0
0
0
0
0
0
0
0
0
0
0
0
0
0
0
0
0
0
0
0
0
0
0
0
1
4660 18
0
0
0
0
0
0
0
0
0
0
0
0
0
0
0
1
4661 69
0
0
1
4662 144
0
0
0
0
1
4663 19
0
0
0
1
4664 242
1
4665 370
0
0
0
0
0
0
0
0
0
0
0
0
0
1
4666 146
0
0
0
0
0
0
0
0
0
0
0
0
0
0
0
0
0
0
0
0
0
1
4667 78
0
0
0
0
0
0
0
0
0
0
0
0
0
1
4668 217
0
1
4669 369
1
4670 66
0
0
0
0
0
0
0
0
0
0
0
0
0
0
1
4671 131
0
0
0
0
0
0
0
0
1
4672 146
0
1
4673 251
0
0
0
0
0
0
0
0
0
0
0
0
0
0
0
0
0
0
0
1
4674 34
0
0
0
0
0
0
0
0
0
0
0
0
0
0
1
4675 134
0
0
0
0
0
0
0
0
0
0
0
0
0
0
0
0
0
0
0
0
0
0
1
4676 262
0
0
0
0
0
0
0
0
0
1
4677 261
0
0
0
0
0
0
0
0
0
0
0
0
0
0
0
0
0
0
0
0
0
0
0
0
0
0
0
0
0
0
0
1
4678 205
0
0
0
0
0
0
0
0
0
0
0
0
0
1
4679 38
0
0
0
0
0
0
0
0
1
4680 249
0
0
0
0
0
0
0
0
0
0
0
0
0
0
0
0
0
0
0
1
4681 177
0
0
0
0
0
0
0
0
0
0
0
0
0
0
0
0
0
0
0
0
0
0
0
0
0
0
0
0
0
0
0
0
1
4682 344
0
0
0
0
0
0
0
1
4683 236
0
0
0
0
0
0
0
1
4684 103
0
0
0
0
0
0
0
1
4685 16
0
0
0
1
4686 201
0
0
0
0
0
0
0
0
0
0
0
0
0
1
4687 80
0
0
0
1
4688 322
0
0
0
0
0
0
0
0
0
1
4689 201
0
0
0
0
0
0
0
0
0
0
0
0
1
4690 180
0
0
0
0
0
0
0
0
0
0
0
0
0
0
0
0
0
0
0
0
0
0
0
0
0
0
0
1
4691 236
0
0
0
1
4692 97
0
0
0
1
4693 65
0
0
0
0
1
4694 161
0
0
0
0
0
0
0
0
0
0
0
0
0
0
0
0
1
4695 266
0
0
0
0
0
0
0
0
0
0
0
1
4696 239
0
0
0
0
0
0
0
0
0
0
0
0
0
0
0
1
4697 104
0
0
0
0
0
0
0
0
0
0
0
0
0
0
0
0
0
0
0
0
0
0
0
0
0
0
0
0
0
0
1
4698 146
0
0
0
0
1
4699 164
0
0
0
0
0
0
0
0
0
0
0
0
0
0
0
0
0
1
4700 347
0
0
0
0
0
0
0
0
1
4701 111
0
0
0
0
0
0
0
0
0
0
0
1
4702 240
0
0
0
0
0
0
0
0
0
0
0
0
0
0
0
0
0
0
1
4703 288
0
0
0
0
0
0
0
0
0
0
0
0
0
0
0
0
0
1
4704 197
0
0
0
0
0
0
0
0
0
0
0
0
0
0
0
0
0
0
0
0
0
0
0
0
0
0
0
0
0
0
0
0
0
0
0
0
0
0
0
0
0
0
0
0
0
0
0
0
0
0
0
0
0
0
1
4705 297
0
0
0
0
0
0
0
0
0
0
0
0
0
0
0
0
0
0
0
0
0
0
0
0
1
4706 316
0
1
4707 117
0
0
0
0
0
0
0
0
0
0
0
1
4708 190
0
0
0
0
0
0
0
0
0
0
0
0
0
0
0
0
0
0
1
4709 262
0
0
0
1
4710 325
0
0
0
0
0
0
0
0
0
0
0
0
0
0
0
0
0
0
0
0
0
0
0
0
0
0
0
0
0
0
0
0
0
0
0
0
0
0
0
0
0
0
0
0
0
0
0
0
1
4711 148
0
1
4712 238
0
0
0
0
0
0
0
0
0
0
0
0
0
0
0
0
0
0
0
0
0
0
0
0
0
0
0
0
0
0
0
0
0
0
0
0
0
0
0
0
0
0
0
0
0
0
0
0
0
0
0
0
0
0
0
0
0
0
0
0
0
0
0
0
0
0
0
0
0
0
0
0
0
0
0
0
0
0
0
0
0
0
0
0
0
0
0
0
0
1
4713 125
0
0
0
1
4714 328
0
0
0
0
0
0
0
0
0
0
0
0
0
0
0
0
0
0
0
0
0
0
0
0
0
0
0
0
0
0
0
0
0
0
0
0
0
0
0
0
0
0
0
0
0
0
0
0
0
0
0
0
0
0
0
0
0
0
0
0
0
0
0
0
0
1
4715 53
0
0
0
0
0
0
0
0
0
0
0
0
0
0
0
0
0
0
0
0
0
0
0
0
0
0
0
0
0
0
0
0
0
1
4716 250
0
0
0
0
0
0
0
0
0
0
0
0
0
0
0
0
0
0
0
0
0
0
0
0
0
0
0
0
0
0
0
0
0
0
0
0
0
0
0
0
0
0
0
0
0
0
0
0
0
0
0
0
0
0
0
0
0
0
0
0
0
0
0
0
0
0
0
0
0
0
0
0
0
0
0
0
0
0
0
0
0
0
0
0
0
0
0
0
0
0
0
0
0
0
0
0
0
0
0
0
0
0
0
0
0
0
0
0
0
0
0
0
0
0
0
0
0
0
0
0
0
0
0
0
0
0
0
0
0
0
0
0
0
0
0
0
0
0
0
0
0
0
0
0
0
0
0
0
0
0
0
0
0
0
0
0
0
0
0
0
0
0
0
0
0
0
0
0
0
0
0
0
0
0
0
0
0
0
0
0
0
0
0
0
0
0
0
0
0
0
0
0
0
0
0
0
0
0
0
0
0
0
0
0
0
0
0
0
0
0
0
0
0
0
0
0
0
0
0
0
0
0
0
0
0
0
0
0
0
0
0
0
0
0
0
0
0
0
0
0
0
0
0
0
0
0
0
0
0
0
0
0
0
0
0
0
0
0
0
0
0
0
0
0
0
0
0
0
0
0
0
0
0
0
0
0
0
0
0
0
0
0
0
0
0
0
0
0
0
0
0
0
0
0
0
0
0
0
0
0
0
0
0
0
0
0
0
0
0
0
0
0
0
0
0
0
0
0
0
0
0
0
0
0
0
0
0
0
0
0
0
0
0
0
0
0
0
0
0
0
0
0
0
0
0
0
0
0
0
0
0
0
0
0
0
0
0
0
0
0
0
0
0
0
0
0
0
0
0
0
0
0
0
0
0
0
0
0
0
0
0
0
0
0
0
0
0
0
0
0
0
0
0
0
0
0
0
0
0
0
0
0
0
0
0
0
0
0
0
0
0
0
0
0
0
0
0
0
0
0
0
0
0
0
0
0
0
0
0
0
0
0
0
0
0
0
0
0
0
0
0
0
0
0
0
0
0
0
0
0
0
0
0
0
0
0
0
0
0
0
0
0
0
0
0
0
0
0
0
0
0
0
0
0
0
0
0
0
0
0
0
0
0
0
0
0
0
0
0
0
0
0
0
0
0
0
0
0
0
0
0
0
0
0
0
0
0
0
0
0
0
0
0
0
0
0
0
0
0
0
0
0
0
0
0
0
0
0
0
0
0
0
0
0
0
0
0
0
0
0
0
0
0
0
0
0
0
0
0
0
0
0
0
0
0
0
0
0
0
0
0
0
0
0
0
0
0
0
0
0
0
0
0
0
0
0
0
0
0
0
0
0
0
0
0
0
0
0
