251 447
32 30 4
6 230 3
78 86 2
250 103 2
20 106 2
26 142 2
216 175 3
68 116 3
84 173 3
238 125 4
47 26 3
60 127 4
175 18 3
110 211 2
15 211 2
123 33 3
127 19 4
220 217 3
146 168 2
95 49 4
205 75 4
206 19 3
72 151 3
226 169 2
229 195 3
10 112 2
43 73 3
37 45 3
47 142 2
147 111 2
164 84 5
227 246 2
173 8 2
40 104 2
246 67 4
220 153 3
180 11 4
91 95 2
119 158 2
213 23 4
66 139 3
103 120 4
93 178 4
221 113 3
107 132 4
219 163 2
189 102 4
9 87 3
134 148 4
225 166 4
69 188 3
31 181 3
152 188 4
8 222 2
71 242 5
144 236 3
126 93 3
139 20 3
193 235 3
42 131 3
77 155 4
95 44 3
145 218 4
163 237 4
187 15 5
2 82 3
65 189 2
247 45 2
134 76 3
122 165 4
97 135 6
27 122 5
8 98 2
35 74 3
181 28 4
148 207 5
57 171 3
147 155 3
123 132 3
222 84 2
9 128 4
55 74 3
68 189 2
209 4 3
7 160 5
83 5 3
118 192 5
16 158 4
162 61 2
1 104 3
159 99 5
76 93 4
206 219 5
80 66 3
187 204 3
234 17 3
251 209 3
166 235 1
209 236 3
177 205 3
63 226 3
3 209 4
237 131 5
58 88 4
214 138 3
116 186 3
56 114 3
89 196 5
157 219 4
88 201 4
97 182 4
192 201 3
243 159 3
239 136 3
70 50 4
151 223 5
39 77 2
238 165 3
185 183 2
248 124 3
146 237 2
61 185 4
80 106 3
81 146 3
41 163 2
189 116 4
19 178 3
140 192 3
226 21 4
30 38 4
53 108 3
2 200 3
60 153 4
79 180 6
116 65 1
66 106 4
56 229 4
4 95 3
1 129 2
186 14 3
51 96 4
135 90 2
48 16 4
22 217 3
2 134 2
245 204 3
202 129 3
22 181 4
205 169 4
141 202 4
102 151 4
54 128 4
141 114 3
54 228 3
38 172 2
92 231 2
12 158 3
234 203 2
38 223 3
49 27 4
150 203 4
167 190 3
33 194 3
212 197 3
207 138 3
186 62 4
61 158 3
246 46 2
98 164 3
143 190 5
145 27 3
194 39 4
110 203 4
17 105 2
149 105 3
157 41 2
120 225 3
154 12 3
248 101 4
107 89 3
184 86 4
215 177 4
241 74 3
197 82 2
244 99 3
68 223 4
241 129 3
150 224 1
91 4 3
55 59 4
38 72 3
48 108 4
63 227 3
176 11 5
33 239 4
180 222 2
199 184 3
208 249 3
121 249 4
168 81 1
24 171 3
125 122 3
113 64 5
32 72 3
85 248 3
17 110 3
32 36 5
137 197 4
12 61 3
94 82 4
137 94 2
57 24 3
242 51 3
241 1 3
9 210 4
130 56 3
133 119 5
115 184 3
57 10 2
73 168 2
157 163 4
23 130 3
207 172 3
215 144 3
170 39 3
213 179 3
190 19 3
113 104 3
40 55 3
10 171 2
118 41 3
107 69 3
80 149 3
196 69 3
197 200 3
232 112 4
35 248 4
242 92 3
218 89 2
152 147 3
150 234 2
221 24 3
240 80 4
233 250 3
224 105 3
87 43 2
63 46 2
3 204 5
216 115 4
207 223 3
167 78 3
8 11 2
6 100 3
224 66 4
162 154 2
64 171 3
185 16 4
250 182 5
162 164 5
128 231 4
65 14 3
182 196 4
173 98 1
52 205 3
145 225 3
52 177 2
187 3 2
117 170 3
198 21 3
156 50 2
90 250 1
200 214 5
64 221 3
75 94 5
154 14 3
83 178 3
43 210 5
169 75 2
200 134 4
174 156 3
240 149 4
195 101 3
161 120 3
117 211 4
34 85 4
62 164 6
235 120 2
165 225 5
1 202 2
202 114 5
198 215 2
212 227 3
175 143 3
184 18 3
23 56 5
187 170 2
194 136 3
235 145 5
191 125 3
124 34 3
29 118 3
58 208 5
232 45 4
218 233 4
26 36 4
76 126 3
58 201 3
167 127 3
50 31 3
241 104 2
139 106 4
213 101 4
214 212 3
70 174 2
46 227 2
159 156 3
146 25 3
48 185 3
96 42 3
86 199 2
40 241 2
84 8 3
210 231 4
234 224 2
83 206 3
181 70 3
36 244 3
195 23 4
138 119 3
244 142 3
192 52 4
57 208 2
41 25 3
135 250 4
166 161 3
21 144 5
136 149 4
121 37 4
34 59 3
6 160 2
238 122 4
29 157 4
172 216 2
152 123 3
57 112 3
99 174 3
3 109 3
110 15 3
91 44 2
228 153 3
236 245 3
143 93 3
191 160 3
18 143 2
25 237 3
4 236 3
126 175 3
28 86 4
108 16 3
96 130 3
233 90 2
13 5 1
12 162 2
52 140 3
102 65 2
83 13 4
103 161 3
5 94 3
71 73 3
141 58 3
198 177 2
239 194 3
90 103 3
160 100 2
211 53 3
220 228 3
133 67 3
176 79 4
22 243 4
159 70 2
30 216 3
249 201 4
111 251 4
131 88 3
53 246 4
2 137 3
172 148 4
78 199 2
183 173 3
68 138 3
47 115 4
27 165 3
191 100 3
71 210 3
67 212 2
215 140 3
59 35 2
214 133 5
109 251 3
229 74 3
117 77 3
107 152 4
60 167 2
85 59 2
42 168 4
238 193 4
230 193 4
205 29 3
37 232 2
109 170 2
49 111 4
44 37 3
176 62 3
183 98 3
245 144 3
203 48 5
9 228 3
150 17 3
132 188 4
137 82 3
249 232 3
217 31 4
230 100 3
28 243 4
44 247 3
162 186 3
169 198 2
88 141 3
13 178 3
28 78 3
121 247 3
7 10 5
7 6 3
71 92 3
125 45 3
199 190 4
73 81 3
240 105 2
130 179 5
179 96 3
206 87 4
131 114 3
54 220 3
245 21 3
112 208 4
51 168 3
251 155 3
10000
0
0
0
0
0
0
0
0
0
0
0
0
0
0
0
0
0
0
0
0
0
0
0
0
0
0
0
0
0
0
0
0
0
0
0
0
0
0
0
0
0
0
0
1
1 91
0
0
0
0
0
0
0
0
0
0
0
0
0
0
0
0
0
0
0
0
0
0
0
0
0
0
0
0
0
0
0
0
0
1
2 49
0
0
0
0
0
0
0
0
0
0
0
0
0
0
0
0
0
0
0
0
0
0
0
0
0
0
0
0
0
0
0
0
0
0
0
0
0
0
0
0
0
0
0
0
0
0
0
0
0
0
0
0
0
0
0
0
0
0
0
0
0
0
0
0
0
0
0
0
0
0
0
0
0
0
0
0
0
0
0
0
0
0
0
0
0
0
0
0
0
0
0
0
0
0
0
0
0
0
0
0
0
0
0
0
1
3 148
0
0
0
0
0
0
0
0
0
0
0
0
0
0
0
0
0
0
0
0
0
0
0
0
0
0
0
0
0
0
1
4 104
0
0
0
0
0
0
0
0
0
1
5 54
0
0
0
0
0
0
0
0
0
0
0
0
0
0
0
0
0
0
0
0
0
0
1
6 4
0
1
7 191
1
8 155
0
0
0
0
0
0
0
0
0
0
0
0
0
0
0
0
0
0
0
0
0
0
0
0
0
0
0
0
0
0
0
0
0
0
0
0
1
9 206
1
10 26
0
0
0
0
0
0
0
0
0
0
1
11 229
0
0
0
0
0
0
0
1
12 209
0
0
0
0
1
13 133
0
0
0
0
0
0
0
0
0
0
0
0
0
1
14 22
0
0
0
0
0
1
15 236
0
0
0
0
0
0
0
0
0
0
0
0
1
16 86
0
0
0
0
0
0
0
0
0
1
17 201
0
0
0
0
1
18 251
0
0
0
0
0
0
0
0
1
19 163
0
0
0
0
0
0
1
20 51
1
21 236
1
22 204
0
0
0
1
23 234
0
0
1
24 167
0
1
25 224
0
0
1
26 239
0
0
0
0
0
0
0
0
0
0
0
0
0
0
1
27 100
0
0
0
0
0
1
28 209
0
0
0
1
29 180
0
0
0
0
0
0
0
0
0
0
0
0
0
0
1
30 201
0
0
0
0
0
1
31 171
0
0
0
0
0
0
0
0
0
0
0
0
0
0
0
0
0
1
32 65
0
1
33 181
0
1
34 102
0
0
1
35 181
0
0
1
36 207
0
0
0
0
1
37 182
0
1
38 13
0
0
0
0
0
0
0
0
0
1
39 199
0
0
0
0
1
40 112
0
0
0
0
0
0
0
0
0
0
0
0
0
0
0
0
0
0
0
0
0
0
0
0
1
41 198
0
1
42 155
0
0
1
43 44
1
44 23
0
0
0
1
45 67
0
1
46 229
0
1
47 57
1
48 156
0
0
0
0
0
0
1
49 102
0
0
1
50 118
0
0
0
0
0
0
0
0
0
0
0
1
51 204
0
0
1
52 236
0
1
53 127
1
54 250
0
0
0
0
0
0
0
0
0
0
0
1
55 123
1
56 4
1
57 46
1
58 114
0
0
0
0
0
0
1
59 239
1
60 155
0
0
0
1
61 37
0
0
1
62 46
0
0
0
0
0
0
0
1
63 3
0
0
0
0
0
0
0
0
0
0
0
0
1
64 218
0
1
65 109
0
0
0
0
0
0
0
0
0
0
0
0
0
0
0
0
0
0
0
1
66 81
0
0
0
0
0
1
67 91
1
68 117
0
1
69 86
0
0
0
0
1
70 230
0
0
0
0
0
0
0
0
0
0
1
71 142
0
0
1
72 208
0
0
0
0
0
0
0
0
1
73 59
0
0
0
0
0
0
0
0
0
0
1
74 64
1
75 161
0
1
76 173
0
0
0
0
1
77 208
1
78 39
1
79 88
0
0
0
0
1
80 121
0
1
81 225
0
0
0
0
0
0
0
0
0
0
0
0
0
0
1
82 136
0
0
0
0
0
1
83 122
0
0
0
0
0
0
0
0
0
0
0
0
0
0
0
0
0
1
84 251
0
0
0
0
0
0
0
0
0
0
1
85 7
0
0
1
86 166
0
0
0
1
87 22
0
0
0
0
0
1
88 102
0
0
1
89 174
0
0
0
0
0
0
0
0
0
1
90 131
0
0
1
91 19
0
0
1
92 58
0
0
0
0
0
1
93 42
1
94 32
0
0
1
95 191
1
96 9
1
97 59
0
1
98 143
0
1
99 201
0
0
0
0
1
100 208
1
101 49
1
102 68
0
0
0
0
0
0
0
0
0
0
0
0
0
0
0
1
103 224
1
104 235
0
0
0
0
1
105 45
1
106 40
0
0
0
0
0
1
107 207
0
0
1
108 100
1
109 22
0
0
1
110 209
0
0
0
1
111 91
0
1
112 187
0
1
113 197
0
0
0
1
114 195
1
115 19
0
0
1
116 37
0
0
0
1
117 93
0
1
118 91
0
0
0
0
0
0
1
119 112
1
120 190
1
121 193
1
122 211
0
0
0
0
0
1
123 147
0
0
1
124 63
0
1
125 123
0
0
1
126 232
1
127 12
0
0
1
128 31
0
0
0
0
1
129 124
0
1
130 187
0
0
0
0
0
0
0
1
131 71
0
0
1
132 86
0
0
1
133 236
1
134 231
0
0
1
135 49
0
1
136 15
0
0
0
0
1
137 185
1
138 102
1
139 147
1
140 110
0
0
0
1
141 15
1
142 209
0
1
143 150
0
0
1
144 134
0
0
0
0
1
145 239
0
1
146 104
0
1
147 122
0
0
1
148 143
1
149 208
0
0
1
150 3
0
0
0
1
151 81
0
0
0
0
0
0
0
0
0
0
0
1
152 42
0
0
1
153 169
0
1
154 66
1
155 189
0
0
0
1
156 123
0
0
0
0
0
0
0
0
0
0
0
0
0
0
0
0
0
0
0
1
157 45
0
0
1
158 2
0
1
159 170
1
160 245
0
0
0
0
1
161 13
0
0
0
0
0
0
0
0
0
0
0
0
0
0
1
162 79
0
1
163 137
0
0
0
0
0
0
1
164 45
0
0
0
0
0
1
165 246
0
1
166 83
0
0
1
167 113
0
0
0
0
0
1
168 157
0
0
0
0
0
1
169 185
1
170 134
1
171 6
0
0
1
172 242
1
173 211
0
1
174 69
1
175 231
0
1
176 95
1
177 111
1
178 72
0
0
1
179 39
0
1
180 115
1
181 59
1
182 55
0
0
0
0
1
183 144
0
0
1
184 124
1
185 150
0
0
0
0
0
0
1
186 164
1
187 238
0
0
0
1
188 251
0
0
1
189 182
0
1
190 222
0
0
0
0
0
0
0
0
0
0
0
0
1
191 223
1
192 63
0
1
193 150
0
0
0
0
0
1
194 241
1
195 93
1
196 22
0
0
1
197 72
0
0
1
198 153
0
1
199 121
0
1
200 189
1
201 74
0
1
202 226
0
0
0
0
0
0
0
1
203 213
0
1
204 122
1
205 140
0
1
206 165
0
0
1
207 209
1
208 114
0
0
1
209 10
1
210 91
0
1
211 91
0
1
212 44
0
0
1
213 145
1
214 241
1
215 239
0
1
216 188
0
0
0
0
0
1
217 155
1
218 143
1
219 38
1
220 126
1
221 250
1
222 42
0
0
0
0
0
0
1
223 49
1
224 221
1
225 221
1
226 31
0
0
1
227 76
1
228 91
1
229 44
0
1
230 75
0
0
0
0
0
0
0
0
0
0
0
1
231 170
0
0
0
1
232 244
0
0
0
0
1
233 72
1
234 232
1
235 226
0
0
1
236 28
1
237 183
0
1
238 221
0
1
239 10
0
1
240 196
0
0
1
241 215
1
242 169
0
0
1
243 93
0
0
1
244 196
0
1
245 21
1
246 198
1
247 109
1
248 135
1
249 137
0
1
250 82
0
1
251 52
0
0
0
1
252 75
0
1
253 10
1
254 64
0
0
0
1
255 65
1
256 60
0
0
1
257 125
1
258 246
0
0
0
0
0
0
1
259 116
1
260 241
0
0
1
261 113
0
1
262 183
0
1
263 244
0
1
264 55
0
1
265 68
0
0
0
0
1
266 192
0
0
0
0
0
0
0
0
0
0
0
0
0
1
267 167
0
0
1
268 192
1
269 133
1
270 151
1
271 179
1
272 58
0
1
273 155
0
1
274 170
1
275 83
0
0
1
276 57
0
0
1
277 228
0
0
1
278 210
1
279 196
0
0
0
1
280 120
0
0
0
1
281 226
0
0
1
282 119
0
1
283 69
1
284 241
1
285 235
0
0
0
1
286 250
1
287 59
1
288 245
1
289 242
1
290 192
1
291 4
1
292 233
1
293 105
0
0
0
1
294 158
0
1
295 46
1
296 45
1
297 199
0
0
1
298 24
0
1
299 67
1
300 198
1
301 232
0
0
1
302 82
0
0
1
303 169
1
304 190
0
0
1
305 13
0
0
0
1
306 65
0
0
0
1
307 109
1
308 124
0
0
0
0
0
1
309 51
1
310 111
0
0
0
1
311 53
1
312 170
1
313 134
0
1
314 55
0
0
1
315 109
0
0
0
0
1
316 3
0
0
1
317 132
0
1
318 50
0
0
0
1
319 105
1
320 56
0
1
321 23
0
0
0
1
322 150
0
0
1
323 198
0
1
324 109
0
1
325 153
0
1
326 19
1
327 58
0
0
0
0
1
328 202
1
329 131
1
330 40
0
0
0
1
331 172
1
332 160
1
333 97
0
0
1
334 222
0
0
0
1
335 4
0
0
1
336 142
1
337 194
0
0
1
338 207
1
339 177
0
0
1
340 161
0
0
0
0
1
341 174
0
0
0
1
342 152
1
343 107
1
344 197
0
1
345 9
1
346 18
0
0
0
0
0
0
1
347 171
0
1
348 104
0
1
349 209
1
350 196
1
351 19
1
352 116
1
353 223
0
1
354 214
0
0
0
0
0
0
0
1
355 190
1
356 25
0
0
0
0
1
357 77
0
0
0
1
358 182
0
1
359 158
1
360 44
0
0
0
0
0
0
1
361 21
1
362 164
0
1
363 198
0
0
0
0
0
1
364 47
1
365 159
0
0
0
1
366 38
1
367 170
1
368 177
1
369 72
1
370 157
0
1
371 210
0
0
0
0
0
1
372 20
1
373 160
1
374 163
1
375 154
1
376 33
0
1
377 18
1
378 151
1
379 154
1
380 85
0
0
1
381 113
0
1
382 191
1
383 65
1
384 26
0
0
1
385 76
0
1
386 128
1
387 60
1
388 110
0
0
1
389 236
0
0
1
390 236
0
0
1
391 158
0
1
392 184
0
0
1
393 37
0
1
394 230
0
1
395 131
1
396 170
0
1
397 39
1
398 105
0
1
399 87
1
400 248
1
401 222
0
1
402 16
0
0
1
403 110
0
0
1
404 148
1
405 8
0
1
406 30
0
0
1
407 129
0
1
408 235
0
0
0
0
0
0
1
409 176
0
0
1
410 123
0
1
411 71
0
0
0
1
412 55
1
413 169
0
1
414 186
0
0
0
0
0
1
415 158
1
416 57
1
417 77
0
0
1
418 70
1
419 55
0
1
420 60
0
0
1
421 96
1
422 185
1
423 68
0
0
0
0
1
424 155
1
425 44
1
426 172
1
427 141
0
0
0
0
1
428 243
0
1
429 53
1
430 189
0
0
1
431 225
0
1
432 17
1
433 116
0
1
434 239
0
1
435 246
0
1
436 41
1
437 64
1
438 94
1
439 188
0
1
440 67
0
0
0
1
441 220
1
442 87
0
1
443 215
1
444 212
0
0
0
0
0
0
1
445 172
0
0
0
1
446 222
1
447 200
1
448 170
1
449 189
1
450 237
1
451 58
1
452 225
1
453 244
0
1
454 136
1
455 71
1
456 68
0
1
457 245
1
458 143
1
459 52
0
0
1
460 205
0
0
1
461 191
1
462 39
0
1
463 74
0
0
1
464 4
1
465 42
0
1
466 209
1
467 122
1
468 31
1
469 109
1
470 248
1
471 179
0
0
0
1
472 103
1
473 134
1
474 71
0
1
475 51
1
476 150
0
1
477 218
1
478 78
1
479 132
1
480 193
1
481 23
0
1
482 241
1
483 4
0
0
0
0
1
484 141
1
485 193
1
486 243
0
0
0
0
1
487 235
1
488 174
1
489 130
0
1
490 65
1
491 187
1
492 74
0
0
0
1
493 107
1
494 230
0
1
495 209
0
1
496 140
1
497 15
1
498 104
1
499 4
1
500 71
0
0
1
501 109
1
502 220
0
1
503 169
1
504 54
1
505 172
1
506 241
0
0
0
1
507 57
1
508 245
1
509 169
0
1
510 214
1
511 149
0
0
1
512 3
0
1
513 21
0
1
514 15
0
0
0
1
515 195
0
0
0
1
516 15
1
517 100
1
518 26
0
1
519 204
1
520 92
1
521 194
0
0
0
0
0
1
522 233
1
523 125
1
524 108
1
525 19
0
1
526 222
1
527 2
0
1
528 35
1
529 34
1
530 250
0
1
531 84
1
532 203
1
533 120
0
1
534 113
0
1
535 72
0
0
1
536 53
1
537 212
1
538 12
1
539 247
1
540 206
1
541 242
1
542 103
0
0
0
1
543 37
0
1
544 129
1
545 177
0
0
1
546 135
0
1
547 86
0
1
548 248
1
549 143
0
0
0
1
550 95
1
551 79
1
552 191
0
0
0
0
1
553 6
0
0
1
554 139
1
555 227
1
556 84
0
1
557 71
1
558 159
1
559 237
1
560 106
1
561 240
0
1
562 15
1
563 54
1
564 15
0
1
565 172
1
566 61
1
567 180
1
568 199
0
0
1
569 245
1
570 145
0
0
1
571 216
1
572 143
0
0
0
1
573 192
1
574 44
0
1
575 65
1
576 220
1
577 222
1
578 182
0
1
579 190
1
580 119
1
581 237
1
582 180
0
1
583 221
0
1
584 204
1
585 249
0
1
586 90
0
0
0
0
1
587 67
1
588 219
1
589 103
1
590 49
1
591 151
1
592 111
1
593 174
1
594 107
1
595 49
0
1
596 57
1
597 164
1
598 205
0
1
599 169
0
1
600 97
1
601 155
1
602 92
0
0
1
603 33
1
604 193
0
0
0
0
0
0
1
605 175
1
606 112
0
1
607 204
0
1
608 221
1
609 186
1
610 183
1
611 239
1
612 111
1
613 20
0
1
614 20
1
615 91
0
1
616 26
1
617 30
1
618 125
1
619 55
0
1
620 39
0
0
0
1
621 165
1
622 118
0
0
1
623 189
0
1
624 187
0
1
625 225
1
626 161
1
627 223
1
628 39
1
629 145
0
0
1
630 73
1
631 118
1
632 71
0
0
1
633 246
1
634 220
1
635 44
1
636 5
1
637 41
0
1
638 128
1
639 229
1
640 111
0
1
641 119
1
642 131
0
1
643 175
1
644 110
0
1
645 221
1
646 66
1
647 60
1
648 62
1
649 235
1
650 61
0
1
651 112
0
1
652 94
1
653 91
1
654 13
1
655 225
1
656 206
1
657 100
0
1
658 107
1
659 144
1
660 29
0
1
661 109
0
1
662 82
1
663 245
1
664 71
0
1
665 141
0
1
666 155
0
0
0
1
667 100
1
668 125
1
669 110
1
670 31
1
671 145
1
672 6
0
1
673 170
1
674 75
0
0
0
1
675 12
1
676 110
1
677 216
1
678 240
0
0
0
1
679 121
1
680 113
1
681 182
1
682 85
1
683 140
0
1
684 210
1
685 132
1
686 91
1
687 45
0
0
0
1
688 169
1
689 183
1
690 117
0
1
691 158
1
692 34
1
693 80
0
1
694 196
1
695 142
0
1
696 102
1
697 150
1
698 189
0
1
699 27
0
1
700 248
0
1
701 220
0
1
702 23
1
703 152
1
704 52
0
0
0
1
705 240
0
1
706 34
0
1
707 109
0
1
708 40
1
709 117
1
710 143
1
711 9
0
1
712 125
0
1
713 118
1
714 3
1
715 204
0
1
716 126
1
717 209
0
1
718 91
1
719 75
1
720 139
1
721 127
1
722 103
1
723 155
1
724 55
1
725 21
1
726 113
1
727 153
0
1
728 64
0
0
1
729 127
1
730 33
1
731 220
0
1
732 231
1
733 169
1
734 97
1
735 113
1
736 44
0
1
737 232
1
738 203
1
739 167
0
1
740 58
0
1
741 226
1
742 210
0
0
1
743 125
0
1
744 187
1
745 154
0
1
746 120
1
747 168
0
1
748 152
1
749 177
1
750 210
1
751 235
1
752 22
1
753 222
0
1
754 181
1
755 111
0
0
1
756 170
1
757 169
1
758 155
1
759 21
1
760 15
1
761 192
1
762 187
1
763 15
1
764 40
1
765 59
1
766 214
1
767 158
0
1
768 247
1
769 128
1
770 164
1
771 185
0
1
772 84
1
773 44
1
774 154
0
1
775 170
0
0
1
776 167
1
777 158
1
778 87
0
0
1
779 150
1
780 16
1
781 88
0
1
782 88
0
0
1
783 3
1
784 251
1
785 59
1
786 4
0
0
1
787 236
0
1
788 122
0
1
789 90
1
790 26
1
791 69
1
792 147
1
793 90
0
1
794 86
1
795 4
0
0
1
796 163
1
797 20
0
0
1
798 71
0
0
1
799 122
0
1
800 240
1
801 71
1
802 48
1
803 52
0
0
0
1
804 31
1
805 125
0
0
1
806 182
0
1
807 206
1
808 249
1
809 125
1
810 148
1
811 19
1
812 75
1
813 106
1
814 213
1
815 205
0
1
816 31
1
817 28
1
818 144
1
819 19
1
820 42
1
821 205
0
1
822 240
1
823 37
1
824 66
1
825 245
1
826 42
1
827 179
0
1
828 62
1
829 157
1
830 96
1
831 127
1
832 70
1
833 224
1
834 145
0
1
835 210
0
1
836 168
1
837 197
0
1
838 104
1
839 143
1
840 183
1
841 192
1
842 93
1
843 201
1
844 115
0
0
1
845 153
0
1
846 200
0
1
847 176
1
848 153
1
849 104
1
850 12
1
851 224
0
1
852 78
1
853 9
1
854 81
1
855 234
1
856 214
1
857 186
1
858 158
0
1
859 21
1
860 233
1
861 241
1
862 202
1
863 72
0
1
864 87
1
865 223
1
866 142
0
0
1
867 72
1
868 219
0
0
1
869 165
0
1
870 91
1
871 104
1
872 95
0
1
873 3
1
874 3
1
875 56
1
876 246
1
877 177
1
878 206
1
879 7
1
880 154
1
881 155
1
882 226
1
883 106
1
884 186
0
1
885 131
1
886 72
1
887 229
1
888 15
1
889 214
1
890 50
0
1
891 39
0
0
1
892 210
1
893 84
1
894 71
1
895 125
1
896 112
0
1
897 221
1
898 178
0
1
899 221
0
1
900 185
1
901 130
1
902 7
1
903 61
1
904 217
1
905 49
1
906 112
1
907 177
1
908 204
0
1
909 186
1
910 154
0
1
911 213
1
912 101
1
913 104
1
914 73
1
915 246
1
916 103
1
917 163
0
1
918 146
1
919 107
1
920 244
0
1
921 21
1
922 245
1
923 57
1
924 169
1
925 170
1
926 168
1
927 190
1
928 88
1
929 67
1
930 15
1
931 153
1
932 184
1
933 43
0
1
934 60
0
1
935 31
1
936 58
1
937 35
1
938 156
1
939 214
1
940 207
0
1
941 217
0
1
942 151
1
943 159
1
944 183
1
945 224
0
1
946 7
1
947 91
1
948 44
0
1
949 207
1
950 33
0
1
951 210
0
1
952 69
0
1
953 184
1
954 53
1
955 211
1
956 103
0
1
957 177
0
1
958 104
1
959 64
0
1
960 152
1
961 20
0
1
962 200
1
963 186
0
1
964 46
1
965 99
1
966 21
0
0
1
967 179
0
0
1
968 177
1
969 209
0
1
970 174
1
971 215
1
972 82
1
973 73
1
974 212
1
975 214
0
1
976 163
1
977 14
1
978 206
1
979 216
0
0
1
980 116
1
981 180
1
982 241
1
983 71
1
984 212
1
985 172
1
986 222
0
0
1
987 24
1
988 23
1
989 31
0
0
0
1
990 246
1
991 126
1
992 21
1
993 147
1
994 189
1
995 146
1
996 82
1
997 164
1
998 10
1
999 101
1
1000 35
0
1
1001 62
1
1002 196
0
1
1003 45
0
1
1004 188
1
1005 16
1
1006 70
1
1007 93
1
1008 117
1
1009 204
0
0
0
1
1010 216
1
1011 48
1
1012 107
1
1013 65
1
1014 45
1
1015 164
0
0
1
1016 160
1
1017 236
1
1018 48
0
1
1019 75
1
1020 251
1
1021 10
1
1022 164
1
1023 208
1
1024 208
1
1025 21
1
1026 121
1
1027 247
1
1028 238
1
1029 79
0
0
1
1030 143
1
1031 222
1
1032 45
1
1033 130
1
1034 226
0
1
1035 94
1
1036 15
1
1037 81
1
1038 109
1
1039 74
0
1
1040 175
1
1041 146
0
1
1042 78
0
1
1043 46
1
1044 98
1
1045 112
0
1
1046 46
0
0
0
1
1047 146
1
1048 56
1
1049 221
0
1
1050 113
1
1051 109
1
1052 121
1
1053 223
1
1054 40
1
1055 78
1
1056 55
1
1057 128
1
1058 168
1
1059 39
1
1060 224
1
1061 43
0
1
1062 46
0
1
1063 5
1
1064 72
1
1065 74
1
1066 6
1
1067 204
1
1068 102
0
0
1
1069 201
0
1
1070 240
0
1
1071 10
1
1072 9
1
1073 144
1
1074 18
1
1075 153
1
1076 29
1
1077 102
1
1078 39
1
1079 16
1
1080 170
1
1081 92
1
1082 14
0
1
1083 100
0
1
1084 95
1
1085 144
1
1086 46
1
1087 79
1
1088 43
1
1089 37
1
1090 43
1
1091 118
0
0
1
1092 230
0
1
1093 134
1
1094 163
0
1
1095 246
1
1096 182
1
1097 154
1
1098 49
1
1099 200
1
1100 157
0
1
1101 149
1
1102 183
1
1103 219
1
1104 44
1
1105 7
1
1106 46
1
1107 174
0
1
1108 228
1
1109 229
1
1110 161
1
1111 37
1
1112 135
1
1113 109
1
1114 171
1
1115 76
1
1116 204
1
1117 53
1
1118 152
1
1119 214
1
1120 130
1
1121 161
1
1122 178
0
1
1123 158
1
1124 44
1
1125 32
1
1126 134
1
1127 198
0
1
1128 15
1
1129 192
0
1
1130 75
0
1
1131 144
1
1132 110
1
1133 248
0
1
1134 17
1
1135 213
1
1136 132
1
1137 110
1
1138 98
1
1139 183
1
1140 38
1
1141 163
0
1
1142 16
1
1143 114
1
1144 152
1
1145 176
1
1146 55
1
1147 105
1
1148 63
0
1
1149 245
1
1150 3
1
1151 113
1
1152 38
1
1153 42
0
1
1154 241
1
1155 196
1
1156 108
1
1157 115
1
1158 14
0
1
1159 194
1
1160 44
1
1161 157
1
1162 62
0
1
1163 227
1
1164 227
1
1165 31
1
1166 146
1
1167 49
1
1168 206
0
1
1169 15
1
1170 55
1
1171 31
1
1172 190
1
1173 148
1
1174 163
1
1175 223
1
1176 161
1
1177 84
1
1178 222
1
1179 144
1
1180 250
1
1181 138
1
1182 150
1
1183 47
0
1
1184 50
1
1185 221
1
1186 157
1
1187 4
1
1188 164
0
1
1189 190
1
1190 112
1
1191 131
1
1192 246
1
1193 74
1
1194 145
0
1
1195 165
1
1196 3
1
1197 82
1
1198 55
1
1199 231
1
1200 221
1
1201 37
1
1202 30
1
1203 235
1
1204 91
1
1205 105
1
1206 203
1
1207 169
1
1208 16
0
1
1209 67
1
1210 50
1
1211 3
1
1212 100
1
1213 134
1
1214 35
1
1215 143
1
1216 94
1
1217 25
1
1218 155
1
1219 218
1
1220 180
1
1221 172
1
1222 213
1
1223 45
0
1
1224 142
1
1225 91
1
1226 105
1
1227 94
1
1228 221
1
1229 153
1
1230 142
1
1231 219
1
1232 139
1
1233 135
1
1234 175
1
1235 132
1
1236 240
1
1237 251
1
1238 129
0
1
1239 205
1
1240 229
1
1241 2
1
1242 195
1
1243 247
0
0
1
1244 180
1
1245 63
0
1
1246 40
1
1247 244
1
1248 83
0
1
1249 105
1
1250 88
1
1251 131
1
1252 236
1
1253 28
1
1254 105
1
1255 141
1
1256 174
1
1257 99
1
1258 45
1
1259 187
1
1260 48
1
1261 32
1
1262 132
1
1263 194
1
1264 246
1
1265 107
1
1266 15
1
1267 15
1
1268 214
1
1269 208
1
1270 65
1
1271 148
1
1272 247
1
1273 89
1
1274 164
1
1275 101
1
1276 108
1
1277 91
1
1278 39
1
1279 68
1
1280 37
1
1281 6
1
1282 62
1
1283 236
1
1284 53
1
1285 187
1
1286 236
0
1
1287 117
1
1288 236
1
1289 158
1
1290 243
1
1291 7
1
1292 170
1
1293 15
1
1294 196
1
1295 149
1
1296 229
1
1297 199
1
1298 243
1
1299 249
1
1300 26
1
1301 152
1
1302 59
1
1303 207
1
1304 123
1
1305 131
1
1306 91
1
1307 109
1
1308 94
1
1309 41
1
1310 117
1
1311 147
1
1312 97
1
1313 59
1
1314 128
1
1315 189
1
1316 150
1
1317 57
1
1318 152
1
1319 146
1
1320 20
1
1321 126
1
1322 54
1
1323 103
1
1324 222
1
1325 20
1
1326 116
1
1327 179
1
1328 66
1
1329 166
1
1330 6
1
1331 62
1
1332 109
1
1333 202
1
1334 208
1
1335 136
1
1336 243
1
1337 49
1
1338 6
1
1339 209
1
1340 24
1
1341 246
1
1342 137
1
1343 33
0
1
1344 98
1
1345 15
0
1
1346 76
1
1347 73
1
1348 14
1
1349 102
1
1350 128
1
1351 241
1
1352 223
1
1353 222
1
1354 119
1
1355 220
1
1356 121
1
1357 88
1
1358 25
1
1359 107
1
1360 87
1
1361 238
1
1362 140
1
1363 135
1
1364 97
1
1365 107
1
1366 137
1
1367 100
1
1368 3
1
1369 125
0
1
1370 33
0
0
1
1371 235
1
1372 39
1
1373 173
1
1374 180
1
1375 162
0
1
1376 46
1
1377 175
1
1378 204
1
1379 162
1
1380 199
1
1381 153
1
1382 158
1
1383 129
1
1384 185
1
1385 143
1
1386 154
1
1387 117
1
1388 48
1
1389 81
1
1390 30
1
1391 195
1
1392 172
1
1393 117
1
1394 8
1
1395 73
1
1396 21
1
1397 204
1
1398 141
1
1399 28
1
1400 48
1
1401 237
1
1402 5
1
1403 66
1
1404 165
1
1405 76
1
1406 30
1
1407 96
1
1408 212
1
1409 34
1
1410 93
1
1411 198
1
1412 118
1
1413 186
1
1414 16
0
1
1415 207
1
1416 105
1
1417 194
1
1418 137
1
1419 165
1
1420 245
0
1
1421 189
1
1422 123
0
1
1423 48
1
1424 19
1
1425 230
1
1426 43
1
1427 133
1
1428 219
1
1429 110
1
1430 45
1
1431 175
1
1432 138
1
1433 196
1
1434 248
1
1435 15
1
1436 49
1
1437 155
1
1438 91
1
1439 110
1
1440 44
1
1441 181
1
1442 244
1
1443 215
1
1444 39
1
1445 90
0
1
1446 134
1
1447 143
1
1448 190
1
1449 236
0
1
1450 129
1
1451 75
1
1452 236
1
1453 33
1
1454 20
1
1455 90
1
1456 187
1
1457 174
1
1458 30
1
1459 19
1
1460 246
1
1461 69
1
1462 219
1
1463 94
1
1464 213
1
1465 59
1
1466 55
1
1467 222
1
1468 111
1
1469 63
1
1470 187
1
1471 114
0
1
1472 235
1
1473 249
1
1474 26
1
1475 227
1
1476 44
1
1477 138
1
1478 250
1
1479 204
1
1480 37
1
1481 86
1
1482 93
1
1483 44
1
1484 228
1
1485 91
1
1486 76
1
1487 5
1
1488 161
1
1489 34
1
1490 158
0
1
1491 184
1
1492 193
1
1493 117
1
1494 237
1
1495 103
1
1496 30
1
1497 226
1
1498 4
1
1499 30
1
1500 157
1
1501 226
1
1502 91
1
1503 217
1
1504 113
1
1505 45
1
1506 209
1
1507 149
1
1508 247
1
1509 4
1
1510 99
1
1511 100
1
1512 148
1
1513 3
1
1514 52
0
1
1515 90
1
1516 25
1
1517 126
1
1518 62
1
1519 12
1
1520 102
1
1521 221
1
1522 96
1
1523 101
1
1524 70
1
1525 100
1
1526 236
1
1527 219
1
1528 250
1
1529 204
1
1530 124
1
1531 135
1
1532 86
1
1533 5
1
1534 13
1
1535 230
1
1536 42
1
1537 33
1
1538 220
1
1539 51
1
1540 247
1
1541 84
1
1542 178
1
1543 26
1
1544 103
1
1545 153
1
1546 116
1
1547 50
1
1548 49
1
1549 99
1
1550 68
1
1551 169
1
1552 76
1
1553 231
1
1554 149
1
1555 81
1
1556 75
1
1557 251
1
1558 10
1
1559 21
1
1560 158
1
1561 138
1
1562 192
1
1563 12
1
1564 197
1
1565 3
1
1566 63
1
1567 182
1
1568 225
1
1569 21
1
1570 195
1
1571 190
1
1572 235
1
1573 102
1
1574 206
1
1575 14
1
1576 55
1
1577 113
1
1578 139
1
1579 109
1
1580 196
1
1581 204
1
1582 188
1
1583 81
1
1584 137
1
1585 208
1
1586 128
1
1587 229
1
1588 13
1
1589 111
1
1590 245
1
1591 113
1
1592 51
1
1593 125
1
1594 39
1
1595 18
1
1596 41
1
1597 29
1
1598 85
1
1599 12
1
1600 237
1
1601 237
1
1602 182
1
1603 100
1
1604 240
1
1605 45
1
1606 191
1
1607 178
1
1608 148
1
1609 246
1
1610 219
1
1611 249
1
1612 238
1
1613 80
1
1614 170
1
1615 250
1
1616 131
1
1617 107
1
1618 237
1
1619 210
1
1620 96
0
1
1621 117
1
1622 147
1
1623 126
1
1624 157
1
1625 72
1
1626 94
1
1627 217
1
1628 4
1
1629 177
1
1630 226
1
1631 139
1
1632 203
1
1633 178
1
1634 244
1
1635 109
1
1636 102
1
1637 152
1
1638 177
1
1639 53
1
1640 212
1
1641 45
1
1642 108
1
1643 220
1
1644 39
1
1645 159
1
1646 202
1
1647 181
1
1648 214
1
1649 126
1
1650 215
1
1651 157
1
1652 94
1
1653 171
1
1654 50
1
1655 204
1
1656 78
1
1657 234
1
1658 180
1
1659 230
1
1660 186
1
1661 96
1
1662 35
1
1663 189
1
1664 98
1
1665 122
1
1666 229
1
1667 92
1
1668 138
1
1669 192
1
1670 207
1
1671 91
1
1672 87
1
1673 150
1
1674 46
1
1675 182
1
1676 167
1
1677 202
1
1678 226
1
1679 160
1
1680 249
1
1681 196
1
1682 226
1
1683 210
1
1684 236
1
1685 164
1
1686 121
1
1687 39
1
1688 60
1
1689 210
1
1690 10
1
1691 3
1
1692 228
1
1693 170
1
1694 117
1
1695 169
1
1696 21
1
1697 115
1
1698 82
1
1699 247
1
1700 120
1
1701 181
1
1702 45
1
1703 146
1
1704 198
1
1705 60
1
1706 6
1
1707 130
1
1708 94
1
1709 226
1
1710 5
1
1711 21
1
1712 28
1
1713 119
1
1714 58
1
1715 13
1
1716 44
1
1717 143
1
1718 149
1
1719 117
1
1720 111
1
1721 155
1
1722 128
1
1723 184
1
1724 143
1
1725 131
1
1726 179
1
1727 36
1
1728 218
1
1729 76
1
1730 226
1
1731 29
1
1732 37
1
1733 33
1
1734 179
1
1735 212
1
1736 147
1
1737 63
1
1738 118
1
1739 54
1
1740 100
1
1741 151
1
1742 44
1
1743 183
1
1744 163
1
1745 53
1
1746 39
1
1747 210
1
1748 82
1
1749 70
1
1750 29
1
1751 106
1
1752 92
1
1753 130
1
1754 175
1
1755 68
1
1756 30
1
1757 72
1
1758 32
1
1759 106
1
1760 127
1
1761 247
1
1762 230
1
1763 23
1
1764 127
1
1765 158
1
1766 46
1
1767 175
1
1768 40
1
1769 209
1
1770 118
1
1771 81
1
1772 86
1
1773 227
1
1774 123
1
1775 103
1
1776 49
1
1777 216
1
1778 162
1
1779 88
1
1780 155
1
1781 91
1
1782 24
1
1783 21
1
1784 82
1
1785 54
1
1786 69
1
1787 64
1
1788 207
1
1789 211
1
1790 56
1
1791 80
1
1792 138
1
1793 16
1
1794 50
1
1795 18
1
1796 175
1
1797 173
1
1798 114
1
1799 126
1
1800 210
1
1801 17
1
1802 46
1
1803 154
1
1804 26
1
1805 4
1
1806 114
1
1807 222
1
1808 52
1
1809 37
1
1810 169
1
1811 27
1
1812 111
1
1813 249
1
1814 170
1
1815 90
1
1816 117
1
1817 117
1
1818 119
1
1819 14
1
1820 242
1
1821 152
1
1822 249
1
1823 90
1
1824 180
1
1825 204
1
1826 54
1
1827 6
1
1828 87
1
1829 24
1
1830 122
1
1831 117
1
1832 53
1
1833 75
1
1834 204
1
1835 61
1
1836 97
1
1837 11
1
1838 159
1
1839 251
1
1840 226
1
1841 66
1
1842 247
1
1843 114
1
1844 147
1
1845 180
1
1846 46
1
1847 40
1
1848 128
1
1849 32
1
1850 91
1
1851 225
1
1852 183
1
1853 209
1
1854 214
1
1855 192
1
1856 37
0
1
1857 231
1
1858 115
1
1859 15
1
1860 64
1
1861 236
1
1862 49
1
1863 171
1
1864 14
1
1865 26
1
1866 199
1
1867 111
1
1868 127
0
1
1869 81
1
1870 61
1
1871 107
0
1
1872 147
1
1873 14
1
1874 86
1
1875 161
1
1876 168
1
1877 133
1
1878 223
1
1879 80
1
1880 170
1
1881 61
1
1882 35
1
1883 76
1
1884 178
1
1885 78
1
1886 116
1
1887 34
1
1888 68
1
1889 148
1
1890 191
1
1891 63
1
1892 43
1
1893 204
1
1894 148
1
1895 46
1
1896 19
1
1897 90
1
1898 33
1
1899 29
1
1900 106
0
0
1
1901 210
1
1902 34
1
1903 217
1
1904 30
1
1905 78
1
1906 119
1
1907 96
1
1908 147
1
1909 35
1
1910 91
1
1911 193
1
1912 131
1
1913 10
1
1914 166
1
1915 20
1
1916 183
1
1917 19
1
1918 135
1
1919 162
1
1920 132
1
1921 58
1
1922 118
1
1923 218
1
1924 64
1
1925 92
1
1926 197
1
1927 211
1
1928 84
1
1929 21
1
1930 243
1
1931 16
1
1932 223
1
1933 205
1
1934 106
1
1935 228
1
1936 120
1
1937 238
1
1938 219
1
1939 7
1
1940 224
1
1941 54
1
1942 176
1
1943 230
1
1944 195
1
1945 150
1
1946 33
1
1947 188
1
1948 229
1
1949 9
1
1950 206
1
1951 65
1
1952 187
1
1953 47
1
1954 63
1
1955 110
1
1956 131
1
1957 190
1
1958 14
1
1959 129
1
1960 202
1
1961 145
1
1962 141
1
1963 121
1
1964 6
1
1965 199
1
1966 103
1
1967 190
1
1968 29
1
1969 180
1
1970 131
1
1971 117
1
1972 79
1
1973 38
1
1974 64
1
1975 115
1
1976 7
1
1977 137
1
1978 82
1
1979 31
1
1980 226
1
1981 246
1
1982 93
1
1983 176
1
1984 64
1
1985 78
1
1986 196
1
1987 211
1
1988 165
1
1989 228
1
1990 228
1
1991 11
0
1
1992 44
1
1993 119
1
1994 80
1
1995 126
1
1996 238
1
1997 25
1
1998 95
1
1999 3
1
2000 207
1
2001 170
1
2002 68
1
2003 198
1
2004 87
1
2005 12
0
1
2006 53
1
2007 250
1
2008 224
1
2009 6
1
2010 123
1
2011 43
1
2012 187
1
2013 165
1
2014 219
1
2015 20
1
2016 3
1
2017 21
1
2018 56
1
2019 100
1
2020 197
0
1
2021 126
0
1
2022 17
1
2023 49
1
2024 2
1
2025 108
1
2026 136
1
2027 108
1
2028 101
1
2029 129
1
2030 206
1
2031 189
1
2032 111
1
2033 81
0
1
2034 64
1
2035 240
1
2036 206
1
2037 178
1
2038 241
1
2039 76
1
2040 158
1
2041 202
1
2042 7
1
2043 68
0
1
2044 246
1
2045 106
1
2046 200
1
2047 187
1
2048 116
1
2049 11
1
2050 111
1
2051 219
1
2052 235
1
2053 9
1
2054 61
1
2055 117
1
2056 186
1
2057 112
0
1
2058 45
1
2059 142
1
2060 35
1
2061 22
0
0
1
2062 187
1
2063 111
1
2064 251
1
2065 99
1
2066 37
0
1
2067 234
1
2068 226
1
2069 104
1
2070 211
1
2071 130
1
2072 186
1
2073 79
1
2074 242
1
2075 7
0
1
2076 204
1
2077 126
1
2078 226
1
2079 125
1
2080 201
1
2081 78
1
2082 251
1
2083 146
1
2084 7
1
2085 75
1
2086 197
1
2087 2
1
2088 149
1
2089 52
1
2090 93
1
2091 64
0
1
2092 109
0
1
2093 200
1
2094 225
1
2095 59
1
2096 224
1
2097 21
1
2098 42
1
2099 97
1
2100 128
1
2101 9
1
2102 39
1
2103 2
1
2104 177
1
2105 122
1
2106 54
1
2107 175
1
2108 201
1
2109 58
1
2110 219
1
2111 199
1
2112 212
1
2113 213
1
2114 72
1
2115 60
0
0
1
2116 165
1
2117 42
0
1
2118 251
1
2119 106
1
2120 18
0
1
2121 224
1
2122 34
1
2123 138
1
2124 19
1
2125 174
1
2126 230
1
2127 219
1
2128 91
1
2129 117
1
2130 127
1
2131 230
1
2132 26
1
2133 168
0
1
2134 91
1
2135 185
1
2136 182
1
2137 2
1
2138 53
1
2139 58
1
2140 120
0
1
2141 81
1
2142 105
1
2143 209
1
2144 251
1
2145 198
1
2146 42
1
2147 34
1
2148 57
1
2149 138
1
2150 152
1
2151 21
1
2152 17
1
2153 200
1
2154 168
1
2155 70
1
2156 213
1
2157 19
1
2158 246
1
2159 169
1
2160 228
1
2161 41
1
2162 204
1
2163 212
1
2164 99
1
2165 70
1
2166 137
0
1
2167 216
1
2168 83
1
2169 3
0
0
1
2170 187
1
2171 36
1
2172 25
1
2173 137
1
2174 87
1
2175 111
1
2176 39
1
2177 133
1
2178 127
1
2179 244
1
2180 223
1
2181 55
0
1
2182 161
1
2183 31
1
2184 172
1
2185 180
1
2186 224
1
2187 236
1
2188 161
1
2189 188
1
2190 83
1
2191 17
0
1
2192 178
1
2193 119
1
2194 172
1
2195 45
1
2196 165
1
2197 170
1
2198 113
1
2199 160
1
2200 156
1
2201 169
0
1
2202 31
1
2203 23
1
2204 226
1
2205 77
1
2206 96
1
2207 122
1
2208 15
1
2209 146
1
2210 53
1
2211 140
1
2212 208
1
2213 174
0
0
1
2214 196
1
2215 128
0
1
2216 17
1
2217 175
1
2218 82
1
2219 197
1
2220 7
1
2221 170
1
2222 114
1
2223 22
1
2224 142
1
2225 123
1
2226 190
0
1
2227 77
1
2228 105
1
2229 49
1
2230 231
1
2231 3
1
2232 78
1
2233 212
1
2234 242
1
2235 192
0
1
2236 103
1
2237 227
1
2238 129
1
2239 196
1
2240 115
1
2241 181
1
2242 4
1
2243 213
1
2244 8
1
2245 114
1
2246 232
1
2247 21
1
2248 97
1
2249 250
0
1
2250 156
1
2251 93
1
2252 198
1
2253 224
1
2254 190
1
2255 154
1
2256 66
1
2257 48
1
2258 240
1
2259 28
1
2260 173
1
2261 182
1
2262 39
1
2263 10
1
2264 77
1
2265 182
1
2266 35
1
2267 95
1
2268 155
1
2269 15
1
2270 80
1
2271 7
1
2272 72
1
2273 67
1
2274 80
1
2275 64
1
2276 169
1
2277 94
1
2278 165
1
2279 156
1
2280 134
0
1
2281 220
1
2282 37
1
2283 171
1
2284 168
1
2285 46
1
2286 124
1
2287 18
1
2288 169
1
2289 107
1
2290 12
1
2291 143
1
2292 243
1
2293 240
1
2294 190
1
2295 227
1
2296 28
0
1
2297 31
1
2298 48
0
0
1
2299 187
1
2300 135
1
2301 146
1
2302 15
1
2303 59
1
2304 89
1
2305 243
1
2306 5
1
2307 73
1
2308 81
1
2309 116
1
2310 231
1
2311 227
1
2312 53
1
2313 117
1
2314 101
1
2315 81
1
2316 3
1
2317 228
1
2318 104
1
2319 101
1
2320 38
1
2321 152
1
2322 219
1
2323 204
1
2324 151
1
2325 201
1
2326 44
1
2327 215
1
2328 51
0
1
2329 205
1
2330 220
1
2331 30
1
2332 102
1
2333 21
1
2334 117
1
2335 251
1
2336 130
1
2337 171
1
2338 2
1
2339 85
1
2340 233
0
1
2341 112
1
2342 67
1
2343 196
1
2344 107
1
2345 82
1
2346 192
1
2347 210
1
2348 3
1
2349 244
1
2350 169
1
2351 137
1
2352 4
1
2353 87
1
2354 170
1
2355 5
1
2356 30
1
2357 121
1
2358 227
1
2359 91
1
2360 132
1
2361 99
1
2362 98
1
2363 84
1
2364 251
1
2365 159
1
2366 2
1
2367 17
1
2368 134
1
2369 53
1
2370 139
1
2371 22
1
2372 249
1
2373 220
1
2374 96
0
0
1
2375 37
1
2376 232
1
2377 169
1
2378 161
1
2379 202
1
2380 32
1
2381 152
1
2382 247
1
2383 202
1
2384 187
1
2385 230
1
2386 59
1
2387 94
1
2388 46
1
2389 191
1
2390 154
0
1
2391 86
1
2392 120
1
2393 200
1
2394 227
1
2395 97
1
2396 94
1
2397 17
1
2398 138
1
2399 4
1
2400 178
1
2401 200
1
2402 113
1
2403 143
0
1
2404 144
1
2405 133
1
2406 209
1
2407 225
1
2408 135
1
2409 29
0
0
1
2410 116
1
2411 165
0
1
2412 236
1
2413 94
1
2414 170
0
1
2415 145
1
2416 214
1
2417 194
1
2418 93
1
2419 160
1
2420 99
1
2421 238
1
2422 178
1
2423 232
1
2424 51
1
2425 208
1
2426 11
0
0
1
2427 206
1
2428 203
1
2429 127
1
2430 137
1
2431 236
1
2432 65
1
2433 176
1
2434 119
0
1
2435 101
1
2436 238
1
2437 189
1
2438 103
1
2439 239
1
2440 249
1
2441 200
1
2442 135
1
2443 204
1
2444 237
0
1
2445 4
0
1
2446 240
1
2447 32
1
2448 78
1
2449 236
1
2450 45
1
2451 223
1
2452 43
1
2453 171
1
2454 156
0
1
2455 205
1
2456 233
1
2457 155
1
2458 94
1
2459 158
1
2460 184
0
1
2461 125
1
2462 35
1
2463 53
1
2464 60
1
2465 195
1
2466 140
1
2467 100
0
1
2468 78
1
2469 118
1
2470 67
1
2471 40
1
2472 211
1
2473 106
1
2474 146
1
2475 150
1
2476 221
1
2477 160
1
2478 17
1
2479 155
0
1
2480 71
1
2481 189
1
2482 57
1
2483 223
0
1
2484 116
1
2485 100
1
2486 170
1
2487 208
1
2488 95
1
2489 202
1
2490 38
1
2491 148
1
2492 100
1
2493 108
1
2494 61
1
2495 158
1
2496 44
1
2497 168
1
2498 199
1
2499 37
1
2500 201
1
2501 70
1
2502 28
0
1
2503 4
1
2504 40
1
2505 198
1
2506 60
1
2507 189
1
2508 51
1
2509 250
0
1
2510 116
1
2511 38
1
2512 71
1
2513 237
1
2514 43
1
2515 21
0
0
1
2516 241
1
2517 34
1
2518 226
0
1
2519 177
1
2520 25
1
2521 226
1
2522 222
1
2523 143
1
2524 240
1
2525 109
1
2526 72
1
2527 144
1
2528 45
0
1
2529 16
1
2530 139
1
2531 34
1
2532 64
1
2533 34
1
2534 165
1
2535 133
1
2536 12
1
2537 129
0
1
2538 91
1
2539 158
0
1
2540 175
1
2541 206
1
2542 76
1
2543 170
1
2544 49
1
2545 177
1
2546 18
1
2547 156
1
2548 197
1
2549 156
1
2550 209
0
0
1
2551 204
1
2552 198
1
2553 25
0
1
2554 172
1
2555 35
0
1
2556 56
0
1
2557 141
0
1
2558 123
1
2559 50
1
2560 73
1
2561 76
1
2562 17
1
2563 221
1
2564 5
0
1
2565 81
1
2566 223
1
2567 29
1
2568 119
1
2569 183
1
2570 218
1
2571 62
0
1
2572 83
1
2573 38
1
2574 243
0
1
2575 40
0
1
2576 195
1
2577 154
1
2578 5
1
2579 55
1
2580 142
1
2581 83
1
2582 155
1
2583 242
1
2584 238
1
2585 108
1
2586 186
1
2587 132
1
2588 13
1
2589 180
1
2590 123
1
2591 57
1
2592 160
1
2593 112
0
1
2594 117
1
2595 202
1
2596 246
1
2597 171
1
2598 239
1
2599 31
0
1
2600 245
1
2601 154
1
2602 27
0
0
1
2603 170
1
2604 6
0
1
2605 24
1
2606 80
1
2607 15
1
2608 39
1
2609 74
1
2610 80
1
2611 239
1
2612 44
0
1
2613 56
0
0
1
2614 150
1
2615 102
1
2616 49
0
1
2617 209
1
2618 125
1
2619 131
0
1
2620 182
1
2621 107
1
2622 74
1
2623 196
1
2624 72
1
2625 137
1
2626 30
1
2627 42
1
2628 78
0
1
2629 77
1
2630 46
1
2631 142
1
2632 118
1
2633 145
1
2634 234
1
2635 142
0
1
2636 31
1
2637 184
1
2638 207
1
2639 11
1
2640 133
1
2641 93
1
2642 101
1
2643 200
1
2644 133
1
2645 139
0
1
2646 236
1
2647 10
1
2648 229
1
2649 122
1
2650 10
1
2651 103
1
2652 129
0
1
2653 129
1
2654 251
1
2655 218
1
2656 31
1
2657 105
1
2658 148
1
2659 33
1
2660 45
1
2661 214
0
1
2662 61
1
2663 246
1
2664 175
1
2665 104
1
2666 230
1
2667 78
1
2668 177
1
2669 82
1
2670 144
1
2671 198
1
2672 118
1
2673 157
1
2674 53
1
2675 6
1
2676 240
1
2677 144
0
1
2678 246
1
2679 194
0
1
2680 161
1
2681 204
1
2682 37
1
2683 217
1
2684 122
1
2685 225
1
2686 191
0
0
1
2687 171
1
2688 183
1
2689 116
1
2690 141
1
2691 16
1
2692 35
1
2693 206
1
2694 209
1
2695 58
1
2696 245
1
2697 17
1
2698 39
1
2699 166
1
2700 56
0
0
1
2701 223
1
2702 49
1
2703 6
1
2704 168
1
2705 245
0
1
2706 3
1
2707 109
1
2708 203
1
2709 189
1
2710 217
1
2711 41
0
1
2712 174
1
2713 135
1
2714 57
1
2715 103
1
2716 97
1
2717 111
1
2718 55
1
2719 105
1
2720 208
1
2721 172
0
1
2722 145
1
2723 39
0
1
2724 208
1
2725 111
1
2726 188
1
2727 126
1
2728 211
0
1
2729 109
1
2730 57
1
2731 132
1
2732 129
1
2733 247
1
2734 251
1
2735 220
1
2736 56
1
2737 98
1
2738 76
1
2739 79
0
1
2740 75
1
2741 151
1
2742 245
1
2743 225
1
2744 111
1
2745 108
1
2746 15
0
1
2747 181
0
1
2748 22
1
2749 85
1
2750 198
1
2751 247
1
2752 52
1
2753 37
1
2754 135
0
1
2755 195
0
1
2756 37
1
2757 229
1
2758 99
1
2759 120
1
2760 245
1
2761 81
0
0
1
2762 212
0
1
2763 218
1
2764 199
1
2765 229
1
2766 16
1
2767 81
1
2768 136
0
0
1
2769 250
1
2770 167
1
2771 220
0
1
2772 110
1
2773 68
1
2774 141
1
2775 137
1
2776 84
0
0
1
2777 242
1
2778 174
1
2779 192
0
1
2780 109
0
1
2781 192
0
0
1
2782 105
0
1
2783 8
1
2784 184
1
2785 109
1
2786 116
1
2787 223
1
2788 204
1
2789 209
1
2790 19
0
1
2791 52
0
0
1
2792 239
1
2793 73
1
2794 205
0
1
2795 28
1
2796 126
0
1
2797 110
1
2798 132
1
2799 32
1
2800 130
1
2801 46
1
2802 86
1
2803 44
1
2804 179
1
2805 61
1
2806 155
1
2807 37
0
1
2808 167
1
2809 165
0
0
0
1
2810 219
1
2811 219
1
2812 45
1
2813 4
1
2814 143
1
2815 167
1
2816 216
1
2817 228
1
2818 48
1
2819 72
1
2820 207
1
2821 213
1
2822 55
0
1
2823 48
1
2824 43
1
2825 225
1
2826 35
0
0
1
2827 173
1
2828 6
1
2829 105
1
2830 198
1
2831 73
0
1
2832 93
0
0
1
2833 49
1
2834 156
1
2835 242
1
2836 115
1
2837 201
1
2838 29
1
2839 147
1
2840 209
1
2841 119
0
1
2842 171
1
2843 149
0
1
2844 192
0
1
2845 81
1
2846 95
0
1
2847 133
1
2848 157
1
2849 214
0
1
2850 221
1
2851 177
1
2852 176
1
2853 245
1
2854 192
1
2855 226
1
2856 165
1
2857 97
1
2858 77
0
1
2859 87
1
2860 248
1
2861 75
1
2862 229
1
2863 241
1
2864 243
1
2865 210
1
2866 189
1
2867 57
1
2868 69
1
2869 129
1
2870 164
0
1
2871 175
1
2872 26
1
2873 188
0
1
2874 52
1
2875 41
1
2876 134
1
2877 107
1
2878 102
0
1
2879 177
1
2880 121
1
2881 165
1
2882 194
1
2883 88
1
2884 38
1
2885 86
1
2886 163
1
2887 205
1
2888 26
1
2889 186
0
1
2890 42
0
1
2891 189
1
2892 194
1
2893 128
1
2894 111
1
2895 4
1
2896 32
1
2897 94
1
2898 23
1
2899 19
1
2900 32
1
2901 127
1
2902 34
1
2903 232
0
1
2904 170
1
2905 13
1
2906 139
1
2907 45
0
0
1
2908 99
1
2909 81
1
2910 39
1
2911 124
1
2912 45
1
2913 3
0
0
1
2914 214
1
2915 176
1
2916 244
1
2917 125
0
1
2918 145
1
2919 131
1
2920 12
1
2921 41
0
1
2922 53
1
2923 109
1
2924 189
1
2925 219
1
2926 126
1
2927 128
0
1
2928 117
0
0
0
1
2929 136
1
2930 110
1
2931 219
1
2932 92
0
1
2933 70
1
2934 124
0
0
0
0
1
2935 109
1
2936 188
1
2937 94
1
2938 15
1
2939 250
1
2940 136
1
2941 210
1
2942 216
1
2943 202
0
1
2944 236
0
1
2945 5
1
2946 249
1
2947 46
0
1
2948 230
0
1
2949 51
1
2950 245
1
2951 17
1
2952 26
1
2953 53
1
2954 120
1
2955 119
1
2956 75
0
1
2957 126
1
2958 230
1
2959 189
1
2960 79
1
2961 91
1
2962 224
1
2963 117
0
0
1
2964 106
1
2965 205
0
1
2966 203
0
1
2967 36
0
1
2968 179
1
2969 236
1
2970 46
1
2971 91
0
1
2972 91
1
2973 45
0
1
2974 88
1
2975 80
1
2976 57
0
1
2977 188
1
2978 218
1
2979 61
1
2980 240
1
2981 193
0
0
1
2982 246
0
0
1
2983 215
1
2984 3
1
2985 192
1
2986 144
1
2987 56
1
2988 184
1
2989 142
0
1
2990 125
1
2991 170
1
2992 128
0
0
1
2993 11
1
2994 203
1
2995 36
1
2996 247
1
2997 225
0
1
2998 97
0
1
2999 164
1
3000 97
0
1
3001 180
1
3002 246
1
3003 138
1
3004 185
1
3005 98
1
3006 139
1
3007 14
1
3008 131
0
0
1
3009 149
1
3010 212
1
3011 168
1
3012 102
1
3013 229
1
3014 158
1
3015 249
0
1
3016 114
0
1
3017 222
0
1
3018 108
1
3019 81
1
3020 91
1
3021 113
1
3022 201
0
1
3023 30
1
3024 67
1
3025 203
0
1
3026 155
1
3027 4
0
1
3028 105
0
1
3029 88
0
1
3030 45
0
0
1
3031 66
1
3032 70
1
3033 3
0
0
0
1
3034 120
1
3035 117
1
3036 184
1
3037 132
0
0
1
3038 59
1
3039 42
1
3040 91
1
3041 236
1
3042 125
1
3043 198
0
0
1
3044 65
0
1
3045 240
0
1
3046 245
1
3047 80
1
3048 126
1
3049 56
1
3050 179
0
1
3051 130
1
3052 21
0
1
3053 179
1
3054 58
0
1
3055 96
1
3056 57
1
3057 204
1
3058 244
0
1
3059 207
1
3060 156
1
3061 195
0
1
3062 8
1
3063 75
0
0
1
3064 111
0
1
3065 187
1
3066 89
1
3067 146
1
3068 48
0
1
3069 46
1
3070 173
1
3071 60
0
0
0
1
3072 39
0
1
3073 95
1
3074 200
1
3075 158
1
3076 107
0
1
3077 55
1
3078 28
0
1
3079 119
1
3080 19
1
3081 36
1
3082 52
1
3083 121
1
3084 184
1
3085 166
1
3086 70
1
3087 102
1
3088 7
1
3089 158
1
3090 67
1
3091 85
1
3092 72
1
3093 147
1
3094 7
1
3095 137
0
1
3096 47
1
3097 4
1
3098 78
0
0
1
3099 63
1
3100 87
1
3101 158
1
3102 185
1
3103 12
0
1
3104 61
1
3105 71
1
3106 89
1
3107 157
1
3108 103
1
3109 43
1
3110 75
1
3111 135
1
3112 10
1
3113 15
0
0
1
3114 21
1
3115 103
1
3116 46
0
1
3117 207
1
3118 170
1
3119 169
1
3120 162
0
1
3121 217
1
3122 45
1
3123 108
1
3124 140
1
3125 32
1
3126 251
1
3127 101
1
3128 38
1
3129 127
1
3130 222
1
3131 87
0
0
1
3132 114
0
1
3133 3
1
3134 134
1
3135 221
1
3136 47
0
0
1
3137 82
1
3138 143
1
3139 221
1
3140 88
1
3141 184
0
1
3142 188
0
0
0
1
3143 21
1
3144 102
1
3145 165
1
3146 49
0
1
3147 175
1
3148 248
1
3149 3
1
3150 214
1
3151 60
0
1
3152 11
0
1
3153 45
1
3154 5
1
3155 181
0
1
3156 233
0
1
3157 193
1
3158 11
1
3159 237
0
1
3160 153
1
3161 122
0
1
3162 226
1
3163 174
1
3164 143
0
1
3165 144
1
3166 238
1
3167 208
0
1
3168 92
0
1
3169 62
0
0
1
3170 213
1
3171 46
1
3172 191
1
3173 222
1
3174 225
1
3175 119
1
3176 4
0
1
3177 44
0
1
3178 202
1
3179 136
1
3180 62
1
3181 182
1
3182 168
1
3183 30
0
0
0
1
3184 251
1
3185 207
1
3186 132
0
1
3187 168
1
3188 222
1
3189 111
1
3190 46
1
3191 109
1
3192 39
1
3193 39
1
3194 186
0
1
3195 160
1
3196 107
1
3197 21
1
3198 144
1
3199 173
0
1
3200 65
1
3201 122
1
3202 65
1
3203 87
0
1
3204 242
1
3205 42
1
3206 70
1
3207 119
1
3208 226
1
3209 132
1
3210 187
0
1
3211 162
1
3212 246
0
1
3213 236
1
3214 31
0
1
3215 132
0
1
3216 195
1
3217 8
0
1
3218 176
1
3219 209
0
0
1
3220 121
1
3221 75
1
3222 94
1
3223 50
1
3224 100
1
3225 202
1
3226 54
1
3227 221
0
1
3228 154
1
3229 89
0
1
3230 183
1
3231 127
1
3232 168
0
1
3233 211
1
3234 77
1
3235 155
1
3236 60
0
1
3237 3
0
1
3238 159
1
3239 69
1
3240 40
0
1
3241 49
1
3242 167
0
1
3243 122
1
3244 156
1
3245 241
1
3246 66
1
3247 145
1
3248 216
1
3249 28
1
3250 49
1
3251 95
1
3252 201
1
3253 241
1
3254 91
0
1
3255 209
1
3256 37
1
3257 225
1
3258 24
0
1
3259 190
1
3260 204
0
0
1
3261 122
0
1
3262 47
1
3263 167
1
3264 112
1
3265 46
1
3266 142
1
3267 112
1
3268 105
1
3269 115
1
3270 91
0
0
1
3271 182
1
3272 9
0
1
3273 26
1
3274 221
0
1
3275 225
1
3276 153
1
3277 150
1
3278 217
0
1
3279 84
1
3280 170
0
1
3281 85
1
3282 29
0
1
3283 202
1
3284 128
0
0
1
3285 189
1
3286 88
1
3287 209
0
1
3288 122
1
3289 76
1
3290 240
1
3291 17
1
3292 4
1
3293 236
0
0
1
3294 190
1
3295 157
1
3296 119
1
3297 58
1
3298 10
1
3299 158
1
3300 218
0
1
3301 62
1
3302 239
1
3303 69
1
3304 129
1
3305 87
1
3306 241
0
0
0
0
0
0
1
3307 97
1
3308 242
0
1
3309 14
1
3310 102
1
3311 31
1
3312 212
1
3313 35
1
3314 3
1
3315 206
1
3316 203
1
3317 236
1
3318 175
1
3319 111
1
3320 33
0
1
3321 155
1
3322 79
1
3323 79
1
3324 179
1
3325 226
0
1
3326 4
1
3327 90
1
3328 52
1
3329 3
1
3330 45
1
3331 194
0
0
0
1
3332 26
1
3333 219
1
3334 28
0
0
1
3335 144
1
3336 202
0
1
3337 20
1
3338 187
1
3339 220
1
3340 15
1
3341 123
0
1
3342 49
1
3343 229
1
3344 21
0
1
3345 199
0
1
3346 174
1
3347 185
1
3348 107
1
3349 60
1
3350 68
1
3351 31
0
1
3352 205
1
3353 75
1
3354 247
1
3355 92
1
3356 165
0
1
3357 51
1
3358 13
1
3359 21
1
3360 14
0
0
0
0
1
3361 49
1
3362 33
0
1
3363 33
1
3364 59
0
0
1
3365 126
1
3366 119
1
3367 123
1
3368 247
1
3369 148
1
3370 203
1
3371 209
1
3372 138
1
3373 7
0
1
3374 57
1
3375 76
0
0
1
3376 104
1
3377 99
0
0
0
1
3378 180
1
3379 242
1
3380 92
1
3381 192
0
0
1
3382 9
1
3383 121
1
3384 175
0
1
3385 37
1
3386 17
1
3387 108
1
3388 76
1
3389 47
0
1
3390 69
1
3391 18
1
3392 117
0
1
3393 168
1
3394 80
0
1
3395 190
0
1
3396 21
1
3397 111
0
1
3398 64
1
3399 247
0
1
3400 39
0
1
3401 154
1
3402 26
0
1
3403 19
1
3404 137
0
0
0
1
3405 126
1
3406 31
1
3407 226
1
3408 124
0
1
3409 152
1
3410 118
0
1
3411 194
1
3412 169
1
3413 95
1
3414 103
1
3415 201
1
3416 190
0
1
3417 117
0
1
3418 18
1
3419 175
0
1
3420 9
1
3421 183
0
1
3422 194
1
3423 21
0
1
3424 4
1
3425 231
0
1
3426 14
1
3427 122
1
3428 224
0
1
3429 222
1
3430 2
1
3431 158
1
3432 215
1
3433 86
0
0
1
3434 138
1
3435 117
0
0
1
3436 41
1
3437 217
1
3438 160
1
3439 24
1
3440 239
1
3441 99
1
3442 27
1
3443 133
1
3444 140
0
0
1
3445 141
1
3446 15
1
3447 119
1
3448 223
0
1
3449 3
1
3450 158
0
1
3451 54
1
3452 116
1
3453 152
1
3454 139
0
1
3455 32
1
3456 61
1
3457 65
0
0
1
3458 148
1
3459 209
0
0
1
3460 153
1
3461 181
1
3462 79
1
3463 194
1
3464 183
1
3465 173
0
0
1
3466 245
0
0
1
3467 40
0
0
1
3468 78
1
3469 144
0
1
3470 158
1
3471 178
1
3472 234
0
1
3473 107
1
3474 86
0
0
0
1
3475 46
0
1
3476 226
1
3477 136
0
0
1
3478 115
0
1
3479 3
1
3480 121
1
3481 204
0
0
0
1
3482 103
1
3483 130
1
3484 203
1
3485 32
1
3486 197
1
3487 226
1
3488 165
0
0
1
3489 147
1
3490 71
1
3491 175
1
3492 248
0
1
3493 143
1
3494 96
0
1
3495 235
0
1
3496 40
0
0
1
3497 192
1
3498 232
1
3499 122
0
1
3500 228
1
3501 202
0
1
3502 77
1
3503 194
1
3504 22
1
3505 146
0
0
1
3506 101
1
3507 44
0
0
1
3508 147
1
3509 166
1
3510 224
1
3511 243
1
3512 143
1
3513 6
1
3514 153
0
1
3515 166
0
1
3516 26
1
3517 43
1
3518 5
0
0
1
3519 195
1
3520 117
1
3521 21
1
3522 201
1
3523 227
0
0
1
3524 30
0
0
1
3525 126
1
3526 209
1
3527 15
1
3528 167
1
3529 208
0
1
3530 113
1
3531 157
1
3532 54
0
0
1
3533 108
0
1
3534 58
1
3535 236
0
1
3536 66
1
3537 22
0
0
0
0
1
3538 119
1
3539 98
0
1
3540 222
0
1
3541 77
0
1
3542 2
1
3543 167
1
3544 207
1
3545 196
0
1
3546 77
1
3547 209
1
3548 93
0
0
0
1
3549 102
1
3550 171
1
3551 68
1
3552 54
1
3553 126
0
1
3554 237
0
0
1
3555 100
0
1
3556 68
1
3557 68
1
3558 99
0
1
3559 64
0
1
3560 14
0
0
1
3561 230
1
3562 251
0
1
3563 143
1
3564 179
1
3565 155
1
3566 228
1
3567 147
1
3568 118
1
3569 88
1
3570 178
0
1
3571 199
1
3572 168
0
1
3573 205
0
1
3574 212
1
3575 58
1
3576 45
1
3577 219
0
0
0
1
3578 216
1
3579 107
1
3580 48
1
3581 10
1
3582 64
0
1
3583 155
0
1
3584 4
1
3585 42
1
3586 160
0
1
3587 96
1
3588 61
1
3589 211
1
3590 18
0
1
3591 15
0
1
3592 203
0
1
3593 49
1
3594 37
1
3595 28
0
0
1
3596 18
1
3597 227
1
3598 90
0
0
1
3599 146
1
3600 214
1
3601 180
0
0
1
3602 172
0
0
1
3603 104
1
3604 114
1
3605 113
1
3606 246
0
1
3607 241
1
3608 17
1
3609 136
1
3610 221
0
1
3611 44
1
3612 135
1
3613 240
1
3614 123
1
3615 237
1
3616 41
1
3617 121
1
3618 29
0
0
1
3619 235
1
3620 158
0
1
3621 245
1
3622 127
1
3623 155
1
3624 228
1
3625 103
0
1
3626 33
0
0
0
1
3627 111
0
0
1
3628 120
0
1
3629 245
0
0
1
3630 81
1
3631 91
0
1
3632 201
1
3633 21
0
1
3634 9
1
3635 129
1
3636 149
0
1
3637 51
1
3638 138
0
1
3639 117
1
3640 47
1
3641 16
1
3642 22
0
1
3643 182
0
0
1
3644 179
1
3645 173
0
0
0
0
1
3646 70
1
3647 9
1
3648 212
1
3649 61
1
3650 76
1
3651 69
1
3652 174
1
3653 26
1
3654 131
1
3655 21
1
3656 119
1
3657 243
1
3658 148
1
3659 243
1
3660 7
0
0
0
1
3661 193
1
3662 14
0
0
0
0
1
3663 186
1
3664 67
1
3665 197
0
0
0
0
1
3666 85
0
0
0
1
3667 203
1
3668 47
1
3669 148
0
1
3670 71
1
3671 32
0
0
0
1
3672 80
1
3673 85
1
3674 101
1
3675 126
1
3676 53
1
3677 238
1
3678 82
1
3679 165
1
3680 48
0
0
0
0
0
0
1
3681 247
0
0
0
1
3682 239
0
1
3683 50
0
0
1
3684 24
0
1
3685 101
1
3686 155
1
3687 61
0
0
0
1
3688 114
1
3689 187
1
3690 192
1
3691 199
1
3692 14
1
3693 46
0
1
3694 242
0
1
3695 91
1
3696 245
1
3697 40
0
0
0
0
1
3698 195
0
0
1
3699 49
1
3700 234
1
3701 180
0
1
3702 251
1
3703 49
1
3704 27
1
3705 88
0
0
0
1
3706 245
0
0
0
0
0
0
0
0
0
0
1
3707 12
1
3708 220
1
3709 232
0
1
3710 165
1
3711 167
1
3712 3
0
0
1
3713 146
1
3714 239
0
1
3715 244
0
1
3716 148
1
3717 120
0
1
3718 125
1
3719 93
1
3720 216
0
1
3721 64
1
3722 131
0
1
3723 160
1
3724 81
0
0
0
1
3725 77
1
3726 82
0
0
0
0
1
3727 46
1
3728 14
0
0
1
3729 250
0
0
0
0
1
3730 128
1
3731 69
1
3732 52
1
3733 64
1
3734 243
0
0
0
0
1
3735 242
1
3736 195
1
3737 181
0
0
1
3738 224
0
0
1
3739 155
0
0
1
3740 70
0
1
3741 183
0
1
3742 136
1
3743 54
0
1
3744 108
0
0
1
3745 23
0
1
3746 103
1
3747 67
1
3748 167
1
3749 124
1
3750 77
1
3751 52
0
1
3752 233
0
0
1
3753 67
1
3754 151
1
3755 33
1
3756 5
0
1
3757 233
1
3758 155
1
3759 137
0
1
3760 200
1
3761 48
1
3762 192
1
3763 37
1
3764 46
0
0
0
1
3765 49
1
3766 6
0
0
0
0
0
1
3767 218
0
1
3768 134
1
3769 246
1
3770 196
1
3771 135
1
3772 233
1
3773 166
0
1
3774 130
0
0
1
3775 145
0
0
0
0
0
0
0
0
1
3776 35
0
1
3777 142
0
1
3778 140
1
3779 123
1
3780 236
1
3781 44
1
3782 117
1
3783 139
1
3784 175
1
3785 251
1
3786 41
1
3787 70
0
0
0
0
1
3788 232
0
0
1
3789 111
1
3790 131
1
3791 216
0
0
1
3792 238
0
0
1
3793 100
1
3794 165
0
0
0
1
3795 40
1
3796 146
1
3797 96
1
3798 143
1
3799 251
0
1
3800 179
0
0
0
1
3801 26
0
1
3802 144
0
1
3803 128
1
3804 212
1
3805 106
1
3806 129
1
3807 3
1
3808 71
0
1
3809 105
0
0
1
3810 129
0
1
3811 9
0
0
1
3812 137
0
0
0
0
1
3813 118
1
3814 111
0
1
3815 186
1
3816 68
0
1
3817 79
1
3818 184
1
3819 148
0
0
0
0
1
3820 101
0
1
3821 9
0
1
3822 91
0
1
3823 124
1
3824 245
0
0
0
1
3825 37
1
3826 225
1
3827 117
1
3828 180
1
3829 222
1
3830 209
1
3831 3
0
1
3832 155
1
3833 55
0
0
0
0
1
3834 115
0
1
3835 69
1
3836 40
0
1
3837 2
0
0
1
3838 215
1
3839 67
1
3840 140
1
3841 209
1
3842 146
0
1
3843 207
1
3844 248
1
3845 183
0
0
1
3846 221
0
0
0
0
1
3847 78
0
1
3848 97
1
3849 35
1
3850 69
1
3851 173
1
3852 12
1
3853 83
0
0
0
1
3854 32
1
3855 27
1
3856 249
1
3857 123
1
3858 78
1
3859 131
0
1
3860 131
1
3861 148
1
3862 140
0
0
1
3863 190
1
3864 249
0
0
0
1
3865 170
0
0
0
1
3866 228
1
3867 119
0
0
1
3868 148
0
1
3869 225
0
1
3870 141
0
1
3871 154
0
1
3872 178
1
3873 97
1
3874 14
0
1
3875 63
0
1
3876 59
1
3877 35
0
0
0
0
1
3878 100
0
0
1
3879 218
1
3880 44
0
1
3881 27
0
0
0
0
1
3882 105
1
3883 217
1
3884 156
1
3885 97
0
1
3886 59
1
3887 104
0
0
1
3888 148
1
3889 97
0
0
0
0
1
3890 61
1
3891 11
0
0
0
1
3892 212
0
1
3893 152
0
1
3894 44
0
1
3895 104
0
0
0
1
3896 63
0
1
3897 87
1
3898 184
0
0
0
0
0
1
3899 187
0
1
3900 209
0
1
3901 144
1
3902 134
1
3903 63
0
0
1
3904 108
0
1
3905 6
0
1
3906 99
1
3907 210
1
3908 92
1
3909 11
1
3910 15
0
1
3911 128
0
0
0
1
3912 105
1
3913 223
1
3914 137
0
0
1
3915 25
0
1
3916 27
1
3917 37
1
3918 233
0
0
0
1
3919 246
1
3920 71
0
1
3921 141
1
3922 199
1
3923 162
1
3924 224
1
3925 179
0
0
0
1
3926 121
1
3927 157
1
3928 96
1
3929 71
0
0
0
1
3930 3
0
1
3931 239
0
0
1
3932 101
0
0
1
3933 247
1
3934 199
1
3935 169
0
1
3936 29
0
0
1
3937 69
1
3938 200
1
3939 6
1
3940 233
1
3941 238
1
3942 150
1
3943 74
1
3944 152
0
0
1
3945 131
0
1
3946 156
1
3947 214
1
3948 99
1
3949 59
1
3950 80
0
0
1
3951 143
1
3952 247
1
3953 66
0
1
3954 50
0
0
0
1
3955 107
0
1
3956 216
1
3957 239
0
1
3958 152
0
1
3959 236
1
3960 132
1
3961 48
1
3962 18
0
0
0
1
3963 229
0
0
0
1
3964 250
0
1
3965 84
0
1
3966 172
1
3967 114
1
3968 137
0
0
0
0
1
3969 187
1
3970 3
0
1
3971 222
1
3972 193
0
0
1
3973 178
0
1
3974 127
1
3975 121
1
3976 157
0
1
3977 23
0
1
3978 21
0
1
3979 40
1
3980 120
1
3981 123
0
1
3982 33
1
3983 201
0
0
0
1
3984 114
0
1
3985 4
0
1
3986 156
0
1
3987 2
1
3988 238
1
3989 125
0
0
0
1
3990 234
0
1
3991 13
0
0
1
3992 45
1
3993 52
0
1
3994 15
1
3995 24
1
3996 14
0
1
3997 128
0
0
0
0
1
3998 73
0
1
3999 162
0
1
4000 193
1
4001 123
0
1
4002 50
0
0
0
1
4003 123
0
0
1
4004 93
1
4005 129
1
4006 54
0
0
1
4007 72
1
4008 139
1
4009 136
1
4010 217
1
4011 145
0
1
4012 85
0
1
4013 209
1
4014 19
1
4015 153
1
4016 52
1
4017 117
1
4018 153
1
4019 151
1
4020 241
0
0
0
1
4021 87
0
1
4022 154
1
4023 94
1
4024 111
0
1
4025 38
0
1
4026 121
1
4027 226
0
0
1
4028 221
1
4029 39
1
4030 148
0
1
4031 46
1
4032 77
0
0
1
4033 170
0
1
4034 184
1
4035 179
1
4036 125
0
1
4037 49
0
1
4038 235
1
4039 206
1
4040 140
0
0
1
4041 54
1
4042 45
0
0
1
4043 113
0
1
4044 185
0
1
4045 212
1
4046 134
0
0
0
0
0
1
4047 222
0
1
4048 200
0
1
4049 248
1
4050 21
1
4051 186
0
0
1
4052 21
0
1
4053 218
0
0
0
0
1
4054 239
0
1
4055 134
0
0
1
4056 45
0
0
1
4057 30
1
4058 72
0
1
4059 202
1
4060 28
1
4061 31
1
4062 171
0
1
4063 109
1
4064 99
0
1
4065 177
1
4066 39
1
4067 73
1
4068 183
0
0
0
1
4069 64
0
0
0
1
4070 114
1
4071 174
1
4072 117
1
4073 174
0
0
1
4074 62
1
4075 29
1
4076 14
0
1
4077 39
0
0
0
1
4078 251
0
1
4079 57
0
0
1
4080 111
1
4081 105
0
0
0
0
0
1
4082 4
0
1
4083 240
0
1
4084 150
0
1
4085 220
1
4086 102
0
1
4087 26
0
0
0
0
0
0
1
4088 61
0
1
4089 126
1
4090 139
0
0
1
4091 161
0
0
1
4092 17
1
4093 214
0
1
4094 230
1
4095 155
1
4096 25
0
1
4097 111
1
4098 213
1
4099 207
1
4100 37
0
0
0
0
0
0
0
0
0
0
0
1
4101 193
1
4102 130
1
4103 7
0
1
4104 205
1
4105 68
1
4106 107
1
4107 189
1
4108 197
0
1
4109 141
0
1
4110 197
0
0
1
4111 235
1
4112 46
1
4113 226
0
0
1
4114 231
0
1
4115 88
0
0
1
4116 216
0
1
4117 156
1
4118 37
1
4119 78
1
4120 65
0
1
4121 92
0
0
1
4122 219
0
0
1
4123 204
1
4124 21
0
0
0
1
4125 193
1
4126 118
0
1
4127 186
0
0
0
0
0
0
0
0
1
4128 44
0
1
4129 191
0
0
1
4130 76
0
1
4131 65
0
0
0
1
4132 3
0
1
4133 169
0
0
0
1
4134 42
1
4135 7
1
4136 133
0
1
4137 74
1
4138 115
0
0
1
4139 192
0
1
4140 117
0
0
1
4141 65
0
1
4142 243
1
4143 169
1
4144 105
0
1
4145 39
0
0
0
0
1
4146 241
1
4147 33
1
4148 244
1
4149 93
1
4150 223
1
4151 140
0
0
0
0
1
4152 46
1
4153 183
1
4154 78
0
0
0
0
1
4155 194
0
1
4156 56
1
4157 30
0
0
0
0
0
1
4158 119
0
0
1
4159 120
0
1
4160 204
0
1
4161 117
1
4162 15
1
4163 73
1
4164 43
0
1
4165 73
0
0
1
4166 243
1
4167 15
0
0
1
4168 8
0
1
4169 85
1
4170 246
1
4171 49
0
0
0
0
1
4172 49
1
4173 69
1
4174 87
0
1
4175 155
1
4176 167
1
4177 114
0
0
1
4178 244
1
4179 152
1
4180 197
0
1
4181 226
0
0
1
4182 150
1
4183 195
1
4184 49
0
1
4185 3
0
0
1
4186 193
1
4187 41
0
1
4188 7
0
0
1
4189 66
1
4190 146
0
1
4191 2
1
4192 46
0
0
0
1
4193 174
0
1
4194 189
1
4195 236
0
1
4196 74
0
0
1
4197 4
0
0
1
4198 236
0
0
0
0
0
1
4199 10
1
4200 187
0
0
0
1
4201 203
1
4202 111
1
4203 39
0
1
4204 197
0
0
0
0
1
4205 135
1
4206 188
1
4207 171
0
1
4208 93
0
1
4209 122
1
4210 61
1
4211 226
1
4212 187
0
0
1
4213 9
1
4214 30
0
0
0
0
1
4215 73
0
0
0
0
1
4216 24
1
4217 136
1
4218 179
0
0
0
0
1
4219 164
0
0
1
4220 206
1
4221 126
0
0
1
4222 45
0
0
1
4223 109
1
4224 239
0
0
1
4225 240
1
4226 65
1
4227 16
0
0
1
4228 113
1
4229 45
1
4230 2
0
1
4231 33
0
1
4232 186
1
4233 224
0
0
0
0
0
0
1
4234 148
0
0
1
4235 60
0
1
4236 99
1
4237 153
0
0
1
4238 64
1
4239 63
1
4240 108
0
1
4241 33
0
0
1
4242 104
0
0
1
4243 232
1
4244 94
1
4245 84
0
0
1
4246 47
0
0
1
4247 135
1
4248 23
0
0
0
0
1
4249 32
1
4250 39
1
4251 186
0
1
4252 39
0
0
0
1
4253 19
0
0
0
1
4254 21
0
1
4255 215
0
1
4256 193
1
4257 45
0
0
0
1
4258 37
1
4259 120
0
0
1
4260 38
0
0
0
1
4261 204
0
0
1
4262 47
0
0
0
0
1
4263 87
1
4264 54
1
4265 7
0
0
1
4266 120
0
1
4267 122
0
0
0
0
0
1
4268 70
0
1
4269 25
0
0
0
0
0
0
0
0
0
0
0
1
4270 76
0
1
4271 246
0
0
0
0
0
1
4272 240
0
0
1
4273 161
0
0
1
4274 196
0
0
0
0
1
4275 93
0
0
0
1
4276 72
0
1
4277 249
0
1
4278 175
0
1
4279 40
0
0
0
0
0
0
0
1
4280 248
0
0
1
4281 195
0
1
4282 196
0
0
1
4283 169
0
0
1
4284 251
1
4285 114
1
4286 141
1
4287 47
1
4288 181
1
4289 163
0
0
1
4290 219
0
0
0
0
0
1
4291 43
0
0
1
4292 209
1
4293 127
0
0
1
4294 189
0
1
4295 142
0
1
4296 96
1
4297 163
0
1
4298 208
1
4299 3
0
0
0
0
0
0
0
1
4300 97
0
0
1
4301 25
1
4302 177
0
1
4303 178
0
0
0
0
0
0
0
1
4304 227
0
1
4305 14
1
4306 223
1
4307 166
1
4308 246
0
1
4309 249
0
0
0
1
4310 239
1
4311 57
1
4312 49
0
0
1
4313 79
1
4314 240
1
4315 111
0
0
0
1
4316 240
0
0
0
1
4317 192
1
4318 231
0
0
1
4319 56
1
4320 103
0
1
4321 206
1
4322 182
0
0
1
4323 155
0
1
4324 208
1
4325 32
1
4326 29
1
4327 50
1
4328 158
0
1
4329 114
0
1
4330 151
1
4331 50
0
0
0
1
4332 69
1
4333 125
1
4334 179
1
4335 40
1
4336 166
1
4337 34
0
0
0
0
1
4338 199
1
4339 182
1
4340 135
1
4341 23
0
0
0
0
0
1
4342 225
0
1
4343 67
1
4344 50
0
1
4345 103
1
4346 202
0
1
4347 109
1
4348 149
1
4349 86
0
1
4350 45
1
4351 203
1
4352 239
0
0
0
0
1
4353 9
0
0
0
0
1
4354 36
0
0
1
4355 229
1
4356 102
0
1
4357 3
0
0
0
0
1
4358 117
1
4359 35
1
4360 236
0
1
4361 182
0
0
1
4362 107
1
4363 165
0
1
4364 114
0
1
4365 204
0
1
4366 162
0
1
4367 247
0
0
1
4368 155
1
4369 79
0
1
4370 50
0
0
1
4371 90
0
0
1
4372 170
0
0
0
0
0
1
4373 216
0
1
4374 56
0
0
0
0
0
0
0
0
1
4375 246
1
4376 109
1
4377 204
0
0
0
1
4378 233
0
1
4379 92
0
1
4380 110
0
0
1
4381 69
0
0
1
4382 11
0
0
0
1
4383 162
0
0
0
0
0
0
0
0
0
0
1
4384 251
1
4385 155
0
1
4386 238
0
0
1
4387 245
1
4388 130
1
4389 221
0
0
1
4390 237
0
0
1
4391 235
1
4392 155
0
0
0
0
0
0
0
1
4393 52
0
1
4394 249
0
0
0
0
0
0
0
0
1
4395 151
1
4396 240
0
0
0
0
0
1
4397 180
1
4398 149
0
0
0
1
4399 209
0
0
1
4400 23
0
1
4401 228
0
0
1
4402 49
0
1
4403 68
0
1
4404 40
1
4405 150
0
0
1
4406 143
0
0
0
0
0
0
0
0
1
4407 120
1
4408 251
0
1
4409 193
1
4410 136
0
1
4411 102
0
1
4412 91
1
4413 30
0
1
4414 80
0
1
4415 40
0
1
4416 238
0
0
0
0
1
4417 181
1
4418 158
1
4419 217
1
4420 19
0
0
1
4421 251
1
4422 97
1
4423 219
0
1
4424 102
0
1
4425 34
1
4426 238
1
4427 58
0
1
4428 140
1
4429 70
0
0
0
0
0
0
0
1
4430 7
1
4431 44
0
0
0
1
4432 128
0
1
4433 76
1
4434 245
1
4435 59
1
4436 228
0
0
0
1
4437 178
0
0
0
0
1
4438 124
0
0
0
0
1
4439 109
0
0
1
4440 190
1
4441 156
1
4442 192
1
4443 95
0
0
0
0
0
1
4444 173
0
0
0
0
1
4445 187
1
4446 81
0
0
0
1
4447 100
1
4448 36
0
0
0
0
1
4449 93
0
0
0
1
4450 229
0
1
4451 109
1
4452 137
1
4453 164
0
0
0
0
0
0
0
0
0
0
0
0
1
4454 220
1
4455 216
0
0
0
1
4456 109
1
4457 84
0
1
4458 75
1
4459 138
1
4460 114
1
4461 136
0
1
4462 36
1
4463 21
1
4464 169
0
1
4465 28
1
4466 202
0
0
0
0
1
4467 12
0
0
1
4468 6
0
0
0
1
4469 105
1
4470 102
0
0
0
1
4471 109
1
4472 7
0
0
0
0
0
0
0
0
1
4473 140
0
1
4474 64
0
0
0
0
1
4475 97
0
1
4476 190
0
1
4477 201
0
1
4478 132
0
0
0
1
4479 196
0
0
0
1
4480 169
1
4481 93
1
4482 65
0
0
0
0
1
4483 206
0
0
1
4484 209
0
0
1
4485 33
1
4486 104
0
1
4487 21
0
0
0
0
0
0
1
4488 96
0
1
4489 224
0
0
1
4490 141
0
1
4491 160
0
0
0
0
0
0
0
0
0
0
0
0
0
0
0
0
0
1
4492 67
0
0
0
1
4493 136
0
0
1
4494 197
0
1
4495 204
0
0
1
4496 91
0
0
1
4497 165
0
0
0
0
0
0
0
0
1
4498 195
0
0
0
0
0
1
4499 164
0
0
0
0
1
4500 210
0
1
4501 68
1
4502 225
0
1
4503 39
1
4504 62
1
4505 87
0
0
1
4506 44
1
4507 102
0
0
1
4508 20
0
1
4509 156
0
0
1
4510 61
1
4511 170
1
4512 211
0
0
0
0
0
0
0
0
0
0
1
4513 230
0
0
0
0
1
4514 127
0
0
0
0
0
0
0
0
0
0
0
0
1
4515 59
0
0
0
1
4516 30
0
1
4517 130
0
1
4518 114
1
4519 63
1
4520 157
1
4521 58
0
0
0
1
4522 3
0
0
0
0
0
0
0
0
0
0
0
0
1
4523 196
0
1
4524 67
0
0
0
0
0
1
4525 232
1
4526 82
1
4527 80
0
0
1
4528 70
0
1
4529 244
1
4530 104
0
0
1
4531 227
0
1
4532 207
1
4533 124
1
4534 197
0
1
4535 119
1
4536 37
0
0
0
0
1
4537 11
0
0
0
0
0
0
1
4538 66
0
1
4539 152
0
0
0
0
1
4540 154
0
0
1
4541 128
0
1
4542 223
0
1
4543 245
0
0
0
1
4544 22
0
0
0
0
0
0
0
1
4545 33
0
1
4546 251
0
0
0
0
0
0
0
1
4547 143
0
1
4548 122
0
1
4549 170
0
0
0
0
0
1
4550 137
1
4551 70
0
1
4552 250
0
0
0
0
0
0
0
0
0
0
1
4553 101
0
0
0
1
4554 144
0
1
4555 47
0
0
0
1
4556 114
0
0
0
0
0
0
1
4557 39
0
0
0
0
0
0
0
0
0
0
0
1
4558 82
0
0
1
4559 242
0
0
0
1
4560 107
0
0
0
0
0
0
0
0
1
4561 141
0
0
0
1
4562 149
0
0
0
1
4563 79
0
0
0
1
4564 178
0
1
4565 41
1
4566 70
0
0
0
0
0
1
4567 20
0
0
0
1
4568 53
1
4569 231
0
0
0
0
1
4570 152
0
0
0
1
4571 240
0
0
0
1
4572 235
0
0
1
4573 18
0
0
0
0
0
0
0
0
0
0
1
4574 170
0
1
4575 102
0
0
0
0
0
0
1
4576 222
0
0
1
4577 249
1
4578 157
1
4579 178
0
0
1
4580 88
0
1
4581 177
0
0
0
1
4582 94
1
4583 139
0
0
0
0
0
0
0
0
0
0
0
0
0
0
0
0
0
0
0
0
0
0
1
4584 226
1
4585 249
0
0
0
0
0
0
1
4586 144
0
0
0
0
0
0
0
0
0
0
0
0
0
0
1
4587 228
0
0
0
1
4588 236
1
4589 58
1
4590 107
0
0
0
1
4591 139
1
4592 42
0
1
4593 95
0
0
1
4594 78
0
0
0
0
0
0
0
1
4595 226
0
1
4596 211
0
0
0
0
0
0
0
0
1
4597 5
0
0
0
0
0
0
1
4598 78
0
0
0
0
1
4599 163
0
1
4600 162
1
4601 19
0
0
0
1
4602 119
0
0
0
0
0
1
4603 100
1
4604 132
0
1
4605 93
0
1
4606 204
1
4607 175
0
1
4608 34
0
0
1
4609 19
0
0
0
0
1
4610 150
0
0
0
0
0
0
0
1
4611 222
1
4612 129
0
0
0
0
0
0
0
0
0
1
4613 237
1
4614 44
0
0
0
0
0
0
0
0
1
4615 211
1
4616 15
0
0
0
1
4617 112
1
4618 142
0
0
0
0
0
0
1
4619 169
1
4620 118
0
0
1
4621 238
0
0
0
1
4622 21
0
1
4623 244
0
1
4624 15
0
0
0
0
1
4625 42
1
4626 124
0
1
4627 155
0
0
0
0
0
1
4628 71
0
0
0
1
4629 197
1
4630 100
0
0
0
0
1
4631 118
1
4632 14
0
0
0
1
4633 111
1
4634 160
0
0
0
0
0
0
1
4635 137
0
1
4636 132
1
4637 247
0
1
4638 44
0
0
0
0
0
0
0
1
4639 136
0
0
0
0
1
4640 46
0
0
0
0
0
0
0
0
0
0
0
0
0
1
4641 208
0
0
0
0
0
0
0
1
4642 152
0
0
0
0
0
0
1
4643 161
0
0
0
0
1
4644 49
0
1
4645 4
0
0
0
0
0
0
0
0
0
0
0
0
0
0
0
0
1
4646 89
1
4647 112
0
0
1
4648 91
0
0
0
0
1
4649 52
0
0
1
4650 32
0
0
0
0
0
0
0
0
0
0
0
0
0
1
4651 64
0
0
0
1
4652 100
0
0
1
4653 204
0
0
0
0
0
1
4654 21
0
1
4655 246
0
0
0
0
0
0
0
0
0
0
0
1
4656 248
0
0
0
0
0
1
4657 4
1
4658 187
0
0
0
1
4659 197
0
0
0
0
0
1
4660 192
0
1
4661 160
1
4662 27
0
0
0
1
4663 238
0
1
4664 142
1
4665 176
0
0
0
0
1
4666 91
1
4667 189
1
4668 185
1
4669 44
1
4670 75
0
0
0
0
0
0
1
4671 192
1
4672 200
0
1
4673 138
0
0
1
4674 187
0
0
0
0
0
1
4675 177
0
0
0
0
0
1
4676 195
0
0
0
0
0
1
4677 237
0
0
0
0
0
1
4678 157
0
1
4679 168
0
1
4680 206
1
4681 109
0
1
4682 60
0
0
0
1
4683 42
1
4684 215
0
1
4685 203
1
4686 78
0
0
0
0
0
0
0
0
1
4687 111
1
4688 205
1
4689 65
0
0
1
4690 225
0
0
0
1
4691 206
0
1
4692 200
0
0
0
0
0
0
0
0
0
0
0
0
0
0
1
4693 203
0
0
1
4694 63
0
0
0
0
0
1
4695 68
1
4696 91
0
0
0
0
0
0
0
0
0
0
0
0
0
0
0
0
0
0
1
4697 214
1
4698 37
1
4699 2
0
1
4700 17
0
0
0
0
0
0
0
0
0
0
0
0
1
4701 150
0
0
0
0
0
0
0
1
4702 50
0
0
0
0
0
0
0
0
0
0
1
4703 45
0
0
0
0
1
4704 130
0
0
0
0
0
0
0
1
4705 4
0
0
0
0
0
0
0
0
0
0
0
0
1
4706 36
0
1
4707 49
0
0
1
4708 217
0
1
4709 44
0
0
0
1
4710 198
0
0
0
0
0
0
0
0
0
0
0
0
0
0
0
0
1
4711 15
0
0
0
0
0
0
0
0
1
4712 127
0
0
1
4713 251
1
4714 114
0
0
0
0
0
0
0
0
0
0
0
0
1
4715 184
0
0
0
1
4716 111
0
0
1
4717 231
0
1
4718 77
0
0
0
0
0
1
4719 192
0
0
0
0
1
4720 193
0
0
0
0
0
1
4721 19
0
0
0
0
0
0
0
0
0
0
0
0
0
0
0
1
4722 29
0
0
0
0
0
0
0
0
0
0
1
4723 72
0
0
0
0
1
4724 246
0
0
0
0
1
4725 246
0
0
0
0
0
0
0
0
0
0
0
0
0
0
0
0
0
0
0
0
0
0
0
0
0
0
0
0
0
1
4726 39
1
4727 122
0
0
0
0
0
0
0
0
0
0
0
0
1
4728 105
0
0
1
4729 108
0
0
0
0
1
4730 130
0
0
0
0
0
1
4731 27
0
0
1
4732 177
0
0
0
0
1
4733 120
0
0
0
0
1
4734 50
1
4735 66
0
1
4736 66
0
0
0
0
1
4737 128
0
0
0
0
0
0
0
0
0
0
0
0
0
0
0
0
0
0
1
4738 64
1
4739 17
0
0
0
0
0
0
1
4740 198
1
4741 139
0
0
0
0
0
0
0
0
0
0
0
0
1
4742 173
0
0
0
0
0
0
0
0
0
0
0
0
0
0
0
0
0
0
0
0
0
0
0
1
4743 185
0
0
0
0
0
1
4744 135
0
0
0
0
0
0
0
0
1
4745 88
0
0
0
0
1
4746 33
0
0
0
0
0
0
0
0
1
4747 209
0
0
0
0
1
4748 111
0
0
0
0
0
0
0
0
0
0
0
1
4749 39
0
0
0
0
0
0
0
0
0
0
1
4750 62
0
0
0
0
0
0
0
0
0
0
0
0
0
0
0
0
0
0
0
1
4751 113
0
0
0
0
0
0
0
0
0
0
0
0
1
4752 212
0
0
0
0
0
1
4753 165
0
0
0
0
0
0
0
0
0
0
0
1
4754 221
0
0
0
0
0
0
0
1
4755 120
0
1
4756 166
0
0
0
0
0
0
0
0
0
0
0
0
0
0
0
0
0
0
0
0
0
0
0
0
0
0
0
0
0
0
0
0
0
0
0
0
0
0
1
4757 176
0
0
0
0
0
0
1
4758 176
0
0
0
1
4759 67
1
4760 179
1
4761 205
0
0
0
0
0
0
0
0
0
0
0
0
0
1
4762 48
0
0
0
0
0
0
1
4763 86
0
0
0
0
0
0
0
0
0
0
0
0
0
0
0
0
0
0
0
0
1
4764 87
0
0
0
0
0
0
0
0
0
0
0
0
0
0
0
0
0
1
4765 196
0
0
0
0
0
1
4766 162
0
1
4767 170
0
0
0
0
0
0
0
0
1
4768 106
0
0
0
0
0
1
4769 58
1
4770 246
0
0
0
0
0
0
0
0
0
0
0
0
0
0
0
0
0
0
1
4771 183
0
0
0
0
0
0
0
0
0
0
0
0
0
0
0
0
0
0
0
0
0
1
4772 99
0
0
0
0
0
0
0
0
0
0
0
0
0
0
0
0
0
0
0
0
0
0
0
0
0
0
0
0
0
0
0
0
1
4773 234
0
0
0
0
0
0
0
0
0
0
0
0
0
0
0
0
0
0
0
0
0
0
0
0
0
0
0
0
0
0
0
0
0
0
0
0
0
0
0
0
0
1
4774 240
0
0
0
0
0
0
0
0
0
0
0
0
0
0
0
0
0
0
0
0
0
0
0
0
1
4775 98
0
0
0
0
0
1
4776 122
0
0
0
0
0
0
0
0
1
4777 162
0
0
0
0
1
4778 181
0
0
0
0
0
0
0
0
0
0
0
0
0
0
0
0
0
1
4779 242
1
4780 238
0
0
0
0
0
0
0
0
0
0
0
0
0
0
1
4781 4
0
0
0
0
0
0
0
0
0
0
0
1
4782 165
0
0
0
0
0
0
0
0
0
1
4783 176
0
1
4784 245
0
0
0
0
0
0
0
0
0
1
4785 197
0
0
0
0
0
0
0
0
0
0
0
0
0
0
0
0
0
0
0
0
0
0
0
0
0
0
0
0
0
1
4786 159
0
0
0
0
0
1
4787 157
0
0
0
0
0
0
0
0
0
0
0
0
0
0
0
0
0
0
0
0
0
0
0
0
0
1
4788 209
0
0
1
4789 42
0
0
0
0
0
0
0
0
0
0
0
0
0
0
0
0
0
0
0
0
0
0
0
0
0
0
0
0
0
0
0
0
0
0
0
0
0
0
0
0
0
0
0
0
0
0
0
0
0
0
0
0
0
0
0
0
1
4790 122
0
0
0
0
0
0
0
0
0
0
0
0
0
0
0
0
0
0
0
0
0
0
0
0
0
0
0
0
0
0
0
0
0
0
0
0
0
0
0
0
0
0
0
0
0
0
0
0
0
0
0
0
0
0
0
0
0
0
0
0
0
0
0
0
0
0
0
0
0
0
0
0
0
0
0
0
0
0
0
0
0
0
0
0
0
0
0
0
0
0
0
0
0
0
0
0
0
0
0
0
0
0
0
0
0
0
0
0
0
0
0
0
0
0
0
0
0
0
0
0
0
0
0
0
0
0
0
0
0
0
0
0
0
0
0
0
0
0
0
0
0
0
0
0
0
0
0
0
0
0
0
0
0
0
0
0
0
0
0
0
0
0
0
0
0
0
0
0
0
0
0
0
0
0
0
0
0
0
0
0
0
0
0
0
0
0
0
0
0
0
0
0
0
0
0
0
0
0
0
0
0
0
0
0
0
0
0
0
0
0
0
0
0
0
0
0
0
0
0
0
0
0
0
0
0
0
0
0
0
0
0
0
0
0
0
0
0
0
0
0
0
0
0
0
0
0
0
0
0
0
0
0
0
0
0
0
0
0
0
0
0
0
0
0
0
0
0
0
0
0
0
0
0
0
0
0
0
0
0
0
0
0
0
0
0
0
0
0
0
0
0
0
0
0
0
0
0
0
0
0
0
0
0
0
0
0
0
0
0
0
0
0
0
0
0
0
0
0
0
0
0
0
0
0
0
0
0
0
0
0
0
0
0
0
0
0
0
0
0
0
0
0
0
0
0
0
0
0
0
0
0
0
0
0
0
0
0
0
0
0
0
0
0
0
0
0
0
0
0
0
0
0
0
0
0
0
0
0
0
0
0
0
0
0
0
0
0
0
0
0
0
0
0
0
0
0
0
0
0
0
0
0
0
0
0
0
0
0
0
0
0
0
0
0
0
0
0
0
0
0
0
0
0
0
0
0
0
0
0
0
0
0
0
0
0
0
0
0
0
0
0
0
0
0
0
0
0
0
0
0
0
0
0
0
0
0
0
0
0
0
0
0
0
0
0
0
0
0
0
0
0
0
0
0
0
0
0
0
0
0
0
0
0
0
0
0
0
0
0
0
0
0
0
0
0
0
0
0
0
0
0
0
0
0
0
0
0
0
0
0
0
0
0
0
0
0
0
0
0
0
0
0
0
0
0
0
0
0
0
0
0
0
0
0
0
0
0
0
0
0
0
0
0
0
0
0
0
0
0
0
0
0
0
0
0
0
0
0
0
0
0
0
0
0
0
0
0
0
0
0
0
0
0
0
0
0
0
0
0
0
0
0
0
0
0
0
0
0
0
0
0
0
0
0
0
0
0
0
0
0
0
0
0
0
0
0
0
0
0
0
0
0
0
0
0
0
0
0
0
0
0
0
0
0
0
0
0
0
0
0
0
0
0
0
0
0
0
0
0
0
0
0
0
0
0
0
0
0
0
0
0
0
0
0
0
0
0
0
0
0
0
0
0
0
0
0
0
0
0
0
0
0
0
0
0
0
0
0
0
0
0
0
0
0
0
0
0
0
0
0
0
0
0
0
0
0
0
0
0
0
0
0
0
0
0
0
0
0
0
0
0
0
