377 736
256 299 2
335 16 4
182 205 4
236 181 3
366 331 4
38 150 3
43 203 4
223 144 2
201 333 4
194 307 3
275 173 5
179 19 3
58 184 2
236 363 4
40 132 4
374 65 3
217 22 4
162 21 4
44 340 3
205 193 3
308 89 3
231 77 4
346 330 3
358 300 3
31 8 4
295 369 3
300 281 4
62 14 3
76 156 3
336 151 4
282 164 2
226 237 4
22 40 2
319 10 3
56 87 2
359 101 2
179 280 3
199 105 3
260 245 4
31 83 3
252 174 4
157 33 3
148 342 3
334 217 4
105 191 2
349 28 2
305 121 3
324 310 4
173 55 3
338 280 4
75 14 3
91 191 4
266 222 3
300 262 4
309 62 3
146 98 4
207 180 4
323 183 4
33 117 2
127 292 3
54 161 2
1 232 2
135 77 2
239 46 3
368 315 3
150 207 2
52 328 4
339 134 4
84 218 4
220 21 4
357 304 5
235 318 3
34 210 4
157 64 3
115 149 4
364 250 3
220 248 3
138 69 4
297 260 4
260 220 5
219 245 5
115 35 5
142 106 3
283 160 3
88 341 3
118 177 2
133 237 3
367 355 3
112 85 2
342 321 3
365 202 4
46 238 3
201 241 5
259 366 3
62 147 2
75 333 4
311 240 3
339 126 4
161 93 5
298 364 3
222 53 3
128 359 3
123 334 4
240 317 5
120 91 3
29 349 6
149 327 3
96 343 4
67 329 3
29 272 5
352 106 4
256 127 3
155 85 4
314 86 3
7 81 2
142 252 3
212 114 3
100 125 4
82 176 3
312 321 3
113 337 4
104 250 4
218 289 3
193 114 5
3 81 4
190 280 3
307 200 3
188 223 3
248 236 5
244 91 5
282 27 2
301 256 3
294 323 3
112 218 4
170 37 3
155 324 3
153 250 4
93 63 3
152 70 3
16 73 4
317 76 4
66 262 4
166 232 3
252 119 3
60 198 2
363 181 2
227 165 3
186 256 5
367 305 3
125 186 3
19 287 4
348 208 4
361 34 5
184 90 2
316 5 3
166 1 2
199 71 3
57 174 5
19 338 2
302 109 4
202 223 4
94 186 3
226 362 3
136 70 3
366 6 5
235 110 3
339 198 4
269 229 3
25 190 4
196 157 5
13 202 3
355 137 4
314 247 3
40 358 2
188 13 2
243 26 3
374 260 3
115 287 3
164 38 3
274 283 4
281 187 3
28 176 4
287 195 3
15 41 3
273 69 4
127 368 3
197 109 4
99 365 3
134 221 3
228 285 4
371 282 3
67 332 3
257 124 3
293 168 3
110 355 4
128 377 5
50 313 3
332 79 3
294 203 4
100 110 4
71 290 5
357 279 5
168 10 4
237 79 3
159 146 3
59 363 3
274 160 1
338 74 5
88 96 3
259 242 3
18 263 3
134 171 3
242 218 4
267 213 4
52 37 3
54 212 3
370 361 3
152 332 5
23 8 2
111 202 4
245 48 3
331 136 3
171 126 2
337 208 2
143 229 3
352 12 3
4 69 4
11 9 2
9 87 2
205 376 4
303 120 3
91 225 3
301 315 4
128 356 5
258 39 4
315 45 3
32 35 3
83 74 3
340 68 4
323 249 3
296 325 3
280 25 3
237 67 4
344 337 4
170 68 3
199 23 2
192 106 2
210 263 4
283 312 3
191 279 4
117 50 4
9 86 4
51 10 4
319 153 4
333 255 3
364 351 4
104 155 4
346 158 4
78 239 2
224 5 3
99 261 3
251 277 3
313 232 3
163 153 3
13 223 3
60 339 3
372 298 3
312 266 2
41 176 4
23 375 2
196 117 4
234 231 5
299 253 4
326 246 3
104 265 3
133 290 5
188 360 3
233 43 3
140 93 4
57 18 4
264 356 3
261 233 2
140 212 2
100 137 3
304 288 1
65 297 4
119 57 3
10 278 4
166 313 3
290 329 2
123 178 3
169 4 4
313 335 5
145 204 3
215 277 3
270 353 2
295 334 4
298 101 4
108 285 3
50 211 5
177 39 2
98 147 3
7 47 4
242 131 3
132 156 2
109 215 4
372 141 3
276 30 2
310 197 4
130 317 3
330 6 2
208 57 4
347 94 3
346 322 3
204 157 4
126 1 4
369 76 3
188 373 5
129 252 4
370 58 4
233 294 4
71 375 3
247 139 5
17 248 3
171 103 3
174 228 3
326 124 3
167 43 4
264 10 3
108 352 3
331 330 5
351 372 4
27 164 2
59 325 3
273 162 4
66 189 3
263 316 3
361 27 3
320 293 3
131 289 3
302 112 4
28 342 1
283 272 3
129 66 3
281 178 3
178 217 3
58 167 2
275 268 3
352 116 4
86 247 2
213 154 5
24 198 2
89 59 3
284 7 2
216 341 3
66 97 4
310 85 4
149 230 4
26 268 4
31 74 4
230 158 4
112 70 3
328 174 4
41 304 2
360 128 4
11 56 3
180 61 4
226 36 3
258 231 3
341 343 5
78 296 5
111 175 2
154 31 4
103 24 3
101 373 3
139 366 2
305 137 4
271 13 3
32 307 4
315 292 4
172 53 4
125 95 4
159 309 3
355 318 4
229 3 4
136 332 3
267 154 3
251 141 2
107 92 2
359 42 3
258 335 4
170 61 4
364 373 2
187 46 5
373 320 3
214 47 3
327 179 5
30 245 3
274 272 3
24 75 3
52 207 3
284 11 3
187 350 5
249 20 4
93 99 4
150 37 3
129 142 4
319 163 3
77 234 3
108 192 3
238 369 4
165 1 3
11 216 4
335 118 4
196 33 3
22 132 3
13 144 2
221 126 3
325 78 3
238 221 3
92 296 3
109 122 2
275 374 3
297 21 4
224 316 2
276 350 3
97 129 4
194 229 4
123 369 3
288 15 5
107 166 5
120 362 2
324 351 3
150 5 5
50 227 3
239 219 3
60 317 3
53 336 4
134 76 3
180 44 3
291 194 4
116 271 3
124 2 2
82 15 4
47 121 3
246 253 1
70 84 3
35 72 3
45 255 4
205 51 2
279 213 3
264 51 3
231 135 3
173 340 3
326 241 4
90 34 3
323 254 4
138 17 3
354 177 3
172 222 4
83 195 4
46 296 3
302 289 3
221 369 3
121 257 2
135 308 3
240 206 4
246 45 5
227 232 3
264 168 2
175 184 3
201 56 3
360 101 3
190 329 3
17 21 3
376 160 3
152 185 5
33 146 4
185 79 3
249 286 4
350 239 4
122 311 4
27 209 2
263 113 3
367 137 3
111 144 3
257 125 3
227 204 4
358 22 4
152 85 4
143 47 5
230 269 2
238 107 3
54 63 5
324 250 2
87 284 4
221 232 5
166 73 3
145 147 3
102 210 4
168 356 2
371 361 4
285 116 2
206 130 4
189 97 3
249 80 3
302 310 3
92 78 3
19 195 3
347 127 4
191 321 3
306 343 3
9 333 3
269 327 4
322 25 2
165 171 3
64 145 2
8 71 3
257 305 3
2 257 2
295 156 4
58 90 2
185 265 3
20 254 4
309 98 3
92 46 3
368 159 5
344 111 5
100 318 3
334 281 3
326 2 3
72 179 5
342 349 2
353 234 4
377 42 3
55 268 1
300 192 3
131 206 4
143 3 4
357 288 3
294 286 2
214 194 4
278 222 3
224 38 4
147 204 2
118 211 3
336 362 3
314 6 3
165 24 4
230 314 3
107 73 3
149 72 4
80 254 2
276 26 2
169 273 3
363 48 3
370 34 2
243 189 2
306 198 3
173 65 4
347 299 4
292 94 4
343 130 4
49 203 3
163 278 3
139 259 5
103 145 4
25 179 3
293 153 5
40 122 3
43 261 2
30 374 3
96 242 3
206 96 2
169 353 3
264 114 4
344 102 5
133 303 2
103 165 2
183 80 3
318 95 4
23 213 5
49 233 3
36 79 5
349 148 4
248 162 4
54 140 3
271 337 3
328 316 3
8 74 3
133 36 4
14 255 2
6 158 3
244 266 2
136 345 3
345 346 4
170 44 3
120 225 4
121 2 4
261 167 3
372 12 4
161 212 3
156 217 3
351 197 3
193 140 3
123 187 2
357 267 4
344 184 3
224 209 4
125 235 5
183 286 4
281 243 3
172 151 3
341 247 3
39 16 4
200 214 3
20 183 3
331 84 3
182 376 3
113 102 5
51 376 2
377 161 3
184 167 2
63 49 3
325 73 4
177 258 3
328 18 1
333 56 2
293 319 3
16 308 3
271 223 3
356 114 3
375 199 1
130 60 3
225 362 2
266 225 3
348 113 1
190 290 3
288 41 3
289 122 3
52 5 4
329 322 4
108 251 4
84 259 3
195 338 1
75 306 3
64 147 2
350 243 4
211 354 3
365 175 3
276 219 4
356 320 4
18 348 4
42 360 3
62 64 4
312 29 4
142 228 3
216 306 3
55 61 3
375 105 3
131 311 4
359 320 4
81 284 4
26 30 2
269 72 3
89 236 2
48 220 4
275 68 3
39 118 3
86 3 3
99 377 5
345 322 3
358 277 4
45 241 3
148 244 3
7 87 3
253 124 4
291 32 3
209 164 4
139 88 3
106 285 4
371 254 2
371 80 4
192 116 3
270 77 3
210 209 3
265 151 4
146 196 3
277 141 4
200 367 4
55 68 2
12 251 2
172 278 3
353 4 4
90 370 2
138 162 4
178 262 4
241 253 3
185 155 3
82 304 5
359 360 4
181 59 2
307 229 3
163 151 2
321 244 3
132 311 4
98 62 3
176 288 3
312 148 2
226 303 2
88 259 4
94 95 5
262 97 4
201 246 3
127 301 4
92 73 2
143 81 2
375 303 3
42 365 5
37 180 4
291 200 3
40 215 3
158 327 3
336 36 3
299 301 2
4 270 3
354 117 4
268 30 3
48 181 4
279 105 4
2 186 3
141 215 3
61 119 5
208 228 3
345 330 3
274 182 4
10000
0
0
0
0
0
0
0
0
0
0
0
0
0
0
0
0
0
0
0
0
0
0
0
0
0
0
0
0
0
0
0
0
0
0
0
0
0
0
1
1 214
0
0
0
0
0
0
0
0
0
0
0
0
0
0
0
0
0
0
0
1
2 207
0
0
0
0
0
1
3 367
0
0
0
0
0
0
0
0
0
0
0
0
0
0
0
0
0
0
0
0
0
0
0
0
0
0
0
0
0
0
0
0
0
0
0
0
0
0
0
0
0
0
1
4 20
0
0
0
0
0
0
0
0
0
0
0
0
0
0
0
0
0
0
0
0
0
0
0
0
0
0
0
0
0
1
5 106
0
0
0
0
0
0
0
0
1
6 288
1
7 235
0
0
0
0
0
0
0
0
0
0
0
0
0
0
0
0
0
0
0
0
1
8 212
0
0
0
0
0
1
9 220
0
0
0
0
0
0
0
0
0
0
0
0
0
0
0
0
0
0
0
0
0
0
0
0
0
0
0
0
0
0
0
0
0
0
0
0
0
0
0
0
0
1
10 239
0
0
0
0
0
0
0
0
1
11 339
0
0
0
0
0
0
0
0
0
0
0
0
0
0
0
0
0
0
0
0
0
1
12 122
0
0
0
0
0
0
0
0
0
0
0
0
0
0
0
0
0
0
0
0
0
1
13 28
0
0
0
0
0
0
0
0
0
0
1
14 181
0
0
0
0
0
1
15 281
0
0
0
1
16 289
0
0
0
0
1
17 241
0
1
18 95
0
1
19 328
0
0
0
0
0
0
0
0
0
1
20 67
0
0
0
0
0
0
0
0
0
0
0
0
0
0
0
0
0
0
0
0
0
0
0
0
0
0
0
0
0
0
0
0
0
0
1
21 351
0
0
0
0
0
0
0
0
0
0
0
0
0
0
0
0
0
0
0
0
0
0
0
0
1
22 70
0
0
0
0
1
23 68
0
0
0
0
1
24 247
0
0
0
0
0
1
25 35
0
0
0
0
0
0
0
0
0
0
1
26 103
0
0
0
0
0
0
0
0
0
0
0
0
0
0
0
0
0
0
0
0
0
0
0
0
0
0
0
0
0
0
1
27 342
0
0
0
1
28 202
0
1
29 2
0
0
0
0
0
0
0
0
0
0
0
0
0
0
0
0
0
0
0
0
0
0
1
30 232
0
0
0
0
1
31 259
0
0
0
0
0
0
0
1
32 87
0
0
0
0
0
0
0
0
0
0
0
0
0
1
33 324
0
0
0
0
0
0
0
0
0
0
1
34 305
0
0
0
0
1
35 172
1
36 28
0
0
0
0
0
0
0
0
0
1
37 269
0
0
0
0
0
0
0
1
38 311
1
39 338
0
0
0
0
0
1
40 124
0
0
0
0
0
0
0
0
0
0
0
0
0
0
0
0
0
0
0
0
0
0
0
0
0
0
1
41 2
0
0
0
0
1
42 252
0
0
0
1
43 260
0
0
0
0
0
0
0
0
0
0
0
0
0
0
0
0
1
44 73
0
0
0
0
0
0
0
0
0
0
0
0
0
0
1
45 205
0
1
46 377
0
0
0
0
0
0
0
0
1
47 103
0
0
0
0
0
0
0
0
0
0
0
0
0
0
0
0
1
48 217
0
0
0
0
0
0
0
0
0
0
0
0
0
0
0
0
1
49 291
1
50 106
0
0
0
0
1
51 273
0
0
0
0
0
0
0
0
0
0
0
0
0
0
0
0
0
1
52 42
0
0
0
0
1
53 50
0
0
0
0
1
54 372
1
55 82
0
0
0
0
0
1
56 246
0
0
0
1
57 126
0
0
0
0
0
0
0
1
58 40
0
0
0
0
0
0
0
0
0
0
0
0
0
0
1
59 359
0
0
0
0
0
0
0
0
0
0
0
0
0
1
60 304
0
0
0
0
0
1
61 162
1
62 250
0
0
0
0
0
1
63 223
0
0
0
0
0
0
0
1
64 87
0
0
0
0
0
0
0
0
0
1
65 331
0
0
0
0
0
0
0
0
0
0
0
0
1
66 267
0
0
0
0
0
1
67 75
0
0
0
0
0
0
1
68 174
0
0
1
69 202
0
0
0
1
70 238
0
1
71 322
0
0
0
0
0
0
0
0
0
0
0
1
72 231
0
0
1
73 90
0
0
0
0
1
74 220
0
0
0
0
0
0
0
0
0
0
1
75 135
0
0
0
0
0
0
1
76 260
0
0
0
0
0
0
0
0
0
0
1
77 374
0
1
78 222
0
0
0
0
0
0
0
1
79 174
1
80 158
1
81 111
0
0
1
82 85
0
0
0
0
0
0
0
0
1
83 205
0
0
1
84 302
1
85 95
1
86 306
0
0
0
0
0
0
0
1
87 25
0
0
0
1
88 187
0
0
0
1
89 106
0
0
0
1
90 197
0
0
0
0
1
91 285
0
0
0
0
0
0
1
92 356
1
93 94
0
0
1
94 74
1
95 112
1
96 286
0
0
0
0
0
0
0
0
0
0
0
0
0
0
1
97 279
0
0
0
0
0
0
0
1
98 16
0
0
0
0
0
0
0
1
99 72
1
100 67
1
101 15
0
0
1
102 113
0
0
1
103 64
0
0
1
104 198
0
0
1
105 56
1
106 183
0
0
0
0
0
0
0
0
0
0
1
107 17
1
108 122
0
0
0
1
109 311
0
0
1
110 38
0
0
0
0
0
0
0
0
0
0
0
0
0
0
0
0
0
0
0
0
1
111 347
0
0
1
112 161
0
0
0
1
113 157
0
0
0
0
0
0
0
0
0
0
1
114 192
1
115 314
1
116 60
1
117 70
0
0
0
0
0
0
0
0
0
0
1
118 245
0
0
1
119 59
0
0
0
0
0
0
0
0
1
120 299
0
1
121 348
0
0
0
0
0
0
0
1
122 176
0
0
0
1
123 206
0
0
0
1
124 174
0
0
0
0
0
0
0
1
125 164
0
1
126 280
0
1
127 348
0
0
0
0
0
1
128 131
0
0
0
1
129 234
1
130 355
0
0
0
0
1
131 260
0
0
1
132 127
0
0
0
1
133 185
0
1
134 304
0
1
135 374
0
0
0
0
1
136 69
0
0
0
0
0
1
137 71
0
0
1
138 220
1
139 256
0
0
0
0
0
0
0
1
140 227
0
0
0
0
1
141 339
0
1
142 174
0
0
0
0
0
0
0
0
0
0
1
143 293
0
1
144 114
0
0
0
0
1
145 89
0
0
1
146 70
0
0
1
147 197
0
0
0
0
1
148 167
0
0
1
149 228
0
0
1
150 88
0
0
1
151 307
1
152 259
1
153 283
0
0
0
0
0
0
1
154 85
1
155 135
1
156 152
0
0
0
1
157 300
0
0
1
158 131
0
0
0
0
0
0
0
0
0
0
0
0
0
1
159 190
1
160 159
1
161 303
0
0
0
1
162 218
0
0
0
1
163 156
0
0
0
0
0
0
0
0
0
1
164 364
1
165 70
0
0
0
1
166 225
0
0
0
0
0
0
1
167 46
0
0
0
1
168 55
1
169 180
1
170 153
1
171 238
0
0
0
0
0
0
1
172 79
0
1
173 104
0
0
1
174 361
1
175 225
0
0
0
0
1
176 12
0
0
1
177 240
0
0
0
0
0
1
178 360
1
179 141
0
0
1
180 352
0
0
1
181 366
0
0
0
1
182 116
0
1
183 36
0
0
0
0
0
0
1
184 86
0
0
0
0
0
0
0
1
185 240
1
186 352
1
187 109
0
1
188 235
0
1
189 111
0
0
0
0
0
0
1
190 2
0
0
0
0
0
0
0
0
1
191 228
1
192 178
1
193 146
1
194 66
1
195 346
0
1
196 300
0
1
197 252
0
0
0
0
0
0
0
0
0
0
0
0
0
0
0
0
0
0
0
1
198 151
0
0
0
1
199 215
1
200 175
0
1
201 337
0
0
0
0
0
0
0
0
0
0
0
1
202 153
0
1
203 278
0
0
0
0
0
0
0
0
1
204 300
0
0
0
1
205 135
0
0
0
0
1
206 25
0
0
0
0
1
207 302
0
1
208 38
0
0
1
209 256
0
0
0
0
0
0
0
0
0
0
0
0
0
0
0
0
0
0
0
0
0
0
1
210 202
0
0
0
1
211 377
0
0
0
0
0
1
212 102
1
213 247
1
214 320
0
0
1
215 21
0
1
216 372
0
0
0
1
217 108
0
0
0
1
218 303
1
219 196
0
1
220 224
0
0
0
0
0
1
221 115
0
1
222 175
0
0
0
0
0
1
223 249
0
1
224 244
0
0
1
225 100
0
1
226 207
0
0
0
0
0
1
227 191
0
0
0
0
0
1
228 334
0
1
229 118
0
0
0
1
230 323
0
1
231 93
0
0
0
1
232 295
1
233 241
0
1
234 212
0
0
0
0
0
0
0
0
0
1
235 6
1
236 368
0
0
0
0
0
0
0
1
237 64
0
0
0
0
1
238 106
0
0
0
0
0
1
239 2
0
0
0
1
240 77
1
241 358
0
0
0
0
0
1
242 11
0
1
243 369
0
0
0
1
244 337
0
0
1
245 160
0
0
1
246 204
1
247 32
1
248 267
0
0
1
249 182
0
1
250 156
1
251 204
1
252 155
1
253 83
0
1
254 101
0
1
255 95
1
256 364
0
0
1
257 259
1
258 315
0
0
0
0
1
259 184
0
1
260 250
1
261 376
0
0
0
0
0
0
1
262 75
1
263 221
1
264 136
1
265 176
1
266 79
0
0
0
1
267 312
1
268 123
0
0
0
0
0
0
0
1
269 264
1
270 29
0
1
271 54
1
272 295
1
273 370
0
0
0
1
274 80
1
275 220
0
0
0
0
0
0
1
276 345
0
0
0
0
1
277 351
1
278 192
1
279 324
1
280 2
0
0
1
281 128
1
282 59
1
283 317
1
284 358
0
0
1
285 32
1
286 61
0
0
0
1
287 277
0
1
288 44
0
0
0
1
289 144
0
0
1
290 108
0
1
291 277
0
0
0
0
1
292 345
0
0
0
0
1
293 360
0
0
0
0
0
0
0
1
294 25
0
1
295 268
0
0
0
1
296 47
1
297 98
0
1
298 326
1
299 350
1
300 263
0
1
301 88
0
1
302 231
1
303 90
0
0
1
304 306
0
0
0
0
0
1
305 111
0
0
0
0
0
0
1
306 117
0
0
0
1
307 215
0
0
1
308 341
0
0
0
1
309 374
0
1
310 308
1
311 107
1
312 109
0
1
313 296
1
314 211
1
315 101
1
316 339
0
0
0
0
1
317 202
0
0
0
0
1
318 74
1
319 276
0
1
320 117
0
1
321 290
0
0
1
322 364
0
0
1
323 287
0
1
324 201
0
1
325 251
1
326 89
0
1
327 279
1
328 215
1
329 264
0
1
330 352
1
331 17
0
1
332 204
0
0
0
0
0
0
0
0
0
1
333 181
0
1
334 99
0
0
1
335 299
0
1
336 91
0
1
337 283
1
338 59
0
0
0
1
339 52
0
1
340 374
1
341 225
1
342 358
1
343 205
0
0
0
1
344 89
0
0
1
345 334
0
1
346 160
0
0
0
0
1
347 155
1
348 372
0
0
0
0
1
349 59
0
1
350 28
0
0
1
351 309
0
0
0
0
0
1
352 148
1
353 86
0
0
0
0
0
0
0
0
0
0
0
0
1
354 137
0
0
0
1
355 208
0
0
0
0
0
1
356 298
0
0
0
0
1
357 250
1
358 12
0
1
359 261
0
1
360 30
1
361 26
0
0
0
1
362 157
0
0
0
1
363 202
0
0
0
1
364 308
1
365 25
1
366 42
1
367 38
1
368 36
1
369 86
1
370 289
0
1
371 180
0
0
0
0
0
1
372 212
0
0
0
0
1
373 316
0
0
0
0
0
1
374 64
0
1
375 276
1
376 282
1
377 222
0
0
1
378 34
1
379 273
0
0
0
0
1
380 322
0
1
381 134
1
382 140
1
383 338
1
384 34
1
385 158
0
1
386 122
0
0
0
0
1
387 70
0
0
1
388 67
0
1
389 372
1
390 157
0
0
1
391 70
1
392 9
0
0
0
0
1
393 64
0
1
394 91
1
395 43
1
396 350
1
397 122
0
0
1
398 289
1
399 240
0
0
0
1
400 81
0
0
1
401 302
0
1
402 257
1
403 147
0
0
0
0
0
0
0
0
1
404 352
0
0
0
0
0
1
405 77
1
406 345
0
1
407 207
1
408 82
1
409 322
1
410 284
0
0
0
0
0
1
411 324
1
412 289
1
413 283
1
414 106
1
415 223
0
1
416 78
1
417 295
0
0
0
0
0
0
0
0
0
0
0
1
418 41
0
1
419 163
0
0
1
420 251
0
0
1
421 123
0
1
422 336
0
1
423 15
0
0
0
0
0
1
424 162
1
425 352
1
426 12
0
0
0
0
0
0
1
427 145
1
428 109
1
429 233
0
0
1
430 375
0
0
0
1
431 193
0
0
0
0
1
432 22
1
433 77
0
0
0
0
0
1
434 209
1
435 215
1
436 72
0
1
437 144
0
1
438 271
0
0
1
439 22
1
440 28
1
441 273
0
1
442 41
0
1
443 223
0
0
0
0
0
1
444 197
1
445 25
1
446 159
0
0
0
0
0
0
1
447 284
0
0
1
448 284
1
449 292
1
450 271
1
451 367
1
452 341
1
453 166
0
0
0
0
1
454 85
1
455 349
0
0
0
1
456 348
0
1
457 27
0
0
0
1
458 365
0
1
459 323
0
1
460 267
0
1
461 281
1
462 325
0
1
463 97
0
0
0
1
464 339
1
465 126
1
466 352
0
0
1
467 349
1
468 128
1
469 151
1
470 163
0
0
0
1
471 162
0
0
0
1
472 33
1
473 187
1
474 263
1
475 331
0
0
0
0
0
0
1
476 215
0
1
477 337
0
0
0
0
1
478 351
1
479 294
0
0
0
1
480 218
1
481 264
1
482 200
1
483 112
0
1
484 308
0
1
485 164
1
486 58
1
487 361
0
1
488 105
1
489 171
1
490 288
0
1
491 175
1
492 48
0
0
1
493 332
0
0
0
0
1
494 278
1
495 323
0
1
496 144
1
497 97
0
0
0
0
0
0
0
0
0
0
1
498 286
0
0
0
1
499 293
0
0
0
1
500 243
1
501 20
0
1
502 21
1
503 169
1
504 106
0
1
505 62
1
506 365
1
507 22
0
0
0
1
508 299
1
509 64
1
510 64
0
1
511 314
1
512 256
0
0
1
513 362
0
0
1
514 205
0
1
515 192
1
516 269
0
1
517 206
0
0
1
518 225
0
0
1
519 8
0
0
0
1
520 349
0
1
521 203
1
522 211
1
523 107
0
0
1
524 8
1
525 228
1
526 231
0
0
1
527 325
1
528 89
0
1
529 359
0
0
1
530 59
1
531 193
0
1
532 161
0
0
0
0
0
1
533 43
1
534 254
1
535 96
0
0
0
1
536 115
1
537 108
0
0
0
1
538 180
1
539 325
1
540 299
1
541 41
1
542 18
0
0
1
543 40
0
1
544 334
1
545 112
0
0
1
546 174
0
0
1
547 185
0
1
548 277
1
549 45
1
550 154
0
0
1
551 305
0
1
552 116
1
553 272
1
554 12
1
555 72
0
0
1
556 88
1
557 327
0
0
1
558 183
0
0
0
1
559 86
0
1
560 58
0
0
0
0
1
561 270
0
0
0
0
1
562 131
1
563 204
0
1
564 150
0
0
1
565 278
1
566 145
0
0
0
1
567 73
0
0
0
1
568 242
1
569 316
0
0
1
570 44
0
1
571 296
1
572 185
0
0
1
573 114
1
574 256
1
575 10
0
1
576 318
0
1
577 228
0
0
1
578 317
1
579 377
0
1
580 20
1
581 192
1
582 138
0
0
0
0
1
583 69
0
1
584 65
0
0
1
585 128
1
586 303
1
587 192
0
0
1
588 116
0
0
0
0
1
589 102
0
1
590 132
1
591 334
0
1
592 298
1
593 121
0
1
594 216
1
595 352
1
596 192
1
597 148
0
1
598 92
1
599 365
1
600 94
0
0
0
0
1
601 302
1
602 370
0
1
603 3
0
1
604 194
1
605 278
1
606 60
0
1
607 178
1
608 50
1
609 20
0
1
610 96
0
1
611 141
1
612 300
1
613 45
1
614 332
1
615 252
0
0
1
616 178
0
1
617 221
0
1
618 22
0
1
619 87
0
1
620 332
0
0
1
621 325
0
1
622 220
1
623 365
1
624 250
0
1
625 310
0
0
0
1
626 101
0
1
627 92
1
628 106
0
1
629 46
0
0
0
0
0
1
630 255
0
1
631 22
0
0
0
1
632 136
0
1
633 64
0
1
634 68
0
0
0
1
635 174
0
1
636 93
1
637 317
0
1
638 134
1
639 62
0
1
640 80
1
641 5
0
0
1
642 149
1
643 246
0
0
1
644 346
0
1
645 128
1
646 6
1
647 36
1
648 259
1
649 109
1
650 214
0
1
651 336
0
1
652 97
0
0
0
0
0
0
0
0
0
1
653 292
1
654 257
1
655 344
1
656 352
1
657 37
1
658 296
0
1
659 238
0
0
1
660 132
0
0
1
661 227
1
662 309
0
0
1
663 263
0
1
664 131
0
1
665 278
0
1
666 162
0
1
667 289
1
668 320
1
669 20
1
670 64
1
671 97
0
0
1
672 223
0
1
673 358
0
1
674 281
0
1
675 62
1
676 254
0
0
1
677 49
0
1
678 356
0
1
679 290
1
680 253
0
0
1
681 16
0
1
682 7
0
1
683 250
0
1
684 12
1
685 362
0
1
686 280
1
687 113
0
1
688 181
0
0
1
689 67
1
690 121
0
0
1
691 149
0
0
1
692 16
1
693 187
1
694 311
1
695 336
0
0
1
696 289
1
697 38
0
0
1
698 353
1
699 48
0
1
700 214
0
0
0
1
701 9
1
702 363
1
703 18
0
0
1
704 26
1
705 52
1
706 127
1
707 270
0
0
0
1
708 295
1
709 354
1
710 10
1
711 35
1
712 201
1
713 115
1
714 254
0
0
1
715 308
0
1
716 287
1
717 370
1
718 302
1
719 98
1
720 322
0
1
721 115
1
722 270
1
723 335
1
724 148
1
725 70
1
726 167
1
727 358
1
728 302
0
1
729 230
0
1
730 348
0
1
731 298
1
732 242
0
0
1
733 72
1
734 272
1
735 243
0
1
736 235
1
737 11
0
1
738 10
1
739 273
1
740 55
1
741 97
1
742 320
1
743 78
1
744 273
1
745 160
0
1
746 65
1
747 40
1
748 262
1
749 121
0
1
750 73
1
751 308
0
0
0
1
752 164
0
1
753 40
1
754 250
1
755 106
1
756 10
1
757 291
1
758 206
1
759 102
0
1
760 7
0
1
761 71
0
1
762 318
0
1
763 97
1
764 295
1
765 134
0
0
1
766 102
1
767 343
1
768 347
1
769 56
0
0
1
770 129
0
0
1
771 156
0
0
1
772 257
1
773 14
1
774 311
1
775 282
1
776 47
1
777 49
0
1
778 119
1
779 317
0
1
780 31
1
781 193
0
0
1
782 51
1
783 90
0
1
784 28
0
1
785 368
0
1
786 289
1
787 18
0
0
1
788 37
0
0
1
789 154
1
790 315
0
1
791 221
1
792 42
0
1
793 195
1
794 76
1
795 169
1
796 16
0
0
1
797 357
0
0
0
0
0
1
798 34
0
1
799 103
1
800 71
1
801 56
1
802 180
0
1
803 78
0
0
1
804 122
0
1
805 97
0
1
806 320
1
807 165
0
1
808 364
0
0
1
809 14
0
1
810 84
1
811 322
0
1
812 26
0
0
1
813 180
1
814 274
1
815 190
1
816 181
1
817 321
0
1
818 166
1
819 88
1
820 152
1
821 368
1
822 25
1
823 122
1
824 216
0
1
825 139
1
826 353
1
827 210
1
828 27
0
1
829 66
1
830 272
0
1
831 252
1
832 273
0
1
833 331
1
834 212
0
0
0
1
835 279
0
0
1
836 162
1
837 96
1
838 190
0
1
839 261
1
840 266
1
841 340
1
842 77
1
843 211
1
844 97
1
845 332
1
846 44
0
1
847 27
1
848 245
1
849 288
1
850 112
0
0
1
851 307
0
0
0
1
852 56
1
853 104
1
854 108
1
855 149
1
856 183
1
857 283
1
858 108
0
1
859 236
1
860 248
0
1
861 163
1
862 302
0
0
1
863 296
1
864 348
0
0
1
865 30
1
866 341
0
0
0
1
867 58
1
868 115
0
0
0
1
869 225
1
870 4
1
871 155
1
872 358
1
873 138
0
1
874 243
0
1
875 216
1
876 335
1
877 44
1
878 202
0
1
879 277
1
880 269
1
881 355
0
1
882 35
1
883 5
1
884 106
1
885 132
1
886 40
1
887 246
1
888 308
1
889 144
1
890 3
0
0
0
1
891 108
0
0
0
0
0
1
892 290
0
1
893 352
1
894 173
0
1
895 339
1
896 236
1
897 86
1
898 324
0
0
1
899 172
1
900 49
0
1
901 122
0
0
0
1
902 249
1
903 10
1
904 41
0
1
905 290
1
906 179
0
1
907 224
0
0
0
1
908 153
1
909 173
0
0
0
1
910 360
0
1
911 233
0
0
1
912 284
0
1
913 87
0
0
0
0
0
0
1
914 311
1
915 78
1
916 37
1
917 45
0
0
0
1
918 179
0
1
919 324
1
920 248
1
921 247
1
922 146
1
923 42
0
0
1
924 7
1
925 211
1
926 295
1
927 109
0
0
0
1
928 283
0
1
929 238
1
930 262
1
931 99
1
932 141
0
1
933 173
0
1
934 188
1
935 271
1
936 64
0
0
1
937 8
0
1
938 153
1
939 362
1
940 104
0
1
941 7
1
942 44
1
943 300
1
944 72
1
945 164
0
0
0
1
946 76
1
947 343
0
1
948 287
1
949 262
1
950 279
1
951 244
0
0
1
952 283
0
0
1
953 8
1
954 375
0
1
955 110
1
956 335
1
957 155
1
958 128
0
1
959 129
1
960 264
1
961 360
1
962 38
0
0
0
1
963 8
0
1
964 372
1
965 159
1
966 12
1
967 62
1
968 147
0
1
969 296
1
970 97
1
971 129
0
1
972 112
1
973 239
1
974 129
0
0
1
975 49
0
0
1
976 261
1
977 305
1
978 335
1
979 316
1
980 327
1
981 166
1
982 195
0
0
0
0
0
1
983 232
0
0
1
984 56
1
985 76
1
986 355
1
987 155
1
988 128
0
1
989 3
1
990 52
1
991 161
1
992 199
1
993 305
1
994 215
1
995 324
1
996 233
0
1
997 368
1
998 170
1
999 33
1
1000 133
0
1
1001 341
1
1002 7
0
1
1003 211
0
0
1
1004 161
1
1005 95
1
1006 83
1
1007 207
1
1008 158
1
1009 248
1
1010 52
0
0
1
1011 118
1
1012 348
0
1
1013 296
1
1014 206
0
1
1015 355
1
1016 21
1
1017 302
1
1018 327
0
0
1
1019 147
1
1020 228
1
1021 345
1
1022 139
0
0
1
1023 208
0
1
1024 156
1
1025 108
0
0
0
1
1026 77
1
1027 203
0
0
1
1028 338
1
1029 329
1
1030 371
1
1031 44
1
1032 352
0
1
1033 353
1
1034 84
1
1035 322
0
0
1
1036 160
0
0
1
1037 20
1
1038 102
1
1039 132
0
1
1040 320
1
1041 71
1
1042 6
1
1043 153
1
1044 198
1
1045 93
1
1046 105
1
1047 359
1
1048 160
1
1049 247
1
1050 152
1
1051 170
0
0
1
1052 369
1
1053 306
1
1054 261
0
1
1055 94
0
1
1056 370
0
1
1057 165
0
1
1058 228
1
1059 85
1
1060 116
1
1061 156
0
1
1062 109
1
1063 107
1
1064 53
1
1065 238
1
1066 176
1
1067 22
0
1
1068 38
1
1069 232
0
1
1070 105
0
0
1
1071 156
1
1072 38
0
1
1073 157
1
1074 41
0
1
1075 277
1
1076 275
0
1
1077 28
1
1078 243
1
1079 363
1
1080 215
0
1
1081 350
0
1
1082 287
1
1083 176
1
1084 217
0
1
1085 319
1
1086 127
0
0
0
1
1087 307
1
1088 174
1
1089 280
1
1090 18
1
1091 249
0
1
1092 244
1
1093 251
0
0
1
1094 153
1
1095 295
1
1096 103
0
1
1097 9
1
1098 90
1
1099 256
0
1
1100 267
0
1
1101 334
0
0
0
1
1102 93
1
1103 77
1
1104 138
1
1105 285
0
1
1106 152
1
1107 292
1
1108 147
0
0
0
0
1
1109 17
1
1110 206
0
1
1111 317
1
1112 152
1
1113 294
1
1114 239
0
1
1115 142
1
1116 330
1
1117 20
1
1118 80
1
1119 14
0
1
1120 200
1
1121 142
1
1122 58
1
1123 335
1
1124 180
0
1
1125 220
1
1126 22
1
1127 55
1
1128 372
1
1129 16
1
1130 55
1
1131 374
1
1132 305
1
1133 284
0
1
1134 48
0
0
0
1
1135 85
0
0
1
1136 251
0
1
1137 94
1
1138 257
0
0
1
1139 98
0
1
1140 133
1
1141 123
1
1142 14
0
1
1143 23
1
1144 165
0
1
1145 130
1
1146 249
0
0
1
1147 182
1
1148 58
1
1149 79
1
1150 16
1
1151 116
1
1152 194
1
1153 130
1
1154 61
0
0
1
1155 78
1
1156 324
1
1157 311
1
1158 23
1
1159 299
1
1160 173
1
1161 132
0
1
1162 87
1
1163 176
1
1164 87
1
1165 10
1
1166 195
0
1
1167 101
1
1168 129
1
1169 271
0
1
1170 203
0
0
1
1171 348
1
1172 358
1
1173 220
1
1174 249
1
1175 367
1
1176 146
1
1177 286
1
1178 352
1
1179 220
1
1180 272
0
1
1181 241
0
1
1182 157
0
0
1
1183 52
0
0
1
1184 361
0
0
1
1185 313
1
1186 119
1
1187 140
1
1188 92
0
1
1189 284
0
1
1190 302
1
1191 114
1
1192 299
1
1193 141
0
1
1194 310
1
1195 302
0
1
1196 52
0
1
1197 278
1
1198 244
1
1199 43
1
1200 300
1
1201 377
0
0
0
0
1
1202 339
0
1
1203 262
1
1204 106
1
1205 190
0
0
0
1
1206 206
0
0
1
1207 306
1
1208 239
1
1209 169
1
1210 166
1
1211 277
0
1
1212 202
1
1213 324
1
1214 153
1
1215 312
0
1
1216 159
1
1217 13
1
1218 109
1
1219 170
1
1220 349
1
1221 290
0
0
1
1222 173
1
1223 132
1
1224 147
1
1225 377
1
1226 305
0
1
1227 260
0
1
1228 241
1
1229 58
1
1230 321
1
1231 184
1
1232 19
0
1
1233 206
1
1234 172
1
1235 64
1
1236 42
1
1237 249
0
0
1
1238 372
1
1239 286
1
1240 251
1
1241 207
1
1242 320
1
1243 63
0
1
1244 139
0
1
1245 242
1
1246 216
1
1247 40
1
1248 363
0
0
1
1249 230
1
1250 313
1
1251 111
1
1252 188
0
1
1253 53
0
1
1254 73
0
1
1255 138
1
1256 105
1
1257 213
1
1258 306
0
0
1
1259 334
1
1260 40
1
1261 188
1
1262 167
1
1263 347
1
1264 343
1
1265 25
1
1266 327
1
1267 351
0
0
1
1268 285
1
1269 223
1
1270 308
1
1271 176
0
1
1272 163
1
1273 335
0
1
1274 271
1
1275 360
1
1276 24
0
1
1277 192
1
1278 188
0
1
1279 365
0
1
1280 340
1
1281 347
1
1282 304
1
1283 145
1
1284 156
0
0
1
1285 68
0
1
1286 377
1
1287 148
1
1288 304
1
1289 217
1
1290 24
1
1291 36
1
1292 285
1
1293 73
1
1294 77
1
1295 3
0
1
1296 122
1
1297 3
1
1298 57
0
1
1299 336
1
1300 213
1
1301 375
1
1302 157
1
1303 166
1
1304 80
1
1305 122
1
1306 13
0
1
1307 268
1
1308 55
0
1
1309 179
1
1310 272
0
1
1311 234
1
1312 36
1
1313 367
1
1314 147
0
1
1315 134
1
1316 245
1
1317 260
0
1
1318 140
0
0
1
1319 259
1
1320 252
1
1321 186
1
1322 211
1
1323 68
0
0
0
1
1324 143
1
1325 89
0
0
1
1326 218
1
1327 279
1
1328 216
0
1
1329 91
1
1330 183
1
1331 142
1
1332 36
1
1333 268
1
1334 126
1
1335 220
1
1336 281
0
1
1337 289
1
1338 300
1
1339 101
0
1
1340 137
1
1341 239
1
1342 274
1
1343 304
1
1344 124
0
1
1345 287
1
1346 55
1
1347 7
1
1348 197
1
1349 334
1
1350 283
1
1351 95
1
1352 298
1
1353 255
1
1354 169
1
1355 322
1
1356 157
1
1357 133
1
1358 260
0
0
1
1359 203
1
1360 248
1
1361 215
1
1362 73
0
0
0
0
1
1363 300
1
1364 230
1
1365 43
1
1366 130
1
1367 263
1
1368 349
1
1369 286
1
1370 239
1
1371 129
1
1372 119
1
1373 107
0
1
1374 202
1
1375 255
1
1376 188
1
1377 25
1
1378 292
1
1379 111
1
1380 216
1
1381 61
1
1382 124
0
1
1383 80
0
1
1384 242
1
1385 136
1
1386 258
0
1
1387 73
1
1388 34
1
1389 74
1
1390 109
1
1391 156
0
1
1392 155
1
1393 173
1
1394 97
1
1395 52
1
1396 235
1
1397 194
1
1398 15
1
1399 112
0
1
1400 116
1
1401 329
1
1402 44
1
1403 108
1
1404 356
1
1405 273
0
0
1
1406 370
1
1407 256
0
1
1408 171
1
1409 24
1
1410 197
1
1411 104
1
1412 229
0
1
1413 129
0
1
1414 360
0
1
1415 244
1
1416 50
1
1417 264
1
1418 325
1
1419 64
0
0
1
1420 19
1
1421 338
1
1422 257
1
1423 265
1
1424 8
1
1425 302
1
1426 40
1
1427 248
1
1428 288
0
1
1429 21
0
0
1
1430 100
0
1
1431 264
1
1432 123
1
1433 124
1
1434 186
1
1435 134
1
1436 353
0
1
1437 337
1
1438 64
1
1439 356
1
1440 209
1
1441 331
0
1
1442 228
1
1443 12
1
1444 208
1
1445 162
0
1
1446 194
0
1
1447 189
1
1448 293
1
1449 295
1
1450 124
1
1451 370
1
1452 326
1
1453 57
0
0
0
1
1454 271
1
1455 136
0
1
1456 242
1
1457 260
1
1458 171
0
1
1459 2
1
1460 360
1
1461 366
1
1462 158
1
1463 106
1
1464 371
1
1465 158
1
1466 279
1
1467 86
0
0
1
1468 269
1
1469 326
0
0
1
1470 172
1
1471 209
1
1472 192
1
1473 21
0
1
1474 277
1
1475 75
1
1476 112
1
1477 82
1
1478 328
1
1479 224
0
1
1480 202
1
1481 324
0
1
1482 73
0
1
1483 90
1
1484 151
0
1
1485 154
1
1486 115
1
1487 166
1
1488 5
1
1489 133
1
1490 304
1
1491 10
0
0
1
1492 295
1
1493 175
0
1
1494 99
0
0
1
1495 222
1
1496 2
0
1
1497 145
1
1498 255
1
1499 332
1
1500 248
1
1501 36
1
1502 89
1
1503 185
0
1
1504 157
1
1505 106
0
1
1506 61
1
1507 52
1
1508 137
1
1509 337
0
0
0
1
1510 145
1
1511 176
1
1512 132
1
1513 365
1
1514 22
1
1515 124
1
1516 183
1
1517 284
1
1518 154
0
1
1519 153
0
0
0
1
1520 188
1
1521 40
1
1522 327
1
1523 7
1
1524 294
0
1
1525 82
1
1526 194
1
1527 343
1
1528 238
1
1529 132
0
1
1530 148
1
1531 142
1
1532 66
1
1533 181
1
1534 302
1
1535 153
1
1536 190
1
1537 369
1
1538 164
0
0
1
1539 193
1
1540 150
1
1541 106
1
1542 214
1
1543 116
0
1
1544 311
0
1
1545 278
1
1546 131
0
0
1
1547 193
1
1548 18
0
1
1549 106
1
1550 215
1
1551 212
1
1552 251
0
1
1553 12
1
1554 270
1
1555 34
0
1
1556 270
1
1557 16
1
1558 285
1
1559 222
1
1560 128
1
1561 366
1
1562 312
1
1563 211
1
1564 200
1
1565 145
1
1566 180
0
0
1
1567 78
0
1
1568 204
0
0
1
1569 249
1
1570 138
1
1571 110
1
1572 256
1
1573 236
1
1574 88
1
1575 152
1
1576 145
1
1577 151
1
1578 355
1
1579 282
1
1580 41
1
1581 138
1
1582 104
1
1583 353
0
1
1584 324
1
1585 79
0
1
1586 276
1
1587 25
1
1588 54
0
0
1
1589 273
1
1590 334
1
1591 147
1
1592 19
1
1593 144
0
0
1
1594 281
1
1595 150
1
1596 248
1
1597 253
1
1598 18
1
1599 206
1
1600 130
1
1601 216
0
1
1602 218
1
1603 132
1
1604 358
1
1605 295
0
1
1606 101
1
1607 104
1
1608 354
0
1
1609 177
1
1610 324
1
1611 19
1
1612 62
1
1613 223
1
1614 357
1
1615 112
1
1616 38
1
1617 237
1
1618 362
0
1
1619 12
1
1620 141
1
1621 111
1
1622 218
1
1623 41
0
1
1624 89
1
1625 263
1
1626 40
1
1627 219
1
1628 172
1
1629 183
1
1630 132
1
1631 225
1
1632 194
1
1633 272
1
1634 173
0
1
1635 102
1
1636 165
1
1637 18
0
1
1638 351
1
1639 57
1
1640 101
1
1641 165
1
1642 158
1
1643 131
1
1644 63
1
1645 266
1
1646 177
1
1647 296
1
1648 192
1
1649 260
1
1650 204
1
1651 157
0
0
1
1652 59
1
1653 92
1
1654 12
1
1655 8
1
1656 35
0
1
1657 107
1
1658 109
1
1659 182
1
1660 299
1
1661 165
1
1662 272
1
1663 149
0
1
1664 317
1
1665 9
1
1666 281
1
1667 156
1
1668 228
1
1669 14
1
1670 299
1
1671 185
1
1672 263
1
1673 160
1
1674 202
1
1675 302
1
1676 310
1
1677 118
0
1
1678 5
1
1679 18
1
1680 330
1
1681 226
1
1682 352
1
1683 339
0
1
1684 7
1
1685 176
1
1686 236
1
1687 351
0
1
1688 204
1
1689 325
1
1690 177
1
1691 151
1
1692 230
1
1693 117
1
1694 241
1
1695 300
1
1696 267
0
1
1697 65
1
1698 123
0
1
1699 247
1
1700 106
1
1701 376
1
1702 166
1
1703 264
1
1704 105
1
1705 285
1
1706 92
0
1
1707 259
1
1708 157
1
1709 170
1
1710 13
1
1711 46
0
1
1712 64
1
1713 13
1
1714 323
1
1715 219
1
1716 74
1
1717 359
0
1
1718 228
1
1719 298
0
1
1720 180
1
1721 216
0
1
1722 141
1
1723 55
1
1724 324
1
1725 130
0
0
1
1726 17
1
1727 265
0
1
1728 40
1
1729 80
1
1730 78
1
1731 245
1
1732 198
0
1
1733 27
1
1734 362
1
1735 141
1
1736 310
1
1737 5
0
1
1738 267
0
0
0
1
1739 106
1
1740 156
1
1741 143
1
1742 228
1
1743 206
1
1744 300
1
1745 243
1
1746 59
1
1747 186
1
1748 89
1
1749 82
1
1750 251
0
1
1751 252
1
1752 28
1
1753 139
1
1754 254
1
1755 255
1
1756 360
1
1757 195
1
1758 128
1
1759 253
0
1
1760 139
1
1761 154
1
1762 322
1
1763 358
1
1764 342
1
1765 358
1
1766 19
1
1767 130
1
1768 352
1
1769 97
1
1770 219
1
1771 178
1
1772 188
1
1773 251
1
1774 106
1
1775 76
1
1776 18
1
1777 61
0
1
1778 103
1
1779 139
1
1780 122
1
1781 86
1
1782 331
1
1783 239
1
1784 374
1
1785 185
0
1
1786 87
0
1
1787 165
1
1788 122
1
1789 367
1
1790 301
1
1791 135
0
1
1792 97
1
1793 351
1
1794 76
1
1795 87
1
1796 311
1
1797 166
1
1798 132
1
1799 264
1
1800 373
1
1801 110
0
1
1802 76
1
1803 117
1
1804 38
1
1805 286
1
1806 115
1
1807 320
1
1808 11
1
1809 173
1
1810 52
1
1811 163
1
1812 93
1
1813 42
1
1814 28
1
1815 351
1
1816 142
1
1817 210
1
1818 47
1
1819 368
0
0
0
1
1820 266
1
1821 305
1
1822 243
1
1823 290
1
1824 189
1
1825 47
1
1826 117
1
1827 181
1
1828 142
1
1829 38
1
1830 279
1
1831 123
1
1832 149
1
1833 112
1
1834 197
1
1835 49
1
1836 241
1
1837 339
1
1838 154
1
1839 130
0
1
1840 103
1
1841 348
1
1842 85
1
1843 265
1
1844 259
1
1845 135
1
1846 261
1
1847 21
1
1848 193
1
1849 241
1
1850 276
1
1851 277
1
1852 237
1
1853 223
1
1854 112
1
1855 265
1
1856 335
1
1857 217
1
1858 161
1
1859 110
0
1
1860 373
1
1861 108
1
1862 154
1
1863 243
1
1864 87
1
1865 92
1
1866 52
1
1867 279
1
1868 67
1
1869 222
1
1870 283
1
1871 249
1
1872 364
0
1
1873 38
1
1874 127
1
1875 250
1
1876 333
1
1877 253
1
1878 202
1
1879 295
1
1880 24
1
1881 159
1
1882 93
1
1883 370
0
1
1884 149
1
1885 122
1
1886 186
1
1887 216
1
1888 302
1
1889 72
1
1890 33
1
1891 30
1
1892 104
1
1893 192
1
1894 194
1
1895 278
1
1896 44
1
1897 146
1
1898 141
1
1899 121
1
1900 329
1
1901 213
1
1902 56
1
1903 80
1
1904 248
1
1905 188
1
1906 141
1
1907 92
1
1908 124
1
1909 174
1
1910 78
1
1911 75
1
1912 175
1
1913 241
1
1914 125
1
1915 11
1
1916 116
0
1
1917 282
1
1918 153
1
1919 127
1
1920 168
1
1921 40
1
1922 88
1
1923 241
1
1924 309
1
1925 336
1
1926 40
1
1927 296
1
1928 71
1
1929 285
1
1930 222
1
1931 228
1
1932 79
1
1933 196
1
1934 182
1
1935 356
1
1936 133
1
1937 223
1
1938 9
1
1939 282
1
1940 132
1
1941 65
1
1942 290
1
1943 42
1
1944 255
1
1945 144
1
1946 39
1
1947 204
1
1948 224
1
1949 82
1
1950 9
1
1951 138
1
1952 112
1
1953 197
1
1954 156
1
1955 13
1
1956 244
1
1957 251
1
1958 330
1
1959 58
1
1960 242
1
1961 312
1
1962 247
1
1963 137
1
1964 293
1
1965 248
1
1966 28
1
1967 22
0
1
1968 14
1
1969 59
1
1970 251
0
1
1971 310
0
1
1972 19
1
1973 108
1
1974 310
0
1
1975 334
1
1976 208
1
1977 26
1
1978 9
1
1979 204
1
1980 348
1
1981 128
1
1982 298
1
1983 79
1
1984 138
1
1985 115
1
1986 111
0
0
1
1987 160
1
1988 357
1
1989 48
1
1990 367
1
1991 70
1
1992 303
1
1993 84
1
1994 373
1
1995 144
1
1996 370
1
1997 257
1
1998 49
1
1999 122
1
2000 202
1
2001 45
0
1
2002 129
1
2003 277
1
2004 290
1
2005 12
1
2006 312
1
2007 212
1
2008 340
1
2009 292
1
2010 200
1
2011 156
1
2012 216
1
2013 271
1
2014 51
1
2015 351
1
2016 140
1
2017 56
1
2018 360
0
1
2019 184
1
2020 254
1
2021 165
0
1
2022 371
1
2023 334
0
1
2024 33
1
2025 128
1
2026 76
1
2027 254
1
2028 94
1
2029 57
1
2030 323
1
2031 206
1
2032 245
1
2033 131
1
2034 232
1
2035 348
1
2036 132
1
2037 144
1
2038 34
1
2039 361
1
2040 311
1
2041 17
1
2042 208
1
2043 208
1
2044 236
1
2045 56
1
2046 197
1
2047 126
1
2048 343
1
2049 122
1
2050 350
1
2051 74
1
2052 367
1
2053 29
0
1
2054 49
1
2055 18
1
2056 102
0
1
2057 350
1
2058 141
1
2059 50
1
2060 86
1
2061 334
1
2062 204
1
2063 95
1
2064 22
1
2065 222
1
2066 137
1
2067 339
1
2068 160
1
2069 308
1
2070 91
0
1
2071 192
1
2072 156
1
2073 24
1
2074 134
1
2075 324
1
2076 121
1
2077 161
0
1
2078 309
1
2079 292
1
2080 264
0
1
2081 158
1
2082 368
1
2083 98
0
1
2084 151
1
2085 307
1
2086 310
1
2087 345
1
2088 109
1
2089 116
1
2090 232
1
2091 225
1
2092 252
1
2093 127
1
2094 288
1
2095 246
1
2096 260
1
2097 60
1
2098 198
1
2099 277
1
2100 176
1
2101 100
1
2102 30
1
2103 72
1
2104 64
1
2105 108
1
2106 191
1
2107 281
1
2108 21
1
2109 122
1
2110 73
1
2111 281
1
2112 197
1
2113 133
1
2114 110
0
1
2115 244
1
2116 113
1
2117 123
1
2118 219
1
2119 80
1
2120 8
1
2121 51
1
2122 334
1
2123 256
1
2124 310
1
2125 19
1
2126 137
1
2127 361
0
1
2128 184
1
2129 273
1
2130 322
1
2131 57
1
2132 255
1
2133 206
1
2134 301
1
2135 70
1
2136 118
1
2137 275
1
2138 200
1
2139 330
1
2140 100
1
2141 267
1
2142 350
1
2143 45
1
2144 204
1
2145 314
1
2146 9
1
2147 374
1
2148 337
1
2149 147
1
2150 202
1
2151 58
1
2152 192
1
2153 188
1
2154 30
1
2155 302
1
2156 332
1
2157 169
1
2158 284
1
2159 33
1
2160 147
1
2161 272
1
2162 327
1
2163 372
1
2164 102
1
2165 340
1
2166 341
1
2167 267
1
2168 253
1
2169 209
1
2170 101
1
2171 202
1
2172 206
1
2173 282
1
2174 142
1
2175 322
1
2176 167
1
2177 126
1
2178 2
1
2179 190
0
1
2180 334
1
2181 152
1
2182 122
1
2183 276
1
2184 199
1
2185 204
1
2186 249
1
2187 13
1
2188 185
1
2189 21
1
2190 136
1
2191 18
1
2192 295
1
2193 91
1
2194 226
1
2195 251
1
2196 112
1
2197 345
1
2198 169
1
2199 209
0
0
1
2200 38
1
2201 317
1
2202 361
1
2203 29
1
2204 210
1
2205 150
1
2206 293
1
2207 300
1
2208 295
1
2209 220
1
2210 165
1
2211 192
1
2212 227
1
2213 46
1
2214 63
1
2215 254
1
2216 24
1
2217 368
1
2218 79
1
2219 170
1
2220 296
1
2221 334
1
2222 166
1
2223 267
1
2224 192
1
2225 15
1
2226 259
1
2227 226
1
2228 123
1
2229 345
1
2230 342
1
2231 191
1
2232 89
0
1
2233 108
1
2234 31
1
2235 10
1
2236 75
1
2237 297
1
2238 50
1
2239 201
1
2240 125
1
2241 290
1
2242 61
1
2243 285
1
2244 206
1
2245 271
1
2246 20
1
2247 330
1
2248 239
1
2249 284
1
2250 341
1
2251 262
1
2252 326
0
1
2253 260
1
2254 374
1
2255 310
1
2256 30
1
2257 310
1
2258 256
1
2259 342
1
2260 354
1
2261 282
1
2262 28
1
2263 43
1
2264 257
1
2265 246
1
2266 335
1
2267 344
1
2268 239
1
2269 127
1
2270 59
1
2271 193
1
2272 140
1
2273 105
1
2274 371
1
2275 63
1
2276 57
1
2277 343
1
2278 130
1
2279 264
1
2280 373
1
2281 155
1
2282 52
0
1
2283 372
1
2284 165
1
2285 113
1
2286 116
1
2287 25
1
2288 97
1
2289 245
1
2290 61
1
2291 129
1
2292 265
1
2293 20
1
2294 206
1
2295 58
1
2296 82
1
2297 13
1
2298 77
1
2299 63
1
2300 345
1
2301 36
1
2302 128
1
2303 281
1
2304 43
1
2305 234
1
2306 99
1
2307 16
1
2308 297
1
2309 168
0
0
1
2310 322
1
2311 314
1
2312 95
1
2313 175
1
2314 94
1
2315 202
1
2316 220
1
2317 46
1
2318 246
1
2319 232
1
2320 244
1
2321 365
1
2322 47
1
2323 227
1
2324 334
1
2325 351
1
2326 3
1
2327 134
1
2328 232
1
2329 111
1
2330 36
1
2331 72
1
2332 43
1
2333 108
1
2334 132
1
2335 311
1
2336 54
1
2337 26
1
2338 209
1
2339 223
1
2340 308
1
2341 8
1
2342 309
1
2343 216
1
2344 131
1
2345 142
1
2346 158
1
2347 224
1
2348 80
1
2349 327
1
2350 250
1
2351 8
1
2352 236
1
2353 274
1
2354 234
1
2355 295
1
2356 140
1
2357 190
1
2358 11
1
2359 376
1
2360 302
1
2361 4
1
2362 92
1
2363 56
1
2364 215
1
2365 267
1
2366 358
1
2367 184
1
2368 307
1
2369 369
1
2370 27
1
2371 231
1
2372 13
1
2373 67
1
2374 13
1
2375 176
1
2376 201
1
2377 139
1
2378 92
1
2379 74
1
2380 285
1
2381 160
1
2382 9
1
2383 82
1
2384 152
1
2385 289
1
2386 144
1
2387 194
1
2388 133
1
2389 77
1
2390 115
1
2391 63
1
2392 156
1
2393 22
1
2394 25
1
2395 131
1
2396 322
1
2397 293
1
2398 53
1
2399 160
1
2400 334
1
2401 8
1
2402 188
1
2403 298
1
2404 373
1
2405 63
1
2406 305
1
2407 299
1
2408 262
1
2409 326
1
2410 201
1
2411 86
1
2412 222
1
2413 179
1
2414 109
1
2415 17
1
2416 277
1
2417 239
1
2418 123
1
2419 181
1
2420 40
1
2421 377
1
2422 285
1
2423 169
1
2424 262
1
2425 319
1
2426 368
1
2427 23
1
2428 208
1
2429 57
1
2430 55
1
2431 212
1
2432 117
1
2433 172
1
2434 329
1
2435 197
1
2436 30
1
2437 56
1
2438 38
1
2439 89
1
2440 94
1
2441 358
1
2442 265
1
2443 282
1
2444 139
1
2445 251
1
2446 62
1
2447 234
1
2448 324
1
2449 96
1
2450 110
1
2451 304
1
2452 151
1
2453 85
1
2454 193
1
2455 276
1
2456 63
1
2457 125
1
2458 19
1
2459 308
1
2460 105
1
2461 349
1
2462 6
1
2463 131
1
2464 296
1
2465 159
1
2466 371
1
2467 261
0
1
2468 97
1
2469 260
1
2470 258
1
2471 362
1
2472 135
1
2473 29
1
2474 226
1
2475 87
1
2476 75
1
2477 275
1
2478 128
1
2479 119
1
2480 325
1
2481 289
1
2482 218
1
2483 22
1
2484 133
1
2485 101
1
2486 122
1
2487 48
1
2488 272
1
2489 36
1
2490 60
1
2491 187
1
2492 175
1
2493 28
1
2494 26
1
2495 261
1
2496 163
0
1
2497 5
1
2498 86
1
2499 259
1
2500 183
1
2501 42
1
2502 369
1
2503 51
1
2504 355
1
2505 11
1
2506 119
1
2507 249
1
2508 89
1
2509 42
1
2510 119
1
2511 8
1
2512 134
1
2513 14
1
2514 182
1
2515 231
1
2516 173
1
2517 293
1
2518 134
1
2519 50
1
2520 191
1
2521 153
1
2522 96
1
2523 154
1
2524 361
1
2525 3
1
2526 372
1
2527 292
1
2528 196
1
2529 222
1
2530 242
1
2531 334
1
2532 347
1
2533 294
1
2534 192
1
2535 67
1
2536 303
1
2537 86
1
2538 52
1
2539 263
1
2540 85
1
2541 81
1
2542 286
1
2543 272
1
2544 110
1
2545 262
1
2546 68
1
2547 305
1
2548 249
0
1
2549 351
1
2550 31
1
2551 328
1
2552 298
1
2553 280
1
2554 354
1
2555 121
1
2556 335
1
2557 23
1
2558 300
1
2559 63
1
2560 330
1
2561 317
1
2562 341
1
2563 300
1
2564 276
0
1
2565 226
1
2566 199
1
2567 262
1
2568 157
1
2569 89
0
1
2570 168
1
2571 251
1
2572 228
1
2573 105
1
2574 109
1
2575 185
1
2576 125
1
2577 369
1
2578 43
1
2579 308
1
2580 192
1
2581 362
0
1
2582 306
1
2583 56
1
2584 74
1
2585 29
1
2586 28
1
2587 244
1
2588 289
1
2589 357
1
2590 108
1
2591 109
1
2592 17
1
2593 121
1
2594 352
1
2595 131
1
2596 258
1
2597 366
1
2598 96
1
2599 337
1
2600 122
1
2601 21
1
2602 337
1
2603 16
1
2604 48
1
2605 228
1
2606 364
1
2607 72
1
2608 337
1
2609 89
1
2610 71
1
2611 341
1
2612 345
1
2613 63
1
2614 51
0
1
2615 102
1
2616 211
1
2617 259
1
2618 215
1
2619 318
1
2620 227
1
2621 114
1
2622 271
1
2623 215
1
2624 127
1
2625 242
1
2626 52
1
2627 370
1
2628 309
1
2629 313
0
1
2630 315
1
2631 113
1
2632 291
1
2633 213
1
2634 207
1
2635 366
1
2636 157
1
2637 187
1
2638 276
1
2639 174
0
1
2640 111
1
2641 113
1
2642 206
1
2643 84
1
2644 54
1
2645 143
1
2646 337
1
2647 118
1
2648 274
1
2649 27
1
2650 129
1
2651 250
1
2652 196
1
2653 148
1
2654 139
1
2655 35
1
2656 10
1
2657 178
1
2658 226
1
2659 114
1
2660 300
1
2661 268
1
2662 174
1
2663 131
1
2664 60
1
2665 166
1
2666 80
1
2667 89
1
2668 334
1
2669 84
0
1
2670 199
1
2671 353
1
2672 147
1
2673 134
1
2674 88
1
2675 361
1
2676 142
1
2677 157
1
2678 300
1
2679 64
1
2680 40
1
2681 310
1
2682 148
0
1
2683 63
1
2684 300
1
2685 40
0
1
2686 34
1
2687 236
1
2688 73
1
2689 274
1
2690 102
1
2691 6
1
2692 296
1
2693 321
1
2694 185
1
2695 343
1
2696 131
0
1
2697 362
0
1
2698 372
0
1
2699 10
1
2700 65
1
2701 188
1
2702 142
0
1
2703 282
1
2704 325
1
2705 209
1
2706 299
1
2707 35
1
2708 152
1
2709 251
1
2710 286
1
2711 322
1
2712 133
1
2713 358
1
2714 178
1
2715 44
1
2716 222
1
2717 144
1
2718 214
1
2719 133
1
2720 311
1
2721 178
1
2722 217
1
2723 308
1
2724 197
1
2725 372
1
2726 206
1
2727 116
1
2728 239
1
2729 10
0
1
2730 42
1
2731 35
1
2732 183
1
2733 312
1
2734 74
1
2735 159
1
2736 372
1
2737 77
1
2738 305
0
1
2739 243
1
2740 237
1
2741 145
1
2742 122
1
2743 327
1
2744 41
1
2745 276
1
2746 62
1
2747 142
1
2748 264
1
2749 117
1
2750 281
0
1
2751 315
1
2752 5
1
2753 96
1
2754 47
1
2755 312
1
2756 346
0
1
2757 79
1
2758 317
1
2759 34
1
2760 36
1
2761 79
1
2762 56
1
2763 258
1
2764 106
1
2765 331
1
2766 266
0
1
2767 24
1
2768 28
1
2769 190
1
2770 240
1
2771 106
1
2772 142
1
2773 90
1
2774 217
1
2775 15
1
2776 324
1
2777 140
1
2778 188
1
2779 306
1
2780 150
1
2781 328
1
2782 141
1
2783 120
1
2784 365
0
1
2785 352
1
2786 228
1
2787 159
1
2788 253
1
2789 156
1
2790 117
0
1
2791 219
1
2792 40
1
2793 139
1
2794 54
1
2795 317
1
2796 345
1
2797 247
1
2798 178
1
2799 24
1
2800 230
1
2801 352
0
1
2802 31
1
2803 15
1
2804 105
0
1
2805 339
1
2806 349
1
2807 88
1
2808 295
1
2809 82
1
2810 347
1
2811 80
1
2812 114
1
2813 58
1
2814 111
1
2815 61
1
2816 343
1
2817 96
1
2818 223
1
2819 101
1
2820 292
1
2821 210
1
2822 138
1
2823 63
1
2824 245
1
2825 98
1
2826 177
1
2827 251
1
2828 59
1
2829 149
1
2830 105
1
2831 84
1
2832 233
1
2833 328
1
2834 263
1
2835 308
1
2836 278
1
2837 247
1
2838 65
1
2839 106
1
2840 367
1
2841 222
1
2842 68
1
2843 75
1
2844 339
1
2845 141
1
2846 54
1
2847 81
0
1
2848 90
0
1
2849 19
1
2850 146
1
2851 192
1
2852 215
1
2853 354
1
2854 370
0
0
1
2855 340
1
2856 65
1
2857 98
1
2858 142
1
2859 190
1
2860 145
0
1
2861 11
1
2862 334
1
2863 223
1
2864 136
1
2865 86
0
1
2866 131
1
2867 166
1
2868 224
0
0
1
2869 318
1
2870 188
1
2871 81
1
2872 21
0
1
2873 204
1
2874 139
1
2875 249
1
2876 178
1
2877 176
1
2878 95
1
2879 13
1
2880 126
1
2881 188
1
2882 113
1
2883 66
1
2884 263
1
2885 370
1
2886 294
1
2887 202
1
2888 294
0
1
2889 261
0
1
2890 143
1
2891 202
1
2892 88
0
1
2893 59
1
2894 24
1
2895 262
1
2896 332
1
2897 168
1
2898 234
1
2899 39
1
2900 65
1
2901 80
1
2902 356
1
2903 79
1
2904 103
1
2905 61
1
2906 319
1
2907 41
1
2908 269
1
2909 90
1
2910 99
1
2911 121
1
2912 352
1
2913 352
1
2914 61
1
2915 344
1
2916 26
1
2917 166
1
2918 313
0
1
2919 322
1
2920 183
1
2921 60
1
2922 113
1
2923 276
0
1
2924 50
1
2925 292
1
2926 7
1
2927 170
1
2928 253
1
2929 349
0
1
2930 358
1
2931 27
1
2932 351
1
2933 342
1
2934 55
1
2935 75
0
1
2936 163
1
2937 329
1
2938 283
1
2939 137
1
2940 317
1
2941 159
1
2942 70
1
2943 7
0
1
2944 154
1
2945 123
1
2946 28
1
2947 372
1
2948 6
1
2949 347
0
1
2950 264
1
2951 143
0
0
1
2952 339
1
2953 277
1
2954 350
1
2955 341
1
2956 152
1
2957 28
1
2958 41
1
2959 285
1
2960 62
1
2961 235
1
2962 366
1
2963 17
1
2964 107
1
2965 99
1
2966 130
1
2967 168
1
2968 253
1
2969 146
1
2970 5
1
2971 259
1
2972 279
1
2973 286
1
2974 191
1
2975 228
1
2976 125
1
2977 14
1
2978 28
1
2979 152
1
2980 160
1
2981 363
0
0
1
2982 153
1
2983 228
1
2984 127
1
2985 22
1
2986 110
1
2987 130
1
2988 363
1
2989 334
1
2990 45
1
2991 18
1
2992 207
1
2993 46
1
2994 157
1
2995 16
1
2996 117
1
2997 76
1
2998 167
1
2999 280
1
3000 32
1
3001 119
0
1
3002 261
1
3003 72
1
3004 199
1
3005 45
1
3006 248
1
3007 266
1
3008 108
1
3009 168
1
3010 161
1
3011 104
1
3012 116
1
3013 236
1
3014 266
1
3015 281
1
3016 41
1
3017 67
0
0
0
1
3018 328
1
3019 88
1
3020 37
0
1
3021 106
1
3022 289
1
3023 276
1
3024 118
1
3025 354
0
1
3026 263
1
3027 345
1
3028 144
1
3029 85
1
3030 281
1
3031 223
1
3032 57
1
3033 207
1
3034 113
1
3035 329
1
3036 23
1
3037 206
1
3038 312
1
3039 3
1
3040 153
1
3041 36
1
3042 182
0
0
1
3043 108
1
3044 37
0
1
3045 376
1
3046 247
1
3047 141
1
3048 39
1
3049 310
1
3050 281
1
3051 47
1
3052 275
1
3053 99
1
3054 60
0
1
3055 31
1
3056 370
1
3057 32
1
3058 349
1
3059 66
0
1
3060 328
0
1
3061 142
1
3062 189
0
1
3063 309
1
3064 377
1
3065 156
0
1
3066 301
1
3067 219
1
3068 198
1
3069 245
1
3070 135
1
3071 4
1
3072 375
1
3073 4
1
3074 81
0
1
3075 122
1
3076 40
1
3077 266
1
3078 65
0
0
1
3079 141
1
3080 146
1
3081 204
1
3082 13
1
3083 103
1
3084 241
0
1
3085 37
0
0
1
3086 179
1
3087 79
1
3088 310
1
3089 189
0
1
3090 265
1
3091 21
1
3092 42
1
3093 53
1
3094 257
0
1
3095 308
1
3096 117
1
3097 264
1
3098 286
0
1
3099 178
1
3100 150
1
3101 74
1
3102 368
1
3103 144
1
3104 251
0
1
3105 195
1
3106 367
0
1
3107 153
1
3108 16
1
3109 334
0
1
3110 358
0
1
3111 351
1
3112 246
1
3113 252
1
3114 77
1
3115 324
0
1
3116 108
0
1
3117 84
1
3118 111
1
3119 369
1
3120 84
1
3121 108
1
3122 252
1
3123 249
1
3124 275
1
3125 33
0
0
1
3126 168
1
3127 277
1
3128 249
1
3129 4
1
3130 303
1
3131 325
1
3132 198
0
0
1
3133 205
1
3134 270
1
3135 60
1
3136 264
1
3137 3
0
1
3138 228
1
3139 256
0
1
3140 102
0
1
3141 293
1
3142 208
1
3143 87
1
3144 9
1
3145 45
0
1
3146 85
1
3147 227
1
3148 167
1
3149 363
1
3150 10
1
3151 326
0
1
3152 341
1
3153 128
1
3154 212
1
3155 210
1
3156 301
1
3157 352
0
1
3158 148
1
3159 289
1
3160 25
1
3161 175
0
1
3162 53
1
3163 130
0
1
3164 163
1
3165 367
1
3166 98
1
3167 154
1
3168 149
1
3169 279
1
3170 280
1
3171 314
1
3172 343
1
3173 342
0
1
3174 319
1
3175 144
1
3176 214
1
3177 283
1
3178 279
1
3179 338
1
3180 229
1
3181 258
1
3182 351
1
3183 298
1
3184 161
1
3185 353
1
3186 169
1
3187 109
1
3188 188
1
3189 121
1
3190 22
1
3191 298
1
3192 251
0
1
3193 350
0
1
3194 311
1
3195 23
1
3196 349
1
3197 3
0
1
3198 97
1
3199 42
1
3200 72
0
1
3201 276
1
3202 172
1
3203 360
1
3204 92
1
3205 363
1
3206 169
1
3207 157
1
3208 228
1
3209 88
0
1
3210 336
1
3211 280
1
3212 161
1
3213 201
1
3214 177
1
3215 350
0
1
3216 169
1
3217 9
1
3218 127
1
3219 375
1
3220 179
1
3221 355
0
0
0
0
1
3222 159
1
3223 80
0
1
3224 106
0
1
3225 113
0
1
3226 16
1
3227 327
1
3228 132
1
3229 326
1
3230 22
1
3231 162
0
1
3232 288
1
3233 214
0
1
3234 306
0
1
3235 190
1
3236 74
0
0
1
3237 214
1
3238 284
1
3239 9
1
3240 261
1
3241 126
1
3242 102
0
0
1
3243 138
1
3244 97
1
3245 80
1
3246 6
1
3247 264
1
3248 38
1
3249 337
1
3250 321
0
1
3251 275
0
0
1
3252 69
1
3253 262
0
0
1
3254 280
1
3255 277
1
3256 126
1
3257 335
1
3258 284
1
3259 160
1
3260 66
1
3261 86
1
3262 231
1
3263 250
1
3264 142
1
3265 22
0
1
3266 34
1
3267 334
0
1
3268 226
0
1
3269 4
1
3270 255
1
3271 13
1
3272 299
0
1
3273 372
1
3274 327
0
1
3275 65
1
3276 155
1
3277 281
0
1
3278 113
1
3279 285
1
3280 143
1
3281 138
1
3282 55
1
3283 37
1
3284 289
1
3285 34
1
3286 92
0
1
3287 234
1
3288 361
1
3289 51
1
3290 15
1
3291 144
1
3292 60
0
1
3293 288
1
3294 295
1
3295 307
1
3296 228
1
3297 32
1
3298 108
1
3299 370
1
3300 63
1
3301 310
0
1
3302 306
0
0
1
3303 128
1
3304 289
1
3305 123
1
3306 376
1
3307 336
1
3308 315
1
3309 188
1
3310 45
1
3311 168
1
3312 230
0
1
3313 228
1
3314 143
1
3315 173
1
3316 192
1
3317 92
1
3318 337
0
1
3319 11
1
3320 288
1
3321 151
1
3322 377
1
3323 269
1
3324 124
1
3325 48
1
3326 307
1
3327 213
0
0
1
3328 80
1
3329 44
1
3330 149
1
3331 174
1
3332 359
1
3333 187
1
3334 40
1
3335 162
0
1
3336 113
1
3337 144
1
3338 226
1
3339 305
1
3340 131
0
1
3341 316
0
1
3342 308
0
0
1
3343 140
1
3344 198
1
3345 311
0
1
3346 105
1
3347 105
1
3348 192
1
3349 74
1
3350 267
0
0
0
1
3351 96
1
3352 300
1
3353 100
1
3354 98
1
3355 220
1
3356 307
1
3357 139
1
3358 313
1
3359 103
1
3360 155
0
1
3361 311
1
3362 192
1
3363 265
1
3364 69
1
3365 348
1
3366 348
1
3367 116
1
3368 165
1
3369 256
1
3370 281
0
1
3371 65
1
3372 220
1
3373 182
0
1
3374 43
0
1
3375 249
1
3376 11
1
3377 108
1
3378 339
1
3379 13
1
3380 55
0
1
3381 44
1
3382 186
1
3383 148
1
3384 324
0
1
3385 27
1
3386 152
1
3387 94
1
3388 98
1
3389 4
1
3390 196
0
1
3391 139
1
3392 259
0
1
3393 104
1
3394 314
1
3395 181
1
3396 163
1
3397 92
0
0
1
3398 284
1
3399 311
1
3400 318
0
1
3401 16
1
3402 342
0
1
3403 282
1
3404 161
1
3405 310
1
3406 77
1
3407 110
0
1
3408 65
0
1
3409 364
1
3410 74
1
3411 152
1
3412 341
1
3413 65
1
3414 225
1
3415 29
1
3416 377
1
3417 141
1
3418 320
1
3419 243
0
0
1
3420 163
1
3421 314
1
3422 62
0
1
3423 122
1
3424 357
1
3425 300
1
3426 130
1
3427 255
1
3428 155
1
3429 208
1
3430 257
0
1
3431 163
1
3432 93
1
3433 245
0
1
3434 351
1
3435 28
1
3436 59
1
3437 169
1
3438 109
1
3439 323
1
3440 167
1
3441 217
1
3442 330
0
1
3443 115
1
3444 32
1
3445 276
1
3446 49
1
3447 126
1
3448 102
1
3449 42
1
3450 154
1
3451 359
1
3452 366
1
3453 262
1
3454 303
1
3455 66
1
3456 43
1
3457 113
1
3458 80
1
3459 288
1
3460 355
1
3461 332
0
0
1
3462 184
1
3463 362
1
3464 344
0
1
3465 195
0
1
3466 265
1
3467 334
1
3468 299
1
3469 8
1
3470 35
1
3471 163
1
3472 114
1
3473 170
1
3474 18
1
3475 155
0
1
3476 274
1
3477 254
0
1
3478 345
1
3479 17
1
3480 12
0
1
3481 289
0
1
3482 129
1
3483 342
1
3484 240
1
3485 331
1
3486 265
1
3487 126
1
3488 61
1
3489 138
1
3490 7
1
3491 135
1
3492 300
0
1
3493 316
0
1
3494 77
1
3495 306
1
3496 280
1
3497 69
1
3498 215
0
1
3499 123
1
3500 326
0
1
3501 192
1
3502 139
0
1
3503 254
0
1
3504 292
1
3505 262
0
1
3506 122
1
3507 175
0
1
3508 345
1
3509 159
1
3510 11
1
3511 144
1
3512 122
1
3513 135
1
3514 253
0
1
3515 319
0
1
3516 360
1
3517 209
0
1
3518 76
1
3519 202
1
3520 194
1
3521 42
1
3522 289
1
3523 15
1
3524 281
0
0
0
1
3525 291
1
3526 209
0
1
3527 213
1
3528 2
1
3529 351
0
1
3530 251
1
3531 372
1
3532 262
0
0
0
1
3533 302
0
1
3534 150
1
3535 349
1
3536 73
1
3537 187
0
0
0
1
3538 354
1
3539 69
0
1
3540 154
0
0
1
3541 236
1
3542 92
1
3543 88
1
3544 248
1
3545 320
0
0
0
1
3546 108
0
1
3547 84
1
3548 125
1
3549 190
0
1
3550 315
1
3551 131
0
0
0
0
1
3552 53
0
1
3553 44
1
3554 85
1
3555 42
1
3556 144
1
3557 216
1
3558 305
1
3559 178
1
3560 283
1
3561 250
1
3562 324
1
3563 349
1
3564 300
1
3565 144
1
3566 202
1
3567 350
0
1
3568 334
1
3569 156
0
1
3570 230
1
3571 197
1
3572 13
1
3573 19
1
3574 326
1
3575 27
0
1
3576 202
1
3577 201
1
3578 113
1
3579 155
1
3580 332
1
3581 116
1
3582 50
0
0
1
3583 224
1
3584 250
1
3585 201
1
3586 202
1
3587 337
1
3588 80
1
3589 302
1
3590 37
1
3591 127
1
3592 171
1
3593 92
1
3594 60
1
3595 201
1
3596 202
1
3597 374
1
3598 227
1
3599 104
0
1
3600 141
1
3601 89
1
3602 104
1
3603 228
0
1
3604 106
1
3605 295
1
3606 2
1
3607 337
1
3608 2
1
3609 375
1
3610 92
1
3611 272
1
3612 173
0
0
1
3613 233
1
3614 107
0
1
3615 338
1
3616 234
1
3617 327
0
1
3618 214
1
3619 352
0
0
1
3620 131
1
3621 144
1
3622 233
1
3623 293
1
3624 345
1
3625 11
1
3626 56
1
3627 209
1
3628 152
1
3629 50
0
1
3630 371
1
3631 282
1
3632 175
1
3633 347
0
1
3634 182
1
3635 377
1
3636 15
1
3637 259
1
3638 122
1
3639 372
0
0
1
3640 305
1
3641 295
1
3642 265
0
1
3643 288
0
1
3644 353
1
3645 92
1
3646 144
1
3647 174
1
3648 368
1
3649 302
0
1
3650 234
1
3651 308
0
1
3652 56
1
3653 251
1
3654 86
0
1
3655 63
1
3656 123
1
3657 97
1
3658 75
0
0
1
3659 19
1
3660 291
1
3661 305
1
3662 312
0
1
3663 66
1
3664 221
0
1
3665 67
1
3666 292
1
3667 140
1
3668 27
1
3669 210
1
3670 83
0
0
0
1
3671 120
0
1
3672 220
0
1
3673 194
1
3674 48
0
1
3675 273
0
1
3676 107
1
3677 107
0
0
0
1
3678 132
0
1
3679 273
1
3680 114
1
3681 294
1
3682 191
1
3683 57
1
3684 130
1
3685 79
1
3686 75
1
3687 326
0
0
1
3688 195
1
3689 243
0
0
0
0
0
1
3690 17
0
1
3691 30
1
3692 125
1
3693 126
1
3694 168
1
3695 165
1
3696 126
0
1
3697 71
0
1
3698 168
1
3699 53
0
0
1
3700 273
1
3701 317
1
3702 191
1
3703 13
1
3704 91
1
3705 325
1
3706 188
0
1
3707 5
0
0
1
3708 36
1
3709 208
1
3710 242
0
1
3711 178
1
3712 113
1
3713 70
0
1
3714 206
1
3715 341
1
3716 193
0
0
1
3717 86
1
3718 175
0
1
3719 293
1
3720 112
1
3721 31
1
3722 167
1
3723 352
1
3724 258
1
3725 247
1
3726 184
1
3727 284
0
1
3728 105
1
3729 184
0
1
3730 215
0
0
1
3731 112
1
3732 371
0
1
3733 304
1
3734 223
1
3735 183
0
1
3736 270
1
3737 137
1
3738 269
1
3739 138
0
0
0
1
3740 346
1
3741 347
1
3742 324
1
3743 285
1
3744 233
0
0
0
1
3745 253
1
3746 334
1
3747 293
1
3748 88
1
3749 27
0
1
3750 106
1
3751 48
0
0
1
3752 4
1
3753 14
0
0
1
3754 172
1
3755 70
0
0
1
3756 157
1
3757 88
1
3758 229
1
3759 106
1
3760 238
1
3761 312
1
3762 42
1
3763 97
1
3764 115
1
3765 122
0
0
1
3766 205
1
3767 7
1
3768 205
1
3769 152
1
3770 227
0
1
3771 123
1
3772 20
1
3773 139
1
3774 254
1
3775 107
1
3776 282
1
3777 349
0
1
3778 215
1
3779 262
1
3780 105
1
3781 288
1
3782 183
0
1
3783 69
1
3784 370
1
3785 28
1
3786 115
0
0
1
3787 106
0
1
3788 127
0
1
3789 55
0
1
3790 177
0
1
3791 334
0
1
3792 164
1
3793 81
1
3794 140
0
0
1
3795 63
0
1
3796 44
0
1
3797 259
1
3798 245
0
1
3799 105
1
3800 223
1
3801 175
1
3802 206
1
3803 181
0
1
3804 162
1
3805 123
0
1
3806 312
0
0
1
3807 102
1
3808 299
0
0
1
3809 270
0
1
3810 172
1
3811 174
1
3812 362
1
3813 358
1
3814 106
1
3815 135
0
0
1
3816 245
1
3817 110
0
1
3818 208
1
3819 212
0
0
0
1
3820 197
1
3821 194
1
3822 281
1
3823 64
1
3824 116
1
3825 206
0
1
3826 171
1
3827 139
0
0
1
3828 241
1
3829 280
0
1
3830 26
0
1
3831 106
1
3832 136
0
1
3833 86
1
3834 370
0
0
1
3835 67
1
3836 181
1
3837 158
1
3838 288
1
3839 174
1
3840 186
0
1
3841 261
1
3842 57
1
3843 247
1
3844 251
1
3845 274
1
3846 31
0
1
3847 187
0
1
3848 231
1
3849 56
1
3850 227
0
1
3851 291
1
3852 337
1
3853 110
1
3854 179
1
3855 299
0
0
1
3856 350
1
3857 188
0
1
3858 210
0
0
0
1
3859 164
1
3860 53
1
3861 28
1
3862 16
1
3863 321
1
3864 50
1
3865 21
0
1
3866 279
1
3867 306
0
1
3868 310
1
3869 355
1
3870 187
0
1
3871 142
0
0
1
3872 313
1
3873 47
0
0
1
3874 89
1
3875 132
1
3876 118
1
3877 305
0
0
1
3878 220
1
3879 310
1
3880 222
1
3881 154
1
3882 285
1
3883 49
1
3884 324
1
3885 103
0
1
3886 247
1
3887 268
1
3888 131
1
3889 45
1
3890 348
0
1
3891 364
1
3892 22
1
3893 374
1
3894 371
0
1
3895 321
1
3896 13
1
3897 213
1
3898 160
1
3899 252
1
3900 13
1
3901 233
1
3902 358
0
1
3903 141
1
3904 192
0
1
3905 360
0
1
3906 231
1
3907 259
0
0
1
3908 138
1
3909 354
1
3910 142
0
0
1
3911 3
1
3912 315
1
3913 353
0
1
3914 6
0
1
3915 77
1
3916 42
0
1
3917 141
1
3918 105
0
0
1
3919 139
1
3920 119
1
3921 147
0
0
1
3922 304
1
3923 119
1
3924 130
0
1
3925 368
1
3926 217
1
3927 40
1
3928 230
1
3929 217
1
3930 126
1
3931 360
1
3932 376
0
1
3933 68
1
3934 283
0
1
3935 239
1
3936 138
1
3937 205
1
3938 197
0
0
1
3939 171
0
0
0
0
1
3940 106
1
3941 360
0
1
3942 329
0
1
3943 159
1
3944 115
0
1
3945 167
1
3946 284
0
1
3947 95
1
3948 285
1
3949 257
0
0
1
3950 212
1
3951 70
1
3952 300
1
3953 336
1
3954 79
0
1
3955 21
1
3956 287
1
3957 73
0
1
3958 23
0
0
0
0
1
3959 146
1
3960 317
0
1
3961 292
1
3962 278
0
1
3963 161
1
3964 309
0
1
3965 7
1
3966 272
1
3967 180
1
3968 100
0
1
3969 106
0
1
3970 96
1
3971 228
0
1
3972 177
1
3973 257
0
0
1
3974 152
1
3975 194
1
3976 40
0
1
3977 47
0
0
0
1
3978 10
0
0
0
1
3979 110
1
3980 335
1
3981 289
1
3982 322
1
3983 34
0
1
3984 271
1
3985 340
0
1
3986 377
1
3987 210
1
3988 228
0
1
3989 153
1
3990 34
1
3991 207
0
1
3992 358
0
1
3993 325
1
3994 257
0
1
3995 377
0
1
3996 335
0
0
0
1
3997 148
0
1
3998 316
1
3999 344
1
4000 5
1
4001 125
1
4002 156
1
4003 337
1
4004 349
1
4005 26
0
1
4006 275
0
1
4007 222
1
4008 354
0
0
0
1
4009 266
0
1
4010 169
1
4011 58
0
1
4012 202
0
1
4013 358
0
1
4014 20
0
1
4015 249
0
1
4016 197
0
1
4017 302
0
1
4018 140
0
0
1
4019 258
1
4020 4
0
0
1
4021 254
1
4022 291
0
1
4023 332
1
4024 361
1
4025 33
0
1
4026 323
0
0
0
0
0
1
4027 35
0
0
0
1
4028 40
1
4029 255
1
4030 2
1
4031 177
1
4032 230
0
1
4033 255
1
4034 36
1
4035 111
0
1
4036 62
0
0
0
1
4037 195
0
1
4038 251
1
4039 192
1
4040 214
0
1
4041 63
1
4042 91
0
0
1
4043 38
1
4044 161
1
4045 250
1
4046 215
1
4047 200
0
1
4048 320
1
4049 166
1
4050 86
1
4051 108
0
0
1
4052 377
1
4053 202
0
0
0
1
4054 274
1
4055 184
0
1
4056 287
1
4057 53
1
4058 324
1
4059 226
1
4060 297
0
1
4061 19
1
4062 219
0
1
4063 3
0
1
4064 78
1
4065 134
0
1
4066 160
0
1
4067 212
0
1
4068 172
0
0
1
4069 197
1
4070 34
0
0
1
4071 132
0
1
4072 322
1
4073 283
1
4074 289
1
4075 204
0
1
4076 57
0
1
4077 108
1
4078 102
1
4079 12
0
0
1
4080 108
0
0
1
4081 158
1
4082 263
0
0
0
1
4083 78
0
1
4084 372
1
4085 307
0
1
4086 330
0
0
0
1
4087 95
1
4088 234
0
1
4089 306
1
4090 376
1
4091 238
1
4092 207
1
4093 25
0
1
4094 122
0
1
4095 15
1
4096 372
0
1
4097 123
0
0
0
0
0
0
1
4098 298
0
0
1
4099 169
0
0
0
1
4100 255
1
4101 372
1
4102 354
0
0
1
4103 92
1
4104 373
0
0
1
4105 63
1
4106 311
0
1
4107 303
1
4108 97
0
1
4109 125
0
1
4110 12
0
1
4111 102
1
4112 324
1
4113 89
0
0
1
4114 155
1
4115 354
0
0
1
4116 7
0
1
4117 287
1
4118 325
0
0
0
1
4119 191
1
4120 166
1
4121 261
1
4122 10
0
1
4123 146
0
0
0
1
4124 294
0
0
1
4125 106
1
4126 58
0
0
1
4127 202
1
4128 22
1
4129 171
1
4130 9
0
0
0
1
4131 174
1
4132 57
1
4133 217
0
1
4134 100
1
4135 152
0
1
4136 277
1
4137 215
0
1
4138 107
1
4139 198
1
4140 231
1
4141 51
1
4142 40
1
4143 22
0
0
1
4144 301
1
4145 232
1
4146 277
1
4147 334
0
0
0
1
4148 377
0
1
4149 16
1
4150 186
0
1
4151 376
0
1
4152 34
0
0
1
4153 342
1
4154 209
1
4155 191
1
4156 337
1
4157 300
1
4158 130
1
4159 40
1
4160 242
1
4161 252
1
4162 320
1
4163 261
0
1
4164 55
0
1
4165 366
1
4166 20
1
4167 356
0
1
4168 88
1
4169 223
0
0
1
4170 87
1
4171 118
0
1
4172 337
0
1
4173 132
0
0
1
4174 250
1
4175 119
0
0
1
4176 287
0
1
4177 146
1
4178 235
1
4179 286
0
1
4180 44
0
1
4181 78
0
1
4182 13
1
4183 357
1
4184 372
1
4185 267
1
4186 115
0
1
4187 158
1
4188 101
0
0
1
4189 63
0
1
4190 195
0
1
4191 179
1
4192 330
1
4193 311
1
4194 201
1
4195 110
1
4196 127
0
0
0
0
0
1
4197 271
1
4198 150
1
4199 7
1
4200 335
1
4201 28
0
0
0
1
4202 111
0
1
4203 112
1
4204 316
0
1
4205 5
0
1
4206 271
0
0
0
1
4207 115
1
4208 47
1
4209 126
1
4210 42
0
0
1
4211 286
1
4212 108
0
0
1
4213 291
0
1
4214 207
0
1
4215 76
0
1
4216 93
1
4217 281
0
0
0
0
0
1
4218 86
0
0
0
1
4219 180
1
4220 236
1
4221 257
0
1
4222 219
1
4223 337
0
1
4224 43
0
1
4225 22
1
4226 33
0
1
4227 146
0
0
0
0
1
4228 177
1
4229 158
0
1
4230 118
1
4231 62
1
4232 21
1
4233 248
0
0
1
4234 341
1
4235 209
1
4236 296
0
0
0
0
0
1
4237 236
1
4238 359
1
4239 311
1
4240 119
1
4241 195
0
1
4242 26
0
0
0
0
1
4243 108
1
4244 23
0
1
4245 275
0
0
0
1
4246 220
1
4247 225
0
1
4248 176
1
4249 310
1
4250 24
1
4251 88
1
4252 66
0
1
4253 271
0
1
4254 258
0
0
0
0
0
0
0
1
4255 284
0
0
0
1
4256 57
1
4257 117
1
4258 181
1
4259 157
1
4260 35
0
0
0
0
0
1
4261 47
0
1
4262 231
0
1
4263 13
0
0
1
4264 324
1
4265 254
1
4266 131
0
1
4267 285
0
1
4268 163
0
0
1
4269 169
1
4270 208
1
4271 91
1
4272 335
1
4273 272
1
4274 152
1
4275 72
0
0
1
4276 193
1
4277 125
1
4278 208
1
4279 12
0
1
4280 152
1
4281 13
1
4282 98
1
4283 222
1
4284 266
1
4285 354
1
4286 230
1
4287 177
0
1
4288 286
1
4289 214
0
0
0
0
1
4290 38
0
0
1
4291 355
0
0
0
0
1
4292 179
0
1
4293 121
1
4294 113
1
4295 162
1
4296 363
1
4297 18
1
4298 223
0
0
1
4299 271
1
4300 190
1
4301 120
1
4302 166
0
0
0
0
1
4303 178
1
4304 320
1
4305 144
1
4306 136
1
4307 334
1
4308 23
1
4309 159
1
4310 25
0
0
1
4311 197
0
0
0
0
1
4312 194
0
1
4313 43
1
4314 72
0
1
4315 267
0
0
1
4316 24
0
1
4317 344
1
4318 175
1
4319 110
1
4320 191
0
0
0
0
1
4321 375
1
4322 140
1
4323 168
1
4324 288
1
4325 123
1
4326 296
0
0
0
0
0
0
0
0
0
0
1
4327 361
1
4328 337
1
4329 353
1
4330 66
0
0
1
4331 138
0
1
4332 310
1
4333 34
0
1
4334 182
1
4335 9
0
0
0
0
1
4336 352
0
0
1
4337 13
1
4338 160
0
0
1
4339 171
1
4340 23
1
4341 373
0
0
0
0
1
4342 52
0
0
1
4343 12
1
4344 46
1
4345 287
1
4346 269
0
0
0
1
4347 350
0
0
0
1
4348 135
1
4349 96
0
0
0
1
4350 114
0
0
0
1
4351 40
1
4352 354
0
1
4353 262
0
1
4354 366
1
4355 28
0
1
4356 86
1
4357 199
0
0
1
4358 370
1
4359 36
1
4360 258
1
4361 375
1
4362 165
0
1
4363 83
0
0
0
1
4364 235
1
4365 16
1
4366 148
0
0
0
1
4367 288
1
4368 64
1
4369 371
1
4370 309
0
1
4371 112
0
1
4372 63
1
4373 224
0
1
4374 53
0
0
1
4375 265
0
1
4376 192
0
0
0
0
1
4377 57
1
4378 112
1
4379 12
0
0
0
1
4380 199
0
0
1
4381 315
0
0
0
0
1
4382 318
0
0
1
4383 255
0
0
1
4384 256
0
1
4385 306
0
1
4386 239
0
1
4387 313
0
0
1
4388 153
1
4389 101
0
1
4390 358
0
1
4391 202
1
4392 331
0
1
4393 116
0
1
4394 110
1
4395 92
1
4396 348
1
4397 77
0
0
0
0
1
4398 321
0
0
0
1
4399 161
0
0
1
4400 165
1
4401 43
0
1
4402 237
0
0
0
0
0
1
4403 251
0
0
0
0
0
0
0
1
4404 53
0
0
0
1
4405 41
0
1
4406 366
1
4407 187
0
0
1
4408 182
0
0
1
4409 128
0
1
4410 262
1
4411 189
0
1
4412 288
0
1
4413 91
1
4414 351
0
0
0
1
4415 307
0
0
1
4416 194
1
4417 248
0
1
4418 310
1
4419 37
1
4420 155
0
0
0
0
0
1
4421 306
1
4422 337
1
4423 44
1
4424 34
1
4425 40
1
4426 47
0
0
0
1
4427 188
1
4428 152
1
4429 328
0
1
4430 363
0
1
4431 246
1
4432 182
0
1
4433 351
1
4434 338
0
1
4435 295
0
0
0
1
4436 313
0
0
1
4437 44
0
0
1
4438 10
0
0
1
4439 317
1
4440 105
0
0
0
1
4441 56
1
4442 154
0
1
4443 76
1
4444 349
1
4445 244
1
4446 116
1
4447 210
1
4448 324
1
4449 355
1
4450 185
0
0
0
1
4451 156
0
0
0
1
4452 295
1
4453 250
0
0
1
4454 352
1
4455 189
0
0
0
0
1
4456 319
1
4457 62
1
4458 40
1
4459 153
1
4460 255
1
4461 146
1
4462 346
1
4463 359
0
0
0
0
0
0
1
4464 320
0
1
4465 255
0
0
0
0
0
0
0
0
1
4466 276
0
0
1
4467 177
0
0
0
1
4468 320
1
4469 72
1
4470 373
0
1
4471 338
0
0
0
1
4472 147
1
4473 355
0
1
4474 142
0
0
0
0
0
0
0
0
0
0
0
1
4475 289
1
4476 275
1
4477 111
0
1
4478 13
1
4479 122
1
4480 143
1
4481 235
0
1
4482 177
0
0
0
1
4483 142
0
0
0
0
0
0
1
4484 366
0
1
4485 304
0
0
1
4486 239
1
4487 267
1
4488 98
0
0
1
4489 105
0
0
0
1
4490 151
0
0
0
0
0
0
1
4491 159
0
0
0
1
4492 238
0
1
4493 167
0
0
1
4494 376
0
1
4495 294
0
1
4496 93
0
1
4497 271
0
0
1
4498 172
0
1
4499 315
0
1
4500 324
0
1
4501 343
0
0
1
4502 310
0
0
0
1
4503 339
1
4504 176
0
1
4505 280
0
1
4506 362
1
4507 42
0
0
1
4508 370
0
0
1
4509 40
1
4510 252
0
1
4511 210
0
0
0
0
0
1
4512 272
0
0
0
0
0
0
1
4513 33
1
4514 294
0
1
4515 195
0
0
0
0
0
0
0
0
1
4516 271
0
1
4517 8
1
4518 286
0
0
1
4519 48
1
4520 324
0
0
0
0
0
1
4521 108
1
4522 69
0
1
4523 354
1
4524 251
0
0
0
0
0
0
0
0
1
4525 46
1
4526 377
1
4527 12
0
1
4528 144
0
0
1
4529 175
1
4530 253
1
4531 342
0
0
0
0
0
0
1
4532 376
0
1
4533 243
0
1
4534 81
0
0
0
0
0
0
0
1
4535 351
0
1
4536 41
1
4537 267
1
4538 315
0
0
0
1
4539 241
0
0
1
4540 227
0
0
0
1
4541 355
1
4542 141
1
4543 40
0
0
0
1
4544 175
0
0
0
0
1
4545 104
0
0
1
4546 120
0
0
0
0
0
0
0
0
1
4547 26
0
0
1
4548 165
1
4549 295
0
0
0
1
4550 121
1
4551 64
1
4552 331
0
1
4553 346
0
0
0
1
4554 25
0
0
1
4555 242
1
4556 110
0
0
0
0
0
0
0
1
4557 99
1
4558 302
0
1
4559 81
0
0
1
4560 264
0
0
0
0
0
0
1
4561 104
1
4562 167
1
4563 279
0
1
4564 189
1
4565 50
0
0
1
4566 192
1
4567 16
0
0
0
1
4568 289
0
1
4569 83
1
4570 279
0
0
0
1
4571 48
0
0
0
0
0
0
1
4572 122
0
0
0
0
0
0
0
1
4573 100
0
1
4574 134
0
0
1
4575 13
1
4576 256
0
0
0
0
0
0
0
0
0
0
0
0
0
0
0
0
0
0
0
0
1
4577 178
0
1
4578 61
1
4579 277
1
4580 326
1
4581 362
0
0
1
4582 142
0
0
1
4583 312
0
0
0
0
0
1
4584 304
1
4585 292
0
0
0
0
0
0
0
0
0
0
0
0
1
4586 255
0
0
1
4587 287
0
1
4588 277
0
0
0
1
4589 77
0
1
4590 157
1
4591 324
0
1
4592 167
0
1
4593 127
0
0
0
0
1
4594 224
0
0
1
4595 256
0
1
4596 223
0
1
4597 278
1
4598 30
0
0
0
1
4599 216
0
0
1
4600 267
1
4601 227
0
0
1
4602 312
0
0
0
1
4603 286
0
0
0
0
1
4604 167
1
4605 70
0
0
1
4606 312
0
0
1
4607 236
1
4608 241
0
1
4609 131
0
0
0
0
1
4610 208
0
0
0
1
4611 192
0
0
0
0
0
0
0
0
0
0
0
0
0
0
1
4612 180
0
1
4613 93
0
0
0
1
4614 134
1
4615 307
1
4616 9
0
0
0
1
4617 114
0
0
0
0
0
0
1
4618 277
0
0
0
0
1
4619 188
0
1
4620 104
0
0
0
0
1
4621 170
0
1
4622 109
0
0
0
0
0
1
4623 155
1
4624 245
0
0
0
0
1
4625 284
0
1
4626 217
1
4627 262
0
0
0
1
4628 331
1
4629 123
0
0
0
0
0
0
1
4630 248
1
4631 18
1
4632 44
0
0
1
4633 323
1
4634 348
1
4635 271
0
0
1
4636 34
0
1
4637 292
0
0
0
0
0
0
0
0
1
4638 186
0
0
0
0
0
0
1
4639 193
0
0
0
0
0
1
4640 156
0
0
0
0
0
1
4641 350
1
4642 213
0
0
0
0
0
1
4643 99
0
0
0
0
1
4644 307
0
0
1
4645 144
0
0
0
1
4646 118
1
4647 72
0
0
0
0
0
0
0
0
0
0
0
0
1
4648 116
0
0
0
0
0
0
0
1
4649 21
0
0
0
1
4650 343
1
4651 78
0
0
1
4652 300
0
0
0
0
1
4653 226
0
0
0
0
1
4654 81
0
0
0
0
0
0
0
0
0
0
0
0
0
0
0
1
4655 240
0
0
0
1
4656 105
0
0
0
0
0
0
1
4657 329
0
1
4658 44
0
1
4659 34
0
0
1
4660 99
0
0
0
0
0
0
0
0
0
0
0
0
0
0
0
0
0
0
0
0
1
4661 54
0
0
1
4662 375
0
0
1
4663 324
0
0
0
1
4664 206
0
1
4665 290
1
4666 107
1
4667 151
0
0
0
0
1
4668 303
1
4669 8
0
1
4670 195
0
1
4671 372
1
4672 312
0
0
0
0
1
4673 202
0
1
4674 299
0
0
0
0
0
0
1
4675 34
0
0
0
0
0
0
0
1
4676 325
0
1
4677 23
1
4678 34
0
0
0
1
4679 57
0
0
0
0
1
4680 376
0
0
0
1
4681 372
0
0
0
1
4682 305
0
1
4683 32
0
1
4684 222
0
0
0
0
0
0
0
0
1
4685 117
0
1
4686 306
1
4687 168
0
0
0
1
4688 305
1
4689 117
0
0
1
4690 111
0
0
0
0
0
0
0
1
4691 246
0
0
0
1
4692 266
0
0
0
0
0
0
0
1
4693 352
0
1
4694 22
0
0
0
0
0
0
1
4695 12
0
1
4696 319
0
1
4697 350
0
0
0
0
0
0
0
0
1
4698 206
1
4699 207
0
0
0
0
0
0
1
4700 25
0
0
1
4701 320
0
0
0
0
1
4702 69
1
4703 216
0
0
0
0
1
4704 233
0
0
1
4705 83
1
4706 220
1
4707 119
0
0
1
4708 323
0
0
0
0
0
0
0
0
0
0
0
0
0
0
0
0
0
1
4709 144
0
0
1
4710 373
0
0
0
0
1
4711 321
0
0
0
1
4712 74
0
1
4713 113
0
0
0
0
0
1
4714 155
0
1
4715 6
0
0
0
0
0
0
0
0
0
0
0
1
4716 334
1
4717 188
1
4718 317
0
0
0
1
4719 237
0
1
4720 364
0
1
4721 226
0
0
0
0
0
0
1
4722 173
0
1
4723 235
0
1
4724 133
0
0
1
4725 303
0
0
0
0
0
0
0
0
0
0
0
1
4726 269
1
4727 222
0
0
0
0
0
0
0
0
0
0
0
1
4728 104
0
1
4729 198
0
0
0
1
4730 203
1
4731 376
0
0
0
0
0
0
0
0
0
1
4732 173
0
1
4733 181
0
0
1
4734 38
0
1
4735 315
0
0
0
0
0
0
0
1
4736 194
0
0
0
0
0
0
0
0
0
0
0
0
0
1
4737 49
0
0
0
0
1
4738 17
0
0
0
0
0
0
0
0
0
1
4739 261
0
0
0
0
0
1
4740 83
0
0
0
0
0
0
0
0
0
0
0
0
0
1
4741 34
0
0
0
0
0
1
4742 197
1
4743 222
1
4744 110
1
4745 99
0
0
0
0
0
0
1
4746 215
0
0
0
0
0
0
0
0
0
0
0
0
0
0
0
0
0
0
0
1
4747 334
1
4748 313
0
0
0
0
0
0
0
0
0
0
1
4749 372
0
0
0
0
0
0
0
0
0
0
0
0
0
0
0
1
4750 272
0
0
0
1
4751 22
0
0
0
0
0
0
1
4752 141
1
4753 156
0
0
0
0
0
0
0
0
0
0
0
1
4754 12
0
0
0
0
0
0
0
0
0
0
0
0
0
0
0
0
0
0
0
0
1
4755 335
1
4756 250
0
0
0
0
0
0
0
0
0
0
0
0
0
0
0
0
0
0
0
0
1
4757 141
1
4758 97
1
4759 86
0
0
0
0
0
0
0
0
0
1
4760 334
0
0
1
4761 229
0
0
1
4762 109
0
0
0
0
0
0
0
1
4763 189
0
0
0
1
4764 306
0
1
4765 216
0
0
0
0
0
0
0
0
0
1
4766 141
0
0
0
0
0
0
0
1
4767 80
0
0
1
4768 122
0
0
0
0
0
0
1
4769 56
0
0
1
4770 353
0
1
4771 202
0
1
4772 25
1
4773 28
0
1
4774 163
0
0
0
0
0
0
0
0
0
0
0
0
0
0
0
0
1
4775 244
0
0
0
0
0
0
0
0
1
4776 36
0
0
0
1
4777 87
0
0
0
1
4778 27
1
4779 266
0
1
4780 35
0
1
4781 288
0
0
0
0
0
0
1
4782 319
1
4783 375
0
0
0
0
0
0
0
0
0
1
4784 130
0
0
0
0
0
1
4785 119
0
0
1
4786 281
0
1
4787 4
0
0
1
4788 372
0
0
1
4789 45
0
0
1
4790 156
0
0
0
0
0
0
1
4791 294
0
0
0
0
1
4792 210
0
0
0
0
1
4793 186
0
0
0
0
0
0
0
0
0
0
0
1
4794 86
0
0
0
0
1
4795 299
0
1
4796 225
0
0
0
0
0
0
0
0
0
0
1
4797 108
0
0
0
0
0
0
1
4798 144
1
4799 89
0
0
0
0
0
0
0
0
0
0
1
4800 88
0
0
0
0
0
0
0
0
0
0
0
0
0
0
0
0
0
0
0
0
0
1
4801 37
0
0
0
1
4802 173
0
0
0
0
0
0
0
0
0
0
0
0
0
0
1
4803 103
0
0
0
0
0
0
0
1
4804 60
0
0
0
0
0
0
0
0
0
0
0
0
0
1
4805 19
0
0
0
0
0
0
0
0
0
0
0
0
0
0
1
4806 361
0
0
0
0
0
0
0
0
0
0
0
0
0
0
0
0
0
0
0
0
0
0
0
0
0
0
0
0
0
1
4807 333
0
0
0
0
0
0
0
0
0
0
0
0
0
0
0
0
0
0
0
0
0
0
0
0
0
0
0
0
0
1
4808 215
0
1
4809 358
0
0
1
4810 53
0
0
0
0
0
1
4811 343
0
0
0
0
0
0
0
0
0
0
0
0
0
0
0
0
0
0
0
0
0
0
0
0
0
0
0
0
1
4812 302
0
1
4813 335
0
0
0
0
0
0
0
0
0
0
0
1
4814 342
1
4815 216
0
0
1
4816 40
0
0
0
0
1
4817 345
0
0
0
0
0
1
4818 154
0
0
0
0
0
0
0
0
1
4819 285
0
0
0
0
0
0
0
0
0
0
0
0
0
0
0
0
0
0
0
0
0
0
0
0
0
0
0
0
0
0
0
0
0
1
4820 49
0
0
1
4821 292
0
0
0
0
0
0
0
0
0
0
0
0
0
0
0
0
0
1
4822 323
0
0
0
0
0
0
0
0
0
0
0
0
0
0
0
0
0
0
0
0
0
0
0
0
0
0
0
0
0
0
0
0
0
0
0
0
0
0
0
0
0
0
0
0
0
0
0
0
0
0
0
0
0
0
0
0
0
0
0
0
0
0
0
0
0
0
0
0
0
0
0
0
0
0
0
0
0
0
0
0
0
0
0
0
0
0
0
0
0
0
0
0
1
4823 308
0
0
0
0
0
0
0
0
0
0
0
0
0
0
0
0
0
0
0
0
0
0
0
0
0
0
0
0
0
0
0
0
0
0
0
0
0
0
0
0
0
0
0
1
4824 42
0
0
0
0
0
0
0
0
0
0
0
0
0
0
0
0
0
0
0
0
0
0
0
0
0
0
0
0
0
0
0
0
0
0
0
0
0
0
0
0
0
0
0
0
0
0
0
0
0
0
0
0
0
0
0
0
0
0
0
0
0
0
0
0
0
0
0
0
0
0
0
0
0
0
0
0
0
0
0
0
0
0
0
0
0
0
0
0
0
0
0
0
0
0
0
0
0
0
0
0
0
0
0
0
0
0
0
0
0
0
0
0
0
0
0
0
0
0
0
0
0
0
0
0
0
0
0
0
0
0
0
0
0
0
0
0
0
0
0
0
0
0
0
0
0
0
0
0
0
0
0
0
0
0
0
0
0
0
0
0
0
0
0
0
0
0
0
0
0
0
0
0
0
0
0
0
0
0
0
0
0
0
0
0
0
0
0
0
0
0
0
0
0
0
0
0
0
0
0
0
0
0
0
0
0
0
0
0
0
0
0
0
0
0
0
0
0
0
0
0
0
0
0
0
0
0
0
0
0
0
0
0
0
0
0
0
0
0
0
0
0
0
0
0
0
0
0
0
0
0
0
0
0
0
0
0
0
0
0
0
0
0
0
0
0
0
0
0
0
0
0
0
0
0
0
0
0
0
0
0
0
0
0
0
0
0
0
0
0
0
0
0
0
0
0
0
0
0
0
0
0
0
0
0
0
0
0
0
0
0
0
0
0
0
0
0
0
0
0
0
0
0
0
0
0
0
0
0
0
0
0
0
0
0
0
0
0
0
0
0
0
0
0
0
0
0
0
0
0
0
0
0
0
0
0
0
0
0
0
0
0
0
0
0
0
0
0
0
0
0
0
0
0
0
0
0
0
0
0
0
0
0
0
0
0
0
0
0
0
0
0
0
0
0
0
0
0
0
0
0
0
0
0
0
0
0
0
0
0
0
0
0
0
0
0
0
0
0
0
0
0
0
0
0
0
0
0
0
0
0
0
0
0
0
0
0
0
0
0
0
0
0
0
0
0
0
0
0
0
0
0
0
0
0
0
0
0
0
0
0
0
0
0
0
0
0
0
0
0
0
0
0
0
0
0
0
0
0
0
0
0
0
0
0
0
0
0
0
0
0
0
0
0
0
0
0
0
0
0
0
0
0
0
0
0
0
0
0
0
0
0
0
0
0
0
0
0
0
0
0
0
0
0
0
0
0
0
0
0
0
0
0
0
0
0
0
0
0
0
0
0
0
0
0
0
0
0
0
0
0
0
0
0
0
0
0
0
0
0
0
0
0
0
0
0
0
0
0
0
0
0
0
0
0
0
0
0
0
0
0
