268 429
47 139 5
30 170 2
126 153 2
254 172 5
244 147 4
136 184 3
158 81 2
43 145 2
66 268 3
23 196 4
194 240 3
77 116 3
130 164 5
108 66 2
247 188 3
183 67 5
14 71 3
69 224 4
12 22 2
33 176 4
54 130 3
51 122 4
35 44 5
165 264 4
52 5 3
59 25 3
45 27 3
41 147 3
205 243 3
220 199 1
86 230 2
145 75 2
128 238 1
166 85 2
257 102 4
240 156 5
137 140 4
140 80 1
260 196 4
209 148 2
83 246 4
125 218 4
223 163 4
259 157 5
88 194 1
174 193 4
208 222 4
232 18 4
177 30 5
173 99 4
81 52 4
89 77 2
247 255 4
38 121 3
45 138 4
95 134 3
254 56 4
70 25 3
142 201 5
124 262 3
206 190 3
73 241 2
159 230 4
251 29 2
143 218 3
14 124 3
154 233 5
162 31 3
34 91 5
86 195 3
225 77 3
12 60 3
120 207 4
263 186 3
215 209 3
50 149 2
131 166 4
41 75 5
193 197 4
43 48 2
158 246 3
152 228 3
98 238 4
53 179 3
185 11 2
4 43 2
141 166 2
134 30 2
141 55 4
138 242 4
81 246 2
230 219 4
191 213 4
26 184 3
149 46 2
93 126 2
164 86 4
219 68 3
82 132 4
61 127 3
253 16 4
76 225 5
66 110 2
46 50 3
100 253 3
65 213 4
7 9 3
38 105 3
63 210 4
21 7 2
107 146 5
129 258 2
204 245 4
105 57 1
69 241 4
180 132 4
198 224 3
257 69 4
224 73 3
228 205 4
163 33 2
231 193 3
107 155 3
254 6 2
190 60 3
112 188 5
117 127 4
178 121 2
40 172 4
228 79 3
151 59 5
39 3 3
75 43 3
4 145 3
168 78 4
66 104 3
205 160 3
244 61 6
264 50 3
113 211 3
249 119 5
63 15 4
232 117 3
102 144 3
134 159 4
255 201 4
229 199 5
152 202 3
1 23 3
2 250 4
14 28 4
78 150 2
109 263 4
265 40 3
130 267 3
187 162 3
219 218 3
9 175 2
114 120 4
177 95 3
94 123 4
72 238 1
163 137 3
109 154 5
155 221 3
215 161 4
136 227 5
116 258 3
252 27 3
33 192 3
204 93 3
46 261 3
54 214 3
217 182 2
203 226 4
135 164 3
237 4 3
153 118 2
207 80 3
133 236 3
252 207 5
20 103 1
14 2 2
37 181 4
178 53 2
18 185 5
111 49 3
99 58 3
25 85 2
21 240 4
157 266 4
106 220 5
99 90 4
241 18 3
131 149 5
1 58 3
72 128 2
223 176 2
13 162 2
169 248 3
24 92 2
239 60 4
148 168 3
232 73 3
59 233 3
181 82 3
165 233 2
268 108 3
3 26 2
119 199 3
203 180 3
41 93 5
187 226 3
22 104 3
179 48 2
15 100 3
200 164 3
95 30 2
142 265 5
24 42 3
89 160 4
208 17 4
47 55 2
222 157 4
36 170 2
113 29 4
76 243 3
135 101 3
176 137 3
57 216 3
19 133 4
251 186 5
38 64 3
83 5 5
90 111 4
35 102 4
231 78 2
62 26 3
126 118 2
192 106 1
210 71 3
171 114 2
124 2 2
57 64 3
97 53 1
147 127 3
56 6 2
138 252 4
175 129 4
154 264 5
106 169 5
65 249 2
226 144 3
133 52 4
221 61 5
17 118 4
16 250 3
120 80 4
135 200 4
12 123 2
245 244 4
70 85 3
64 20 3
88 151 4
28 197 3
160 239 3
214 216 5
121 253 3
94 239 5
209 78 5
217 189 1
195 170 4
249 191 3
247 142 3
153 20 3
104 84 4
76 160 3
88 156 3
256 44 3
175 258 3
98 32 4
23 173 2
174 116 4
34 10 5
56 98 4
118 93 4
167 182 3
72 130 3
13 34 3
206 6 3
182 189 1
180 191 4
202 79 4
85 165 2
108 110 3
71 250 4
211 161 3
192 248 2
54 128 4
237 41 5
95 259 4
103 153 5
117 155 4
87 125 3
175 194 3
221 107 3
172 108 3
242 42 4
186 21 5
242 92 5
234 26 3
97 67 2
139 79 3
119 229 2
56 206 4
45 111 3
17 204 3
23 260 3
70 141 4
217 215 3
177 235 3
121 67 3
103 64 2
267 40 2
256 13 4
143 87 4
213 132 5
185 102 4
87 227 4
8 150 3
179 11 5
248 33 4
9 211 3
37 168 3
83 199 3
15 181 4
71 197 3
212 139 3
19 10 3
178 97 3
97 115 3
29 24 4
3 62 2
116 89 2
32 105 4
110 188 4
86 74 3
166 70 3
122 262 3
159 74 3
110 172 3
31 91 3
159 266 2
178 67 3
220 229 3
30 36 3
237 232 4
51 174 4
146 198 5
36 214 3
49 167 3
100 63 4
96 202 4
136 234 4
106 248 2
49 42 3
169 171 3
140 223 4
68 266 5
268 22 4
183 115 4
225 151 4
92 251 4
101 62 5
189 167 5
101 125 3
201 101 2
74 230 2
262 206 4
115 203 4
243 55 3
8 231 4
231 150 1
208 245 3
189 196 4
235 259 3
144 187 3
144 11 5
235 222 4
187 31 5
152 94 4
261 50 3
62 184 3
27 114 4
81 19 3
122 28 5
183 82 4
256 31 4
19 246 2
143 200 3
158 10 3
255 39 5
7 113 4
212 131 3
4 48 4
1 37 4
134 195 3
152 123 3
58 65 4
196 173 2
216 32 3
243 47 2
193 8 4
265 267 2
90 171 3
96 84 5
35 257 4
39 62 3
192 5 3
190 51 3
211 217 4
91 236 4
260 148 2
16 210 3
84 112 3
129 161 3
212 141 3
156 233 4
263 240 3
10000
0
0
0
0
0
0
0
0
0
0
0
0
0
0
0
0
0
0
0
0
0
0
0
0
0
0
0
0
0
0
0
0
0
0
0
0
0
0
0
0
0
0
0
0
0
0
0
0
0
0
0
0
0
0
0
0
0
0
0
0
0
0
0
0
0
0
0
0
0
0
0
0
0
0
0
1
1 25
0
0
0
0
0
0
0
0
0
0
0
0
0
0
0
0
0
0
0
0
0
0
0
0
0
0
0
0
0
0
0
0
0
0
0
0
0
0
0
0
0
0
0
0
0
0
0
0
0
0
0
0
0
0
0
0
0
0
0
0
0
0
0
0
0
0
0
0
0
0
0
0
0
0
0
0
0
0
0
0
0
0
0
0
0
0
0
0
0
0
0
0
0
0
0
0
0
0
0
0
0
0
0
0
0
0
0
0
0
0
0
0
0
0
0
0
0
0
0
0
0
0
0
0
0
0
0
0
1
2 72
0
0
0
0
0
0
0
0
0
0
0
0
0
0
0
0
0
1
3 36
0
0
0
0
0
0
0
0
0
0
0
0
0
0
0
0
0
0
0
0
0
0
0
0
0
0
0
0
0
0
0
0
0
0
0
0
0
0
0
0
0
0
0
1
4 15
0
0
0
0
0
0
0
0
0
0
0
0
0
0
0
1
5 104
0
0
0
0
0
0
0
1
6 168
0
0
0
0
0
0
0
0
0
0
0
0
0
0
0
0
0
0
0
0
0
0
0
0
0
0
1
7 38
0
0
0
0
0
0
0
0
0
0
0
0
0
0
0
0
0
0
0
0
0
0
0
0
0
0
0
0
0
0
0
0
0
0
0
0
0
0
0
0
1
8 4
0
0
0
0
0
1
9 100
0
0
0
0
0
0
0
0
0
0
0
0
0
0
0
0
0
0
0
0
0
1
10 37
0
0
0
1
11 166
0
0
0
0
0
1
12 156
0
0
0
0
0
0
0
0
0
0
0
0
0
0
0
0
0
0
0
0
0
0
0
0
0
0
0
0
0
0
0
0
0
0
1
13 61
1
14 8
0
0
0
0
0
0
0
0
1
15 204
0
0
0
0
1
16 187
0
0
0
0
0
0
0
0
0
0
0
0
0
0
0
0
0
0
0
0
0
0
0
1
17 228
0
0
0
1
18 136
0
0
0
0
0
0
0
0
0
0
0
0
0
0
0
0
0
0
0
0
0
0
0
0
0
0
0
0
0
1
19 120
0
0
0
0
0
0
0
1
20 176
0
0
0
0
0
0
0
0
1
21 118
0
1
22 232
0
0
1
23 161
0
1
24 254
0
0
0
0
0
0
0
0
1
25 129
0
0
0
1
26 97
1
27 58
0
1
28 173
1
29 10
0
0
0
0
0
0
0
0
0
0
1
30 240
0
0
0
0
0
0
0
0
0
0
0
0
0
0
0
0
0
0
0
0
0
0
0
0
0
0
0
0
0
0
0
0
0
0
0
0
0
0
0
0
0
0
0
0
0
0
0
0
1
31 86
0
0
0
0
0
0
0
0
0
0
0
0
0
1
32 268
0
0
1
33 257
0
0
1
34 40
1
35 123
0
0
0
0
1
36 128
0
0
0
0
1
37 80
0
0
0
0
1
38 199
0
0
0
0
0
0
0
0
0
0
0
0
0
0
0
0
1
39 68
1
40 141
0
0
0
1
41 110
0
0
0
0
0
0
0
0
0
1
42 70
0
0
0
0
0
0
0
0
0
0
0
0
0
0
1
43 213
0
0
0
1
44 116
0
0
0
0
0
0
0
0
0
1
45 57
1
46 81
0
0
1
47 227
0
0
0
0
0
0
0
0
0
0
0
0
0
0
0
0
0
1
48 13
0
1
49 83
1
50 104
1
51 100
1
52 110
0
0
0
0
0
0
0
0
0
1
53 199
0
0
0
0
1
54 154
0
0
0
0
0
1
55 12
0
0
0
0
0
0
0
1
56 175
0
0
0
0
0
0
1
57 72
1
58 229
0
1
59 25
0
1
60 75
0
0
0
0
0
0
0
0
0
0
0
0
0
0
1
61 244
0
0
0
1
62 249
0
0
0
0
0
0
0
0
1
63 90
0
0
0
0
1
64 194
0
0
0
1
65 135
0
1
66 41
0
1
67 204
1
68 145
0
0
1
69 210
1
70 253
1
71 169
1
72 6
0
0
0
0
0
0
1
73 144
0
0
1
74 134
0
0
0
0
1
75 78
0
0
0
0
0
0
0
1
76 246
0
1
77 11
0
0
0
0
1
78 127
0
0
0
0
0
0
0
0
0
1
79 211
0
0
0
0
0
1
80 98
0
0
0
1
81 31
0
0
0
0
0
0
0
0
0
1
82 156
0
0
0
0
0
1
83 45
0
1
84 153
0
0
1
85 67
0
0
0
0
0
0
0
0
0
0
0
0
0
0
0
0
1
86 212
0
0
1
87 63
0
1
88 158
0
0
0
0
0
0
0
0
0
0
0
0
0
0
0
0
0
0
0
1
89 52
0
0
0
0
0
0
0
0
0
0
0
0
1
90 41
1
91 268
0
0
0
0
0
0
0
0
0
0
1
92 37
0
1
93 67
0
0
0
0
1
94 205
0
0
0
0
0
1
95 46
0
0
0
0
0
1
96 48
0
0
0
0
1
97 129
0
0
0
0
1
98 249
1
99 132
0
0
0
1
100 148
1
101 153
0
0
0
0
0
1
102 244
0
1
103 152
1
104 237
0
0
0
0
0
0
1
105 204
0
0
0
1
106 199
0
0
0
0
0
0
0
0
0
0
0
0
0
0
0
0
0
0
0
0
0
0
1
107 126
0
0
0
0
0
0
1
108 16
1
109 139
1
110 211
0
0
0
0
1
111 151
0
0
0
0
0
0
1
112 141
0
0
1
113 65
0
0
0
0
0
0
0
0
0
0
0
1
114 225
0
0
0
1
115 24
0
0
0
1
116 223
0
0
0
0
0
0
0
1
117 111
0
0
1
118 207
0
0
0
1
119 129
0
1
120 114
0
0
0
0
1
121 155
1
122 45
0
0
0
0
0
0
1
123 83
0
0
0
0
0
1
124 182
0
1
125 94
0
0
0
0
0
0
1
126 74
1
127 215
1
128 86
0
0
0
1
129 140
1
130 249
0
0
1
131 201
0
1
132 146
0
0
0
0
1
133 159
0
0
0
1
134 166
0
0
1
135 92
1
136 67
0
0
0
0
0
1
137 72
0
0
1
138 207
1
139 44
0
0
1
140 152
0
1
141 260
0
0
0
0
1
142 44
0
0
1
143 16
1
144 15
0
1
145 258
0
1
146 196
0
1
147 65
0
0
0
0
0
0
0
0
1
148 89
0
0
0
0
0
0
0
1
149 203
0
0
0
1
150 250
0
0
0
1
151 220
0
0
0
0
1
152 50
0
1
153 37
1
154 76
0
1
155 132
0
0
1
156 11
0
0
0
1
157 121
0
1
158 37
0
0
0
1
159 65
0
1
160 144
1
161 263
0
0
0
0
1
162 178
0
0
0
0
0
0
0
0
0
0
0
0
0
0
0
0
1
163 181
0
0
0
0
0
0
0
1
164 188
0
0
0
0
1
165 266
0
1
166 227
1
167 23
0
0
1
168 30
0
0
0
0
0
0
0
0
0
0
0
0
1
169 108
0
0
1
170 253
0
0
1
171 189
0
0
0
0
0
0
0
0
0
1
172 80
0
0
0
1
173 191
0
0
1
174 113
0
0
0
0
0
0
0
0
1
175 188
0
0
0
0
1
176 196
1
177 44
0
0
0
1
178 30
0
0
0
0
1
179 13
0
0
0
1
180 216
0
0
0
0
0
1
181 51
0
0
0
1
182 150
0
0
0
0
0
0
1
183 152
0
0
1
184 8
1
185 267
1
186 142
0
0
0
0
0
0
0
0
0
0
1
187 84
0
0
0
1
188 254
1
189 191
0
0
0
1
190 158
0
0
0
1
191 264
0
0
0
0
0
0
0
0
0
0
0
0
1
192 196
0
0
0
0
0
0
0
0
0
0
1
193 13
1
194 259
0
0
0
0
0
0
1
195 50
0
0
0
1
196 98
1
197 207
0
0
0
0
0
1
198 72
0
0
0
0
1
199 52
0
1
200 193
1
201 73
0
1
202 133
1
203 109
0
1
204 166
1
205 268
0
0
0
0
0
0
1
206 258
0
0
0
1
207 258
0
1
208 253
1
209 217
1
210 250
1
211 10
0
0
0
0
1
212 242
0
1
213 65
0
0
0
0
0
0
0
0
0
0
0
0
0
1
214 232
0
0
0
0
0
1
215 170
0
0
0
1
216 68
0
0
0
0
0
1
217 170
0
0
0
0
0
0
1
218 251
0
1
219 26
0
1
220 59
1
221 82
0
1
222 126
0
0
1
223 194
1
224 28
0
0
1
225 256
0
1
226 83
0
0
0
0
0
1
227 73
0
0
0
0
0
0
0
0
0
0
0
1
228 191
0
0
0
0
0
0
1
229 228
0
0
0
1
230 58
1
231 6
1
232 104
0
0
0
0
1
233 232
0
0
0
0
0
0
0
0
0
0
0
1
234 52
0
0
0
0
0
0
0
1
235 81
1
236 136
0
0
1
237 92
0
0
0
0
0
0
0
0
0
1
238 133
1
239 158
0
1
240 218
0
0
0
1
241 203
0
0
1
242 114
1
243 143
0
1
244 254
0
1
245 190
0
0
0
1
246 154
0
1
247 41
0
0
0
0
1
248 81
0
1
249 177
1
250 125
0
0
0
1
251 213
0
0
1
252 187
0
1
253 37
0
0
0
0
0
1
254 2
0
0
0
0
0
1
255 210
1
256 23
1
257 75
1
258 38
1
259 122
0
0
0
0
1
260 76
0
0
1
261 220
1
262 28
1
263 194
0
0
0
0
1
264 90
1
265 249
1
266 84
1
267 81
0
1
268 203
0
0
0
0
0
1
269 184
0
1
270 232
1
271 15
1
272 133
0
0
0
1
273 50
0
1
274 69
0
1
275 146
1
276 246
0
0
1
277 221
1
278 158
1
279 166
1
280 92
1
281 85
1
282 102
1
283 125
1
284 39
0
0
0
0
1
285 258
1
286 156
1
287 61
0
1
288 30
0
0
1
289 22
1
290 213
1
291 141
0
1
292 186
0
1
293 148
0
1
294 68
0
0
0
0
0
1
295 169
0
0
1
296 229
0
0
0
1
297 69
0
0
1
298 8
0
0
1
299 130
1
300 143
1
301 99
0
0
0
1
302 61
1
303 200
0
0
0
0
0
0
0
0
0
0
0
1
304 97
0
1
305 32
0
0
0
0
0
1
306 155
0
0
1
307 73
0
1
308 180
1
309 258
0
0
0
0
1
310 144
0
1
311 92
1
312 170
0
1
313 41
0
1
314 181
1
315 256
1
316 131
0
0
1
317 223
1
318 158
0
0
0
1
319 99
0
0
0
0
0
1
320 79
1
321 65
1
322 29
0
0
0
0
0
1
323 35
1
324 18
1
325 192
0
0
0
0
1
326 234
0
0
0
0
0
1
327 96
1
328 53
1
329 118
1
330 266
1
331 252
0
1
332 161
1
333 151
1
334 44
0
1
335 218
0
0
0
1
336 47
1
337 219
0
1
338 210
0
0
1
339 107
0
1
340 2
1
341 246
1
342 48
1
343 137
0
0
0
0
0
0
0
0
0
1
344 223
0
1
345 166
1
346 174
0
1
347 177
1
348 157
0
1
349 206
0
1
350 234
0
1
351 174
0
1
352 228
1
353 91
1
354 148
0
0
0
1
355 237
1
356 25
0
0
0
0
0
0
1
357 78
0
0
0
1
358 217
1
359 87
0
0
1
360 236
0
1
361 180
1
362 185
0
0
1
363 9
1
364 76
0
0
0
0
1
365 207
0
0
1
366 229
0
1
367 249
1
368 129
1
369 81
0
1
370 251
0
0
0
1
371 129
0
1
372 180
0
0
1
373 169
1
374 123
0
0
1
375 78
1
376 128
0
1
377 195
0
1
378 23
0
0
0
0
1
379 62
1
380 209
0
0
1
381 168
0
1
382 14
0
0
0
0
1
383 247
0
1
384 113
0
0
0
0
1
385 243
0
0
1
386 8
0
1
387 161
0
1
388 190
0
1
389 128
1
390 218
1
391 219
0
0
0
1
392 179
0
0
1
393 105
0
0
0
1
394 108
0
0
0
0
0
0
0
1
395 236
1
396 37
1
397 116
0
0
0
1
398 99
1
399 156
0
0
1
400 218
1
401 111
1
402 229
0
0
0
1
403 253
0
1
404 35
0
1
405 47
0
0
1
406 24
1
407 245
1
408 63
1
409 171
1
410 26
0
0
0
1
411 9
0
1
412 241
0
1
413 118
1
414 68
0
0
0
0
0
0
0
0
0
0
0
0
0
1
415 187
1
416 117
1
417 104
0
1
418 128
0
1
419 190
0
0
0
0
0
1
420 176
0
0
0
1
421 148
0
1
422 28
0
0
1
423 184
0
1
424 260
1
425 63
1
426 229
1
427 32
0
1
428 99
0
1
429 130
1
430 133
0
1
431 118
0
1
432 223
0
1
433 202
0
0
0
0
0
1
434 248
0
0
1
435 259
1
436 200
0
1
437 132
1
438 161
1
439 259
1
440 171
0
0
0
1
441 41
0
0
0
1
442 260
1
443 207
1
444 140
0
0
0
1
445 154
0
0
1
446 91
0
0
1
447 85
1
448 108
0
1
449 68
0
0
1
450 113
1
451 156
1
452 79
0
0
0
1
453 99
0
0
1
454 158
1
455 201
1
456 261
1
457 76
0
0
0
0
0
0
1
458 174
0
0
1
459 265
0
1
460 132
0
1
461 223
0
0
1
462 67
0
1
463 23
0
0
0
1
464 268
1
465 54
0
1
466 43
0
1
467 237
0
0
0
0
0
0
0
0
1
468 82
1
469 56
0
1
470 117
0
0
0
0
0
1
471 209
1
472 10
1
473 244
0
1
474 111
0
0
0
0
0
1
475 239
1
476 197
1
477 58
1
478 175
1
479 172
0
1
480 188
1
481 144
0
1
482 157
0
0
1
483 80
1
484 111
1
485 158
0
0
0
1
486 198
0
0
0
1
487 240
0
1
488 178
0
1
489 54
0
0
0
1
490 83
0
0
1
491 88
1
492 111
1
493 92
1
494 121
1
495 88
1
496 141
0
0
1
497 199
1
498 23
0
1
499 6
1
500 243
0
1
501 199
0
0
1
502 263
1
503 76
1
504 217
0
0
0
1
505 48
0
1
506 39
0
1
507 81
0
1
508 12
1
509 43
0
1
510 58
0
0
0
0
1
511 249
0
1
512 246
1
513 187
0
1
514 181
1
515 134
0
1
516 92
0
0
0
1
517 42
0
0
1
518 8
0
1
519 157
0
1
520 103
1
521 214
0
0
0
0
0
0
1
522 99
0
1
523 114
1
524 114
1
525 261
1
526 244
0
0
1
527 155
1
528 239
0
1
529 148
0
0
0
1
530 103
1
531 245
1
532 227
0
1
533 254
0
0
1
534 206
1
535 228
1
536 76
1
537 44
1
538 49
0
0
0
0
0
0
0
0
1
539 248
1
540 172
0
1
541 81
0
1
542 250
1
543 256
1
544 132
0
1
545 231
0
0
0
0
1
546 247
0
0
1
547 27
1
548 177
1
549 79
0
0
0
0
1
550 125
1
551 199
0
0
0
1
552 178
1
553 13
0
0
0
0
0
0
0
1
554 31
1
555 242
1
556 149
0
1
557 111
1
558 153
1
559 14
1
560 175
1
561 229
1
562 156
0
1
563 84
0
0
0
0
1
564 219
0
1
565 211
0
1
566 20
1
567 195
1
568 156
1
569 154
1
570 153
0
0
1
571 191
0
0
0
1
572 103
1
573 113
1
574 156
0
0
1
575 222
0
0
0
1
576 25
0
0
1
577 60
1
578 250
1
579 15
0
0
1
580 158
1
581 220
0
1
582 240
0
1
583 4
1
584 63
0
1
585 97
1
586 226
1
587 96
0
0
1
588 191
1
589 235
1
590 110
0
1
591 242
1
592 68
0
0
0
0
0
0
0
0
0
1
593 125
1
594 42
0
0
1
595 197
1
596 169
1
597 226
1
598 73
0
1
599 83
0
0
1
600 147
0
0
0
0
1
601 63
1
602 138
0
0
1
603 148
0
1
604 134
0
0
1
605 167
1
606 70
1
607 101
1
608 30
1
609 155
0
0
1
610 197
1
611 82
0
1
612 97
1
613 247
0
0
1
614 131
0
1
615 155
1
616 107
1
617 135
1
618 158
0
0
1
619 148
1
620 115
1
621 73
0
1
622 55
0
1
623 58
1
624 210
0
1
625 151
1
626 202
0
0
1
627 17
0
1
628 162
1
629 235
0
0
0
0
0
1
630 225
0
1
631 216
0
0
1
632 65
1
633 191
1
634 137
0
0
0
1
635 143
0
1
636 25
0
1
637 191
0
0
0
0
0
1
638 253
1
639 158
0
0
0
0
1
640 127
1
641 94
0
0
1
642 227
0
1
643 134
0
1
644 132
0
0
1
645 138
0
0
1
646 168
0
0
1
647 178
0
1
648 5
0
0
0
0
0
0
0
1
649 246
0
0
1
650 39
0
0
1
651 178
1
652 241
0
1
653 260
0
0
0
0
1
654 56
1
655 97
1
656 176
1
657 34
0
1
658 254
0
1
659 239
0
1
660 234
0
1
661 201
0
1
662 256
0
0
1
663 121
0
0
1
664 178
0
0
1
665 134
0
0
1
666 67
0
1
667 191
1
668 126
0
0
1
669 240
0
1
670 23
1
671 219
1
672 206
1
673 144
1
674 227
0
1
675 214
1
676 20
1
677 107
0
1
678 79
0
1
679 246
1
680 162
0
1
681 74
0
1
682 7
1
683 115
1
684 101
0
0
1
685 16
0
1
686 58
0
1
687 29
0
0
1
688 76
1
689 212
0
0
0
1
690 210
0
1
691 106
1
692 201
1
693 197
0
1
694 198
1
695 98
1
696 67
0
1
697 173
1
698 95
0
1
699 36
0
0
1
700 63
0
0
1
701 47
1
702 65
1
703 165
1
704 80
1
705 18
1
706 125
0
1
707 114
1
708 158
1
709 180
0
0
0
1
710 158
1
711 73
1
712 228
1
713 255
0
0
0
0
1
714 114
1
715 221
1
716 226
1
717 164
1
718 127
1
719 83
0
0
1
720 178
0
0
1
721 227
0
1
722 41
0
0
0
1
723 114
1
724 251
1
725 18
1
726 240
0
0
0
0
1
727 60
0
0
0
0
1
728 92
0
0
1
729 78
0
1
730 252
0
1
731 195
0
1
732 91
1
733 84
1
734 102
1
735 57
1
736 177
0
0
1
737 35
1
738 230
1
739 155
0
0
1
740 157
0
0
0
0
0
1
741 91
1
742 61
0
1
743 3
1
744 167
1
745 42
1
746 65
1
747 82
0
1
748 266
1
749 167
0
1
750 196
0
1
751 19
1
752 58
1
753 194
0
1
754 85
0
0
0
1
755 204
1
756 239
0
0
1
757 178
1
758 265
0
1
759 169
1
760 257
0
1
761 177
1
762 166
0
1
763 168
1
764 157
0
0
0
1
765 209
0
1
766 88
0
1
767 264
1
768 146
0
1
769 153
1
770 10
1
771 224
1
772 81
1
773 236
0
1
774 168
1
775 114
0
0
1
776 10
1
777 240
1
778 96
0
1
779 61
1
780 68
1
781 146
0
1
782 151
1
783 89
0
1
784 199
0
0
1
785 207
1
786 22
0
1
787 233
0
0
1
788 93
0
1
789 119
1
790 118
0
1
791 83
0
1
792 12
0
1
793 168
1
794 179
1
795 223
0
0
0
0
0
0
1
796 218
1
797 199
1
798 195
1
799 20
1
800 22
0
1
801 111
1
802 150
1
803 89
0
0
0
1
804 143
1
805 249
1
806 11
0
1
807 104
0
0
0
1
808 130
0
0
1
809 259
0
1
810 208
0
1
811 148
0
0
0
0
0
1
812 27
1
813 76
1
814 147
1
815 71
0
0
0
1
816 187
1
817 198
1
818 246
0
0
1
819 45
0
0
1
820 151
1
821 41
1
822 109
1
823 125
1
824 69
1
825 199
0
0
0
1
826 180
1
827 157
1
828 140
1
829 112
1
830 130
0
0
1
831 143
0
1
832 61
0
0
0
1
833 143
0
1
834 148
0
1
835 268
0
0
0
1
836 137
1
837 79
0
0
1
838 182
0
0
1
839 35
1
840 99
1
841 64
0
0
1
842 37
0
1
843 212
0
0
1
844 234
1
845 21
0
0
0
1
846 141
0
1
847 63
0
1
848 110
1
849 248
0
0
1
850 162
1
851 164
1
852 194
1
853 28
1
854 81
0
0
0
1
855 37
0
1
856 200
0
0
0
1
857 30
1
858 20
0
0
0
1
859 121
0
1
860 171
0
0
1
861 40
0
1
862 165
1
863 81
1
864 178
1
865 123
1
866 39
1
867 83
0
1
868 16
0
0
1
869 83
1
870 141
1
871 158
1
872 18
1
873 205
1
874 240
1
875 11
0
1
876 55
1
877 251
1
878 193
1
879 45
1
880 252
0
1
881 66
0
1
882 168
1
883 83
0
0
1
884 11
1
885 248
1
886 141
0
1
887 265
1
888 39
1
889 266
1
890 11
1
891 2
1
892 111
1
893 66
1
894 225
1
895 185
0
0
1
896 7
0
1
897 95
1
898 115
0
1
899 106
1
900 149
0
1
901 89
1
902 196
0
1
903 177
1
904 130
1
905 108
0
0
0
1
906 14
1
907 58
1
908 53
1
909 213
0
1
910 257
1
911 124
0
0
1
912 120
0
0
1
913 74
1
914 41
0
0
1
915 155
1
916 250
1
917 107
0
0
1
918 133
1
919 49
1
920 226
0
1
921 81
0
1
922 241
0
1
923 50
1
924 208
1
925 237
1
926 81
1
927 207
0
0
0
0
0
1
928 201
0
0
0
1
929 71
0
1
930 209
0
1
931 81
1
932 99
1
933 241
1
934 171
1
935 234
1
936 115
1
937 148
1
938 174
0
0
1
939 30
1
940 99
1
941 97
0
0
1
942 167
0
1
943 256
1
944 229
1
945 213
1
946 91
0
0
1
947 213
1
948 38
1
949 209
0
1
950 108
0
1
951 220
0
1
952 168
1
953 191
0
0
1
954 213
1
955 205
0
0
0
1
956 133
1
957 108
0
1
958 233
1
959 144
1
960 183
0
1
961 40
1
962 199
0
1
963 161
1
964 173
1
965 142
1
966 4
0
0
0
0
0
1
967 82
1
968 218
1
969 88
1
970 37
1
971 263
0
1
972 99
1
973 192
0
1
974 205
0
1
975 37
1
976 264
1
977 154
1
978 150
0
0
1
979 123
1
980 172
0
0
1
981 23
0
0
1
982 187
1
983 97
1
984 69
0
0
0
0
1
985 32
0
0
1
986 104
0
1
987 92
1
988 102
0
1
989 134
1
990 162
1
991 97
0
1
992 163
1
993 136
1
994 20
0
1
995 76
0
1
996 61
0
1
997 105
1
998 54
1
999 59
1
1000 55
1
1001 191
1
1002 5
1
1003 161
1
1004 45
0
0
0
1
1005 215
0
1
1006 176
1
1007 52
1
1008 227
0
1
1009 255
1
1010 94
1
1011 39
0
1
1012 41
1
1013 260
1
1014 164
1
1015 68
0
1
1016 227
1
1017 191
0
1
1018 132
1
1019 198
1
1020 211
1
1021 175
1
1022 70
1
1023 118
1
1024 124
0
0
1
1025 95
1
1026 8
1
1027 72
1
1028 135
0
1
1029 214
0
1
1030 10
0
1
1031 55
1
1032 4
1
1033 149
1
1034 68
0
0
0
1
1035 90
1
1036 17
1
1037 47
0
0
1
1038 175
1
1039 264
1
1040 10
0
0
0
1
1041 72
0
1
1042 90
0
1
1043 74
1
1044 161
0
0
1
1045 232
1
1046 41
1
1047 190
1
1048 90
0
1
1049 14
1
1050 190
1
1051 185
1
1052 21
1
1053 103
0
1
1054 4
0
1
1055 60
1
1056 175
1
1057 122
1
1058 92
1
1059 50
1
1060 148
0
1
1061 199
1
1062 261
1
1063 58
1
1064 30
1
1065 197
0
1
1066 149
1
1067 251
0
0
1
1068 38
1
1069 112
0
1
1070 78
1
1071 170
1
1072 2
1
1073 224
0
1
1074 245
1
1075 23
1
1076 213
1
1077 114
1
1078 94
1
1079 234
1
1080 200
0
1
1081 242
1
1082 266
1
1083 165
1
1084 150
0
1
1085 215
0
1
1086 134
1
1087 237
0
0
0
1
1088 69
1
1089 200
1
1090 138
1
1091 50
1
1092 78
1
1093 3
0
1
1094 150
0
1
1095 101
0
0
0
0
0
0
1
1096 29
1
1097 18
0
1
1098 3
1
1099 223
0
1
1100 69
1
1101 50
1
1102 77
1
1103 226
1
1104 69
0
1
1105 43
0
1
1106 193
0
1
1107 79
1
1108 236
0
0
1
1109 123
1
1110 125
1
1111 139
0
1
1112 14
1
1113 162
1
1114 67
0
1
1115 77
1
1116 190
1
1117 168
1
1118 202
1
1119 137
0
1
1120 26
1
1121 209
1
1122 34
1
1123 243
0
0
0
1
1124 264
1
1125 7
0
1
1126 212
0
1
1127 19
0
1
1128 173
1
1129 192
1
1130 79
0
0
0
1
1131 193
1
1132 242
1
1133 187
1
1134 48
1
1135 145
1
1136 229
1
1137 49
1
1138 213
1
1139 206
1
1140 115
1
1141 133
0
1
1142 161
1
1143 182
1
1144 20
1
1145 114
1
1146 148
1
1147 186
0
0
1
1148 99
1
1149 144
1
1150 142
1
1151 150
0
0
1
1152 219
1
1153 103
1
1154 109
0
1
1155 207
1
1156 138
1
1157 111
0
1
1158 17
1
1159 173
1
1160 57
0
1
1161 25
1
1162 27
1
1163 89
1
1164 73
1
1165 31
1
1166 49
1
1167 239
1
1168 199
1
1169 136
1
1170 114
0
1
1171 82
1
1172 96
0
1
1173 204
1
1174 3
1
1175 180
1
1176 132
1
1177 37
1
1178 132
1
1179 204
1
1180 255
1
1181 7
1
1182 230
1
1183 47
0
1
1184 140
1
1185 200
0
1
1186 195
1
1187 231
1
1188 259
0
1
1189 137
0
0
1
1190 56
1
1191 194
1
1192 237
1
1193 182
0
1
1194 26
0
0
1
1195 202
1
1196 112
1
1197 243
1
1198 265
0
1
1199 65
1
1200 22
0
1
1201 95
1
1202 35
1
1203 121
1
1204 114
1
1205 202
1
1206 92
1
1207 234
1
1208 206
0
0
1
1209 252
1
1210 239
1
1211 32
1
1212 264
1
1213 106
1
1214 86
1
1215 252
1
1216 188
1
1217 182
0
1
1218 95
1
1219 138
0
1
1220 186
0
0
1
1221 34
1
1222 241
1
1223 31
0
0
0
1
1224 142
1
1225 160
1
1226 29
1
1227 80
1
1228 212
1
1229 210
1
1230 64
0
1
1231 76
0
1
1232 59
1
1233 10
1
1234 236
1
1235 134
0
0
1
1236 81
0
1
1237 191
1
1238 63
1
1239 183
0
0
1
1240 188
0
1
1241 26
0
0
1
1242 23
0
1
1243 63
1
1244 128
1
1245 81
1
1246 47
0
1
1247 74
0
1
1248 145
0
1
1249 198
1
1250 166
0
1
1251 245
0
0
1
1252 222
1
1253 62
0
0
1
1254 229
1
1255 80
1
1256 6
1
1257 268
1
1258 160
1
1259 73
1
1260 103
0
1
1261 35
0
0
1
1262 102
0
1
1263 126
1
1264 89
0
1
1265 246
0
1
1266 188
1
1267 189
1
1268 22
1
1269 90
0
0
1
1270 81
1
1271 162
0
0
1
1272 39
1
1273 210
1
1274 233
1
1275 105
1
1276 138
1
1277 38
1
1278 225
1
1279 196
1
1280 28
1
1281 199
1
1282 192
1
1283 168
1
1284 66
1
1285 201
1
1286 100
1
1287 15
1
1288 201
1
1289 114
1
1290 97
1
1291 94
0
1
1292 112
0
1
1293 39
1
1294 80
1
1295 118
0
1
1296 22
0
0
0
1
1297 78
1
1298 206
1
1299 251
1
1300 131
1
1301 114
1
1302 143
1
1303 156
0
1
1304 187
1
1305 5
0
1
1306 150
1
1307 62
1
1308 246
0
1
1309 45
1
1310 169
1
1311 209
1
1312 239
1
1313 206
1
1314 229
0
1
1315 185
1
1316 156
0
1
1317 144
1
1318 68
1
1319 48
1
1320 37
1
1321 250
1
1322 206
0
1
1323 155
1
1324 173
1
1325 140
0
1
1326 150
1
1327 8
0
1
1328 229
1
1329 229
0
1
1330 220
1
1331 57
1
1332 250
0
0
1
1333 246
1
1334 220
1
1335 160
1
1336 153
0
1
1337 166
1
1338 81
1
1339 181
1
1340 132
0
0
1
1341 97
0
1
1342 110
0
1
1343 262
1
1344 56
0
1
1345 253
0
1
1346 202
1
1347 81
0
1
1348 10
0
0
1
1349 96
1
1350 249
1
1351 123
1
1352 32
1
1353 168
1
1354 148
0
1
1355 166
0
1
1356 66
1
1357 194
1
1358 23
1
1359 214
1
1360 39
1
1361 45
1
1362 41
1
1363 119
1
1364 243
1
1365 131
1
1366 126
0
0
0
1
1367 141
1
1368 97
1
1369 92
1
1370 229
1
1371 67
1
1372 10
0
1
1373 25
1
1374 232
1
1375 110
1
1376 80
1
1377 26
1
1378 89
1
1379 88
1
1380 93
1
1381 97
1
1382 27
1
1383 149
1
1384 247
1
1385 203
1
1386 114
1
1387 117
0
1
1388 192
1
1389 257
1
1390 53
1
1391 213
1
1392 169
1
1393 90
1
1394 251
1
1395 81
1
1396 248
1
1397 209
1
1398 110
1
1399 183
1
1400 56
0
1
1401 113
1
1402 8
1
1403 213
0
0
1
1404 50
1
1405 264
1
1406 95
1
1407 126
1
1408 130
0
1
1409 191
1
1410 114
1
1411 16
0
1
1412 52
1
1413 69
0
1
1414 220
1
1415 121
0
0
1
1416 49
1
1417 156
0
1
1418 214
1
1419 197
1
1420 34
1
1421 174
1
1422 168
1
1423 41
1
1424 236
1
1425 153
1
1426 179
1
1427 18
0
1
1428 8
1
1429 174
0
1
1430 45
1
1431 128
0
0
1
1432 24
0
1
1433 59
0
1
1434 2
0
1
1435 242
1
1436 192
1
1437 70
1
1438 148
1
1439 12
0
1
1440 170
0
1
1441 188
1
1442 162
1
1443 108
1
1444 267
0
1
1445 206
0
1
1446 42
0
0
1
1447 15
1
1448 247
0
1
1449 99
1
1450 15
1
1451 17
0
1
1452 217
1
1453 88
1
1454 183
1
1455 67
1
1456 97
1
1457 199
1
1458 246
1
1459 135
0
1
1460 65
1
1461 204
1
1462 96
0
1
1463 120
1
1464 177
1
1465 85
0
0
0
0
1
1466 152
0
0
0
1
1467 37
0
1
1468 191
1
1469 268
1
1470 156
0
0
1
1471 128
0
1
1472 213
1
1473 121
1
1474 132
1
1475 209
1
1476 124
1
1477 160
1
1478 61
1
1479 119
0
1
1480 191
0
1
1481 254
1
1482 217
1
1483 18
1
1484 157
1
1485 130
1
1486 106
1
1487 72
1
1488 236
0
0
1
1489 209
1
1490 213
1
1491 43
1
1492 8
1
1493 83
0
0
0
1
1494 21
0
0
1
1495 234
0
1
1496 18
1
1497 162
0
1
1498 104
1
1499 132
1
1500 249
1
1501 141
1
1502 143
0
1
1503 19
1
1504 180
1
1505 13
1
1506 199
1
1507 124
1
1508 49
1
1509 264
1
1510 39
1
1511 2
1
1512 219
0
1
1513 74
0
1
1514 6
1
1515 11
1
1516 93
0
1
1517 209
1
1518 183
1
1519 16
1
1520 137
0
1
1521 208
1
1522 222
1
1523 235
1
1524 96
1
1525 192
0
0
1
1526 129
1
1527 176
1
1528 248
1
1529 102
0
1
1530 79
1
1531 248
1
1532 190
1
1533 180
1
1534 30
1
1535 108
1
1536 143
1
1537 32
0
1
1538 119
1
1539 125
1
1540 250
1
1541 25
1
1542 211
1
1543 241
0
1
1544 206
1
1545 103
1
1546 185
0
1
1547 93
1
1548 18
0
1
1549 62
1
1550 39
1
1551 7
0
1
1552 116
1
1553 126
0
0
1
1554 208
0
1
1555 173
1
1556 263
1
1557 241
1
1558 10
1
1559 99
1
1560 229
1
1561 9
1
1562 246
0
1
1563 26
0
0
1
1564 213
1
1565 78
1
1566 26
1
1567 242
1
1568 190
1
1569 60
1
1570 79
1
1571 148
0
1
1572 195
1
1573 232
1
1574 205
1
1575 228
1
1576 258
1
1577 126
1
1578 215
1
1579 26
1
1580 87
1
1581 19
1
1582 81
1
1583 91
1
1584 137
1
1585 248
1
1586 246
1
1587 158
1
1588 66
1
1589 27
0
1
1590 10
1
1591 207
1
1592 20
1
1593 205
1
1594 220
1
1595 85
1
1596 3
1
1597 220
0
0
0
1
1598 186
1
1599 176
1
1600 46
0
0
1
1601 44
1
1602 237
1
1603 10
1
1604 209
1
1605 268
0
0
0
0
0
0
1
1606 81
1
1607 210
0
1
1608 16
1
1609 220
0
1
1610 151
0
0
1
1611 197
1
1612 199
0
1
1613 242
0
1
1614 258
1
1615 239
0
1
1616 213
1
1617 149
1
1618 27
1
1619 83
1
1620 23
1
1621 227
1
1622 150
0
0
1
1623 103
1
1624 58
1
1625 168
0
1
1626 261
1
1627 45
1
1628 31
1
1629 245
1
1630 231
1
1631 126
1
1632 266
1
1633 38
0
0
1
1634 117
1
1635 218
0
1
1636 119
1
1637 3
1
1638 44
0
0
1
1639 200
1
1640 31
0
1
1641 23
1
1642 122
1
1643 116
1
1644 126
0
1
1645 242
1
1646 106
1
1647 141
0
1
1648 158
1
1649 137
1
1650 148
1
1651 26
1
1652 267
1
1653 25
1
1654 53
1
1655 57
0
1
1656 76
0
1
1657 249
1
1658 54
0
1
1659 66
1
1660 141
1
1661 233
0
1
1662 246
1
1663 41
1
1664 244
0
0
1
1665 178
1
1666 256
1
1667 124
1
1668 85
1
1669 215
1
1670 44
0
1
1671 204
1
1672 175
1
1673 50
1
1674 101
1
1675 204
1
1676 265
1
1677 260
0
1
1678 103
1
1679 176
1
1680 16
1
1681 180
1
1682 106
0
1
1683 93
1
1684 238
1
1685 127
1
1686 9
1
1687 187
1
1688 249
1
1689 43
0
1
1690 38
1
1691 145
1
1692 160
1
1693 212
1
1694 162
0
1
1695 160
0
1
1696 44
1
1697 38
0
1
1698 173
1
1699 45
1
1700 137
1
1701 43
1
1702 222
1
1703 25
1
1704 110
1
1705 263
1
1706 268
1
1707 105
1
1708 150
0
1
1709 109
1
1710 223
1
1711 32
1
1712 164
1
1713 154
1
1714 150
1
1715 146
1
1716 46
1
1717 89
1
1718 25
1
1719 9
1
1720 259
1
1721 257
0
1
1722 20
1
1723 19
1
1724 89
0
1
1725 259
1
1726 148
1
1727 7
0
1
1728 176
1
1729 226
1
1730 110
1
1731 195
1
1732 58
1
1733 126
0
1
1734 237
1
1735 154
1
1736 177
1
1737 188
1
1738 218
1
1739 90
0
1
1740 73
0
0
1
1741 181
1
1742 233
1
1743 102
1
1744 145
1
1745 201
1
1746 72
1
1747 60
1
1748 16
1
1749 242
0
1
1750 207
1
1751 124
1
1752 150
1
1753 69
1
1754 205
1
1755 181
1
1756 23
1
1757 6
1
1758 201
1
1759 76
1
1760 132
1
1761 129
0
1
1762 55
1
1763 151
1
1764 117
1
1765 19
1
1766 166
1
1767 218
1
1768 72
1
1769 231
1
1770 92
1
1771 43
0
1
1772 122
1
1773 211
1
1774 255
1
1775 153
1
1776 252
0
1
1777 150
1
1778 24
1
1779 38
1
1780 258
1
1781 189
1
1782 55
1
1783 164
1
1784 137
1
1785 90
1
1786 206
1
1787 152
1
1788 136
1
1789 5
0
1
1790 232
1
1791 136
1
1792 189
1
1793 215
1
1794 53
1
1795 156
1
1796 11
0
0
1
1797 259
1
1798 176
1
1799 60
1
1800 242
1
1801 109
1
1802 213
1
1803 82
1
1804 68
1
1805 7
1
1806 124
1
1807 119
1
1808 111
1
1809 194
1
1810 95
1
1811 170
1
1812 176
1
1813 157
1
1814 82
1
1815 59
0
1
1816 38
1
1817 27
1
1818 152
1
1819 225
1
1820 191
1
1821 234
1
1822 10
1
1823 148
1
1824 170
1
1825 90
1
1826 235
0
1
1827 193
1
1828 229
0
1
1829 17
1
1830 262
1
1831 57
1
1832 66
1
1833 14
0
1
1834 248
1
1835 89
1
1836 66
1
1837 260
1
1838 41
1
1839 11
1
1840 74
1
1841 238
1
1842 28
1
1843 203
0
1
1844 109
0
1
1845 148
1
1846 111
1
1847 74
1
1848 111
1
1849 189
1
1850 136
1
1851 72
0
1
1852 119
1
1853 85
1
1854 246
1
1855 263
1
1856 14
0
1
1857 41
1
1858 135
0
1
1859 191
1
1860 58
0
1
1861 148
1
1862 31
1
1863 189
1
1864 261
1
1865 248
1
1866 180
1
1867 135
1
1868 79
1
1869 106
1
1870 231
1
1871 204
0
1
1872 173
1
1873 247
1
1874 252
1
1875 153
1
1876 100
1
1877 161
1
1878 167
1
1879 229
1
1880 101
0
1
1881 36
1
1882 186
0
0
1
1883 149
1
1884 124
0
1
1885 126
0
1
1886 8
1
1887 39
1
1888 142
0
0
1
1889 245
1
1890 52
1
1891 119
1
1892 68
1
1893 173
1
1894 28
1
1895 155
1
1896 59
1
1897 152
1
1898 255
0
1
1899 236
1
1900 268
0
1
1901 249
1
1902 101
1
1903 242
1
1904 196
1
1905 207
0
1
1906 62
1
1907 163
1
1908 204
1
1909 89
1
1910 131
0
1
1911 232
1
1912 49
0
1
1913 154
0
1
1914 33
1
1915 240
0
1
1916 129
1
1917 154
1
1918 148
1
1919 25
1
1920 196
1
1921 190
1
1922 104
1
1923 92
1
1924 103
1
1925 161
0
1
1926 203
1
1927 62
1
1928 21
1
1929 37
1
1930 256
1
1931 197
1
1932 31
1
1933 166
1
1934 104
1
1935 72
1
1936 133
1
1937 24
1
1938 66
1
1939 47
1
1940 119
1
1941 205
1
1942 122
1
1943 132
1
1944 199
1
1945 230
1
1946 16
0
1
1947 63
1
1948 30
1
1949 218
0
1
1950 14
1
1951 50
1
1952 105
1
1953 117
1
1954 6
1
1955 103
1
1956 225
0
1
1957 156
1
1958 267
1
1959 42
1
1960 79
1
1961 132
1
1962 227
1
1963 2
1
1964 191
1
1965 62
1
1966 189
1
1967 56
1
1968 222
1
1969 99
0
1
1970 263
1
1971 257
1
1972 211
1
1973 22
1
1974 240
1
1975 31
1
1976 216
1
1977 149
1
1978 83
1
1979 173
1
1980 145
1
1981 21
1
1982 171
1
1983 226
1
1984 198
0
1
1985 125
1
1986 83
0
1
1987 70
1
1988 144
1
1989 12
1
1990 27
1
1991 59
0
1
1992 194
1
1993 125
0
1
1994 7
1
1995 132
1
1996 81
1
1997 168
1
1998 122
1
1999 76
1
2000 263
1
2001 223
1
2002 107
0
1
2003 117
1
2004 180
1
2005 246
1
2006 253
1
2007 86
1
2008 7
0
1
2009 175
1
2010 139
1
2011 162
1
2012 210
1
2013 105
0
1
2014 110
1
2015 119
0
1
2016 40
1
2017 80
1
2018 235
1
2019 21
1
2020 77
1
2021 107
1
2022 30
1
2023 133
1
2024 192
1
2025 81
1
2026 158
1
2027 73
1
2028 68
1
2029 116
1
2030 136
1
2031 137
0
1
2032 150
1
2033 125
1
2034 178
0
0
1
2035 49
1
2036 229
1
2037 80
1
2038 184
1
2039 190
1
2040 213
1
2041 47
0
1
2042 86
1
2043 211
1
2044 172
0
1
2045 97
1
2046 158
1
2047 148
1
2048 154
1
2049 194
1
2050 205
1
2051 164
1
2052 199
1
2053 114
1
2054 152
1
2055 114
1
2056 218
0
1
2057 110
1
2058 75
1
2059 133
1
2060 37
1
2061 65
0
1
2062 112
1
2063 202
0
1
2064 37
1
2065 80
1
2066 247
1
2067 25
1
2068 190
1
2069 128
1
2070 119
0
0
1
2071 196
1
2072 51
1
2073 260
1
2074 12
1
2075 37
1
2076 229
1
2077 14
1
2078 53
1
2079 12
1
2080 174
1
2081 76
1
2082 36
1
2083 258
1
2084 94
1
2085 200
1
2086 244
1
2087 221
1
2088 161
1
2089 84
0
1
2090 97
1
2091 176
1
2092 256
1
2093 18
1
2094 168
1
2095 239
1
2096 90
1
2097 218
1
2098 136
1
2099 212
1
2100 146
1
2101 180
1
2102 21
1
2103 86
1
2104 9
1
2105 150
1
2106 156
1
2107 114
1
2108 157
1
2109 151
1
2110 50
1
2111 3
1
2112 214
1
2113 99
1
2114 240
1
2115 214
1
2116 197
1
2117 209
1
2118 13
0
1
2119 244
1
2120 136
1
2121 108
1
2122 201
1
2123 16
1
2124 154
1
2125 120
1
2126 230
1
2127 133
1
2128 92
1
2129 212
1
2130 85
1
2131 37
1
2132 15
1
2133 180
1
2134 16
1
2135 185
1
2136 175
1
2137 83
1
2138 111
1
2139 111
1
2140 96
1
2141 101
1
2142 132
1
2143 19
1
2144 25
1
2145 203
1
2146 85
1
2147 41
1
2148 194
1
2149 109
1
2150 218
1
2151 79
1
2152 239
1
2153 253
1
2154 220
1
2155 87
1
2156 204
1
2157 142
0
1
2158 212
1
2159 151
1
2160 143
1
2161 116
0
1
2162 198
1
2163 238
1
2164 2
1
2165 20
0
1
2166 44
1
2167 99
1
2168 90
1
2169 14
1
2170 148
1
2171 213
1
2172 219
1
2173 16
1
2174 89
1
2175 218
1
2176 161
1
2177 105
1
2178 65
1
2179 191
1
2180 198
1
2181 141
1
2182 39
1
2183 45
1
2184 203
1
2185 172
1
2186 242
1
2187 39
1
2188 202
1
2189 261
1
2190 169
1
2191 35
1
2192 267
1
2193 101
1
2194 74
1
2195 134
1
2196 236
1
2197 265
1
2198 159
1
2199 37
1
2200 144
1
2201 242
1
2202 53
1
2203 75
1
2204 246
1
2205 203
1
2206 147
1
2207 99
1
2208 155
1
2209 134
1
2210 61
1
2211 125
1
2212 160
1
2213 83
1
2214 21
1
2215 140
1
2216 15
1
2217 74
1
2218 38
0
1
2219 212
1
2220 219
1
2221 104
1
2222 41
0
1
2223 58
1
2224 160
1
2225 157
1
2226 108
1
2227 225
0
1
2228 55
1
2229 187
1
2230 194
1
2231 203
1
2232 119
1
2233 173
1
2234 101
1
2235 28
1
2236 244
1
2237 91
1
2238 157
1
2239 142
1
2240 151
1
2241 227
0
1
2242 21
1
2243 203
1
2244 15
1
2245 9
1
2246 128
1
2247 176
1
2248 264
1
2249 37
1
2250 257
1
2251 242
1
2252 165
1
2253 83
1
2254 55
1
2255 173
1
2256 76
1
2257 133
1
2258 32
1
2259 181
1
2260 204
1
2261 114
1
2262 260
1
2263 131
1
2264 117
1
2265 51
1
2266 181
1
2267 175
1
2268 173
1
2269 212
1
2270 193
0
1
2271 29
1
2272 62
1
2273 131
1
2274 118
1
2275 96
1
2276 229
1
2277 195
1
2278 233
1
2279 134
1
2280 223
1
2281 70
1
2282 200
1
2283 23
1
2284 178
1
2285 196
1
2286 89
1
2287 77
1
2288 80
1
2289 228
1
2290 147
1
2291 166
1
2292 34
1
2293 44
1
2294 237
1
2295 244
1
2296 84
1
2297 211
0
1
2298 233
1
2299 209
1
2300 216
0
1
2301 140
1
2302 212
1
2303 18
1
2304 255
1
2305 223
1
2306 83
1
2307 92
1
2308 123
1
2309 201
1
2310 83
1
2311 163
1
2312 172
1
2313 170
1
2314 44
1
2315 158
1
2316 246
1
2317 154
1
2318 28
1
2319 3
1
2320 80
1
2321 257
1
2322 83
1
2323 159
1
2324 175
1
2325 243
1
2326 165
1
2327 23
1
2328 114
1
2329 149
1
2330 30
1
2331 179
1
2332 264
1
2333 138
0
1
2334 188
1
2335 184
1
2336 213
1
2337 106
1
2338 245
1
2339 52
1
2340 166
1
2341 166
1
2342 85
1
2343 129
1
2344 180
1
2345 37
1
2346 72
1
2347 28
1
2348 226
1
2349 132
1
2350 27
1
2351 221
1
2352 57
1
2353 16
1
2354 179
1
2355 2
1
2356 75
1
2357 199
1
2358 148
1
2359 204
1
2360 174
1
2361 186
1
2362 201
1
2363 20
1
2364 181
0
1
2365 190
1
2366 174
1
2367 58
1
2368 171
1
2369 45
1
2370 211
1
2371 98
1
2372 12
1
2373 22
1
2374 65
1
2375 202
1
2376 213
1
2377 164
1
2378 11
1
2379 132
1
2380 256
1
2381 151
1
2382 64
1
2383 126
1
2384 186
1
2385 180
1
2386 17
1
2387 172
1
2388 172
1
2389 231
1
2390 18
0
1
2391 47
1
2392 97
1
2393 209
1
2394 245
1
2395 164
1
2396 36
1
2397 239
1
2398 147
1
2399 34
1
2400 163
1
2401 12
1
2402 32
1
2403 138
1
2404 122
1
2405 180
1
2406 6
1
2407 258
1
2408 188
1
2409 168
1
2410 64
1
2411 176
1
2412 266
1
2413 121
1
2414 114
1
2415 243
1
2416 115
1
2417 19
1
2418 40
1
2419 119
1
2420 49
1
2421 92
1
2422 169
1
2423 137
1
2424 175
1
2425 171
1
2426 81
1
2427 153
1
2428 68
1
2429 179
1
2430 78
1
2431 90
1
2432 185
1
2433 181
1
2434 7
1
2435 198
1
2436 49
1
2437 244
1
2438 156
1
2439 229
1
2440 120
1
2441 100
1
2442 60
1
2443 185
1
2444 74
1
2445 127
1
2446 164
1
2447 111
1
2448 172
1
2449 36
1
2450 25
1
2451 250
1
2452 33
1
2453 62
1
2454 160
1
2455 122
1
2456 70
1
2457 152
1
2458 59
1
2459 62
1
2460 64
1
2461 13
1
2462 115
1
2463 178
1
2464 32
1
2465 45
1
2466 180
1
2467 117
1
2468 254
1
2469 259
1
2470 147
1
2471 91
1
2472 170
1
2473 59
1
2474 2
1
2475 245
1
2476 54
0
1
2477 170
1
2478 179
1
2479 177
1
2480 267
1
2481 212
1
2482 246
1
2483 78
1
2484 98
1
2485 80
1
2486 182
1
2487 127
1
2488 163
1
2489 3
1
2490 114
1
2491 143
1
2492 14
0
1
2493 100
1
2494 46
1
2495 23
1
2496 12
1
2497 205
1
2498 79
1
2499 88
1
2500 224
1
2501 179
1
2502 83
1
2503 83
1
2504 80
1
2505 238
1
2506 195
1
2507 173
1
2508 106
1
2509 159
1
2510 92
1
2511 77
1
2512 113
1
2513 125
1
2514 143
1
2515 90
1
2516 18
1
2517 52
1
2518 78
0
1
2519 228
1
2520 168
1
2521 23
1
2522 255
1
2523 266
1
2524 111
1
2525 256
1
2526 38
1
2527 161
1
2528 19
1
2529 42
1
2530 10
1
2531 111
1
2532 8
1
2533 138
1
2534 199
1
2535 170
1
2536 195
1
2537 13
1
2538 143
1
2539 228
1
2540 81
1
2541 126
1
2542 51
1
2543 51
1
2544 87
1
2545 62
1
2546 181
1
2547 221
1
2548 159
1
2549 157
1
2550 78
1
2551 81
1
2552 146
1
2553 58
1
2554 150
1
2555 118
1
2556 149
1
2557 150
1
2558 263
1
2559 136
1
2560 65
1
2561 202
1
2562 89
1
2563 57
1
2564 151
1
2565 30
1
2566 100
1
2567 220
1
2568 83
1
2569 104
1
2570 81
1
2571 167
1
2572 215
1
2573 33
1
2574 213
1
2575 207
1
2576 81
1
2577 128
1
2578 168
1
2579 15
1
2580 127
1
2581 126
1
2582 111
1
2583 62
1
2584 186
1
2585 171
0
1
2586 11
1
2587 199
1
2588 142
1
2589 258
1
2590 119
1
2591 129
1
2592 37
1
2593 23
1
2594 217
1
2595 227
1
2596 17
1
2597 198
0
1
2598 163
1
2599 199
1
2600 2
1
2601 244
1
2602 63
1
2603 180
1
2604 17
1
2605 114
1
2606 104
1
2607 87
1
2608 191
1
2609 79
1
2610 228
0
1
2611 70
1
2612 191
1
2613 61
1
2614 183
1
2615 106
1
2616 44
1
2617 53
1
2618 253
1
2619 44
0
1
2620 127
1
2621 240
1
2622 99
1
2623 243
1
2624 186
1
2625 150
1
2626 210
1
2627 146
1
2628 18
1
2629 51
1
2630 145
0
1
2631 202
1
2632 64
1
2633 44
1
2634 267
1
2635 135
0
1
2636 32
1
2637 83
1
2638 263
1
2639 258
1
2640 40
1
2641 76
1
2642 127
1
2643 90
1
2644 195
1
2645 82
1
2646 82
1
2647 205
1
2648 224
0
1
2649 220
1
2650 178
1
2651 178
1
2652 73
1
2653 72
1
2654 157
1
2655 119
1
2656 111
1
2657 8
1
2658 201
1
2659 85
1
2660 102
1
2661 56
1
2662 83
1
2663 44
1
2664 89
1
2665 84
1
2666 184
1
2667 82
1
2668 237
1
2669 162
1
2670 18
1
2671 205
1
2672 125
1
2673 45
1
2674 37
0
1
2675 237
1
2676 118
1
2677 152
1
2678 70
1
2679 90
1
2680 234
1
2681 77
1
2682 40
0
1
2683 111
1
2684 173
1
2685 32
1
2686 169
0
1
2687 240
1
2688 136
1
2689 147
1
2690 90
1
2691 78
1
2692 249
1
2693 102
1
2694 230
1
2695 212
1
2696 103
1
2697 10
1
2698 183
1
2699 143
1
2700 90
1
2701 41
1
2702 252
1
2703 31
1
2704 196
1
2705 232
1
2706 233
1
2707 149
1
2708 231
1
2709 226
1
2710 99
1
2711 106
1
2712 58
1
2713 3
1
2714 104
1
2715 184
1
2716 55
1
2717 140
1
2718 81
1
2719 185
1
2720 70
1
2721 133
1
2722 58
1
2723 238
1
2724 87
1
2725 118
1
2726 256
1
2727 155
1
2728 229
1
2729 200
1
2730 116
1
2731 110
1
2732 66
1
2733 44
0
1
2734 107
1
2735 77
1
2736 216
1
2737 230
1
2738 55
0
1
2739 37
1
2740 86
1
2741 79
1
2742 220
1
2743 74
1
2744 40
1
2745 58
0
1
2746 58
1
2747 138
1
2748 265
1
2749 86
1
2750 64
1
2751 174
1
2752 188
1
2753 257
1
2754 146
1
2755 229
1
2756 74
1
2757 59
1
2758 82
0
1
2759 119
0
1
2760 212
1
2761 83
1
2762 31
1
2763 164
1
2764 185
1
2765 130
1
2766 242
1
2767 126
1
2768 192
1
2769 191
1
2770 81
1
2771 255
1
2772 58
1
2773 215
1
2774 223
1
2775 206
1
2776 173
1
2777 41
1
2778 248
1
2779 87
1
2780 92
1
2781 11
1
2782 30
1
2783 21
1
2784 37
1
2785 123
1
2786 37
1
2787 152
1
2788 229
1
2789 236
1
2790 246
0
1
2791 133
1
2792 19
1
2793 141
1
2794 177
1
2795 5
1
2796 128
1
2797 204
1
2798 254
1
2799 161
1
2800 117
1
2801 182
1
2802 5
1
2803 182
1
2804 105
1
2805 14
1
2806 23
1
2807 48
1
2808 249
1
2809 10
1
2810 60
1
2811 163
1
2812 174
1
2813 21
1
2814 35
1
2815 177
1
2816 138
1
2817 179
1
2818 96
0
1
2819 59
1
2820 16
1
2821 119
1
2822 261
1
2823 199
1
2824 218
1
2825 218
1
2826 50
1
2827 57
1
2828 156
1
2829 119
0
1
2830 6
1
2831 265
1
2832 66
1
2833 158
1
2834 198
1
2835 213
1
2836 207
1
2837 101
0
1
2838 76
1
2839 17
1
2840 86
1
2841 29
1
2842 251
0
1
2843 169
1
2844 240
1
2845 179
1
2846 19
1
2847 18
1
2848 138
1
2849 176
0
1
2850 103
1
2851 28
1
2852 99
1
2853 266
1
2854 174
0
1
2855 71
1
2856 47
1
2857 191
1
2858 242
1
2859 157
1
2860 54
1
2861 196
1
2862 38
1
2863 114
1
2864 32
0
1
2865 145
1
2866 222
1
2867 100
1
2868 133
1
2869 189
1
2870 147
1
2871 191
1
2872 180
1
2873 144
1
2874 117
1
2875 114
0
1
2876 173
1
2877 99
1
2878 119
1
2879 164
1
2880 123
1
2881 247
1
2882 14
1
2883 140
0
1
2884 23
1
2885 244
1
2886 72
1
2887 259
0
1
2888 45
0
1
2889 159
1
2890 78
1
2891 107
1
2892 261
1
2893 141
1
2894 214
1
2895 20
1
2896 56
1
2897 219
1
2898 125
1
2899 73
0
1
2900 108
1
2901 7
1
2902 77
1
2903 251
1
2904 44
1
2905 248
1
2906 64
1
2907 40
1
2908 115
1
2909 240
1
2910 24
0
1
2911 153
1
2912 190
1
2913 84
0
1
2914 2
0
1
2915 41
1
2916 81
1
2917 208
1
2918 99
1
2919 95
1
2920 263
1
2921 82
0
1
2922 85
1
2923 180
1
2924 29
1
2925 100
1
2926 164
1
2927 243
1
2928 81
1
2929 208
0
1
2930 248
1
2931 65
0
1
2932 247
1
2933 72
1
2934 72
1
2935 191
1
2936 213
1
2937 222
1
2938 50
1
2939 124
1
2940 171
1
2941 260
0
1
2942 32
1
2943 221
1
2944 173
0
0
1
2945 194
1
2946 152
1
2947 127
1
2948 260
1
2949 5
1
2950 213
1
2951 33
1
2952 95
1
2953 27
1
2954 15
0
1
2955 176
1
2956 32
1
2957 83
1
2958 147
1
2959 175
1
2960 97
1
2961 41
1
2962 216
1
2963 40
1
2964 158
1
2965 113
0
1
2966 158
1
2967 92
1
2968 212
1
2969 202
0
1
2970 38
1
2971 18
1
2972 156
1
2973 254
1
2974 65
1
2975 257
1
2976 175
1
2977 148
1
2978 90
1
2979 75
1
2980 137
0
1
2981 160
1
2982 22
1
2983 95
1
2984 77
1
2985 220
1
2986 192
1
2987 51
1
2988 249
1
2989 72
1
2990 30
1
2991 111
1
2992 9
1
2993 223
1
2994 240
0
1
2995 99
1
2996 188
1
2997 197
1
2998 150
1
2999 148
0
1
3000 141
1
3001 147
1
3002 167
1
3003 90
1
3004 237
1
3005 209
1
3006 121
1
3007 209
0
1
3008 10
0
0
1
3009 231
1
3010 156
0
1
3011 200
1
3012 240
1
3013 231
1
3014 75
1
3015 168
1
3016 132
1
3017 74
0
1
3018 70
1
3019 24
1
3020 135
1
3021 34
1
3022 187
1
3023 21
0
1
3024 15
1
3025 35
1
3026 181
1
3027 180
0
1
3028 105
0
1
3029 195
1
3030 129
1
3031 210
1
3032 70
1
3033 250
1
3034 95
1
3035 22
1
3036 52
1
3037 163
1
3038 214
1
3039 89
1
3040 202
1
3041 94
1
3042 5
1
3043 221
1
3044 264
1
3045 37
1
3046 191
0
1
3047 202
1
3048 65
1
3049 157
1
3050 171
0
0
1
3051 168
1
3052 10
1
3053 11
1
3054 264
1
3055 89
0
1
3056 141
1
3057 182
1
3058 134
1
3059 167
1
3060 124
1
3061 19
1
3062 120
0
1
3063 22
1
3064 104
1
3065 193
0
1
3066 111
1
3067 246
0
1
3068 80
1
3069 107
1
3070 173
1
3071 247
1
3072 226
1
3073 157
1
3074 2
1
3075 164
0
1
3076 80
1
3077 208
1
3078 42
1
3079 58
1
3080 123
1
3081 182
1
3082 228
1
3083 137
0
1
3084 111
1
3085 250
1
3086 140
1
3087 225
1
3088 180
1
3089 104
0
1
3090 215
1
3091 19
1
3092 263
1
3093 63
0
1
3094 71
1
3095 10
1
3096 224
1
3097 199
1
3098 68
0
1
3099 80
1
3100 139
1
3101 175
1
3102 252
1
3103 267
0
1
3104 155
1
3105 184
1
3106 210
1
3107 121
1
3108 241
1
3109 22
1
3110 222
0
1
3111 204
0
1
3112 23
1
3113 254
1
3114 201
1
3115 197
1
3116 149
1
3117 155
1
3118 7
1
3119 181
1
3120 9
1
3121 154
1
3122 238
1
3123 131
0
0
1
3124 114
1
3125 265
1
3126 87
1
3127 90
1
3128 220
0
1
3129 81
1
3130 165
1
3131 58
1
3132 122
0
1
3133 38
1
3134 44
1
3135 156
1
3136 213
1
3137 174
1
3138 261
0
1
3139 86
1
3140 265
1
3141 19
1
3142 14
1
3143 144
0
1
3144 265
1
3145 205
1
3146 204
1
3147 82
1
3148 143
1
3149 84
1
3150 45
1
3151 77
1
3152 189
0
1
3153 78
0
1
3154 237
1
3155 112
1
3156 26
1
3157 71
1
3158 135
1
3159 18
0
1
3160 264
1
3161 213
0
1
3162 35
1
3163 166
1
3164 148
1
3165 59
0
0
0
1
3166 253
1
3167 136
1
3168 175
1
3169 152
1
3170 96
1
3171 119
0
1
3172 246
1
3173 120
0
1
3174 114
1
3175 74
0
1
3176 213
1
3177 68
0
0
1
3178 216
0
1
3179 29
1
3180 34
1
3181 110
1
3182 65
1
3183 244
1
3184 178
1
3185 75
1
3186 95
1
3187 259
1
3188 134
1
3189 68
1
3190 108
1
3191 260
1
3192 59
1
3193 246
1
3194 66
1
3195 114
1
3196 220
1
3197 180
1
3198 15
1
3199 127
1
3200 257
1
3201 170
1
3202 257
1
3203 81
1
3204 67
1
3205 27
1
3206 99
1
3207 67
1
3208 164
1
3209 121
1
3210 163
1
3211 191
1
3212 51
1
3213 253
1
3214 254
1
3215 41
1
3216 65
0
0
1
3217 237
1
3218 158
0
0
1
3219 145
1
3220 184
0
1
3221 114
1
3222 202
0
0
0
1
3223 37
0
1
3224 206
1
3225 188
0
1
3226 169
1
3227 21
0
0
0
0
1
3228 220
1
3229 25
1
3230 182
0
1
3231 132
0
1
3232 94
1
3233 220
1
3234 180
1
3235 64
1
3236 107
1
3237 61
1
3238 65
1
3239 109
1
3240 256
1
3241 36
1
3242 62
1
3243 51
1
3244 74
1
3245 149
1
3246 13
1
3247 36
1
3248 109
1
3249 256
1
3250 137
1
3251 200
1
3252 111
1
3253 83
1
3254 113
1
3255 65
1
3256 35
1
3257 115
1
3258 43
1
3259 137
1
3260 82
1
3261 44
0
0
1
3262 91
1
3263 200
1
3264 160
1
3265 246
1
3266 151
1
3267 26
1
3268 58
1
3269 241
1
3270 82
1
3271 159
1
3272 261
0
1
3273 135
1
3274 34
1
3275 253
1
3276 75
0
1
3277 70
1
3278 64
1
3279 143
1
3280 99
1
3281 197
1
3282 161
1
3283 214
1
3284 211
1
3285 194
1
3286 171
1
3287 73
0
0
1
3288 208
0
1
3289 58
1
3290 234
1
3291 199
1
3292 73
0
1
3293 80
1
3294 206
0
1
3295 231
0
1
3296 24
1
3297 170
1
3298 210
1
3299 162
1
3300 128
1
3301 56
1
3302 192
1
3303 151
1
3304 30
1
3305 47
1
3306 10
1
3307 141
0
0
1
3308 99
0
1
3309 211
0
0
1
3310 60
1
3311 67
1
3312 171
1
3313 238
1
3314 254
1
3315 98
1
3316 95
1
3317 252
1
3318 206
1
3319 226
1
3320 11
1
3321 193
1
3322 228
1
3323 210
1
3324 135
1
3325 119
1
3326 191
1
3327 140
1
3328 13
1
3329 173
1
3330 118
1
3331 61
1
3332 200
1
3333 255
0
0
1
3334 160
0
1
3335 83
1
3336 241
0
1
3337 24
1
3338 49
1
3339 184
1
3340 239
1
3341 54
1
3342 9
0
1
3343 230
1
3344 228
0
0
1
3345 192
1
3346 126
1
3347 234
0
0
1
3348 213
1
3349 2
1
3350 152
1
3351 104
1
3352 218
0
1
3353 10
1
3354 209
1
3355 159
1
3356 120
1
3357 125
1
3358 141
1
3359 179
1
3360 149
1
3361 236
1
3362 168
1
3363 150
1
3364 47
1
3365 234
1
3366 34
0
1
3367 263
1
3368 122
1
3369 94
0
1
3370 168
1
3371 107
1
3372 154
1
3373 144
1
3374 255
1
3375 22
1
3376 184
1
3377 226
1
3378 234
1
3379 118
0
1
3380 40
0
0
0
1
3381 77
1
3382 204
1
3383 57
0
0
0
1
3384 80
0
1
3385 117
1
3386 122
0
1
3387 159
1
3388 166
1
3389 241
1
3390 37
0
1
3391 194
1
3392 59
1
3393 89
0
1
3394 113
1
3395 172
0
1
3396 168
1
3397 46
1
3398 225
0
1
3399 132
1
3400 189
1
3401 63
1
3402 115
1
3403 260
1
3404 81
1
3405 252
1
3406 172
1
3407 81
1
3408 201
1
3409 30
0
1
3410 185
1
3411 37
1
3412 119
1
3413 47
1
3414 68
1
3415 213
1
3416 244
0
1
3417 188
1
3418 135
1
3419 141
0
1
3420 132
1
3421 163
0
1
3422 157
1
3423 198
1
3424 169
1
3425 213
1
3426 28
1
3427 183
0
0
0
1
3428 4
0
1
3429 24
1
3430 73
0
1
3431 208
1
3432 217
1
3433 169
1
3434 254
1
3435 68
1
3436 123
0
1
3437 263
1
3438 110
1
3439 160
1
3440 235
0
1
3441 166
1
3442 209
1
3443 223
1
3444 196
1
3445 110
0
1
3446 215
1
3447 212
0
1
3448 30
1
3449 72
1
3450 147
1
3451 182
1
3452 235
1
3453 15
1
3454 58
0
1
3455 92
1
3456 242
1
3457 111
1
3458 40
1
3459 179
0
1
3460 21
1
3461 238
1
3462 183
1
3463 13
1
3464 228
1
3465 241
1
3466 96
1
3467 65
1
3468 2
1
3469 204
0
1
3470 193
1
3471 229
0
1
3472 190
1
3473 217
1
3474 58
0
1
3475 13
1
3476 190
1
3477 138
1
3478 250
1
3479 150
1
3480 73
1
3481 83
1
3482 135
1
3483 220
1
3484 66
1
3485 99
0
0
1
3486 212
1
3487 58
1
3488 5
1
3489 15
1
3490 197
1
3491 114
1
3492 74
1
3493 45
1
3494 118
1
3495 31
1
3496 246
1
3497 28
1
3498 158
1
3499 159
1
3500 75
1
3501 80
1
3502 246
1
3503 209
1
3504 91
1
3505 25
1
3506 42
1
3507 241
1
3508 61
0
1
3509 102
1
3510 80
1
3511 136
0
1
3512 162
0
0
1
3513 263
1
3514 37
0
1
3515 239
1
3516 55
1
3517 144
1
3518 166
1
3519 188
1
3520 246
1
3521 194
0
1
3522 27
1
3523 185
1
3524 160
1
3525 82
0
1
3526 242
1
3527 171
0
0
1
3528 112
1
3529 164
1
3530 46
1
3531 62
1
3532 146
0
1
3533 190
0
1
3534 105
1
3535 173
1
3536 61
1
3537 209
1
3538 86
1
3539 153
1
3540 3
1
3541 237
0
0
0
1
3542 241
1
3543 176
1
3544 175
1
3545 228
1
3546 125
1
3547 55
0
1
3548 214
1
3549 182
0
1
3550 171
1
3551 203
1
3552 25
0
1
3553 164
1
3554 235
1
3555 175
0
0
1
3556 26
0
1
3557 155
1
3558 88
1
3559 125
1
3560 220
1
3561 130
1
3562 247
1
3563 169
1
3564 66
1
3565 43
1
3566 252
0
0
1
3567 202
1
3568 21
0
1
3569 142
0
1
3570 38
1
3571 85
1
3572 116
1
3573 223
1
3574 32
1
3575 80
0
1
3576 229
1
3577 10
1
3578 252
0
0
1
3579 28
1
3580 199
1
3581 46
1
3582 37
1
3583 38
1
3584 259
1
3585 89
1
3586 78
1
3587 98
1
3588 48
1
3589 193
1
3590 106
1
3591 110
0
0
0
1
3592 230
0
1
3593 163
1
3594 118
1
3595 115
0
1
3596 71
1
3597 5
1
3598 36
1
3599 246
1
3600 68
0
1
3601 160
1
3602 152
1
3603 208
0
1
3604 220
1
3605 6
1
3606 223
1
3607 55
1
3608 112
0
0
1
3609 177
1
3610 26
1
3611 19
0
1
3612 166
0
0
1
3613 115
1
3614 213
0
1
3615 240
1
3616 111
1
3617 263
0
1
3618 7
1
3619 181
1
3620 96
1
3621 143
0
1
3622 159
1
3623 251
0
1
3624 81
1
3625 48
1
3626 16
1
3627 256
1
3628 232
1
3629 47
0
1
3630 211
1
3631 214
1
3632 39
0
0
0
0
0
0
1
3633 199
0
1
3634 20
1
3635 62
0
1
3636 245
1
3637 168
1
3638 109
1
3639 45
1
3640 259
1
3641 216
0
0
1
3642 39
0
0
1
3643 153
0
0
0
1
3644 228
1
3645 229
1
3646 119
1
3647 150
1
3648 26
1
3649 119
1
3650 85
0
1
3651 112
1
3652 255
1
3653 3
1
3654 4
0
1
3655 41
1
3656 173
1
3657 133
1
3658 193
1
3659 78
0
1
3660 103
1
3661 264
0
1
3662 249
1
3663 88
1
3664 106
0
1
3665 211
0
1
3666 219
1
3667 25
1
3668 210
1
3669 194
1
3670 15
1
3671 173
1
3672 2
1
3673 79
1
3674 194
1
3675 19
0
0
1
3676 102
1
3677 265
1
3678 268
1
3679 232
0
1
3680 180
1
3681 186
1
3682 127
0
0
0
0
0
1
3683 44
1
3684 153
1
3685 117
1
3686 117
1
3687 53
1
3688 216
1
3689 159
0
0
1
3690 117
0
1
3691 36
1
3692 83
1
3693 54
1
3694 205
0
1
3695 254
1
3696 182
1
3697 81
0
0
0
0
1
3698 69
1
3699 45
0
0
0
1
3700 83
0
0
0
1
3701 10
1
3702 104
1
3703 194
1
3704 91
1
3705 111
0
1
3706 120
1
3707 80
0
1
3708 215
1
3709 78
0
1
3710 231
1
3711 205
1
3712 167
1
3713 56
1
3714 37
1
3715 52
1
3716 216
1
3717 117
1
3718 5
0
1
3719 203
0
1
3720 258
1
3721 168
1
3722 61
1
3723 210
0
0
0
0
1
3724 41
0
1
3725 63
1
3726 164
0
0
1
3727 212
0
0
0
1
3728 68
1
3729 34
1
3730 83
1
3731 110
1
3732 167
0
0
1
3733 27
0
0
1
3734 3
1
3735 13
1
3736 144
1
3737 113
0
1
3738 123
0
1
3739 25
1
3740 77
1
3741 119
0
1
3742 83
1
3743 266
1
3744 119
1
3745 260
1
3746 7
1
3747 204
1
3748 37
1
3749 50
1
3750 234
1
3751 89
0
0
1
3752 23
1
3753 184
0
1
3754 91
1
3755 249
1
3756 83
1
3757 22
1
3758 198
1
3759 4
0
1
3760 267
1
3761 110
0
1
3762 197
0
0
0
1
3763 196
0
0
1
3764 182
1
3765 214
0
0
1
3766 19
1
3767 148
1
3768 65
1
3769 194
1
3770 240
0
0
0
0
0
1
3771 158
1
3772 208
1
3773 73
0
1
3774 230
1
3775 16
0
1
3776 183
0
1
3777 115
1
3778 45
1
3779 29
0
1
3780 89
0
1
3781 10
0
1
3782 136
1
3783 108
1
3784 4
1
3785 194
1
3786 110
1
3787 186
1
3788 78
1
3789 54
0
0
0
1
3790 189
1
3791 199
1
3792 247
1
3793 113
0
0
0
1
3794 151
1
3795 76
1
3796 229
1
3797 45
0
0
1
3798 151
1
3799 243
1
3800 233
0
0
1
3801 88
1
3802 122
0
0
1
3803 19
1
3804 41
0
0
1
3805 173
0
1
3806 107
0
1
3807 230
1
3808 176
1
3809 97
1
3810 213
0
1
3811 12
1
3812 137
1
3813 15
0
1
3814 246
0
0
0
1
3815 218
0
1
3816 126
0
1
3817 14
1
3818 82
1
3819 169
1
3820 138
1
3821 204
0
0
1
3822 172
0
0
1
3823 144
1
3824 23
1
3825 121
1
3826 87
1
3827 266
0
1
3828 199
1
3829 167
1
3830 142
0
1
3831 168
1
3832 18
1
3833 130
1
3834 93
0
0
1
3835 203
1
3836 259
0
1
3837 8
1
3838 146
1
3839 147
0
0
1
3840 167
1
3841 115
0
0
1
3842 85
0
0
1
3843 119
0
0
1
3844 143
0
1
3845 57
0
1
3846 95
0
1
3847 82
1
3848 190
1
3849 13
1
3850 185
0
1
3851 125
1
3852 204
1
3853 126
0
0
0
1
3854 268
1
3855 124
1
3856 132
1
3857 6
1
3858 156
1
3859 69
1
3860 164
0
1
3861 114
1
3862 172
1
3863 131
1
3864 123
1
3865 148
0
1
3866 52
0
1
3867 26
0
1
3868 232
1
3869 165
0
1
3870 247
1
3871 70
1
3872 256
0
1
3873 83
1
3874 23
1
3875 234
0
1
3876 101
1
3877 200
1
3878 96
1
3879 95
1
3880 220
1
3881 82
1
3882 243
1
3883 82
0
0
0
0
1
3884 31
1
3885 75
0
1
3886 212
0
0
0
1
3887 43
1
3888 167
0
1
3889 99
1
3890 157
1
3891 118
1
3892 10
0
1
3893 99
1
3894 55
0
1
3895 246
0
1
3896 83
0
0
1
3897 114
1
3898 81
0
1
3899 45
0
0
0
0
1
3900 132
1
3901 217
1
3902 240
0
1
3903 56
1
3904 253
0
1
3905 10
0
1
3906 169
1
3907 232
0
1
3908 91
1
3909 108
1
3910 106
1
3911 39
1
3912 39
0
0
1
3913 158
1
3914 173
1
3915 184
0
0
1
3916 33
1
3917 259
0
0
0
1
3918 99
1
3919 51
1
3920 119
1
3921 197
1
3922 67
1
3923 102
1
3924 193
1
3925 168
1
3926 61
0
0
1
3927 164
0
0
0
0
0
1
3928 100
1
3929 44
0
1
3930 120
1
3931 259
1
3932 37
1
3933 61
1
3934 96
1
3935 127
1
3936 123
1
3937 158
0
0
1
3938 99
0
1
3939 47
1
3940 212
1
3941 36
0
0
0
1
3942 91
1
3943 199
1
3944 47
1
3945 121
0
0
0
0
0
1
3946 121
1
3947 48
1
3948 76
0
1
3949 167
0
0
1
3950 62
1
3951 116
0
1
3952 8
0
0
1
3953 72
1
3954 124
1
3955 158
0
1
3956 221
1
3957 34
0
0
1
3958 240
1
3959 241
0
0
1
3960 113
1
3961 171
1
3962 211
1
3963 209
0
1
3964 211
1
3965 165
1
3966 150
0
1
3967 108
0
0
1
3968 131
1
3969 145
1
3970 144
1
3971 247
0
0
1
3972 187
1
3973 99
1
3974 127
1
3975 65
0
1
3976 109
1
3977 197
0
0
0
0
1
3978 31
1
3979 250
1
3980 54
0
1
3981 142
1
3982 58
0
1
3983 145
0
0
1
3984 64
0
0
1
3985 82
1
3986 268
1
3987 265
0
1
3988 115
1
3989 10
1
3990 70
0
1
3991 7
0
1
3992 217
0
0
0
1
3993 113
0
1
3994 88
1
3995 94
0
0
0
1
3996 110
0
1
3997 199
1
3998 196
0
1
3999 101
1
4000 82
0
1
4001 105
1
4002 109
0
1
4003 89
1
4004 90
1
4005 108
0
0
0
1
4006 34
0
0
0
1
4007 174
0
0
0
0
0
1
4008 69
0
1
4009 127
1
4010 247
1
4011 249
0
0
1
4012 198
1
4013 68
1
4014 32
1
4015 239
1
4016 258
1
4017 194
1
4018 168
1
4019 254
1
4020 126
1
4021 49
0
0
0
0
0
0
1
4022 91
1
4023 79
0
1
4024 143
1
4025 78
1
4026 259
0
1
4027 222
1
4028 116
0
0
1
4029 21
1
4030 30
1
4031 95
0
0
0
1
4032 82
0
1
4033 147
1
4034 140
0
1
4035 173
1
4036 224
1
4037 192
0
1
4038 58
1
4039 68
1
4040 41
1
4041 71
1
4042 17
0
1
4043 171
0
1
4044 6
1
4045 135
1
4046 19
1
4047 54
0
0
1
4048 260
1
4049 95
0
1
4050 118
1
4051 65
0
1
4052 217
1
4053 146
1
4054 78
0
1
4055 88
0
0
1
4056 190
1
4057 70
1
4058 213
0
1
4059 239
0
1
4060 167
1
4061 40
1
4062 181
1
4063 95
1
4064 24
0
1
4065 174
1
4066 205
0
1
4067 266
0
1
4068 68
0
0
0
1
4069 62
0
1
4070 78
1
4071 75
0
1
4072 114
0
0
0
1
4073 56
1
4074 267
0
1
4075 16
0
0
0
0
0
1
4076 84
1
4077 204
1
4078 72
1
4079 91
0
0
1
4080 185
0
1
4081 210
0
1
4082 109
1
4083 190
1
4084 166
1
4085 169
0
1
4086 10
1
4087 169
1
4088 135
1
4089 111
0
0
0
1
4090 117
1
4091 225
0
1
4092 28
1
4093 167
0
0
1
4094 181
1
4095 91
0
1
4096 92
1
4097 20
0
0
0
0
1
4098 219
1
4099 200
0
0
1
4100 94
1
4101 257
1
4102 172
1
4103 214
1
4104 147
0
0
1
4105 211
0
0
1
4106 10
1
4107 249
1
4108 54
1
4109 72
0
0
0
1
4110 86
1
4111 210
1
4112 108
1
4113 161
1
4114 150
1
4115 182
0
1
4116 89
0
1
4117 228
0
1
4118 65
0
1
4119 138
1
4120 83
1
4121 190
1
4122 120
0
1
4123 206
0
0
0
1
4124 75
0
0
0
0
1
4125 199
1
4126 214
0
0
0
0
1
4127 69
0
1
4128 115
1
4129 56
0
1
4130 76
1
4131 81
0
1
4132 250
0
0
0
0
0
0
1
4133 125
1
4134 119
1
4135 124
1
4136 266
1
4137 18
1
4138 6
0
0
1
4139 111
0
0
0
1
4140 155
0
0
0
1
4141 183
0
1
4142 210
1
4143 149
1
4144 56
0
0
0
0
1
4145 132
0
0
0
1
4146 98
0
0
0
1
4147 76
1
4148 237
0
0
1
4149 115
1
4150 56
1
4151 204
0
1
4152 147
0
0
0
0
1
4153 258
0
0
1
4154 194
1
4155 89
0
0
1
4156 148
1
4157 163
1
4158 90
1
4159 268
0
0
1
4160 12
0
1
4161 227
0
0
0
0
0
1
4162 122
1
4163 256
1
4164 229
0
0
0
1
4165 215
1
4166 63
1
4167 234
0
1
4168 53
0
1
4169 219
1
4170 15
1
4171 193
1
4172 99
1
4173 248
0
0
1
4174 199
0
0
1
4175 64
1
4176 17
1
4177 77
0
0
0
0
0
0
1
4178 181
0
1
4179 139
1
4180 191
0
0
0
0
0
1
4181 65
0
0
0
1
4182 139
1
4183 4
0
1
4184 79
1
4185 42
0
0
0
0
1
4186 129
0
0
1
4187 51
0
0
1
4188 164
1
4189 215
1
4190 132
1
4191 205
0
0
0
1
4192 156
0
0
0
0
0
0
0
0
0
0
0
0
0
1
4193 41
1
4194 212
1
4195 204
0
1
4196 200
1
4197 119
1
4198 247
1
4199 191
1
4200 32
0
0
1
4201 204
1
4202 173
0
0
1
4203 241
0
1
4204 146
0
0
0
0
1
4205 152
0
1
4206 49
1
4207 69
1
4208 266
1
4209 162
1
4210 158
1
4211 75
1
4212 46
0
0
0
1
4213 15
0
1
4214 125
0
1
4215 118
0
1
4216 114
0
1
4217 143
0
1
4218 268
1
4219 247
0
0
0
1
4220 186
0
0
0
0
0
0
0
0
1
4221 155
0
0
0
1
4222 34
1
4223 104
1
4224 48
1
4225 53
0
1
4226 24
1
4227 101
0
1
4228 206
0
1
4229 51
0
0
0
0
0
0
1
4230 142
0
1
4231 176
0
0
0
0
0
0
0
1
4232 115
0
0
1
4233 160
0
0
1
4234 74
1
4235 60
1
4236 82
1
4237 109
0
0
0
0
0
1
4238 27
0
0
1
4239 268
1
4240 30
0
1
4241 200
0
1
4242 105
1
4243 206
0
0
0
1
4244 236
0
1
4245 216
1
4246 187
1
4247 53
0
1
4248 158
1
4249 182
0
1
4250 144
1
4251 142
1
4252 104
1
4253 261
1
4254 227
0
1
4255 140
1
4256 119
1
4257 71
0
1
4258 60
0
1
4259 32
1
4260 122
1
4261 80
0
1
4262 119
0
1
4263 41
1
4264 61
1
4265 111
1
4266 64
0
1
4267 90
0
1
4268 254
0
0
1
4269 162
0
0
0
1
4270 64
1
4271 74
0
0
1
4272 174
0
0
1
4273 161
0
0
0
0
0
0
0
0
1
4274 110
1
4275 129
0
1
4276 193
1
4277 22
1
4278 21
0
0
1
4279 159
0
0
0
0
1
4280 245
0
1
4281 183
1
4282 196
0
0
1
4283 68
1
4284 85
0
0
0
0
1
4285 214
0
1
4286 236
1
4287 116
0
0
1
4288 155
0
1
4289 94
0
0
1
4290 11
1
4291 82
1
4292 132
0
0
1
4293 57
0
1
4294 169
0
0
1
4295 7
1
4296 54
0
1
4297 25
1
4298 135
0
1
4299 139
0
0
0
1
4300 10
1
4301 102
0
0
0
0
1
4302 90
1
4303 113
1
4304 233
0
0
0
1
4305 263
1
4306 116
1
4307 186
0
1
4308 47
1
4309 233
1
4310 45
1
4311 184
1
4312 265
0
1
4313 241
0
0
0
1
4314 196
0
0
0
0
0
0
1
4315 172
0
0
1
4316 141
0
0
1
4317 2
0
1
4318 56
1
4319 99
1
4320 100
0
1
4321 34
0
1
4322 85
0
0
0
0
0
0
1
4323 30
0
0
0
1
4324 212
0
0
1
4325 207
1
4326 247
0
0
1
4327 99
0
0
0
0
1
4328 165
0
0
0
0
0
0
1
4329 8
1
4330 84
0
1
4331 160
0
0
0
0
0
1
4332 74
0
0
0
0
0
0
0
1
4333 166
0
1
4334 5
0
1
4335 205
0
0
0
0
0
0
1
4336 173
0
0
1
4337 20
0
0
0
0
0
0
0
0
1
4338 46
1
4339 132
0
0
0
1
4340 36
0
0
0
0
1
4341 158
0
0
0
0
1
4342 258
0
0
0
0
0
0
1
4343 6
1
4344 173
1
4345 212
0
1
4346 68
0
1
4347 87
0
0
1
4348 73
0
1
4349 260
0
0
0
0
0
0
0
0
0
0
0
1
4350 197
0
0
0
0
0
0
0
0
0
1
4351 193
0
0
0
1
4352 152
0
1
4353 250
1
4354 11
1
4355 203
0
1
4356 54
1
4357 61
1
4358 27
1
4359 189
0
0
0
1
4360 52
0
1
4361 132
0
0
0
1
4362 101
0
1
4363 238
1
4364 21
1
4365 152
1
4366 249
1
4367 90
1
4368 256
1
4369 214
0
0
1
4370 87
0
0
1
4371 258
0
0
0
0
0
0
0
0
0
0
0
0
0
0
1
4372 33
0
0
0
0
0
1
4373 132
0
0
1
4374 135
0
0
0
1
4375 189
1
4376 208
1
4377 101
1
4378 137
0
0
1
4379 4
0
0
0
0
1
4380 124
1
4381 23
1
4382 119
0
0
0
0
0
0
1
4383 75
0
1
4384 57
0
1
4385 213
0
0
0
0
0
1
4386 11
1
4387 158
0
1
4388 171
1
4389 23
0
0
1
4390 169
1
4391 246
0
1
4392 223
0
1
4393 6
1
4394 29
0
0
0
0
1
4395 113
1
4396 111
0
0
0
0
0
0
0
0
0
0
0
1
4397 173
1
4398 10
1
4399 156
0
1
4400 42
1
4401 77
0
0
0
1
4402 108
0
0
0
0
1
4403 244
0
1
4404 88
0
0
1
4405 93
0
1
4406 62
0
1
4407 246
0
1
4408 268
0
0
0
1
4409 79
0
0
0
0
1
4410 163
0
1
4411 146
0
1
4412 251
0
0
0
1
4413 93
0
0
1
4414 250
1
4415 16
0
0
0
0
0
0
0
0
0
0
0
0
0
0
0
1
4416 153
0
1
4417 253
0
0
1
4418 60
1
4419 82
1
4420 145
1
4421 255
0
1
4422 231
0
0
0
0
1
4423 197
0
1
4424 115
1
4425 173
1
4426 81
0
0
0
1
4427 212
0
1
4428 27
1
4429 155
0
1
4430 251
0
1
4431 263
0
0
1
4432 179
0
0
0
1
4433 224
1
4434 183
0
0
1
4435 170
0
0
0
0
0
0
0
1
4436 90
0
1
4437 113
1
4438 177
0
1
4439 186
1
4440 131
0
0
0
0
1
4441 73
0
0
0
0
0
0
0
0
0
0
0
0
0
0
0
0
1
4442 29
1
4443 100
0
1
4444 11
0
1
4445 148
1
4446 52
0
0
0
0
1
4447 175
0
0
0
0
0
1
4448 192
0
0
0
0
1
4449 163
0
0
1
4450 169
1
4451 63
0
0
0
0
0
1
4452 15
1
4453 143
0
0
0
0
0
1
4454 255
0
0
0
1
4455 137
1
4456 238
0
0
1
4457 178
0
1
4458 9
0
1
4459 184
1
4460 37
0
0
0
1
4461 32
0
0
0
0
1
4462 99
1
4463 37
0
0
0
1
4464 65
0
1
4465 213
0
1
4466 243
1
4467 99
1
4468 62
0
0
0
1
4469 16
0
1
4470 257
0
0
0
0
0
0
0
1
4471 20
1
4472 111
1
4473 209
0
0
0
0
0
1
4474 114
0
0
1
4475 54
0
0
0
1
4476 255
1
4477 136
0
0
0
0
0
0
0
0
1
4478 224
1
4479 150
0
0
0
0
0
0
1
4480 46
0
0
0
1
4481 3
0
0
1
4482 80
1
4483 149
1
4484 201
0
0
0
0
1
4485 118
1
4486 30
0
0
1
4487 119
0
0
0
0
1
4488 37
1
4489 74
0
0
0
0
0
0
0
0
0
0
1
4490 256
0
0
0
0
1
4491 111
1
4492 263
0
0
0
1
4493 251
0
0
1
4494 211
0
0
0
1
4495 221
1
4496 99
1
4497 265
0
0
0
0
0
1
4498 161
0
1
4499 38
0
1
4500 205
1
4501 34
0
0
0
1
4502 136
0
0
1
4503 204
0
0
1
4504 103
0
0
0
0
0
0
0
0
0
1
4505 108
1
4506 154
1
4507 196
0
1
4508 58
1
4509 148
0
0
0
0
0
0
0
1
4510 191
0
0
1
4511 16
0
0
0
0
0
0
0
0
0
0
1
4512 6
0
0
1
4513 168
0
1
4514 130
0
1
4515 5
0
0
0
1
4516 115
1
4517 43
0
1
4518 252
0
0
0
0
0
0
0
0
0
0
0
0
0
0
0
1
4519 28
0
0
1
4520 247
1
4521 82
0
0
0
0
0
0
0
0
0
1
4522 151
0
0
0
0
0
1
4523 138
0
1
4524 99
0
0
0
0
0
0
0
0
0
0
1
4525 243
0
0
0
0
0
0
0
0
0
1
4526 207
0
0
0
0
0
1
4527 111
0
0
0
1
4528 232
0
0
0
1
4529 108
0
1
4530 72
0
1
4531 106
0
0
0
0
0
0
0
0
0
0
0
1
4532 51
0
1
4533 21
0
0
0
0
0
0
0
0
1
4534 208
0
0
0
0
1
4535 138
0
0
0
0
0
1
4536 54
0
0
0
0
0
0
0
1
4537 7
0
0
0
1
4538 28
1
4539 83
1
4540 104
0
1
4541 192
0
0
0
0
0
1
4542 170
0
0
0
0
1
4543 140
0
0
1
4544 52
0
0
0
0
0
0
0
0
0
0
0
0
0
1
4545 264
1
4546 78
1
4547 220
0
0
0
0
0
0
1
4548 215
0
1
4549 7
0
1
4550 12
1
4551 187
0
0
0
0
0
0
1
4552 129
0
0
1
4553 112
1
4554 177
1
4555 59
0
0
0
0
0
0
0
0
1
4556 22
0
1
4557 4
0
1
4558 234
0
0
0
1
4559 156
0
0
0
0
0
0
0
0
1
4560 235
0
0
1
4561 249
0
0
0
0
0
0
0
0
0
0
0
0
0
0
0
1
4562 134
0
0
0
0
0
0
0
0
0
0
0
1
4563 259
1
4564 104
1
4565 21
1
4566 14
1
4567 170
0
0
0
0
0
1
4568 61
1
4569 255
0
1
4570 163
0
0
0
1
4571 187
0
1
4572 188
0
0
0
0
1
4573 259
0
0
0
0
1
4574 191
0
1
4575 140
0
1
4576 111
0
0
0
0
0
0
0
0
1
4577 252
0
0
0
1
4578 83
1
4579 154
1
4580 177
0
0
0
1
4581 151
0
1
4582 139
1
4583 140
0
1
4584 116
0
0
0
0
0
1
4585 262
1
4586 148
0
0
0
0
0
0
0
0
0
0
0
0
0
0
1
4587 180
0
0
0
1
4588 15
0
0
0
0
1
4589 109
0
1
4590 188
1
4591 124
0
0
0
0
0
0
0
0
0
0
1
4592 164
1
4593 189
0
0
0
0
0
0
0
1
4594 235
0
1
4595 44
0
0
0
0
0
0
0
0
0
0
0
0
1
4596 16
0
0
0
0
1
4597 50
1
4598 91
0
0
0
0
0
0
0
0
1
4599 20
0
0
0
1
4600 53
0
0
1
4601 61
0
0
0
1
4602 43
0
0
1
4603 175
0
1
4604 191
0
0
0
0
1
4605 18
1
4606 48
0
0
0
1
4607 191
1
4608 200
0
0
0
0
0
0
0
0
0
0
0
0
0
0
0
0
0
1
4609 23
0
0
0
0
1
4610 120
0
0
0
0
1
4611 210
1
4612 3
1
4613 266
1
4614 158
0
0
0
0
0
1
4615 115
1
4616 168
0
0
0
0
0
0
0
1
4617 151
0
0
0
0
0
0
1
4618 144
0
0
0
0
0
1
4619 130
0
0
0
1
4620 186
0
0
0
0
0
0
0
0
0
0
0
0
0
0
0
0
0
0
1
4621 212
0
0
1
4622 180
0
0
0
0
1
4623 258
0
0
0
0
0
0
0
0
0
0
0
0
0
1
4624 3
0
0
0
1
4625 44
0
0
0
0
0
0
0
0
0
0
0
1
4626 63
0
0
0
1
4627 75
0
0
0
0
0
0
0
0
0
0
0
0
0
0
1
4628 88
0
1
4629 152
0
0
0
1
4630 67
0
0
0
0
0
1
4631 221
0
0
0
0
0
1
4632 55
0
0
0
0
0
1
4633 198
0
0
0
0
0
0
0
0
1
4634 169
0
1
4635 164
0
0
0
0
0
0
1
4636 102
0
0
1
4637 181
0
1
4638 236
1
4639 117
0
0
0
0
0
0
0
0
0
0
0
0
0
0
0
0
0
0
1
4640 127
0
0
0
0
0
0
0
0
0
0
0
0
0
0
0
0
0
0
0
0
0
0
0
0
0
0
0
0
0
1
4641 9
0
0
0
0
0
0
1
4642 179
1
4643 65
0
0
0
0
0
0
0
0
0
1
4644 10
0
0
0
1
4645 88
0
1
4646 15
0
0
0
0
1
4647 204
1
4648 114
0
0
0
0
1
4649 147
1
4650 170
0
0
0
0
0
0
0
0
0
0
0
0
0
0
0
0
0
0
0
0
0
0
0
0
1
4651 97
0
0
0
0
1
4652 208
0
0
0
0
0
0
1
4653 9
0
1
4654 267
0
0
0
0
0
0
0
0
0
0
0
0
0
0
0
0
0
0
0
0
0
0
0
1
4655 164
0
0
0
0
0
0
0
1
4656 72
0
1
4657 43
0
1
4658 119
0
0
0
0
0
0
0
0
0
1
4659 83
0
0
0
0
0
0
0
0
0
1
4660 49
0
0
0
0
0
0
0
0
0
0
0
0
0
1
4661 180
0
0
0
0
0
0
0
0
0
0
0
1
4662 251
1
4663 71
0
0
1
4664 10
1
4665 199
0
0
0
0
0
0
0
0
0
0
0
0
0
0
0
0
0
0
0
0
0
0
0
0
0
0
0
0
0
0
0
0
0
0
0
0
0
0
0
0
0
0
0
0
0
0
0
0
0
0
0
0
0
0
0
0
0
0
0
0
0
1
4666 149
0
0
0
0
0
0
0
0
0
0
0
0
0
0
0
0
0
1
4667 19
0
0
0
0
0
1
4668 154
0
0
0
0
0
0
0
0
0
0
0
0
0
0
0
0
0
1
4669 199
0
0
1
4670 206
0
0
0
0
0
1
4671 49
0
0
0
0
0
0
1
4672 260
0
0
0
0
0
0
0
0
0
0
1
4673 132
0
0
0
0
0
0
0
0
0
0
0
0
0
0
0
0
0
0
0
0
0
0
0
0
0
0
0
0
0
0
0
0
0
0
0
0
0
0
0
0
0
0
0
0
0
0
0
0
0
0
0
0
0
0
0
0
1
4674 35
0
0
0
0
0
0
0
0
0
0
0
0
0
0
0
0
0
0
0
0
0
0
0
0
0
0
0
0
0
0
0
0
0
0
0
1
4675 96
0
0
0
0
0
0
0
0
0
0
0
0
0
0
0
0
0
0
0
0
0
0
0
0
0
0
0
0
0
0
0
0
0
0
0
0
0
0
0
0
0
0
0
0
0
0
0
0
0
0
0
0
0
0
0
0
0
0
0
0
0
0
0
0
0
0
0
0
0
0
0
0
0
0
0
0
0
0
0
0
0
0
0
0
0
0
0
0
0
0
0
0
0
0
0
0
0
0
0
0
0
0
0
0
0
0
0
0
0
0
0
0
0
0
0
0
0
0
0
0
1
4676 37
0
0
0
0
0
0
0
0
0
0
0
0
0
0
0
0
0
0
0
0
0
0
0
0
0
0
0
0
0
0
0
0
0
0
0
0
0
0
0
0
0
0
0
0
0
0
0
0
0
0
0
0
0
0
0
0
0
0
0
0
0
0
0
0
0
0
0
0
0
0
0
0
0
0
0
0
0
0
0
0
0
0
0
0
0
0
0
0
0
0
0
0
0
0
0
0
0
0
0
0
0
0
0
0
0
0
0
0
0
0
0
0
0
0
0
0
0
0
0
0
0
0
0
0
0
0
0
0
0
0
0
0
0
0
0
0
0
0
0
0
0
0
0
0
0
0
0
0
0
0
0
0
0
0
0
0
0
0
0
0
0
0
0
0
0
0
0
0
0
0
0
0
0
0
0
0
0
0
0
0
0
0
0
0
0
0
0
0
0
0
0
0
0
0
0
0
0
0
0
0
0
0
0
0
0
0
0
0
0
0
0
0
0
0
0
0
0
0
0
0
0
0
0
0
0
0
0
0
0
0
0
0
0
0
0
0
0
0
0
0
0
0
0
0
0
0
0
0
0
0
0
0
0
0
0
0
0
0
0
0
0
0
0
0
0
0
0
0
0
0
0
0
0
0
0
0
0
0
0
0
0
0
0
0
0
0
0
0
0
0
0
0
0
0
0
0
0
0
0
0
0
0
0
0
0
0
0
0
0
0
0
0
0
0
0
0
0
0
0
0
0
0
0
0
0
0
0
0
0
0
0
0
0
0
0
0
0
0
0
0
0
0
0
0
0
0
0
0
0
0
0
0
0
0
0
0
0
0
0
0
0
0
0
0
0
0
0
0
0
0
0
0
0
0
0
0
0
0
0
0
0
0
0
0
0
0
0
0
0
0
0
0
0
0
0
0
0
0
0
0
0
0
0
0
0
0
0
0
0
0
0
0
0
0
0
0
0
0
0
0
0
0
0
0
0
0
0
0
0
0
0
0
0
0
0
0
0
0
0
0
0
0
0
0
0
0
0
0
0
0
0
0
0
0
0
0
0
0
0
0
0
0
0
0
0
0
0
0
0
0
0
0
0
0
0
0
0
0
0
0
0
0
0
0
0
0
0
0
0
0
0
0
0
0
0
0
0
0
0
0
0
0
0
0
0
0
0
0
0
0
0
0
0
0
0
0
0
0
0
0
0
0
0
0
0
0
0
0
0
0
0
0
0
0
0
0
0
0
0
0
0
0
0
0
0
0
0
0
0
0
0
0
0
0
0
0
0
0
0
0
0
0
0
0
0
0
0
0
0
0
0
0
0
0
0
0
0
0
0
0
0
0
0
0
0
0
0
0
0
0
0
0
0
0
0
0
