242 400
33 153 4
207 11 3
183 168 3
177 118 5
164 20 5
55 71 5
160 240 2
114 174 4
161 210 1
169 24 3
138 53 5
137 202 4
125 150 4
127 157 3
142 197 4
34 180 4
35 129 3
16 91 5
206 36 4
194 71 3
199 141 2
97 221 3
144 57 3
218 74 3
64 79 4
209 172 3
205 226 3
196 28 3
49 120 5
233 137 3
94 197 4
190 27 3
100 99 4
113 193 2
66 142 3
99 6 3
192 169 2
109 108 3
83 10 4
195 232 1
90 179 3
22 185 3
62 100 3
180 170 3
101 82 3
72 46 3
120 67 3
149 240 2
179 147 4
85 58 4
44 136 4
38 82 5
74 213 4
139 24 3
66 116 1
17 153 3
57 175 3
178 161 6
60 118 3
73 148 5
45 14 2
183 77 4
165 183 4
114 194 3
130 114 2
140 11 3
173 105 4
96 240 2
195 131 4
20 32 3
26 148 5
133 204 4
61 214 2
15 8 5
241 6 4
188 19 5
54 131 2
20 112 3
218 238 3
164 222 3
215 1 2
56 152 3
42 60 3
59 88 2
221 63 4
139 7 2
242 209 3
143 208 3
67 145 2
242 121 4
217 69 4
211 62 3
73 111 3
98 210 4
197 88 2
193 219 2
171 49 3
43 71 3
28 31 5
223 39 4
108 189 2
174 22 2
80 7 3
78 222 5
180 200 2
140 225 1
30 131 4
198 52 3
77 236 2
224 124 4
122 216 3
220 76 2
200 12 4
146 166 3
107 175 3
37 2 5
216 47 3
17 126 2
39 191 3
177 28 4
72 84 3
5 228 4
88 87 3
226 166 4
211 228 2
69 31 3
24 192 5
10 217 3
80 3 2
117 18 4
110 102 3
159 202 4
230 199 3
46 45 4
221 215 2
231 130 3
14 48 4
199 108 4
92 160 2
7 3 2
184 13 3
89 237 3
126 153 5
172 242 3
103 43 3
75 198 5
237 234 4
212 116 3
208 79 3
182 192 2
176 201 2
197 59 3
25 7 2
178 61 3
133 73 3
113 82 4
29 40 3
130 78 3
123 167 3
24 80 5
84 158 4
57 37 3
144 150 3
207 157 3
6 228 4
151 30 5
98 146 4
33 41 2
241 51 5
135 19 1
42 234 2
65 127 3
155 29 3
210 6 5
42 118 4
72 171 2
50 196 3
1 63 4
111 83 3
237 50 3
235 103 4
9 166 4
186 98 4
191 128 3
67 224 5
125 187 3
92 147 3
34 170 2
182 236 4
129 1 3
216 107 4
7 34 3
160 227 3
44 49 3
4 128 5
13 164 3
134 68 4
184 68 4
26 140 5
69 162 3
163 223 3
190 43 3
21 229 3
60 78 4
9 219 3
139 3 2
104 102 4
85 129 2
187 144 3
75 112 4
62 219 5
172 240 5
159 15 3
213 93 4
94 109 3
32 175 4
152 19 1
59 87 2
96 227 2
113 38 3
25 206 3
2 13 3
115 217 3
53 201 3
224 201 3
105 54 3
48 204 5
142 230 4
160 149 3
101 23 3
71 198 4
77 239 5
233 127 4
154 18 2
199 109 4
18 181 4
154 117 3
37 32 4
30 232 4
91 122 3
153 105 3
58 165 2
48 152 3
75 20 2
220 235 4
135 56 4
86 176 5
111 117 3
186 161 4
35 104 5
191 163 6
232 54 3
55 103 4
76 188 3
190 174 2
141 189 3
181 115 4
162 31 4
90 143 3
129 58 2
169 236 5
220 40 4
145 233 5
205 136 3
102 215 4
165 85 1
185 162 2
123 136 4
66 93 3
132 70 2
146 119 2
195 173 2
150 187 3
229 16 2
97 151 3
100 193 3
36 214 4
132 66 4
81 231 4
186 36 2
238 30 3
211 99 3
40 155 4
16 97 5
2 68 4
179 203 3
144 107 2
97 74 5
23 226 4
139 80 1
39 157 3
54 238 4
41 87 2
207 65 3
235 43 5
110 21 2
95 58 5
145 65 4
8 176 4
207 225 4
142 116 4
23 138 3
204 225 4
119 210 4
156 56 3
222 184 3
104 1 3
179 123 3
38 8 5
152 135 2
223 137 3
230 94 3
93 168 6
17 41 2
167 92 5
202 163 4
121 205 3
64 55 3
85 63 5
61 180 4
90 29 4
102 21 2
26 11 3
110 229 3
185 115 3
52 64 3
151 47 3
10 154 3
201 86 3
46 120 5
155 106 3
86 124 2
12 5 4
125 122 5
29 203 4
27 114 2
73 117 4
50 177 4
84 46 2
159 124 4
59 33 2
185 81 3
14 156 3
27 174 1
218 212 2
89 134 3
86 15 3
44 138 3
194 198 2
203 158 4
42 89 3
56 76 4
79 106 4
52 112 3
53 176 4
148 133 3
154 83 4
227 147 2
234 196 5
113 101 3
25 3 3
239 132 2
189 206 4
33 109 3
46 171 2
106 143 3
5 241 4
121 209 2
91 47 3
70 239 3
188 181 4
9 119 3
96 149 2
182 70 5
141 108 1
127 223 3
17 87 3
126 238 4
35 95 4
212 213 5
132 116 2
39 4 4
208 173 3
22 81 2
88 218 5
78 118 3
40 158 3
45 156 4
214 170 4
155 90 3
92 227 3
178 200 2
12 51 4
48 156 3
190 22 3
60 134 3
162 231 3
79 103 3
61 200 3
126 87 2
10000
0
0
0
0
0
0
0
0
0
0
0
0
0
0
0
0
0
0
0
0
0
0
0
0
0
0
0
0
0
0
0
0
0
0
0
0
0
0
0
0
0
0
0
0
0
0
0
0
0
0
1
1 4
0
0
0
0
0
0
0
0
0
0
0
0
0
0
0
0
0
0
0
0
0
0
0
0
0
0
0
0
0
0
0
0
0
0
0
0
0
0
0
0
0
0
0
0
0
0
0
0
0
0
0
0
0
0
0
0
0
0
0
0
0
0
0
0
0
0
0
0
0
0
0
0
0
1
2 155
0
0
0
0
0
0
0
0
0
0
0
0
0
0
0
0
0
0
0
0
0
0
0
0
0
0
0
0
0
0
0
0
0
0
0
0
0
0
0
0
0
0
0
0
0
0
0
0
0
0
0
0
0
1
3 121
0
0
0
0
0
0
0
0
0
0
0
0
0
0
0
0
0
0
0
0
0
0
0
0
0
0
0
1
4 220
0
0
0
0
0
0
0
0
0
0
0
0
0
0
0
0
0
0
0
0
0
0
0
0
0
0
0
0
0
0
0
0
0
0
0
0
1
5 61
0
0
0
1
6 222
0
0
0
0
0
0
0
0
0
0
0
0
0
0
0
0
0
0
0
0
1
7 30
0
0
0
0
0
0
0
0
0
1
8 105
0
0
0
0
0
0
0
0
0
0
0
1
9 126
0
0
0
0
0
0
0
1
10 232
0
0
0
0
0
0
0
0
0
0
0
0
0
0
0
0
0
0
0
0
0
0
0
0
0
1
11 72
0
0
0
0
0
0
0
0
0
0
0
0
0
0
0
0
0
0
1
12 225
0
0
1
13 102
0
1
14 80
0
0
0
0
0
1
15 37
0
0
0
0
1
16 62
0
0
0
0
0
0
0
0
0
0
0
0
0
0
0
0
0
0
0
0
0
0
0
0
0
1
17 27
0
0
1
18 177
0
0
0
0
0
0
0
1
19 62
1
20 7
0
0
1
21 94
0
0
0
0
0
0
0
0
0
0
0
0
0
0
0
0
0
0
0
0
0
0
0
0
0
0
0
0
0
0
0
0
0
0
0
0
0
0
0
0
0
1
22 148
0
0
0
1
23 40
0
0
0
0
0
0
0
0
0
0
0
0
0
0
0
0
0
0
0
0
0
0
0
0
0
0
0
0
0
0
0
0
0
0
0
0
0
0
0
0
0
0
0
0
0
0
1
24 89
0
0
0
1
25 97
0
0
0
0
0
0
1
26 115
0
1
27 70
0
1
28 165
0
0
0
0
0
0
0
0
0
0
0
0
0
0
0
0
0
0
0
0
0
0
0
0
0
0
0
0
0
0
1
29 138
1
30 168
0
0
0
0
0
0
0
0
0
0
0
0
0
0
0
0
0
0
0
1
31 78
0
0
0
0
0
0
0
0
0
0
0
0
0
0
0
0
0
0
0
0
0
0
0
0
0
0
0
0
0
0
0
0
0
0
0
0
1
32 152
1
33 209
0
1
34 153
0
0
0
0
0
0
0
0
0
0
0
1
35 239
0
0
0
0
0
0
0
0
1
36 88
0
0
0
0
0
1
37 152
0
0
0
0
1
38 17
0
1
39 215
1
40 158
0
0
1
41 38
0
0
0
0
0
0
1
42 134
0
0
0
0
0
0
0
0
0
0
0
0
1
43 106
0
0
1
44 166
0
0
0
0
0
0
0
0
0
0
0
0
0
0
0
0
0
0
0
0
1
45 82
1
46 28
0
0
0
0
0
0
0
0
0
0
0
0
0
0
0
0
0
0
0
1
47 224
0
0
0
0
1
48 47
1
49 112
0
0
0
0
0
0
0
0
0
0
0
1
50 179
0
0
1
51 229
0
0
0
1
52 117
1
53 77
0
0
0
1
54 50
0
0
0
0
0
1
55 67
0
0
0
0
0
0
0
0
0
0
0
0
1
56 108
0
0
0
0
0
0
0
0
0
0
0
1
57 44
0
0
0
0
0
0
0
1
58 4
0
0
0
0
0
1
59 176
0
0
0
0
0
0
0
0
0
0
0
0
1
60 216
0
0
0
0
0
0
0
1
61 59
1
62 114
0
0
0
0
0
0
0
0
0
0
0
0
0
0
0
0
0
0
1
63 167
0
0
0
0
0
0
0
0
0
0
0
0
1
64 83
0
0
0
0
0
0
0
0
0
0
0
0
0
0
0
0
0
0
0
0
0
1
65 39
0
0
0
1
66 168
1
67 59
1
68 225
1
69 131
0
1
70 218
0
0
0
0
1
71 212
0
0
0
0
0
0
1
72 31
0
0
0
0
0
0
1
73 82
0
0
0
0
0
0
1
74 55
1
75 96
0
0
0
0
0
0
1
76 110
0
0
0
0
0
0
1
77 52
1
78 73
0
0
0
0
0
1
79 165
0
0
1
80 181
0
0
1
81 193
0
0
0
0
0
0
0
0
0
0
1
82 73
0
0
0
1
83 141
0
0
0
0
1
84 225
0
0
1
85 222
0
0
0
0
0
0
0
0
0
0
0
1
86 64
0
1
87 49
0
0
0
0
0
1
88 135
1
89 198
0
0
0
0
0
0
0
0
0
0
0
0
0
1
90 31
0
0
1
91 186
0
0
0
0
0
0
0
1
92 234
0
0
1
93 58
1
94 34
0
0
1
95 232
0
0
0
0
0
0
0
0
0
0
0
0
0
0
0
0
0
0
0
0
0
1
96 193
0
1
97 155
0
0
1
98 101
0
0
0
0
0
1
99 224
0
1
100 61
0
1
101 148
0
0
0
0
0
1
102 186
0
1
103 17
0
0
0
0
0
0
1
104 20
1
105 68
1
106 143
0
1
107 143
0
0
1
108 229
0
0
1
109 50
0
0
0
1
110 119
0
0
0
0
1
111 98
1
112 195
0
0
0
0
0
0
0
0
0
0
0
0
0
0
0
0
0
0
0
0
0
1
113 67
0
0
0
0
0
0
0
0
0
0
1
114 18
0
0
0
0
0
1
115 110
0
1
116 220
1
117 36
0
0
0
0
0
0
0
1
118 99
0
0
0
0
0
0
0
1
119 61
0
0
0
0
0
0
1
120 33
0
0
1
121 47
0
1
122 160
0
0
0
1
123 21
0
0
0
0
1
124 34
0
0
1
125 170
0
1
126 63
0
1
127 76
0
0
0
0
0
0
1
128 227
0
0
0
1
129 13
0
0
1
130 179
0
0
0
0
1
131 153
1
132 139
1
133 214
1
134 199
0
0
0
0
1
135 241
0
0
0
1
136 90
0
0
0
1
137 27
0
0
0
1
138 10
0
0
0
1
139 171
0
0
0
0
0
0
0
0
0
1
140 67
1
141 29
1
142 152
0
1
143 16
0
1
144 183
0
0
0
0
1
145 160
1
146 228
0
0
1
147 63
1
148 237
0
0
1
149 88
0
0
0
1
150 49
0
0
1
151 24
0
1
152 218
0
0
0
0
1
153 202
1
154 29
1
155 95
1
156 45
0
0
0
1
157 110
0
0
0
0
0
1
158 142
0
0
0
0
1
159 152
0
0
0
0
1
160 182
0
0
1
161 163
0
0
1
162 193
0
1
163 44
0
0
1
164 21
0
1
165 233
1
166 123
1
167 87
1
168 137
0
1
169 181
0
1
170 151
0
1
171 216
0
0
0
0
0
0
0
0
0
0
0
0
0
0
0
0
0
0
1
172 199
0
0
0
0
1
173 227
0
0
1
174 167
0
0
0
1
175 123
1
176 145
0
0
0
0
0
1
177 124
0
0
1
178 126
0
0
0
1
179 171
0
1
180 183
1
181 147
0
0
1
182 88
0
1
183 8
0
1
184 115
0
0
0
0
1
185 165
0
0
0
0
0
0
0
1
186 36
1
187 208
0
0
1
188 178
0
0
1
189 157
1
190 75
1
191 99
1
192 86
0
0
1
193 74
1
194 159
1
195 205
0
1
196 48
1
197 144
0
0
0
1
198 134
0
1
199 127
0
0
0
0
0
0
0
0
0
1
200 26
0
0
0
0
0
1
201 67
1
202 66
0
0
0
1
203 74
0
0
1
204 167
1
205 106
0
0
0
0
0
0
0
0
0
1
206 73
1
207 60
1
208 196
0
1
209 229
0
0
0
0
0
0
0
0
1
210 166
0
0
0
1
211 65
0
0
0
0
1
212 112
1
213 152
0
0
0
0
0
0
0
0
0
0
1
214 207
1
215 82
0
1
216 99
1
217 174
1
218 136
0
0
0
1
219 237
0
1
220 206
1
221 34
1
222 72
1
223 210
0
1
224 105
0
0
0
0
0
0
0
1
225 159
1
226 227
1
227 96
1
228 44
0
0
1
229 177
0
1
230 234
0
0
1
231 36
0
0
1
232 216
0
0
1
233 85
0
1
234 9
1
235 89
1
236 210
0
0
0
0
1
237 138
0
1
238 226
0
0
1
239 135
1
240 128
0
0
1
241 51
1
242 57
1
243 174
1
244 161
0
0
0
0
0
0
0
0
0
1
245 147
0
0
0
1
246 3
0
0
0
1
247 40
0
0
0
0
0
0
0
0
0
1
248 149
0
0
0
1
249 147
1
250 130
0
0
0
1
251 209
1
252 220
0
0
0
0
0
0
1
253 53
1
254 113
1
255 113
1
256 18
0
0
0
0
0
1
257 133
1
258 190
1
259 227
0
0
0
1
260 197
0
1
261 25
0
0
1
262 227
0
0
0
0
0
0
0
1
263 78
1
264 197
0
0
0
0
1
265 200
0
1
266 173
0
0
1
267 137
1
268 29
1
269 111
1
270 154
0
0
0
1
271 238
1
272 197
0
0
0
0
0
0
1
273 24
0
0
0
0
0
0
0
1
274 26
0
0
0
1
275 69
0
1
276 37
1
277 125
1
278 79
1
279 167
0
0
1
280 27
1
281 2
0
1
282 166
0
1
283 226
0
0
0
0
1
284 200
0
0
1
285 201
0
1
286 33
0
1
287 88
1
288 88
0
0
1
289 218
0
0
1
290 189
1
291 26
0
0
1
292 32
0
0
1
293 219
1
294 126
0
0
0
0
0
1
295 36
0
0
1
296 213
0
0
0
0
0
0
1
297 37
0
0
0
1
298 80
0
1
299 126
0
1
300 215
0
0
1
301 111
1
302 207
0
1
303 94
0
0
0
1
304 25
1
305 136
0
0
1
306 234
0
0
0
0
0
0
0
1
307 74
0
0
1
308 165
1
309 71
0
1
310 38
1
311 34
0
0
0
0
0
0
0
0
0
1
312 229
0
1
313 176
0
0
0
0
1
314 45
0
0
1
315 10
0
1
316 81
0
0
0
0
0
1
317 227
0
0
1
318 90
0
1
319 197
0
1
320 220
1
321 96
1
322 220
0
0
1
323 227
1
324 141
1
325 51
0
0
1
326 82
0
1
327 220
0
0
1
328 87
1
329 170
0
0
1
330 156
0
1
331 85
0
0
1
332 143
1
333 205
0
0
1
334 94
0
0
0
0
0
0
0
1
335 98
0
0
1
336 88
0
0
1
337 70
0
0
1
338 196
1
339 77
0
0
0
0
0
1
340 10
1
341 166
1
342 196
0
0
0
0
0
0
0
0
0
0
1
343 112
0
1
344 92
1
345 239
1
346 163
0
1
347 191
0
1
348 168
0
1
349 94
0
1
350 229
1
351 139
1
352 94
0
0
0
0
0
1
353 107
0
1
354 218
1
355 23
1
356 219
0
0
0
0
1
357 198
0
1
358 29
1
359 127
1
360 135
0
0
1
361 38
0
1
362 11
0
1
363 133
1
364 96
0
0
0
1
365 13
0
1
366 179
1
367 140
1
368 43
0
1
369 146
0
1
370 81
1
371 18
1
372 31
0
1
373 155
0
1
374 149
0
1
375 106
1
376 64
0
0
0
0
0
0
0
0
1
377 240
0
0
1
378 77
1
379 125
1
380 50
0
0
1
381 202
1
382 240
1
383 74
1
384 137
0
0
1
385 102
0
0
1
386 126
1
387 240
1
388 186
1
389 154
1
390 223
0
1
391 38
1
392 209
0
0
0
1
393 24
0
1
394 163
0
1
395 141
1
396 92
0
0
1
397 217
0
0
0
1
398 208
0
1
399 241
0
1
400 36
1
401 170
0
1
402 155
0
1
403 241
0
1
404 88
0
0
1
405 171
0
1
406 106
0
0
1
407 30
0
1
408 11
1
409 43
1
410 31
1
411 147
1
412 58
0
0
1
413 154
0
1
414 220
0
1
415 153
0
0
1
416 144
0
0
0
1
417 67
1
418 126
0
0
1
419 129
1
420 226
1
421 199
0
0
1
422 106
1
423 86
1
424 191
1
425 30
1
426 186
0
0
0
1
427 236
1
428 179
0
0
1
429 188
1
430 49
0
1
431 142
1
432 235
0
0
0
0
0
1
433 90
1
434 177
0
0
0
1
435 121
0
0
0
0
1
436 228
1
437 69
1
438 108
0
0
0
0
1
439 71
0
0
1
440 10
0
0
0
0
0
1
441 192
1
442 179
1
443 238
0
0
0
0
1
444 160
1
445 158
1
446 187
1
447 80
0
0
0
0
0
1
448 88
1
449 49
1
450 106
1
451 223
0
1
452 92
1
453 143
0
1
454 100
1
455 183
0
1
456 97
1
457 228
0
0
1
458 56
1
459 119
1
460 231
1
461 135
0
1
462 169
0
0
0
0
1
463 50
1
464 121
1
465 218
0
0
0
1
466 177
0
0
1
467 143
0
0
0
1
468 117
1
469 71
1
470 236
1
471 44
0
1
472 92
0
0
1
473 79
1
474 59
0
0
0
1
475 139
0
0
0
1
476 101
0
1
477 100
1
478 46
1
479 75
0
1
480 147
1
481 98
0
0
0
1
482 94
0
0
0
0
0
1
483 213
1
484 16
1
485 227
0
0
0
0
1
486 94
1
487 175
0
1
488 125
1
489 154
1
490 132
0
1
491 175
1
492 157
0
1
493 166
0
0
1
494 89
0
1
495 105
0
0
0
0
0
1
496 219
1
497 45
1
498 198
0
1
499 181
1
500 197
0
0
0
1
501 177
1
502 126
0
0
0
1
503 213
1
504 22
1
505 220
0
1
506 227
1
507 145
0
0
0
0
1
508 39
0
0
1
509 132
0
1
510 167
0
1
511 27
1
512 218
1
513 126
1
514 232
0
0
1
515 28
0
0
0
0
0
1
516 145
0
0
0
0
1
517 207
1
518 233
0
0
0
1
519 38
1
520 233
0
0
1
521 70
1
522 207
0
1
523 51
1
524 122
0
0
1
525 208
1
526 171
0
0
0
0
0
1
527 31
0
1
528 84
0
1
529 172
0
0
1
530 179
0
1
531 29
1
532 152
0
1
533 68
0
1
534 132
1
535 221
1
536 214
0
0
0
0
1
537 88
1
538 215
0
0
1
539 232
1
540 69
1
541 210
0
0
0
1
542 99
0
1
543 90
0
1
544 3
1
545 156
1
546 60
0
0
0
0
0
1
547 185
1
548 18
1
549 198
1
550 231
1
551 114
1
552 16
1
553 28
1
554 135
1
555 95
1
556 18
1
557 162
1
558 152
0
1
559 189
1
560 88
0
0
1
561 79
0
1
562 147
1
563 69
1
564 130
1
565 126
1
566 210
0
1
567 87
1
568 48
1
569 84
1
570 134
1
571 108
0
1
572 205
0
0
0
1
573 173
0
0
0
0
1
574 145
0
1
575 163
0
1
576 205
0
0
1
577 14
1
578 90
1
579 170
1
580 96
0
1
581 173
1
582 14
0
1
583 217
1
584 133
0
0
0
1
585 126
1
586 49
1
587 130
0
1
588 105
1
589 165
1
590 170
0
1
591 90
0
0
0
0
1
592 218
1
593 22
0
0
1
594 78
1
595 203
0
1
596 242
0
0
0
1
597 184
1
598 241
1
599 26
1
600 228
1
601 28
0
1
602 84
0
0
1
603 97
1
604 115
1
605 187
0
0
1
606 19
1
607 41
0
1
608 138
1
609 108
1
610 129
1
611 50
1
612 158
0
1
613 116
0
0
1
614 180
0
1
615 51
0
1
616 198
0
0
1
617 90
1
618 227
1
619 121
0
1
620 74
0
1
621 126
1
622 209
0
0
0
0
1
623 173
0
0
0
0
0
1
624 232
1
625 104
0
0
0
0
1
626 101
1
627 242
0
1
628 116
0
0
1
629 143
1
630 30
1
631 62
1
632 16
1
633 145
1
634 176
0
1
635 93
0
1
636 44
0
1
637 58
1
638 178
0
1
639 105
1
640 33
1
641 117
1
642 82
1
643 4
0
1
644 144
1
645 197
1
646 57
1
647 51
1
648 41
1
649 69
0
0
1
650 63
0
0
1
651 92
1
652 153
0
1
653 168
1
654 130
0
1
655 147
0
1
656 218
0
0
1
657 39
0
1
658 114
1
659 115
0
0
0
0
0
1
660 29
0
0
1
661 71
0
0
0
0
0
0
1
662 116
1
663 137
0
0
1
664 95
1
665 41
0
0
1
666 159
0
1
667 48
1
668 238
0
0
0
1
669 87
1
670 101
1
671 231
1
672 221
0
1
673 208
0
1
674 130
0
0
0
0
1
675 92
0
1
676 164
0
0
1
677 191
0
1
678 111
0
0
0
0
1
679 75
1
680 24
1
681 116
0
1
682 17
1
683 218
1
684 118
0
0
1
685 161
1
686 233
1
687 97
0
0
1
688 107
1
689 60
0
1
690 94
0
0
1
691 184
1
692 188
0
0
0
1
693 138
0
1
694 137
1
695 70
0
1
696 217
0
0
1
697 124
0
1
698 154
0
0
0
1
699 158
1
700 75
1
701 156
1
702 238
0
0
1
703 41
1
704 145
0
1
705 214
0
0
0
1
706 52
1
707 41
0
0
1
708 152
0
0
1
709 168
1
710 197
0
1
711 157
1
712 129
1
713 197
1
714 224
0
1
715 83
0
1
716 130
0
1
717 185
1
718 33
1
719 185
0
0
0
1
720 74
1
721 144
0
0
0
1
722 92
0
0
0
1
723 236
0
0
1
724 22
0
1
725 33
0
1
726 23
0
1
727 165
0
1
728 239
1
729 55
1
730 72
1
731 159
1
732 63
0
1
733 77
0
1
734 190
1
735 87
0
1
736 196
1
737 116
0
1
738 187
0
1
739 168
1
740 78
1
741 140
1
742 239
0
0
1
743 81
1
744 158
1
745 153
1
746 241
0
0
1
747 45
1
748 163
1
749 223
0
1
750 200
0
1
751 87
1
752 75
0
1
753 143
1
754 187
1
755 28
1
756 85
1
757 92
1
758 215
1
759 17
1
760 60
1
761 198
1
762 200
1
763 147
1
764 18
1
765 88
1
766 126
1
767 230
0
1
768 2
1
769 105
1
770 175
0
0
0
1
771 92
1
772 240
0
0
0
1
773 143
0
1
774 173
1
775 240
1
776 81
0
1
777 154
0
1
778 232
1
779 106
1
780 120
1
781 29
1
782 102
1
783 179
0
1
784 60
1
785 140
1
786 7
1
787 135
1
788 65
1
789 147
0
1
790 143
1
791 87
1
792 70
1
793 227
0
0
0
0
1
794 208
1
795 12
0
0
0
1
796 154
0
0
1
797 127
0
1
798 40
1
799 221
1
800 236
1
801 147
1
802 218
0
0
0
1
803 109
1
804 136
1
805 19
1
806 77
1
807 70
1
808 197
1
809 91
0
0
1
810 156
0
1
811 232
0
1
812 87
1
813 39
1
814 102
0
1
815 149
1
816 239
1
817 44
0
1
818 224
1
819 126
1
820 68
1
821 231
1
822 83
1
823 73
1
824 232
0
1
825 168
0
0
1
826 147
1
827 173
0
0
1
828 3
0
1
829 106
1
830 143
0
1
831 232
0
0
0
0
1
832 150
0
0
0
0
1
833 74
1
834 174
1
835 34
0
0
1
836 206
1
837 141
0
1
838 218
1
839 101
1
840 41
0
1
841 45
1
842 65
0
0
1
843 128
1
844 105
1
845 142
0
0
0
1
846 131
0
1
847 172
1
848 222
0
1
849 153
1
850 126
1
851 189
0
1
852 113
1
853 128
1
854 91
1
855 178
1
856 232
0
1
857 131
1
858 143
1
859 29
1
860 206
0
1
861 154
1
862 219
0
0
0
0
0
1
863 110
0
1
864 21
1
865 214
0
1
866 94
0
1
867 99
1
868 172
1
869 18
0
0
1
870 168
1
871 102
0
0
0
0
1
872 59
0
1
873 161
1
874 126
0
0
1
875 181
0
1
876 20
0
1
877 89
1
878 217
0
1
879 125
1
880 141
1
881 151
0
1
882 131
1
883 79
0
1
884 173
1
885 70
0
0
1
886 118
1
887 75
1
888 97
1
889 9
1
890 239
1
891 16
1
892 145
0
1
893 238
1
894 88
0
1
895 40
0
1
896 94
1
897 131
1
898 152
1
899 236
1
900 2
1
901 149
1
902 146
1
903 30
1
904 186
0
1
905 153
1
906 98
1
907 131
0
0
0
0
1
908 184
0
0
1
909 192
1
910 153
0
1
911 162
0
0
1
912 168
1
913 150
0
0
0
1
914 221
1
915 110
1
916 60
1
917 149
0
0
1
918 150
1
919 180
1
920 143
1
921 206
1
922 144
1
923 67
0
1
924 26
0
1
925 76
1
926 166
1
927 82
0
1
928 180
1
929 4
1
930 123
1
931 139
1
932 20
0
1
933 236
1
934 197
1
935 4
1
936 30
1
937 77
0
1
938 173
1
939 187
1
940 169
0
1
941 22
1
942 89
0
1
943 12
0
1
944 140
0
1
945 95
1
946 230
0
0
0
1
947 198
1
948 173
1
949 186
1
950 175
0
0
1
951 106
0
0
1
952 140
0
1
953 5
1
954 95
0
0
1
955 27
0
0
1
956 203
0
1
957 78
0
0
0
0
1
958 33
1
959 144
1
960 103
1
961 59
0
1
962 50
1
963 43
0
1
964 125
1
965 12
0
1
966 33
0
0
1
967 168
0
1
968 129
0
1
969 20
0
1
970 90
1
971 156
1
972 53
0
1
973 59
1
974 55
1
975 102
1
976 167
0
0
0
1
977 141
1
978 49
0
1
979 54
1
980 218
0
1
981 73
0
0
1
982 78
1
983 85
1
984 6
0
1
985 154
0
1
986 172
1
987 182
0
1
988 190
1
989 118
1
990 170
1
991 209
1
992 27
1
993 211
0
1
994 92
1
995 182
1
996 13
1
997 122
0
1
998 197
0
1
999 165
1
1000 36
1
1001 3
0
0
0
1
1002 218
1
1003 81
1
1004 109
1
1005 31
0
1
1006 16
0
1
1007 17
1
1008 89
1
1009 164
1
1010 124
0
1
1011 148
1
1012 63
1
1013 230
1
1014 227
0
1
1015 79
0
0
1
1016 120
1
1017 50
1
1018 33
1
1019 169
1
1020 57
1
1021 209
1
1022 3
1
1023 111
1
1024 133
1
1025 210
1
1026 29
1
1027 198
1
1028 122
1
1029 136
0
1
1030 147
0
0
1
1031 96
1
1032 211
0
0
1
1033 33
1
1034 124
1
1035 22
0
0
1
1036 105
1
1037 20
1
1038 55
1
1039 24
0
1
1040 109
1
1041 58
1
1042 15
1
1043 68
1
1044 70
1
1045 41
0
1
1046 66
1
1047 64
1
1048 13
1
1049 130
1
1050 14
1
1051 88
1
1052 79
1
1053 173
1
1054 16
1
1055 15
0
1
1056 206
1
1057 171
1
1058 94
1
1059 97
1
1060 36
0
1
1061 4
0
1
1062 202
1
1063 50
0
0
0
1
1064 75
1
1065 91
0
0
0
1
1066 206
0
1
1067 78
1
1068 138
1
1069 92
1
1070 178
0
1
1071 155
1
1072 213
1
1073 105
0
0
1
1074 33
1
1075 80
1
1076 46
1
1077 203
1
1078 76
1
1079 69
0
1
1080 147
1
1081 97
1
1082 106
1
1083 69
0
1
1084 161
1
1085 93
1
1086 90
1
1087 98
1
1088 122
1
1089 33
1
1090 9
1
1091 165
1
1092 88
1
1093 233
1
1094 82
1
1095 42
1
1096 227
1
1097 236
1
1098 212
0
0
1
1099 227
1
1100 109
1
1101 132
1
1102 238
0
0
1
1103 106
1
1104 192
0
0
1
1105 203
0
1
1106 96
0
1
1107 57
1
1108 71
1
1109 105
1
1110 232
1
1111 171
1
1112 187
1
1113 41
1
1114 74
1
1115 122
0
0
1
1116 43
1
1117 105
0
1
1118 36
1
1119 179
0
1
1120 178
1
1121 41
1
1122 185
1
1123 115
1
1124 105
1
1125 103
0
1
1126 74
1
1127 55
1
1128 41
1
1129 222
0
1
1130 68
0
0
0
0
1
1131 21
1
1132 13
1
1133 147
1
1134 145
1
1135 134
0
1
1136 105
0
1
1137 235
1
1138 212
0
1
1139 118
1
1140 151
1
1141 16
1
1142 94
1
1143 79
0
1
1144 90
1
1145 178
1
1146 6
0
1
1147 54
1
1148 41
1
1149 238
1
1150 96
1
1151 192
1
1152 131
1
1153 174
0
0
1
1154 165
1
1155 238
0
1
1156 199
1
1157 173
0
1
1158 69
1
1159 84
1
1160 201
1
1161 153
0
1
1162 108
1
1163 102
1
1164 194
0
1
1165 221
1
1166 51
0
0
1
1167 98
0
0
1
1168 7
1
1169 227
1
1170 204
1
1171 189
1
1172 12
1
1173 242
1
1174 154
0
1
1175 165
1
1176 189
0
1
1177 87
1
1178 31
1
1179 9
0
0
1
1180 106
1
1181 6
1
1182 128
1
1183 76
1
1184 11
0
0
1
1185 122
1
1186 126
1
1187 61
0
1
1188 31
0
1
1189 58
1
1190 152
1
1191 44
1
1192 227
1
1193 188
1
1194 116
1
1195 75
1
1196 143
0
1
1197 128
1
1198 121
1
1199 111
1
1200 24
0
0
0
1
1201 153
1
1202 78
0
0
0
1
1203 78
1
1204 80
1
1205 143
0
0
1
1206 205
0
1
1207 76
1
1208 162
1
1209 142
1
1210 235
0
1
1211 148
1
1212 201
1
1213 118
1
1214 228
0
1
1215 171
0
1
1216 155
1
1217 143
0
1
1218 169
0
0
1
1219 25
0
1
1220 90
0
0
1
1221 168
1
1222 16
1
1223 212
1
1224 179
1
1225 105
1
1226 239
0
0
1
1227 56
1
1228 235
0
1
1229 218
1
1230 192
1
1231 192
1
1232 218
1
1233 35
1
1234 208
0
1
1235 6
1
1236 161
1
1237 240
0
0
0
1
1238 114
1
1239 122
0
0
1
1240 165
1
1241 242
1
1242 39
0
0
1
1243 229
1
1244 145
1
1245 52
0
1
1246 37
1
1247 187
1
1248 241
1
1249 72
1
1250 98
1
1251 83
1
1252 220
1
1253 13
1
1254 76
1
1255 187
1
1256 233
1
1257 114
0
1
1258 113
0
1
1259 88
1
1260 194
1
1261 122
1
1262 50
0
0
1
1263 201
0
0
1
1264 135
1
1265 225
1
1266 61
1
1267 102
1
1268 213
0
0
1
1269 178
1
1270 34
1
1271 67
1
1272 61
1
1273 3
0
1
1274 237
1
1275 27
1
1276 239
0
1
1277 28
1
1278 106
1
1279 26
1
1280 3
1
1281 143
0
0
1
1282 43
1
1283 52
1
1284 100
0
0
1
1285 214
0
1
1286 207
1
1287 182
1
1288 207
1
1289 137
1
1290 143
1
1291 107
1
1292 158
0
1
1293 96
1
1294 41
1
1295 88
0
0
0
1
1296 181
1
1297 169
0
1
1298 28
1
1299 145
0
1
1300 230
0
1
1301 118
0
1
1302 92
1
1303 27
0
1
1304 224
1
1305 147
0
1
1306 22
1
1307 147
1
1308 61
1
1309 150
1
1310 90
0
1
1311 163
1
1312 110
1
1313 126
1
1314 225
1
1315 160
1
1316 105
1
1317 64
1
1318 170
0
1
1319 162
1
1320 3
1
1321 95
1
1322 149
1
1323 88
1
1324 74
1
1325 109
1
1326 239
1
1327 165
1
1328 70
1
1329 174
1
1330 167
1
1331 225
0
1
1332 111
1
1333 88
1
1334 25
0
1
1335 180
1
1336 123
1
1337 213
1
1338 7
0
1
1339 13
1
1340 98
1
1341 227
1
1342 227
0
1
1343 26
0
1
1344 4
1
1345 60
1
1346 166
1
1347 188
1
1348 17
1
1349 102
1
1350 217
1
1351 64
1
1352 86
1
1353 188
0
1
1354 155
1
1355 233
1
1356 76
1
1357 54
1
1358 10
0
1
1359 72
1
1360 54
1
1361 218
0
1
1362 133
1
1363 113
0
1
1364 215
1
1365 56
1
1366 87
1
1367 136
1
1368 92
1
1369 239
1
1370 33
1
1371 230
1
1372 51
1
1373 93
0
1
1374 159
1
1375 24
1
1376 223
1
1377 42
1
1378 5
1
1379 23
0
1
1380 34
1
1381 155
1
1382 106
1
1383 11
1
1384 81
1
1385 24
1
1386 168
1
1387 53
1
1388 221
0
1
1389 33
0
0
0
0
1
1390 11
1
1391 10
1
1392 207
0
1
1393 172
1
1394 29
1
1395 106
1
1396 98
1
1397 187
1
1398 23
0
1
1399 240
1
1400 238
1
1401 215
1
1402 221
1
1403 187
1
1404 10
1
1405 133
0
1
1406 238
0
1
1407 214
1
1408 224
1
1409 171
1
1410 152
1
1411 44
1
1412 117
1
1413 217
1
1414 201
1
1415 154
0
1
1416 94
1
1417 64
1
1418 74
1
1419 224
1
1420 212
1
1421 100
1
1422 96
0
1
1423 217
1
1424 88
1
1425 148
0
1
1426 208
0
1
1427 33
1
1428 176
1
1429 64
1
1430 216
1
1431 238
1
1432 88
1
1433 129
1
1434 240
1
1435 124
1
1436 229
1
1437 208
1
1438 105
1
1439 196
1
1440 22
0
1
1441 101
1
1442 118
0
1
1443 166
0
1
1444 177
1
1445 96
1
1446 13
1
1447 112
1
1448 22
1
1449 96
1
1450 227
1
1451 100
1
1452 237
1
1453 92
1
1454 76
0
0
1
1455 40
1
1456 152
1
1457 240
1
1458 20
1
1459 35
1
1460 143
1
1461 96
1
1462 9
1
1463 198
0
0
1
1464 232
0
1
1465 113
1
1466 117
1
1467 217
1
1468 59
1
1469 107
1
1470 92
1
1471 233
1
1472 238
0
1
1473 95
1
1474 45
0
0
1
1475 158
0
1
1476 7
1
1477 4
1
1478 84
0
1
1479 3
1
1480 105
1
1481 216
1
1482 212
1
1483 210
1
1484 164
1
1485 238
1
1486 11
1
1487 157
1
1488 5
1
1489 60
1
1490 108
0
1
1491 187
1
1492 233
1
1493 92
1
1494 97
0
1
1495 173
1
1496 105
0
1
1497 54
1
1498 227
0
1
1499 164
1
1500 87
1
1501 227
1
1502 129
0
1
1503 156
1
1504 2
1
1505 194
0
1
1506 153
1
1507 233
1
1508 54
0
1
1509 213
1
1510 195
1
1511 62
1
1512 188
1
1513 74
1
1514 136
0
0
1
1515 181
1
1516 143
1
1517 192
1
1518 235
1
1519 212
1
1520 201
0
1
1521 194
1
1522 82
1
1523 15
0
1
1524 30
1
1525 174
1
1526 238
1
1527 164
1
1528 182
1
1529 107
1
1530 30
1
1531 142
1
1532 191
1
1533 22
0
1
1534 20
1
1535 232
1
1536 85
0
1
1537 203
1
1538 45
1
1539 226
1
1540 222
1
1541 75
1
1542 127
1
1543 79
1
1544 84
1
1545 168
1
1546 207
1
1547 5
1
1548 181
1
1549 44
1
1550 70
1
1551 41
1
1552 147
1
1553 138
1
1554 215
0
0
1
1555 219
1
1556 109
1
1557 26
1
1558 176
0
1
1559 208
0
1
1560 183
1
1561 126
1
1562 40
1
1563 74
1
1564 48
0
1
1565 25
1
1566 90
1
1567 147
1
1568 157
0
1
1569 87
0
1
1570 191
1
1571 113
1
1572 59
1
1573 67
1
1574 183
1
1575 181
1
1576 238
1
1577 29
1
1578 140
1
1579 143
1
1580 70
1
1581 208
1
1582 46
1
1583 62
1
1584 72
0
1
1585 94
1
1586 50
1
1587 209
1
1588 17
1
1589 59
1
1590 36
1
1591 143
1
1592 140
1
1593 79
1
1594 200
1
1595 232
1
1596 98
1
1597 107
0
1
1598 227
1
1599 131
1
1600 85
0
1
1601 211
0
1
1602 210
1
1603 236
1
1604 17
1
1605 54
1
1606 27
1
1607 89
0
1
1608 150
1
1609 227
1
1610 35
1
1611 57
1
1612 49
1
1613 17
1
1614 189
0
1
1615 38
1
1616 66
0
1
1617 109
1
1618 222
1
1619 94
0
0
1
1620 125
0
0
1
1621 125
1
1622 8
0
1
1623 193
1
1624 39
1
1625 209
1
1626 9
1
1627 130
1
1628 22
1
1629 139
1
1630 128
0
1
1631 175
1
1632 171
1
1633 122
1
1634 158
1
1635 62
1
1636 158
0
0
1
1637 232
1
1638 105
1
1639 218
1
1640 21
1
1641 100
1
1642 51
0
1
1643 212
1
1644 239
1
1645 30
1
1646 130
1
1647 171
1
1648 126
1
1649 49
1
1650 87
1
1651 4
1
1652 87
0
0
0
1
1653 139
0
1
1654 208
1
1655 76
1
1656 220
1
1657 224
1
1658 62
1
1659 136
1
1660 97
1
1661 35
1
1662 150
1
1663 131
1
1664 75
1
1665 17
1
1666 198
1
1667 4
1
1668 12
1
1669 95
1
1670 140
1
1671 66
1
1672 94
1
1673 39
1
1674 88
1
1675 81
1
1676 55
0
1
1677 107
1
1678 185
1
1679 104
1
1680 153
1
1681 180
1
1682 187
1
1683 36
1
1684 143
1
1685 137
1
1686 160
1
1687 236
0
1
1688 4
1
1689 56
1
1690 193
0
1
1691 103
0
1
1692 131
1
1693 89
1
1694 98
1
1695 24
1
1696 36
1
1697 203
1
1698 6
1
1699 52
1
1700 223
1
1701 79
1
1702 216
1
1703 42
1
1704 103
1
1705 197
1
1706 182
1
1707 175
0
1
1708 41
0
0
1
1709 163
1
1710 44
1
1711 147
1
1712 41
1
1713 208
1
1714 167
1
1715 213
1
1716 90
1
1717 106
1
1718 205
1
1719 92
1
1720 33
1
1721 41
1
1722 173
1
1723 32
1
1724 23
1
1725 129
1
1726 98
1
1727 134
1
1728 226
1
1729 201
1
1730 186
0
1
1731 63
1
1732 157
1
1733 75
1
1734 140
1
1735 54
1
1736 90
1
1737 189
1
1738 40
1
1739 202
1
1740 79
1
1741 191
1
1742 237
1
1743 195
1
1744 116
1
1745 143
0
1
1746 33
1
1747 4
1
1748 56
0
1
1749 90
1
1750 153
1
1751 189
1
1752 104
0
1
1753 205
1
1754 33
0
1
1755 28
1
1756 2
0
1
1757 176
1
1758 39
1
1759 164
1
1760 241
1
1761 133
1
1762 145
1
1763 173
1
1764 144
1
1765 230
1
1766 38
1
1767 180
1
1768 52
1
1769 103
1
1770 144
1
1771 5
1
1772 14
1
1773 13
1
1774 31
1
1775 148
1
1776 232
1
1777 69
0
0
0
0
1
1778 229
0
1
1779 6
1
1780 182
1
1781 37
1
1782 110
1
1783 187
1
1784 214
1
1785 95
0
1
1786 202
1
1787 105
1
1788 98
1
1789 132
1
1790 185
1
1791 96
1
1792 26
1
1793 102
1
1794 238
1
1795 219
1
1796 103
1
1797 58
1
1798 138
1
1799 161
1
1800 218
1
1801 133
1
1802 158
1
1803 63
1
1804 184
1
1805 120
1
1806 99
1
1807 238
1
1808 227
1
1809 98
1
1810 76
1
1811 96
1
1812 26
1
1813 212
1
1814 76
1
1815 159
1
1816 91
1
1817 237
1
1818 55
1
1819 131
0
1
1820 19
1
1821 208
1
1822 233
1
1823 59
1
1824 107
1
1825 173
1
1826 219
1
1827 155
1
1828 54
1
1829 90
1
1830 242
1
1831 211
0
1
1832 88
1
1833 78
0
1
1834 174
1
1835 87
1
1836 120
0
1
1837 181
0
1
1838 146
1
1839 93
1
1840 71
0
1
1841 123
1
1842 70
0
1
1843 210
1
1844 170
1
1845 119
1
1846 88
1
1847 126
1
1848 170
1
1849 45
1
1850 112
1
1851 107
1
1852 28
1
1853 8
0
1
1854 7
1
1855 148
1
1856 125
1
1857 61
1
1858 81
1
1859 32
1
1860 149
0
1
1861 197
1
1862 21
1
1863 65
1
1864 201
1
1865 141
1
1866 22
1
1867 221
1
1868 141
1
1869 190
1
1870 42
1
1871 41
1
1872 174
0
1
1873 195
1
1874 164
0
1
1875 187
0
1
1876 54
1
1877 11
1
1878 68
1
1879 228
1
1880 232
1
1881 59
1
1882 126
1
1883 202
1
1884 217
1
1885 92
1
1886 239
1
1887 91
1
1888 148
1
1889 118
1
1890 183
1
1891 224
1
1892 122
1
1893 183
0
1
1894 107
1
1895 172
1
1896 164
1
1897 223
1
1898 124
1
1899 58
1
1900 19
1
1901 216
1
1902 162
1
1903 143
1
1904 32
1
1905 153
1
1906 88
1
1907 43
1
1908 75
1
1909 91
1
1910 193
1
1911 81
1
1912 10
1
1913 63
1
1914 77
0
1
1915 31
1
1916 4
1
1917 17
1
1918 58
1
1919 78
0
1
1920 80
1
1921 128
1
1922 208
1
1923 149
1
1924 4
1
1925 11
1
1926 107
1
1927 157
1
1928 30
1
1929 21
1
1930 40
1
1931 214
1
1932 74
1
1933 76
1
1934 173
1
1935 214
1
1936 63
1
1937 110
1
1938 112
1
1939 181
1
1940 74
1
1941 188
1
1942 51
1
1943 234
1
1944 126
1
1945 100
1
1946 161
1
1947 147
1
1948 125
1
1949 212
1
1950 25
1
1951 22
1
1952 181
1
1953 221
1
1954 196
1
1955 234
0
1
1956 24
1
1957 69
1
1958 17
1
1959 143
1
1960 5
1
1961 26
1
1962 47
1
1963 138
1
1964 48
1
1965 173
1
1966 102
1
1967 241
1
1968 153
1
1969 242
1
1970 58
1
1971 10
1
1972 195
1
1973 13
1
1974 182
1
1975 174
1
1976 201
1
1977 27
1
1978 234
1
1979 47
1
1980 18
1
1981 206
1
1982 136
1
1983 195
1
1984 127
1
1985 105
1
1986 125
1
1987 148
1
1988 218
1
1989 74
1
1990 98
1
1991 105
1
1992 125
1
1993 15
1
1994 119
1
1995 178
1
1996 239
1
1997 114
1
1998 165
1
1999 87
1
2000 59
1
2001 64
1
2002 153
1
2003 54
1
2004 219
1
2005 38
1
2006 193
1
2007 45
1
2008 50
1
2009 67
1
2010 181
1
2011 164
1
2012 28
1
2013 2
1
2014 203
1
2015 169
0
1
2016 124
1
2017 161
1
2018 58
1
2019 77
1
2020 238
1
2021 101
1
2022 48
1
2023 103
1
2024 19
1
2025 212
1
2026 84
1
2027 196
1
2028 127
1
2029 224
1
2030 64
1
2031 16
1
2032 61
1
2033 84
1
2034 77
1
2035 72
0
0
1
2036 178
1
2037 112
1
2038 79
1
2039 31
1
2040 130
1
2041 96
0
1
2042 132
1
2043 24
1
2044 215
1
2045 151
1
2046 88
1
2047 202
1
2048 47
1
2049 105
1
2050 19
1
2051 80
1
2052 164
1
2053 121
1
2054 189
1
2055 68
1
2056 201
1
2057 42
1
2058 211
1
2059 61
1
2060 218
1
2061 17
1
2062 231
1
2063 199
1
2064 101
1
2065 87
1
2066 44
1
2067 191
1
2068 192
1
2069 72
1
2070 141
1
2071 165
1
2072 90
1
2073 159
1
2074 228
1
2075 63
1
2076 220
1
2077 32
1
2078 177
1
2079 227
1
2080 147
1
2081 85
1
2082 154
0
1
2083 3
0
1
2084 80
1
2085 21
1
2086 115
1
2087 232
1
2088 134
1
2089 17
1
2090 55
1
2091 222
1
2092 144
1
2093 178
1
2094 81
1
2095 208
1
2096 209
1
2097 70
1
2098 229
1
2099 85
1
2100 242
1
2101 172
1
2102 131
1
2103 48
1
2104 104
1
2105 186
1
2106 129
1
2107 157
1
2108 147
1
2109 68
0
0
1
2110 44
1
2111 104
1
2112 175
1
2113 152
1
2114 101
1
2115 95
1
2116 94
1
2117 5
1
2118 23
1
2119 155
1
2120 135
1
2121 21
1
2122 209
1
2123 232
1
2124 163
1
2125 109
1
2126 113
1
2127 154
1
2128 79
1
2129 206
1
2130 17
1
2131 44
1
2132 27
1
2133 121
1
2134 31
1
2135 67
1
2136 90
1
2137 53
1
2138 62
1
2139 50
1
2140 162
1
2141 197
1
2142 168
1
2143 115
1
2144 63
1
2145 26
1
2146 140
1
2147 63
1
2148 167
1
2149 226
1
2150 202
1
2151 197
1
2152 111
1
2153 85
1
2154 239
1
2155 46
1
2156 163
1
2157 147
1
2158 16
1
2159 126
1
2160 20
1
2161 46
1
2162 45
1
2163 227
1
2164 208
1
2165 217
1
2166 72
1
2167 105
1
2168 132
1
2169 208
1
2170 12
1
2171 90
1
2172 227
1
2173 197
1
2174 29
1
2175 7
1
2176 87
1
2177 61
1
2178 94
1
2179 227
1
2180 18
1
2181 149
1
2182 233
1
2183 2
1
2184 126
1
2185 184
1
2186 112
1
2187 176
1
2188 97
1
2189 3
1
2190 10
1
2191 113
1
2192 90
1
2193 195
1
2194 240
1
2195 226
1
2196 134
1
2197 196
1
2198 121
1
2199 238
1
2200 186
1
2201 87
1
2202 39
1
2203 119
1
2204 59
1
2205 135
1
2206 200
1
2207 195
1
2208 49
1
2209 203
1
2210 155
1
2211 50
1
2212 213
1
2213 26
1
2214 154
1
2215 77
1
2216 105
1
2217 149
1
2218 238
1
2219 17
1
2220 153
1
2221 78
1
2222 90
1
2223 167
1
2224 110
1
2225 43
1
2226 124
1
2227 5
1
2228 193
1
2229 106
1
2230 241
1
2231 38
1
2232 143
1
2233 232
1
2234 215
1
2235 208
1
2236 110
1
2237 135
1
2238 154
1
2239 217
1
2240 133
1
2241 131
1
2242 63
1
2243 157
1
2244 228
1
2245 30
1
2246 191
1
2247 106
1
2248 106
1
2249 95
1
2250 83
1
2251 26
1
2252 123
1
2253 104
1
2254 56
1
2255 54
1
2256 191
1
2257 66
1
2258 119
1
2259 15
1
2260 230
1
2261 93
1
2262 36
1
2263 68
1
2264 126
1
2265 187
1
2266 24
1
2267 140
1
2268 102
1
2269 203
1
2270 62
1
2271 202
1
2272 147
1
2273 232
1
2274 207
1
2275 83
1
2276 64
1
2277 32
1
2278 196
1
2279 77
1
2280 237
1
2281 82
1
2282 96
1
2283 134
1
2284 204
1
2285 109
1
2286 110
1
2287 177
1
2288 229
1
2289 196
1
2290 200
1
2291 79
1
2292 153
1
2293 111
1
2294 87
1
2295 44
1
2296 87
1
2297 17
1
2298 27
1
2299 178
1
2300 62
1
2301 111
1
2302 41
1
2303 181
1
2304 151
1
2305 5
1
2306 171
1
2307 140
1
2308 231
1
2309 35
1
2310 132
1
2311 192
1
2312 131
1
2313 173
1
2314 10
1
2315 82
1
2316 218
1
2317 87
1
2318 81
1
2319 233
1
2320 175
1
2321 11
1
2322 29
1
2323 157
1
2324 218
1
2325 137
1
2326 30
1
2327 73
1
2328 197
1
2329 201
1
2330 122
1
2331 155
1
2332 181
1
2333 23
1
2334 11
1
2335 217
1
2336 15
1
2337 157
1
2338 96
1
2339 208
1
2340 43
1
2341 69
1
2342 13
1
2343 78
1
2344 106
1
2345 32
1
2346 62
1
2347 106
1
2348 36
1
2349 18
1
2350 102
1
2351 222
1
2352 172
1
2353 83
1
2354 63
1
2355 210
1
2356 185
1
2357 220
1
2358 129
1
2359 131
1
2360 171
1
2361 56
1
2362 143
1
2363 237
1
2364 56
1
2365 62
1
2366 218
1
2367 120
1
2368 140
1
2369 106
1
2370 187
1
2371 230
1
2372 127
1
2373 16
1
2374 106
1
2375 89
1
2376 174
1
2377 162
1
2378 213
1
2379 100
1
2380 102
1
2381 235
1
2382 192
1
2383 178
1
2384 238
1
2385 106
1
2386 242
1
2387 206
1
2388 143
1
2389 162
1
2390 231
1
2391 126
1
2392 63
1
2393 98
1
2394 124
1
2395 191
1
2396 131
1
2397 136
1
2398 128
1
2399 125
1
2400 92
1
2401 189
1
2402 143
1
2403 144
1
2404 30
1
2405 153
1
2406 21
1
2407 183
1
2408 98
1
2409 52
1
2410 142
1
2411 215
1
2412 93
1
2413 232
1
2414 242
1
2415 131
0
1
2416 210
1
2417 17
1
2418 129
1
2419 87
1
2420 60
1
2421 119
1
2422 18
1
2423 54
1
2424 54
1
2425 159
1
2426 197
1
2427 83
1
2428 104
1
2429 55
1
2430 6
1
2431 57
1
2432 66
1
2433 56
1
2434 18
1
2435 27
1
2436 176
1
2437 147
1
2438 145
1
2439 98
1
2440 226
1
2441 232
1
2442 148
0
1
2443 132
1
2444 196
1
2445 27
1
2446 127
1
2447 227
1
2448 67
1
2449 107
1
2450 233
1
2451 71
1
2452 232
0
1
2453 160
1
2454 96
1
2455 150
1
2456 43
1
2457 167
1
2458 98
1
2459 182
1
2460 29
1
2461 226
1
2462 184
1
2463 29
1
2464 30
1
2465 26
1
2466 196
1
2467 230
1
2468 217
1
2469 212
1
2470 126
1
2471 68
1
2472 142
1
2473 178
1
2474 114
0
1
2475 167
1
2476 58
1
2477 9
1
2478 229
1
2479 204
1
2480 24
1
2481 130
0
1
2482 190
1
2483 125
1
2484 181
1
2485 46
1
2486 82
1
2487 27
1
2488 237
1
2489 120
1
2490 53
1
2491 158
1
2492 190
1
2493 17
1
2494 49
1
2495 232
1
2496 109
0
1
2497 87
1
2498 60
1
2499 113
1
2500 155
1
2501 202
1
2502 88
1
2503 83
1
2504 82
1
2505 201
1
2506 2
1
2507 87
1
2508 60
1
2509 51
1
2510 107
1
2511 144
1
2512 95
1
2513 72
1
2514 214
1
2515 178
1
2516 88
1
2517 185
1
2518 202
1
2519 55
0
1
2520 19
1
2521 75
1
2522 50
1
2523 74
1
2524 199
1
2525 191
1
2526 25
1
2527 51
1
2528 241
1
2529 13
1
2530 85
1
2531 29
0
1
2532 222
1
2533 42
1
2534 160
1
2535 58
1
2536 177
1
2537 77
0
1
2538 166
1
2539 64
1
2540 8
1
2541 12
1
2542 51
0
1
2543 64
1
2544 68
1
2545 104
1
2546 17
1
2547 213
1
2548 205
1
2549 40
1
2550 59
1
2551 228
1
2552 62
1
2553 18
1
2554 231
1
2555 90
1
2556 182
1
2557 5
1
2558 224
1
2559 67
0
1
2560 130
1
2561 99
0
1
2562 204
1
2563 79
1
2564 218
1
2565 79
1
2566 159
1
2567 230
0
1
2568 106
1
2569 118
1
2570 186
0
1
2571 134
1
2572 87
1
2573 53
1
2574 202
1
2575 65
1
2576 237
1
2577 123
1
2578 218
1
2579 123
1
2580 167
1
2581 36
1
2582 155
1
2583 227
1
2584 184
0
1
2585 153
1
2586 239
1
2587 55
1
2588 225
1
2589 148
1
2590 101
1
2591 227
1
2592 160
1
2593 132
1
2594 147
0
1
2595 198
1
2596 104
1
2597 186
1
2598 135
1
2599 163
1
2600 91
1
2601 56
0
1
2602 236
1
2603 181
1
2604 164
1
2605 155
1
2606 148
1
2607 10
1
2608 98
1
2609 188
1
2610 173
1
2611 20
1
2612 41
1
2613 124
0
1
2614 4
1
2615 106
1
2616 3
1
2617 93
1
2618 230
1
2619 193
1
2620 199
1
2621 96
1
2622 198
0
1
2623 36
0
1
2624 61
1
2625 224
1
2626 134
1
2627 212
1
2628 144
1
2629 32
1
2630 101
1
2631 158
1
2632 198
0
1
2633 218
1
2634 163
1
2635 96
1
2636 229
0
1
2637 64
0
1
2638 196
1
2639 144
1
2640 241
1
2641 34
1
2642 124
1
2643 171
1
2644 88
1
2645 158
0
1
2646 194
1
2647 106
1
2648 155
1
2649 65
1
2650 51
1
2651 108
1
2652 47
1
2653 46
1
2654 113
1
2655 131
1
2656 178
1
2657 134
1
2658 121
1
2659 87
1
2660 146
1
2661 134
1
2662 126
0
1
2663 51
1
2664 84
1
2665 59
1
2666 153
1
2667 23
1
2668 43
1
2669 100
1
2670 227
1
2671 197
1
2672 26
1
2673 13
1
2674 104
1
2675 156
1
2676 165
1
2677 136
1
2678 127
0
1
2679 144
1
2680 150
0
0
1
2681 35
1
2682 59
1
2683 18
1
2684 208
1
2685 111
1
2686 95
1
2687 191
1
2688 223
1
2689 105
1
2690 79
1
2691 185
1
2692 50
1
2693 137
1
2694 32
1
2695 45
0
1
2696 163
1
2697 48
1
2698 152
1
2699 173
1
2700 175
1
2701 77
1
2702 239
1
2703 78
1
2704 164
1
2705 66
1
2706 148
1
2707 45
1
2708 79
1
2709 43
1
2710 62
1
2711 98
1
2712 156
0
1
2713 98
1
2714 133
1
2715 38
1
2716 190
0
1
2717 234
1
2718 222
1
2719 60
0
1
2720 117
1
2721 241
1
2722 12
1
2723 235
1
2724 188
1
2725 119
1
2726 15
1
2727 222
1
2728 96
1
2729 42
1
2730 32
1
2731 157
1
2732 91
1
2733 223
1
2734 149
1
2735 28
1
2736 208
1
2737 102
1
2738 119
1
2739 71
1
2740 196
1
2741 202
1
2742 21
1
2743 127
0
1
2744 89
1
2745 226
1
2746 4
1
2747 227
1
2748 5
1
2749 162
1
2750 101
1
2751 238
1
2752 93
1
2753 240
1
2754 130
1
2755 5
1
2756 54
1
2757 188
1
2758 196
1
2759 211
1
2760 6
1
2761 157
1
2762 30
1
2763 116
1
2764 116
1
2765 190
1
2766 177
1
2767 127
1
2768 71
1
2769 164
1
2770 173
1
2771 67
1
2772 30
1
2773 172
1
2774 88
1
2775 223
1
2776 16
1
2777 88
1
2778 138
1
2779 201
1
2780 168
1
2781 160
1
2782 44
1
2783 193
1
2784 83
0
1
2785 27
1
2786 210
1
2787 57
1
2788 118
1
2789 172
0
1
2790 111
1
2791 85
0
1
2792 222
1
2793 230
1
2794 237
1
2795 16
1
2796 80
1
2797 49
1
2798 17
1
2799 53
1
2800 109
0
1
2801 175
1
2802 152
1
2803 79
1
2804 94
1
2805 44
0
1
2806 220
1
2807 174
1
2808 227
1
2809 115
1
2810 184
1
2811 12
1
2812 100
1
2813 120
1
2814 125
1
2815 131
1
2816 112
1
2817 125
1
2818 112
1
2819 86
1
2820 102
1
2821 42
1
2822 57
1
2823 188
1
2824 227
1
2825 74
1
2826 115
1
2827 7
1
2828 75
1
2829 162
1
2830 103
1
2831 239
1
2832 100
0
1
2833 54
1
2834 172
1
2835 158
1
2836 95
1
2837 156
1
2838 166
1
2839 241
1
2840 47
1
2841 22
1
2842 194
1
2843 209
1
2844 238
0
1
2845 93
1
2846 140
1
2847 88
1
2848 92
1
2849 132
1
2850 198
1
2851 13
1
2852 88
1
2853 217
0
1
2854 88
1
2855 202
1
2856 70
1
2857 206
1
2858 29
1
2859 127
1
2860 233
1
2861 227
1
2862 240
1
2863 187
1
2864 132
1
2865 21
1
2866 216
1
2867 63
1
2868 163
1
2869 180
1
2870 214
1
2871 171
1
2872 33
1
2873 156
1
2874 165
1
2875 170
1
2876 46
1
2877 182
1
2878 222
1
2879 88
1
2880 92
0
1
2881 45
1
2882 75
1
2883 164
0
1
2884 118
0
1
2885 130
1
2886 192
1
2887 73
1
2888 90
1
2889 116
1
2890 28
1
2891 193
1
2892 156
1
2893 67
1
2894 93
1
2895 147
1
2896 200
1
2897 139
0
1
2898 130
1
2899 54
1
2900 77
0
1
2901 173
1
2902 24
1
2903 165
1
2904 94
1
2905 93
1
2906 187
1
2907 61
1
2908 105
1
2909 142
1
2910 88
1
2911 61
1
2912 209
1
2913 23
1
2914 145
1
2915 186
1
2916 187
0
1
2917 10
1
2918 30
1
2919 169
1
2920 208
1
2921 21
0
1
2922 69
1
2923 134
1
2924 239
1
2925 186
1
2926 54
1
2927 19
1
2928 49
0
1
2929 152
1
2930 93
1
2931 131
1
2932 201
1
2933 204
1
2934 161
1
2935 69
1
2936 166
1
2937 29
1
2938 131
1
2939 53
1
2940 17
1
2941 86
1
2942 12
1
2943 33
1
2944 230
1
2945 218
1
2946 119
1
2947 33
0
1
2948 60
0
1
2949 96
1
2950 91
1
2951 194
1
2952 26
1
2953 33
1
2954 209
1
2955 169
0
0
1
2956 40
1
2957 112
1
2958 120
1
2959 170
1
2960 239
1
2961 79
1
2962 6
0
1
2963 5
1
2964 239
1
2965 82
1
2966 117
1
2967 81
0
1
2968 103
0
1
2969 47
1
2970 132
0
1
2971 212
1
2972 74
1
2973 219
1
2974 7
1
2975 49
1
2976 157
1
2977 212
1
2978 115
0
1
2979 104
1
2980 170
1
2981 9
1
2982 167
1
2983 65
1
2984 17
1
2985 158
1
2986 102
1
2987 66
1
2988 31
1
2989 185
1
2990 167
1
2991 169
1
2992 123
1
2993 147
1
2994 147
1
2995 59
1
2996 149
1
2997 17
1
2998 33
1
2999 154
1
3000 74
1
3001 73
1
3002 9
1
3003 131
1
3004 205
1
3005 91
0
1
3006 138
1
3007 144
1
3008 110
0
1
3009 113
1
3010 238
1
3011 202
1
3012 20
0
1
3013 227
1
3014 200
1
3015 110
1
3016 142
1
3017 165
0
1
3018 227
1
3019 224
0
1
3020 120
1
3021 205
1
3022 192
0
0
1
3023 41
0
1
3024 153
1
3025 73
1
3026 218
1
3027 91
1
3028 114
1
3029 88
0
1
3030 147
1
3031 26
1
3032 190
1
3033 190
1
3034 33
1
3035 148
1
3036 197
1
3037 65
1
3038 106
1
3039 178
1
3040 140
0
1
3041 49
1
3042 207
1
3043 73
1
3044 131
1
3045 214
1
3046 93
1
3047 125
1
3048 109
0
1
3049 191
1
3050 207
1
3051 154
1
3052 13
0
1
3053 125
0
1
3054 51
1
3055 52
0
1
3056 65
1
3057 84
1
3058 76
1
3059 227
1
3060 232
1
3061 120
1
3062 187
1
3063 208
0
1
3064 80
1
3065 147
1
3066 174
1
3067 35
0
1
3068 233
1
3069 172
1
3070 52
0
1
3071 21
1
3072 54
0
1
3073 18
1
3074 190
1
3075 11
1
3076 113
1
3077 102
1
3078 79
1
3079 90
1
3080 206
1
3081 11
1
3082 132
1
3083 214
0
1
3084 2
1
3085 15
1
3086 117
0
0
1
3087 211
1
3088 109
1
3089 112
1
3090 108
1
3091 194
1
3092 153
0
1
3093 169
1
3094 160
0
1
3095 213
1
3096 80
0
1
3097 69
1
3098 170
1
3099 114
1
3100 160
0
1
3101 38
1
3102 92
1
3103 105
1
3104 213
1
3105 118
1
3106 138
1
3107 199
1
3108 163
1
3109 126
1
3110 16
1
3111 239
0
1
3112 58
1
3113 55
1
3114 229
1
3115 239
1
3116 143
1
3117 123
1
3118 115
0
1
3119 240
1
3120 54
1
3121 135
1
3122 199
1
3123 96
0
1
3124 32
0
1
3125 135
1
3126 125
1
3127 85
0
1
3128 27
1
3129 94
1
3130 57
1
3131 85
0
1
3132 189
1
3133 79
1
3134 219
0
1
3135 131
1
3136 46
1
3137 80
0
1
3138 214
1
3139 111
1
3140 121
1
3141 60
1
3142 217
1
3143 161
0
1
3144 171
1
3145 47
1
3146 131
1
3147 136
0
1
3148 77
1
3149 86
1
3150 65
1
3151 77
1
3152 227
0
0
1
3153 183
0
1
3154 161
1
3155 108
0
1
3156 57
1
3157 89
1
3158 235
1
3159 75
1
3160 74
0
1
3161 90
1
3162 224
1
3163 143
0
0
0
1
3164 38
1
3165 162
1
3166 43
1
3167 190
1
3168 206
1
3169 142
1
3170 210
0
1
3171 30
1
3172 162
1
3173 146
1
3174 6
0
1
3175 199
0
1
3176 93
1
3177 186
1
3178 115
1
3179 190
0
1
3180 227
1
3181 64
0
1
3182 87
1
3183 143
1
3184 207
0
0
0
1
3185 30
1
3186 242
1
3187 196
1
3188 33
1
3189 59
1
3190 44
0
1
3191 21
1
3192 33
1
3193 239
1
3194 47
1
3195 222
1
3196 17
1
3197 117
1
3198 192
1
3199 160
1
3200 208
1
3201 240
0
0
1
3202 219
1
3203 169
1
3204 69
1
3205 219
1
3206 74
1
3207 79
1
3208 193
1
3209 173
0
1
3210 212
0
1
3211 92
1
3212 143
1
3213 162
1
3214 232
0
1
3215 69
1
3216 92
1
3217 37
1
3218 5
0
1
3219 9
1
3220 51
1
3221 125
1
3222 17
0
0
1
3223 61
0
0
0
0
1
3224 152
0
1
3225 220
1
3226 33
0
1
3227 56
1
3228 52
1
3229 52
1
3230 121
0
1
3231 83
1
3232 164
1
3233 227
1
3234 33
1
3235 202
1
3236 155
1
3237 235
1
3238 12
0
0
1
3239 137
0
1
3240 185
1
3241 57
1
3242 206
1
3243 74
0
0
1
3244 211
1
3245 84
1
3246 209
1
3247 134
1
3248 232
1
3249 57
1
3250 233
1
3251 10
1
3252 17
0
0
1
3253 14
0
1
3254 131
1
3255 129
1
3256 160
1
3257 96
1
3258 26
1
3259 84
1
3260 69
1
3261 212
1
3262 90
0
1
3263 125
1
3264 207
1
3265 92
1
3266 116
1
3267 173
1
3268 38
1
3269 142
0
1
3270 204
1
3271 27
0
1
3272 138
1
3273 90
1
3274 96
1
3275 162
0
1
3276 148
1
3277 74
1
3278 10
1
3279 89
0
1
3280 130
1
3281 211
1
3282 236
0
1
3283 83
1
3284 60
1
3285 101
1
3286 8
0
1
3287 120
1
3288 74
1
3289 162
1
3290 227
0
1
3291 226
1
3292 111
1
3293 127
1
3294 64
0
1
3295 152
1
3296 66
1
3297 174
1
3298 41
1
3299 242
1
3300 30
0
1
3301 47
1
3302 216
1
3303 209
1
3304 41
1
3305 74
1
3306 22
1
3307 59
1
3308 51
1
3309 172
1
3310 176
1
3311 12
0
1
3312 197
1
3313 44
0
1
3314 88
1
3315 104
0
1
3316 232
1
3317 119
1
3318 119
1
3319 98
1
3320 29
1
3321 203
1
3322 155
0
1
3323 221
1
3324 181
1
3325 41
1
3326 25
1
3327 42
1
3328 73
0
0
1
3329 160
1
3330 111
0
0
1
3331 30
1
3332 108
0
1
3333 89
1
3334 234
1
3335 19
1
3336 203
1
3337 95
1
3338 61
1
3339 195
0
1
3340 181
1
3341 190
1
3342 159
1
3343 90
1
3344 29
1
3345 173
1
3346 218
1
3347 71
1
3348 161
0
1
3349 177
1
3350 170
0
1
3351 208
1
3352 21
1
3353 11
1
3354 122
1
3355 114
0
1
3356 212
0
0
1
3357 218
1
3358 125
1
3359 38
1
3360 33
0
0
1
3361 27
1
3362 128
1
3363 91
1
3364 68
1
3365 186
1
3366 206
1
3367 94
0
1
3368 222
1
3369 206
1
3370 222
1
3371 87
1
3372 94
1
3373 54
1
3374 99
1
3375 208
1
3376 56
1
3377 220
1
3378 138
0
1
3379 113
1
3380 51
0
1
3381 14
1
3382 141
1
3383 113
0
0
1
3384 49
0
1
3385 86
1
3386 36
0
1
3387 196
1
3388 13
0
1
3389 206
1
3390 102
1
3391 16
0
1
3392 99
0
1
3393 221
1
3394 195
1
3395 98
0
0
1
3396 178
0
1
3397 174
1
3398 91
1
3399 242
0
1
3400 50
1
3401 17
0
0
0
1
3402 96
1
3403 61
1
3404 226
1
3405 100
1
3406 125
1
3407 118
1
3408 155
1
3409 215
0
0
0
1
3410 200
1
3411 118
0
1
3412 9
1
3413 75
1
3414 88
1
3415 113
1
3416 218
1
3417 156
1
3418 60
1
3419 68
0
1
3420 111
1
3421 16
0
0
0
1
3422 9
1
3423 197
1
3424 175
1
3425 54
1
3426 131
1
3427 50
0
1
3428 125
1
3429 127
1
3430 128
1
3431 73
1
3432 213
0
1
3433 188
1
3434 238
1
3435 158
1
3436 173
1
3437 86
1
3438 153
0
1
3439 94
1
3440 30
1
3441 202
1
3442 144
1
3443 210
1
3444 185
1
3445 105
1
3446 41
0
1
3447 84
0
1
3448 61
1
3449 223
1
3450 238
1
3451 59
0
1
3452 15
1
3453 7
0
0
1
3454 140
1
3455 152
0
1
3456 209
0
1
3457 230
1
3458 179
1
3459 202
1
3460 85
1
3461 100
1
3462 179
1
3463 18
1
3464 122
1
3465 185
1
3466 147
1
3467 217
0
1
3468 67
1
3469 199
1
3470 4
1
3471 212
1
3472 90
1
3473 90
0
1
3474 156
0
1
3475 27
1
3476 40
1
3477 51
0
1
3478 118
0
1
3479 203
1
3480 219
0
0
1
3481 149
1
3482 102
1
3483 151
0
1
3484 64
1
3485 62
0
1
3486 214
0
0
1
3487 196
1
3488 59
1
3489 57
1
3490 92
1
3491 86
0
1
3492 37
1
3493 238
1
3494 153
1
3495 5
1
3496 79
1
3497 217
0
0
0
0
1
3498 187
1
3499 22
1
3500 91
0
1
3501 104
0
1
3502 90
1
3503 136
1
3504 135
1
3505 77
0
0
1
3506 112
1
3507 229
0
1
3508 61
0
1
3509 41
0
0
1
3510 88
0
0
1
3511 117
1
3512 208
1
3513 76
1
3514 209
1
3515 73
1
3516 158
1
3517 218
0
1
3518 61
1
3519 117
1
3520 70
0
1
3521 24
1
3522 215
1
3523 232
1
3524 76
1
3525 54
0
1
3526 201
1
3527 36
1
3528 10
0
1
3529 83
1
3530 179
1
3531 118
1
3532 83
1
3533 161
0
1
3534 110
1
3535 152
0
0
0
1
3536 86
0
1
3537 17
0
0
1
3538 192
0
1
3539 240
0
1
3540 134
1
3541 156
1
3542 47
0
0
0
0
1
3543 233
1
3544 64
1
3545 41
1
3546 83
1
3547 100
1
3548 213
1
3549 142
0
0
0
1
3550 49
1
3551 110
1
3552 87
1
3553 112
1
3554 224
0
0
0
1
3555 234
0
1
3556 83
1
3557 189
1
3558 127
1
3559 104
1
3560 72
1
3561 25
1
3562 143
1
3563 153
1
3564 38
0
0
0
1
3565 215
0
1
3566 81
1
3567 79
0
1
3568 165
0
1
3569 28
1
3570 178
0
1
3571 145
1
3572 235
1
3573 54
1
3574 150
0
0
1
3575 195
0
1
3576 93
1
3577 130
1
3578 75
0
0
0
1
3579 46
1
3580 103
1
3581 48
1
3582 15
0
1
3583 90
1
3584 197
1
3585 50
0
1
3586 237
1
3587 64
0
1
3588 109
0
1
3589 82
1
3590 218
1
3591 198
1
3592 115
1
3593 15
1
3594 37
1
3595 69
1
3596 68
1
3597 109
0
1
3598 174
1
3599 181
0
1
3600 99
1
3601 240
1
3602 35
1
3603 59
0
1
3604 43
1
3605 114
0
0
1
3606 144
1
3607 226
1
3608 115
1
3609 18
0
1
3610 105
1
3611 38
1
3612 177
0
1
3613 199
1
3614 48
0
1
3615 223
1
3616 218
1
3617 113
1
3618 235
1
3619 155
0
1
3620 88
0
1
3621 128
1
3622 56
0
0
1
3623 170
0
0
0
0
1
3624 191
0
0
0
1
3625 110
1
3626 78
0
1
3627 102
0
0
1
3628 56
0
1
3629 189
0
1
3630 133
1
3631 69
0
0
1
3632 211
1
3633 87
0
1
3634 116
1
3635 241
1
3636 67
1
3637 132
1
3638 27
1
3639 212
1
3640 30
0
1
3641 61
1
3642 121
0
1
3643 155
0
1
3644 161
1
3645 204
1
3646 205
1
3647 109
1
3648 92
1
3649 23
1
3650 122
1
3651 197
1
3652 226
0
0
1
3653 59
0
1
3654 61
1
3655 242
0
0
1
3656 8
1
3657 147
1
3658 74
1
3659 185
1
3660 227
1
3661 106
1
3662 227
1
3663 100
1
3664 32
1
3665 111
0
0
0
1
3666 73
1
3667 218
0
1
3668 90
1
3669 145
1
3670 111
1
3671 90
1
3672 224
1
3673 124
1
3674 98
1
3675 120
1
3676 73
1
3677 88
0
1
3678 79
1
3679 242
1
3680 153
1
3681 213
1
3682 17
1
3683 227
1
3684 49
1
3685 30
1
3686 17
0
0
1
3687 44
0
1
3688 8
1
3689 149
0
1
3690 216
0
0
1
3691 118
1
3692 228
0
1
3693 172
1
3694 212
1
3695 73
1
3696 8
1
3697 168
1
3698 60
1
3699 44
0
0
0
1
3700 27
1
3701 225
1
3702 45
0
1
3703 3
1
3704 161
1
3705 105
1
3706 109
1
3707 205
1
3708 169
0
0
1
3709 106
1
3710 46
1
3711 79
1
3712 207
1
3713 155
0
1
3714 197
1
3715 227
1
3716 11
1
3717 213
1
3718 212
1
3719 222
0
1
3720 27
1
3721 232
1
3722 171
1
3723 173
1
3724 50
1
3725 180
0
1
3726 45
1
3727 173
0
1
3728 161
1
3729 125
0
1
3730 107
0
0
1
3731 152
1
3732 201
1
3733 105
1
3734 238
0
1
3735 119
0
1
3736 72
1
3737 187
1
3738 54
1
3739 67
1
3740 23
1
3741 176
1
3742 66
1
3743 80
0
1
3744 165
1
3745 43
1
3746 79
1
3747 72
1
3748 135
1
3749 106
1
3750 199
1
3751 33
1
3752 90
1
3753 96
1
3754 240
0
1
3755 204
1
3756 201
1
3757 139
0
1
3758 155
0
1
3759 197
0
0
0
1
3760 182
1
3761 109
1
3762 168
1
3763 117
0
1
3764 135
0
1
3765 73
0
0
0
0
0
1
3766 65
1
3767 60
1
3768 207
0
1
3769 94
1
3770 29
1
3771 195
0
0
1
3772 46
1
3773 55
0
0
0
0
1
3774 8
1
3775 36
1
3776 95
0
0
0
1
3777 85
1
3778 196
0
0
1
3779 194
0
1
3780 154
0
1
3781 61
0
0
1
3782 149
1
3783 42
1
3784 59
1
3785 224
0
1
3786 39
0
0
1
3787 93
1
3788 52
1
3789 12
0
0
1
3790 153
1
3791 87
0
0
1
3792 162
1
3793 14
1
3794 68
1
3795 36
1
3796 11
1
3797 205
0
1
3798 188
0
0
1
3799 30
0
1
3800 137
1
3801 206
1
3802 203
1
3803 177
1
3804 168
1
3805 171
1
3806 82
0
0
0
1
3807 144
0
1
3808 86
1
3809 187
0
1
3810 6
0
0
0
1
3811 38
0
1
3812 17
1
3813 107
1
3814 113
1
3815 140
1
3816 238
0
1
3817 148
1
3818 3
1
3819 123
1
3820 41
1
3821 212
1
3822 32
1
3823 76
0
0
1
3824 11
0
1
3825 32
0
0
1
3826 199
1
3827 185
0
0
1
3828 67
1
3829 169
0
1
3830 184
0
1
3831 30
1
3832 181
0
1
3833 7
1
3834 168
0
0
0
1
3835 75
0
1
3836 217
1
3837 9
0
1
3838 177
0
1
3839 46
1
3840 234
0
0
1
3841 124
1
3842 44
1
3843 69
0
1
3844 13
1
3845 103
0
1
3846 130
1
3847 164
0
1
3848 195
1
3849 71
1
3850 54
1
3851 231
1
3852 3
0
0
0
1
3853 128
0
0
0
1
3854 31
1
3855 163
1
3856 32
0
1
3857 143
0
1
3858 242
0
1
3859 116
0
1
3860 126
1
3861 156
0
1
3862 186
1
3863 71
0
0
1
3864 240
0
1
3865 111
0
0
0
1
3866 202
0
1
3867 94
0
0
1
3868 111
0
0
1
3869 150
1
3870 159
1
3871 40
1
3872 5
1
3873 143
0
1
3874 3
1
3875 75
1
3876 108
1
3877 206
1
3878 96
1
3879 93
1
3880 196
0
1
3881 79
1
3882 124
1
3883 39
1
3884 87
1
3885 127
1
3886 118
1
3887 49
0
1
3888 27
0
1
3889 218
1
3890 79
0
1
3891 172
1
3892 233
0
0
1
3893 167
1
3894 208
0
0
1
3895 70
0
1
3896 212
1
3897 176
1
3898 35
1
3899 168
1
3900 91
1
3901 124
1
3902 143
0
1
3903 78
0
1
3904 45
0
1
3905 116
1
3906 125
0
1
3907 166
0
1
3908 15
1
3909 188
0
0
1
3910 32
1
3911 209
1
3912 160
1
3913 228
1
3914 61
0
1
3915 30
1
3916 148
1
3917 6
0
1
3918 177
0
1
3919 125
1
3920 54
1
3921 167
1
3922 192
1
3923 33
1
3924 203
1
3925 212
0
1
3926 18
1
3927 72
0
0
1
3928 238
1
3929 107
1
3930 239
0
1
3931 125
0
1
3932 178
1
3933 33
1
3934 210
1
3935 155
1
3936 58
0
0
1
3937 211
1
3938 139
1
3939 209
1
3940 30
0
0
1
3941 159
1
3942 33
1
3943 92
0
1
3944 33
0
0
0
1
3945 134
1
3946 214
1
3947 122
0
1
3948 102
1
3949 102
1
3950 118
1
3951 90
0
1
3952 128
1
3953 188
1
3954 139
1
3955 216
0
1
3956 74
1
3957 43
1
3958 5
0
1
3959 2
1
3960 105
0
1
3961 196
1
3962 21
1
3963 173
1
3964 126
0
1
3965 89
1
3966 100
0
1
3967 30
1
3968 231
0
1
3969 209
0
1
3970 207
1
3971 232
0
0
0
1
3972 109
1
3973 199
1
3974 208
1
3975 16
1
3976 177
0
0
1
3977 4
1
3978 13
1
3979 150
0
1
3980 126
1
3981 165
1
3982 191
1
3983 155
0
0
1
3984 92
1
3985 201
1
3986 232
0
1
3987 123
1
3988 87
1
3989 31
1
3990 152
0
1
3991 167
0
1
3992 178
0
1
3993 88
0
1
3994 208
1
3995 143
1
3996 71
0
0
0
0
0
0
0
1
3997 92
0
1
3998 199
0
0
1
3999 39
0
1
4000 67
0
0
1
4001 147
1
4002 169
0
0
1
4003 173
0
0
1
4004 105
1
4005 54
1
4006 155
1
4007 42
0
1
4008 105
0
0
0
1
4009 49
1
4010 136
0
0
1
4011 155
0
0
0
0
1
4012 55
0
1
4013 153
0
0
1
4014 208
1
4015 36
1
4016 217
0
0
1
4017 193
0
1
4018 124
1
4019 76
1
4020 100
1
4021 153
1
4022 5
1
4023 195
1
4024 186
1
4025 199
0
0
0
0
1
4026 232
0
1
4027 96
1
4028 164
1
4029 229
1
4030 152
1
4031 59
1
4032 16
1
4033 105
0
0
1
4034 145
1
4035 151
1
4036 120
1
4037 196
1
4038 159
1
4039 233
1
4040 203
0
0
1
4041 26
1
4042 200
0
1
4043 54
1
4044 136
0
1
4045 93
1
4046 100
1
4047 232
1
4048 128
0
1
4049 133
1
4050 150
0
1
4051 36
0
0
0
0
0
1
4052 92
1
4053 237
1
4054 27
1
4055 131
1
4056 171
0
1
4057 207
0
0
0
1
4058 99
1
4059 185
0
0
1
4060 128
0
1
4061 220
1
4062 64
1
4063 51
1
4064 34
1
4065 47
0
0
1
4066 81
1
4067 238
0
0
1
4068 70
1
4069 169
1
4070 116
0
1
4071 3
1
4072 110
1
4073 126
1
4074 147
0
0
1
4075 183
0
0
1
4076 205
1
4077 9
1
4078 163
1
4079 233
0
1
4080 240
1
4081 220
0
1
4082 159
0
0
1
4083 144
0
0
0
1
4084 162
1
4085 209
0
1
4086 221
0
1
4087 236
1
4088 196
1
4089 122
0
0
1
4090 240
1
4091 92
0
1
4092 189
1
4093 120
1
4094 220
0
0
0
1
4095 33
1
4096 35
0
0
1
4097 195
0
0
1
4098 216
0
0
0
0
0
0
1
4099 118
1
4100 124
1
4101 231
1
4102 239
0
1
4103 67
1
4104 167
0
0
1
4105 72
1
4106 183
0
0
0
0
1
4107 152
0
0
1
4108 82
0
1
4109 99
0
0
1
4110 82
0
1
4111 189
0
1
4112 74
0
0
0
1
4113 3
1
4114 101
0
0
1
4115 105
0
1
4116 79
0
0
0
1
4117 165
1
4118 31
1
4119 209
0
1
4120 71
1
4121 214
0
0
0
1
4122 56
0
1
4123 143
1
4124 170
1
4125 46
1
4126 214
0
1
4127 87
1
4128 17
0
1
4129 46
0
1
4130 195
1
4131 13
0
0
0
0
1
4132 82
0
1
4133 87
1
4134 199
0
0
0
1
4135 87
0
0
0
1
4136 105
1
4137 54
1
4138 55
0
1
4139 172
1
4140 72
1
4141 68
1
4142 167
0
1
4143 186
0
0
1
4144 130
0
0
0
0
0
1
4145 47
1
4146 13
0
1
4147 200
0
1
4148 143
1
4149 90
1
4150 168
0
1
4151 231
1
4152 181
0
1
4153 232
1
4154 107
0
1
4155 160
1
4156 37
1
4157 69
0
0
0
0
1
4158 173
1
4159 230
1
4160 142
0
1
4161 166
1
4162 27
1
4163 180
0
1
4164 55
0
0
0
1
4165 241
1
4166 231
0
1
4167 43
0
0
1
4168 142
1
4169 130
0
0
1
4170 46
1
4171 167
1
4172 178
0
0
0
1
4173 18
0
0
0
0
1
4174 30
1
4175 105
0
1
4176 124
0
0
0
1
4177 153
0
1
4178 147
1
4179 169
1
4180 234
1
4181 209
0
1
4182 202
0
0
0
0
0
0
0
1
4183 71
1
4184 35
0
0
1
4185 185
1
4186 26
1
4187 133
1
4188 87
0
1
4189 59
0
1
4190 70
0
0
0
0
1
4191 89
1
4192 157
1
4193 227
0
0
0
1
4194 75
1
4195 215
1
4196 205
1
4197 93
1
4198 157
1
4199 194
1
4200 169
0
1
4201 80
1
4202 97
1
4203 124
1
4204 68
1
4205 174
0
0
0
1
4206 41
0
1
4207 118
0
1
4208 6
0
1
4209 183
1
4210 89
0
1
4211 17
1
4212 133
1
4213 221
1
4214 211
0
0
0
1
4215 163
0
0
0
1
4216 25
1
4217 180
1
4218 150
0
0
0
0
1
4219 212
0
0
1
4220 148
1
4221 135
1
4222 36
0
0
0
0
1
4223 130
1
4224 154
1
4225 153
1
4226 7
0
1
4227 189
0
0
1
4228 127
0
0
0
0
1
4229 77
1
4230 224
0
1
4231 107
1
4232 227
0
0
1
4233 181
0
0
1
4234 229
1
4235 137
1
4236 159
1
4237 8
1
4238 61
1
4239 142
1
4240 30
0
1
4241 233
1
4242 29
1
4243 148
0
0
0
0
0
1
4244 187
1
4245 225
0
0
1
4246 62
1
4247 129
0
0
1
4248 89
1
4249 82
0
1
4250 126
1
4251 38
0
0
0
0
1
4252 9
1
4253 235
1
4254 136
0
0
0
0
1
4255 241
1
4256 149
0
1
4257 225
1
4258 53
0
1
4259 11
1
4260 104
0
1
4261 86
1
4262 232
0
1
4263 159
0
0
1
4264 41
1
4265 31
0
0
0
0
1
4266 228
1
4267 136
1
4268 191
0
1
4269 93
1
4270 51
0
0
0
0
0
1
4271 13
0
0
0
0
0
0
1
4272 200
0
0
1
4273 211
0
1
4274 105
1
4275 15
0
0
1
4276 105
0
0
0
1
4277 99
0
0
1
4278 224
1
4279 71
0
0
1
4280 211
0
0
1
4281 45
1
4282 74
0
0
0
0
0
0
0
1
4283 88
1
4284 43
0
0
0
0
0
0
1
4285 191
1
4286 43
0
0
0
0
0
0
0
1
4287 167
1
4288 74
0
1
4289 86
0
1
4290 123
1
4291 63
1
4292 35
1
4293 30
0
1
4294 80
0
1
4295 85
0
1
4296 143
0
1
4297 176
1
4298 6
1
4299 193
1
4300 80
1
4301 147
1
4302 238
1
4303 66
0
0
0
1
4304 79
1
4305 116
0
0
1
4306 212
1
4307 224
0
1
4308 41
0
1
4309 75
0
0
0
0
1
4310 225
1
4311 12
0
0
1
4312 32
1
4313 146
0
1
4314 155
1
4315 62
0
1
4316 88
0
0
1
4317 239
1
4318 27
0
0
0
1
4319 18
1
4320 94
0
1
4321 129
0
0
0
1
4322 86
0
1
4323 149
0
1
4324 146
0
1
4325 14
0
0
1
4326 216
0
1
4327 156
0
1
4328 230
1
4329 194
1
4330 63
1
4331 118
1
4332 54
0
1
4333 2
0
1
4334 209
1
4335 22
1
4336 198
1
4337 229
1
4338 183
0
1
4339 95
0
1
4340 39
0
0
0
0
0
0
1
4341 27
1
4342 34
1
4343 192
0
1
4344 45
1
4345 100
0
0
0
1
4346 234
0
0
1
4347 33
1
4348 103
1
4349 126
1
4350 27
0
1
4351 18
0
0
0
1
4352 169
1
4353 21
1
4354 74
0
0
0
1
4355 173
0
0
0
1
4356 86
0
0
0
0
1
4357 240
0
0
1
4358 128
0
1
4359 20
1
4360 75
0
0
1
4361 11
1
4362 7
1
4363 41
1
4364 29
0
0
1
4365 27
1
4366 201
0
1
4367 81
1
4368 123
0
0
0
0
1
4369 204
0
1
4370 200
0
0
0
1
4371 33
1
4372 20
1
4373 73
0
1
4374 5
0
1
4375 25
1
4376 34
1
4377 92
1
4378 116
1
4379 10
1
4380 59
1
4381 216
0
1
4382 88
0
0
0
1
4383 88
0
0
0
1
4384 92
0
0
0
0
0
1
4385 94
0
1
4386 2
0
0
0
0
0
1
4387 184
0
1
4388 17
1
4389 212
0
1
4390 63
0
0
0
0
0
1
4391 114
0
0
0
1
4392 212
0
0
1
4393 136
1
4394 160
0
0
0
0
0
0
0
0
0
0
1
4395 130
1
4396 216
1
4397 237
1
4398 133
1
4399 230
1
4400 4
0
1
4401 105
0
0
1
4402 18
0
1
4403 209
0
0
0
1
4404 62
1
4405 235
1
4406 118
1
4407 149
0
0
1
4408 218
0
0
1
4409 220
1
4410 63
1
4411 77
1
4412 186
1
4413 185
0
0
0
1
4414 33
1
4415 84
0
1
4416 148
1
4417 21
1
4418 54
1
4419 19
0
0
0
1
4420 37
1
4421 147
1
4422 4
0
0
1
4423 190
0
1
4424 114
0
0
0
1
4425 73
1
4426 207
0
1
4427 88
0
0
1
4428 119
0
0
1
4429 41
0
0
1
4430 231
0
0
0
0
0
1
4431 40
0
0
0
0
0
1
4432 226
0
1
4433 96
0
1
4434 126
1
4435 173
1
4436 162
0
1
4437 16
1
4438 29
0
0
0
0
0
0
0
0
0
1
4439 86
0
1
4440 7
0
0
1
4441 204
1
4442 18
0
0
1
4443 228
1
4444 101
0
0
1
4445 166
1
4446 145
1
4447 43
0
1
4448 161
1
4449 24
1
4450 223
1
4451 232
1
4452 149
1
4453 218
0
1
4454 7
0
0
0
1
4455 134
0
0
0
1
4456 45
0
0
0
0
1
4457 89
1
4458 33
0
0
0
1
4459 173
0
0
0
0
1
4460 131
0
0
1
4461 109
1
4462 165
0
1
4463 228
1
4464 161
0
0
0
0
0
0
0
0
0
0
1
4465 97
0
1
4466 85
1
4467 219
0
0
0
1
4468 16
1
4469 156
1
4470 124
1
4471 150
1
4472 221
1
4473 55
1
4474 184
1
4475 232
1
4476 144
1
4477 173
0
0
0
0
0
1
4478 222
1
4479 158
0
1
4480 217
0
0
0
1
4481 38
1
4482 114
0
0
0
0
1
4483 190
0
0
0
1
4484 69
1
4485 213
1
4486 203
0
0
0
0
0
0
0
0
1
4487 233
0
0
1
4488 112
0
0
1
4489 131
1
4490 113
1
4491 232
0
0
1
4492 153
0
0
0
1
4493 154
1
4494 56
0
1
4495 106
0
0
0
0
0
0
0
0
0
0
0
0
1
4496 74
1
4497 55
1
4498 232
1
4499 146
0
0
1
4500 137
0
0
1
4501 206
0
1
4502 201
0
0
0
0
0
0
0
0
1
4503 232
0
0
0
0
0
0
1
4504 208
0
0
0
0
0
1
4505 239
1
4506 200
0
0
1
4507 229
1
4508 223
0
0
0
0
0
1
4509 66
1
4510 79
0
1
4511 242
0
0
0
0
0
0
1
4512 82
0
0
0
1
4513 200
0
0
0
0
0
1
4514 148
1
4515 74
0
1
4516 227
1
4517 231
0
1
4518 63
0
1
4519 147
0
1
4520 237
1
4521 32
0
1
4522 69
0
0
0
0
0
0
0
0
0
1
4523 68
0
1
4524 71
0
0
0
0
0
0
0
0
1
4525 65
0
1
4526 238
0
0
0
0
1
4527 37
1
4528 227
1
4529 31
0
0
0
1
4530 94
0
1
4531 147
0
1
4532 143
0
0
0
0
0
0
0
0
1
4533 125
0
0
1
4534 47
0
0
0
0
0
0
0
0
0
1
4535 35
1
4536 134
0
0
0
0
1
4537 134
1
4538 82
1
4539 151
1
4540 205
0
0
0
1
4541 192
0
0
0
0
0
1
4542 54
0
0
0
1
4543 212
1
4544 65
0
0
0
0
0
0
1
4545 45
1
4546 159
1
4547 66
0
0
0
0
0
0
0
0
0
0
0
1
4548 145
0
0
0
1
4549 240
1
4550 89
0
0
0
0
1
4551 118
0
0
0
0
1
4552 160
0
1
4553 142
0
0
0
0
0
0
0
1
4554 204
0
0
1
4555 138
0
0
0
0
1
4556 69
0
0
1
4557 163
0
0
1
4558 143
0
0
1
4559 175
0
1
4560 150
0
0
1
4561 232
1
4562 122
1
4563 156
0
1
4564 88
0
1
4565 145
0
0
0
0
0
0
0
0
1
4566 201
0
0
0
0
1
4567 149
0
0
0
0
1
4568 238
1
4569 102
1
4570 105
0
0
0
0
1
4571 133
0
0
1
4572 196
0
0
0
0
1
4573 54
0
0
1
4574 227
1
4575 126
1
4576 182
0
0
0
1
4577 94
0
0
0
0
0
0
0
0
0
1
4578 229
1
4579 30
0
0
0
0
0
0
0
1
4580 131
1
4581 201
1
4582 166
0
0
0
0
0
0
0
0
0
0
1
4583 205
0
0
0
1
4584 161
1
4585 226
1
4586 117
0
0
0
0
0
1
4587 235
1
4588 4
1
4589 197
0
0
0
0
0
0
0
0
0
0
0
0
1
4590 15
0
0
1
4591 205
0
0
0
1
4592 93
1
4593 164
0
1
4594 183
0
1
4595 203
1
4596 37
0
0
1
4597 72
0
0
0
0
0
0
0
0
0
0
1
4598 218
0
0
0
1
4599 4
0
0
1
4600 187
0
0
1
4601 213
1
4602 81
1
4603 199
1
4604 87
0
1
4605 12
0
0
0
0
0
0
0
0
0
0
0
1
4606 236
1
4607 96
0
0
1
4608 113
0
0
1
4609 60
0
0
0
1
4610 98
0
0
0
0
0
0
1
4611 149
0
0
1
4612 82
1
4613 88
0
1
4614 82
0
0
0
1
4615 209
0
0
0
0
1
4616 234
0
0
1
4617 3
1
4618 84
0
0
0
0
0
0
1
4619 87
0
0
0
0
0
0
0
0
1
4620 112
0
0
1
4621 90
0
0
0
0
0
0
0
1
4622 11
1
4623 100
0
0
0
1
4624 201
0
1
4625 172
0
0
1
4626 54
1
4627 94
0
0
0
1
4628 165
0
0
0
1
4629 111
0
0
1
4630 223
0
0
1
4631 178
1
4632 225
0
0
0
1
4633 25
0
0
0
1
4634 229
0
0
0
0
0
1
4635 30
1
4636 85
0
1
4637 96
0
0
1
4638 99
0
0
0
0
0
1
4639 42
0
0
0
1
4640 63
0
0
0
0
0
0
0
0
0
0
0
0
0
0
0
0
0
1
4641 217
0
0
1
4642 105
0
0
1
4643 179
0
0
0
0
0
0
1
4644 86
0
1
4645 100
0
0
1
4646 181
1
4647 151
1
4648 217
0
0
0
0
0
1
4649 72
0
0
0
0
0
0
0
0
1
4650 146
0
0
0
0
0
0
0
0
1
4651 87
0
0
0
0
0
0
0
0
0
0
0
1
4652 120
0
1
4653 17
0
1
4654 175
0
0
0
0
0
0
0
0
0
0
0
1
4655 25
0
0
0
1
4656 62
0
1
4657 210
0
0
0
0
1
4658 198
1
4659 157
0
0
0
0
0
0
1
4660 4
0
0
0
0
1
4661 25
0
1
4662 207
0
1
4663 21
0
0
0
1
4664 170
0
0
0
0
0
1
4665 197
0
0
0
0
0
0
0
0
0
0
0
0
0
0
1
4666 146
1
4667 147
0
0
1
4668 46
0
0
0
0
0
0
0
0
0
0
0
0
0
0
0
0
0
0
0
0
1
4669 227
0
0
0
0
0
0
1
4670 75
0
1
4671 145
0
0
0
1
4672 93
0
0
0
1
4673 93
0
0
0
0
1
4674 158
0
0
0
0
0
0
0
0
0
1
4675 223
1
4676 104
0
1
4677 228
0
0
1
4678 199
0
0
0
0
0
0
0
0
0
0
0
0
0
0
0
0
0
0
0
0
0
0
1
4679 238
0
0
0
0
1
4680 4
0
0
0
0
0
0
0
0
0
1
4681 32
0
0
0
0
0
0
0
1
4682 208
0
1
4683 221
0
0
1
4684 39
0
1
4685 76
0
0
1
4686 90
0
0
0
0
1
4687 237
0
1
4688 20
0
1
4689 238
0
0
0
1
4690 145
0
0
0
0
0
0
0
1
4691 156
0
0
0
0
0
0
0
0
0
0
0
1
4692 158
1
4693 112
0
0
1
4694 227
0
0
0
1
4695 100
1
4696 173
0
0
0
1
4697 192
0
0
0
0
0
0
0
0
0
0
0
0
1
4698 34
0
0
0
0
0
0
0
1
4699 166
0
0
0
0
0
0
0
0
0
0
0
0
0
0
0
1
4700 17
0
0
0
1
4701 14
0
0
0
1
4702 64
0
0
0
0
1
4703 98
0
0
0
0
0
0
0
0
0
0
0
1
4704 40
0
1
4705 88
0
0
0
1
4706 148
0
0
0
0
1
4707 153
0
1
4708 44
0
0
0
0
0
0
0
0
0
0
0
0
1
4709 79
0
1
4710 67
0
0
1
4711 17
1
4712 135
0
0
0
0
0
0
0
0
0
0
0
1
4713 208
0
0
0
0
1
4714 203
0
0
1
4715 129
0
1
4716 72
0
0
0
0
0
0
0
0
0
0
0
0
0
0
0
0
0
0
0
0
0
0
0
0
0
0
0
0
0
0
0
0
0
0
0
0
0
1
4717 42
0
0
0
1
4718 132
0
0
0
0
1
4719 162
0
0
0
0
0
0
0
0
0
0
0
0
1
4720 92
1
4721 178
0
0
0
0
0
0
1
4722 187
0
0
0
0
0
0
1
4723 189
0
0
0
1
4724 126
0
0
0
0
0
0
0
0
0
0
0
0
1
4725 201
0
1
4726 166
0
0
0
0
0
0
0
0
0
0
0
0
0
0
0
0
0
0
1
4727 61
0
0
1
4728 170
0
0
0
0
0
0
1
4729 106
0
0
0
0
0
0
1
4730 126
0
0
1
4731 92
0
0
0
0
0
1
4732 204
0
0
0
0
0
0
0
1
4733 36
0
0
0
0
0
1
4734 42
0
0
0
0
1
4735 70
0
0
0
0
0
1
4736 73
0
0
1
4737 186
0
1
4738 188
1
4739 194
0
1
4740 165
0
0
0
0
0
0
0
0
0
0
0
0
0
0
0
0
0
0
1
4741 2
0
0
0
0
0
1
4742 19
0
0
0
0
0
0
0
0
0
0
0
0
0
0
1
4743 89
0
0
1
4744 136
0
0
0
0
0
0
0
0
0
0
0
0
0
0
0
0
0
0
0
0
0
0
0
1
4745 8
0
0
0
0
0
1
4746 143
0
0
0
0
0
0
0
0
0
0
0
1
4747 87
0
0
0
0
0
0
1
4748 239
0
0
0
0
0
0
0
0
1
4749 56
0
0
0
0
0
0
0
0
0
0
0
0
0
0
0
0
0
0
0
0
0
0
0
0
1
4750 213
0
1
4751 58
0
0
0
0
0
0
0
1
4752 54
0
0
0
0
0
0
0
0
0
0
0
0
1
4753 62
0
0
0
0
0
0
0
1
4754 13
0
0
0
0
0
0
0
0
0
0
0
0
0
0
0
0
0
0
0
0
0
0
0
0
0
0
1
4755 7
0
0
0
0
0
0
0
1
4756 214
0
0
0
0
0
0
0
0
1
4757 116
1
4758 68
0
0
0
1
4759 164
0
0
1
4760 105
0
0
0
0
0
0
0
0
0
0
0
0
0
0
0
0
0
0
1
4761 131
1
4762 7
0
0
0
0
0
0
0
1
4763 217
0
0
0
0
0
0
0
0
0
0
0
0
0
0
0
0
0
0
0
0
1
4764 106
0
0
1
4765 101
0
0
1
4766 236
0
0
0
0
1
4767 106
0
0
0
0
0
0
0
0
0
0
0
0
0
0
0
0
1
4768 167
0
0
0
0
0
0
0
0
0
0
0
0
0
1
4769 137
0
0
0
0
0
0
0
0
0
0
0
0
0
0
0
0
1
4770 30
0
0
0
0
0
0
0
0
0
0
0
0
0
0
0
0
0
0
0
0
0
0
0
0
0
0
0
0
0
0
0
0
0
0
0
0
0
0
0
0
0
0
0
0
0
0
1
4771 154
0
0
0
0
0
0
0
0
0
0
0
0
0
0
0
0
0
0
1
4772 204
0
0
0
0
0
0
0
0
0
0
0
0
0
0
0
0
0
0
0
0
0
0
0
0
1
4773 196
0
0
0
0
0
0
0
0
0
0
0
0
0
0
1
4774 236
0
0
0
0
0
0
0
0
0
0
0
0
0
0
0
0
0
0
0
0
0
0
1
4775 113
0
0
0
0
0
0
0
0
0
0
0
0
0
0
0
0
0
0
0
0
0
0
0
0
0
0
0
0
0
0
0
0
0
0
0
0
0
0
0
0
0
0
0
0
0
0
0
0
0
0
0
0
0
0
0
0
0
0
0
0
0
0
0
0
0
0
0
0
0
0
0
0
0
0
0
0
0
0
0
0
0
0
0
0
0
0
0
0
0
0
0
0
0
0
0
0
0
0
0
0
0
0
0
0
0
0
0
0
0
0
0
0
0
0
0
0
0
0
0
0
0
0
0
0
0
0
0
0
0
0
0
0
0
0
0
0
0
0
0
0
0
0
0
0
0
0
0
0
0
0
0
0
0
0
0
0
0
0
0
0
0
0
0
0
0
0
0
0
0
0
0
0
0
0
0
0
0
0
0
0
0
0
0
0
0
0
0
0
0
0
0
0
0
0
0
0
0
0
0
0
0
0
0
0
0
0
0
0
0
0
0
0
0
0
0
0
0
0
0
0
0
0
0
0
0
0
0
0
0
0
0
0
0
0
0
0
0
0
0
0
0
0
0
0
0
0
0
0
0
0
0
0
0
0
0
0
0
0
0
0
0
0
0
0
0
0
0
0
0
0
0
0
0
0
0
0
0
0
0
0
0
0
0
0
0
0
0
0
0
0
0
0
0
0
0
0
0
0
0
0
0
0
0
0
0
0
0
0
0
0
0
0
0
0
0
0
0
0
0
0
0
0
0
0
0
0
0
0
0
0
0
0
0
0
0
0
0
0
0
0
0
0
0
0
0
0
0
0
0
0
0
0
0
0
0
0
0
0
0
0
0
0
0
0
0
0
0
0
0
0
0
0
0
0
0
0
0
0
0
0
0
0
0
0
0
0
0
0
0
0
0
0
0
0
0
0
0
0
0
0
0
0
0
0
0
0
0
0
0
0
0
0
0
0
0
0
0
0
0
0
0
0
0
0
0
0
0
0
0
0
0
0
0
0
0
0
0
0
0
0
0
0
0
0
0
0
0
0
0
0
0
0
0
0
0
0
0
0
0
0
0
0
0
0
0
0
0
0
0
0
0
0
0
0
0
0
0
0
0
0
0
0
0
0
0
0
0
0
0
0
0
0
0
0
0
0
0
0
0
0
0
0
0
0
0
0
0
0
0
0
0
0
0
0
0
0
0
0
0
0
0
0
0
0
0
0
0
0
0
0
0
0
0
0
0
0
0
0
0
0
0
0
0
0
0
0
0
0
0
0
0
0
0
0
0
0
0
0
0
0
0
0
0
0
0
0
0
0
0
0
0
0
0
0
0
0
0
0
0
0
0
0
0
0
0
0
0
0
0
0
0
0
0
0
0
0
0
0
0
0
0
0
0
0
0
0
0
0
0
0
0
0
0
0
0
0
0
0
0
0
0
0
0
0
0
0
0
0
0
0
