272 457
31 113 4
30 195 3
184 173 3
160 159 2
174 57 3
19 196 3
112 244 3
117 204 3
104 141 4
241 73 4
43 176 1
218 242 2
44 59 3
230 45 3
239 252 3
214 213 4
64 152 4
97 17 2
34 3 3
102 123 4
263 20 3
26 109 4
161 160 4
13 8 3
251 79 4
39 62 4
36 164 4
73 139 3
208 58 2
198 254 4
66 232 1
186 19 4
99 17 7
147 163 5
145 174 2
62 175 3
213 218 3
234 47 4
110 240 3
118 187 3
54 257 3
214 192 4
147 266 3
181 170 3
4 149 2
146 8 4
193 165 3
199 161 2
136 106 4
157 112 3
174 234 4
220 88 3
186 159 2
85 204 4
181 58 3
15 49 4
264 70 5
67 234 4
207 266 3
129 46 4
56 83 5
90 106 3
200 194 2
133 55 4
49 255 2
171 197 3
6 150 3
78 178 2
151 124 3
13 71 3
191 208 3
41 262 5
110 108 3
72 114 3
74 61 2
184 117 3
152 83 4
111 100 3
255 185 5
175 201 4
23 215 2
104 161 4
45 243 2
134 92 3
108 105 3
9 174 4
54 182 4
15 216 2
218 51 4
179 164 3
147 26 4
121 110 2
22 119 4
179 235 3
190 206 5
162 43 3
237 119 4
183 248 2
78 150 4
123 26 3
105 131 3
172 7 5
60 70 3
204 237 3
243 260 4
265 33 2
25 79 3
17 211 3
125 61 3
238 222 4
42 50 3
138 217 3
192 235 3
65 213 4
81 65 2
44 82 6
51 11 2
225 181 4
45 260 3
201 216 4
188 240 3
45 47 3
91 152 3
103 141 4
52 12 3
166 162 3
270 153 4
3 29 2
247 261 5
87 122 3
168 268 3
31 160 3
120 4 3
117 140 4
169 66 4
171 92 2
1 203 3
138 102 5
189 53 3
62 228 2
179 221 2
64 91 1
259 80 3
235 239 4
62 201 4
51 226 3
86 68 2
233 217 1
134 262 4
109 253 4
180 190 3
221 219 3
137 226 4
245 146 2
35 220 3
268 206 5
20 40 3
4 90 3
209 10 3
237 99 3
27 33 3
86 272 4
183 219 3
143 74 2
219 235 2
212 195 3
257 53 4
262 37 2
110 131 3
93 1 3
221 180 3
76 217 3
148 228 2
153 146 3
88 68 3
26 154 2
205 252 5
128 63 6
137 11 2
75 243 3
138 207 4
185 103 3
189 30 5
254 28 3
225 170 2
142 115 3
63 48 3
176 168 4
97 211 4
50 30 3
229 197 3
127 134 4
132 101 4
214 34 4
38 126 2
233 38 3
53 115 3
223 55 4
87 223 3
199 31 3
186 207 3
120 249 4
43 114 4
241 133 4
159 199 4
209 261 5
6 126 3
40 28 3
247 90 3
157 19 3
39 148 3
269 91 2
142 203 4
267 132 4
130 122 2
101 241 2
55 130 2
14 202 4
70 59 3
77 11 4
24 18 3
239 24 3
68 272 4
246 113 4
29 63 4
188 108 3
183 194 3
10 113 2
148 253 5
95 18 5
230 224 3
116 71 5
272 32 4
258 27 4
133 101 2
173 80 4
37 100 4
84 215 2
86 107 4
205 34 4
83 65 3
200 190 3
191 257 5
109 163 3
35 23 3
165 61 3
122 177 2
14 175 4
170 168 3
144 176 3
84 32 2
112 106 4
74 132 4
18 220 3
20 198 5
37 92 3
247 19 3
27 222 3
167 46 3
107 272 2
97 89 4
66 57 2
194 248 3
34 56 3
32 215 3
258 238 4
222 73 3
155 135 6
205 48 3
79 167 4
5 265 2
271 76 2
233 78 3
25 229 2
69 227 3
246 209 2
160 199 2
189 212 4
95 24 3
267 241 3
156 216 3
150 52 3
210 195 4
50 210 3
95 236 3
98 210 3
151 249 4
244 193 3
12 39 3
200 183 2
256 76 1
237 140 3
87 231 4
121 108 1
121 105 4
145 234 4
242 65 4
244 256 2
212 115 2
81 242 2
181 166 4
95 252 2
69 96 5
188 142 4
33 5 4
22 89 4
136 145 4
203 87 2
197 134 4
61 143 4
57 232 4
21 191 3
149 224 3
154 123 5
249 149 4
9 57 3
180 268 5
150 12 4
171 7 3
42 21 5
228 39 2
164 225 4
196 159 3
82 98 4
94 263 4
58 166 3
77 79 2
231 55 2
71 10 4
259 243 2
177 72 2
135 111 5
203 223 4
105 5 2
141 163 4
144 114 3
224 67 3
75 80 3
2 165 4
173 151 4
107 208 3
15 250 4
229 127 3
206 169 3
64 29 2
162 182 4
198 94 4
124 117 4
92 197 4
96 227 3
158 120 3
253 156 5
251 167 2
41 100 4
16 212 4
192 56 4
152 111 4
129 75 3
202 139 3
54 93 2
203 93 4
126 267 4
226 260 3
22 99 3
231 130 4
124 204 4
125 74 2
7 41 3
217 256 4
228 201 3
42 30 3
86 36 3
269 29 1
102 178 3
250 156 4
266 102 3
77 25 4
46 184 4
82 16 4
178 123 4
28 119 4
96 118 3
144 143 3
232 47 3
258 265 3
145 67 2
256 271 3
172 81 2
158 116 4
69 155 3
250 255 3
230 47 4
131 265 4
81 218 2
4 261 4
38 125 3
98 44 5
227 187 4
75 259 2
178 52 3
17 89 2
246 247 4
135 69 2
270 85 3
271 244 1
154 253 3
128 269 4
264 16 4
2 169 3
84 23 3
18 236 3
3 91 1
116 245 5
8 245 2
195 189 3
153 158 3
239 192 4
96 187 4
172 242 2
59 82 1
90 157 4
264 60 5
36 88 4
60 240 5
85 99 2
64 3 2
140 28 2
251 137 4
167 94 3
252 24 3
122 231 3
31 196 4
127 263 4
157 136 3
202 222 3
250 185 3
48 236 5
72 130 2
109 103 4
39 52 2
111 155 4
251 129 4
146 270 3
170 166 2
35 68 3
143 2 3
238 14 3
177 130 3
6 139 5
140 254 3
21 32 4
213 248 5
40 254 2
9 165 3
128 118 4
1 182 4
193 76 3
10000
0
0
0
0
0
0
0
0
0
0
0
0
0
0
0
0
0
0
0
0
0
0
0
0
0
0
0
0
0
0
0
0
0
0
0
0
0
0
0
0
0
0
0
0
0
0
0
0
0
0
0
1
1 101
1
2 117
0
0
1
3 193
0
0
0
0
0
0
0
0
0
0
0
0
0
0
0
0
0
0
0
0
0
0
0
0
0
0
0
0
0
0
0
0
0
0
0
0
0
0
0
0
0
0
0
0
0
0
0
0
0
0
0
0
0
0
0
1
4 228
0
0
0
0
0
1
5 75
0
0
0
0
0
0
0
0
1
6 237
0
0
0
0
0
0
0
0
0
0
0
1
7 173
0
0
0
0
0
0
0
0
0
0
0
0
1
8 204
1
9 2
0
0
0
0
0
0
0
0
0
0
0
0
1
10 19
0
0
0
0
0
0
0
0
0
0
0
0
0
0
0
1
11 132
0
0
0
0
1
12 4
0
0
0
0
0
0
0
0
0
0
0
0
0
0
1
13 76
0
0
0
0
0
0
0
0
0
0
0
0
0
0
1
14 75
0
0
0
1
15 145
0
0
1
16 73
0
0
0
0
0
0
0
0
0
0
0
0
0
0
0
0
0
0
0
0
0
0
1
17 119
0
0
0
0
0
0
0
0
0
0
0
0
0
1
18 117
0
0
0
0
0
0
0
0
0
0
1
19 240
0
0
0
0
0
0
0
0
0
0
0
0
0
0
0
0
0
0
0
0
0
1
20 82
0
0
0
0
0
0
0
0
1
21 99
0
0
0
0
1
22 11
0
0
1
23 122
0
0
0
0
1
24 251
1
25 144
0
0
0
1
26 242
0
1
27 35
0
0
1
28 116
0
0
0
0
0
1
29 33
0
0
0
0
0
0
0
0
0
0
0
1
30 236
0
0
1
31 142
0
0
0
0
0
1
32 69
0
1
33 24
0
0
0
0
0
1
34 135
1
35 271
0
1
36 69
0
0
0
0
0
0
0
0
0
0
0
0
0
1
37 21
1
38 106
1
39 180
0
0
1
40 156
0
0
1
41 12
0
0
1
42 19
1
43 146
0
0
0
0
1
44 119
0
1
45 175
0
0
0
0
0
0
0
0
0
0
0
0
0
0
0
0
0
1
46 209
0
0
0
0
0
0
1
47 227
0
0
1
48 179
1
49 57
0
0
0
0
0
0
0
0
1
50 229
0
1
51 46
0
1
52 207
1
53 117
0
0
0
0
0
1
54 189
0
0
0
0
0
0
0
0
0
0
0
0
0
0
0
0
0
0
0
0
0
0
0
1
55 131
0
0
0
0
1
56 179
0
0
0
1
57 205
0
1
58 101
0
1
59 158
0
0
0
1
60 260
1
61 50
0
0
0
0
0
0
0
1
62 78
0
0
0
1
63 80
1
64 168
0
1
65 155
0
0
0
1
66 2
0
1
67 30
1
68 129
0
0
0
1
69 86
0
0
0
1
70 240
0
0
1
71 261
0
0
0
0
1
72 156
0
0
0
0
1
73 165
0
0
0
0
0
1
74 264
1
75 80
1
76 75
0
1
77 251
0
0
0
0
1
78 227
0
0
0
0
0
0
0
0
0
0
0
0
0
0
0
0
0
0
0
0
0
1
79 181
1
80 265
1
81 158
0
0
1
82 86
0
0
1
83 62
1
84 171
1
85 215
0
0
0
0
0
0
0
0
1
86 247
1
87 108
0
0
1
88 97
0
0
0
0
0
0
1
89 32
0
0
0
0
0
0
1
90 46
0
0
0
0
0
0
0
0
0
1
91 142
0
1
92 196
1
93 225
0
0
0
0
0
1
94 199
0
0
0
0
1
95 3
0
0
0
0
0
0
0
1
96 135
1
97 241
0
1
98 41
1
99 125
0
1
100 271
1
101 230
1
102 208
0
1
103 230
0
1
104 152
0
0
0
0
1
105 145
0
0
1
106 37
0
0
0
1
107 144
1
108 40
1
109 50
1
110 209
0
1
111 158
0
0
0
0
0
0
0
0
0
1
112 143
0
1
113 93
0
0
1
114 51
0
0
1
115 207
0
1
116 99
1
117 81
0
0
0
0
0
0
1
118 212
0
1
119 207
0
0
0
1
120 80
0
1
121 158
1
122 102
0
0
0
1
123 244
0
0
0
1
124 90
1
125 90
0
0
0
1
126 25
1
127 206
0
1
128 66
1
129 246
0
0
1
130 125
0
1
131 39
0
1
132 6
0
0
1
133 234
0
0
1
134 20
1
135 156
1
136 180
0
1
137 268
1
138 236
1
139 186
1
140 194
1
141 221
0
1
142 197
0
0
1
143 88
1
144 211
0
0
0
1
145 106
1
146 226
1
147 69
0
1
148 139
1
149 238
1
150 221
1
151 127
0
1
152 254
0
0
1
153 123
0
1
154 21
0
0
0
0
0
0
0
0
0
0
0
1
155 201
1
156 173
0
0
1
157 99
1
158 174
1
159 153
0
0
1
160 252
0
1
161 232
0
0
0
1
162 106
1
163 51
0
1
164 271
1
165 23
0
0
1
166 56
0
0
0
0
1
167 123
1
168 206
1
169 161
0
0
1
170 140
0
1
171 41
0
1
172 132
1
173 74
0
1
174 211
0
0
1
175 165
1
176 77
0
1
177 25
0
0
1
178 190
0
1
179 90
0
1
180 97
1
181 175
0
0
1
182 125
0
0
0
1
183 26
0
1
184 52
0
1
185 32
0
0
1
186 158
1
187 254
0
1
188 27
1
189 50
0
0
1
190 223
1
191 67
1
192 20
0
0
1
193 148
1
194 173
1
195 213
0
1
196 39
1
197 166
1
198 115
0
1
199 98
0
1
200 80
1
201 106
1
202 187
0
1
203 157
1
204 238
1
205 141
0
0
1
206 254
0
1
207 5
1
208 13
0
0
1
209 37
1
210 268
0
0
0
1
211 263
0
1
212 144
1
213 151
1
214 246
1
215 160
0
1
216 32
1
217 39
0
0
0
1
218 112
1
219 68
0
0
1
220 232
0
0
0
1
221 119
1
222 66
0
1
223 139
1
224 25
0
1
225 110
1
226 202
1
227 134
1
228 225
0
0
1
229 246
0
1
230 118
1
231 196
1
232 4
1
233 24
1
234 226
0
0
1
235 61
1
236 136
1
237 270
0
1
238 195
1
239 189
1
240 247
1
241 103
1
242 145
1
243 24
0
1
244 24
0
0
1
245 90
0
0
1
246 94
0
1
247 102
0
1
248 5
1
249 136
1
250 55
1
251 118
1
252 39
1
253 7
1
254 58
1
255 8
1
256 35
0
1
257 124
0
0
0
0
1
258 42
1
259 184
0
0
1
260 52
1
261 177
1
262 8
0
1
263 136
0
1
264 259
1
265 199
0
1
266 221
1
267 246
1
268 145
0
0
1
269 39
1
270 42
0
1
271 245
1
272 86
1
273 158
1
274 4
0
1
275 134
0
1
276 152
1
277 53
1
278 270
1
279 152
0
1
280 241
0
0
0
0
1
281 10
1
282 265
0
1
283 230
0
0
0
1
284 173
1
285 258
1
286 107
1
287 184
0
1
288 140
1
289 65
1
290 246
1
291 18
0
1
292 72
1
293 91
1
294 37
1
295 45
1
296 176
0
0
1
297 261
0
1
298 29
1
299 131
1
300 144
1
301 224
0
1
302 215
0
1
303 215
1
304 177
0
1
305 106
0
1
306 246
0
0
1
307 19
0
1
308 141
1
309 87
0
0
1
310 213
0
1
311 128
1
312 125
0
1
313 120
0
1
314 78
0
0
1
315 137
1
316 81
1
317 56
1
318 119
1
319 155
1
320 117
1
321 10
0
0
1
322 78
0
0
0
0
1
323 65
0
0
1
324 2
0
0
1
325 249
0
1
326 151
1
327 82
1
328 65
1
329 271
0
0
0
1
330 53
1
331 155
0
1
332 198
1
333 184
1
334 193
1
335 27
0
1
336 210
1
337 98
0
1
338 139
0
0
1
339 63
0
1
340 246
1
341 5
1
342 20
0
0
1
343 67
1
344 259
1
345 266
0
1
346 46
0
0
0
0
1
347 10
1
348 160
0
1
349 132
1
350 208
1
351 82
1
352 183
1
353 158
0
0
1
354 39
0
0
1
355 18
1
356 196
0
0
1
357 229
1
358 124
1
359 82
0
0
0
0
1
360 165
1
361 130
0
1
362 266
1
363 232
1
364 271
1
365 255
1
366 265
1
367 109
1
368 127
1
369 74
0
0
1
370 213
0
1
371 171
1
372 45
1
373 243
0
1
374 21
1
375 36
1
376 56
1
377 8
0
1
378 219
0
1
379 219
1
380 264
1
381 261
1
382 261
1
383 243
1
384 149
0
1
385 206
0
1
386 92
1
387 20
1
388 27
0
0
1
389 141
1
390 75
1
391 234
1
392 271
0
1
393 61
1
394 75
0
0
1
395 228
1
396 209
0
1
397 56
1
398 163
0
1
399 58
1
400 112
1
401 13
0
1
402 202
1
403 264
1
404 80
1
405 155
0
1
406 55
0
1
407 151
1
408 153
0
0
1
409 4
1
410 25
1
411 119
1
412 67
1
413 38
1
414 261
1
415 263
1
416 165
0
1
417 183
0
0
1
418 145
1
419 14
1
420 224
1
421 252
0
1
422 67
1
423 120
0
1
424 254
1
425 140
1
426 98
1
427 249
1
428 4
1
429 247
0
1
430 52
1
431 179
0
0
1
432 259
0
1
433 99
0
1
434 37
1
435 67
1
436 38
1
437 26
0
1
438 75
0
1
439 80
1
440 209
1
441 229
1
442 52
1
443 184
1
444 234
1
445 65
1
446 37
1
447 159
1
448 248
1
449 257
1
450 166
1
451 159
1
452 103
1
453 89
0
0
1
454 90
0
1
455 6
1
456 237
1
457 224
1
458 18
1
459 272
1
460 172
0
0
1
461 271
0
0
0
1
462 161
0
0
1
463 162
1
464 97
0
1
465 63
0
1
466 123
1
467 124
0
1
468 63
0
0
0
1
469 82
1
470 128
0
1
471 206
1
472 233
1
473 247
1
474 188
0
1
475 52
1
476 86
1
477 247
1
478 29
1
479 9
0
1
480 10
0
1
481 65
1
482 49
1
483 246
1
484 223
1
485 233
1
486 248
1
487 190
0
1
488 209
0
1
489 173
1
490 6
1
491 94
1
492 34
1
493 110
1
494 171
1
495 186
1
496 211
0
1
497 255
1
498 37
1
499 230
0
0
0
0
1
500 90
1
501 190
1
502 205
1
503 187
0
1
504 121
1
505 249
1
506 188
1
507 256
0
0
1
508 36
0
0
0
0
1
509 53
1
510 67
1
511 140
0
0
0
1
512 262
1
513 135
1
514 249
1
515 218
1
516 52
0
0
1
517 108
1
518 120
1
519 3
1
520 224
1
521 205
1
522 137
1
523 153
1
524 6
1
525 64
1
526 257
1
527 172
1
528 64
1
529 262
0
1
530 32
1
531 120
1
532 75
1
533 2
1
534 37
1
535 88
1
536 56
1
537 66
0
1
538 99
1
539 267
1
540 95
1
541 90
1
542 164
1
543 78
1
544 234
0
1
545 225
0
1
546 93
1
547 166
1
548 6
1
549 24
1
550 53
1
551 145
1
552 224
1
553 90
1
554 157
1
555 249
0
0
1
556 124
1
557 97
1
558 204
1
559 159
1
560 174
1
561 195
1
562 149
1
563 257
1
564 67
1
565 73
1
566 259
1
567 84
1
568 73
1
569 55
1
570 59
1
571 46
1
572 132
1
573 35
1
574 269
1
575 213
1
576 266
1
577 194
0
1
578 117
1
579 156
1
580 77
1
581 250
1
582 29
1
583 103
1
584 40
1
585 30
1
586 230
0
1
587 187
1
588 265
0
1
589 263
1
590 246
1
591 118
1
592 226
1
593 108
0
1
594 76
1
595 171
1
596 110
0
0
0
1
597 211
1
598 107
0
1
599 11
1
600 96
1
601 141
0
1
602 248
0
1
603 221
1
604 211
1
605 71
1
606 32
0
1
607 128
1
608 158
0
1
609 77
1
610 223
1
611 65
0
1
612 117
0
1
613 132
1
614 252
1
615 128
0
1
616 133
1
617 81
1
618 61
0
1
619 60
1
620 204
1
621 154
1
622 7
1
623 81
1
624 15
1
625 32
1
626 158
1
627 13
1
628 47
1
629 250
1
630 210
1
631 84
1
632 78
1
633 244
1
634 167
1
635 80
1
636 237
1
637 94
1
638 137
1
639 145
0
1
640 139
1
641 198
1
642 244
1
643 217
1
644 221
1
645 15
0
1
646 26
1
647 3
1
648 170
1
649 128
1
650 185
1
651 76
1
652 144
0
1
653 127
1
654 123
1
655 225
1
656 113
1
657 229
1
658 260
1
659 264
1
660 148
1
661 43
0
1
662 244
1
663 207
1
664 210
0
0
0
1
665 232
0
1
666 257
1
667 86
1
668 149
1
669 132
1
670 203
1
671 13
1
672 161
1
673 160
1
674 5
1
675 12
1
676 60
1
677 23
0
1
678 41
1
679 195
1
680 220
1
681 214
1
682 202
0
0
1
683 43
1
684 98
0
0
0
1
685 64
1
686 138
0
1
687 139
1
688 239
1
689 154
0
1
690 67
1
691 58
1
692 96
1
693 141
1
694 114
1
695 272
1
696 30
1
697 162
1
698 87
0
1
699 102
1
700 128
1
701 64
1
702 53
1
703 32
0
1
704 10
0
1
705 116
1
706 162
1
707 122
1
708 66
1
709 164
1
710 30
1
711 196
1
712 221
1
713 21
0
1
714 152
1
715 235
1
716 102
1
717 98
1
718 225
1
719 106
0
1
720 50
1
721 217
0
1
722 258
1
723 101
1
724 72
1
725 66
0
1
726 10
1
727 237
0
1
728 100
0
1
729 105
1
730 256
1
731 244
1
732 267
1
733 78
1
734 271
1
735 263
1
736 263
1
737 155
1
738 60
0
1
739 234
1
740 80
1
741 36
1
742 243
0
1
743 82
1
744 249
1
745 58
1
746 80
1
747 17
1
748 13
1
749 228
1
750 64
1
751 261
1
752 159
1
753 109
1
754 20
1
755 162
1
756 261
1
757 27
1
758 101
1
759 74
1
760 264
1
761 233
1
762 250
1
763 260
1
764 173
1
765 22
1
766 265
0
1
767 161
0
1
768 47
1
769 170
1
770 206
1
771 163
1
772 246
1
773 56
1
774 192
1
775 221
0
1
776 228
1
777 75
1
778 22
1
779 80
1
780 46
1
781 252
1
782 263
1
783 82
1
784 213
1
785 254
1
786 145
1
787 112
1
788 116
1
789 244
1
790 122
1
791 32
1
792 195
1
793 69
1
794 78
0
1
795 74
1
796 167
1
797 57
1
798 262
1
799 187
1
800 77
1
801 95
1
802 18
1
803 182
1
804 122
1
805 242
1
806 80
1
807 186
1
808 78
1
809 157
1
810 14
1
811 195
1
812 43
1
813 205
1
814 259
1
815 234
1
816 9
1
817 9
1
818 88
1
819 137
1
820 67
1
821 117
1
822 137
1
823 170
1
824 201
1
825 259
1
826 70
1
827 217
0
1
828 27
1
829 93
1
830 35
1
831 70
1
832 266
1
833 265
1
834 119
1
835 46
1
836 19
1
837 191
1
838 230
1
839 7
1
840 149
1
841 245
1
842 106
1
843 77
1
844 42
1
845 135
1
846 5
1
847 29
1
848 106
1
849 60
1
850 224
1
851 225
1
852 86
1
853 254
1
854 102
1
855 234
1
856 28
1
857 8
1
858 113
1
859 38
1
860 85
1
861 10
1
862 174
1
863 229
1
864 205
1
865 260
1
866 31
1
867 155
1
868 26
1
869 32
1
870 92
1
871 30
1
872 8
1
873 93
1
874 186
1
875 123
1
876 178
1
877 181
1
878 34
1
879 50
1
880 51
1
881 168
1
882 171
1
883 258
1
884 202
1
885 44
1
886 192
1
887 167
1
888 240
1
889 229
1
890 49
1
891 227
1
892 261
1
893 55
1
894 42
1
895 65
1
896 82
1
897 76
1
898 56
1
899 143
1
900 98
1
901 30
1
902 50
1
903 121
1
904 192
1
905 44
1
906 209
1
907 260
1
908 246
1
909 76
1
910 155
1
911 160
1
912 67
1
913 165
1
914 146
1
915 62
1
916 73
1
917 10
1
918 225
1
919 20
1
920 184
1
921 235
1
922 178
1
923 37
1
924 80
1
925 5
1
926 182
1
927 57
1
928 211
1
929 104
1
930 241
1
931 167
1
932 58
1
933 103
1
934 166
1
935 200
1
936 106
1
937 271
1
938 184
1
939 184
1
940 211
1
941 144
1
942 113
1
943 89
1
944 7
1
945 129
1
946 170
1
947 67
1
948 144
1
949 131
1
950 165
1
951 99
1
952 157
1
953 12
1
954 64
1
955 123
1
956 13
0
1
957 50
1
958 124
1
959 110
1
960 173
1
961 97
1
962 188
1
963 48
1
964 116
1
965 164
1
966 125
1
967 256
1
968 58
1
969 202
1
970 204
1
971 157
1
972 155
1
973 124
1
974 180
1
975 185
1
976 60
1
977 68
1
978 234
1
979 60
1
980 122
1
981 244
1
982 229
1
983 162
1
984 4
1
985 196
1
986 244
1
987 138
1
988 179
1
989 65
1
990 118
1
991 10
1
992 10
1
993 51
1
994 201
1
995 75
1
996 102
1
997 52
1
998 129
1
999 151
1
1000 134
1
1001 90
1
1002 103
1
1003 180
1
1004 10
1
1005 184
1
1006 172
1
1007 246
1
1008 59
1
1009 207
1
1010 85
1
1011 105
1
1012 227
1
1013 217
1
1014 208
1
1015 194
1
1016 109
1
1017 202
1
1018 103
1
1019 16
1
1020 39
1
1021 58
1
1022 10
1
1023 106
1
1024 13
1
1025 6
1
1026 120
1
1027 49
1
1028 4
1
1029 228
1
1030 226
1
1031 219
1
1032 173
1
1033 200
1
1034 117
1
1035 133
1
1036 259
1
1037 126
1
1038 74
1
1039 244
1
1040 207
1
1041 221
1
1042 148
1
1043 99
1
1044 246
1
1045 205
1
1046 65
1
1047 75
1
1048 272
1
1049 232
1
1050 104
1
1051 113
1
1052 140
1
1053 151
1
1054 177
1
1055 204
1
1056 191
1
1057 8
1
1058 252
1
1059 85
1
1060 196
1
1061 146
1
1062 173
1
1063 83
1
1064 130
1
1065 98
1
1066 223
1
1067 144
1
1068 238
1
1069 68
1
1070 234
1
1071 190
1
1072 122
1
1073 98
1
1074 243
1
1075 188
1
1076 194
1
1077 244
1
1078 218
1
1079 79
1
1080 16
1
1081 184
1
1082 125
0
1
1083 198
1
1084 15
1
1085 175
1
1086 39
1
1087 103
1
1088 241
1
1089 87
1
1090 35
1
1091 135
1
1092 238
1
1093 155
1
1094 142
1
1095 135
1
1096 134
1
1097 250
1
1098 249
1
1099 52
1
1100 47
1
1101 188
1
1102 211
1
1103 193
1
1104 242
1
1105 113
1
1106 125
1
1107 247
1
1108 157
1
1109 143
1
1110 175
1
1111 244
1
1112 198
1
1113 46
1
1114 169
1
1115 249
1
1116 18
1
1117 45
0
1
1118 208
1
1119 78
1
1120 80
1
1121 234
1
1122 215
1
1123 136
1
1124 244
1
1125 86
1
1126 232
1
1127 209
1
1128 7
1
1129 107
1
1130 76
1
1131 27
1
1132 161
1
1133 268
1
1134 270
1
1135 192
1
1136 80
1
1137 145
1
1138 210
1
1139 194
1
1140 203
1
1141 76
1
1142 72
1
1143 257
0
1
1144 145
0
1
1145 54
1
1146 46
1
1147 4
1
1148 234
0
1
1149 200
1
1150 38
1
1151 12
1
1152 102
1
1153 74
1
1154 173
1
1155 26
1
1156 170
1
1157 234
1
1158 116
1
1159 267
1
1160 252
1
1161 143
0
1
1162 214
1
1163 4
1
1164 151
1
1165 182
1
1166 164
1
1167 2
1
1168 149
1
1169 76
1
1170 151
1
1171 158
1
1172 78
1
1173 209
1
1174 46
1
1175 223
1
1176 27
1
1177 120
1
1178 56
1
1179 46
0
1
1180 258
1
1181 134
0
1
1182 113
1
1183 137
1
1184 271
1
1185 80
1
1186 232
1
1187 111
1
1188 122
1
1189 57
1
1190 117
1
1191 197
1
1192 135
1
1193 73
1
1194 67
1
1195 11
1
1196 112
1
1197 196
1
1198 173
1
1199 80
1
1200 259
1
1201 89
1
1202 178
1
1203 44
1
1204 140
1
1205 123
1
1206 259
1
1207 85
1
1208 259
1
1209 61
1
1210 149
1
1211 6
1
1212 189
1
1213 81
1
1214 18
1
1215 138
1
1216 124
1
1217 229
1
1218 246
1
1219 119
1
1220 270
1
1221 96
1
1222 224
1
1223 242
1
1224 250
1
1225 22
1
1226 51
1
1227 142
1
1228 110
1
1229 116
1
1230 159
1
1231 205
1
1232 173
1
1233 217
1
1234 250
1
1235 64
1
1236 40
1
1237 212
1
1238 151
1
1239 4
1
1240 66
1
1241 241
1
1242 129
1
1243 87
1
1244 65
1
1245 41
1
1246 145
1
1247 145
1
1248 86
1
1249 225
1
1250 41
1
1251 43
1
1252 70
1
1253 180
1
1254 117
1
1255 100
1
1256 219
1
1257 99
1
1258 42
1
1259 244
1
1260 124
1
1261 13
1
1262 154
1
1263 248
1
1264 197
1
1265 188
1
1266 114
1
1267 56
0
1
1268 269
1
1269 20
1
1270 14
1
1271 100
1
1272 10
1
1273 256
1
1274 199
1
1275 162
1
1276 85
1
1277 224
1
1278 226
1
1279 162
1
1280 59
1
1281 221
1
1282 217
1
1283 154
1
1284 216
1
1285 173
1
1286 3
1
1287 270
0
1
1288 43
1
1289 71
1
1290 247
1
1291 167
1
1292 191
1
1293 120
1
1294 237
1
1295 140
1
1296 176
1
1297 112
1
1298 46
1
1299 228
1
1300 89
1
1301 163
1
1302 129
1
1303 248
1
1304 146
1
1305 58
1
1306 73
1
1307 40
1
1308 16
1
1309 213
1
1310 78
1
1311 97
1
1312 233
1
1313 270
1
1314 106
1
1315 29
0
1
1316 66
1
1317 144
1
1318 182
1
1319 145
1
1320 267
1
1321 23
1
1322 116
1
1323 15
1
1324 222
0
0
1
1325 48
1
1326 112
0
1
1327 99
1
1328 20
1
1329 196
1
1330 160
1
1331 170
1
1332 11
1
1333 105
1
1334 259
1
1335 229
1
1336 12
1
1337 3
1
1338 67
1
1339 137
1
1340 246
0
1
1341 201
1
1342 33
1
1343 150
1
1344 90
1
1345 263
1
1346 190
1
1347 121
1
1348 247
1
1349 259
1
1350 104
1
1351 9
1
1352 191
1
1353 5
1
1354 220
0
1
1355 55
1
1356 111
1
1357 119
1
1358 232
1
1359 9
0
0
1
1360 182
1
1361 230
1
1362 269
1
1363 10
1
1364 33
1
1365 146
1
1366 174
1
1367 89
1
1368 107
1
1369 54
1
1370 246
1
1371 167
1
1372 38
1
1373 129
1
1374 218
1
1375 210
1
1376 201
1
1377 123
1
1378 98
1
1379 16
1
1380 183
1
1381 209
1
1382 171
1
1383 110
1
1384 229
1
1385 107
1
1386 226
1
1387 44
1
1388 47
1
1389 202
1
1390 89
1
1391 94
1
1392 209
1
1393 116
1
1394 197
1
1395 187
1
1396 18
1
1397 242
0
1
1398 173
1
1399 51
1
1400 174
1
1401 42
1
1402 117
0
1
1403 82
1
1404 220
1
1405 97
1
1406 34
1
1407 167
1
1408 62
1
1409 99
1
1410 178
1
1411 145
1
1412 155
1
1413 252
0
1
1414 244
1
1415 187
1
1416 125
1
1417 242
1
1418 173
1
1419 10
1
1420 124
1
1421 226
1
1422 150
1
1423 141
1
1424 19
1
1425 168
1
1426 174
1
1427 120
1
1428 146
1
1429 158
1
1430 92
1
1431 256
1
1432 46
1
1433 28
1
1434 232
1
1435 61
1
1436 184
1
1437 18
1
1438 60
1
1439 144
1
1440 90
1
1441 259
1
1442 249
1
1443 194
1
1444 29
1
1445 106
1
1446 189
1
1447 266
1
1448 55
1
1449 119
1
1450 212
1
1451 270
1
1452 263
1
1453 8
1
1454 9
1
1455 140
1
1456 4
1
1457 47
1
1458 24
1
1459 116
1
1460 218
1
1461 242
1
1462 176
1
1463 134
1
1464 192
1
1465 6
1
1466 270
1
1467 249
1
1468 271
1
1469 200
1
1470 120
1
1471 241
1
1472 234
1
1473 98
1
1474 101
1
1475 199
1
1476 178
1
1477 111
1
1478 117
1
1479 117
1
1480 51
1
1481 6
1
1482 27
1
1483 49
1
1484 84
1
1485 176
1
1486 251
1
1487 234
1
1488 130
1
1489 82
1
1490 259
1
1491 203
1
1492 79
0
1
1493 184
1
1494 130
1
1495 143
1
1496 25
0
0
1
1497 137
1
1498 174
1
1499 25
1
1500 146
1
1501 208
1
1502 82
1
1503 10
1
1504 268
0
1
1505 195
1
1506 80
1
1507 14
1
1508 246
1
1509 67
0
1
1510 175
1
1511 107
1
1512 114
0
1
1513 7
1
1514 259
1
1515 167
1
1516 266
1
1517 118
1
1518 247
1
1519 150
1
1520 154
1
1521 57
1
1522 20
1
1523 207
1
1524 157
0
1
1525 45
1
1526 59
1
1527 13
1
1528 7
1
1529 245
0
1
1530 140
1
1531 131
1
1532 205
1
1533 191
1
1534 202
1
1535 263
1
1536 3
1
1537 261
1
1538 98
1
1539 186
1
1540 73
1
1541 72
0
1
1542 268
1
1543 96
1
1544 249
1
1545 107
1
1546 110
1
1547 195
1
1548 194
1
1549 44
1
1550 204
1
1551 70
1
1552 198
1
1553 167
1
1554 80
1
1555 28
1
1556 137
0
0
0
1
1557 215
1
1558 138
1
1559 218
1
1560 13
1
1561 87
1
1562 5
1
1563 116
1
1564 29
1
1565 19
1
1566 230
1
1567 148
1
1568 234
1
1569 189
1
1570 74
1
1571 26
1
1572 227
1
1573 96
1
1574 270
1
1575 78
0
1
1576 4
0
0
1
1577 141
1
1578 217
1
1579 247
1
1580 132
1
1581 19
1
1582 61
1
1583 106
1
1584 213
1
1585 178
1
1586 32
1
1587 121
1
1588 246
1
1589 176
1
1590 185
1
1591 21
1
1592 232
1
1593 173
1
1594 217
1
1595 227
1
1596 197
1
1597 29
1
1598 175
1
1599 53
1
1600 71
1
1601 118
1
1602 184
1
1603 212
1
1604 19
1
1605 260
1
1606 224
1
1607 229
1
1608 127
0
1
1609 207
1
1610 112
1
1611 54
1
1612 90
1
1613 176
1
1614 72
1
1615 203
1
1616 245
1
1617 220
1
1618 186
1
1619 271
1
1620 13
1
1621 85
1
1622 245
1
1623 26
1
1624 85
1
1625 25
1
1626 173
1
1627 25
1
1628 226
1
1629 120
1
1630 106
0
1
1631 176
0
1
1632 159
1
1633 154
1
1634 261
1
1635 272
1
1636 100
1
1637 106
1
1638 181
1
1639 81
1
1640 260
1
1641 53
1
1642 46
1
1643 92
1
1644 149
1
1645 34
1
1646 101
1
1647 73
1
1648 224
1
1649 106
1
1650 263
1
1651 193
1
1652 173
1
1653 123
1
1654 184
1
1655 186
1
1656 140
0
1
1657 239
0
1
1658 234
1
1659 162
1
1660 38
1
1661 161
0
1
1662 70
1
1663 107
1
1664 90
1
1665 234
1
1666 143
1
1667 222
1
1668 102
1
1669 133
1
1670 103
1
1671 201
1
1672 61
1
1673 184
1
1674 16
1
1675 90
1
1676 134
1
1677 185
1
1678 194
1
1679 202
1
1680 185
1
1681 177
0
1
1682 248
1
1683 106
1
1684 258
1
1685 92
1
1686 271
0
1
1687 148
1
1688 31
0
1
1689 185
1
1690 145
1
1691 16
1
1692 257
0
1
1693 226
1
1694 35
0
1
1695 218
0
1
1696 143
1
1697 60
0
1
1698 164
0
1
1699 147
1
1700 158
1
1701 204
1
1702 258
1
1703 20
1
1704 116
1
1705 23
0
1
1706 212
1
1707 13
1
1708 95
1
1709 125
1
1710 203
1
1711 186
1
1712 137
1
1713 160
1
1714 187
1
1715 180
1
1716 90
1
1717 136
1
1718 193
1
1719 244
1
1720 156
0
0
1
1721 127
1
1722 193
1
1723 93
1
1724 263
1
1725 261
1
1726 119
1
1727 47
0
1
1728 258
1
1729 51
1
1730 179
1
1731 140
0
0
1
1732 9
1
1733 212
1
1734 87
1
1735 160
1
1736 238
1
1737 99
0
1
1738 38
1
1739 227
1
1740 230
1
1741 263
1
1742 9
1
1743 195
1
1744 32
1
1745 67
1
1746 163
1
1747 124
0
1
1748 150
1
1749 114
1
1750 232
1
1751 150
0
1
1752 155
1
1753 227
1
1754 62
1
1755 37
1
1756 236
1
1757 260
1
1758 225
1
1759 33
1
1760 126
1
1761 252
1
1762 119
1
1763 65
1
1764 51
0
1
1765 189
0
1
1766 219
1
1767 68
0
1
1768 262
1
1769 82
1
1770 20
1
1771 262
1
1772 119
1
1773 256
1
1774 200
1
1775 106
1
1776 253
1
1777 145
0
1
1778 182
1
1779 264
1
1780 212
1
1781 188
1
1782 243
1
1783 164
1
1784 40
1
1785 145
0
1
1786 255
1
1787 92
1
1788 46
1
1789 74
1
1790 25
0
1
1791 170
1
1792 169
1
1793 96
1
1794 175
1
1795 239
1
1796 61
1
1797 239
1
1798 82
1
1799 220
1
1800 261
1
1801 249
1
1802 37
1
1803 99
0
1
1804 198
1
1805 15
0
1
1806 263
1
1807 9
1
1808 244
0
1
1809 59
1
1810 80
1
1811 167
1
1812 67
1
1813 92
1
1814 126
1
1815 107
1
1816 238
1
1817 154
1
1818 49
1
1819 134
1
1820 176
1
1821 239
1
1822 3
1
1823 203
1
1824 241
0
1
1825 19
1
1826 70
1
1827 87
1
1828 45
1
1829 55
1
1830 7
1
1831 49
1
1832 191
1
1833 103
0
1
1834 216
0
1
1835 149
1
1836 200
0
1
1837 234
0
0
1
1838 137
1
1839 27
1
1840 232
1
1841 52
0
1
1842 92
1
1843 219
1
1844 132
1
1845 237
1
1846 8
1
1847 83
1
1848 196
1
1849 169
1
1850 60
0
1
1851 5
1
1852 191
1
1853 13
1
1854 203
1
1855 136
1
1856 244
1
1857 166
1
1858 68
1
1859 4
1
1860 201
1
1861 16
1
1862 237
1
1863 157
1
1864 225
0
1
1865 189
1
1866 47
1
1867 120
1
1868 101
1
1869 125
1
1870 130
1
1871 199
1
1872 77
1
1873 225
1
1874 59
0
1
1875 177
1
1876 244
1
1877 173
1
1878 30
1
1879 219
1
1880 46
1
1881 84
1
1882 191
1
1883 174
1
1884 106
1
1885 228
0
1
1886 118
1
1887 89
1
1888 113
1
1889 147
1
1890 220
1
1891 108
1
1892 253
1
1893 152
1
1894 188
1
1895 167
1
1896 46
1
1897 157
1
1898 80
1
1899 188
1
1900 220
1
1901 80
1
1902 139
0
1
1903 99
1
1904 199
1
1905 73
1
1906 129
1
1907 241
1
1908 64
1
1909 120
1
1910 28
1
1911 177
1
1912 270
1
1913 60
1
1914 212
1
1915 218
1
1916 256
1
1917 10
1
1918 71
1
1919 99
1
1920 187
0
1
1921 108
1
1922 139
1
1923 84
1
1924 69
1
1925 109
0
1
1926 272
0
0
1
1927 32
1
1928 112
1
1929 57
1
1930 69
1
1931 48
1
1932 46
1
1933 150
0
1
1934 23
1
1935 117
1
1936 247
1
1937 222
0
1
1938 73
1
1939 26
1
1940 240
1
1941 185
1
1942 182
0
1
1943 59
1
1944 64
1
1945 242
1
1946 208
1
1947 7
1
1948 264
1
1949 209
1
1950 270
1
1951 261
1
1952 136
0
0
1
1953 159
1
1954 256
1
1955 150
1
1956 184
1
1957 248
1
1958 43
0
0
1
1959 116
0
1
1960 127
0
0
0
0
1
1961 77
1
1962 147
1
1963 222
1
1964 172
1
1965 46
1
1966 265
1
1967 128
1
1968 120
0
1
1969 71
1
1970 229
1
1971 270
1
1972 136
1
1973 171
1
1974 117
1
1975 54
1
1976 26
1
1977 27
1
1978 4
1
1979 68
1
1980 86
1
1981 256
1
1982 220
1
1983 17
1
1984 14
1
1985 20
1
1986 120
1
1987 246
1
1988 56
1
1989 187
1
1990 258
0
1
1991 150
1
1992 103
1
1993 71
1
1994 241
1
1995 239
1
1996 4
1
1997 248
1
1998 84
1
1999 45
1
2000 2
1
2001 35
1
2002 27
1
2003 246
1
2004 210
1
2005 193
1
2006 151
1
2007 30
0
1
2008 55
1
2009 218
1
2010 82
1
2011 70
1
2012 239
1
2013 76
1
2014 225
1
2015 121
1
2016 124
1
2017 193
1
2018 193
1
2019 84
1
2020 120
1
2021 240
1
2022 77
1
2023 149
1
2024 75
0
1
2025 68
1
2026 114
0
1
2027 104
1
2028 220
1
2029 70
1
2030 59
1
2031 7
1
2032 196
1
2033 90
1
2034 93
1
2035 233
1
2036 94
1
2037 56
1
2038 82
1
2039 254
1
2040 261
1
2041 188
1
2042 85
1
2043 24
1
2044 175
1
2045 135
1
2046 197
1
2047 122
1
2048 209
0
1
2049 222
1
2050 130
1
2051 126
1
2052 258
1
2053 43
1
2054 89
1
2055 150
0
1
2056 112
1
2057 193
1
2058 48
1
2059 40
1
2060 206
1
2061 249
1
2062 27
1
2063 245
1
2064 125
1
2065 15
1
2066 163
0
1
2067 168
1
2068 79
1
2069 173
1
2070 158
1
2071 16
1
2072 29
0
1
2073 41
1
2074 229
1
2075 263
1
2076 79
1
2077 22
0
1
2078 119
1
2079 190
1
2080 21
1
2081 133
0
1
2082 271
1
2083 6
0
1
2084 191
0
1
2085 47
1
2086 66
1
2087 10
1
2088 92
1
2089 180
1
2090 217
1
2091 58
1
2092 66
1
2093 208
0
1
2094 134
0
1
2095 240
1
2096 230
1
2097 171
0
1
2098 83
1
2099 133
1
2100 69
1
2101 149
1
2102 247
1
2103 263
1
2104 61
1
2105 201
1
2106 81
0
0
1
2107 168
0
1
2108 139
1
2109 124
1
2110 224
0
1
2111 97
1
2112 38
0
1
2113 203
1
2114 248
1
2115 125
0
1
2116 135
1
2117 149
1
2118 255
1
2119 197
0
1
2120 230
1
2121 131
1
2122 209
1
2123 22
1
2124 183
1
2125 65
1
2126 173
1
2127 266
1
2128 33
0
1
2129 224
1
2130 255
1
2131 75
1
2132 40
1
2133 270
1
2134 98
1
2135 209
1
2136 156
1
2137 255
1
2138 186
1
2139 60
0
1
2140 247
1
2141 136
1
2142 120
0
1
2143 63
1
2144 242
1
2145 147
0
1
2146 146
1
2147 48
1
2148 114
1
2149 137
1
2150 127
0
1
2151 161
1
2152 249
1
2153 134
1
2154 94
1
2155 257
1
2156 72
1
2157 189
1
2158 92
1
2159 125
1
2160 236
1
2161 95
0
0
1
2162 122
1
2163 34
1
2164 5
1
2165 70
1
2166 36
1
2167 130
1
2168 211
1
2169 200
1
2170 262
1
2171 257
1
2172 245
0
1
2173 55
1
2174 6
1
2175 136
1
2176 78
1
2177 215
1
2178 152
0
1
2179 235
1
2180 263
1
2181 89
1
2182 73
1
2183 204
1
2184 81
1
2185 61
1
2186 141
1
2187 95
1
2188 266
1
2189 145
1
2190 101
1
2191 135
1
2192 35
0
1
2193 71
1
2194 221
1
2195 251
1
2196 161
0
1
2197 132
0
1
2198 182
1
2199 52
1
2200 52
1
2201 64
1
2202 86
0
1
2203 109
1
2204 220
1
2205 127
1
2206 57
1
2207 133
1
2208 194
1
2209 34
0
1
2210 49
0
0
1
2211 137
1
2212 252
1
2213 249
1
2214 24
1
2215 93
1
2216 203
1
2217 12
0
1
2218 251
1
2219 107
1
2220 206
1
2221 7
1
2222 28
1
2223 231
1
2224 38
1
2225 110
1
2226 221
1
2227 42
1
2228 38
1
2229 202
1
2230 270
1
2231 259
1
2232 158
1
2233 135
1
2234 153
1
2235 224
1
2236 219
1
2237 167
1
2238 234
0
1
2239 73
1
2240 51
1
2241 253
1
2242 239
1
2243 171
1
2244 266
1
2245 173
0
1
2246 91
0
1
2247 148
1
2248 40
1
2249 153
1
2250 215
1
2251 4
0
1
2252 191
1
2253 246
1
2254 55
1
2255 92
0
0
1
2256 5
1
2257 88
0
1
2258 165
0
1
2259 46
0
1
2260 197
1
2261 150
1
2262 247
1
2263 57
1
2264 85
1
2265 209
1
2266 107
1
2267 234
1
2268 123
1
2269 217
1
2270 191
1
2271 90
1
2272 259
1
2273 179
0
0
1
2274 133
1
2275 36
0
1
2276 189
1
2277 127
1
2278 196
1
2279 234
1
2280 248
1
2281 128
1
2282 12
1
2283 267
1
2284 12
1
2285 256
1
2286 69
1
2287 270
1
2288 226
1
2289 231
1
2290 192
1
2291 105
1
2292 136
0
1
2293 152
1
2294 144
1
2295 101
1
2296 115
1
2297 118
1
2298 269
0
1
2299 104
0
1
2300 189
1
2301 130
1
2302 201
1
2303 102
1
2304 140
1
2305 259
1
2306 262
1
2307 183
1
2308 158
1
2309 196
1
2310 31
1
2311 80
1
2312 252
1
2313 46
1
2314 105
1
2315 149
0
1
2316 83
1
2317 116
1
2318 45
0
1
2319 59
1
2320 172
1
2321 171
1
2322 95
1
2323 78
1
2324 96
1
2325 159
0
1
2326 4
1
2327 233
1
2328 243
1
2329 82
1
2330 91
1
2331 270
0
1
2332 228
1
2333 173
1
2334 136
1
2335 256
0
1
2336 68
0
1
2337 35
1
2338 24
1
2339 168
1
2340 141
1
2341 145
1
2342 120
1
2343 94
1
2344 46
0
0
0
1
2345 133
1
2346 135
1
2347 48
1
2348 29
1
2349 119
1
2350 246
0
0
0
1
2351 57
1
2352 190
0
1
2353 114
1
2354 193
1
2355 154
1
2356 88
0
0
1
2357 262
1
2358 117
1
2359 82
1
2360 264
1
2361 143
0
1
2362 210
1
2363 258
1
2364 250
1
2365 168
1
2366 92
1
2367 265
1
2368 113
0
1
2369 131
1
2370 103
0
1
2371 29
1
2372 100
0
1
2373 262
1
2374 8
1
2375 230
1
2376 184
1
2377 44
1
2378 132
1
2379 228
1
2380 78
1
2381 200
1
2382 227
0
1
2383 35
1
2384 235
0
0
0
1
2385 12
1
2386 243
1
2387 182
1
2388 61
1
2389 140
1
2390 135
1
2391 135
1
2392 112
1
2393 126
1
2394 197
0
1
2395 198
0
0
1
2396 30
1
2397 265
1
2398 159
0
0
1
2399 64
1
2400 75
0
0
1
2401 259
1
2402 180
1
2403 15
1
2404 75
1
2405 69
0
1
2406 94
1
2407 46
1
2408 204
1
2409 100
1
2410 27
1
2411 68
1
2412 73
0
1
2413 230
1
2414 244
1
2415 251
1
2416 270
1
2417 87
0
1
2418 104
0
1
2419 244
1
2420 249
1
2421 236
1
2422 203
0
1
2423 72
1
2424 145
1
2425 75
1
2426 191
0
1
2427 118
0
0
1
2428 139
1
2429 47
1
2430 209
1
2431 206
0
0
0
1
2432 266
1
2433 203
1
2434 125
1
2435 100
0
1
2436 82
0
0
1
2437 76
0
1
2438 257
0
1
2439 227
1
2440 161
1
2441 103
1
2442 70
1
2443 116
1
2444 235
1
2445 192
0
1
2446 127
0
1
2447 108
1
2448 196
0
1
2449 175
1
2450 151
0
1
2451 162
0
1
2452 258
1
2453 67
1
2454 50
1
2455 124
1
2456 146
1
2457 220
1
2458 149
1
2459 203
0
1
2460 211
1
2461 149
1
2462 209
1
2463 216
1
2464 60
1
2465 49
1
2466 202
0
1
2467 13
0
1
2468 16
1
2469 94
1
2470 245
0
1
2471 208
1
2472 14
1
2473 246
1
2474 261
1
2475 261
1
2476 59
1
2477 142
1
2478 39
0
0
1
2479 132
1
2480 270
1
2481 254
0
0
1
2482 42
1
2483 110
1
2484 13
1
2485 179
1
2486 199
1
2487 146
1
2488 145
1
2489 117
1
2490 264
0
1
2491 129
0
1
2492 202
0
1
2493 162
1
2494 125
1
2495 236
0
1
2496 48
1
2497 80
1
2498 27
1
2499 94
1
2500 39
1
2501 113
0
0
1
2502 38
1
2503 15
1
2504 99
0
1
2505 133
1
2506 218
1
2507 26
1
2508 136
1
2509 27
1
2510 152
1
2511 187
1
2512 47
1
2513 144
1
2514 209
1
2515 61
1
2516 31
1
2517 3
0
1
2518 16
1
2519 116
1
2520 220
1
2521 79
1
2522 103
1
2523 193
1
2524 254
0
1
2525 43
1
2526 112
1
2527 146
1
2528 123
1
2529 258
0
1
2530 168
1
2531 133
1
2532 51
1
2533 220
1
2534 122
1
2535 61
1
2536 80
1
2537 169
0
0
1
2538 248
1
2539 58
0
1
2540 200
0
0
1
2541 8
0
1
2542 37
1
2543 208
1
2544 120
1
2545 217
1
2546 57
1
2547 50
1
2548 175
1
2549 128
1
2550 218
1
2551 116
1
2552 113
1
2553 73
1
2554 88
0
1
2555 79
0
0
1
2556 195
1
2557 233
1
2558 37
0
1
2559 21
1
2560 236
1
2561 19
1
2562 187
1
2563 102
1
2564 14
1
2565 9
1
2566 212
1
2567 6
1
2568 151
0
1
2569 143
1
2570 29
1
2571 102
1
2572 239
1
2573 145
1
2574 139
1
2575 101
1
2576 37
1
2577 112
0
0
1
2578 105
1
2579 2
0
0
1
2580 264
1
2581 116
1
2582 66
1
2583 6
0
1
2584 22
1
2585 173
1
2586 65
0
1
2587 101
0
0
0
1
2588 229
1
2589 160
1
2590 261
1
2591 121
1
2592 223
1
2593 217
1
2594 40
1
2595 163
0
1
2596 174
0
0
1
2597 230
1
2598 267
1
2599 79
1
2600 86
1
2601 156
1
2602 270
0
1
2603 126
1
2604 114
0
1
2605 171
1
2606 46
1
2607 34
1
2608 92
1
2609 21
1
2610 116
0
1
2611 167
1
2612 4
1
2613 160
0
0
1
2614 122
0
1
2615 189
0
1
2616 19
1
2617 249
1
2618 133
1
2619 94
0
1
2620 263
1
2621 260
0
0
0
1
2622 154
1
2623 4
1
2624 242
1
2625 218
1
2626 135
1
2627 193
0
1
2628 143
1
2629 186
1
2630 264
1
2631 159
0
1
2632 144
0
1
2633 94
1
2634 3
0
1
2635 196
0
1
2636 179
0
1
2637 82
1
2638 110
0
1
2639 54
1
2640 143
1
2641 106
0
1
2642 14
1
2643 185
1
2644 187
1
2645 208
0
0
1
2646 54
1
2647 202
1
2648 145
1
2649 138
1
2650 80
1
2651 15
0
1
2652 36
0
1
2653 203
0
0
0
0
1
2654 114
1
2655 88
1
2656 144
0
1
2657 120
1
2658 247
1
2659 31
0
1
2660 193
0
1
2661 188
0
1
2662 54
1
2663 256
0
1
2664 165
1
2665 34
1
2666 23
1
2667 224
1
2668 7
1
2669 174
1
2670 82
1
2671 190
0
1
2672 234
1
2673 149
1
2674 50
1
2675 116
1
2676 62
0
1
2677 154
1
2678 84
1
2679 76
1
2680 43
1
2681 246
1
2682 168
1
2683 241
0
0
1
2684 244
0
1
2685 92
1
2686 79
0
0
0
1
2687 98
1
2688 265
0
0
0
0
0
1
2689 43
1
2690 209
1
2691 18
1
2692 57
1
2693 219
1
2694 216
1
2695 136
1
2696 84
0
1
2697 37
1
2698 74
1
2699 28
1
2700 237
1
2701 173
1
2702 188
0
0
1
2703 109
0
0
1
2704 145
0
0
1
2705 141
0
1
2706 234
1
2707 271
0
1
2708 225
1
2709 164
0
1
2710 101
0
1
2711 199
1
2712 23
1
2713 229
1
2714 38
1
2715 158
1
2716 144
0
1
2717 107
0
0
1
2718 242
0
1
2719 102
1
2720 234
1
2721 52
1
2722 239
0
0
1
2723 178
0
1
2724 49
0
1
2725 143
1
2726 116
1
2727 23
1
2728 97
1
2729 241
1
2730 225
1
2731 209
0
0
1
2732 76
1
2733 173
0
1
2734 215
1
2735 240
0
1
2736 238
1
2737 151
1
2738 246
1
2739 19
0
1
2740 124
1
2741 5
1
2742 49
1
2743 173
0
1
2744 247
1
2745 184
1
2746 208
1
2747 244
0
1
2748 26
1
2749 270
0
1
2750 101
1
2751 138
0
1
2752 212
0
1
2753 42
0
1
2754 196
1
2755 266
1
2756 206
1
2757 214
1
2758 219
1
2759 83
1
2760 155
1
2761 112
0
0
1
2762 102
1
2763 42
1
2764 188
1
2765 161
1
2766 270
1
2767 27
0
1
2768 63
1
2769 226
1
2770 227
1
2771 171
1
2772 72
1
2773 165
1
2774 169
1
2775 176
0
1
2776 153
1
2777 158
1
2778 6
1
2779 158
0
1
2780 122
1
2781 25
1
2782 235
1
2783 239
1
2784 133
0
0
1
2785 7
1
2786 5
1
2787 202
0
1
2788 201
0
1
2789 101
0
1
2790 26
0
0
1
2791 272
1
2792 229
0
0
1
2793 134
1
2794 38
1
2795 103
0
1
2796 121
1
2797 73
1
2798 161
0
1
2799 6
1
2800 157
0
1
2801 262
1
2802 120
1
2803 108
1
2804 214
1
2805 92
1
2806 75
0
1
2807 103
1
2808 140
0
1
2809 198
1
2810 9
1
2811 255
1
2812 51
1
2813 263
1
2814 3
1
2815 80
0
1
2816 261
0
1
2817 249
1
2818 107
0
1
2819 168
1
2820 139
0
0
1
2821 65
1
2822 100
0
1
2823 3
1
2824 252
1
2825 159
1
2826 45
1
2827 140
1
2828 88
1
2829 214
1
2830 124
1
2831 96
0
1
2832 63
1
2833 11
1
2834 226
0
1
2835 80
1
2836 91
1
2837 97
0
1
2838 73
1
2839 242
1
2840 166
1
2841 80
1
2842 120
0
1
2843 61
0
0
1
2844 205
0
1
2845 247
1
2846 270
0
1
2847 122
1
2848 226
1
2849 44
1
2850 241
1
2851 37
1
2852 14
1
2853 272
1
2854 192
0
1
2855 159
1
2856 35
1
2857 133
1
2858 138
0
0
0
0
0
0
1
2859 151
1
2860 224
0
0
1
2861 24
1
2862 206
1
2863 19
0
0
1
2864 93
1
2865 106
1
2866 100
0
1
2867 158
0
1
2868 60
0
1
2869 127
1
2870 66
1
2871 212
1
2872 4
0
1
2873 76
0
1
2874 249
1
2875 120
0
1
2876 21
1
2877 206
1
2878 270
1
2879 145
1
2880 242
1
2881 137
0
1
2882 216
1
2883 176
1
2884 150
1
2885 6
1
2886 184
0
0
1
2887 81
1
2888 136
0
1
2889 172
1
2890 216
0
0
1
2891 64
1
2892 56
1
2893 210
1
2894 257
1
2895 264
0
1
2896 69
1
2897 224
1
2898 193
1
2899 211
0
0
1
2900 20
1
2901 160
0
0
1
2902 142
1
2903 29
0
0
0
1
2904 124
1
2905 262
0
0
1
2906 247
0
0
1
2907 264
0
1
2908 19
1
2909 99
1
2910 163
1
2911 50
1
2912 10
0
0
1
2913 165
1
2914 169
1
2915 90
1
2916 164
1
2917 3
1
2918 128
0
0
0
0
0
1
2919 219
1
2920 85
0
1
2921 185
1
2922 230
1
2923 63
1
2924 231
1
2925 266
1
2926 8
1
2927 196
1
2928 67
1
2929 3
0
1
2930 151
1
2931 67
1
2932 252
0
0
1
2933 187
1
2934 104
0
1
2935 213
1
2936 94
0
0
0
1
2937 258
0
0
0
1
2938 95
0
1
2939 43
1
2940 97
0
1
2941 108
1
2942 244
1
2943 204
1
2944 209
1
2945 259
1
2946 160
1
2947 28
1
2948 19
1
2949 93
1
2950 4
1
2951 114
1
2952 211
0
0
1
2953 220
0
0
0
1
2954 109
1
2955 232
0
0
1
2956 21
0
1
2957 54
1
2958 188
0
0
0
1
2959 237
0
1
2960 249
1
2961 16
0
1
2962 136
1
2963 156
0
1
2964 233
0
1
2965 269
0
1
2966 151
1
2967 3
1
2968 218
1
2969 169
0
1
2970 185
1
2971 27
0
1
2972 55
0
0
1
2973 165
1
2974 163
1
2975 246
1
2976 18
1
2977 43
0
1
2978 64
1
2979 114
1
2980 220
1
2981 188
1
2982 18
0
1
2983 144
1
2984 138
1
2985 99
1
2986 143
1
2987 117
1
2988 15
0
1
2989 246
1
2990 38
1
2991 103
1
2992 271
0
0
0
0
0
1
2993 239
0
0
1
2994 251
1
2995 251
0
1
2996 205
1
2997 200
1
2998 94
0
1
2999 263
0
1
3000 164
0
1
3001 183
0
1
3002 176
0
1
3003 67
0
0
1
3004 103
1
3005 173
0
1
3006 197
1
3007 170
1
3008 71
0
0
1
3009 242
1
3010 57
0
1
3011 224
0
1
3012 53
1
3013 55
1
3014 227
1
3015 203
0
0
1
3016 182
1
3017 59
1
3018 31
0
1
3019 86
0
0
0
1
3020 129
1
3021 102
0
1
3022 240
1
3023 143
0
1
3024 37
0
1
3025 78
0
1
3026 106
0
0
0
1
3027 97
1
3028 142
0
1
3029 45
1
3030 4
1
3031 265
0
1
3032 207
0
1
3033 4
0
0
1
3034 196
0
1
3035 185
1
3036 64
0
1
3037 20
1
3038 154
0
0
1
3039 39
0
0
1
3040 243
0
1
3041 229
0
1
3042 244
1
3043 10
0
0
1
3044 202
1
3045 204
0
1
3046 4
0
1
3047 164
0
0
1
3048 61
1
3049 53
1
3050 263
0
0
0
0
0
0
1
3051 67
1
3052 260
1
3053 183
1
3054 31
1
3055 123
1
3056 109
1
3057 186
0
1
3058 136
1
3059 270
1
3060 75
1
3061 91
0
0
1
3062 83
1
3063 152
1
3064 252
1
3065 254
1
3066 170
1
3067 18
1
3068 257
1
3069 193
1
3070 72
0
1
3071 230
1
3072 202
0
1
3073 259
1
3074 152
0
1
3075 21
1
3076 271
1
3077 53
0
0
1
3078 104
0
0
1
3079 148
0
1
3080 60
1
3081 251
1
3082 250
1
3083 66
0
0
0
0
1
3084 66
1
3085 23
1
3086 149
1
3087 181
0
1
3088 93
0
1
3089 55
0
0
1
3090 75
0
1
3091 96
1
3092 155
1
3093 270
1
3094 237
1
3095 29
1
3096 24
1
3097 139
1
3098 104
1
3099 87
1
3100 63
1
3101 63
1
3102 270
1
3103 143
1
3104 17
1
3105 189
1
3106 254
1
3107 43
1
3108 114
1
3109 201
0
1
3110 19
1
3111 135
1
3112 202
1
3113 247
1
3114 262
1
3115 151
0
0
1
3116 175
1
3117 88
1
3118 9
0
0
1
3119 271
1
3120 81
0
1
3121 19
0
1
3122 215
1
3123 126
1
3124 13
1
3125 47
0
1
3126 56
1
3127 89
0
1
3128 185
1
3129 179
1
3130 154
1
3131 73
1
3132 78
1
3133 52
1
3134 217
0
1
3135 261
0
1
3136 75
1
3137 148
1
3138 255
1
3139 210
1
3140 79
1
3141 245
0
1
3142 226
1
3143 191
0
1
3144 168
1
3145 13
0
1
3146 122
1
3147 64
1
3148 18
0
1
3149 36
1
3150 44
0
1
3151 128
0
0
0
1
3152 121
1
3153 49
1
3154 248
0
1
3155 259
0
1
3156 45
0
1
3157 106
1
3158 213
0
1
3159 180
0
1
3160 131
1
3161 158
1
3162 119
1
3163 83
0
1
3164 63
0
1
3165 148
1
3166 224
0
1
3167 204
0
1
3168 97
1
3169 107
1
3170 21
0
1
3171 103
1
3172 247
1
3173 173
1
3174 205
1
3175 193
1
3176 115
1
3177 239
0
0
1
3178 120
1
3179 118
1
3180 104
0
0
1
3181 141
0
0
1
3182 83
1
3183 87
0
1
3184 93
0
1
3185 106
0
1
3186 140
0
1
3187 249
0
1
3188 28
0
0
1
3189 181
1
3190 272
0
1
3191 67
0
0
1
3192 192
1
3193 145
1
3194 129
1
3195 74
1
3196 105
1
3197 196
0
0
0
0
1
3198 49
0
1
3199 145
1
3200 197
1
3201 142
1
3202 132
1
3203 147
1
3204 244
0
0
1
3205 116
1
3206 209
1
3207 69
1
3208 83
1
3209 211
0
1
3210 10
1
3211 83
1
3212 157
0
0
1
3213 55
1
3214 149
0
1
3215 185
0
1
3216 86
0
0
0
1
3217 130
0
1
3218 208
1
3219 92
1
3220 153
1
3221 20
1
3222 2
1
3223 154
0
1
3224 116
1
3225 50
1
3226 271
1
3227 137
0
1
3228 206
1
3229 108
1
3230 39
0
1
3231 184
0
1
3232 211
0
1
3233 21
0
1
3234 138
1
3235 22
0
0
1
3236 28
1
3237 170
0
1
3238 266
1
3239 157
0
1
3240 236
1
3241 81
1
3242 256
0
0
1
3243 132
1
3244 120
1
3245 121
1
3246 240
1
3247 189
0
1
3248 249
1
3249 105
0
0
1
3250 204
0
1
3251 113
0
0
1
3252 172
1
3253 86
0
1
3254 250
0
0
0
1
3255 79
1
3256 69
1
3257 79
1
3258 228
1
3259 159
1
3260 60
1
3261 118
1
3262 97
0
0
1
3263 195
0
0
0
0
0
1
3264 68
1
3265 185
0
1
3266 138
0
1
3267 204
1
3268 60
0
0
0
1
3269 120
1
3270 21
0
1
3271 80
1
3272 203
0
0
1
3273 169
1
3274 196
0
0
1
3275 38
1
3276 253
0
0
0
1
3277 210
0
1
3278 61
1
3279 75
1
3280 48
1
3281 143
1
3282 32
1
3283 192
0
0
1
3284 113
0
0
0
1
3285 154
1
3286 10
1
3287 44
0
1
3288 262
1
3289 107
1
3290 45
0
1
3291 223
0
0
0
0
1
3292 240
0
1
3293 173
1
3294 247
0
1
3295 20
0
1
3296 81
1
3297 165
1
3298 189
1
3299 238
0
1
3300 117
0
1
3301 103
0
1
3302 145
0
0
1
3303 187
0
1
3304 102
0
1
3305 80
1
3306 20
1
3307 11
0
1
3308 56
1
3309 29
1
3310 117
1
3311 128
1
3312 210
1
3313 141
0
1
3314 178
0
1
3315 166
0
0
1
3316 209
1
3317 264
1
3318 173
0
0
1
3319 154
0
1
3320 223
0
1
3321 153
0
0
1
3322 182
1
3323 271
1
3324 109
0
1
3325 156
0
0
1
3326 94
0
1
3327 106
0
0
0
1
3328 150
1
3329 162
0
1
3330 182
1
3331 11
0
1
3332 86
0
1
3333 2
1
3334 2
1
3335 188
1
3336 213
1
3337 194
0
0
1
3338 91
0
1
3339 103
0
1
3340 151
0
0
0
1
3341 40
0
1
3342 155
0
0
0
0
1
3343 246
0
1
3344 5
1
3345 46
0
0
1
3346 137
1
3347 76
0
0
1
3348 217
0
0
1
3349 34
0
1
3350 82
1
3351 92
1
3352 190
1
3353 185
1
3354 128
0
0
0
1
3355 259
1
3356 109
1
3357 249
1
3358 33
0
1
3359 95
1
3360 243
1
3361 32
0
0
0
1
3362 267
1
3363 234
0
0
0
0
0
1
3364 173
0
1
3365 266
0
0
1
3366 108
1
3367 121
1
3368 89
0
1
3369 250
0
1
3370 113
0
1
3371 237
1
3372 196
0
0
1
3373 99
1
3374 226
1
3375 18
0
1
3376 62
1
3377 144
1
3378 224
1
3379 263
0
1
3380 139
1
3381 119
1
3382 72
1
3383 70
1
3384 159
1
3385 2
0
0
1
3386 59
1
3387 52
1
3388 39
1
3389 145
1
3390 121
1
3391 106
1
3392 184
1
3393 117
0
0
1
3394 46
1
3395 71
0
0
1
3396 67
0
1
3397 272
0
1
3398 180
1
3399 193
1
3400 8
1
3401 168
1
3402 152
1
3403 100
1
3404 261
1
3405 9
1
3406 208
1
3407 168
1
3408 188
1
3409 11
0
1
3410 148
0
0
1
3411 6
1
3412 116
1
3413 6
1
3414 73
1
3415 152
1
3416 238
1
3417 233
1
3418 66
1
3419 143
1
3420 190
0
1
3421 250
0
0
1
3422 117
0
1
3423 269
1
3424 21
1
3425 67
1
3426 209
1
3427 149
1
3428 213
1
3429 35
1
3430 9
0
0
0
1
3431 271
1
3432 95
1
3433 86
0
0
0
1
3434 231
1
3435 5
1
3436 240
1
3437 176
1
3438 196
1
3439 138
1
3440 270
0
1
3441 95
1
3442 217
0
1
3443 57
0
1
3444 60
0
1
3445 261
0
1
3446 74
0
1
3447 186
0
1
3448 186
0
1
3449 151
0
1
3450 218
0
0
1
3451 120
0
1
3452 248
1
3453 103
1
3454 25
1
3455 260
1
3456 42
0
1
3457 205
0
0
1
3458 22
1
3459 248
1
3460 166
1
3461 23
1
3462 169
1
3463 175
0
0
1
3464 249
0
1
3465 147
0
1
3466 103
1
3467 120
0
1
3468 189
1
3469 236
0
0
0
0
0
1
3470 146
1
3471 66
1
3472 64
0
1
3473 38
0
1
3474 55
1
3475 243
1
3476 136
1
3477 210
1
3478 58
1
3479 124
0
0
1
3480 48
0
0
1
3481 137
1
3482 236
1
3483 11
1
3484 261
1
3485 226
1
3486 111
1
3487 32
1
3488 65
1
3489 20
1
3490 26
0
0
0
1
3491 235
0
0
0
0
1
3492 265
1
3493 174
1
3494 220
0
0
0
1
3495 51
1
3496 166
0
0
0
0
0
1
3497 23
1
3498 127
1
3499 271
1
3500 186
0
1
3501 23
0
1
3502 157
1
3503 163
1
3504 62
1
3505 128
0
1
3506 265
0
1
3507 199
1
3508 52
0
1
3509 23
1
3510 153
1
3511 165
1
3512 136
1
3513 166
1
3514 76
1
3515 243
0
1
3516 106
1
3517 35
1
3518 203
1
3519 253
1
3520 4
0
1
3521 39
1
3522 174
1
3523 124
1
3524 239
1
3525 97
1
3526 50
1
3527 54
0
1
3528 119
0
0
0
1
3529 160
0
1
3530 182
1
3531 8
1
3532 212
1
3533 28
0
1
3534 197
0
0
1
3535 132
1
3536 106
0
1
3537 24
1
3538 155
1
3539 234
1
3540 156
1
3541 143
1
3542 270
0
1
3543 252
0
1
3544 271
0
1
3545 270
0
0
1
3546 247
1
3547 113
0
1
3548 60
1
3549 39
0
0
1
3550 264
0
1
3551 244
1
3552 57
0
1
3553 71
1
3554 214
1
3555 76
1
3556 148
1
3557 114
1
3558 185
1
3559 261
1
3560 106
1
3561 255
1
3562 263
1
3563 185
0
0
1
3564 33
0
1
3565 108
0
0
1
3566 184
0
1
3567 146
1
3568 226
1
3569 241
1
3570 35
1
3571 21
0
1
3572 127
0
1
3573 138
1
3574 211
1
3575 92
1
3576 112
1
3577 210
0
0
1
3578 15
0
0
1
3579 249
1
3580 167
0
1
3581 268
0
1
3582 139
0
1
3583 140
1
3584 58
1
3585 247
0
1
3586 90
1
3587 248
1
3588 116
0
1
3589 232
1
3590 6
0
1
3591 246
0
0
1
3592 103
1
3593 102
1
3594 62
1
3595 200
0
1
3596 202
0
0
0
1
3597 57
1
3598 215
0
1
3599 124
1
3600 259
1
3601 86
0
0
0
1
3602 165
0
0
0
0
0
1
3603 82
1
3604 27
0
0
0
1
3605 124
0
1
3606 259
1
3607 35
1
3608 268
0
1
3609 182
1
3610 123
0
0
0
0
1
3611 271
0
0
1
3612 187
1
3613 84
0
0
0
0
1
3614 145
1
3615 102
0
1
3616 79
0
1
3617 265
1
3618 192
1
3619 271
1
3620 129
1
3621 4
1
3622 52
1
3623 234
0
1
3624 66
1
3625 10
1
3626 227
0
0
1
3627 268
1
3628 181
0
0
0
0
0
1
3629 75
0
1
3630 56
1
3631 233
1
3632 201
0
1
3633 18
1
3634 37
0
0
0
1
3635 90
1
3636 240
1
3637 173
1
3638 50
0
0
0
1
3639 54
0
1
3640 131
1
3641 174
1
3642 88
1
3643 46
1
3644 187
1
3645 86
0
1
3646 197
1
3647 58
0
0
1
3648 10
0
1
3649 74
0
0
0
0
1
3650 139
0
1
3651 229
0
1
3652 149
1
3653 71
1
3654 125
0
0
1
3655 162
0
0
1
3656 86
1
3657 230
0
1
3658 233
0
0
1
3659 118
1
3660 67
0
1
3661 100
0
0
0
1
3662 260
1
3663 177
1
3664 247
0
0
1
3665 161
0
1
3666 234
0
0
1
3667 230
0
0
0
1
3668 239
1
3669 123
1
3670 162
1
3671 164
1
3672 142
1
3673 181
1
3674 21
0
0
0
1
3675 152
1
3676 163
1
3677 197
0
1
3678 112
1
3679 193
0
1
3680 107
1
3681 84
0
1
3682 2
1
3683 25
1
3684 23
1
3685 271
0
0
1
3686 196
0
1
3687 124
1
3688 21
1
3689 184
1
3690 58
0
1
3691 44
0
1
3692 224
1
3693 270
1
3694 157
1
3695 238
1
3696 233
0
0
0
1
3697 227
1
3698 198
1
3699 190
1
3700 71
1
3701 136
0
1
3702 93
0
0
1
3703 154
1
3704 40
1
3705 15
1
3706 70
1
3707 64
0
1
3708 120
0
0
1
3709 63
1
3710 37
0
0
1
3711 4
1
3712 259
0
1
3713 29
0
0
1
3714 89
1
3715 90
0
1
3716 61
0
1
3717 196
1
3718 59
0
0
1
3719 74
0
0
1
3720 120
1
3721 230
1
3722 18
1
3723 39
0
1
3724 106
1
3725 99
0
0
1
3726 126
1
3727 214
0
1
3728 187
0
0
1
3729 179
1
3730 184
0
1
3731 149
1
3732 256
0
1
3733 149
0
1
3734 64
1
3735 152
0
0
1
3736 138
1
3737 87
0
0
1
3738 94
0
0
1
3739 172
0
1
3740 188
1
3741 207
0
0
0
1
3742 91
1
3743 168
0
1
3744 65
0
1
3745 173
1
3746 154
1
3747 260
0
1
3748 216
1
3749 121
1
3750 256
0
1
3751 64
0
1
3752 126
0
1
3753 212
1
3754 18
0
1
3755 245
0
0
0
1
3756 75
0
0
1
3757 34
1
3758 153
1
3759 224
0
0
1
3760 202
1
3761 253
0
1
3762 116
1
3763 166
0
0
0
1
3764 223
0
1
3765 256
0
1
3766 127
1
3767 264
0
0
1
3768 25
1
3769 140
0
1
3770 181
1
3771 75
1
3772 65
0
1
3773 90
1
3774 230
1
3775 10
1
3776 82
1
3777 164
1
3778 113
1
3779 204
0
1
3780 113
0
0
0
0
0
1
3781 208
1
3782 261
1
3783 98
0
1
3784 118
0
1
3785 83
1
3786 137
0
0
1
3787 208
0
0
1
3788 183
1
3789 140
0
0
1
3790 191
0
0
1
3791 193
0
0
0
1
3792 254
0
0
1
3793 185
1
3794 240
1
3795 66
0
0
0
0
0
1
3796 61
0
1
3797 82
1
3798 193
0
0
0
1
3799 259
1
3800 99
1
3801 12
1
3802 166
0
1
3803 261
0
1
3804 70
0
1
3805 186
1
3806 260
0
0
0
1
3807 244
0
1
3808 105
0
1
3809 239
0
1
3810 120
1
3811 9
1
3812 209
1
3813 267
0
0
0
0
0
0
0
1
3814 190
1
3815 235
1
3816 199
1
3817 30
0
1
3818 72
1
3819 180
0
0
0
1
3820 178
0
0
0
1
3821 267
1
3822 28
1
3823 141
0
0
1
3824 241
1
3825 68
1
3826 159
1
3827 12
0
0
0
0
1
3828 41
0
0
0
0
0
0
1
3829 219
0
0
0
1
3830 123
1
3831 187
1
3832 85
0
1
3833 169
0
1
3834 133
1
3835 210
1
3836 190
0
1
3837 23
0
0
0
0
0
1
3838 248
0
1
3839 25
1
3840 213
0
1
3841 258
1
3842 227
0
0
0
1
3843 205
0
1
3844 242
1
3845 186
0
0
0
0
1
3846 106
1
3847 203
0
0
1
3848 262
1
3849 13
0
0
1
3850 261
0
1
3851 89
1
3852 255
1
3853 84
0
0
0
0
0
1
3854 191
1
3855 93
1
3856 271
0
0
1
3857 164
1
3858 126
1
3859 154
1
3860 188
1
3861 2
0
1
3862 28
0
0
0
0
0
1
3863 165
1
3864 268
1
3865 51
1
3866 38
0
0
1
3867 256
0
1
3868 259
1
3869 31
0
0
1
3870 55
1
3871 159
0
1
3872 103
0
1
3873 131
1
3874 237
0
1
3875 14
0
0
1
3876 106
0
1
3877 136
1
3878 194
1
3879 139
1
3880 188
0
1
3881 269
0
0
1
3882 115
1
3883 8
0
0
1
3884 61
0
0
0
0
0
1
3885 23
0
0
0
1
3886 60
0
0
1
3887 18
0
1
3888 181
0
0
0
0
0
0
0
0
1
3889 39
1
3890 12
0
1
3891 212
0
0
1
3892 76
0
1
3893 117
0
1
3894 93
0
1
3895 73
0
0
1
3896 228
1
3897 116
0
1
3898 120
1
3899 111
1
3900 180
1
3901 113
1
3902 16
1
3903 71
1
3904 205
0
1
3905 5
1
3906 159
1
3907 33
1
3908 74
0
1
3909 196
0
1
3910 62
0
0
0
0
1
3911 229
0
1
3912 33
1
3913 8
1
3914 207
1
3915 127
0
0
1
3916 122
1
3917 232
1
3918 17
1
3919 224
1
3920 189
0
1
3921 246
0
1
3922 119
0
0
0
0
0
0
1
3923 219
0
1
3924 120
0
1
3925 212
0
1
3926 259
1
3927 235
1
3928 57
0
1
3929 91
0
0
0
1
3930 152
0
0
1
3931 198
1
3932 11
0
0
0
0
1
3933 238
1
3934 120
0
0
1
3935 57
1
3936 170
0
1
3937 137
1
3938 156
0
0
1
3939 200
0
0
1
3940 236
0
0
1
3941 166
1
3942 90
1
3943 57
1
3944 165
1
3945 163
1
3946 110
0
1
3947 176
1
3948 69
0
0
0
0
0
1
3949 26
0
0
1
3950 198
1
3951 69
0
0
0
0
0
1
3952 101
1
3953 42
1
3954 131
1
3955 173
0
1
3956 150
0
1
3957 263
1
3958 244
1
3959 153
1
3960 98
1
3961 272
1
3962 47
1
3963 30
1
3964 80
0
1
3965 120
1
3966 267
0
1
3967 99
0
0
1
3968 182
0
1
3969 252
0
1
3970 74
1
3971 147
1
3972 221
0
0
0
1
3973 167
1
3974 270
1
3975 72
0
0
1
3976 239
0
0
0
1
3977 58
1
3978 172
0
0
0
1
3979 90
0
0
1
3980 176
1
3981 213
0
1
3982 158
0
1
3983 175
0
1
3984 261
0
1
3985 81
1
3986 259
0
0
0
1
3987 149
0
1
3988 18
0
0
1
3989 75
0
1
3990 178
0
0
1
3991 23
0
1
3992 200
0
0
1
3993 46
1
3994 148
0
0
1
3995 45
1
3996 2
1
3997 179
1
3998 203
0
1
3999 83
1
4000 36
1
4001 108
0
1
4002 198
0
0
0
1
4003 254
0
1
4004 266
1
4005 135
0
1
4006 237
0
0
1
4007 214
1
4008 83
1
4009 227
0
1
4010 164
0
1
4011 14
0
1
4012 45
0
0
0
0
0
1
4013 92
0
0
1
4014 31
1
4015 191
1
4016 116
0
0
1
4017 185
1
4018 18
1
4019 195
1
4020 150
1
4021 12
1
4022 74
0
1
4023 20
0
0
0
0
1
4024 159
1
4025 142
1
4026 246
1
4027 139
1
4028 16
1
4029 261
1
4030 121
0
1
4031 151
0
0
1
4032 41
1
4033 23
0
0
0
1
4034 13
1
4035 125
0
0
0
0
0
0
0
1
4036 133
1
4037 246
0
0
1
4038 85
0
0
0
0
1
4039 238
0
0
1
4040 158
0
1
4041 194
0
1
4042 249
1
4043 84
1
4044 233
0
0
1
4045 80
0
0
0
0
1
4046 158
0
0
0
1
4047 4
1
4048 206
0
0
1
4049 153
0
0
1
4050 187
0
0
1
4051 29
1
4052 217
0
1
4053 257
1
4054 91
1
4055 171
0
0
1
4056 254
1
4057 220
0
1
4058 177
0
1
4059 222
0
0
1
4060 271
1
4061 150
0
0
0
1
4062 130
1
4063 5
0
0
0
1
4064 148
1
4065 144
0
0
1
4066 67
0
0
0
1
4067 72
0
0
0
1
4068 176
0
1
4069 223
0
0
1
4070 233
0
0
0
1
4071 183
0
0
1
4072 72
0
1
4073 136
0
0
1
4074 25
0
1
4075 179
0
0
0
0
1
4076 172
1
4077 165
1
4078 251
1
4079 243
1
4080 78
0
1
4081 113
1
4082 151
0
1
4083 186
0
0
0
0
0
1
4084 132
0
0
0
0
1
4085 184
0
1
4086 24
1
4087 111
1
4088 245
1
4089 124
0
1
4090 46
0
1
4091 104
0
1
4092 239
0
0
0
0
1
4093 264
1
4094 214
0
1
4095 254
0
0
0
1
4096 194
0
1
4097 238
1
4098 180
1
4099 121
1
4100 76
1
4101 88
1
4102 209
1
4103 118
1
4104 101
1
4105 78
0
0
0
0
0
0
0
0
1
4106 179
0
0
1
4107 255
0
0
1
4108 249
0
0
1
4109 252
0
1
4110 91
1
4111 27
1
4112 31
1
4113 144
0
0
0
0
0
1
4114 181
0
0
1
4115 228
0
0
0
1
4116 60
1
4117 239
0
1
4118 212
1
4119 90
0
0
1
4120 132
1
4121 210
1
4122 75
0
1
4123 249
1
4124 181
0
0
1
4125 141
0
0
0
0
1
4126 16
0
0
0
1
4127 124
1
4128 4
1
4129 125
1
4130 70
1
4131 7
1
4132 149
0
1
4133 24
0
1
4134 19
0
0
0
0
0
0
0
0
0
0
0
0
0
0
1
4135 124
0
0
0
1
4136 216
0
0
0
1
4137 232
1
4138 10
1
4139 82
0
0
0
1
4140 131
0
0
0
0
1
4141 113
1
4142 199
1
4143 90
0
0
1
4144 272
0
0
0
0
1
4145 174
0
1
4146 114
0
0
0
0
0
1
4147 232
1
4148 236
1
4149 178
0
0
0
0
0
0
0
1
4150 144
0
0
0
1
4151 4
1
4152 54
0
1
4153 209
0
1
4154 128
0
0
0
1
4155 176
0
1
4156 253
0
0
0
1
4157 180
0
0
0
1
4158 162
1
4159 154
1
4160 80
0
1
4161 168
1
4162 168
0
0
1
4163 214
1
4164 83
0
1
4165 25
0
0
0
0
1
4166 59
0
0
1
4167 249
0
0
0
0
1
4168 89
0
0
0
1
4169 262
1
4170 107
1
4171 193
0
1
4172 206
0
0
1
4173 214
1
4174 140
1
4175 37
0
0
0
1
4176 72
1
4177 77
0
0
0
1
4178 225
0
0
0
1
4179 187
0
1
4180 209
0
0
1
4181 80
0
1
4182 145
1
4183 133
1
4184 76
0
1
4185 13
0
0
0
0
0
0
0
1
4186 64
1
4187 258
0
0
0
0
1
4188 209
0
0
0
0
0
1
4189 189
1
4190 20
0
0
1
4191 119
1
4192 155
0
1
4193 106
0
0
1
4194 158
1
4195 249
1
4196 179
0
1
4197 67
1
4198 264
0
1
4199 70
0
1
4200 117
0
0
1
4201 96
1
4202 4
0
1
4203 74
1
4204 211
0
1
4205 4
1
4206 163
0
0
0
0
0
0
1
4207 168
1
4208 149
0
1
4209 41
0
1
4210 85
0
0
0
1
4211 44
0
1
4212 237
1
4213 64
1
4214 35
0
0
0
1
4215 239
1
4216 166
0
1
4217 42
1
4218 93
0
0
0
0
0
0
0
1
4219 64
1
4220 70
1
4221 46
1
4222 11
0
0
1
4223 151
1
4224 69
1
4225 176
1
4226 221
1
4227 263
0
1
4228 33
1
4229 146
0
0
0
1
4230 202
1
4231 38
0
1
4232 168
1
4233 268
0
1
4234 36
0
0
0
0
0
0
1
4235 146
0
0
0
0
0
0
1
4236 132
1
4237 57
0
1
4238 211
0
0
0
1
4239 163
0
1
4240 29
0
1
4241 239
1
4242 170
0
1
4243 15
0
0
0
0
1
4244 196
1
4245 260
0
0
1
4246 20
1
4247 25
0
0
1
4248 224
1
4249 215
0
0
1
4250 131
0
0
1
4251 181
0
0
0
0
0
1
4252 116
0
0
1
4253 75
1
4254 158
0
1
4255 43
0
0
1
4256 46
1
4257 234
0
0
1
4258 144
1
4259 169
1
4260 145
0
1
4261 99
0
0
1
4262 136
0
0
0
0
1
4263 177
0
0
1
4264 211
1
4265 145
0
0
0
1
4266 170
1
4267 38
0
0
0
0
1
4268 163
1
4269 99
0
0
0
0
0
1
4270 150
1
4271 173
1
4272 272
0
0
0
0
0
0
0
0
0
0
1
4273 248
0
0
0
1
4274 84
0
0
1
4275 173
0
0
1
4276 56
1
4277 187
1
4278 120
1
4279 88
0
0
0
1
4280 57
0
1
4281 66
0
0
0
0
0
1
4282 233
0
0
0
0
0
1
4283 232
0
0
1
4284 78
0
0
0
1
4285 212
1
4286 117
1
4287 198
1
4288 178
1
4289 142
0
0
1
4290 74
0
1
4291 185
1
4292 40
0
0
1
4293 170
0
0
0
0
0
0
0
0
0
1
4294 157
1
4295 247
0
0
0
0
0
0
0
1
4296 83
1
4297 243
1
4298 82
1
4299 240
1
4300 182
0
0
1
4301 154
1
4302 233
1
4303 238
1
4304 84
0
1
4305 157
0
0
0
0
0
0
0
0
0
0
0
1
4306 132
0
0
1
4307 50
0
0
0
0
0
1
4308 271
1
4309 261
0
0
1
4310 215
1
4311 161
1
4312 46
0
0
0
0
1
4313 69
0
0
0
0
0
1
4314 95
0
0
0
0
1
4315 183
1
4316 139
0
0
1
4317 7
0
0
0
0
0
1
4318 20
0
0
0
0
1
4319 100
0
0
0
1
4320 170
1
4321 247
0
0
0
0
1
4322 272
0
0
1
4323 268
1
4324 204
0
0
0
0
1
4325 105
1
4326 102
0
1
4327 157
0
0
0
0
0
1
4328 73
1
4329 222
0
0
1
4330 226
0
0
1
4331 9
1
4332 246
0
0
0
0
0
0
0
1
4333 239
0
1
4334 184
0
0
1
4335 4
0
1
4336 270
1
4337 151
0
0
0
1
4338 105
0
0
0
0
1
4339 224
0
1
4340 48
0
1
4341 13
0
0
0
1
4342 13
0
0
0
0
1
4343 190
1
4344 257
1
4345 200
0
0
0
0
0
0
1
4346 167
0
0
0
0
0
1
4347 246
1
4348 94
0
0
0
0
1
4349 79
0
1
4350 101
1
4351 114
1
4352 149
0
1
4353 64
0
0
0
0
0
1
4354 37
0
0
0
1
4355 115
0
1
4356 15
0
0
0
1
4357 242
0
0
0
0
0
0
0
0
0
0
0
0
0
1
4358 13
0
0
1
4359 125
0
1
4360 89
0
0
0
0
0
0
0
0
1
4361 49
0
0
0
1
4362 59
0
0
0
0
0
0
0
0
0
1
4363 59
1
4364 161
0
1
4365 127
0
0
0
1
4366 25
0
0
0
0
1
4367 264
0
1
4368 7
1
4369 10
0
0
1
4370 24
0
0
0
1
4371 67
1
4372 59
0
0
0
0
0
0
0
0
0
0
0
1
4373 259
0
0
0
0
0
0
0
0
1
4374 171
0
0
0
0
0
1
4375 159
0
1
4376 119
1
4377 193
1
4378 268
0
0
1
4379 272
1
4380 269
0
0
1
4381 249
0
1
4382 58
0
0
0
0
0
0
0
0
0
1
4383 234
1
4384 228
0
0
1
4385 267
0
0
0
0
0
0
0
1
4386 219
0
1
4387 55
1
4388 254
1
4389 171
1
4390 264
0
0
0
0
0
0
0
0
0
1
4391 255
0
0
1
4392 185
0
0
0
1
4393 219
0
0
0
0
0
1
4394 209
0
0
0
1
4395 254
0
1
4396 242
0
1
4397 157
0
0
0
0
0
0
0
0
0
1
4398 124
0
0
0
0
1
4399 186
0
0
0
0
0
0
0
1
4400 14
0
0
0
1
4401 261
0
0
0
0
1
4402 123
1
4403 231
0
0
1
4404 48
1
4405 54
0
1
4406 253
1
4407 86
1
4408 184
0
0
1
4409 263
1
4410 86
0
0
1
4411 168
0
0
0
1
4412 58
1
4413 85
0
0
0
1
4414 228
0
1
4415 259
0
0
1
4416 224
1
4417 18
0
1
4418 55
1
4419 254
1
4420 183
0
1
4421 182
0
1
4422 255
1
4423 88
0
0
0
1
4424 216
1
4425 136
1
4426 3
1
4427 216
0
1
4428 91
0
1
4429 262
0
0
0
0
0
0
0
0
0
0
1
4430 257
0
0
0
1
4431 86
1
4432 232
0
0
0
0
0
0
1
4433 192
0
0
1
4434 91
0
1
4435 201
0
0
0
0
1
4436 49
0
0
0
1
4437 186
0
0
0
0
0
0
0
0
0
1
4438 154
1
4439 83
0
0
0
0
0
1
4440 81
0
1
4441 184
1
4442 120
0
0
0
1
4443 31
0
0
1
4444 46
1
4445 4
0
1
4446 99
0
0
1
4447 193
0
0
0
1
4448 113
1
4449 87
0
0
0
0
0
0
1
4450 54
0
0
1
4451 256
0
0
1
4452 90
0
0
0
1
4453 13
1
4454 246
0
0
1
4455 227
0
1
4456 198
0
1
4457 238
0
0
0
1
4458 171
0
0
0
1
4459 252
0
0
0
0
0
0
1
4460 213
1
4461 18
0
1
4462 237
1
4463 270
0
1
4464 42
0
0
0
0
0
0
0
0
1
4465 204
0
0
1
4466 21
1
4467 268
0
0
0
0
0
0
0
0
1
4468 80
0
0
0
1
4469 153
0
0
0
0
0
0
0
0
0
0
1
4470 23
0
0
1
4471 180
0
0
0
0
0
0
0
0
0
0
1
4472 65
0
0
0
0
0
1
4473 170
0
0
0
1
4474 169
0
0
0
0
0
1
4475 110
0
0
0
0
0
0
0
0
1
4476 229
0
0
0
0
1
4477 137
1
4478 155
0
0
0
1
4479 140
0
0
0
1
4480 7
0
0
0
1
4481 70
1
4482 100
0
0
0
1
4483 184
0
0
0
0
0
0
1
4484 22
0
1
4485 65
0
0
1
4486 244
0
0
0
0
0
0
0
1
4487 186
0
0
0
1
4488 23
0
0
0
0
0
0
0
1
4489 169
0
0
0
1
4490 125
1
4491 257
0
0
0
1
4492 213
1
4493 43
0
0
0
0
0
0
0
0
0
0
0
0
0
1
4494 191
0
0
0
0
0
0
0
0
0
0
0
0
0
1
4495 83
1
4496 21
0
0
0
0
1
4497 159
0
0
0
0
0
0
0
0
0
0
0
0
0
1
4498 120
1
4499 46
0
1
4500 92
0
0
0
0
0
0
1
4501 8
1
4502 4
0
0
0
0
0
1
4503 117
0
0
1
4504 53
0
0
0
0
0
0
0
0
0
0
1
4505 62
1
4506 244
1
4507 67
1
4508 90
0
0
1
4509 22
0
0
0
0
0
1
4510 159
0
1
4511 259
0
0
1
4512 84
0
0
0
0
0
1
4513 152
1
4514 47
0
0
0
0
0
0
0
0
0
1
4515 99
1
4516 58
1
4517 173
0
0
0
0
0
0
0
1
4518 258
0
0
1
4519 151
0
1
4520 192
0
0
0
1
4521 36
1
4522 259
1
4523 190
1
4524 125
0
1
4525 120
1
4526 67
0
0
0
1
4527 141
1
4528 151
1
4529 194
1
4530 50
1
4531 224
0
0
0
0
0
1
4532 216
0
0
0
0
0
0
1
4533 75
0
0
1
4534 6
0
0
0
0
0
0
1
4535 99
1
4536 26
0
0
0
1
4537 222
0
0
1
4538 88
0
1
4539 233
0
0
0
0
0
0
0
1
4540 63
0
1
4541 148
1
4542 173
1
4543 247
0
1
4544 47
1
4545 203
0
0
0
0
1
4546 108
0
1
4547 240
0
0
0
0
1
4548 171
0
1
4549 148
0
0
1
4550 187
1
4551 210
1
4552 244
0
0
0
0
0
0
0
1
4553 149
0
0
1
4554 247
0
1
4555 193
0
0
0
0
0
0
0
0
1
4556 109
0
0
0
0
0
0
0
1
4557 117
0
1
4558 141
0
0
0
0
1
4559 19
0
1
4560 205
0
0
0
1
4561 240
0
0
0
0
0
0
0
0
1
4562 180
0
0
0
1
4563 55
0
0
0
0
1
4564 35
1
4565 224
0
0
0
0
0
0
1
4566 232
0
0
1
4567 106
0
0
0
0
0
0
0
0
0
0
1
4568 28
0
0
0
0
1
4569 105
0
0
1
4570 225
0
0
0
1
4571 216
0
0
0
0
0
0
0
0
0
0
0
0
1
4572 143
0
1
4573 127
0
0
0
0
1
4574 201
0
1
4575 61
1
4576 231
0
0
0
0
1
4577 218
1
4578 12
0
0
0
0
0
0
0
0
1
4579 98
0
0
0
0
0
0
0
1
4580 47
0
0
0
1
4581 189
1
4582 229
0
1
4583 98
0
1
4584 91
0
0
1
4585 86
0
0
0
1
4586 162
0
0
0
0
1
4587 21
0
0
1
4588 6
0
0
1
4589 223
0
1
4590 174
0
0
0
1
4591 263
0
1
4592 29
0
0
0
1
4593 219
0
0
0
0
0
0
1
4594 181
1
4595 237
1
4596 131
0
0
0
0
1
4597 150
0
0
0
0
0
1
4598 104
0
0
0
0
0
0
0
1
4599 43
0
0
0
0
0
1
4600 70
0
0
0
0
0
0
0
0
0
1
4601 115
0
1
4602 201
1
4603 195
0
0
0
0
0
1
4604 146
0
0
0
0
0
1
4605 259
0
0
0
0
0
1
4606 91
1
4607 9
0
0
0
0
0
0
0
0
0
0
0
1
4608 184
1
4609 104
1
4610 118
1
4611 118
0
0
0
0
0
0
0
0
0
0
0
0
0
0
0
0
1
4612 161
1
4613 93
0
0
0
1
4614 179
1
4615 177
0
0
0
0
1
4616 78
1
4617 30
0
0
0
0
0
0
1
4618 110
0
0
0
0
0
0
1
4619 258
0
0
0
1
4620 125
0
0
1
4621 262
0
0
1
4622 35
0
0
0
0
0
1
4623 66
0
1
4624 113
0
0
0
0
0
1
4625 173
0
0
0
0
1
4626 200
0
0
0
0
1
4627 44
1
4628 87
0
0
0
0
1
4629 189
0
1
4630 29
0
0
1
4631 247
0
0
1
4632 177
0
1
4633 124
0
0
0
0
0
0
0
0
0
0
1
4634 138
0
0
0
0
0
0
1
4635 151
0
1
4636 269
0
1
4637 16
0
1
4638 86
0
1
4639 67
0
0
0
0
0
0
0
0
0
0
0
0
0
1
4640 258
1
4641 20
0
1
4642 270
1
4643 59
0
0
0
0
0
0
0
0
0
0
0
0
0
0
0
1
4644 241
0
0
0
0
0
1
4645 46
0
0
0
0
1
4646 75
0
0
0
0
0
0
0
0
0
0
0
0
0
1
4647 235
0
0
0
0
0
0
0
0
1
4648 186
0
0
0
1
4649 6
1
4650 47
0
0
1
4651 63
0
1
4652 83
0
0
0
0
0
0
0
1
4653 63
0
1
4654 58
0
0
0
1
4655 181
0
0
1
4656 15
0
1
4657 86
0
0
1
4658 259
0
0
1
4659 241
0
0
0
0
0
0
0
0
0
0
0
0
0
0
1
4660 106
0
0
0
0
0
0
0
0
0
0
0
0
0
1
4661 206
0
0
1
4662 198
0
0
0
0
0
1
4663 108
1
4664 48
0
0
0
0
0
0
0
0
0
0
0
0
0
1
4665 215
0
0
0
0
0
0
0
0
0
0
0
0
0
1
4666 117
1
4667 94
0
0
0
0
0
1
4668 131
0
0
0
0
1
4669 90
0
0
0
1
4670 170
1
4671 58
0
0
0
0
0
1
4672 204
0
0
0
0
0
0
0
0
0
0
0
0
0
0
0
0
0
0
0
0
0
0
0
0
0
1
4673 179
0
0
0
0
1
4674 73
0
1
4675 11
0
0
0
1
4676 269
0
0
0
0
0
0
1
4677 29
1
4678 204
0
0
0
0
0
0
0
0
0
0
0
0
0
0
0
0
0
0
0
0
0
0
1
4679 33
0
0
1
4680 145
0
0
0
0
0
0
0
0
0
1
4681 53
1
4682 92
0
0
0
0
0
0
1
4683 62
0
0
1
4684 140
0
0
0
0
0
1
4685 238
0
0
0
0
0
0
0
0
0
1
4686 75
0
0
0
0
0
0
0
1
4687 244
0
0
1
4688 115
0
0
0
0
0
0
0
0
0
0
0
0
0
0
0
0
0
0
0
0
0
0
0
0
0
0
1
4689 106
0
0
0
0
0
0
0
0
1
4690 69
0
0
0
0
0
0
0
0
1
4691 83
0
0
0
1
4692 125
0
0
0
0
0
0
0
0
0
0
0
0
0
0
0
0
0
0
0
0
0
0
1
4693 50
0
1
4694 75
0
0
0
0
0
0
0
0
0
0
0
1
4695 19
0
0
0
0
1
4696 201
0
0
0
0
0
1
4697 19
0
0
0
0
0
0
0
0
0
0
0
0
0
0
0
0
0
0
0
0
0
1
4698 36
0
0
0
0
0
0
0
1
4699 272
0
1
4700 143
0
0
0
0
0
0
1
4701 234
0
0
0
0
0
0
0
0
0
0
0
0
0
0
0
0
0
0
0
0
0
1
4702 244
0
0
1
4703 86
0
0
1
4704 224
0
0
1
4705 124
0
1
4706 234
0
0
0
0
0
0
0
0
0
1
4707 196
0
0
0
0
0
0
0
0
0
0
0
0
0
0
0
0
0
0
1
4708 159
0
1
4709 129
0
0
1
4710 242
0
1
4711 266
0
0
0
0
1
4712 99
0
1
4713 33
0
0
0
0
0
0
0
0
0
0
0
0
0
0
0
0
0
0
0
0
1
4714 158
0
0
0
1
4715 261
0
0
0
0
0
0
0
0
0
0
0
0
0
0
0
0
0
0
1
4716 232
0
0
0
0
0
1
4717 198
0
0
0
0
0
0
0
1
4718 210
0
0
0
0
0
0
0
0
0
1
4719 248
0
0
1
4720 83
0
0
0
0
0
0
0
0
0
0
1
4721 247
0
0
0
0
0
0
0
0
0
0
0
0
0
0
0
0
0
0
0
0
0
0
0
0
0
0
0
0
0
1
4722 95
0
0
0
0
0
0
1
4723 80
0
0
0
0
0
0
0
0
0
0
0
0
0
0
0
0
0
1
4724 186
0
0
0
0
1
4725 270
0
0
1
4726 235
0
0
1
4727 153
1
4728 184
0
0
0
0
0
0
0
0
0
0
0
0
0
0
1
4729 197
0
0
0
0
0
0
0
0
0
0
0
0
0
0
0
1
4730 80
0
0
0
0
0
0
1
4731 117
0
0
0
0
0
0
0
0
0
0
1
4732 136
0
0
1
4733 151
0
0
0
0
0
0
0
0
0
0
0
0
0
0
0
0
0
0
0
0
0
0
0
0
0
0
0
1
4734 95
0
0
0
0
0
0
0
0
0
0
0
0
0
0
0
0
0
0
0
0
0
0
0
0
0
1
4735 247
0
0
0
0
0
0
0
0
0
0
0
0
0
0
0
0
0
0
0
0
0
1
4736 61
1
4737 81
0
0
1
4738 67
0
0
0
0
0
0
0
0
0
1
4739 174
0
0
0
0
0
0
0
1
4740 28
0
0
0
0
0
0
0
0
0
0
0
0
0
0
1
4741 41
0
0
0
1
4742 186
0
0
0
0
0
0
1
4743 127
0
0
0
0
0
0
0
0
0
0
0
0
0
0
0
1
4744 46
0
0
0
0
0
0
0
0
0
0
0
1
4745 158
1
4746 80
0
0
0
1
4747 264
0
0
0
0
0
0
1
4748 56
0
0
0
0
0
0
0
0
1
4749 184
1
4750 119
0
0
0
0
0
0
0
0
0
0
0
0
0
0
0
0
0
0
0
0
0
0
0
0
0
0
1
4751 40
0
0
0
0
0
1
4752 14
0
0
0
0
0
0
0
0
0
0
1
4753 8
0
0
0
0
0
0
0
0
0
0
0
0
0
0
0
0
0
0
0
0
0
0
0
0
0
0
0
0
0
0
0
0
1
4754 105
0
0
0
0
0
0
0
0
0
0
0
1
4755 239
0
0
0
0
0
0
0
0
0
0
0
1
4756 253
0
1
4757 254
0
0
0
0
0
0
0
0
0
0
0
0
0
0
0
0
1
4758 225
0
0
0
0
0
0
0
0
0
0
0
0
0
0
0
0
0
0
0
0
0
0
1
4759 242
0
0
0
0
0
0
0
0
0
0
0
0
0
0
0
0
0
0
0
0
0
0
0
0
0
1
4760 225
0
0
1
4761 27
0
0
1
4762 25
0
0
0
0
0
0
0
0
0
0
0
0
0
0
0
0
0
0
0
0
1
4763 217
0
0
0
0
0
0
0
0
0
0
0
0
0
0
0
0
0
0
0
0
0
0
1
4764 143
0
0
0
0
0
0
0
0
0
0
0
0
0
0
0
1
4765 65
0
0
0
0
0
0
0
0
0
0
0
0
0
0
0
0
0
0
0
0
0
0
0
0
0
0
0
0
0
0
0
0
0
0
0
0
0
0
0
0
0
0
0
0
0
0
0
0
0
0
0
0
0
0
0
0
0
0
0
0
0
0
0
0
0
0
0
0
0
0
0
0
0
0
0
0
0
0
0
0
0
0
0
0
0
0
0
0
0
0
0
0
0
0
0
0
0
0
0
0
0
0
0
0
0
0
0
0
0
0
0
0
0
0
0
0
0
0
0
0
0
0
0
0
0
0
0
0
0
0
0
0
0
0
0
0
0
0
0
0
0
0
0
0
0
0
0
0
0
0
0
0
0
0
0
0
0
0
0
0
0
0
0
0
0
0
0
1
4766 163
0
0
0
0
0
0
0
0
0
0
0
0
0
0
0
0
0
0
0
0
0
0
0
0
0
0
0
0
0
0
0
0
0
0
0
0
0
0
0
0
0
0
0
0
0
0
0
0
0
0
0
0
0
0
0
0
0
0
0
0
0
0
0
0
0
0
0
0
0
0
0
0
0
0
0
0
0
0
0
0
0
0
0
0
0
0
0
0
0
0
0
0
0
0
0
0
0
0
0
0
0
0
0
0
0
0
0
0
0
0
0
0
0
0
0
0
0
0
0
0
0
0
0
0
0
0
0
0
0
0
0
0
0
0
0
0
0
0
0
0
0
0
0
0
0
0
0
0
0
0
0
0
0
0
0
0
0
0
0
0
0
0
0
0
0
0
0
0
0
0
0
0
0
0
0
0
0
0
0
0
0
0
0
0
0
0
0
0
0
0
0
0
0
0
0
0
0
0
0
0
0
0
0
0
0
0
0
0
0
0
0
0
0
0
0
0
0
0
0
0
0
0
0
0
0
0
0
0
0
0
0
0
0
0
0
0
0
0
0
0
0
0
0
0
0
0
0
0
0
0
0
0
0
0
0
0
0
0
0
0
0
0
0
0
0
0
0
0
0
0
0
0
0
0
0
0
0
0
0
0
0
0
0
0
0
0
0
0
0
0
0
0
0
0
0
0
0
0
0
0
0
0
0
0
0
0
0
0
0
0
0
0
0
0
0
0
0
0
0
0
0
0
0
0
0
0
0
0
0
0
0
0
0
0
0
0
0
0
0
0
0
0
0
0
0
0
0
0
0
0
0
0
0
0
0
0
0
0
0
0
0
0
0
0
0
0
0
0
0
0
0
0
0
0
0
0
0
0
0
0
0
0
0
0
0
0
0
0
0
0
0
0
0
0
0
0
0
0
0
0
0
0
0
0
0
0
0
0
0
0
0
0
0
0
0
0
0
0
0
0
0
0
0
0
0
0
0
0
0
0
0
0
0
0
0
0
0
0
0
0
0
0
0
0
0
0
0
0
0
0
0
0
0
0
0
0
0
0
0
0
0
0
0
0
0
0
0
0
0
0
0
0
0
0
0
0
0
0
0
0
0
0
0
0
0
0
0
0
0
0
0
0
0
0
0
0
0
0
0
0
0
0
0
0
0
0
0
0
0
0
0
0
0
0
0
0
0
0
0
0
0
0
0
0
0
0
0
0
0
0
0
0
0
0
0
0
0
0
0
0
0
0
0
0
0
0
0
0
0
0
0
0
0
0
0
0
0
0
0
0
0
0
0
0
0
0
0
