377 589
283 244 3
277 26 4
61 130 3
361 227 3
282 225 2
106 111 4
223 49 5
266 15 3
155 194 3
134 6 3
48 288 4
204 55 4
45 150 3
308 61 5
12 243 2
119 177 3
101 91 3
231 332 4
31 18 4
37 303 3
273 326 5
145 17 3
51 200 2
170 53 3
33 261 4
370 35 4
76 357 5
35 333 2
25 126 3
246 361 3
98 286 3
179 14 4
318 371 4
367 348 4
19 330 2
262 172 4
358 186 3
146 227 3
72 362 3
167 339 2
201 97 3
353 271 3
203 325 2
98 151 4
17 14 2
219 328 4
18 128 2
239 224 3
127 158 3
124 201 2
354 293 4
337 76 3
291 89 1
194 255 3
221 121 3
356 353 5
101 37 3
319 369 2
52 11 3
46 343 3
281 346 4
92 337 5
150 316 2
125 206 2
28 196 2
35 149 4
313 162 4
192 46 3
309 257 5
187 61 4
152 275 4
32 346 3
176 229 2
30 331 3
161 72 4
357 92 3
366 206 4
135 3 4
77 183 3
245 321 5
328 334 3
86 71 3
108 4 3
249 124 3
164 209 5
290 376 3
107 355 2
343 63 4
317 171 5
214 42 4
374 126 5
93 69 4
75 29 3
113 94 3
62 213 3
115 110 3
377 2 3
236 138 3
210 289 2
282 371 2
309 54 2
155 203 4
123 146 5
163 360 2
62 290 3
65 336 3
39 67 4
320 312 4
241 255 3
250 188 3
81 264 3
356 211 4
264 13 4
372 198 3
20 341 4
270 9 3
273 294 4
159 58 3
80 247 3
261 21 1
371 225 4
367 63 3
303 54 4
78 2 4
207 260 3
330 175 4
295 367 5
294 38 3
234 228 3
332 95 2
313 298 3
23 349 2
135 250 4
215 254 5
316 45 5
195 254 3
289 115 3
268 233 3
162 59 3
13 125 3
36 242 3
156 112 1
244 348 3
281 199 5
116 170 5
11 24 3
102 47 3
309 187 3
271 45 3
197 265 4
89 111 2
374 94 5
186 365 2
29 351 4
376 312 3
10 216 2
80 327 3
15 318 3
75 311 2
103 291 3
171 157 2
243 1 2
233 327 4
273 38 5
113 105 4
277 305 2
175 36 3
72 375 4
28 151 2
364 181 3
247 345 3
36 269 4
262 302 4
22 49 4
73 12 2
233 234 4
22 322 4
199 354 4
154 304 3
344 276 3
148 136 3
62 284 4
266 150 3
64 174 5
358 120 3
373 20 2
32 245 3
7 133 2
90 143 3
229 105 4
280 118 4
133 332 3
206 202 4
230 191 4
254 33 4
285 83 5
346 253 3
88 121 4
184 260 4
238 167 3
306 21 4
12 352 2
221 88 3
96 16 3
71 45 3
147 229 3
231 7 3
323 26 4
116 277 3
189 207 2
134 285 3
137 256 4
368 89 4
220 191 2
40 231 4
70 159 5
84 160 5
108 248 3
59 209 4
350 102 3
267 242 3
166 123 3
239 131 3
38 60 2
239 338 2
32 208 3
163 107 4
12 1 2
240 343 2
190 173 2
141 162 4
325 77 3
19 64 3
208 321 3
112 366 3
375 308 4
365 358 5
97 40 3
8 335 2
127 213 3
88 333 3
264 131 2
368 106 2
66 306 5
187 293 4
327 345 2
295 168 4
78 330 3
143 4 4
288 209 2
178 96 3
153 104 3
177 47 5
117 42 2
63 168 4
234 268 2
237 286 4
314 198 3
141 286 3
83 359 3
52 74 5
49 292 3
353 324 5
56 298 4
219 165 4
185 75 4
117 34 3
135 86 4
281 195 4
169 38 3
269 106 4
258 283 5
117 168 4
140 57 4
136 87 3
121 340 4
216 307 2
195 188 5
240 31 5
349 232 4
205 161 3
51 66 3
212 335 5
243 73 2
4 263 3
68 174 4
258 214 4
119 56 3
329 50 2
211 239 4
267 357 3
179 43 5
156 125 1
90 100 3
84 99 2
238 265 4
197 158 3
270 237 6
87 339 2
329 142 2
373 48 5
340 183 4
288 59 4
272 326 5
145 40 4
19 175 2
342 89 4
213 290 3
67 105 3
235 226 3
189 292 4
140 113 4
129 193 5
180 374 3
154 248 3
251 60 3
297 160 4
246 44 2
165 218 3
123 361 3
274 341 3
79 118 3
311 29 4
356 225 2
241 278 4
311 185 3
184 207 3
56 133 3
93 151 2
87 181 5
191 260 4
157 192 3
154 315 5
205 170 4
259 91 3
185 6 4
140 67 6
197 167 4
39 297 2
317 372 4
41 350 3
58 74 3
27 331 3
13 202 4
280 26 3
113 263 2
77 344 4
36 330 2
42 299 2
261 122 3
99 329 3
173 52 3
260 58 4
256 308 3
161 347 3
29 331 4
121 370 3
249 201 2
209 300 4
175 242 4
185 145 4
375 256 2
158 109 3
132 188 5
347 257 3
23 360 2
279 184 5
305 280 2
120 212 3
283 287 4
299 34 3
343 204 4
16 248 5
103 76 3
350 177 3
218 172 3
85 166 3
160 39 2
55 157 3
293 303 4
11 212 2
315 275 3
314 225 5
174 50 5
251 276 4
101 114 2
108 304 3
81 324 1
300 298 4
258 109 2
74 294 3
352 73 2
80 228 2
223 189 4
82 79 3
362 53 4
164 313 2
98 93 2
142 99 3
339 144 3
299 218 2
340 217 4
284 320 3
57 178 2
181 136 2
232 138 4
139 68 3
44 337 3
50 99 4
364 262 4
98 182 4
169 326 3
352 336 3
251 344 4
78 83 3
232 236 3
328 338 5
222 23 3
85 199 4
90 65 3
335 5 4
220 230 2
87 302 4
349 222 2
287 127 3
221 320 2
25 104 4
236 249 3
259 342 3
271 156 3
59 182 5
147 297 3
103 92 5
291 259 4
215 266 4
321 180 2
324 131 2
97 30 4
186 322 4
348 295 3
63 240 2
216 79 3
332 97 5
80 362 4
53 205 5
193 247 4
142 84 2
217 190 3
128 31 2
8 149 3
176 139 3
369 85 3
166 199 2
144 265 2
24 159 3
334 363 3
235 47 5
221 183 3
323 69 2
154 152 3
373 341 3
54 252 1
202 364 5
215 318 3
268 344 5
307 10 3
214 34 3
263 94 3
144 167 1
276 173 2
345 228 3
355 163 1
189 70 3
255 312 4
169 296 3
230 272 3
192 55 4
297 176 3
124 30 4
20 82 3
133 95 2
204 192 3
207 70 2
224 171 3
269 377 3
137 193 3
119 7 5
360 222 3
27 89 3
369 101 3
5 365 4
319 91 5
50 267 5
275 100 2
363 46 1
301 339 3
354 250 3
334 165 3
172 219 4
44 227 2
21 310 4
254 245 3
164 300 3
305 79 3
232 341 4
252 257 3
197 144 2
149 5 4
6 359 3
377 351 4
274 210 4
28 182 3
139 147 2
9 323 3
206 112 4
163 114 3
41 231 4
307 69 4
110 355 1
95 300 4
301 238 3
65 352 5
3 71 3
132 3 5
2 359 2
270 279 3
8 190 4
126 180 3
317 224 3
130 86 5
224 211 4
246 153 4
9 220 5
253 104 5
58 272 2
27 351 3
120 24 2
278 213 2
16 178 5
110 360 4
290 278 3
43 17 3
226 47 5
226 102 4
152 143 3
33 336 4
376 284 4
129 137 3
109 287 4
306 51 3
368 111 2
196 48 4
138 342 3
10 28 3
107 114 2
129 148 5
292 223 3
319 146 4
368 103 4
167 241 4
198 200 3
153 25 2
194 325 5
366 130 2
196 82 3
359 134 3
275 90 2
338 363 3
115 347 4
301 302 4
15 282 4
20 274 4
148 155 3
296 116 4
296 60 3
217 370 4
66 310 3
272 191 2
43 285 4
122 1 5
200 66 2
315 100 4
122 310 5
316 132 5
118 289 4
14 41 3
252 37 2
372 314 3
208 253 3
10000
0
0
0
0
0
0
0
0
0
0
0
0
0
0
0
0
0
0
0
0
0
0
0
0
0
0
0
0
0
0
0
0
0
0
0
0
0
0
0
0
0
0
0
0
0
0
0
0
0
0
0
0
0
0
0
0
0
0
0
0
0
0
0
0
0
0
0
0
0
0
0
0
0
0
0
0
0
1
1 292
0
0
0
0
0
0
0
0
0
0
0
0
0
0
0
0
0
0
0
0
0
1
2 256
0
0
0
0
0
0
0
0
0
0
0
0
0
0
0
0
0
0
0
0
0
0
0
0
0
0
0
0
0
0
0
0
0
0
0
0
0
0
0
0
0
0
0
0
0
0
0
0
0
0
0
0
0
0
0
0
0
0
0
0
0
0
0
0
0
0
0
0
0
0
0
0
0
0
0
0
0
0
0
0
0
0
0
0
0
0
0
0
0
0
0
0
0
0
0
0
0
0
0
0
0
0
0
0
0
0
0
0
0
0
0
0
0
0
0
0
0
0
0
0
0
0
0
0
0
0
0
0
0
0
0
0
0
0
0
0
0
0
0
0
0
0
0
0
0
0
0
0
0
0
0
1
3 322
0
0
0
0
1
4 140
0
0
0
0
0
0
0
0
0
0
0
0
0
0
0
0
1
5 170
0
0
0
0
0
0
0
0
0
0
0
0
0
0
0
0
0
0
0
0
0
0
0
0
0
0
0
0
0
0
0
0
0
0
0
0
1
6 355
0
0
1
7 92
0
0
0
0
0
0
0
0
0
0
0
0
0
0
0
0
0
0
0
0
0
0
0
0
0
0
0
1
8 144
0
0
1
9 214
0
0
0
0
0
0
0
0
0
1
10 327
0
0
0
0
0
0
0
0
1
11 324
0
0
0
0
0
0
1
12 148
0
0
0
0
0
0
0
1
13 371
0
1
14 143
0
0
0
0
0
0
0
0
0
0
0
0
0
0
0
0
0
0
0
0
0
0
0
0
0
0
1
15 168
0
0
0
0
0
0
0
0
0
0
0
1
16 84
0
0
0
0
1
17 20
0
0
0
1
18 82
0
0
0
0
0
0
0
0
1
19 285
0
0
0
0
0
0
0
0
0
0
0
0
0
0
1
20 88
0
0
0
0
0
0
0
0
0
1
21 13
0
0
0
0
0
0
0
0
0
0
0
0
0
0
0
0
0
0
0
0
0
0
0
0
0
0
0
0
1
22 249
0
0
0
0
0
0
0
0
0
0
0
0
0
0
0
0
0
0
0
0
0
0
0
0
0
0
0
0
0
0
0
0
0
0
0
0
0
0
0
0
0
0
0
1
23 351
0
1
24 346
0
0
0
0
0
0
0
0
0
0
0
0
1
25 298
0
0
1
26 343
0
0
0
0
0
0
0
0
0
0
0
0
0
0
0
0
1
27 166
1
28 120
1
29 177
0
0
0
0
1
30 209
0
0
0
0
0
0
0
0
0
0
0
0
0
0
0
0
1
31 289
0
0
0
0
0
0
0
0
0
1
32 171
0
0
0
0
0
0
0
0
0
0
0
0
0
0
0
0
0
0
0
0
0
1
33 169
0
0
0
0
0
0
0
1
34 128
0
0
0
0
0
0
0
0
0
0
0
0
0
0
0
0
0
0
0
0
0
0
0
0
1
35 159
0
0
0
0
0
0
0
1
36 280
0
0
1
37 71
1
38 61
1
39 359
1
40 280
0
0
0
0
0
0
0
0
1
41 338
0
0
0
0
0
1
42 361
0
0
0
0
0
0
0
0
0
1
43 166
0
1
44 230
0
0
0
0
0
0
0
0
0
1
45 287
0
0
0
1
46 362
1
47 373
0
0
0
0
0
0
0
0
1
48 23
0
0
0
1
49 94
0
0
0
0
0
0
0
0
0
0
0
0
0
0
0
0
0
0
0
1
50 369
1
51 157
0
0
0
0
1
52 75
0
0
0
0
1
53 160
0
0
0
0
0
1
54 9
0
0
0
0
0
0
0
0
0
0
0
0
0
0
0
0
0
0
0
0
0
0
0
0
0
0
0
0
0
0
0
0
0
0
0
0
0
0
0
0
0
0
0
0
0
1
55 196
0
0
0
0
0
0
0
0
0
0
0
0
1
56 354
0
0
0
0
1
57 313
0
1
58 62
0
1
59 340
0
0
0
0
0
0
0
0
1
60 290
0
0
0
0
0
0
0
0
0
0
0
1
61 59
0
0
0
0
0
0
0
0
0
0
0
1
62 158
1
63 216
0
0
0
0
0
1
64 157
0
0
0
0
0
0
0
0
1
65 167
0
0
1
66 145
0
0
0
1
67 216
0
0
1
68 212
0
0
1
69 169
0
0
0
1
70 197
0
0
0
0
0
0
0
0
0
0
1
71 162
0
1
72 128
1
73 32
0
0
1
74 333
0
0
0
0
0
1
75 12
0
0
0
0
0
0
0
1
76 48
1
77 313
0
0
0
0
0
0
0
0
0
0
0
0
0
0
0
0
0
0
0
0
0
0
0
1
78 332
0
0
0
0
0
0
1
79 31
0
0
0
0
0
0
1
80 23
0
1
81 253
0
0
0
1
82 25
0
0
0
0
0
1
83 325
0
1
84 325
0
0
0
0
0
1
85 100
0
0
1
86 198
0
0
0
0
0
0
0
0
0
0
0
0
0
1
87 11
0
0
0
1
88 134
0
0
0
0
0
0
0
0
0
0
0
0
0
0
0
0
1
89 57
0
1
90 111
0
0
0
0
1
91 97
0
0
1
92 277
0
1
93 158
0
0
0
0
0
1
94 172
0
1
95 147
0
1
96 304
0
0
0
0
0
1
97 63
0
0
0
1
98 115
1
99 280
1
100 336
0
0
0
0
1
101 138
0
0
0
0
0
0
0
0
0
1
102 342
1
103 241
0
0
0
0
0
1
104 258
0
0
1
105 304
0
1
106 2
0
0
1
107 191
0
0
0
0
1
108 314
0
0
0
0
0
0
0
0
0
0
0
0
0
0
0
0
1
109 319
0
1
110 239
0
0
0
0
0
1
111 193
0
0
0
0
0
0
0
0
0
1
112 310
0
0
0
1
113 179
0
0
0
0
1
114 347
0
1
115 269
0
0
0
0
0
0
0
1
116 171
1
117 84
0
0
1
118 221
1
119 214
1
120 109
0
0
0
0
0
1
121 359
0
0
0
0
0
0
1
122 128
0
0
0
0
0
1
123 328
0
0
0
0
0
0
0
0
0
1
124 207
0
0
0
0
0
0
0
0
1
125 193
0
0
1
126 275
0
0
0
0
0
0
0
1
127 225
0
0
0
0
0
1
128 327
0
0
0
1
129 351
1
130 153
0
1
131 296
1
132 242
0
0
0
0
1
133 169
0
0
0
0
0
0
0
0
0
1
134 44
0
0
0
0
0
1
135 222
1
136 192
0
0
0
1
137 27
0
0
0
0
0
0
1
138 240
0
0
0
0
0
0
0
1
139 288
1
140 93
0
0
0
1
141 271
0
0
0
0
1
142 239
1
143 159
0
1
144 222
0
1
145 281
0
0
0
0
1
146 268
0
0
1
147 112
1
148 228
1
149 86
0
0
0
0
0
1
150 152
0
0
0
0
1
151 191
0
0
0
0
1
152 320
0
0
1
153 334
1
154 373
0
0
0
0
1
155 126
0
0
0
1
156 136
0
0
0
0
0
0
1
157 141
1
158 62
0
0
0
1
159 183
1
160 318
0
0
0
0
0
0
0
0
0
0
1
161 187
0
0
0
0
1
162 49
0
1
163 201
0
0
0
0
0
0
0
0
1
164 271
0
0
0
0
0
0
0
0
0
0
1
165 83
0
0
0
1
166 190
0
0
1
167 88
0
0
1
168 23
0
0
1
169 178
0
0
0
0
1
170 113
0
0
0
1
171 33
0
0
0
0
1
172 175
0
0
0
0
1
173 286
1
174 161
1
175 23
0
0
1
176 170
0
0
0
0
0
0
1
177 207
0
0
1
178 209
0
0
0
0
0
1
179 305
0
1
180 240
0
1
181 269
0
0
0
0
0
0
0
0
0
0
0
0
0
0
1
182 363
0
0
0
0
0
0
0
0
0
0
1
183 269
0
0
0
1
184 124
0
0
0
1
185 197
0
0
0
1
186 328
1
187 195
0
0
0
0
0
1
188 10
0
0
1
189 311
0
0
0
0
0
0
0
0
0
0
0
0
1
190 169
0
0
0
0
0
0
0
0
0
1
191 128
0
0
0
0
0
0
0
0
0
1
192 206
0
1
193 268
0
0
0
0
0
1
194 169
0
0
0
0
0
0
0
1
195 181
1
196 203
0
0
0
0
1
197 161
0
0
0
0
0
0
1
198 98
0
0
0
1
199 9
1
200 152
0
0
0
0
1
201 293
0
0
0
0
1
202 29
0
0
0
0
1
203 9
0
1
204 146
0
1
205 188
1
206 173
0
0
1
207 267
0
0
0
1
208 259
1
209 122
1
210 218
1
211 255
1
212 194
0
0
1
213 210
0
1
214 219
1
215 127
0
0
1
216 16
1
217 35
0
0
1
218 165
1
219 82
0
0
0
0
1
220 357
0
0
0
1
221 376
1
222 245
1
223 187
0
0
1
224 126
0
0
0
0
0
1
225 72
1
226 269
0
0
1
227 339
0
0
0
1
228 270
0
0
1
229 273
1
230 143
0
0
0
0
0
0
0
1
231 90
1
232 374
0
0
0
0
0
0
0
0
0
0
0
0
0
0
0
0
0
0
0
0
0
0
1
233 313
1
234 361
0
0
0
0
0
0
0
0
0
0
1
235 10
0
1
236 172
0
0
1
237 63
1
238 298
0
1
239 349
0
0
1
240 237
1
241 75
0
0
0
1
242 94
0
1
243 115
0
1
244 127
0
0
0
0
1
245 136
0
0
1
246 357
0
1
247 222
1
248 159
1
249 158
0
0
0
1
250 5
0
0
0
1
251 356
0
1
252 210
0
0
0
0
1
253 161
1
254 76
1
255 353
0
1
256 194
1
257 276
0
1
258 281
0
0
0
0
0
0
1
259 110
0
0
0
1
260 155
0
0
0
0
1
261 43
1
262 104
0
1
263 9
0
0
0
1
264 338
1
265 274
0
0
0
0
0
0
0
1
266 308
0
1
267 128
0
0
0
0
0
0
0
0
1
268 201
0
1
269 345
1
270 320
0
1
271 286
0
0
0
0
0
1
272 221
1
273 41
0
0
1
274 233
0
0
1
275 23
0
1
276 149
0
1
277 40
0
1
278 368
0
0
1
279 14
0
0
1
280 6
0
1
281 222
0
0
0
0
0
0
0
1
282 326
0
1
283 11
0
0
1
284 201
0
0
0
1
285 253
0
0
1
286 49
0
0
0
0
0
1
287 99
0
1
288 319
0
0
0
0
1
289 266
0
0
0
1
290 326
0
1
291 27
0
0
0
1
292 174
1
293 296
0
0
1
294 280
0
0
0
0
0
0
0
0
1
295 80
1
296 202
0
1
297 162
1
298 16
0
0
1
299 63
0
1
300 311
1
301 135
0
0
1
302 85
1
303 53
0
0
0
1
304 137
1
305 148
1
306 46
0
0
0
0
1
307 142
0
0
1
308 166
1
309 9
0
0
1
310 279
0
1
311 153
0
0
1
312 205
0
0
0
1
313 236
0
0
0
0
1
314 190
1
315 48
0
1
316 358
0
0
0
0
0
0
0
0
1
317 151
0
0
0
1
318 243
0
0
0
0
0
0
0
0
1
319 346
0
1
320 283
0
0
0
0
0
0
0
1
321 70
0
1
322 340
0
1
323 224
1
324 211
0
0
0
1
325 91
0
0
1
326 294
0
0
0
1
327 47
0
0
1
328 309
0
1
329 33
0
1
330 192
0
1
331 98
0
0
1
332 143
0
1
333 238
0
0
0
1
334 314
0
0
0
1
335 243
1
336 351
0
1
337 309
0
1
338 269
0
1
339 8
1
340 284
0
0
1
341 273
0
0
0
0
1
342 313
1
343 161
0
0
0
1
344 273
0
0
0
0
0
0
1
345 72
0
0
1
346 161
0
0
0
0
0
1
347 101
0
0
0
1
348 247
0
0
0
1
349 134
0
0
0
1
350 92
0
1
351 16
1
352 237
1
353 343
1
354 115
0
0
1
355 367
0
0
0
1
356 258
0
1
357 70
1
358 82
0
0
1
359 37
1
360 73
0
0
0
0
1
361 202
0
0
0
0
0
0
0
0
0
0
1
362 211
1
363 83
0
0
0
0
1
364 265
0
0
1
365 342
0
0
1
366 137
0
1
367 328
0
0
0
0
0
0
1
368 325
0
1
369 171
1
370 170
1
371 118
0
0
0
0
1
372 227
0
0
1
373 224
0
0
0
0
0
1
374 125
0
0
0
0
0
1
375 32
1
376 312
1
377 329
1
378 205
1
379 278
0
0
0
0
0
0
1
380 249
0
0
0
1
381 271
1
382 287
0
1
383 243
1
384 240
1
385 323
0
1
386 268
0
0
1
387 21
1
388 267
1
389 348
0
0
1
390 185
0
0
0
0
0
0
0
1
391 280
1
392 322
1
393 203
0
0
0
0
1
394 118
0
1
395 167
1
396 275
0
0
1
397 58
0
0
1
398 334
0
0
1
399 95
0
0
0
0
0
0
0
1
400 96
0
0
0
1
401 223
1
402 180
0
0
1
403 284
0
1
404 219
0
1
405 58
0
0
0
0
1
406 201
0
0
0
1
407 290
0
0
1
408 249
1
409 208
0
1
410 177
0
1
411 235
0
0
0
0
0
1
412 51
0
0
1
413 186
0
1
414 85
0
0
0
0
1
415 335
0
0
1
416 323
1
417 165
1
418 14
0
1
419 249
1
420 228
0
0
1
421 251
1
422 366
0
0
0
0
0
1
423 209
0
0
1
424 180
1
425 234
1
426 317
0
0
1
427 205
0
0
0
0
1
428 7
0
0
1
429 335
0
1
430 224
0
1
431 74
0
1
432 119
1
433 20
0
0
0
0
1
434 116
0
0
0
0
0
1
435 28
0
1
436 283
1
437 56
0
0
1
438 68
1
439 262
1
440 233
0
0
1
441 274
0
1
442 346
1
443 128
1
444 89
0
0
1
445 250
1
446 247
0
1
447 299
0
1
448 363
0
0
0
0
0
0
0
0
1
449 10
0
1
450 108
1
451 116
0
0
0
1
452 170
0
1
453 323
0
0
0
1
454 105
0
1
455 177
1
456 277
1
457 371
1
458 112
0
1
459 32
0
1
460 191
0
1
461 375
0
1
462 347
0
0
1
463 147
0
1
464 53
1
465 51
0
1
466 64
1
467 116
1
468 16
0
0
0
1
469 93
0
1
470 257
0
1
471 119
1
472 186
0
1
473 95
0
0
0
0
0
1
474 215
1
475 248
0
1
476 302
1
477 104
1
478 83
0
0
1
479 285
0
1
480 306
0
0
0
1
481 14
0
0
1
482 38
0
0
0
0
1
483 230
1
484 11
1
485 345
1
486 145
1
487 206
1
488 131
0
0
1
489 344
0
1
490 49
0
0
0
0
0
1
491 129
0
1
492 42
0
0
1
493 176
1
494 129
0
0
1
495 9
0
0
0
1
496 300
0
1
497 173
0
1
498 305
0
1
499 129
1
500 371
0
1
501 322
1
502 274
0
1
503 264
1
504 279
0
0
0
0
0
0
0
0
0
0
0
1
505 312
1
506 316
0
1
507 305
0
0
1
508 118
1
509 252
0
1
510 168
0
0
0
0
0
0
1
511 94
0
0
0
0
0
0
1
512 109
1
513 355
0
1
514 346
1
515 347
1
516 72
0
1
517 143
0
0
0
0
1
518 157
0
1
519 230
0
1
520 319
0
0
1
521 184
0
1
522 362
0
0
0
1
523 79
0
0
1
524 143
0
0
1
525 123
0
0
0
1
526 138
0
0
0
0
0
1
527 137
0
0
0
0
0
0
0
0
0
0
1
528 278
0
1
529 233
0
0
0
0
1
530 26
1
531 8
1
532 87
0
0
1
533 342
0
1
534 211
1
535 3
1
536 359
1
537 297
1
538 151
0
1
539 368
0
0
1
540 171
0
1
541 117
0
1
542 67
0
0
1
543 170
1
544 191
0
1
545 172
0
1
546 192
0
1
547 186
1
548 289
0
0
0
1
549 16
0
1
550 257
0
0
1
551 132
0
1
552 176
0
0
0
0
0
0
0
0
0
0
0
1
553 50
0
1
554 363
0
1
555 294
0
0
1
556 372
0
1
557 99
0
1
558 168
1
559 5
0
0
0
1
560 172
0
1
561 346
0
1
562 137
0
1
563 330
1
564 135
1
565 128
0
1
566 310
1
567 246
1
568 159
1
569 196
0
0
0
0
0
1
570 42
1
571 270
0
1
572 289
1
573 291
1
574 359
0
1
575 221
1
576 174
0
0
1
577 166
0
1
578 245
1
579 252
0
1
580 37
0
1
581 131
1
582 93
1
583 210
0
1
584 259
0
0
0
1
585 137
0
1
586 294
1
587 282
0
1
588 79
0
0
1
589 38
0
1
590 207
0
0
1
591 111
0
1
592 314
0
1
593 176
0
1
594 311
1
595 283
0
0
0
0
0
1
596 199
0
0
0
0
0
1
597 32
1
598 4
1
599 259
0
1
600 175
0
1
601 350
0
0
1
602 305
0
1
603 84
0
1
604 211
0
0
1
605 280
1
606 82
1
607 204
1
608 133
1
609 135
0
0
0
0
1
610 143
1
611 23
0
0
1
612 316
1
613 44
0
1
614 236
1
615 312
1
616 57
0
0
0
0
0
0
0
1
617 105
0
0
1
618 2
1
619 147
0
1
620 232
1
621 337
0
1
622 53
0
0
0
0
0
1
623 300
1
624 347
1
625 207
0
1
626 357
0
0
1
627 202
1
628 64
1
629 43
1
630 356
1
631 30
1
632 185
0
0
1
633 370
1
634 199
1
635 304
0
1
636 296
0
0
0
1
637 126
1
638 80
1
639 112
0
0
1
640 64
1
641 183
1
642 259
1
643 175
1
644 75
0
0
0
0
0
0
0
1
645 82
0
0
1
646 79
1
647 205
1
648 240
1
649 193
1
650 366
1
651 42
0
1
652 35
0
0
1
653 173
0
0
0
1
654 320
0
1
655 217
0
0
0
0
1
656 89
0
1
657 31
1
658 299
1
659 246
1
660 256
1
661 171
0
0
0
0
1
662 81
0
1
663 368
0
1
664 131
0
0
0
0
0
0
1
665 224
1
666 228
1
667 69
1
668 193
0
1
669 120
0
1
670 275
0
1
671 367
0
1
672 86
1
673 312
0
0
1
674 69
0
1
675 73
0
1
676 351
0
1
677 135
1
678 84
0
1
679 57
1
680 39
1
681 16
0
0
1
682 232
1
683 119
1
684 5
0
0
0
0
1
685 132
1
686 261
0
1
687 170
1
688 80
0
0
0
1
689 307
0
0
1
690 77
0
0
1
691 91
1
692 222
1
693 291
1
694 255
1
695 119
0
1
696 326
0
0
0
0
0
0
0
0
0
1
697 198
1
698 373
1
699 331
1
700 75
0
0
0
1
701 214
0
1
702 271
0
1
703 183
1
704 263
0
1
705 322
0
0
0
1
706 97
0
0
1
707 310
0
0
1
708 145
1
709 233
1
710 87
0
0
0
1
711 280
0
1
712 119
1
713 361
1
714 353
1
715 275
0
1
716 125
1
717 229
0
1
718 266
0
0
0
0
1
719 223
1
720 261
1
721 104
1
722 63
1
723 159
0
0
0
0
0
1
724 159
1
725 176
0
0
1
726 219
0
1
727 204
1
728 229
1
729 207
0
1
730 39
1
731 312
1
732 288
0
0
1
733 266
0
1
734 192
0
0
1
735 364
0
0
1
736 86
0
0
1
737 139
1
738 19
1
739 92
0
0
0
1
740 51
1
741 25
0
1
742 194
1
743 53
1
744 263
0
1
745 236
0
0
1
746 360
0
0
1
747 66
0
0
1
748 264
1
749 272
1
750 54
0
0
0
0
0
0
1
751 199
1
752 89
1
753 133
0
1
754 83
0
0
1
755 326
0
1
756 140
0
0
0
1
757 230
1
758 21
1
759 171
1
760 266
1
761 55
1
762 14
0
0
0
0
1
763 296
1
764 326
1
765 110
1
766 265
1
767 10
1
768 234
0
1
769 156
0
0
1
770 71
1
771 232
0
1
772 252
0
1
773 213
1
774 94
0
1
775 31
1
776 368
0
0
0
1
777 80
1
778 289
1
779 14
0
1
780 244
0
0
0
0
0
1
781 196
1
782 178
1
783 64
0
1
784 73
1
785 181
0
0
1
786 82
1
787 105
0
0
1
788 209
0
1
789 136
0
1
790 33
1
791 161
1
792 158
1
793 166
0
1
794 333
1
795 77
0
1
796 347
1
797 38
1
798 165
1
799 345
0
1
800 351
0
0
1
801 72
1
802 166
0
0
1
803 196
1
804 252
1
805 256
0
0
0
0
1
806 273
1
807 106
0
0
0
0
0
1
808 217
0
0
0
1
809 53
0
1
810 143
1
811 80
0
0
1
812 19
0
1
813 316
0
0
0
1
814 111
1
815 311
0
0
0
1
816 4
0
0
1
817 101
1
818 352
0
1
819 350
1
820 178
1
821 190
1
822 47
1
823 117
0
0
1
824 157
0
0
1
825 307
1
826 78
1
827 373
1
828 189
0
1
829 49
1
830 103
0
1
831 87
0
0
0
1
832 80
1
833 275
1
834 170
1
835 295
0
1
836 201
1
837 81
1
838 325
1
839 291
1
840 184
1
841 24
1
842 33
1
843 222
1
844 170
1
845 170
1
846 314
1
847 220
1
848 69
1
849 209
0
1
850 112
1
851 177
0
0
1
852 322
1
853 146
1
854 62
1
855 217
1
856 203
1
857 97
1
858 235
1
859 115
0
0
0
0
0
1
860 337
0
1
861 116
0
1
862 33
1
863 307
1
864 79
1
865 291
1
866 102
1
867 217
0
1
868 10
1
869 276
0
1
870 116
1
871 245
0
1
872 252
1
873 97
1
874 194
0
1
875 3
0
0
1
876 241
1
877 106
0
1
878 255
1
879 95
0
1
880 289
1
881 74
1
882 56
1
883 205
1
884 15
1
885 45
1
886 216
0
1
887 212
0
1
888 235
1
889 206
0
0
1
890 290
1
891 200
0
0
1
892 61
1
893 65
1
894 104
1
895 215
1
896 99
1
897 306
1
898 127
0
1
899 170
1
900 305
0
1
901 173
1
902 321
1
903 169
0
0
0
0
0
1
904 60
1
905 4
1
906 301
1
907 156
1
908 221
1
909 328
1
910 330
0
1
911 91
0
0
0
1
912 165
1
913 88
0
0
0
1
914 268
0
0
1
915 273
0
1
916 366
1
917 146
1
918 304
1
919 231
1
920 11
0
1
921 96
1
922 192
1
923 191
0
1
924 289
0
0
0
1
925 222
0
0
1
926 71
0
1
927 205
0
1
928 173
1
929 222
1
930 143
0
1
931 288
1
932 28
0
1
933 150
0
1
934 287
0
1
935 336
1
936 60
1
937 23
1
938 30
1
939 37
1
940 326
1
941 307
0
1
942 80
1
943 139
0
0
0
0
1
944 328
0
0
1
945 341
1
946 9
0
1
947 360
0
0
0
0
0
0
1
948 70
0
0
1
949 345
1
950 114
1
951 148
0
0
0
1
952 142
0
1
953 304
1
954 64
0
1
955 2
0
1
956 359
0
1
957 345
1
958 124
1
959 194
1
960 45
1
961 8
1
962 127
0
1
963 214
0
1
964 273
1
965 155
1
966 311
1
967 308
0
1
968 125
1
969 209
1
970 70
1
971 112
0
1
972 132
0
0
1
973 133
0
1
974 49
1
975 293
0
1
976 74
1
977 317
0
0
1
978 40
0
1
979 210
1
980 143
1
981 28
0
0
1
982 110
0
1
983 223
0
1
984 50
1
985 12
1
986 250
1
987 38
1
988 32
1
989 211
1
990 133
0
1
991 308
1
992 304
0
1
993 65
0
1
994 41
1
995 330
1
996 292
0
0
1
997 349
0
0
1
998 14
1
999 58
1
1000 209
0
1
1001 216
1
1002 277
0
1
1003 194
1
1004 55
1
1005 122
1
1006 194
0
0
1
1007 205
1
1008 372
1
1009 215
1
1010 62
1
1011 118
1
1012 93
1
1013 283
1
1014 311
0
1
1015 49
1
1016 202
0
0
1
1017 28
1
1018 285
0
1
1019 56
0
1
1020 191
0
0
1
1021 334
1
1022 59
1
1023 9
1
1024 352
1
1025 26
1
1026 257
1
1027 334
0
1
1028 147
0
1
1029 118
1
1030 276
0
0
0
1
1031 156
1
1032 24
0
0
0
1
1033 271
1
1034 294
1
1035 111
0
1
1036 74
0
1
1037 282
1
1038 39
1
1039 350
1
1040 312
1
1041 183
1
1042 78
1
1043 80
1
1044 367
1
1045 278
1
1046 215
0
1
1047 221
0
0
1
1048 365
1
1049 263
1
1050 207
0
1
1051 291
0
1
1052 23
1
1053 329
1
1054 14
1
1055 52
1
1056 119
0
0
1
1057 264
1
1058 223
1
1059 375
1
1060 18
0
1
1061 7
0
1
1062 67
1
1063 134
0
1
1064 192
0
1
1065 214
1
1066 3
1
1067 346
0
1
1068 225
1
1069 109
0
0
0
1
1070 200
1
1071 228
0
0
0
1
1072 331
1
1073 141
0
1
1074 364
0
1
1075 56
0
1
1076 5
1
1077 34
1
1078 360
0
1
1079 361
1
1080 84
1
1081 325
0
1
1082 266
0
1
1083 276
0
1
1084 370
1
1085 62
1
1086 54
1
1087 23
0
0
1
1088 184
0
0
1
1089 271
1
1090 198
1
1091 340
0
0
0
0
1
1092 4
1
1093 22
1
1094 360
0
1
1095 151
0
1
1096 305
0
0
0
0
0
1
1097 218
1
1098 326
0
0
0
1
1099 176
1
1100 373
0
0
1
1101 211
1
1102 142
0
1
1103 57
0
1
1104 113
1
1105 69
1
1106 151
1
1107 82
1
1108 267
1
1109 36
1
1110 277
1
1111 67
1
1112 186
1
1113 255
0
1
1114 170
1
1115 279
1
1116 154
1
1117 67
1
1118 128
0
1
1119 234
1
1120 126
1
1121 11
1
1122 305
1
1123 90
0
1
1124 250
0
0
0
1
1125 343
1
1126 177
1
1127 11
1
1128 38
1
1129 162
0
0
1
1130 189
1
1131 73
1
1132 38
1
1133 350
1
1134 240
0
1
1135 93
0
0
1
1136 89
1
1137 288
0
0
1
1138 162
0
0
1
1139 138
0
1
1140 174
1
1141 213
1
1142 214
1
1143 271
1
1144 162
1
1145 251
1
1146 258
0
1
1147 111
0
0
0
1
1148 18
0
1
1149 20
1
1150 124
0
1
1151 160
1
1152 42
1
1153 338
1
1154 178
0
0
1
1155 7
0
1
1156 198
1
1157 187
1
1158 27
1
1159 94
1
1160 176
0
0
0
1
1161 73
1
1162 72
0
0
0
0
0
1
1163 239
1
1164 366
0
1
1165 351
0
0
0
0
1
1166 38
1
1167 98
1
1168 265
0
0
1
1169 235
1
1170 10
0
1
1171 90
1
1172 96
1
1173 275
1
1174 9
0
1
1175 277
0
1
1176 295
1
1177 44
1
1178 242
0
1
1179 259
0
0
0
1
1180 144
1
1181 351
1
1182 309
1
1183 28
1
1184 133
0
0
1
1185 152
1
1186 300
1
1187 274
1
1188 5
0
1
1189 199
0
0
1
1190 362
0
1
1191 264
0
0
1
1192 234
0
1
1193 22
0
1
1194 345
1
1195 74
1
1196 34
0
1
1197 268
0
0
0
1
1198 304
0
1
1199 161
1
1200 243
1
1201 10
1
1202 113
0
0
1
1203 345
1
1204 136
0
1
1205 243
1
1206 311
0
1
1207 20
1
1208 306
0
1
1209 278
0
0
1
1210 119
1
1211 289
0
0
0
1
1212 145
1
1213 81
1
1214 33
1
1215 250
1
1216 365
1
1217 220
1
1218 53
0
1
1219 47
1
1220 45
0
1
1221 362
1
1222 207
1
1223 74
1
1224 62
1
1225 64
0
1
1226 155
1
1227 143
0
1
1228 110
1
1229 332
1
1230 74
1
1231 63
1
1232 53
1
1233 82
1
1234 95
1
1235 12
1
1236 369
0
1
1237 239
0
0
0
1
1238 317
1
1239 120
0
0
1
1240 121
1
1241 210
1
1242 252
0
1
1243 119
1
1244 241
1
1245 336
1
1246 286
0
0
0
0
1
1247 268
0
1
1248 349
1
1249 69
1
1250 271
1
1251 233
1
1252 28
0
0
1
1253 284
1
1254 264
1
1255 196
1
1256 339
1
1257 267
0
1
1258 319
0
0
1
1259 24
1
1260 65
1
1261 40
1
1262 163
1
1263 264
0
1
1264 15
1
1265 50
0
0
1
1266 128
1
1267 239
1
1268 344
1
1269 82
1
1270 305
1
1271 80
1
1272 339
1
1273 282
1
1274 136
1
1275 328
1
1276 267
1
1277 156
1
1278 236
0
0
1
1279 216
1
1280 178
1
1281 115
1
1282 313
1
1283 321
1
1284 180
1
1285 325
0
0
1
1286 103
1
1287 212
0
1
1288 313
1
1289 234
1
1290 155
0
1
1291 274
1
1292 265
1
1293 170
1
1294 38
1
1295 232
0
1
1296 130
1
1297 322
1
1298 234
0
1
1299 290
1
1300 96
1
1301 67
1
1302 293
1
1303 197
0
1
1304 310
1
1305 283
1
1306 280
1
1307 206
0
1
1308 313
1
1309 179
1
1310 59
1
1311 76
1
1312 232
1
1313 129
1
1314 27
0
1
1315 279
0
1
1316 351
1
1317 279
1
1318 6
0
1
1319 50
1
1320 144
1
1321 303
0
0
1
1322 353
1
1323 171
1
1324 309
1
1325 106
1
1326 181
1
1327 157
1
1328 76
0
1
1329 116
1
1330 42
1
1331 314
1
1332 186
1
1333 20
0
1
1334 220
1
1335 10
0
1
1336 310
0
1
1337 126
1
1338 8
1
1339 351
1
1340 210
0
1
1341 36
0
1
1342 173
1
1343 341
0
0
1
1344 59
1
1345 350
0
0
0
0
0
1
1346 176
1
1347 128
1
1348 232
1
1349 170
1
1350 280
1
1351 198
1
1352 328
1
1353 174
1
1354 28
1
1355 179
1
1356 346
1
1357 47
1
1358 279
1
1359 250
0
1
1360 49
0
1
1361 329
1
1362 327
0
1
1363 289
0
1
1364 84
0
0
0
1
1365 164
0
1
1366 346
1
1367 355
0
1
1368 323
1
1369 191
1
1370 222
1
1371 93
1
1372 371
1
1373 157
1
1374 359
0
0
1
1375 20
1
1376 350
1
1377 90
1
1378 42
0
0
0
1
1379 168
0
0
0
0
1
1380 221
0
1
1381 351
1
1382 326
1
1383 179
1
1384 53
1
1385 16
1
1386 248
1
1387 136
0
1
1388 30
1
1389 103
1
1390 33
1
1391 272
1
1392 88
1
1393 95
1
1394 239
0
1
1395 277
0
1
1396 82
1
1397 170
1
1398 60
0
0
1
1399 182
0
1
1400 88
1
1401 359
1
1402 69
1
1403 146
1
1404 320
1
1405 347
1
1406 118
0
1
1407 282
1
1408 340
1
1409 11
0
1
1410 336
0
1
1411 85
1
1412 82
0
0
0
0
1
1413 133
1
1414 222
1
1415 96
1
1416 95
0
1
1417 357
1
1418 282
1
1419 317
0
1
1420 323
1
1421 40
1
1422 95
1
1423 38
1
1424 310
1
1425 170
0
1
1426 69
1
1427 39
1
1428 369
1
1429 163
1
1430 326
1
1431 220
1
1432 373
0
1
1433 7
1
1434 208
0
1
1435 37
1
1436 5
1
1437 214
1
1438 169
1
1439 246
1
1440 14
1
1441 316
0
1
1442 302
1
1443 57
1
1444 364
1
1445 4
0
0
0
1
1446 268
1
1447 285
0
1
1448 319
0
1
1449 157
1
1450 171
1
1451 208
1
1452 315
0
0
0
0
0
1
1453 329
1
1454 167
0
1
1455 301
0
1
1456 208
1
1457 334
0
1
1458 23
0
1
1459 133
1
1460 300
1
1461 274
0
1
1462 329
1
1463 175
1
1464 272
0
1
1465 114
1
1466 317
1
1467 163
0
1
1468 185
0
1
1469 44
1
1470 189
1
1471 215
0
1
1472 8
1
1473 26
1
1474 95
1
1475 103
1
1476 138
1
1477 176
1
1478 353
1
1479 239
0
1
1480 23
0
0
1
1481 40
1
1482 197
1
1483 374
0
1
1484 261
1
1485 273
1
1486 340
1
1487 12
1
1488 277
1
1489 294
1
1490 251
1
1491 212
1
1492 281
0
0
1
1493 307
0
1
1494 334
0
1
1495 231
0
0
0
1
1496 27
1
1497 132
1
1498 280
1
1499 299
1
1500 135
1
1501 216
0
0
1
1502 104
0
0
1
1503 274
1
1504 38
1
1505 111
0
1
1506 79
1
1507 265
1
1508 244
0
1
1509 130
1
1510 307
1
1511 211
0
1
1512 367
1
1513 236
1
1514 182
0
1
1515 334
1
1516 76
1
1517 115
1
1518 166
0
0
1
1519 37
1
1520 326
1
1521 320
1
1522 26
1
1523 185
1
1524 165
0
1
1525 104
1
1526 47
1
1527 261
1
1528 356
1
1529 260
0
1
1530 278
0
1
1531 46
1
1532 116
1
1533 359
0
1
1534 295
1
1535 105
0
1
1536 250
1
1537 2
1
1538 54
1
1539 164
1
1540 82
0
1
1541 184
1
1542 290
0
1
1543 119
1
1544 359
0
1
1545 244
1
1546 90
1
1547 28
1
1548 178
1
1549 374
1
1550 73
1
1551 130
1
1552 144
1
1553 206
1
1554 53
1
1555 86
0
0
1
1556 73
0
1
1557 241
1
1558 358
1
1559 103
1
1560 51
1
1561 242
1
1562 258
1
1563 94
0
1
1564 82
1
1565 365
1
1566 75
0
1
1567 360
0
1
1568 342
0
0
1
1569 375
1
1570 288
0
1
1571 54
0
1
1572 296
0
1
1573 170
0
1
1574 25
1
1575 371
0
0
1
1576 219
1
1577 54
0
1
1578 264
1
1579 188
0
1
1580 283
0
0
1
1581 241
1
1582 304
0
1
1583 2
0
1
1584 46
1
1585 74
1
1586 17
1
1587 258
0
1
1588 210
1
1589 288
0
1
1590 169
1
1591 94
1
1592 296
0
1
1593 355
1
1594 341
1
1595 243
1
1596 220
1
1597 245
0
1
1598 118
1
1599 274
1
1600 155
1
1601 372
1
1602 193
1
1603 105
1
1604 235
1
1605 53
1
1606 230
1
1607 347
1
1608 346
0
1
1609 174
1
1610 61
1
1611 300
1
1612 188
1
1613 169
1
1614 24
1
1615 338
1
1616 181
1
1617 78
1
1618 227
1
1619 291
0
0
1
1620 66
1
1621 193
1
1622 94
1
1623 162
1
1624 323
1
1625 185
1
1626 127
0
1
1627 75
0
1
1628 253
1
1629 80
1
1630 149
1
1631 22
0
1
1632 15
1
1633 297
1
1634 296
1
1635 89
0
0
1
1636 364
1
1637 274
0
1
1638 298
1
1639 69
1
1640 68
1
1641 239
1
1642 321
1
1643 135
1
1644 318
0
0
1
1645 250
1
1646 334
1
1647 19
1
1648 182
1
1649 244
1
1650 51
0
1
1651 373
1
1652 57
1
1653 89
0
1
1654 119
1
1655 303
1
1656 246
0
1
1657 23
1
1658 340
1
1659 273
1
1660 283
1
1661 213
1
1662 135
1
1663 92
1
1664 115
1
1665 23
1
1666 103
1
1667 118
1
1668 351
1
1669 300
1
1670 38
1
1671 39
1
1672 178
1
1673 84
1
1674 274
1
1675 374
0
1
1676 7
0
1
1677 235
1
1678 377
1
1679 78
1
1680 267
1
1681 240
1
1682 124
0
1
1683 153
1
1684 230
1
1685 111
0
1
1686 370
1
1687 219
1
1688 202
0
1
1689 183
1
1690 154
1
1691 35
1
1692 45
0
1
1693 65
1
1694 245
1
1695 293
1
1696 199
1
1697 27
0
1
1698 8
0
1
1699 51
1
1700 247
1
1701 314
1
1702 256
1
1703 222
1
1704 309
1
1705 2
1
1706 252
0
0
1
1707 310
1
1708 373
1
1709 297
1
1710 262
1
1711 33
0
1
1712 177
1
1713 130
0
1
1714 50
1
1715 137
1
1716 299
0
1
1717 283
0
1
1718 308
1
1719 120
1
1720 221
1
1721 299
1
1722 278
1
1723 173
1
1724 223
0
1
1725 236
0
1
1726 281
0
0
1
1727 336
0
1
1728 40
1
1729 179
1
1730 357
1
1731 33
1
1732 266
0
1
1733 47
1
1734 254
1
1735 118
1
1736 265
1
1737 146
1
1738 345
1
1739 326
1
1740 213
1
1741 226
1
1742 33
0
1
1743 270
1
1744 203
1
1745 294
1
1746 215
1
1747 235
0
1
1748 108
1
1749 26
1
1750 86
1
1751 209
1
1752 133
1
1753 38
1
1754 175
1
1755 257
1
1756 54
1
1757 324
1
1758 351
1
1759 294
1
1760 279
1
1761 307
1
1762 273
1
1763 40
1
1764 326
0
1
1765 302
1
1766 265
1
1767 203
1
1768 47
1
1769 264
1
1770 192
1
1771 79
1
1772 376
1
1773 52
1
1774 358
0
1
1775 255
1
1776 45
0
0
1
1777 362
1
1778 170
1
1779 205
1
1780 270
1
1781 138
1
1782 343
0
1
1783 357
0
1
1784 13
0
1
1785 227
1
1786 228
0
1
1787 68
0
1
1788 150
1
1789 199
0
1
1790 322
1
1791 283
1
1792 22
0
1
1793 138
0
1
1794 340
1
1795 241
1
1796 222
0
0
1
1797 82
0
1
1798 38
1
1799 345
0
1
1800 244
0
1
1801 231
1
1802 230
1
1803 157
0
1
1804 284
1
1805 212
1
1806 265
1
1807 135
1
1808 140
1
1809 204
1
1810 6
0
1
1811 223
0
0
1
1812 166
1
1813 347
1
1814 345
1
1815 328
1
1816 318
1
1817 306
0
1
1818 198
1
1819 83
1
1820 282
1
1821 163
1
1822 286
1
1823 170
1
1824 280
0
1
1825 119
1
1826 357
0
1
1827 56
0
0
1
1828 317
1
1829 45
1
1830 168
0
0
0
1
1831 46
1
1832 353
1
1833 12
1
1834 169
1
1835 179
1
1836 205
0
0
1
1837 301
1
1838 53
0
1
1839 120
1
1840 103
1
1841 261
0
0
1
1842 90
1
1843 143
1
1844 337
1
1845 169
1
1846 144
1
1847 329
1
1848 332
0
1
1849 239
1
1850 366
1
1851 200
1
1852 271
1
1853 142
0
1
1854 192
0
1
1855 74
1
1856 171
1
1857 351
1
1858 80
1
1859 28
1
1860 350
1
1861 330
1
1862 258
1
1863 367
1
1864 329
0
1
1865 119
1
1866 74
0
1
1867 176
1
1868 64
1
1869 169
1
1870 174
1
1871 158
0
1
1872 308
1
1873 42
1
1874 258
1
1875 21
1
1876 373
1
1877 23
1
1878 83
1
1879 101
1
1880 75
0
1
1881 237
1
1882 49
1
1883 290
1
1884 332
1
1885 326
1
1886 53
1
1887 237
1
1888 273
1
1889 247
1
1890 230
1
1891 227
0
1
1892 64
1
1893 102
1
1894 121
1
1895 290
1
1896 61
1
1897 216
1
1898 334
1
1899 232
1
1900 258
1
1901 71
1
1902 65
1
1903 183
1
1904 288
1
1905 303
1
1906 222
1
1907 344
0
1
1908 114
1
1909 26
0
1
1910 305
1
1911 100
1
1912 139
1
1913 5
1
1914 309
1
1915 293
1
1916 55
1
1917 185
1
1918 12
1
1919 213
1
1920 130
1
1921 367
1
1922 300
1
1923 66
0
1
1924 55
1
1925 146
1
1926 290
1
1927 20
1
1928 276
1
1929 177
1
1930 287
1
1931 137
1
1932 328
1
1933 328
1
1934 41
1
1935 193
1
1936 172
1
1937 123
1
1938 118
1
1939 364
1
1940 321
1
1941 191
1
1942 288
1
1943 343
1
1944 80
0
1
1945 145
0
1
1946 115
1
1947 287
1
1948 60
1
1949 262
1
1950 365
1
1951 271
0
1
1952 55
1
1953 114
1
1954 62
1
1955 19
1
1956 131
1
1957 8
1
1958 274
1
1959 284
1
1960 69
1
1961 363
1
1962 82
1
1963 356
0
1
1964 98
1
1965 356
1
1966 373
1
1967 269
1
1968 368
1
1969 332
1
1970 115
1
1971 49
1
1972 307
1
1973 170
1
1974 375
0
1
1975 179
1
1976 18
0
1
1977 323
1
1978 355
1
1979 323
0
1
1980 213
1
1981 169
0
1
1982 232
1
1983 376
1
1984 77
1
1985 183
1
1986 274
1
1987 166
1
1988 58
1
1989 69
1
1990 240
1
1991 60
1
1992 295
1
1993 127
1
1994 163
1
1995 171
1
1996 199
1
1997 334
1
1998 184
1
1999 339
1
2000 228
1
2001 12
0
1
2002 229
1
2003 246
1
2004 161
1
2005 290
1
2006 302
1
2007 323
1
2008 136
1
2009 87
1
2010 136
1
2011 294
1
2012 112
0
0
1
2013 91
0
1
2014 86
1
2015 353
1
2016 312
1
2017 195
1
2018 135
1
2019 182
1
2020 317
1
2021 296
1
2022 185
1
2023 97
1
2024 315
1
2025 223
1
2026 359
1
2027 118
1
2028 143
0
1
2029 162
1
2030 363
1
2031 365
1
2032 8
1
2033 261
1
2034 371
0
1
2035 254
1
2036 294
1
2037 120
1
2038 6
1
2039 56
1
2040 31
1
2041 101
1
2042 28
1
2043 329
0
1
2044 347
0
1
2045 266
0
1
2046 151
1
2047 296
1
2048 210
0
1
2049 256
0
0
1
2050 12
1
2051 340
1
2052 253
1
2053 112
1
2054 324
1
2055 93
1
2056 222
1
2057 346
1
2058 164
1
2059 15
1
2060 169
1
2061 117
1
2062 318
1
2063 157
1
2064 42
1
2065 327
1
2066 216
0
0
1
2067 92
1
2068 21
0
1
2069 46
1
2070 311
1
2071 323
0
0
1
2072 274
1
2073 90
1
2074 195
1
2075 80
1
2076 140
1
2077 371
1
2078 282
1
2079 89
1
2080 213
1
2081 320
1
2082 65
1
2083 360
1
2084 109
1
2085 296
1
2086 296
1
2087 232
0
1
2088 38
1
2089 63
1
2090 123
1
2091 219
1
2092 179
1
2093 143
1
2094 344
1
2095 111
1
2096 348
1
2097 289
1
2098 216
1
2099 245
1
2100 326
1
2101 277
1
2102 289
1
2103 69
1
2104 36
1
2105 276
1
2106 164
1
2107 10
1
2108 363
0
0
1
2109 372
1
2110 188
1
2111 211
1
2112 177
1
2113 82
1
2114 26
1
2115 374
1
2116 206
1
2117 266
1
2118 108
1
2119 97
1
2120 235
1
2121 53
1
2122 368
1
2123 216
0
1
2124 294
1
2125 287
1
2126 29
0
1
2127 136
0
1
2128 323
1
2129 259
1
2130 72
1
2131 340
1
2132 69
1
2133 95
1
2134 144
1
2135 160
1
2136 350
0
0
1
2137 9
1
2138 289
0
1
2139 280
1
2140 117
1
2141 147
1
2142 273
0
1
2143 179
1
2144 126
1
2145 245
1
2146 96
1
2147 128
1
2148 198
1
2149 119
1
2150 258
1
2151 235
1
2152 29
1
2153 216
1
2154 48
0
1
2155 324
1
2156 131
1
2157 28
1
2158 117
1
2159 321
1
2160 114
1
2161 368
1
2162 167
1
2163 259
1
2164 354
1
2165 133
1
2166 26
1
2167 205
1
2168 80
1
2169 306
1
2170 315
1
2171 201
1
2172 330
1
2173 331
0
1
2174 296
1
2175 34
1
2176 75
1
2177 41
1
2178 373
1
2179 255
1
2180 221
1
2181 122
1
2182 113
1
2183 75
1
2184 203
1
2185 347
1
2186 153
1
2187 363
1
2188 251
1
2189 126
1
2190 300
1
2191 167
1
2192 174
1
2193 90
1
2194 262
1
2195 84
1
2196 274
1
2197 104
1
2198 163
1
2199 98
1
2200 242
1
2201 150
1
2202 322
1
2203 40
1
2204 279
1
2205 343
1
2206 307
1
2207 281
1
2208 333
1
2209 83
1
2210 57
1
2211 308
0
1
2212 19
1
2213 220
1
2214 119
0
1
2215 92
1
2216 82
1
2217 200
1
2218 156
1
2219 228
1
2220 311
1
2221 200
1
2222 83
1
2223 161
1
2224 327
1
2225 72
1
2226 52
1
2227 97
0
0
1
2228 88
1
2229 209
1
2230 344
1
2231 11
1
2232 374
1
2233 39
1
2234 303
1
2235 249
1
2236 301
1
2237 325
1
2238 197
1
2239 248
1
2240 9
1
2241 123
0
1
2242 309
1
2243 23
1
2244 85
1
2245 226
1
2246 352
1
2247 290
1
2248 240
1
2249 323
1
2250 143
1
2251 95
0
1
2252 327
1
2253 296
1
2254 192
1
2255 367
1
2256 307
1
2257 350
1
2258 305
0
0
0
1
2259 97
1
2260 175
1
2261 163
1
2262 219
1
2263 241
1
2264 22
1
2265 112
1
2266 301
1
2267 80
0
1
2268 368
1
2269 258
1
2270 198
1
2271 38
1
2272 21
1
2273 94
1
2274 115
1
2275 165
1
2276 374
1
2277 203
0
1
2278 365
1
2279 23
1
2280 235
0
1
2281 253
1
2282 345
0
1
2283 26
1
2284 155
1
2285 30
1
2286 350
1
2287 217
1
2288 112
0
1
2289 196
1
2290 23
1
2291 170
1
2292 225
1
2293 300
1
2294 329
1
2295 49
1
2296 173
1
2297 83
1
2298 314
1
2299 274
1
2300 218
1
2301 313
1
2302 38
1
2303 305
1
2304 102
1
2305 98
1
2306 79
0
1
2307 358
1
2308 114
1
2309 131
1
2310 346
1
2311 269
0
1
2312 269
1
2313 347
1
2314 9
1
2315 42
1
2316 339
1
2317 36
1
2318 307
1
2319 264
1
2320 375
1
2321 255
1
2322 143
0
1
2323 48
1
2324 334
1
2325 87
1
2326 210
1
2327 376
1
2328 172
1
2329 301
1
2330 189
1
2331 317
1
2332 163
1
2333 170
1
2334 300
1
2335 146
1
2336 61
1
2337 347
1
2338 263
1
2339 372
1
2340 108
1
2341 192
1
2342 52
1
2343 3
1
2344 292
1
2345 34
1
2346 315
1
2347 194
1
2348 108
0
1
2349 280
1
2350 296
1
2351 273
1
2352 237
1
2353 115
1
2354 216
1
2355 24
1
2356 310
1
2357 241
1
2358 169
0
1
2359 182
1
2360 147
1
2361 120
1
2362 261
1
2363 270
0
0
1
2364 273
1
2365 36
1
2366 356
1
2367 75
1
2368 29
1
2369 25
1
2370 10
1
2371 295
1
2372 99
1
2373 32
1
2374 277
1
2375 353
1
2376 129
1
2377 115
1
2378 32
1
2379 318
1
2380 89
1
2381 115
1
2382 25
1
2383 161
1
2384 209
0
1
2385 202
1
2386 340
1
2387 227
1
2388 23
0
1
2389 91
1
2390 253
1
2391 330
1
2392 296
1
2393 351
1
2394 324
1
2395 309
0
1
2396 11
1
2397 159
1
2398 83
1
2399 92
1
2400 221
1
2401 35
1
2402 328
1
2403 52
1
2404 224
1
2405 21
1
2406 42
1
2407 189
1
2408 221
1
2409 278
0
0
1
2410 366
1
2411 337
1
2412 32
1
2413 67
1
2414 252
1
2415 102
1
2416 281
1
2417 72
1
2418 207
1
2419 93
1
2420 216
1
2421 163
1
2422 198
1
2423 165
1
2424 26
1
2425 373
1
2426 185
1
2427 244
1
2428 199
1
2429 297
1
2430 267
1
2431 188
1
2432 220
1
2433 273
1
2434 210
1
2435 373
1
2436 326
1
2437 183
0
1
2438 324
0
1
2439 100
1
2440 128
1
2441 65
1
2442 243
1
2443 169
1
2444 80
1
2445 12
1
2446 235
1
2447 75
1
2448 11
1
2449 258
1
2450 308
1
2451 283
0
1
2452 168
1
2453 20
1
2454 206
1
2455 65
1
2456 78
1
2457 142
0
1
2458 166
0
1
2459 151
1
2460 147
1
2461 224
1
2462 23
1
2463 250
1
2464 253
1
2465 30
1
2466 332
1
2467 113
1
2468 60
1
2469 174
1
2470 281
0
1
2471 93
1
2472 159
1
2473 336
1
2474 153
1
2475 366
1
2476 232
0
1
2477 354
1
2478 207
1
2479 208
1
2480 336
1
2481 304
1
2482 241
1
2483 365
1
2484 187
1
2485 49
1
2486 300
1
2487 212
1
2488 57
1
2489 10
1
2490 293
1
2491 232
1
2492 337
1
2493 20
1
2494 129
1
2495 129
1
2496 82
1
2497 207
1
2498 345
1
2499 54
0
1
2500 323
1
2501 310
1
2502 25
1
2503 122
1
2504 121
1
2505 11
1
2506 283
1
2507 118
1
2508 273
1
2509 93
1
2510 196
1
2511 240
1
2512 294
1
2513 99
1
2514 352
1
2515 347
1
2516 372
1
2517 360
1
2518 41
1
2519 125
1
2520 195
1
2521 148
1
2522 81
1
2523 317
0
1
2524 274
1
2525 60
1
2526 219
1
2527 175
1
2528 354
1
2529 293
1
2530 47
1
2531 210
1
2532 56
1
2533 77
1
2534 218
1
2535 236
1
2536 127
1
2537 26
1
2538 214
0
1
2539 169
1
2540 148
1
2541 58
1
2542 366
1
2543 267
1
2544 362
1
2545 205
1
2546 88
1
2547 151
1
2548 222
1
2549 57
1
2550 282
1
2551 205
1
2552 335
1
2553 245
1
2554 35
1
2555 361
1
2556 327
1
2557 106
0
1
2558 304
1
2559 373
1
2560 184
1
2561 287
1
2562 266
1
2563 367
1
2564 238
1
2565 69
1
2566 37
1
2567 327
1
2568 297
1
2569 19
1
2570 323
1
2571 197
1
2572 203
1
2573 20
1
2574 25
0
1
2575 269
1
2576 90
1
2577 296
1
2578 361
1
2579 257
1
2580 121
1
2581 40
1
2582 339
1
2583 375
1
2584 79
1
2585 280
1
2586 163
1
2587 3
1
2588 102
1
2589 275
1
2590 258
1
2591 93
1
2592 21
1
2593 76
1
2594 247
1
2595 30
1
2596 98
1
2597 188
1
2598 170
1
2599 48
1
2600 104
1
2601 270
1
2602 257
1
2603 277
1
2604 320
1
2605 169
1
2606 137
1
2607 259
1
2608 55
1
2609 213
1
2610 177
1
2611 339
1
2612 263
1
2613 34
1
2614 332
1
2615 163
1
2616 121
1
2617 29
0
1
2618 282
1
2619 97
1
2620 77
1
2621 270
1
2622 26
1
2623 233
1
2624 356
1
2625 169
1
2626 149
1
2627 234
1
2628 53
1
2629 30
1
2630 305
1
2631 373
1
2632 28
1
2633 75
1
2634 285
1
2635 136
1
2636 295
1
2637 280
1
2638 344
1
2639 91
1
2640 262
1
2641 36
1
2642 164
1
2643 349
1
2644 143
1
2645 220
1
2646 23
1
2647 84
0
1
2648 367
1
2649 311
1
2650 228
1
2651 200
1
2652 20
1
2653 44
1
2654 243
1
2655 127
1
2656 108
1
2657 44
1
2658 105
1
2659 290
1
2660 299
1
2661 276
1
2662 12
1
2663 23
1
2664 176
1
2665 238
1
2666 141
1
2667 282
1
2668 55
1
2669 129
1
2670 319
1
2671 114
1
2672 100
1
2673 315
1
2674 197
1
2675 328
1
2676 94
1
2677 294
1
2678 205
1
2679 53
1
2680 192
1
2681 162
1
2682 93
1
2683 24
1
2684 199
1
2685 95
1
2686 7
1
2687 170
1
2688 163
1
2689 116
1
2690 313
1
2691 33
1
2692 28
1
2693 99
1
2694 113
1
2695 241
1
2696 118
1
2697 146
1
2698 116
1
2699 158
1
2700 75
1
2701 17
1
2702 294
0
1
2703 214
0
1
2704 32
1
2705 358
1
2706 104
1
2707 119
1
2708 301
1
2709 145
1
2710 215
1
2711 369
1
2712 141
1
2713 268
1
2714 25
1
2715 357
1
2716 60
1
2717 305
1
2718 189
1
2719 44
1
2720 47
1
2721 240
1
2722 69
1
2723 273
1
2724 252
1
2725 233
1
2726 302
1
2727 16
1
2728 38
1
2729 227
1
2730 158
1
2731 184
1
2732 296
1
2733 155
1
2734 59
1
2735 79
1
2736 249
1
2737 375
1
2738 167
1
2739 88
1
2740 205
0
1
2741 109
1
2742 261
1
2743 41
1
2744 337
1
2745 327
1
2746 116
1
2747 305
1
2748 154
1
2749 139
1
2750 45
1
2751 26
1
2752 301
1
2753 215
1
2754 127
1
2755 322
1
2756 4
1
2757 313
1
2758 255
1
2759 5
1
2760 52
1
2761 143
1
2762 263
1
2763 94
1
2764 197
1
2765 171
1
2766 92
1
2767 141
1
2768 264
1
2769 46
1
2770 204
1
2771 91
1
2772 64
1
2773 170
1
2774 187
1
2775 68
1
2776 72
1
2777 213
1
2778 237
1
2779 74
1
2780 170
1
2781 161
1
2782 134
1
2783 123
1
2784 274
1
2785 273
1
2786 37
1
2787 65
1
2788 119
1
2789 78
1
2790 155
1
2791 160
1
2792 94
1
2793 195
1
2794 99
1
2795 29
1
2796 313
1
2797 346
1
2798 187
1
2799 247
1
2800 34
1
2801 258
1
2802 296
1
2803 73
1
2804 330
1
2805 74
1
2806 345
1
2807 337
1
2808 46
1
2809 144
1
2810 152
1
2811 11
1
2812 12
1
2813 120
1
2814 62
1
2815 132
1
2816 351
1
2817 337
1
2818 211
1
2819 93
1
2820 303
1
2821 16
1
2822 258
1
2823 130
1
2824 147
1
2825 180
1
2826 66
1
2827 183
1
2828 322
1
2829 80
1
2830 60
1
2831 147
1
2832 306
1
2833 253
1
2834 121
1
2835 164
1
2836 168
1
2837 359
1
2838 339
1
2839 305
1
2840 232
1
2841 252
1
2842 268
1
2843 359
1
2844 20
1
2845 118
1
2846 261
1
2847 311
1
2848 163
1
2849 132
1
2850 358
1
2851 82
1
2852 369
1
2853 57
1
2854 301
1
2855 246
1
2856 82
1
2857 170
1
2858 146
1
2859 8
1
2860 143
1
2861 271
1
2862 11
1
2863 183
1
2864 322
1
2865 191
1
2866 356
1
2867 372
1
2868 54
1
2869 103
1
2870 10
1
2871 168
1
2872 15
1
2873 196
1
2874 67
1
2875 38
1
2876 252
1
2877 4
1
2878 196
1
2879 373
1
2880 71
1
2881 16
1
2882 137
1
2883 353
1
2884 205
1
2885 341
1
2886 79
1
2887 181
1
2888 68
1
2889 274
1
2890 57
1
2891 57
1
2892 173
1
2893 98
1
2894 204
1
2895 162
1
2896 153
1
2897 287
1
2898 69
1
2899 87
1
2900 239
1
2901 355
1
2902 234
1
2903 248
1
2904 168
1
2905 342
1
2906 161
1
2907 69
1
2908 167
1
2909 80
1
2910 180
1
2911 318
1
2912 154
1
2913 235
1
2914 345
1
2915 181
1
2916 324
1
2917 98
1
2918 36
1
2919 343
1
2920 277
1
2921 163
1
2922 275
1
2923 312
1
2924 121
1
2925 234
1
2926 26
1
2927 49
1
2928 69
1
2929 44
1
2930 315
1
2931 203
1
2932 54
1
2933 79
1
2934 263
1
2935 258
1
2936 217
1
2937 303
1
2938 64
1
2939 232
1
2940 315
1
2941 333
1
2942 141
1
2943 51
1
2944 196
1
2945 68
1
2946 132
1
2947 260
1
2948 130
1
2949 95
1
2950 114
1
2951 360
1
2952 114
1
2953 22
1
2954 21
1
2955 305
1
2956 330
1
2957 119
1
2958 251
1
2959 84
1
2960 53
1
2961 42
1
2962 326
1
2963 134
1
2964 115
1
2965 346
1
2966 191
1
2967 236
1
2968 198
1
2969 156
1
2970 172
1
2971 341
1
2972 271
1
2973 88
1
2974 66
1
2975 143
1
2976 101
1
2977 158
1
2978 212
1
2979 159
1
2980 292
1
2981 33
1
2982 222
1
2983 275
1
2984 115
1
2985 295
1
2986 63
1
2987 302
1
2988 192
1
2989 42
1
2990 291
1
2991 74
1
2992 62
1
2993 124
1
2994 43
1
2995 377
1
2996 280
1
2997 82
1
2998 113
0
1
2999 77
0
1
3000 73
1
3001 277
0
1
3002 131
1
3003 123
1
3004 142
1
3005 307
1
3006 201
1
3007 19
1
3008 99
1
3009 162
0
1
3010 93
0
1
3011 22
1
3012 194
1
3013 237
1
3014 174
1
3015 272
1
3016 148
1
3017 245
1
3018 66
1
3019 206
1
3020 334
1
3021 199
1
3022 376
1
3023 272
1
3024 49
1
3025 341
1
3026 58
1
3027 143
1
3028 69
1
3029 79
1
3030 79
1
3031 106
1
3032 279
1
3033 244
1
3034 149
1
3035 198
1
3036 94
1
3037 345
1
3038 63
1
3039 154
1
3040 140
1
3041 282
1
3042 84
1
3043 216
1
3044 274
1
3045 91
1
3046 337
0
1
3047 114
1
3048 79
1
3049 295
1
3050 90
1
3051 251
1
3052 337
1
3053 318
1
3054 38
1
3055 218
1
3056 78
1
3057 167
1
3058 135
1
3059 289
1
3060 94
1
3061 280
0
1
3062 322
1
3063 178
1
3064 252
1
3065 271
1
3066 38
0
1
3067 279
1
3068 10
1
3069 59
1
3070 362
1
3071 82
1
3072 371
0
1
3073 129
1
3074 295
1
3075 83
1
3076 130
1
3077 142
0
0
1
3078 169
1
3079 271
1
3080 118
1
3081 366
1
3082 308
1
3083 254
1
3084 306
1
3085 212
1
3086 229
1
3087 116
1
3088 197
1
3089 38
1
3090 93
1
3091 24
1
3092 157
1
3093 367
1
3094 249
0
1
3095 340
1
3096 296
1
3097 181
1
3098 298
0
1
3099 310
1
3100 145
1
3101 108
1
3102 89
1
3103 171
1
3104 171
1
3105 97
1
3106 251
1
3107 66
1
3108 232
1
3109 222
1
3110 185
0
1
3111 49
1
3112 264
1
3113 312
1
3114 116
1
3115 194
1
3116 160
1
3117 180
1
3118 234
1
3119 261
1
3120 342
1
3121 101
1
3122 316
1
3123 278
1
3124 5
1
3125 27
1
3126 160
1
3127 232
1
3128 258
0
1
3129 49
1
3130 319
1
3131 176
1
3132 372
1
3133 37
1
3134 347
1
3135 270
1
3136 78
1
3137 355
0
1
3138 9
1
3139 126
1
3140 219
1
3141 359
1
3142 330
1
3143 332
1
3144 250
1
3145 214
1
3146 298
1
3147 200
1
3148 71
1
3149 23
1
3150 4
1
3151 197
1
3152 150
1
3153 53
1
3154 48
1
3155 99
1
3156 136
1
3157 110
1
3158 227
1
3159 115
1
3160 280
1
3161 220
1
3162 269
1
3163 170
1
3164 218
1
3165 265
1
3166 79
1
3167 165
1
3168 269
0
1
3169 336
1
3170 32
1
3171 135
1
3172 346
1
3173 349
1
3174 343
1
3175 335
1
3176 26
1
3177 139
1
3178 185
1
3179 357
1
3180 56
1
3181 150
1
3182 177
1
3183 184
1
3184 373
1
3185 93
1
3186 43
1
3187 115
1
3188 121
1
3189 266
1
3190 232
0
1
3191 170
1
3192 330
1
3193 200
1
3194 39
1
3195 4
1
3196 307
1
3197 188
0
1
3198 291
1
3199 284
1
3200 270
1
3201 40
1
3202 198
1
3203 362
1
3204 277
1
3205 157
1
3206 362
1
3207 53
1
3208 227
1
3209 170
1
3210 126
1
3211 226
0
1
3212 113
1
3213 200
1
3214 288
1
3215 176
1
3216 80
1
3217 99
1
3218 64
1
3219 245
1
3220 169
0
1
3221 174
0
1
3222 53
1
3223 147
1
3224 342
1
3225 375
1
3226 61
1
3227 301
0
1
3228 263
1
3229 141
1
3230 258
1
3231 201
1
3232 151
1
3233 197
0
1
3234 54
0
1
3235 232
1
3236 83
1
3237 201
1
3238 297
1
3239 141
1
3240 93
1
3241 169
0
1
3242 147
1
3243 286
1
3244 180
1
3245 199
1
3246 149
1
3247 270
1
3248 109
1
3249 138
1
3250 315
1
3251 39
1
3252 161
1
3253 332
1
3254 303
1
3255 364
1
3256 317
1
3257 77
1
3258 108
1
3259 350
0
1
3260 331
1
3261 40
1
3262 91
1
3263 337
1
3264 323
1
3265 258
1
3266 200
0
1
3267 68
1
3268 59
1
3269 185
1
3270 76
1
3271 248
0
1
3272 93
1
3273 282
1
3274 210
1
3275 377
1
3276 163
1
3277 126
1
3278 155
1
3279 118
1
3280 247
1
3281 121
1
3282 79
1
3283 184
1
3284 141
1
3285 348
1
3286 180
1
3287 301
1
3288 251
1
3289 285
1
3290 277
1
3291 340
1
3292 231
0
1
3293 49
1
3294 354
1
3295 262
1
3296 159
1
3297 113
1
3298 60
1
3299 300
1
3300 308
1
3301 230
1
3302 375
1
3303 247
0
1
3304 13
1
3305 26
1
3306 280
1
3307 149
1
3308 293
1
3309 127
1
3310 154
1
3311 29
1
3312 316
1
3313 36
1
3314 144
1
3315 314
1
3316 288
1
3317 282
1
3318 176
1
3319 288
1
3320 64
0
1
3321 19
1
3322 224
1
3323 19
1
3324 215
1
3325 369
1
3326 205
1
3327 170
1
3328 170
1
3329 293
1
3330 219
1
3331 146
1
3332 235
1
3333 82
0
1
3334 202
0
1
3335 262
0
1
3336 168
0
1
3337 216
1
3338 198
1
3339 22
1
3340 339
1
3341 221
1
3342 118
1
3343 167
1
3344 79
1
3345 195
1
3346 79
1
3347 44
1
3348 115
1
3349 205
0
1
3350 275
1
3351 256
0
1
3352 344
1
3353 128
1
3354 229
1
3355 161
0
1
3356 149
1
3357 238
1
3358 43
1
3359 167
0
1
3360 131
0
1
3361 189
1
3362 216
1
3363 167
1
3364 351
1
3365 311
1
3366 309
1
3367 281
1
3368 205
1
3369 235
1
3370 169
1
3371 257
1
3372 293
1
3373 130
1
3374 323
1
3375 270
1
3376 246
1
3377 319
1
3378 331
1
3379 289
1
3380 189
1
3381 269
1
3382 368
1
3383 241
1
3384 233
1
3385 295
1
3386 227
0
1
3387 191
1
3388 119
0
1
3389 135
1
3390 326
0
1
3391 240
1
3392 353
1
3393 265
1
3394 174
1
3395 2
1
3396 236
1
3397 77
1
3398 162
1
3399 353
1
3400 18
1
3401 266
1
3402 216
1
3403 262
1
3404 40
1
3405 239
1
3406 332
1
3407 83
1
3408 70
0
1
3409 128
1
3410 96
1
3411 232
0
1
3412 244
1
3413 171
1
3414 89
1
3415 368
1
3416 116
1
3417 82
1
3418 98
1
3419 153
0
1
3420 221
1
3421 258
1
3422 289
0
1
3423 111
1
3424 289
1
3425 184
1
3426 366
1
3427 53
1
3428 272
1
3429 39
0
1
3430 25
1
3431 21
1
3432 79
1
3433 39
1
3434 317
0
1
3435 22
0
1
3436 45
1
3437 153
1
3438 70
1
3439 258
0
1
3440 245
1
3441 290
1
3442 203
1
3443 20
1
3444 156
0
1
3445 345
1
3446 156
1
3447 302
1
3448 339
1
3449 232
1
3450 214
0
0
1
3451 82
1
3452 26
1
3453 232
1
3454 232
1
3455 147
1
3456 289
0
1
3457 137
1
3458 209
1
3459 67
1
3460 332
1
3461 42
1
3462 246
1
3463 305
0
1
3464 23
1
3465 369
1
3466 374
1
3467 239
1
3468 86
1
3469 272
1
3470 216
1
3471 343
1
3472 88
0
0
1
3473 69
1
3474 359
0
1
3475 267
1
3476 157
1
3477 204
1
3478 152
0
1
3479 250
1
3480 208
1
3481 183
1
3482 309
1
3483 149
1
3484 77
1
3485 70
1
3486 70
0
1
3487 305
1
3488 247
1
3489 212
0
1
3490 42
1
3491 300
0
1
3492 205
1
3493 70
1
3494 120
1
3495 4
1
3496 332
1
3497 251
1
3498 90
1
3499 243
0
1
3500 132
0
1
3501 265
1
3502 45
1
3503 284
1
3504 315
1
3505 24
1
3506 35
1
3507 117
0
1
3508 354
1
3509 72
1
3510 359
1
3511 240
0
1
3512 110
0
0
1
3513 215
1
3514 373
1
3515 7
1
3516 183
1
3517 323
1
3518 116
1
3519 196
1
3520 171
1
3521 315
1
3522 169
1
3523 295
1
3524 231
1
3525 19
1
3526 344
1
3527 10
0
0
1
3528 98
1
3529 328
0
0
1
3530 252
0
1
3531 219
1
3532 372
1
3533 354
1
3534 80
0
1
3535 171
1
3536 226
1
3537 131
1
3538 302
1
3539 80
1
3540 145
1
3541 195
1
3542 316
1
3543 64
1
3544 153
1
3545 278
1
3546 365
0
0
1
3547 325
0
1
3548 351
1
3549 79
0
1
3550 26
1
3551 93
1
3552 377
1
3553 352
1
3554 8
1
3555 189
1
3556 208
1
3557 291
1
3558 304
1
3559 262
1
3560 116
1
3561 204
1
3562 149
1
3563 172
1
3564 255
1
3565 369
0
1
3566 69
0
1
3567 376
1
3568 315
0
0
1
3569 98
1
3570 42
1
3571 320
1
3572 187
1
3573 186
0
1
3574 110
0
1
3575 369
1
3576 320
1
3577 9
1
3578 360
1
3579 292
1
3580 184
1
3581 260
1
3582 229
0
0
1
3583 177
0
1
3584 5
1
3585 10
1
3586 126
1
3587 269
1
3588 164
1
3589 361
1
3590 72
1
3591 210
1
3592 116
1
3593 80
1
3594 358
1
3595 191
0
1
3596 12
1
3597 288
1
3598 234
1
3599 101
1
3600 120
1
3601 260
1
3602 288
0
1
3603 122
1
3604 6
0
1
3605 99
0
1
3606 124
1
3607 66
1
3608 270
1
3609 16
1
3610 114
0
1
3611 50
1
3612 189
1
3613 241
1
3614 84
0
1
3615 46
1
3616 94
0
1
3617 235
1
3618 160
1
3619 332
1
3620 315
1
3621 113
1
3622 209
0
1
3623 314
1
3624 249
1
3625 142
1
3626 332
1
3627 57
0
1
3628 26
1
3629 23
0
1
3630 241
1
3631 116
1
3632 226
1
3633 309
0
1
3634 130
1
3635 321
1
3636 72
1
3637 285
1
3638 14
1
3639 37
1
3640 356
1
3641 373
0
1
3642 133
1
3643 351
1
3644 337
1
3645 276
1
3646 147
1
3647 28
1
3648 42
1
3649 301
0
1
3650 238
1
3651 16
1
3652 115
1
3653 364
0
1
3654 171
0
1
3655 128
1
3656 77
1
3657 264
0
1
3658 339
1
3659 253
1
3660 148
1
3661 340
1
3662 114
0
1
3663 308
1
3664 85
1
3665 345
1
3666 239
0
0
1
3667 288
1
3668 305
1
3669 345
1
3670 274
1
3671 361
1
3672 96
1
3673 73
0
1
3674 246
0
1
3675 101
1
3676 151
0
0
1
3677 108
1
3678 258
1
3679 273
1
3680 247
1
3681 244
1
3682 316
1
3683 235
0
1
3684 95
1
3685 355
1
3686 9
1
3687 120
1
3688 62
1
3689 217
0
0
1
3690 208
1
3691 370
0
1
3692 149
1
3693 18
1
3694 355
1
3695 364
1
3696 260
0
1
3697 264
1
3698 95
0
1
3699 25
1
3700 232
0
1
3701 292
1
3702 264
1
3703 173
1
3704 11
0
1
3705 296
1
3706 286
1
3707 230
1
3708 71
1
3709 86
1
3710 338
0
1
3711 325
1
3712 359
0
0
1
3713 337
0
0
0
1
3714 30
0
1
3715 80
1
3716 80
1
3717 38
1
3718 268
1
3719 44
1
3720 39
1
3721 323
0
1
3722 279
1
3723 289
1
3724 226
1
3725 293
0
0
1
3726 228
1
3727 205
1
3728 305
0
1
3729 238
1
3730 30
0
0
1
3731 278
1
3732 341
0
1
3733 37
1
3734 25
1
3735 377
1
3736 97
1
3737 40
1
3738 237
1
3739 193
1
3740 218
0
0
1
3741 353
1
3742 249
1
3743 71
1
3744 332
0
1
3745 280
0
0
1
3746 131
1
3747 138
0
1
3748 178
1
3749 293
0
1
3750 72
1
3751 80
1
3752 302
1
3753 359
0
1
3754 375
1
3755 159
1
3756 93
1
3757 65
1
3758 67
0
1
3759 59
1
3760 322
1
3761 315
1
3762 254
1
3763 171
1
3764 113
0
1
3765 90
1
3766 284
0
1
3767 75
1
3768 244
1
3769 332
1
3770 240
1
3771 151
1
3772 131
1
3773 249
1
3774 283
1
3775 96
0
0
1
3776 310
1
3777 52
1
3778 158
1
3779 240
1
3780 78
1
3781 286
1
3782 289
1
3783 146
0
1
3784 242
0
1
3785 104
0
0
1
3786 319
1
3787 271
1
3788 232
1
3789 55
1
3790 25
1
3791 22
1
3792 333
1
3793 240
0
1
3794 75
1
3795 186
0
1
3796 33
1
3797 356
0
1
3798 85
1
3799 5
1
3800 298
0
1
3801 44
0
0
1
3802 188
1
3803 28
1
3804 69
1
3805 340
0
1
3806 49
1
3807 82
0
1
3808 105
0
1
3809 124
1
3810 351
1
3811 107
0
0
0
0
1
3812 233
0
0
1
3813 82
1
3814 193
1
3815 349
1
3816 122
1
3817 87
1
3818 357
0
1
3819 173
0
1
3820 318
0
1
3821 353
1
3822 180
1
3823 372
1
3824 195
1
3825 169
1
3826 226
1
3827 180
0
0
0
1
3828 350
1
3829 41
0
0
1
3830 196
1
3831 218
1
3832 30
1
3833 94
1
3834 356
1
3835 82
0
1
3836 131
1
3837 118
1
3838 149
1
3839 260
1
3840 269
1
3841 286
0
1
3842 154
0
0
0
0
1
3843 376
0
1
3844 365
1
3845 203
1
3846 373
1
3847 239
1
3848 50
0
1
3849 260
0
1
3850 237
1
3851 19
1
3852 120
1
3853 31
1
3854 336
0
1
3855 73
1
3856 109
1
3857 314
0
0
1
3858 219
1
3859 216
0
1
3860 326
0
1
3861 235
1
3862 298
1
3863 212
1
3864 100
0
1
3865 50
1
3866 249
1
3867 95
1
3868 186
1
3869 146
0
1
3870 218
1
3871 65
0
0
1
3872 374
0
1
3873 299
1
3874 40
1
3875 168
0
0
0
1
3876 229
0
1
3877 32
0
1
3878 77
0
0
1
3879 26
1
3880 291
0
1
3881 91
0
1
3882 198
1
3883 102
1
3884 119
1
3885 10
1
3886 129
1
3887 369
0
0
1
3888 38
1
3889 346
1
3890 76
1
3891 248
0
1
3892 329
1
3893 199
0
1
3894 101
1
3895 277
0
1
3896 148
1
3897 229
1
3898 89
0
1
3899 314
1
3900 145
1
3901 173
0
0
1
3902 7
1
3903 288
1
3904 33
1
3905 20
1
3906 33
1
3907 172
0
1
3908 330
1
3909 257
1
3910 58
0
1
3911 204
1
3912 43
1
3913 322
1
3914 53
1
3915 206
1
3916 69
1
3917 356
1
3918 47
1
3919 335
1
3920 68
1
3921 340
0
0
1
3922 103
1
3923 360
1
3924 224
0
0
1
3925 256
0
1
3926 295
1
3927 323
0
1
3928 89
1
3929 169
1
3930 159
1
3931 6
1
3932 106
1
3933 352
0
1
3934 279
0
1
3935 170
1
3936 97
0
1
3937 23
1
3938 20
1
3939 28
1
3940 229
1
3941 231
1
3942 327
1
3943 275
1
3944 11
1
3945 363
1
3946 285
1
3947 273
1
3948 226
0
0
1
3949 61
1
3950 347
0
1
3951 216
1
3952 373
0
1
3953 63
1
3954 144
1
3955 10
1
3956 208
1
3957 121
0
1
3958 192
0
1
3959 232
0
0
1
3960 242
0
1
3961 361
0
1
3962 105
0
0
0
0
1
3963 150
1
3964 191
0
1
3965 33
1
3966 349
1
3967 167
1
3968 230
1
3969 153
1
3970 196
0
1
3971 79
0
1
3972 241
1
3973 162
1
3974 152
0
1
3975 261
0
1
3976 210
0
0
0
1
3977 79
1
3978 243
1
3979 274
0
0
0
1
3980 243
0
1
3981 58
0
1
3982 40
1
3983 191
1
3984 69
1
3985 30
0
0
1
3986 57
1
3987 287
0
1
3988 352
1
3989 367
1
3990 246
0
0
1
3991 230
1
3992 280
1
3993 280
1
3994 310
0
1
3995 50
0
1
3996 10
0
1
3997 256
1
3998 306
0
0
1
3999 296
0
1
4000 306
1
4001 117
1
4002 149
1
4003 79
1
4004 50
1
4005 135
0
1
4006 324
1
4007 22
1
4008 316
1
4009 9
1
4010 96
1
4011 188
0
1
4012 358
1
4013 274
1
4014 25
1
4015 288
0
1
4016 212
1
4017 232
1
4018 24
1
4019 128
1
4020 339
1
4021 355
0
1
4022 152
1
4023 228
1
4024 312
0
1
4025 317
1
4026 140
1
4027 276
1
4028 324
0
1
4029 192
1
4030 165
1
4031 322
1
4032 78
1
4033 340
1
4034 316
0
0
1
4035 323
1
4036 272
1
4037 239
1
4038 58
1
4039 343
1
4040 271
0
0
0
0
0
0
0
1
4041 214
1
4042 90
1
4043 305
1
4044 26
1
4045 218
1
4046 194
1
4047 288
0
0
1
4048 154
1
4049 233
1
4050 302
1
4051 290
1
4052 249
1
4053 171
1
4054 20
0
1
4055 118
0
1
4056 304
1
4057 192
1
4058 46
0
1
4059 199
1
4060 270
1
4061 87
1
4062 7
1
4063 251
1
4064 233
1
4065 336
1
4066 280
1
4067 205
0
1
4068 206
0
1
4069 12
0
0
1
4070 259
0
1
4071 207
0
0
1
4072 213
0
0
0
1
4073 318
0
1
4074 366
0
1
4075 31
1
4076 61
1
4077 244
1
4078 289
0
0
0
1
4079 282
0
0
1
4080 130
0
1
4081 159
0
1
4082 143
1
4083 183
1
4084 245
0
0
1
4085 196
0
1
4086 272
0
0
0
1
4087 122
1
4088 209
1
4089 113
1
4090 26
1
4091 236
1
4092 81
1
4093 377
1
4094 289
0
1
4095 251
1
4096 277
1
4097 297
0
1
4098 247
0
0
1
4099 34
0
1
4100 18
1
4101 324
1
4102 306
1
4103 115
1
4104 80
1
4105 66
1
4106 74
1
4107 323
0
1
4108 3
1
4109 63
1
4110 283
0
0
0
1
4111 208
1
4112 201
1
4113 375
1
4114 207
1
4115 353
0
1
4116 295
1
4117 61
1
4118 70
0
0
0
0
1
4119 182
0
1
4120 251
1
4121 121
1
4122 371
1
4123 205
1
4124 213
0
0
1
4125 74
1
4126 300
1
4127 273
1
4128 306
0
0
1
4129 116
0
1
4130 221
0
1
4131 251
0
1
4132 118
0
1
4133 150
1
4134 203
1
4135 200
1
4136 215
1
4137 78
1
4138 23
1
4139 44
1
4140 369
0
0
1
4141 280
0
0
1
4142 171
1
4143 169
1
4144 53
0
1
4145 216
1
4146 294
1
4147 366
1
4148 44
1
4149 128
0
1
4150 326
1
4151 179
1
4152 84
1
4153 27
1
4154 217
1
4155 279
1
4156 49
1
4157 309
1
4158 102
1
4159 143
0
0
0
1
4160 33
0
1
4161 26
0
1
4162 118
0
1
4163 148
0
1
4164 357
0
0
1
4165 173
1
4166 313
0
0
1
4167 228
0
0
1
4168 356
1
4169 155
1
4170 271
1
4171 4
1
4172 152
1
4173 174
1
4174 362
0
1
4175 181
1
4176 284
0
1
4177 324
1
4178 22
0
0
1
4179 324
1
4180 320
1
4181 226
1
4182 236
1
4183 157
1
4184 261
0
1
4185 215
1
4186 49
0
1
4187 251
0
1
4188 199
0
1
4189 23
0
1
4190 255
1
4191 194
0
1
4192 347
0
0
0
1
4193 79
1
4194 22
1
4195 203
1
4196 278
0
1
4197 314
0
0
1
4198 109
1
4199 314
1
4200 277
0
1
4201 108
1
4202 20
1
4203 259
1
4204 27
1
4205 292
1
4206 162
1
4207 26
1
4208 67
0
1
4209 274
0
0
1
4210 323
1
4211 52
1
4212 158
1
4213 28
1
4214 129
0
1
4215 135
0
1
4216 115
0
0
0
1
4217 193
1
4218 111
0
1
4219 196
0
1
4220 54
1
4221 291
1
4222 235
0
0
1
4223 328
1
4224 228
0
1
4225 113
1
4226 306
1
4227 349
0
1
4228 155
1
4229 280
1
4230 357
0
0
1
4231 168
1
4232 319
0
1
4233 38
0
0
0
1
4234 244
1
4235 366
0
0
1
4236 288
1
4237 357
0
1
4238 356
1
4239 244
1
4240 57
1
4241 224
0
0
1
4242 51
1
4243 113
0
0
0
0
0
0
0
1
4244 229
1
4245 27
1
4246 330
1
4247 90
0
1
4248 196
0
1
4249 248
1
4250 345
0
1
4251 338
1
4252 47
0
0
0
1
4253 114
1
4254 361
1
4255 116
0
0
0
0
0
1
4256 170
1
4257 273
0
1
4258 357
1
4259 350
0
0
0
0
0
0
0
0
1
4260 143
0
1
4261 185
0
1
4262 126
0
1
4263 168
1
4264 217
1
4265 177
0
1
4266 291
0
1
4267 374
1
4268 66
1
4269 223
0
0
1
4270 117
1
4271 112
0
1
4272 63
0
1
4273 160
0
1
4274 69
0
0
0
1
4275 103
1
4276 353
1
4277 124
0
1
4278 51
0
0
0
1
4279 283
1
4280 266
1
4281 9
0
1
4282 136
0
0
1
4283 92
1
4284 308
1
4285 9
0
1
4286 53
0
0
0
0
1
4287 310
0
0
1
4288 308
1
4289 311
1
4290 308
0
0
0
1
4291 158
1
4292 358
1
4293 340
0
0
1
4294 27
0
1
4295 161
0
0
0
0
1
4296 319
1
4297 304
1
4298 198
0
0
0
0
0
0
0
0
0
0
0
0
0
0
0
0
1
4299 175
0
0
1
4300 173
1
4301 72
0
1
4302 272
0
0
0
0
1
4303 87
1
4304 362
0
0
1
4305 89
1
4306 96
0
0
0
0
1
4307 167
0
0
0
0
1
4308 225
1
4309 337
1
4310 66
0
0
1
4311 142
1
4312 133
0
1
4313 291
0
0
0
1
4314 87
1
4315 131
0
1
4316 229
1
4317 93
0
0
1
4318 116
0
0
0
0
1
4319 363
0
0
1
4320 375
0
0
1
4321 49
1
4322 157
0
1
4323 59
0
0
0
0
1
4324 20
0
1
4325 134
1
4326 109
0
1
4327 363
1
4328 163
0
1
4329 352
1
4330 82
1
4331 343
1
4332 249
0
0
0
0
0
0
0
1
4333 72
1
4334 104
0
1
4335 102
0
1
4336 202
1
4337 349
0
1
4338 290
0
1
4339 275
1
4340 225
1
4341 374
1
4342 117
0
0
1
4343 262
0
0
0
1
4344 83
0
0
1
4345 210
1
4346 346
1
4347 147
0
1
4348 39
0
0
1
4349 367
1
4350 164
0
0
0
0
1
4351 276
1
4352 60
0
0
0
1
4353 307
0
1
4354 264
1
4355 82
0
1
4356 34
0
0
0
0
1
4357 319
1
4358 109
1
4359 175
1
4360 313
1
4361 240
0
1
4362 365
1
4363 12
1
4364 28
0
0
0
0
0
1
4365 158
1
4366 179
0
1
4367 36
1
4368 229
0
0
1
4369 47
0
1
4370 144
0
0
0
0
1
4371 345
0
0
0
0
0
1
4372 376
0
0
0
0
1
4373 242
1
4374 52
0
0
0
0
0
1
4375 294
1
4376 127
1
4377 117
1
4378 67
1
4379 346
1
4380 53
0
1
4381 29
1
4382 44
1
4383 246
0
1
4384 4
1
4385 278
0
0
0
0
0
1
4386 252
0
0
0
0
1
4387 171
1
4388 12
0
0
1
4389 303
0
0
1
4390 227
1
4391 326
0
1
4392 99
0
0
0
0
1
4393 38
0
1
4394 279
1
4395 153
0
1
4396 295
0
0
0
1
4397 212
1
4398 340
1
4399 294
1
4400 164
0
0
1
4401 142
0
0
1
4402 7
0
1
4403 80
1
4404 55
0
1
4405 86
0
0
0
0
0
0
0
1
4406 299
1
4407 207
1
4408 219
1
4409 95
0
0
0
1
4410 80
1
4411 5
0
0
0
0
1
4412 201
0
1
4413 292
0
1
4414 354
0
0
0
0
0
0
1
4415 82
0
0
0
1
4416 167
0
0
0
0
0
0
0
1
4417 242
0
1
4418 169
1
4419 15
0
0
0
1
4420 128
1
4421 99
0
1
4422 178
1
4423 303
1
4424 196
0
1
4425 222
1
4426 216
1
4427 229
1
4428 115
0
0
0
1
4429 137
0
0
1
4430 90
0
1
4431 2
1
4432 250
0
0
1
4433 85
1
4434 51
0
1
4435 320
0
1
4436 365
0
0
0
0
1
4437 289
0
0
1
4438 23
0
0
1
4439 246
0
1
4440 53
0
1
4441 363
0
1
4442 31
1
4443 245
1
4444 310
1
4445 351
0
1
4446 355
1
4447 168
0
1
4448 172
0
1
4449 59
0
0
0
0
0
1
4450 223
1
4451 355
0
0
1
4452 263
0
0
0
0
0
1
4453 371
0
1
4454 93
0
1
4455 70
0
1
4456 214
0
0
0
1
4457 291
1
4458 116
0
0
0
0
0
1
4459 334
0
0
0
0
1
4460 348
0
0
0
0
0
0
1
4461 273
0
1
4462 70
1
4463 85
0
1
4464 375
1
4465 96
0
1
4466 304
0
0
0
0
0
1
4467 296
0
0
0
0
0
0
0
1
4468 153
0
1
4469 20
0
0
0
0
1
4470 10
0
1
4471 309
0
0
0
1
4472 163
0
0
0
0
1
4473 29
0
0
0
0
0
1
4474 189
0
1
4475 186
0
1
4476 355
1
4477 20
0
0
1
4478 94
0
1
4479 242
1
4480 358
0
1
4481 10
1
4482 246
1
4483 213
0
0
0
0
0
1
4484 186
1
4485 333
0
0
0
0
1
4486 330
0
0
1
4487 353
0
1
4488 139
0
0
1
4489 192
0
0
1
4490 31
1
4491 238
0
1
4492 350
1
4493 69
0
1
4494 122
0
0
0
0
0
0
1
4495 173
1
4496 344
0
0
1
4497 273
0
0
0
0
0
1
4498 255
0
1
4499 182
0
0
0
0
0
1
4500 57
1
4501 214
0
1
4502 294
0
1
4503 12
1
4504 213
0
1
4505 372
1
4506 136
1
4507 161
1
4508 182
0
0
0
0
1
4509 34
1
4510 324
0
0
1
4511 277
0
1
4512 312
0
1
4513 57
1
4514 98
0
1
4515 177
1
4516 20
0
1
4517 221
1
4518 145
0
0
1
4519 212
0
1
4520 172
1
4521 268
0
0
0
0
0
0
0
0
0
0
0
0
0
0
0
0
1
4522 313
0
1
4523 134
0
0
0
1
4524 97
1
4525 48
0
0
0
0
1
4526 128
0
0
0
0
0
1
4527 113
0
1
4528 126
1
4529 323
0
0
1
4530 11
0
0
1
4531 350
0
0
0
0
0
1
4532 40
0
0
1
4533 153
0
0
1
4534 252
0
1
4535 96
0
0
0
0
0
0
0
0
0
0
1
4536 283
0
0
0
1
4537 338
0
1
4538 323
0
1
4539 6
0
1
4540 230
1
4541 169
1
4542 83
0
0
0
0
1
4543 367
1
4544 77
1
4545 11
1
4546 328
0
0
1
4547 345
0
0
0
1
4548 359
0
0
0
0
0
1
4549 294
1
4550 107
0
0
1
4551 80
1
4552 20
0
0
0
0
1
4553 326
0
0
0
0
0
0
0
0
0
0
1
4554 40
1
4555 64
1
4556 101
0
0
0
1
4557 236
1
4558 72
0
0
0
1
4559 168
0
0
0
1
4560 319
0
1
4561 376
0
0
0
0
0
1
4562 82
0
0
0
1
4563 189
0
0
0
0
0
0
1
4564 56
0
0
1
4565 193
0
0
0
0
0
0
0
0
1
4566 30
1
4567 255
0
1
4568 20
1
4569 185
0
0
1
4570 9
0
1
4571 332
1
4572 204
0
0
0
0
0
0
0
0
1
4573 318
1
4574 127
0
0
0
1
4575 48
0
1
4576 230
0
0
1
4577 182
0
1
4578 218
1
4579 8
0
0
1
4580 269
1
4581 218
0
1
4582 314
0
0
1
4583 178
0
1
4584 348
0
0
0
0
1
4585 357
0
0
0
0
0
0
0
0
0
0
0
0
0
0
1
4586 209
1
4587 189
0
1
4588 230
1
4589 184
1
4590 373
1
4591 323
1
4592 11
0
1
4593 366
0
0
0
0
0
0
0
0
0
1
4594 290
0
0
0
1
4595 131
0
0
0
0
0
0
0
0
0
0
0
0
0
1
4596 259
0
0
1
4597 314
1
4598 308
1
4599 138
1
4600 122
0
0
0
1
4601 89
0
0
1
4602 271
0
0
0
0
1
4603 131
1
4604 108
0
0
0
0
0
0
1
4605 150
0
0
0
0
1
4606 23
0
0
1
4607 91
0
0
0
1
4608 327
0
0
0
0
1
4609 252
0
1
4610 119
0
1
4611 66
0
0
0
0
1
4612 210
0
1
4613 232
0
1
4614 375
1
4615 105
0
0
1
4616 286
0
1
4617 235
1
4618 289
0
0
0
0
0
1
4619 287
0
0
1
4620 137
1
4621 191
0
0
1
4622 150
0
0
0
1
4623 244
1
4624 249
1
4625 208
0
0
0
1
4626 109
0
1
4627 352
0
0
0
0
0
1
4628 262
1
4629 346
1
4630 284
0
1
4631 326
0
1
4632 374
1
4633 174
1
4634 243
1
4635 117
1
4636 245
1
4637 110
0
0
1
4638 171
0
1
4639 40
0
0
0
0
0
0
1
4640 183
1
4641 205
0
0
1
4642 367
1
4643 66
0
0
0
0
0
0
0
0
0
0
1
4644 191
1
4645 135
1
4646 126
1
4647 270
0
0
0
1
4648 180
1
4649 267
0
0
1
4650 183
0
0
0
0
1
4651 262
0
0
1
4652 122
0
0
0
0
1
4653 273
0
1
4654 75
0
0
0
0
0
0
0
0
0
0
1
4655 165
0
0
1
4656 367
0
0
0
0
0
0
0
1
4657 132
0
1
4658 307
0
1
4659 345
0
0
0
0
0
0
0
1
4660 199
1
4661 116
0
0
1
4662 220
0
1
4663 20
1
4664 102
0
0
0
0
0
0
1
4665 160
0
0
0
0
0
0
1
4666 96
1
4667 76
0
0
0
0
0
1
4668 313
1
4669 236
0
0
0
0
0
0
0
0
0
0
0
1
4670 111
0
0
0
0
1
4671 136
0
0
0
0
1
4672 294
1
4673 315
0
0
0
0
1
4674 360
0
0
0
0
0
0
0
0
1
4675 304
0
1
4676 9
0
0
0
0
0
0
0
0
0
0
0
0
0
0
1
4677 163
0
1
4678 57
0
0
0
0
0
0
0
0
0
0
0
0
0
0
1
4679 249
0
0
0
0
0
0
0
0
0
0
0
1
4680 51
1
4681 235
0
0
0
0
0
0
0
0
0
0
1
4682 113
0
0
0
0
0
0
0
1
4683 161
0
0
1
4684 342
0
0
0
1
4685 207
1
4686 118
1
4687 78
0
0
0
0
1
4688 175
0
1
4689 170
0
0
0
0
0
0
0
0
0
0
0
0
1
4690 24
1
4691 75
0
0
0
0
0
0
0
1
4692 80
0
0
0
0
1
4693 65
0
0
1
4694 62
0
0
0
0
0
0
0
0
0
0
0
1
4695 152
0
0
0
0
0
0
0
0
0
0
0
1
4696 168
0
0
0
0
0
0
0
0
0
0
0
0
0
0
0
0
0
0
0
0
0
1
4697 87
0
0
1
4698 164
0
0
0
0
0
0
0
1
4699 353
0
0
0
0
0
0
0
0
0
0
0
0
0
0
1
4700 366
0
0
0
1
4701 213
0
0
0
1
4702 83
0
0
1
4703 37
0
0
0
0
0
0
0
1
4704 69
0
0
0
0
0
1
4705 186
0
0
0
0
0
0
0
0
0
0
0
0
1
4706 326
0
0
0
0
0
0
0
1
4707 308
0
0
0
0
0
0
0
1
4708 130
0
0
0
0
1
4709 243
0
0
0
0
1
4710 236
0
0
0
1
4711 78
0
0
0
0
0
0
1
4712 182
0
0
0
0
0
0
0
0
0
0
0
0
0
1
4713 287
0
0
0
0
0
0
0
0
0
0
0
0
0
0
0
0
0
0
0
0
0
0
0
0
0
0
0
0
0
0
0
0
0
0
0
0
0
0
0
0
0
0
0
0
0
0
1
4714 339
0
1
4715 166
0
0
0
0
1
4716 203
1
4717 23
0
0
0
0
0
0
0
0
0
0
1
4718 129
0
0
0
0
0
0
0
0
0
0
0
0
0
0
0
0
0
0
0
0
0
0
0
0
1
4719 373
0
0
0
1
4720 301
1
4721 50
0
1
4722 343
0
0
1
4723 155
1
4724 322
0
0
0
1
4725 308
1
4726 301
1
4727 321
0
0
0
0
0
0
0
0
0
0
0
0
0
0
0
0
0
0
0
1
4728 20
0
1
4729 269
0
0
0
0
0
0
0
0
0
1
4730 358
0
0
0
0
0
0
0
0
0
0
0
1
4731 90
1
4732 65
0
0
0
0
0
1
4733 126
0
0
0
0
0
0
0
0
1
4734 159
0
0
1
4735 357
0
0
0
1
4736 106
0
0
0
0
0
0
0
0
0
0
0
0
0
0
0
0
0
0
0
0
0
0
0
0
0
0
0
0
0
0
0
0
0
0
0
0
0
0
0
0
0
0
0
0
0
0
0
0
0
0
0
0
0
0
0
0
0
0
0
0
0
0
0
0
0
0
0
0
0
0
0
0
0
0
0
0
0
0
0
0
0
0
0
0
0
0
1
4737 199
0
0
0
0
0
0
0
0
0
0
0
0
0
0
0
0
0
0
0
0
0
0
0
0
0
0
0
0
0
0
0
0
0
0
0
0
0
0
1
4738 279
0
0
0
0
0
0
0
0
0
0
0
0
0
0
0
0
0
0
0
0
0
0
0
0
0
0
0
0
0
0
0
0
0
0
0
0
0
0
0
0
0
0
0
0
0
0
0
0
0
0
0
0
0
0
0
0
0
0
0
0
0
0
0
0
0
0
0
0
0
1
4739 188
0
0
0
0
0
0
0
0
0
0
0
0
0
0
0
0
0
0
0
0
0
0
0
0
1
4740 14
0
0
0
0
0
0
0
0
0
0
0
0
0
0
0
0
0
0
0
0
1
4741 261
0
0
0
0
0
0
0
0
0
0
0
0
0
1
4742 65
1
4743 369
0
0
0
0
0
0
0
0
0
0
0
0
0
0
0
0
0
0
0
0
0
0
0
0
0
0
0
0
0
0
0
0
0
0
0
0
0
0
0
0
0
0
0
0
0
0
0
0
0
0
0
0
0
0
0
0
0
0
0
0
0
0
0
0
0
0
0
0
0
0
0
0
0
0
0
0
0
0
0
0
0
0
0
0
0
0
0
0
0
0
0
0
0
0
0
0
0
0
0
0
0
0
0
0
0
0
0
0
0
0
0
0
0
0
0
0
0
0
0
0
0
0
0
0
0
0
0
0
0
0
0
0
0
0
0
0
0
0
0
0
0
0
0
0
0
0
0
0
0
0
0
0
0
0
0
0
0
0
0
0
0
0
0
0
0
0
0
0
0
0
0
0
0
0
0
0
0
0
0
0
0
0
0
0
0
0
0
0
0
0
0
0
0
0
0
0
0
0
0
0
0
0
0
0
0
0
0
0
0
0
0
0
0
0
0
0
0
0
0
0
0
0
0
0
0
0
0
0
0
0
0
0
0
0
0
0
0
0
0
0
0
0
0
0
0
0
0
0
0
0
0
0
0
0
0
0
0
0
0
0
0
0
0
0
0
0
0
0
0
0
0
0
0
0
0
0
0
0
0
0
0
0
0
0
0
0
0
0
0
0
0
0
0
0
0
0
0
0
0
0
0
0
0
0
0
0
0
0
0
0
0
0
0
0
0
0
0
0
0
0
0
0
0
0
0
0
0
0
0
0
0
0
0
0
0
0
0
0
0
0
0
0
0
0
0
0
0
0
0
0
0
0
0
0
0
0
0
0
0
0
0
0
0
0
0
0
0
0
0
0
0
0
0
0
0
0
0
0
0
0
0
0
0
0
0
0
0
0
0
0
0
0
0
0
0
0
0
0
0
0
0
0
0
0
0
0
0
0
0
0
0
0
0
0
0
0
0
0
0
0
0
0
0
0
0
0
0
0
0
0
0
0
0
0
0
0
0
0
0
0
0
0
0
0
0
0
0
0
0
0
0
0
0
0
0
0
0
0
0
0
0
0
0
0
0
0
0
0
0
0
0
0
0
0
0
0
0
0
0
0
0
0
0
0
0
0
0
0
0
0
0
0
0
0
0
0
0
0
0
0
0
0
0
0
0
0
0
0
0
0
0
0
0
0
0
0
0
0
0
0
0
0
0
0
0
0
0
0
0
0
0
0
0
0
0
0
0
0
0
0
0
0
0
0
0
0
0
0
0
0
0
0
0
0
0
0
0
0
0
0
0
0
0
0
0
0
0
0
0
0
0
0
0
0
0
0
0
0
0
0
0
0
0
0
0
0
0
0
0
0
0
0
0
0
0
0
0
0
0
0
0
0
0
0
0
