251 434
9 186 2
228 102 2
233 238 4
93 159 2
12 214 4
27 242 3
226 58 2
223 175 2
48 72 2
152 246 4
203 90 5
206 94 3
63 141 3
21 154 2
109 59 3
197 105 3
240 220 3
102 235 4
145 56 4
163 213 2
182 163 4
181 42 3
7 51 3
55 97 3
31 54 3
177 125 4
47 137 5
156 132 2
233 26 4
88 216 2
220 219 4
103 136 4
12 96 3
91 98 7
87 19 2
205 222 2
248 230 4
186 82 4
176 215 1
116 24 3
133 139 4
74 104 4
78 235 4
19 39 3
26 211 2
60 194 4
88 51 3
64 75 4
96 126 3
228 205 2
151 179 2
240 128 5
187 73 3
244 144 3
205 102 2
214 245 3
230 246 3
92 188 4
83 247 1
119 203 4
148 69 1
36 206 4
169 63 3
212 104 4
99 100 3
239 123 5
172 188 3
207 148 2
63 159 3
47 149 3
209 165 5
31 134 4
216 51 2
82 124 4
173 65 1
111 201 2
94 166 4
94 113 3
14 195 2
144 170 3
236 40 5
58 170 4
222 102 3
199 70 2
225 28 4
172 232 2
229 230 3
124 238 2
37 225 3
180 42 3
115 135 4
142 191 4
63 72 2
134 43 3
249 197 3
83 41 3
216 15 3
122 8 3
121 192 3
239 55 2
6 151 2
213 84 2
44 178 3
143 23 3
101 59 3
53 91 1
92 128 3
89 239 3
49 144 3
232 184 2
56 177 3
40 132 3
26 215 2
163 171 4
15 21 3
39 66 4
17 86 3
25 68 2
178 166 2
191 38 5
71 80 3
22 10 4
123 227 3
208 142 3
67 32 3
245 138 2
154 240 4
120 202 2
46 34 3
237 140 3
28 127 3
195 120 4
203 206 4
7 186 3
86 170 4
79 57 3
116 135 3
189 71 3
73 116 3
229 137 3
64 175 3
114 115 4
164 135 4
101 149 3
158 106 5
118 149 4
242 89 3
4 218 2
41 4 3
125 81 3
50 173 2
152 18 5
118 2 5
224 142 4
157 185 3
236 26 2
77 44 4
5 201 3
100 202 5
25 59 3
6 14 3
127 37 4
248 150 2
214 168 2
95 27 2
5 85 4
29 87 3
77 177 3
55 162 3
78 151 2
69 33 3
187 24 3
198 141 4
104 129 3
8 211 2
125 127 3
174 231 3
11 159 3
136 52 3
174 133 3
175 99 2
171 182 2
48 11 2
124 7 3
138 168 3
112 107 4
93 48 2
22 20 2
224 166 3
76 62 4
50 108 4
248 30 6
241 64 3
200 237 3
38 208 3
74 23 3
10 134 3
106 224 3
96 135 3
64 146 3
84 2 3
223 165 3
119 234 3
142 183 4
27 160 2
231 209 3
183 106 2
116 115 3
99 165 3
53 13 3
183 38 5
130 77 3
247 189 4
122 233 3
3 190 4
56 164 4
147 52 3
157 13 3
128 188 4
235 180 3
179 195 2
239 169 2
44 214 3
8 82 3
52 167 3
56 130 4
110 162 3
204 241 2
167 212 4
5 111 1
185 28 4
59 121 1
138 90 3
44 130 4
141 93 3
6 179 2
32 153 5
168 245 4
249 227 4
4 217 4
67 33 2
99 75 4
131 21 3
192 32 4
196 251 4
45 171 5
147 103 4
66 221 3
172 184 3
70 194 3
208 77 3
193 179 2
209 79 4
207 69 3
50 73 3
223 70 3
81 145 3
243 15 4
196 227 4
185 125 5
109 68 4
47 118 4
144 14 4
195 6 2
76 3 2
129 161 2
37 191 5
18 174 4
119 202 4
204 210 5
244 9 3
7 88 2
126 180 5
160 17 4
140 211 3
181 126 2
131 184 3
93 72 3
105 213 2
6 61 2
173 108 2
236 215 1
153 148 4
85 98 4
216 154 4
65 222 4
76 35 2
22 31 2
95 9 4
247 107 4
200 156 3
80 40 2
24 73 4
65 108 3
46 150 5
57 49 3
19 66 2
156 155 4
22 43 4
226 9 4
35 198 3
228 222 2
245 234 4
87 218 4
231 139 3
8 237 2
189 83 2
220 243 3
74 167 4
23 147 3
65 50 3
184 176 3
143 60 3
243 154 3
121 68 3
133 45 3
224 178 3
173 222 2
107 155 3
182 117 3
109 192 4
136 210 3
250 161 2
80 132 4
10 158 4
244 58 3
131 232 4
103 23 4
18 34 4
233 211 3
82 205 4
113 1 1
105 110 2
53 114 2
123 242 3
213 2 3
236 176 2
62 55 5
201 155 3
41 218 5
30 250 4
76 97 3
11 89 3
153 207 3
129 250 4
212 147 4
36 20 4
151 235 3
75 22 3
67 190 4
29 39 4
43 16 4
122 211 2
91 114 3
61 120 2
42 193 4
129 74 4
246 248 3
195 61 2
25 101 4
186 95 2
196 117 3
5 187 2
146 199 4
141 3 2
193 78 4
120 57 3
45 139 3
149 25 3
117 249 2
219 48 3
86 226 3
36 100 3
90 234 4
35 97 2
176 232 5
175 199 4
145 164 4
54 20 2
3 35 2
241 16 3
162 249 3
41 189 4
221 217 3
143 103 3
16 210 5
42 96 3
250 194 3
34 133 3
24 115 2
170 251 3
238 122 3
182 197 4
187 111 3
158 113 3
54 10 3
1 166 2
140 156 3
1 106 4
197 110 4
92 172 4
194 46 3
153 33 4
84 163 3
60 161 3
11 169 3
12 181 1
27 51 3
157 81 2
19 221 4
160 226 3
13 114 5
215 132 3
168 178 3
190 198 2
40 71 2
172 29 3
100 203 3
246 150 2
112 85 3
79 49 4
49 251 4
62 110 3
242 17 3
219 72 2
66 87 3
2 137 3
201 112 3
89 169 4
146 204 4
152 229 4
20 31 2
131 238 3
61 14 2
10000
0
0
0
0
0
0
0
0
0
0
0
0
0
0
0
0
0
0
0
0
0
0
0
0
0
0
0
1
1 233
0
0
0
0
0
0
0
0
0
0
0
0
0
0
0
0
0
0
0
0
0
0
0
0
1
2 102
0
0
0
0
0
0
0
0
0
0
0
0
0
0
0
0
0
0
0
0
0
0
0
0
0
0
0
0
0
0
0
0
0
0
0
0
0
0
0
0
0
0
0
0
0
0
0
0
0
0
0
0
0
0
0
0
0
1
3 111
0
0
0
0
0
0
0
0
0
0
0
0
0
0
1
4 103
0
0
0
0
0
0
0
0
1
5 197
0
0
0
0
0
0
0
0
0
0
0
0
0
0
0
0
0
0
0
0
0
0
0
0
0
0
0
0
0
0
0
0
0
1
6 28
0
0
0
0
0
0
0
0
0
0
0
1
7 142
0
0
0
0
0
1
8 172
0
0
0
0
1
9 104
0
0
0
0
0
0
0
0
0
0
0
0
0
1
10 132
0
0
1
11 230
0
0
0
0
0
0
0
0
0
1
12 216
0
0
1
13 123
0
0
0
0
0
0
0
0
0
0
0
0
0
0
1
14 72
0
0
0
0
0
0
0
1
15 90
0
0
0
0
0
0
0
0
0
1
16 137
0
0
1
17 173
0
0
0
0
0
0
0
0
0
0
0
1
18 182
0
0
0
0
0
0
0
0
0
0
0
0
0
0
0
0
0
0
0
0
0
0
0
0
1
19 157
0
0
0
0
0
0
0
0
0
0
0
0
0
0
0
0
0
0
0
0
0
0
0
0
1
20 111
0
1
21 203
0
1
22 169
0
1
23 134
0
0
0
0
0
0
1
24 190
0
0
0
1
25 55
0
0
0
0
0
0
0
0
1
26 81
0
0
0
0
0
0
0
0
0
0
0
0
0
0
0
0
0
0
0
0
0
0
1
27 62
0
1
28 80
0
1
29 190
0
0
0
0
0
0
0
1
30 216
0
0
0
0
0
0
0
0
0
0
0
0
1
31 27
0
0
0
0
0
1
32 177
0
0
1
33 52
0
0
0
0
0
0
0
1
34 140
0
0
1
35 230
0
0
0
0
1
36 179
0
0
0
0
1
37 153
0
0
0
0
1
38 170
0
0
0
0
0
1
39 191
0
1
40 217
0
1
41 109
1
42 156
0
0
0
0
1
43 237
0
0
0
0
0
0
1
44 89
0
1
45 76
0
1
46 239
0
0
0
1
47 88
0
0
0
0
0
1
48 248
1
49 71
0
0
0
0
0
0
0
0
0
0
0
1
50 205
0
0
0
0
0
0
1
51 169
1
52 7
0
0
1
53 227
0
1
54 13
0
0
1
55 226
0
0
0
0
1
56 117
0
0
0
1
57 16
0
0
1
58 188
1
59 223
1
60 35
1
61 29
0
0
1
62 190
0
0
0
0
0
1
63 101
0
0
1
64 77
0
0
0
1
65 34
0
0
0
0
0
1
66 248
0
0
1
67 207
0
0
0
0
0
0
0
1
68 248
0
1
69 84
0
1
70 96
0
0
0
0
1
71 205
0
0
0
0
0
1
72 211
0
0
0
0
1
73 124
0
0
0
0
0
1
74 119
0
0
0
0
0
1
75 129
0
1
76 120
0
0
0
0
0
0
0
1
77 111
1
78 10
1
79 100
0
0
0
1
80 77
0
1
81 126
0
0
0
1
82 92
0
1
83 186
1
84 27
0
1
85 134
0
1
86 43
0
0
0
1
87 88
1
88 143
1
89 8
0
1
90 41
0
1
91 13
1
92 21
1
93 19
0
0
1
94 155
0
0
0
1
95 53
0
0
1
96 24
0
1
97 224
1
98 140
1
99 248
1
100 12
1
101 81
0
0
1
102 53
0
0
0
0
0
1
103 63
1
104 17
0
0
0
0
1
105 171
0
0
0
0
0
0
1
106 177
0
0
0
0
0
0
0
0
1
107 133
0
0
1
108 5
0
1
109 20
0
0
0
0
0
1
110 109
0
0
0
0
0
1
111 128
0
1
112 34
0
0
1
113 124
0
0
0
0
1
114 58
0
0
0
0
1
115 186
0
0
0
1
116 229
0
0
1
117 169
1
118 191
0
0
0
0
1
119 248
0
1
120 214
0
0
0
1
121 129
0
0
0
0
0
0
0
0
0
1
122 16
1
123 122
0
1
124 82
0
0
0
0
0
0
0
0
0
1
125 185
0
1
126 110
0
1
127 74
0
1
128 49
0
0
1
129 144
0
1
130 214
0
0
0
0
0
1
131 17
0
0
1
132 124
1
133 234
0
0
1
134 83
1
135 3
0
0
1
136 101
1
137 150
0
0
0
0
0
0
1
138 225
0
0
1
139 105
1
140 181
1
141 129
0
0
0
0
1
142 128
0
0
0
1
143 107
1
144 77
1
145 163
1
146 126
1
147 207
0
0
0
0
0
1
148 137
1
149 52
0
0
1
150 227
1
151 173
1
152 51
1
153 202
0
1
154 88
0
1
155 171
1
156 31
1
157 46
0
0
0
0
1
158 163
1
159 55
1
160 131
0
0
0
0
0
1
161 99
1
162 135
1
163 112
0
1
164 246
0
0
0
1
165 142
0
0
0
1
166 125
1
167 197
1
168 17
1
169 104
0
0
1
170 16
1
171 27
1
172 59
0
0
0
0
0
1
173 41
0
0
0
0
0
1
174 81
1
175 208
0
1
176 200
1
177 213
0
0
0
0
1
178 191
1
179 14
0
0
0
1
180 247
0
1
181 90
1
182 130
1
183 165
0
0
0
1
184 57
0
0
1
185 229
0
0
1
186 144
1
187 159
0
1
188 58
0
0
0
1
189 182
0
0
1
190 149
0
0
0
0
0
1
191 159
0
1
192 242
1
193 52
1
194 196
0
0
0
1
195 167
1
196 243
0
1
197 231
1
198 173
1
199 119
1
200 223
0
0
0
0
0
0
1
201 69
0
0
1
202 192
0
0
1
203 36
0
1
204 247
1
205 110
1
206 97
1
207 198
1
208 177
0
1
209 88
0
1
210 138
1
211 212
0
0
1
212 122
1
213 155
1
214 238
0
1
215 199
0
1
216 182
0
0
0
0
0
0
1
217 116
0
1
218 55
0
1
219 163
0
1
220 182
0
1
221 209
0
0
1
222 196
0
1
223 236
1
224 198
0
1
225 228
0
1
226 69
0
0
0
1
227 117
1
228 56
1
229 171
1
230 24
1
231 189
0
1
232 7
1
233 202
1
234 227
0
0
0
0
0
1
235 86
0
0
1
236 111
1
237 239
0
1
238 62
0
0
1
239 216
1
240 170
1
241 5
0
1
242 119
0
1
243 31
1
244 44
0
1
245 163
1
246 47
0
1
247 137
0
0
0
1
248 189
1
249 57
0
1
250 9
0
1
251 85
1
252 89
0
0
1
253 242
1
254 145
1
255 246
1
256 194
0
0
1
257 41
1
258 22
1
259 108
1
260 210
0
0
0
0
0
1
261 161
1
262 97
1
263 238
1
264 250
1
265 226
0
1
266 17
0
1
267 69
0
0
0
0
0
1
268 28
0
0
0
0
1
269 234
1
270 180
1
271 62
0
1
272 33
0
0
0
0
1
273 186
1
274 49
0
1
275 128
0
0
0
0
1
276 188
1
277 135
1
278 89
1
279 93
0
1
280 171
0
1
281 145
1
282 210
1
283 192
1
284 76
1
285 43
0
0
0
1
286 11
0
1
287 71
0
0
0
1
288 69
1
289 244
0
0
0
1
290 85
1
291 81
1
292 213
0
1
293 178
1
294 121
1
295 117
1
296 97
0
1
297 122
0
0
0
0
1
298 130
1
299 7
0
0
1
300 131
1
301 35
0
0
1
302 36
1
303 228
1
304 173
1
305 57
0
1
306 131
0
0
0
0
1
307 10
1
308 92
0
0
0
0
1
309 195
1
310 178
0
1
311 45
1
312 206
0
0
1
313 66
1
314 17
0
1
315 3
1
316 150
1
317 213
1
318 154
0
1
319 61
1
320 152
1
321 212
1
322 86
1
323 180
1
324 128
0
0
0
1
325 195
0
1
326 159
0
1
327 234
1
328 131
1
329 125
0
0
1
330 154
1
331 105
0
0
0
1
332 176
0
0
0
1
333 65
0
1
334 156
1
335 132
1
336 241
0
0
1
337 199
0
1
338 87
0
0
1
339 44
0
1
340 235
1
341 117
1
342 210
1
343 15
0
1
344 195
1
345 44
1
346 197
1
347 71
1
348 248
0
1
349 93
0
1
350 66
1
351 29
0
0
1
352 127
0
1
353 46
0
1
354 148
1
355 169
0
1
356 175
0
0
0
1
357 101
0
0
0
1
358 91
1
359 221
0
1
360 200
0
0
0
1
361 85
0
1
362 55
1
363 242
1
364 111
0
0
1
365 186
1
366 152
1
367 158
1
368 102
0
0
0
0
1
369 74
1
370 156
1
371 216
1
372 23
1
373 112
1
374 97
0
1
375 88
0
0
1
376 86
0
0
0
1
377 16
1
378 196
1
379 71
1
380 115
0
0
1
381 249
1
382 2
1
383 103
0
1
384 113
0
0
1
385 182
1
386 78
1
387 88
1
388 83
1
389 13
1
390 129
1
391 190
1
392 175
1
393 29
1
394 132
0
1
395 87
0
1
396 175
0
1
397 203
1
398 62
0
1
399 84
0
1
400 188
1
401 156
1
402 224
0
0
1
403 220
1
404 150
0
1
405 171
0
1
406 183
0
0
1
407 141
1
408 39
1
409 170
1
410 215
1
411 32
0
0
0
0
1
412 122
1
413 109
0
1
414 94
1
415 86
0
1
416 110
1
417 194
1
418 14
0
1
419 197
1
420 19
1
421 141
0
0
0
0
1
422 17
1
423 84
1
424 37
0
1
425 43
1
426 112
0
1
427 162
0
1
428 14
1
429 224
0
0
0
1
430 40
1
431 250
1
432 229
1
433 144
1
434 246
0
0
1
435 215
1
436 162
1
437 32
0
1
438 123
0
1
439 170
1
440 79
0
0
1
441 100
1
442 2
0
0
1
443 218
1
444 251
1
445 227
0
1
446 59
1
447 57
1
448 62
0
1
449 205
1
450 101
0
0
1
451 162
0
0
1
452 199
1
453 63
0
1
454 53
1
455 122
1
456 101
1
457 18
1
458 17
1
459 81
1
460 27
1
461 150
1
462 104
0
0
0
0
0
1
463 5
0
1
464 245
0
1
465 114
1
466 135
1
467 213
1
468 114
1
469 15
0
1
470 214
1
471 157
1
472 153
1
473 162
1
474 222
1
475 78
0
1
476 149
1
477 182
1
478 106
0
0
1
479 140
0
1
480 82
0
1
481 25
0
1
482 172
1
483 98
1
484 16
1
485 240
0
0
1
486 160
1
487 110
1
488 216
0
1
489 131
1
490 162
1
491 225
1
492 80
1
493 37
1
494 182
0
1
495 86
0
1
496 100
1
497 227
0
0
1
498 41
0
1
499 34
1
500 107
1
501 205
1
502 86
1
503 174
1
504 242
1
505 224
1
506 20
0
1
507 119
1
508 41
1
509 212
1
510 62
1
511 166
0
0
0
1
512 248
1
513 125
1
514 184
0
1
515 68
1
516 216
0
1
517 208
0
1
518 168
1
519 121
0
1
520 226
0
1
521 121
1
522 5
1
523 35
1
524 248
0
1
525 25
0
0
0
1
526 182
0
0
1
527 122
0
1
528 214
1
529 94
1
530 82
1
531 164
1
532 4
1
533 53
1
534 123
1
535 170
1
536 86
0
0
1
537 21
1
538 38
1
539 45
1
540 70
1
541 159
1
542 97
0
1
543 179
1
544 106
1
545 169
1
546 99
1
547 145
1
548 69
1
549 197
1
550 132
1
551 230
0
1
552 101
0
1
553 102
1
554 27
0
0
0
0
1
555 102
1
556 105
1
557 170
1
558 125
1
559 47
1
560 66
1
561 9
1
562 182
1
563 217
1
564 251
1
565 163
1
566 170
0
0
1
567 117
0
0
1
568 104
1
569 140
1
570 55
1
571 2
1
572 162
1
573 207
1
574 49
1
575 154
1
576 160
1
577 97
1
578 16
1
579 144
1
580 44
1
581 80
1
582 225
1
583 127
1
584 116
1
585 13
0
1
586 37
1
587 170
1
588 237
0
1
589 124
0
1
590 59
1
591 220
1
592 76
1
593 26
1
594 114
1
595 76
1
596 72
1
597 52
1
598 251
1
599 199
1
600 177
0
1
601 175
0
1
602 110
1
603 108
1
604 234
1
605 211
0
1
606 89
1
607 93
1
608 168
0
1
609 43
1
610 123
0
0
1
611 66
1
612 155
1
613 197
1
614 81
1
615 239
1
616 207
1
617 73
1
618 76
1
619 148
0
1
620 223
1
621 17
0
0
0
1
622 109
1
623 206
1
624 181
1
625 85
1
626 86
1
627 37
1
628 34
1
629 115
1
630 62
1
631 195
1
632 14
1
633 130
1
634 193
1
635 123
0
1
636 211
1
637 208
1
638 110
1
639 113
1
640 196
1
641 175
0
1
642 96
1
643 141
0
0
1
644 174
1
645 196
0
0
1
646 182
1
647 197
1
648 27
1
649 196
1
650 169
0
0
0
1
651 120
0
1
652 111
0
1
653 55
0
1
654 31
1
655 64
1
656 104
1
657 192
0
1
658 2
1
659 188
0
1
660 31
1
661 41
1
662 27
1
663 162
0
1
664 196
1
665 44
0
1
666 116
1
667 89
0
1
668 231
1
669 246
0
1
670 216
1
671 59
0
1
672 57
1
673 196
0
0
1
674 200
1
675 27
1
676 144
1
677 180
1
678 51
1
679 3
1
680 69
1
681 117
1
682 94
1
683 123
1
684 230
1
685 68
1
686 109
0
1
687 189
1
688 52
1
689 159
0
0
1
690 176
1
691 225
1
692 92
1
693 243
1
694 159
1
695 207
1
696 110
1
697 139
1
698 223
1
699 242
1
700 197
1
701 51
1
702 169
1
703 123
1
704 33
1
705 242
1
706 109
1
707 11
1
708 206
1
709 81
1
710 174
1
711 17
1
712 141
0
1
713 94
1
714 162
1
715 209
1
716 24
1
717 211
0
1
718 233
1
719 231
1
720 54
1
721 120
1
722 79
1
723 196
1
724 85
1
725 206
1
726 251
0
1
727 189
1
728 78
1
729 228
1
730 154
1
731 60
1
732 249
1
733 36
1
734 170
1
735 27
1
736 169
1
737 154
1
738 45
1
739 47
1
740 215
1
741 226
1
742 68
1
743 97
1
744 32
1
745 229
1
746 23
1
747 197
1
748 163
1
749 197
0
1
750 2
1
751 13
1
752 64
1
753 55
0
1
754 2
0
1
755 70
1
756 114
1
757 163
0
1
758 47
0
1
759 170
1
760 153
1
761 110
1
762 244
0
1
763 98
1
764 61
1
765 12
1
766 125
0
1
767 7
1
768 61
1
769 243
1
770 71
1
771 139
1
772 159
1
773 231
1
774 193
1
775 55
1
776 142
0
1
777 110
1
778 177
1
779 148
1
780 135
1
781 51
1
782 229
1
783 60
0
1
784 169
1
785 189
1
786 233
1
787 242
1
788 163
1
789 159
1
790 119
1
791 142
1
792 202
1
793 207
1
794 121
1
795 193
1
796 195
0
1
797 48
1
798 251
0
1
799 62
1
800 229
1
801 23
1
802 196
1
803 85
0
0
1
804 164
0
1
805 135
1
806 174
1
807 85
0
1
808 190
0
1
809 128
1
810 23
1
811 3
0
1
812 10
1
813 71
1
814 46
1
815 111
1
816 233
1
817 110
1
818 150
1
819 15
1
820 33
1
821 17
1
822 239
1
823 167
1
824 9
1
825 238
1
826 25
1
827 212
1
828 17
1
829 124
1
830 249
1
831 158
1
832 237
1
833 183
1
834 87
1
835 218
0
1
836 3
1
837 139
1
838 182
1
839 20
1
840 213
1
841 185
1
842 15
1
843 215
1
844 224
1
845 148
1
846 62
1
847 155
1
848 162
1
849 145
1
850 163
0
1
851 88
1
852 146
1
853 225
1
854 18
0
1
855 224
1
856 197
1
857 200
1
858 51
1
859 240
1
860 55
1
861 15
1
862 22
1
863 232
1
864 90
1
865 239
1
866 251
1
867 138
1
868 184
1
869 115
1
870 71
1
871 183
1
872 147
1
873 68
1
874 149
1
875 133
1
876 251
1
877 216
1
878 3
1
879 149
1
880 169
1
881 251
0
1
882 59
1
883 158
1
884 3
1
885 123
1
886 70
1
887 46
1
888 246
1
889 38
1
890 148
1
891 242
1
892 170
1
893 169
1
894 81
1
895 249
1
896 169
1
897 237
1
898 46
1
899 251
1
900 58
1
901 4
1
902 56
1
903 17
0
1
904 169
1
905 160
1
906 55
1
907 194
1
908 32
1
909 225
1
910 63
1
911 62
1
912 65
1
913 102
1
914 76
1
915 241
1
916 221
1
917 235
1
918 90
0
1
919 15
1
920 4
1
921 194
1
922 204
1
923 108
1
924 88
1
925 162
1
926 24
1
927 215
1
928 224
1
929 69
1
930 179
1
931 26
1
932 222
1
933 175
1
934 152
1
935 171
1
936 216
1
937 34
1
938 63
1
939 235
1
940 42
1
941 218
1
942 77
1
943 229
1
944 188
1
945 152
1
946 153
1
947 48
1
948 132
1
949 84
1
950 19
1
951 3
1
952 105
1
953 228
1
954 75
1
955 15
1
956 250
1
957 235
1
958 170
1
959 22
1
960 197
1
961 164
1
962 194
1
963 105
1
964 143
1
965 63
1
966 243
1
967 174
1
968 22
1
969 42
1
970 202
1
971 217
1
972 32
1
973 75
1
974 42
1
975 46
1
976 79
1
977 123
1
978 169
1
979 226
1
980 20
1
981 74
1
982 106
1
983 219
1
984 239
1
985 27
1
986 175
1
987 117
1
988 246
1
989 6
1
990 108
1
991 51
1
992 163
1
993 110
1
994 140
1
995 137
1
996 206
1
997 115
1
998 117
1
999 50
1
1000 133
1
1001 150
1
1002 208
1
1003 113
1
1004 127
1
1005 170
1
1006 25
1
1007 146
1
1008 7
1
1009 129
1
1010 24
1
1011 5
1
1012 97
1
1013 213
1
1014 72
1
1015 60
1
1016 190
1
1017 58
1
1018 8
1
1019 182
1
1020 195
1
1021 74
1
1022 40
1
1023 32
1
1024 176
1
1025 2
1
1026 217
1
1027 147
1
1028 131
1
1029 235
1
1030 113
1
1031 180
1
1032 228
1
1033 62
1
1034 221
1
1035 58
1
1036 248
1
1037 96
1
1038 165
1
1039 161
1
1040 235
1
1041 185
1
1042 247
1
1043 146
1
1044 7
1
1045 191
1
1046 65
1
1047 162
1
1048 27
1
1049 235
1
1050 108
1
1051 70
1
1052 161
1
1053 197
1
1054 61
1
1055 211
1
1056 34
1
1057 13
1
1058 215
1
1059 243
1
1060 208
1
1061 54
1
1062 40
1
1063 61
1
1064 152
1
1065 53
1
1066 84
1
1067 213
1
1068 61
1
1069 217
1
1070 8
1
1071 138
1
1072 49
1
1073 198
0
1
1074 71
1
1075 128
1
1076 147
1
1077 62
1
1078 205
1
1079 108
1
1080 8
1
1081 229
1
1082 55
1
1083 224
1
1084 102
1
1085 231
1
1086 213
1
1087 87
1
1088 74
1
1089 89
1
1090 249
1
1091 178
1
1092 246
1
1093 119
1
1094 171
1
1095 180
1
1096 196
1
1097 34
1
1098 242
1
1099 6
1
1100 181
1
1101 46
1
1102 136
1
1103 203
1
1104 149
1
1105 196
1
1106 105
1
1107 51
1
1108 126
1
1109 98
1
1110 30
1
1111 207
1
1112 194
1
1113 25
1
1114 30
1
1115 142
1
1116 222
1
1117 95
1
1118 226
1
1119 86
1
1120 100
1
1121 159
1
1122 202
1
1123 70
1
1124 237
1
1125 36
1
1126 152
1
1127 3
1
1128 29
1
1129 141
1
1130 7
1
1131 39
1
1132 34
1
1133 133
1
1134 59
1
1135 187
1
1136 247
1
1137 209
1
1138 85
1
1139 216
1
1140 127
1
1141 197
1
1142 191
1
1143 86
1
1144 216
1
1145 211
1
1146 118
1
1147 50
1
1148 229
1
1149 120
1
1150 96
1
1151 151
1
1152 123
1
1153 35
1
1154 117
1
1155 39
1
1156 209
1
1157 102
1
1158 242
1
1159 144
1
1160 93
1
1161 182
1
1162 150
1
1163 251
1
1164 97
1
1165 173
0
1
1166 60
1
1167 238
1
1168 116
1
1169 149
1
1170 156
1
1171 177
1
1172 251
1
1173 232
1
1174 51
1
1175 80
1
1176 120
1
1177 172
1
1178 163
1
1179 114
1
1180 68
0
1
1181 181
1
1182 69
1
1183 62
1
1184 72
1
1185 78
1
1186 151
1
1187 55
1
1188 43
1
1189 9
1
1190 122
1
1191 87
1
1192 26
1
1193 150
1
1194 143
1
1195 147
1
1196 133
1
1197 86
1
1198 53
1
1199 107
1
1200 42
1
1201 42
1
1202 97
1
1203 50
1
1204 197
1
1205 232
1
1206 202
1
1207 17
1
1208 50
1
1209 196
1
1210 67
1
1211 184
1
1212 201
1
1213 195
1
1214 80
1
1215 162
1
1216 102
1
1217 175
1
1218 6
1
1219 141
1
1220 67
1
1221 248
1
1222 185
1
1223 36
1
1224 91
1
1225 110
1
1226 245
1
1227 170
1
1228 40
1
1229 88
1
1230 3
1
1231 152
1
1232 96
1
1233 197
1
1234 67
1
1235 69
1
1236 152
1
1237 110
1
1238 250
1
1239 107
0
1
1240 209
1
1241 143
1
1242 101
1
1243 204
1
1244 32
1
1245 245
1
1246 88
1
1247 181
1
1248 26
1
1249 61
1
1250 87
1
1251 30
1
1252 152
1
1253 128
1
1254 158
1
1255 219
1
1256 103
1
1257 205
1
1258 211
1
1259 47
1
1260 128
1
1261 21
1
1262 132
1
1263 128
1
1264 203
1
1265 130
1
1266 201
1
1267 184
1
1268 146
1
1269 84
1
1270 110
1
1271 55
1
1272 105
0
1
1273 125
1
1274 43
1
1275 53
1
1276 132
1
1277 34
0
1
1278 25
1
1279 3
1
1280 31
1
1281 242
1
1282 175
1
1283 117
1
1284 66
1
1285 171
1
1286 243
1
1287 213
1
1288 232
1
1289 132
1
1290 213
1
1291 111
1
1292 224
1
1293 173
1
1294 6
1
1295 185
1
1296 127
1
1297 86
1
1298 136
1
1299 71
1
1300 67
1
1301 180
1
1302 123
1
1303 170
1
1304 93
1
1305 19
1
1306 134
1
1307 70
1
1308 247
1
1309 45
1
1310 239
1
1311 37
1
1312 71
1
1313 169
1
1314 196
0
1
1315 10
1
1316 62
1
1317 17
1
1318 27
1
1319 241
1
1320 247
1
1321 62
1
1322 101
1
1323 225
1
1324 71
1
1325 242
1
1326 101
1
1327 211
1
1328 68
1
1329 58
1
1330 213
1
1331 91
1
1332 136
1
1333 163
1
1334 118
1
1335 138
1
1336 165
0
1
1337 209
1
1338 221
1
1339 203
1
1340 249
1
1341 230
1
1342 198
1
1343 216
1
1344 219
1
1345 190
1
1346 226
1
1347 41
1
1348 160
1
1349 205
1
1350 227
1
1351 77
1
1352 55
1
1353 194
1
1354 28
1
1355 12
1
1356 79
1
1357 131
1
1358 111
1
1359 93
1
1360 3
1
1361 2
1
1362 216
1
1363 25
1
1364 86
1
1365 164
1
1366 162
1
1367 153
1
1368 217
1
1369 237
1
1370 137
1
1371 27
1
1372 9
1
1373 216
1
1374 134
0
1
1375 155
1
1376 64
1
1377 83
1
1378 118
1
1379 101
1
1380 119
1
1381 237
1
1382 236
1
1383 147
1
1384 114
1
1385 169
1
1386 216
1
1387 10
1
1388 3
1
1389 139
1
1390 29
1
1391 49
1
1392 75
1
1393 144
1
1394 163
0
1
1395 224
1
1396 39
1
1397 13
1
1398 183
1
1399 226
1
1400 26
1
1401 26
0
1
1402 87
1
1403 214
1
1404 245
1
1405 28
1
1406 119
1
1407 60
1
1408 41
1
1409 213
1
1410 169
1
1411 43
1
1412 88
1
1413 237
0
1
1414 10
1
1415 233
1
1416 110
1
1417 55
1
1418 153
1
1419 132
1
1420 200
1
1421 165
1
1422 47
0
1
1423 85
1
1424 94
1
1425 152
1
1426 229
1
1427 105
1
1428 53
1
1429 73
1
1430 141
1
1431 24
1
1432 184
0
1
1433 31
1
1434 68
1
1435 138
1
1436 32
1
1437 221
1
1438 230
1
1439 246
1
1440 87
1
1441 169
1
1442 134
1
1443 83
1
1444 16
1
1445 125
1
1446 35
1
1447 196
1
1448 46
1
1449 133
1
1450 173
1
1451 10
1
1452 143
0
1
1453 84
1
1454 116
1
1455 100
1
1456 177
1
1457 243
1
1458 112
1
1459 89
1
1460 120
1
1461 123
1
1462 250
0
1
1463 82
1
1464 205
1
1465 104
1
1466 241
1
1467 90
1
1468 125
1
1469 209
1
1470 70
1
1471 111
0
1
1472 67
1
1473 112
1
1474 186
1
1475 174
1
1476 121
1
1477 244
1
1478 101
1
1479 170
1
1480 13
0
1
1481 242
1
1482 49
1
1483 25
1
1484 109
1
1485 152
1
1486 11
1
1487 204
1
1488 244
1
1489 220
1
1490 21
1
1491 35
1
1492 164
1
1493 149
1
1494 163
1
1495 222
1
1496 4
1
1497 108
1
1498 137
1
1499 158
1
1500 227
1
1501 169
1
1502 111
1
1503 105
1
1504 11
1
1505 17
1
1506 47
1
1507 4
1
1508 199
1
1509 19
1
1510 80
1
1511 3
1
1512 29
1
1513 55
1
1514 12
1
1515 237
1
1516 145
1
1517 242
1
1518 72
1
1519 209
1
1520 203
1
1521 97
1
1522 139
1
1523 179
1
1524 188
1
1525 7
1
1526 218
1
1527 238
1
1528 129
1
1529 111
1
1530 105
1
1531 94
1
1532 101
1
1533 4
1
1534 57
1
1535 165
1
1536 216
1
1537 123
1
1538 189
1
1539 86
1
1540 244
1
1541 137
1
1542 94
0
1
1543 238
1
1544 26
1
1545 11
1
1546 25
1
1547 183
0
1
1548 164
1
1549 6
1
1550 225
1
1551 139
1
1552 73
1
1553 11
1
1554 17
1
1555 70
1
1556 239
1
1557 62
1
1558 40
1
1559 82
1
1560 251
1
1561 143
1
1562 237
1
1563 122
1
1564 185
1
1565 168
1
1566 168
1
1567 87
1
1568 23
1
1569 125
1
1570 48
1
1571 49
1
1572 236
1
1573 112
0
1
1574 9
1
1575 233
1
1576 186
1
1577 88
1
1578 5
1
1579 213
1
1580 192
1
1581 237
1
1582 78
0
1
1583 107
1
1584 184
1
1585 132
1
1586 9
1
1587 213
1
1588 100
1
1589 48
1
1590 82
1
1591 163
1
1592 19
1
1593 84
1
1594 213
1
1595 207
1
1596 134
1
1597 42
1
1598 247
1
1599 236
1
1600 138
1
1601 159
1
1602 19
1
1603 239
1
1604 175
1
1605 213
1
1606 197
1
1607 12
1
1608 50
1
1609 140
0
1
1610 32
1
1611 108
1
1612 186
1
1613 19
0
1
1614 18
1
1615 160
1
1616 203
1
1617 181
1
1618 201
1
1619 107
1
1620 232
1
1621 19
1
1622 189
1
1623 216
0
1
1624 47
1
1625 109
1
1626 89
1
1627 69
1
1628 239
1
1629 108
1
1630 73
1
1631 43
0
1
1632 203
1
1633 220
1
1634 212
1
1635 79
0
1
1636 144
1
1637 72
1
1638 164
1
1639 129
0
1
1640 30
0
1
1641 145
1
1642 141
1
1643 136
1
1644 102
1
1645 235
1
1646 216
1
1647 179
1
1648 31
1
1649 137
0
1
1650 220
1
1651 251
1
1652 223
1
1653 103
0
1
1654 107
1
1655 97
0
1
1656 57
1
1657 240
1
1658 125
0
1
1659 197
1
1660 217
1
1661 36
1
1662 55
1
1663 249
1
1664 185
1
1665 152
1
1666 29
0
0
1
1667 14
1
1668 152
1
1669 163
1
1670 37
1
1671 190
1
1672 134
1
1673 128
1
1674 139
1
1675 216
1
1676 190
1
1677 156
1
1678 107
1
1679 59
0
1
1680 156
1
1681 193
1
1682 148
1
1683 195
1
1684 251
1
1685 128
1
1686 110
0
1
1687 177
1
1688 131
1
1689 218
1
1690 100
1
1691 110
1
1692 147
0
0
1
1693 82
1
1694 245
1
1695 213
1
1696 102
1
1697 143
1
1698 168
1
1699 37
1
1700 31
0
1
1701 160
1
1702 54
1
1703 38
1
1704 223
1
1705 126
1
1706 182
1
1707 97
1
1708 141
1
1709 96
1
1710 173
1
1711 12
1
1712 153
1
1713 159
1
1714 139
0
1
1715 180
1
1716 105
1
1717 199
1
1718 201
1
1719 6
0
1
1720 172
1
1721 166
1
1722 48
1
1723 214
1
1724 30
1
1725 46
1
1726 105
1
1727 160
1
1728 152
1
1729 90
1
1730 120
1
1731 249
0
0
1
1732 188
1
1733 209
1
1734 125
1
1735 219
1
1736 167
1
1737 150
1
1738 31
1
1739 34
1
1740 172
1
1741 200
0
1
1742 74
1
1743 182
1
1744 57
1
1745 231
0
1
1746 8
1
1747 48
1
1748 104
1
1749 183
1
1750 67
1
1751 35
1
1752 251
1
1753 152
1
1754 110
1
1755 184
1
1756 63
1
1757 174
1
1758 249
1
1759 39
1
1760 163
1
1761 201
1
1762 191
1
1763 36
1
1764 222
1
1765 142
1
1766 88
1
1767 116
1
1768 250
1
1769 57
1
1770 87
1
1771 249
1
1772 9
1
1773 64
0
1
1774 43
0
1
1775 111
1
1776 199
1
1777 139
1
1778 41
1
1779 32
1
1780 123
1
1781 152
1
1782 214
1
1783 84
1
1784 162
1
1785 48
1
1786 174
1
1787 3
1
1788 213
1
1789 245
1
1790 105
1
1791 106
0
1
1792 89
1
1793 234
1
1794 212
1
1795 101
1
1796 57
1
1797 170
1
1798 143
1
1799 23
1
1800 9
0
1
1801 59
1
1802 224
1
1803 86
0
1
1804 42
1
1805 209
1
1806 89
1
1807 41
1
1808 2
1
1809 20
1
1810 251
1
1811 97
0
1
1812 11
1
1813 27
1
1814 216
1
1815 89
1
1816 24
1
1817 129
1
1818 196
1
1819 168
1
1820 212
1
1821 114
0
1
1822 17
1
1823 197
1
1824 216
1
1825 43
1
1826 145
1
1827 110
1
1828 220
1
1829 111
1
1830 178
0
1
1831 99
1
1832 90
1
1833 182
1
1834 95
1
1835 177
1
1836 66
1
1837 98
1
1838 51
1
1839 12
1
1840 92
0
1
1841 105
1
1842 90
1
1843 59
1
1844 177
1
1845 75
1
1846 72
1
1847 182
1
1848 40
1
1849 211
0
1
1850 181
1
1851 51
1
1852 10
1
1853 38
1
1854 75
1
1855 164
1
1856 209
1
1857 166
1
1858 150
1
1859 34
1
1860 165
0
1
1861 215
0
0
1
1862 105
1
1863 125
1
1864 227
1
1865 62
0
1
1866 24
1
1867 185
1
1868 21
1
1869 74
1
1870 220
1
1871 6
1
1872 133
1
1873 128
1
1874 81
1
1875 46
1
1876 239
1
1877 86
1
1878 111
1
1879 212
1
1880 22
0
1
1881 239
1
1882 117
1
1883 58
1
1884 80
1
1885 124
1
1886 14
1
1887 188
0
0
1
1888 186
1
1889 82
1
1890 243
1
1891 116
0
1
1892 224
1
1893 39
1
1894 202
1
1895 64
1
1896 190
1
1897 169
0
1
1898 156
1
1899 136
1
1900 92
1
1901 13
1
1902 33
1
1903 213
1
1904 24
0
1
1905 72
1
1906 67
1
1907 32
1
1908 163
1
1909 27
1
1910 193
0
1
1911 97
1
1912 126
0
1
1913 22
1
1914 223
1
1915 152
1
1916 55
1
1917 125
1
1918 214
1
1919 140
1
1920 24
1
1921 216
1
1922 158
1
1923 197
1
1924 50
0
0
1
1925 118
1
1926 70
1
1927 211
1
1928 189
0
1
1929 168
1
1930 215
1
1931 104
0
1
1932 148
1
1933 89
1
1934 76
1
1935 110
1
1936 173
1
1937 105
1
1938 142
1
1939 183
1
1940 242
1
1941 35
0
0
1
1942 97
1
1943 90
1
1944 174
1
1945 237
1
1946 219
0
1
1947 93
1
1948 27
0
1
1949 96
0
1
1950 112
0
1
1951 64
1
1952 98
1
1953 229
1
1954 58
1
1955 167
0
1
1956 72
0
1
1957 231
1
1958 16
0
1
1959 60
1
1960 183
1
1961 148
1
1962 127
1
1963 182
1
1964 38
1
1965 78
1
1966 28
1
1967 145
1
1968 27
1
1969 17
1
1970 171
1
1971 185
1
1972 226
1
1973 107
1
1974 150
1
1975 38
1
1976 224
1
1977 169
1
1978 215
1
1979 17
1
1980 9
1
1981 203
1
1982 98
1
1983 117
1
1984 135
1
1985 190
1
1986 36
1
1987 116
1
1988 23
1
1989 80
1
1990 110
1
1991 134
1
1992 105
1
1993 70
1
1994 60
1
1995 192
1
1996 122
1
1997 157
1
1998 46
1
1999 234
1
2000 48
1
2001 239
1
2002 168
0
1
2003 240
1
2004 191
1
2005 223
1
2006 197
1
2007 210
1
2008 246
0
1
2009 203
1
2010 163
1
2011 28
1
2012 81
1
2013 232
1
2014 64
0
1
2015 72
1
2016 176
1
2017 97
1
2018 26
1
2019 11
1
2020 165
1
2021 91
1
2022 33
1
2023 251
1
2024 91
0
1
2025 101
1
2026 154
0
1
2027 161
1
2028 247
1
2029 31
1
2030 120
1
2031 22
1
2032 168
1
2033 6
1
2034 26
1
2035 56
1
2036 65
1
2037 167
1
2038 95
0
1
2039 156
1
2040 17
1
2041 94
0
1
2042 202
0
1
2043 38
1
2044 193
1
2045 78
0
1
2046 70
1
2047 159
1
2048 70
1
2049 172
1
2050 204
0
1
2051 156
1
2052 205
1
2053 219
1
2054 97
1
2055 108
1
2056 167
0
0
1
2057 94
0
1
2058 80
1
2059 43
1
2060 31
1
2061 204
1
2062 166
1
2063 117
0
1
2064 31
1
2065 154
1
2066 25
0
1
2067 85
1
2068 171
1
2069 192
0
1
2070 204
1
2071 124
1
2072 188
0
1
2073 93
1
2074 188
1
2075 99
1
2076 167
1
2077 77
1
2078 2
1
2079 86
1
2080 47
0
1
2081 62
0
1
2082 209
1
2083 66
0
1
2084 168
1
2085 232
1
2086 57
1
2087 193
0
1
2088 200
1
2089 101
1
2090 242
0
1
2091 117
1
2092 106
0
1
2093 90
1
2094 46
1
2095 90
1
2096 10
1
2097 150
1
2098 249
1
2099 98
0
1
2100 89
1
2101 167
1
2102 44
1
2103 157
1
2104 234
1
2105 204
1
2106 129
1
2107 133
1
2108 213
1
2109 103
1
2110 105
1
2111 16
1
2112 162
1
2113 34
1
2114 7
1
2115 75
1
2116 177
0
1
2117 167
1
2118 86
1
2119 101
1
2120 45
1
2121 11
1
2122 55
0
1
2123 87
1
2124 131
1
2125 183
1
2126 20
1
2127 41
1
2128 102
1
2129 74
0
1
2130 92
0
1
2131 181
1
2132 140
1
2133 226
1
2134 151
1
2135 69
1
2136 64
0
1
2137 129
1
2138 246
1
2139 16
1
2140 68
1
2141 116
1
2142 224
1
2143 147
1
2144 250
1
2145 183
0
1
2146 98
1
2147 59
0
1
2148 52
1
2149 118
1
2150 13
1
2151 103
1
2152 155
1
2153 197
1
2154 154
1
2155 178
1
2156 225
1
2157 22
1
2158 197
1
2159 9
1
2160 91
1
2161 5
1
2162 14
1
2163 235
1
2164 30
1
2165 104
1
2166 5
1
2167 205
0
1
2168 192
1
2169 166
1
2170 73
1
2171 179
1
2172 237
1
2173 102
1
2174 106
1
2175 84
1
2176 250
1
2177 115
1
2178 239
1
2179 142
1
2180 126
1
2181 89
1
2182 87
1
2183 115
0
1
2184 219
1
2185 59
1
2186 206
1
2187 97
0
1
2188 195
1
2189 153
1
2190 117
1
2191 22
1
2192 156
1
2193 121
1
2194 59
1
2195 248
1
2196 146
1
2197 40
0
1
2198 64
1
2199 212
1
2200 174
0
1
2201 204
1
2202 3
0
1
2203 95
1
2204 187
1
2205 143
1
2206 123
1
2207 116
0
0
0
1
2208 171
1
2209 232
1
2210 148
1
2211 119
1
2212 183
0
1
2213 21
1
2214 81
1
2215 226
1
2216 234
1
2217 178
1
2218 148
1
2219 246
1
2220 6
0
0
1
2221 217
1
2222 204
1
2223 110
1
2224 44
1
2225 224
1
2226 101
1
2227 150
0
0
1
2228 87
1
2229 80
1
2230 91
1
2231 145
1
2232 28
0
1
2233 41
1
2234 91
1
2235 46
1
2236 174
1
2237 42
0
1
2238 89
1
2239 110
1
2240 36
1
2241 103
1
2242 164
0
1
2243 159
1
2244 205
1
2245 182
1
2246 65
1
2247 51
0
1
2248 3
1
2249 228
1
2250 128
1
2251 54
1
2252 196
1
2253 5
1
2254 117
1
2255 145
0
1
2256 68
0
0
1
2257 247
1
2258 151
1
2259 76
1
2260 16
1
2261 154
1
2262 79
1
2263 15
1
2264 49
1
2265 19
1
2266 196
1
2267 182
1
2268 76
1
2269 189
1
2270 86
1
2271 15
1
2272 173
1
2273 185
0
1
2274 197
1
2275 239
0
1
2276 57
1
2277 106
1
2278 97
1
2279 109
1
2280 61
1
2281 22
1
2282 116
1
2283 185
1
2284 169
1
2285 94
1
2286 199
1
2287 9
1
2288 140
1
2289 51
1
2290 100
0
1
2291 104
0
1
2292 230
1
2293 213
1
2294 185
0
1
2295 5
1
2296 110
1
2297 101
0
1
2298 239
1
2299 71
1
2300 25
1
2301 33
1
2302 216
0
1
2303 219
0
1
2304 156
1
2305 211
1
2306 241
1
2307 3
1
2308 126
0
1
2309 245
1
2310 104
1
2311 117
1
2312 53
0
1
2313 166
0
1
2314 236
1
2315 126
1
2316 97
1
2317 210
1
2318 27
1
2319 140
1
2320 214
1
2321 50
1
2322 26
1
2323 92
1
2324 56
0
1
2325 246
1
2326 170
1
2327 116
1
2328 174
1
2329 27
1
2330 10
1
2331 28
1
2332 154
1
2333 225
0
1
2334 231
0
1
2335 15
1
2336 111
0
1
2337 224
1
2338 28
1
2339 248
1
2340 242
1
2341 62
1
2342 130
1
2343 98
0
1
2344 202
1
2345 246
1
2346 230
1
2347 235
1
2348 133
1
2349 220
1
2350 83
0
1
2351 92
0
1
2352 37
0
1
2353 37
1
2354 59
0
1
2355 208
1
2356 128
0
1
2357 156
1
2358 133
0
1
2359 158
0
1
2360 99
1
2361 93
1
2362 186
1
2363 107
1
2364 118
0
1
2365 48
1
2366 238
1
2367 15
0
1
2368 233
1
2369 141
1
2370 102
1
2371 142
0
1
2372 208
1
2373 115
1
2374 183
1
2375 247
1
2376 123
0
1
2377 155
1
2378 147
1
2379 162
1
2380 55
1
2381 139
0
1
2382 217
1
2383 216
0
1
2384 87
1
2385 67
1
2386 215
0
1
2387 101
1
2388 204
0
0
1
2389 133
1
2390 114
0
1
2391 190
1
2392 118
1
2393 23
0
1
2394 30
1
2395 23
1
2396 119
1
2397 16
1
2398 139
1
2399 169
1
2400 123
1
2401 18
1
2402 179
1
2403 80
0
1
2404 59
1
2405 96
1
2406 209
1
2407 97
1
2408 119
1
2409 177
1
2410 241
0
1
2411 5
1
2412 70
1
2413 227
1
2414 110
1
2415 130
1
2416 8
1
2417 186
1
2418 189
1
2419 37
1
2420 151
1
2421 173
0
0
1
2422 179
1
2423 88
1
2424 233
0
0
1
2425 89
1
2426 78
0
0
1
2427 201
1
2428 139
1
2429 175
1
2430 216
1
2431 142
1
2432 72
1
2433 199
1
2434 155
1
2435 230
1
2436 176
1
2437 227
0
1
2438 148
1
2439 117
0
1
2440 202
0
1
2441 25
1
2442 191
0
0
1
2443 189
1
2444 85
1
2445 105
0
0
1
2446 171
1
2447 38
1
2448 113
1
2449 179
1
2450 238
1
2451 17
1
2452 17
1
2453 102
0
0
0
0
1
2454 197
1
2455 249
1
2456 137
1
2457 101
1
2458 137
0
1
2459 188
1
2460 130
1
2461 162
1
2462 94
1
2463 48
1
2464 189
0
1
2465 104
0
1
2466 86
0
1
2467 126
0
1
2468 180
1
2469 224
1
2470 170
1
2471 9
1
2472 44
1
2473 188
0
1
2474 105
1
2475 191
1
2476 237
1
2477 221
1
2478 46
1
2479 157
1
2480 121
1
2481 170
1
2482 179
1
2483 153
1
2484 39
1
2485 70
1
2486 135
1
2487 203
1
2488 250
1
2489 170
1
2490 245
1
2491 79
0
1
2492 147
1
2493 48
1
2494 2
1
2495 146
0
1
2496 169
1
2497 52
0
0
1
2498 27
1
2499 101
1
2500 171
0
1
2501 3
1
2502 140
1
2503 149
1
2504 32
1
2505 23
1
2506 88
1
2507 239
0
1
2508 155
1
2509 62
1
2510 112
1
2511 21
1
2512 42
1
2513 53
1
2514 180
1
2515 62
1
2516 223
1
2517 111
1
2518 222
1
2519 212
1
2520 93
1
2521 93
1
2522 132
1
2523 94
0
1
2524 208
1
2525 12
1
2526 74
0
1
2527 160
1
2528 122
1
2529 41
1
2530 39
1
2531 48
0
1
2532 43
1
2533 58
1
2534 11
0
1
2535 69
1
2536 17
0
1
2537 179
1
2538 173
1
2539 96
1
2540 60
0
0
1
2541 191
0
1
2542 136
1
2543 198
0
0
1
2544 55
1
2545 10
1
2546 69
1
2547 232
1
2548 226
1
2549 115
1
2550 162
1
2551 151
1
2552 162
0
1
2553 39
1
2554 170
0
1
2555 114
1
2556 187
1
2557 14
1
2558 68
1
2559 45
0
1
2560 198
1
2561 244
1
2562 75
1
2563 86
1
2564 99
1
2565 17
1
2566 125
0
1
2567 233
1
2568 236
1
2569 148
1
2570 14
1
2571 241
1
2572 102
0
1
2573 215
1
2574 180
1
2575 20
1
2576 242
1
2577 80
1
2578 174
0
1
2579 76
1
2580 170
1
2581 231
1
2582 56
1
2583 227
1
2584 20
1
2585 248
0
0
1
2586 126
0
0
0
1
2587 205
1
2588 175
1
2589 88
1
2590 227
0
1
2591 202
1
2592 196
1
2593 144
1
2594 208
1
2595 169
1
2596 78
0
1
2597 48
1
2598 89
1
2599 4
1
2600 184
0
1
2601 165
1
2602 141
1
2603 158
1
2604 62
1
2605 80
0
0
1
2606 50
1
2607 239
1
2608 197
1
2609 107
1
2610 26
1
2611 94
1
2612 156
1
2613 230
0
1
2614 86
1
2615 28
1
2616 85
1
2617 75
0
1
2618 49
1
2619 182
1
2620 153
1
2621 30
1
2622 122
1
2623 101
0
1
2624 217
1
2625 6
0
1
2626 131
1
2627 163
1
2628 142
1
2629 8
1
2630 145
1
2631 86
1
2632 242
1
2633 15
1
2634 127
1
2635 142
1
2636 84
1
2637 193
1
2638 17
1
2639 86
1
2640 42
0
1
2641 131
1
2642 110
1
2643 75
1
2644 199
0
1
2645 213
1
2646 110
0
0
0
1
2647 163
1
2648 139
1
2649 141
1
2650 78
0
1
2651 171
1
2652 203
1
2653 12
1
2654 104
1
2655 181
1
2656 51
1
2657 58
1
2658 85
0
1
2659 221
0
1
2660 15
1
2661 86
0
1
2662 170
1
2663 89
1
2664 166
0
0
1
2665 213
0
1
2666 76
0
1
2667 63
0
0
1
2668 36
1
2669 97
1
2670 161
0
1
2671 82
1
2672 73
1
2673 44
1
2674 114
1
2675 233
0
1
2676 236
1
2677 86
1
2678 115
0
1
2679 182
0
1
2680 40
1
2681 3
1
2682 140
0
0
1
2683 242
1
2684 239
1
2685 216
1
2686 233
1
2687 7
1
2688 110
1
2689 227
0
1
2690 165
1
2691 8
0
0
1
2692 29
0
1
2693 181
1
2694 136
1
2695 243
1
2696 235
1
2697 196
1
2698 70
1
2699 162
1
2700 145
1
2701 70
1
2702 57
1
2703 177
1
2704 164
1
2705 237
1
2706 18
1
2707 21
1
2708 211
0
1
2709 51
1
2710 29
1
2711 198
1
2712 142
1
2713 250
0
1
2714 22
1
2715 250
1
2716 189
0
0
1
2717 228
0
1
2718 73
1
2719 233
1
2720 70
1
2721 117
0
1
2722 226
1
2723 216
1
2724 242
1
2725 7
0
0
1
2726 154
1
2727 218
1
2728 170
1
2729 34
0
1
2730 189
0
0
1
2731 106
1
2732 50
1
2733 2
0
1
2734 188
1
2735 210
1
2736 11
1
2737 154
1
2738 228
1
2739 202
0
0
1
2740 49
1
2741 170
1
2742 155
0
1
2743 29
1
2744 31
1
2745 38
1
2746 159
1
2747 107
1
2748 181
1
2749 161
1
2750 213
1
2751 7
1
2752 4
1
2753 173
1
2754 52
1
2755 187
1
2756 251
1
2757 40
0
0
1
2758 40
1
2759 117
1
2760 42
1
2761 60
1
2762 239
1
2763 24
1
2764 41
1
2765 93
1
2766 173
1
2767 113
1
2768 239
1
2769 173
1
2770 61
1
2771 213
0
0
1
2772 239
1
2773 65
1
2774 248
1
2775 209
1
2776 204
1
2777 196
1
2778 150
1
2779 218
1
2780 8
0
0
1
2781 44
1
2782 247
1
2783 59
1
2784 114
0
1
2785 178
1
2786 152
1
2787 18
1
2788 93
1
2789 6
1
2790 78
1
2791 140
1
2792 205
1
2793 169
0
1
2794 201
1
2795 13
1
2796 71
1
2797 136
0
1
2798 251
1
2799 31
1
2800 155
1
2801 132
1
2802 146
1
2803 58
1
2804 205
1
2805 229
1
2806 239
1
2807 138
1
2808 137
1
2809 177
1
2810 216
1
2811 140
0
1
2812 53
1
2813 65
1
2814 198
1
2815 110
1
2816 54
0
0
1
2817 83
1
2818 184
1
2819 37
1
2820 195
0
0
1
2821 168
1
2822 156
0
1
2823 118
0
1
2824 155
0
1
2825 83
1
2826 176
1
2827 131
1
2828 112
0
1
2829 36
1
2830 229
1
2831 164
1
2832 220
0
1
2833 80
1
2834 231
1
2835 148
1
2836 205
0
1
2837 18
1
2838 65
1
2839 159
1
2840 108
0
1
2841 136
1
2842 105
1
2843 46
1
2844 14
1
2845 163
1
2846 35
1
2847 5
0
1
2848 113
0
1
2849 28
1
2850 202
0
1
2851 86
1
2852 200
1
2853 90
1
2854 158
1
2855 244
0
1
2856 68
0
1
2857 17
1
2858 40
0
0
0
1
2859 31
1
2860 199
1
2861 247
1
2862 44
0
1
2863 6
0
0
1
2864 188
1
2865 142
1
2866 159
1
2867 187
1
2868 78
1
2869 99
1
2870 180
0
1
2871 235
1
2872 122
1
2873 182
1
2874 96
1
2875 221
1
2876 250
1
2877 124
1
2878 224
1
2879 160
1
2880 51
1
2881 12
0
1
2882 151
0
0
1
2883 185
1
2884 17
1
2885 180
1
2886 47
1
2887 234
1
2888 172
1
2889 88
1
2890 215
1
2891 169
0
1
2892 86
1
2893 99
0
1
2894 224
1
2895 7
1
2896 123
0
0
1
2897 186
1
2898 35
0
1
2899 55
1
2900 12
1
2901 90
1
2902 207
1
2903 41
1
2904 201
1
2905 114
0
1
2906 225
0
1
2907 153
1
2908 186
0
0
1
2909 154
1
2910 88
1
2911 227
0
1
2912 67
1
2913 125
1
2914 64
1
2915 76
1
2916 108
0
0
1
2917 40
1
2918 123
1
2919 47
1
2920 239
0
0
1
2921 11
1
2922 65
1
2923 120
0
1
2924 73
0
1
2925 180
1
2926 164
0
1
2927 169
1
2928 200
1
2929 225
0
1
2930 186
1
2931 98
1
2932 166
1
2933 166
1
2934 121
1
2935 152
0
1
2936 12
1
2937 164
1
2938 24
1
2939 163
1
2940 146
1
2941 217
0
0
0
1
2942 41
1
2943 104
1
2944 5
1
2945 67
1
2946 184
0
1
2947 30
1
2948 171
1
2949 14
0
1
2950 227
1
2951 22
1
2952 216
1
2953 225
0
1
2954 192
0
1
2955 128
1
2956 219
1
2957 16
1
2958 113
1
2959 183
1
2960 209
1
2961 83
1
2962 232
1
2963 86
0
1
2964 101
1
2965 34
0
0
0
1
2966 198
1
2967 94
1
2968 89
1
2969 163
1
2970 51
1
2971 180
1
2972 222
1
2973 44
1
2974 173
1
2975 142
1
2976 110
1
2977 8
1
2978 52
0
1
2979 251
1
2980 149
1
2981 173
1
2982 247
1
2983 110
1
2984 147
0
1
2985 165
1
2986 98
1
2987 191
0
1
2988 169
1
2989 12
1
2990 207
1
2991 143
0
1
2992 171
1
2993 141
0
1
2994 141
1
2995 121
1
2996 171
1
2997 195
1
2998 179
1
2999 77
1
3000 189
1
3001 243
1
3002 68
1
3003 215
1
3004 45
1
3005 11
1
3006 146
1
3007 110
1
3008 38
1
3009 196
1
3010 149
1
3011 145
1
3012 57
1
3013 46
0
1
3014 231
1
3015 123
0
1
3016 100
0
1
3017 7
1
3018 115
0
0
1
3019 62
1
3020 34
0
1
3021 194
1
3022 238
0
1
3023 133
0
1
3024 82
1
3025 6
1
3026 60
1
3027 139
0
0
0
1
3028 67
0
1
3029 242
0
1
3030 101
1
3031 171
0
0
1
3032 211
1
3033 192
1
3034 245
1
3035 31
1
3036 216
0
0
1
3037 88
0
1
3038 176
0
1
3039 153
0
1
3040 170
1
3041 88
0
1
3042 180
0
0
1
3043 189
0
0
1
3044 28
1
3045 132
1
3046 45
0
0
1
3047 124
1
3048 248
0
1
3049 71
0
0
0
0
0
1
3050 167
0
1
3051 191
0
0
1
3052 199
0
1
3053 194
0
0
1
3054 97
0
1
3055 88
1
3056 28
0
1
3057 40
1
3058 101
1
3059 11
1
3060 123
1
3061 90
1
3062 42
0
1
3063 97
1
3064 216
0
1
3065 105
1
3066 70
1
3067 59
1
3068 46
1
3069 148
1
3070 183
1
3071 7
0
0
1
3072 197
1
3073 94
1
3074 8
1
3075 181
1
3076 91
1
3077 95
1
3078 145
1
3079 151
1
3080 249
1
3081 207
1
3082 9
0
1
3083 47
1
3084 208
0
1
3085 65
0
1
3086 167
1
3087 204
1
3088 96
1
3089 154
1
3090 63
1
3091 67
0
1
3092 211
1
3093 216
1
3094 117
0
1
3095 110
0
1
3096 175
0
1
3097 149
0
1
3098 9
1
3099 109
0
0
1
3100 12
1
3101 67
1
3102 221
0
0
1
3103 227
1
3104 194
1
3105 62
1
3106 13
0
1
3107 171
1
3108 9
0
1
3109 206
1
3110 89
1
3111 61
0
1
3112 6
1
3113 216
0
1
3114 116
1
3115 228
1
3116 28
1
3117 37
1
3118 142
1
3119 231
1
3120 64
1
3121 112
1
3122 21
0
0
0
1
3123 182
1
3124 183
1
3125 90
0
0
1
3126 26
1
3127 34
1
3128 69
0
1
3129 190
1
3130 63
1
3131 123
1
3132 23
1
3133 39
1
3134 181
1
3135 112
1
3136 176
1
3137 96
1
3138 37
1
3139 132
0
1
3140 2
1
3141 182
1
3142 84
1
3143 76
1
3144 163
1
3145 127
0
1
3146 109
1
3147 242
0
1
3148 179
1
3149 247
1
3150 108
1
3151 202
1
3152 112
0
0
1
3153 11
1
3154 76
0
1
3155 246
0
1
3156 60
0
0
0
0
1
3157 136
1
3158 85
0
1
3159 184
0
1
3160 169
0
0
1
3161 162
1
3162 203
1
3163 13
1
3164 217
1
3165 118
1
3166 165
0
1
3167 66
1
3168 52
0
0
1
3169 26
0
1
3170 103
0
1
3171 218
1
3172 100
1
3173 69
1
3174 223
1
3175 48
1
3176 17
1
3177 95
1
3178 249
0
1
3179 183
0
0
0
0
1
3180 148
1
3181 205
1
3182 13
0
1
3183 127
0
0
1
3184 239
1
3185 184
1
3186 12
1
3187 82
1
3188 28
1
3189 101
0
1
3190 194
1
3191 59
1
3192 118
0
1
3193 136
1
3194 245
1
3195 178
1
3196 152
0
1
3197 62
1
3198 92
1
3199 138
1
3200 104
1
3201 49
0
0
0
1
3202 169
1
3203 214
0
1
3204 85
1
3205 101
1
3206 18
1
3207 138
1
3208 231
1
3209 121
0
0
0
0
0
0
0
1
3210 13
0
0
1
3211 233
0
1
3212 196
0
1
3213 14
1
3214 45
0
1
3215 32
1
3216 127
1
3217 84
0
1
3218 58
1
3219 105
0
1
3220 17
1
3221 101
1
3222 222
0
1
3223 75
1
3224 132
1
3225 133
0
0
1
3226 143
1
3227 115
1
3228 35
0
1
3229 150
0
0
1
3230 200
1
3231 92
1
3232 65
1
3233 171
0
1
3234 157
1
3235 145
1
3236 89
0
0
0
1
3237 184
1
3238 235
0
0
1
3239 246
1
3240 35
1
3241 187
1
3242 144
1
3243 227
1
3244 97
1
3245 156
0
1
3246 96
0
0
0
1
3247 170
1
3248 242
1
3249 147
1
3250 166
0
1
3251 99
1
3252 139
1
3253 90
0
0
1
3254 90
0
1
3255 80
0
1
3256 224
1
3257 139
1
3258 5
0
1
3259 19
1
3260 92
0
1
3261 207
0
0
0
0
1
3262 232
0
1
3263 105
0
1
3264 12
0
0
1
3265 245
1
3266 209
1
3267 42
0
1
3268 47
0
1
3269 58
1
3270 109
1
3271 34
1
3272 238
0
1
3273 199
0
0
1
3274 162
0
0
1
3275 43
1
3276 4
0
1
3277 100
1
3278 127
1
3279 17
1
3280 17
0
1
3281 150
0
0
0
1
3282 101
1
3283 205
1
3284 79
1
3285 17
0
0
0
1
3286 112
1
3287 52
1
3288 7
1
3289 242
1
3290 165
0
1
3291 153
1
3292 213
1
3293 152
0
0
1
3294 176
1
3295 119
1
3296 80
1
3297 91
0
1
3298 150
1
3299 163
1
3300 30
1
3301 235
1
3302 47
1
3303 170
0
0
1
3304 76
1
3305 188
0
0
1
3306 10
1
3307 202
1
3308 249
1
3309 243
1
3310 115
0
0
0
1
3311 159
1
3312 220
1
3313 188
0
0
1
3314 16
0
1
3315 132
0
0
1
3316 34
1
3317 88
1
3318 210
0
1
3319 196
1
3320 239
1
3321 71
1
3322 111
1
3323 196
1
3324 62
1
3325 92
0
1
3326 174
0
1
3327 27
0
0
0
1
3328 237
0
0
0
1
3329 210
1
3330 30
1
3331 148
0
1
3332 73
1
3333 34
1
3334 95
1
3335 227
0
1
3336 35
1
3337 146
1
3338 227
0
0
1
3339 22
1
3340 15
1
3341 113
0
1
3342 119
0
0
0
1
3343 79
0
1
3344 168
0
0
0
0
1
3345 26
1
3346 123
0
0
1
3347 233
0
0
1
3348 32
1
3349 242
1
3350 101
1
3351 20
1
3352 45
1
3353 134
1
3354 224
1
3355 42
0
0
0
1
3356 13
0
0
0
1
3357 61
1
3358 158
0
0
0
1
3359 16
1
3360 194
0
0
0
1
3361 198
0
0
1
3362 57
0
1
3363 195
1
3364 169
0
1
3365 92
1
3366 84
1
3367 196
1
3368 148
0
0
0
1
3369 153
1
3370 115
1
3371 89
1
3372 242
1
3373 185
1
3374 133
1
3375 149
0
0
1
3376 35
1
3377 143
0
1
3378 63
1
3379 93
0
1
3380 140
0
0
0
0
1
3381 71
1
3382 170
1
3383 137
1
3384 201
1
3385 57
1
3386 38
1
3387 204
1
3388 247
1
3389 226
0
1
3390 167
0
1
3391 113
0
0
1
3392 59
1
3393 233
1
3394 209
1
3395 171
1
3396 93
1
3397 156
1
3398 154
0
0
1
3399 213
0
1
3400 25
1
3401 126
1
3402 60
1
3403 81
0
1
3404 193
0
1
3405 122
1
3406 88
1
3407 26
0
1
3408 209
1
3409 53
1
3410 33
1
3411 157
1
3412 5
1
3413 11
0
0
0
0
1
3414 24
1
3415 63
0
1
3416 51
0
1
3417 128
0
0
1
3418 21
0
1
3419 219
0
1
3420 147
1
3421 33
0
0
1
3422 243
1
3423 240
0
1
3424 181
0
1
3425 168
1
3426 101
1
3427 197
1
3428 52
0
1
3429 197
0
1
3430 24
0
0
0
1
3431 178
1
3432 118
0
1
3433 144
0
1
3434 79
1
3435 172
0
1
3436 15
0
0
1
3437 118
0
1
3438 130
1
3439 179
0
0
1
3440 235
1
3441 137
0
1
3442 105
1
3443 46
0
1
3444 68
0
1
3445 117
1
3446 227
1
3447 154
1
3448 28
1
3449 171
1
3450 218
0
1
3451 238
0
0
0
1
3452 188
1
3453 246
1
3454 231
0
0
0
0
1
3455 80
1
3456 97
0
1
3457 115
0
1
3458 146
1
3459 46
1
3460 114
0
1
3461 99
1
3462 162
0
0
0
1
3463 102
0
1
3464 216
0
1
3465 219
1
3466 179
1
3467 174
0
1
3468 70
1
3469 119
1
3470 8
1
3471 98
1
3472 211
1
3473 107
1
3474 3
1
3475 172
1
3476 163
1
3477 71
0
0
1
3478 155
0
1
3479 73
0
1
3480 174
1
3481 126
0
1
3482 249
1
3483 152
1
3484 177
0
0
0
1
3485 143
1
3486 40
1
3487 17
1
3488 181
0
0
1
3489 169
1
3490 86
1
3491 25
0
0
0
1
3492 21
1
3493 119
1
3494 123
1
3495 105
1
3496 67
0
0
0
1
3497 238
0
1
3498 105
0
1
3499 66
1
3500 105
0
0
0
1
3501 58
1
3502 107
0
1
3503 243
0
1
3504 195
0
1
3505 170
1
3506 101
1
3507 120
0
1
3508 123
1
3509 234
1
3510 239
1
3511 186
1
3512 177
1
3513 90
1
3514 213
0
1
3515 63
1
3516 5
0
1
3517 16
1
3518 93
1
3519 59
1
3520 62
0
1
3521 45
1
3522 244
1
3523 73
0
0
0
1
3524 151
0
1
3525 124
1
3526 174
0
0
1
3527 88
1
3528 83
1
3529 245
0
1
3530 35
1
3531 98
0
0
0
0
0
0
1
3532 199
0
1
3533 202
1
3534 129
1
3535 114
0
0
1
3536 141
1
3537 181
1
3538 240
0
1
3539 155
0
1
3540 125
0
1
3541 104
0
0
0
1
3542 39
0
0
0
1
3543 213
0
1
3544 38
1
3545 157
0
1
3546 248
0
0
0
1
3547 62
0
0
1
3548 6
0
0
1
3549 24
1
3550 213
1
3551 60
1
3552 108
1
3553 20
1
3554 2
1
3555 152
0
0
1
3556 169
1
3557 75
1
3558 196
1
3559 115
0
1
3560 243
1
3561 155
1
3562 239
0
1
3563 130
1
3564 164
1
3565 80
0
0
1
3566 58
1
3567 118
0
0
0
1
3568 192
1
3569 8
1
3570 176
1
3571 4
0
0
0
1
3572 139
1
3573 151
0
0
0
0
0
1
3574 211
1
3575 156
1
3576 162
1
3577 56
1
3578 111
0
0
1
3579 170
0
0
1
3580 143
0
0
1
3581 199
1
3582 84
1
3583 149
0
0
1
3584 89
0
1
3585 204
1
3586 131
1
3587 97
1
3588 110
1
3589 146
1
3590 127
0
1
3591 199
1
3592 21
0
1
3593 94
1
3594 171
1
3595 175
1
3596 110
1
3597 199
0
0
1
3598 16
0
0
1
3599 82
0
1
3600 29
0
0
0
0
1
3601 232
1
3602 90
0
1
3603 101
1
3604 161
0
1
3605 81
1
3606 166
1
3607 117
1
3608 194
1
3609 224
1
3610 3
1
3611 246
1
3612 142
1
3613 246
1
3614 43
1
3615 105
1
3616 184
1
3617 67
0
0
1
3618 104
0
1
3619 32
1
3620 162
1
3621 196
1
3622 249
1
3623 123
0
1
3624 105
0
1
3625 234
0
1
3626 159
0
1
3627 117
0
1
3628 70
0
1
3629 20
1
3630 117
0
1
3631 169
0
0
0
1
3632 163
1
3633 230
0
1
3634 17
0
0
1
3635 56
0
1
3636 138
0
1
3637 45
0
0
0
1
3638 145
1
3639 95
1
3640 41
0
1
3641 124
1
3642 179
0
1
3643 55
1
3644 171
0
0
1
3645 183
1
3646 196
1
3647 24
1
3648 216
0
0
1
3649 129
0
0
1
3650 55
0
1
3651 21
1
3652 175
1
3653 119
1
3654 175
1
3655 88
1
3656 10
1
3657 193
0
1
3658 188
0
1
3659 87
0
1
3660 193
0
0
0
1
3661 89
1
3662 4
0
0
0
0
1
3663 237
0
0
0
1
3664 88
1
3665 199
0
0
0
0
0
1
3666 175
1
3667 204
0
1
3668 111
1
3669 50
1
3670 31
0
0
1
3671 10
1
3672 10
0
1
3673 178
0
0
0
1
3674 105
1
3675 218
1
3676 87
1
3677 16
1
3678 205
1
3679 116
1
3680 239
0
1
3681 173
0
1
3682 163
1
3683 250
1
3684 52
0
1
3685 101
1
3686 250
0
1
3687 162
1
3688 218
1
3689 129
0
0
0
1
3690 26
0
1
3691 73
1
3692 196
0
1
3693 177
1
3694 241
1
3695 123
0
1
3696 169
1
3697 126
1
3698 161
0
0
0
1
3699 47
0
1
3700 14
1
3701 28
0
0
1
3702 192
1
3703 108
1
3704 77
0
1
3705 51
1
3706 99
1
3707 250
0
0
1
3708 71
0
1
3709 243
1
3710 216
1
3711 151
0
0
0
0
0
1
3712 44
1
3713 186
0
0
0
1
3714 196
0
1
3715 230
1
3716 132
1
3717 89
0
0
0
1
3718 165
1
3719 44
1
3720 198
0
0
0
0
0
1
3721 246
1
3722 244
1
3723 36
1
3724 45
0
0
0
1
3725 40
1
3726 179
0
0
0
0
1
3727 102
0
0
0
1
3728 100
1
3729 238
0
0
0
0
0
1
3730 115
0
1
3731 139
0
0
1
3732 55
1
3733 236
0
1
3734 118
1
3735 74
1
3736 131
1
3737 52
0
0
0
1
3738 109
1
3739 9
0
0
0
1
3740 245
1
3741 14
1
3742 48
1
3743 100
0
0
0
1
3744 113
0
1
3745 97
0
0
0
1
3746 167
0
0
0
0
0
0
1
3747 163
0
1
3748 71
1
3749 227
0
1
3750 219
0
1
3751 32
1
3752 3
1
3753 51
0
1
3754 110
1
3755 117
1
3756 17
1
3757 10
1
3758 117
1
3759 11
0
0
0
1
3760 158
1
3761 219
0
0
0
1
3762 202
1
3763 31
1
3764 221
0
1
3765 80
0
0
1
3766 75
1
3767 23
0
1
3768 160
0
1
3769 215
0
0
0
0
0
0
0
0
1
3770 15
0
0
0
1
3771 162
0
1
3772 71
0
0
0
1
3773 162
1
3774 192
0
0
0
1
3775 55
0
0
1
3776 71
0
0
1
3777 58
1
3778 114
0
0
0
0
1
3779 124
0
1
3780 187
1
3781 11
0
0
1
3782 49
1
3783 99
1
3784 114
1
3785 236
0
0
1
3786 143
0
1
3787 64
1
3788 144
0
1
3789 161
1
3790 178
0
1
3791 216
1
3792 163
1
3793 209
0
0
0
0
0
1
3794 219
0
1
3795 27
1
3796 80
1
3797 17
0
1
3798 129
0
1
3799 237
0
1
3800 242
0
1
3801 105
0
0
0
0
1
3802 225
1
3803 41
0
1
3804 75
1
3805 101
0
0
0
1
3806 111
1
3807 191
1
3808 177
0
0
1
3809 167
0
0
0
0
1
3810 95
1
3811 123
1
3812 151
1
3813 120
1
3814 20
1
3815 101
1
3816 79
1
3817 44
1
3818 114
0
1
3819 227
1
3820 108
1
3821 146
0
1
3822 128
1
3823 11
0
0
0
0
0
1
3824 101
0
1
3825 251
1
3826 123
0
0
0
1
3827 213
0
1
3828 192
1
3829 103
0
1
3830 86
1
3831 162
1
3832 117
0
1
3833 221
1
3834 74
0
0
1
3835 40
0
0
0
1
3836 72
1
3837 145
1
3838 129
0
0
0
0
0
0
1
3839 173
1
3840 10
1
3841 120
1
3842 235
0
1
3843 89
0
1
3844 32
0
0
0
0
0
0
0
0
0
0
0
1
3845 87
0
0
0
1
3846 178
0
1
3847 242
1
3848 102
0
1
3849 121
1
3850 23
1
3851 116
1
3852 58
0
1
3853 23
0
1
3854 171
1
3855 57
0
0
1
3856 163
1
3857 147
0
0
1
3858 134
1
3859 50
0
0
1
3860 173
1
3861 188
1
3862 58
1
3863 64
1
3864 10
1
3865 123
1
3866 86
1
3867 227
0
0
1
3868 143
1
3869 199
1
3870 44
1
3871 223
0
1
3872 126
0
0
0
1
3873 181
1
3874 54
0
0
0
0
0
0
0
0
1
3875 49
1
3876 76
0
1
3877 229
0
0
1
3878 238
1
3879 86
0
0
1
3880 241
1
3881 207
1
3882 50
0
1
3883 205
1
3884 105
0
0
1
3885 211
1
3886 209
1
3887 89
0
0
1
3888 115
1
3889 81
1
3890 9
1
3891 105
0
0
1
3892 191
0
0
1
3893 82
1
3894 146
1
3895 213
1
3896 48
1
3897 209
1
3898 222
0
1
3899 234
0
1
3900 213
1
3901 162
1
3902 218
0
0
1
3903 131
0
1
3904 29
1
3905 239
1
3906 173
1
3907 164
1
3908 250
1
3909 49
0
0
0
0
0
0
1
3910 165
0
0
0
0
0
0
0
1
3911 107
1
3912 122
1
3913 77
1
3914 227
1
3915 163
1
3916 97
1
3917 227
0
1
3918 135
1
3919 139
0
0
0
1
3920 215
0
1
3921 149
0
1
3922 112
0
1
3923 179
1
3924 155
1
3925 72
0
1
3926 39
0
0
1
3927 79
0
1
3928 151
0
1
3929 229
1
3930 165
0
1
3931 245
0
0
0
1
3932 160
1
3933 35
0
1
3934 116
1
3935 135
1
3936 72
1
3937 238
1
3938 96
0
0
0
1
3939 175
0
0
1
3940 49
1
3941 170
0
1
3942 83
1
3943 237
1
3944 117
0
0
0
1
3945 67
1
3946 245
0
1
3947 24
0
0
1
3948 79
0
0
1
3949 197
0
0
1
3950 213
1
3951 136
1
3952 138
0
0
1
3953 234
1
3954 88
0
0
0
0
0
1
3955 216
0
0
0
0
0
0
0
0
0
0
0
0
0
0
0
0
0
0
1
3956 196
0
1
3957 144
0
0
0
0
0
1
3958 46
0
1
3959 131
0
0
0
1
3960 64
1
3961 41
0
1
3962 176
0
0
0
1
3963 110
0
1
3964 125
0
1
3965 131
1
3966 216
0
0
1
3967 38
0
1
3968 156
0
0
1
3969 84
0
1
3970 108
1
3971 66
0
0
0
1
3972 163
0
1
3973 67
0
1
3974 126
1
3975 72
1
3976 152
1
3977 183
1
3978 163
0
0
1
3979 28
0
0
1
3980 234
1
3981 229
0
1
3982 187
1
3983 173
1
3984 3
1
3985 51
1
3986 132
1
3987 55
1
3988 18
1
3989 251
0
0
1
3990 27
1
3991 144
1
3992 79
1
3993 160
0
0
1
3994 34
0
0
1
3995 84
1
3996 170
0
1
3997 113
0
1
3998 163
0
1
3999 27
0
0
1
4000 119
0
0
0
0
0
0
0
1
4001 141
0
1
4002 196
0
0
1
4003 206
1
4004 158
1
4005 196
0
0
0
0
1
4006 175
0
0
0
0
1
4007 212
0
1
4008 156
0
0
0
1
4009 53
0
0
1
4010 45
0
0
0
1
4011 60
1
4012 64
0
0
0
0
0
1
4013 86
0
0
0
0
0
0
1
4014 231
0
1
4015 19
0
1
4016 92
1
4017 37
1
4018 216
1
4019 242
0
1
4020 55
0
0
0
0
0
0
1
4021 36
0
1
4022 83
1
4023 245
1
4024 189
0
1
4025 202
1
4026 204
1
4027 214
0
0
1
4028 7
0
0
0
0
0
1
4029 79
1
4030 138
0
1
4031 16
0
0
1
4032 171
0
1
4033 49
0
0
0
1
4034 175
0
0
0
1
4035 212
0
0
0
1
4036 104
0
0
1
4037 98
0
1
4038 153
1
4039 203
0
1
4040 9
1
4041 174
0
1
4042 141
0
1
4043 85
0
0
0
1
4044 114
0
1
4045 47
1
4046 139
0
0
0
1
4047 189
0
0
0
1
4048 225
0
1
4049 62
0
0
1
4050 80
0
1
4051 26
1
4052 220
1
4053 88
0
0
0
0
0
0
0
0
1
4054 200
1
4055 241
1
4056 122
0
1
4057 218
1
4058 28
0
0
1
4059 101
0
0
1
4060 101
1
4061 25
1
4062 36
1
4063 177
1
4064 238
0
0
0
0
1
4065 147
0
1
4066 117
0
1
4067 193
0
0
1
4068 249
1
4069 177
1
4070 231
0
1
4071 37
0
0
0
0
0
0
1
4072 201
1
4073 180
0
1
4074 235
1
4075 61
1
4076 110
0
1
4077 152
0
0
1
4078 59
0
1
4079 169
0
1
4080 239
0
0
0
0
0
1
4081 25
0
0
1
4082 251
0
1
4083 50
0
1
4084 117
1
4085 177
1
4086 109
0
1
4087 171
0
0
0
0
1
4088 171
0
0
0
0
1
4089 131
0
0
1
4090 84
1
4091 233
0
0
0
0
1
4092 192
0
1
4093 119
1
4094 148
1
4095 164
0
1
4096 193
0
0
0
1
4097 101
0
0
0
0
1
4098 175
0
0
1
4099 169
0
0
0
0
0
0
1
4100 33
0
0
0
0
0
1
4101 74
0
0
1
4102 72
0
1
4103 215
0
0
1
4104 222
0
1
4105 219
0
0
0
1
4106 151
1
4107 75
0
0
0
0
0
1
4108 219
0
0
0
1
4109 209
1
4110 24
0
1
4111 8
0
1
4112 226
1
4113 63
0
0
0
0
0
0
0
1
4114 150
1
4115 23
1
4116 111
0
1
4117 152
0
0
0
1
4118 229
0
1
4119 123
0
1
4120 215
1
4121 123
1
4122 79
0
0
0
1
4123 89
0
1
4124 218
1
4125 138
1
4126 182
0
1
4127 55
0
1
4128 136
0
0
1
4129 118
0
0
0
0
0
0
1
4130 177
0
1
4131 26
0
1
4132 116
1
4133 88
0
0
0
0
0
1
4134 16
1
4135 18
0
0
0
1
4136 45
1
4137 171
0
1
4138 213
1
4139 103
0
0
0
0
0
0
1
4140 50
1
4141 243
0
0
1
4142 37
0
0
1
4143 46
0
0
0
1
4144 114
0
0
1
4145 216
1
4146 245
0
1
4147 159
0
0
0
0
1
4148 251
1
4149 244
0
0
0
0
1
4150 210
0
0
0
1
4151 161
0
1
4152 17
0
1
4153 201
1
4154 218
0
0
1
4155 118
0
0
0
1
4156 181
1
4157 111
0
0
0
1
4158 43
1
4159 170
1
4160 242
0
0
0
1
4161 165
1
4162 197
0
1
4163 136
1
4164 147
1
4165 182
0
0
1
4166 158
1
4167 65
1
4168 215
1
4169 73
1
4170 103
1
4171 168
1
4172 10
1
4173 162
0
0
0
0
1
4174 48
0
0
1
4175 227
1
4176 151
0
0
0
1
4177 54
1
4178 226
0
1
4179 162
0
0
1
4180 247
1
4181 86
0
0
1
4182 247
1
4183 139
0
0
1
4184 51
0
0
1
4185 241
0
1
4186 82
0
1
4187 158
1
4188 157
0
0
1
4189 219
0
0
0
0
0
0
0
0
0
1
4190 69
0
0
0
0
1
4191 206
1
4192 187
0
0
0
0
1
4193 83
0
1
4194 175
1
4195 69
0
1
4196 227
1
4197 40
1
4198 199
0
1
4199 4
0
0
0
0
0
0
1
4200 31
0
0
0
0
1
4201 159
0
0
0
1
4202 247
1
4203 192
1
4204 126
0
1
4205 125
0
0
0
0
0
0
0
1
4206 72
1
4207 56
1
4208 196
0
1
4209 88
0
1
4210 161
1
4211 169
0
0
0
1
4212 180
0
1
4213 192
1
4214 210
1
4215 125
0
1
4216 227
1
4217 240
0
1
4218 125
0
0
0
0
0
0
1
4219 225
0
1
4220 82
1
4221 192
1
4222 164
0
0
0
0
0
0
1
4223 211
1
4224 112
0
0
1
4225 55
0
1
4226 33
0
0
0
1
4227 103
0
0
0
0
1
4228 202
0
0
0
0
0
0
0
1
4229 100
0
0
0
1
4230 43
0
1
4231 52
1
4232 64
1
4233 158
0
1
4234 123
0
0
0
1
4235 153
0
0
0
1
4236 66
0
0
0
1
4237 117
0
1
4238 214
0
1
4239 241
0
1
4240 65
0
0
1
4241 128
1
4242 246
0
0
0
0
1
4243 216
1
4244 87
0
1
4245 197
1
4246 242
0
1
4247 170
1
4248 147
0
0
0
1
4249 58
1
4250 194
1
4251 95
0
0
0
0
1
4252 185
1
4253 202
1
4254 237
0
0
1
4255 244
1
4256 99
0
1
4257 217
1
4258 109
0
0
0
0
1
4259 212
1
4260 101
0
0
1
4261 23
0
0
1
4262 42
1
4263 227
0
0
0
0
1
4264 128
1
4265 154
1
4266 5
0
0
0
1
4267 228
1
4268 167
0
1
4269 14
1
4270 70
0
1
4271 166
1
4272 60
0
1
4273 249
0
0
0
0
1
4274 123
0
1
4275 41
1
4276 170
0
1
4277 47
0
1
4278 239
0
1
4279 239
1
4280 172
0
0
1
4281 227
1
4282 46
1
4283 163
0
0
0
0
0
0
1
4284 143
1
4285 211
1
4286 106
1
4287 76
1
4288 37
0
0
0
0
1
4289 201
0
0
1
4290 244
0
0
1
4291 27
0
0
0
0
0
0
1
4292 113
1
4293 101
1
4294 77
0
1
4295 97
0
1
4296 247
1
4297 227
0
1
4298 86
0
0
1
4299 130
0
1
4300 62
1
4301 235
0
0
0
0
0
1
4302 192
0
1
4303 242
0
0
0
1
4304 8
0
0
1
4305 152
0
0
0
0
0
1
4306 99
0
1
4307 147
0
0
1
4308 211
1
4309 155
0
0
1
4310 81
0
0
0
0
0
0
0
0
0
0
1
4311 38
0
0
0
0
0
0
0
0
1
4312 231
0
1
4313 184
1
4314 55
0
1
4315 124
0
0
0
0
0
1
4316 216
0
1
4317 7
0
0
0
1
4318 78
1
4319 162
1
4320 168
0
0
1
4321 75
0
0
0
1
4322 126
0
0
1
4323 174
0
0
0
1
4324 110
1
4325 141
1
4326 43
0
1
4327 199
0
0
1
4328 222
0
0
1
4329 213
0
0
1
4330 19
0
1
4331 71
0
0
0
1
4332 219
1
4333 93
0
0
0
0
0
1
4334 44
0
0
0
0
1
4335 251
0
0
0
1
4336 98
1
4337 233
0
1
4338 61
1
4339 108
0
0
1
4340 63
1
4341 237
0
0
0
0
1
4342 30
0
0
0
0
0
0
0
0
0
1
4343 25
0
1
4344 66
0
1
4345 70
0
1
4346 65
0
0
0
0
1
4347 67
1
4348 93
0
0
1
4349 138
0
0
0
1
4350 100
0
0
0
0
1
4351 153
0
0
1
4352 123
0
0
0
1
4353 128
0
0
1
4354 171
0
0
0
0
1
4355 32
0
1
4356 198
1
4357 62
1
4358 133
0
1
4359 94
1
4360 145
0
0
0
0
0
1
4361 110
1
4362 62
0
0
0
1
4363 147
1
4364 246
1
4365 2
0
0
0
0
0
0
0
0
1
4366 142
0
1
4367 63
0
0
0
1
4368 182
1
4369 223
1
4370 106
0
0
0
0
1
4371 96
1
4372 120
0
1
4373 64
1
4374 27
1
4375 120
0
0
1
4376 163
1
4377 170
1
4378 36
0
0
0
0
0
1
4379 24
0
0
0
1
4380 236
1
4381 44
0
0
0
0
1
4382 82
0
0
0
1
4383 206
0
1
4384 244
0
0
0
1
4385 209
0
0
1
4386 72
0
0
1
4387 167
0
1
4388 162
0
0
0
1
4389 242
0
0
0
0
1
4390 48
1
4391 44
0
1
4392 181
0
0
0
0
0
1
4393 14
0
1
4394 161
0
0
0
0
0
1
4395 163
0
0
0
0
1
4396 123
0
1
4397 20
1
4398 69
0
0
0
0
0
0
0
0
0
1
4399 139
0
0
0
0
0
0
0
1
4400 117
0
0
1
4401 38
1
4402 70
0
1
4403 187
0
0
0
0
0
1
4404 101
1
4405 103
0
0
0
1
4406 172
0
1
4407 181
0
0
1
4408 184
1
4409 228
0
0
0
0
0
1
4410 220
0
0
0
1
4411 72
1
4412 78
1
4413 227
0
0
1
4414 26
1
4415 157
0
0
0
0
0
0
0
0
0
1
4416 112
0
0
0
0
0
0
1
4417 240
0
0
0
1
4418 48
1
4419 80
0
0
0
0
0
0
0
0
0
0
0
0
0
0
0
0
0
0
0
0
1
4420 23
0
0
1
4421 51
0
0
0
0
0
0
1
4422 5
0
1
4423 45
0
1
4424 222
0
0
0
1
4425 143
0
0
0
0
0
0
0
0
1
4426 222
1
4427 213
0
1
4428 115
0
1
4429 40
0
0
0
0
0
1
4430 61
0
0
0
1
4431 13
0
0
1
4432 28
0
0
1
4433 55
1
4434 79
1
4435 143
0
0
1
4436 221
1
4437 148
0
0
0
0
0
0
0
1
4438 239
1
4439 112
0
0
1
4440 159
0
0
0
1
4441 183
1
4442 237
0
1
4443 227
0
1
4444 228
0
1
4445 159
0
0
0
0
0
1
4446 133
0
0
0
0
0
0
0
0
1
4447 58
1
4448 178
0
0
0
0
1
4449 166
1
4450 229
0
0
0
1
4451 208
0
0
1
4452 109
0
1
4453 231
0
1
4454 248
1
4455 210
1
4456 88
0
0
0
0
1
4457 68
1
4458 55
0
0
1
4459 77
1
4460 244
0
0
1
4461 27
1
4462 32
1
4463 154
1
4464 176
0
0
0
0
0
0
0
0
1
4465 137
1
4466 223
1
4467 63
1
4468 186
0
0
0
1
4469 31
1
4470 69
0
0
0
0
0
0
1
4471 107
0
1
4472 110
0
1
4473 249
1
4474 85
0
0
0
0
1
4475 29
1
4476 221
0
0
0
0
0
0
0
0
0
0
0
0
0
1
4477 188
1
4478 32
0
0
0
0
0
0
1
4479 216
1
4480 105
0
0
0
0
1
4481 176
1
4482 101
1
4483 215
0
0
0
0
0
0
0
0
0
0
0
0
0
0
0
0
0
0
1
4484 224
1
4485 24
1
4486 46
0
0
0
0
0
0
0
1
4487 177
1
4488 57
0
0
1
4489 176
0
0
1
4490 15
0
0
1
4491 61
0
0
0
0
0
0
1
4492 85
0
0
1
4493 124
0
0
0
1
4494 106
0
0
0
0
0
1
4495 174
1
4496 196
0
0
0
0
0
0
1
4497 58
0
0
0
0
0
0
0
0
0
0
0
0
0
0
0
0
0
1
4498 41
0
0
1
4499 171
0
0
0
0
1
4500 251
0
0
0
1
4501 219
0
1
4502 216
0
0
0
0
0
0
0
0
0
1
4503 74
0
0
0
1
4504 40
0
0
0
0
0
0
0
0
0
0
0
1
4505 55
0
0
0
1
4506 91
1
4507 122
0
0
0
0
1
4508 64
0
0
1
4509 26
1
4510 20
0
0
0
1
4511 12
0
1
4512 207
0
0
1
4513 119
0
0
0
1
4514 86
0
1
4515 139
1
4516 234
0
0
0
0
0
0
0
1
4517 55
0
0
0
1
4518 76
1
4519 136
0
0
0
0
0
0
0
1
4520 186
1
4521 195
0
0
0
0
1
4522 77
0
1
4523 37
1
4524 76
0
0
1
4525 7
0
0
0
1
4526 59
0
0
0
0
1
4527 196
0
0
0
0
0
1
4528 156
1
4529 239
0
1
4530 135
1
4531 229
0
0
0
1
4532 202
0
0
0
0
1
4533 90
1
4534 63
0
0
1
4535 132
0
1
4536 221
1
4537 171
0
0
0
1
4538 117
0
0
0
0
0
0
0
0
0
1
4539 221
0
1
4540 237
1
4541 126
0
0
0
0
0
0
0
1
4542 156
0
0
0
0
0
0
1
4543 70
0
0
1
4544 160
0
1
4545 10
0
0
0
0
1
4546 47
0
1
4547 16
0
0
1
4548 169
1
4549 77
1
4550 91
0
0
0
0
0
0
0
0
0
0
0
0
0
0
0
0
1
4551 171
1
4552 169
0
1
4553 214
0
0
1
4554 39
0
0
0
1
4555 206
0
0
0
0
0
0
0
0
0
0
0
0
0
0
0
0
0
0
0
0
0
1
4556 49
0
0
1
4557 191
0
1
4558 239
0
0
0
0
0
0
0
1
4559 107
0
0
1
4560 240
0
0
0
1
4561 6
0
0
0
0
0
0
0
0
0
0
0
1
4562 84
0
1
4563 212
0
0
0
0
0
0
0
0
0
0
0
0
0
0
1
4564 232
1
4565 67
0
0
0
0
1
4566 55
0
0
0
0
0
0
0
1
4567 152
0
0
1
4568 103
1
4569 75
1
4570 91
1
4571 249
1
4572 197
0
1
4573 195
0
0
0
0
0
0
1
4574 20
0
1
4575 144
0
0
0
0
0
0
1
4576 53
0
0
0
0
0
0
0
0
0
1
4577 39
1
4578 159
0
0
0
0
1
4579 175
0
0
0
1
4580 110
0
0
0
0
1
4581 29
0
0
0
0
0
0
0
0
0
0
0
0
0
0
1
4582 201
0
0
1
4583 156
1
4584 244
0
1
4585 35
0
0
0
0
0
0
0
0
0
0
0
1
4586 61
1
4587 174
1
4588 90
1
4589 201
1
4590 229
0
1
4591 131
1
4592 103
0
0
0
0
0
0
0
0
1
4593 5
1
4594 164
1
4595 120
0
0
1
4596 14
0
0
0
0
0
0
0
0
1
4597 78
0
1
4598 20
0
0
0
0
0
0
0
0
0
0
0
1
4599 123
0
0
0
0
0
0
0
0
0
0
0
1
4600 122
0
0
0
0
0
0
1
4601 162
0
0
0
0
1
4602 89
1
4603 105
0
1
4604 227
0
0
0
0
1
4605 49
0
0
0
0
0
1
4606 93
0
0
0
0
1
4607 197
0
0
1
4608 202
0
0
0
0
0
0
0
0
0
0
1
4609 111
0
1
4610 13
0
0
1
4611 242
0
1
4612 207
0
0
0
0
0
0
1
4613 46
0
0
0
0
0
0
0
1
4614 49
0
0
1
4615 2
1
4616 117
0
0
0
0
0
0
0
0
0
0
0
0
0
0
0
1
4617 17
0
0
0
0
0
0
0
0
0
0
1
4618 155
0
0
0
1
4619 190
0
0
1
4620 179
0
0
0
0
0
0
0
0
0
0
0
0
0
0
0
0
0
0
0
0
0
0
0
1
4621 31
0
0
0
0
0
0
0
0
0
1
4622 66
0
0
0
0
0
0
0
0
0
0
0
1
4623 198
0
0
0
0
0
1
4624 189
1
4625 243
0
0
1
4626 37
0
0
0
0
0
0
0
0
0
0
1
4627 36
0
0
0
1
4628 250
0
0
0
0
0
1
4629 132
0
0
0
0
0
1
4630 106
0
1
4631 170
0
0
0
0
0
0
0
0
0
0
0
0
1
4632 12
0
1
4633 193
0
0
0
0
0
0
0
0
1
4634 139
0
0
0
0
0
0
1
4635 242
0
0
0
0
0
0
0
0
1
4636 70
1
4637 9
1
4638 74
0
0
0
0
0
0
0
0
0
0
0
1
4639 64
0
0
0
0
0
0
0
1
4640 54
0
1
4641 28
0
0
1
4642 171
1
4643 189
0
0
0
0
0
0
0
1
4644 162
0
0
0
1
4645 113
0
0
1
4646 13
0
1
4647 226
1
4648 147
0
0
0
0
1
4649 62
0
0
0
0
0
0
0
0
0
0
0
0
0
0
0
0
0
0
0
0
0
0
0
0
0
0
0
0
0
0
0
0
0
0
0
1
4650 235
0
0
1
4651 159
0
0
0
0
0
0
0
0
0
0
0
1
4652 159
0
0
0
0
0
0
0
1
4653 48
0
0
0
1
4654 135
0
0
0
1
4655 56
0
0
0
0
0
1
4656 123
0
0
1
4657 197
1
4658 143
0
0
1
4659 234
0
0
0
0
0
0
1
4660 38
1
4661 249
0
0
0
0
0
1
4662 179
0
0
0
1
4663 230
0
0
0
0
0
0
0
0
0
0
0
0
0
0
0
0
1
4664 201
0
0
0
0
0
0
1
4665 105
0
1
4666 223
0
0
0
0
0
0
0
0
0
1
4667 224
0
0
0
0
0
0
0
1
4668 32
0
0
0
0
1
4669 191
0
0
0
0
0
0
0
0
0
0
0
0
0
0
0
0
0
0
0
0
0
0
1
4670 199
0
0
1
4671 141
0
0
0
0
0
1
4672 47
0
0
0
0
1
4673 68
0
0
0
0
0
0
0
0
1
4674 27
1
4675 225
0
0
0
0
0
0
0
0
0
0
0
0
0
0
0
0
1
4676 146
0
1
4677 127
1
4678 123
0
0
0
1
4679 37
0
0
0
0
0
0
0
0
0
0
0
0
0
0
0
0
0
0
0
0
0
0
0
0
0
0
0
0
0
0
0
0
0
0
0
0
0
0
0
0
0
0
0
0
0
0
0
0
0
1
4680 122
0
1
4681 242
0
0
0
0
0
0
0
0
0
1
4682 202
0
0
0
0
0
0
0
0
0
0
0
0
0
0
0
0
0
0
0
0
0
0
0
0
0
0
0
0
0
0
0
0
0
0
0
0
0
0
1
4683 74
0
0
0
0
0
0
0
0
0
0
0
0
0
0
0
0
0
0
0
0
1
4684 49
0
0
0
0
0
0
0
0
0
0
0
0
0
1
4685 50
1
4686 196
0
0
0
0
0
0
0
0
0
0
0
0
1
4687 243
0
0
0
0
1
4688 95
0
0
0
1
4689 163
0
0
1
4690 51
0
0
0
0
0
0
0
0
0
0
0
0
1
4691 92
0
0
0
0
0
0
0
1
4692 207
0
0
1
4693 205
0
0
0
0
0
0
0
0
0
0
0
0
0
1
4694 143
1
4695 24
0
0
0
1
4696 80
0
1
4697 103
0
0
0
0
0
0
0
0
0
0
1
4698 115
0
0
1
4699 176
0
0
0
0
1
4700 155
0
1
4701 184
0
0
0
0
0
0
0
0
0
0
0
1
4702 241
0
0
0
0
0
0
0
0
0
0
0
0
0
0
1
4703 191
0
0
0
0
0
0
0
0
0
0
0
0
0
0
0
0
0
0
0
0
0
0
0
0
0
0
1
4704 110
0
0
0
1
4705 206
0
0
0
0
0
0
0
0
0
0
1
4706 113
0
0
0
0
0
1
4707 197
0
0
1
4708 202
0
0
0
0
0
0
0
0
0
0
1
4709 93
1
4710 201
0
0
0
0
0
0
1
4711 40
0
0
0
1
4712 208
0
0
0
0
0
0
0
0
0
0
0
1
4713 56
0
0
1
4714 101
0
0
0
0
0
0
0
0
0
0
0
0
0
0
0
0
0
0
0
1
4715 110
0
0
1
4716 250
0
0
0
0
0
0
0
0
0
0
0
0
0
0
0
0
0
0
0
0
0
0
0
0
0
0
0
0
0
0
0
0
0
0
0
0
0
0
1
4717 139
0
0
0
0
0
0
0
0
0
0
0
0
0
0
1
4718 126
0
1
4719 153
0
0
0
0
1
4720 115
0
0
0
0
0
0
0
0
0
0
0
0
0
0
0
0
0
0
0
0
0
0
0
0
0
0
0
0
0
0
0
0
0
0
0
0
0
0
1
4721 80
0
0
0
0
0
0
0
0
0
1
4722 58
0
0
0
0
0
0
0
0
0
0
0
0
0
0
0
0
0
0
0
0
0
1
4723 99
0
0
0
0
0
0
0
0
0
0
0
0
0
0
0
0
0
0
0
0
0
1
4724 135
0
0
0
0
0
0
0
0
0
0
0
0
0
0
0
0
0
0
0
0
0
0
0
0
0
0
0
0
0
0
0
0
1
4725 78
0
0
0
0
0
1
4726 104
0
0
0
1
4727 9
0
0
0
0
0
0
0
0
1
4728 189
0
0
0
0
0
0
1
4729 171
0
0
0
0
1
4730 163
0
0
0
0
0
0
0
0
1
4731 105
0
0
1
4732 195
0
0
0
0
0
0
0
0
0
0
0
0
0
0
0
0
0
0
0
0
0
0
0
0
0
0
0
0
0
0
0
0
0
0
0
0
0
0
0
0
0
0
0
0
0
0
0
0
0
0
0
0
0
0
0
0
0
0
0
0
0
0
0
0
0
1
4733 200
0
0
0
0
0
0
0
0
0
0
0
0
0
0
0
0
0
0
0
0
0
0
0
0
0
0
0
0
1
4734 174
0
0
0
0
0
0
0
1
4735 107
0
0
0
0
0
0
0
1
4736 97
0
0
0
0
0
0
0
0
0
0
0
0
0
0
0
0
0
0
0
0
0
0
0
0
0
0
0
0
0
0
0
0
0
0
0
0
0
0
0
0
0
0
0
0
0
0
0
0
0
0
0
0
0
0
0
0
1
4737 36
0
0
0
0
0
0
0
0
0
0
0
0
0
0
0
0
0
0
0
0
0
0
0
0
0
0
0
0
0
0
0
0
0
0
0
0
0
0
1
4738 220
0
0
0
0
0
0
0
0
0
0
0
0
0
0
0
0
0
0
0
0
0
0
0
0
0
0
0
0
0
0
0
0
0
0
0
0
0
0
0
0
0
0
0
0
0
0
0
0
0
0
0
0
0
0
0
0
0
0
0
0
0
0
0
0
0
0
0
0
0
0
0
0
0
0
0
0
0
0
0
0
0
0
0
0
0
0
0
0
0
0
0
0
0
0
0
0
0
0
0
0
0
0
0
0
0
0
0
0
0
0
0
0
0
0
0
0
0
0
1
4739 182
0
0
0
0
0
0
0
0
0
0
0
0
0
0
0
0
0
0
0
0
0
0
0
0
0
0
0
0
0
0
0
0
0
0
0
0
0
0
0
0
0
0
0
0
0
0
0
0
0
0
0
0
0
0
0
0
0
0
0
0
0
0
0
0
0
0
0
0
0
0
0
0
0
0
0
0
0
0
0
0
0
0
0
0
0
0
0
0
0
0
0
0
0
0
0
0
0
0
0
0
0
0
0
0
0
0
0
0
0
0
0
0
0
0
0
0
0
0
0
0
0
0
0
0
0
0
0
0
0
0
0
0
0
0
0
0
0
0
0
0
0
0
0
0
0
0
0
0
0
0
0
0
0
0
0
0
0
0
0
0
0
0
0
0
0
0
0
0
0
0
0
0
0
0
0
0
0
0
0
0
0
0
0
0
0
0
0
0
0
0
0
0
0
0
0
0
0
0
0
0
0
0
0
0
0
0
0
0
0
0
0
0
0
0
0
0
0
0
0
0
0
0
0
0
0
0
0
0
0
0
0
0
0
0
0
0
0
0
0
0
0
0
0
0
0
0
0
0
0
0
0
0
0
0
0
0
0
0
0
0
0
0
0
0
0
0
0
0
0
0
0
0
0
0
0
0
0
0
0
0
0
0
0
0
0
0
0
0
0
0
0
0
0
0
0
0
0
0
0
0
0
0
0
0
0
0
0
0
0
0
0
0
0
0
0
0
0
0
0
0
0
0
0
0
0
0
0
0
0
0
0
0
0
0
0
0
0
0
0
0
0
0
0
0
0
0
0
0
0
0
0
0
0
0
0
0
0
0
0
0
0
0
0
0
0
0
0
0
0
0
0
0
0
0
0
0
0
0
0
0
0
0
0
0
0
0
0
0
0
0
0
0
0
0
0
0
0
0
0
0
0
0
0
0
0
0
0
0
0
0
0
0
0
0
0
0
0
0
0
0
0
0
0
0
0
0
0
0
0
0
0
0
0
0
0
0
0
0
0
0
0
0
0
0
0
0
0
0
0
0
0
0
0
0
0
0
0
0
0
0
0
0
0
0
0
0
0
0
0
0
0
0
0
0
0
0
0
0
0
0
0
0
0
0
0
0
0
0
0
0
0
0
0
0
0
0
0
0
0
0
0
0
0
0
0
0
0
0
0
0
0
0
0
0
0
0
0
0
0
0
0
0
0
0
0
0
