235 403
191 19 4
44 199 3
50 17 3
76 115 3
114 180 1
6 213 3
180 46 2
72 27 4
100 39 5
28 134 4
2 32 3
148 13 4
72 106 3
201 122 3
133 217 3
216 215 3
92 234 5
186 169 5
192 120 4
64 149 3
22 108 3
142 78 5
55 168 3
47 67 2
23 68 3
122 124 3
129 226 2
26 36 4
103 219 5
222 207 2
167 88 3
83 198 5
223 197 3
127 95 4
125 113 4
171 48 4
224 210 3
12 42 4
105 174 3
40 101 3
208 52 3
175 131 3
154 80 3
203 184 3
35 84 2
219 207 3
203 161 3
79 150 3
67 37 2
40 179 3
20 221 4
82 34 2
139 54 3
231 169 3
158 185 4
221 13 4
3 153 4
51 15 3
25 135 2
69 102 3
81 103 4
101 182 1
141 32 3
58 93 2
214 61 3
15 123 3
213 204 2
116 7 4
77 142 3
222 60 3
123 91 3
96 98 5
58 65 4
31 63 2
81 5 4
156 88 3
68 154 3
45 219 4
120 179 3
186 176 4
155 225 3
195 64 2
93 202 3
27 228 5
218 202 3
53 166 3
105 208 2
210 30 3
220 188 3
104 200 2
174 216 3
126 208 4
87 159 3
118 221 3
191 227 3
231 217 4
119 66 3
98 196 5
158 121 4
18 189 3
131 110 4
144 194 3
16 229 2
66 173 3
44 165 4
65 76 3
109 142 5
228 117 3
231 233 3
39 172 3
38 74 4
222 58 4
75 2 3
24 34 3
20 94 3
99 122 4
76 218 2
110 78 2
31 6 5
38 169 3
105 126 3
78 137 3
125 162 2
233 130 4
228 89 3
224 14 3
134 194 3
54 48 3
9 128 3
9 178 3
30 224 4
50 115 4
211 18 3
167 139 4
177 217 3
34 217 3
201 187 2
57 3 4
112 79 5
127 8 3
185 229 4
50 140 3
1 64 5
70 139 3
146 232 4
16 74 4
196 61 3
98 56 4
225 55 2
120 157 3
231 235 2
216 28 3
11 149 2
143 105 2
147 19 2
80 5 2
175 198 3
17 123 4
69 92 4
155 11 3
214 234 3
151 10 4
173 187 3
106 223 3
221 111 3
26 106 2
57 99 5
74 164 5
23 172 4
137 144 4
225 43 4
38 25 3
132 162 3
72 89 3
88 200 3
180 163 3
141 1 3
234 107 3
95 225 3
54 49 3
163 107 2
189 211 5
160 149 4
29 89 2
75 116 2
203 82 3
167 70 2
214 46 1
227 73 2
169 34 3
138 67 4
157 193 4
195 205 2
76 93 4
130 108 3
152 119 5
16 38 2
158 16 4
104 202 3
146 77 3
102 98 4
42 75 3
152 66 4
214 196 3
141 150 5
194 44 3
140 127 3
218 93 1
91 177 3
90 193 4
147 191 2
163 35 3
161 171 3
1 160 2
166 170 4
118 209 3
71 31 4
132 125 2
174 33 4
150 32 3
41 71 4
117 189 3
171 10 3
166 91 3
52 146 4
92 101 3
33 215 2
178 43 3
188 18 3
197 33 4
90 66 5
223 33 3
178 55 4
216 146 4
111 184 3
150 7 4
88 51 3
45 154 4
56 69 3
87 176 4
143 52 3
109 194 4
230 177 2
42 97 4
8 140 4
58 60 2
163 84 3
62 179 5
156 104 2
74 229 2
141 79 3
53 70 5
224 129 2
164 229 3
212 113 3
108 181 3
205 97 5
111 203 5
129 110 3
29 117 4
59 198 2
181 220 2
21 121 2
159 196 3
4 31 2
96 87 2
160 172 5
193 192 5
22 220 4
2 7 3
226 210 3
14 62 3
116 27 3
136 25 3
86 81 4
48 167 2
95 8 3
131 226 5
128 178 4
65 168 5
82 24 2
53 170 3
222 128 3
180 61 3
116 97 4
4 63 3
156 200 3
210 129 2
39 68 4
209 21 5
195 11 3
12 189 3
187 119 2
205 155 2
59 83 4
77 28 3
164 21 3
17 188 3
195 149 3
75 27 5
12 211 5
61 234 5
223 215 2
182 192 5
119 183 3
86 100 6
164 121 4
6 37 4
190 232 4
206 138 3
109 144 2
124 47 4
49 200 4
230 22 5
35 107 3
114 181 3
96 63 3
182 125 3
13 94 4
80 45 3
8 168 4
137 212 4
153 157 3
159 130 3
190 147 5
9 45 4
96 4 3
29 84 3
184 24 3
15 166 2
235 130 3
137 109 3
206 41 4
126 112 5
207 60 3
213 37 4
162 101 4
44 134 2
26 215 3
94 145 3
60 202 5
19 73 5
201 57 4
152 213 4
211 95 4
143 73 3
148 151 3
51 115 3
103 80 3
139 49 5
143 208 4
183 201 3
151 85 2
235 177 3
40 192 3
206 185 3
190 52 3
36 72 3
14 132 5
138 71 3
165 36 3
46 114 2
37 204 2
134 77 4
136 41 3
184 118 5
145 148 4
183 124 3
175 83 3
112 197 2
113 144 2
176 4 3
153 173 3
90 56 3
9 154 3
26 28 4
199 165 3
10 85 2
212 132 5
53 15 4
233 186 4
82 133 5
183 122 5
47 204 3
102 63 4
171 85 5
135 136 5
133 170 4
212 162 3
199 35 3
232 59 4
23 43 4
209 20 3
190 73 3
100 5 3
111 161 3
228 12 3
30 62 3
11 43 4
230 123 3
147 227 5
187 183 4
16 135 2
10000
0
0
0
0
0
0
0
0
0
0
0
0
0
0
0
0
0
0
0
0
0
0
0
0
0
0
0
0
0
0
0
0
0
0
0
0
0
0
0
0
0
0
0
0
0
0
0
0
0
0
0
0
0
0
0
0
0
0
0
0
0
0
0
0
0
0
0
0
0
0
0
0
0
0
0
0
0
0
0
0
0
0
0
0
0
0
0
0
0
0
0
0
0
0
0
0
0
0
0
0
0
0
0
0
0
0
0
0
0
1
1 157
0
0
0
0
0
0
0
0
0
0
0
0
0
0
0
0
0
0
0
0
0
0
0
0
0
0
0
0
0
0
0
1
2 72
0
0
0
0
0
0
0
0
0
0
0
0
0
0
0
0
0
0
0
0
0
0
0
1
3 18
0
0
0
0
0
0
0
0
0
0
0
0
0
0
0
0
0
0
0
0
0
0
0
0
1
4 62
0
0
0
0
0
0
0
0
0
0
0
0
0
0
0
0
0
0
0
0
0
0
0
0
0
0
0
0
1
5 231
0
0
0
1
6 105
1
7 52
0
0
0
1
8 19
0
0
0
0
0
0
1
9 223
0
0
0
0
0
0
0
0
0
0
0
0
0
0
0
0
0
0
0
0
0
0
0
0
0
0
0
0
0
0
0
0
0
0
0
0
0
0
1
10 56
1
11 225
0
0
0
0
0
0
0
0
0
0
0
1
12 69
0
0
0
0
0
0
0
0
0
0
0
0
0
0
0
0
0
0
0
0
0
0
0
0
0
0
0
0
0
0
1
13 167
0
0
0
0
0
0
0
0
1
14 84
0
0
0
0
0
0
0
0
0
0
0
0
0
0
0
0
0
0
0
0
0
0
0
0
0
0
0
0
0
0
0
0
1
15 143
0
0
0
0
0
0
1
16 95
0
1
17 191
1
18 66
0
0
0
0
0
0
0
0
0
1
19 224
0
1
20 159
0
0
0
0
0
0
1
21 232
0
0
0
0
1
22 150
0
1
23 77
0
0
0
0
0
0
0
0
0
0
0
0
0
0
0
0
0
0
0
0
0
0
0
0
0
0
1
24 116
0
0
0
0
0
0
0
0
0
0
0
0
0
0
0
0
0
1
25 37
0
0
0
0
0
0
0
1
26 216
0
0
1
27 40
0
0
0
0
0
0
0
0
0
0
0
0
0
0
0
0
0
0
0
0
0
1
28 84
0
0
0
0
0
0
0
0
1
29 15
0
0
0
0
0
0
0
0
0
0
0
0
0
0
0
0
0
1
30 182
0
0
0
0
0
0
0
0
0
1
31 235
0
0
0
0
0
0
0
0
1
32 114
0
0
1
33 8
0
0
1
34 76
0
0
0
0
0
0
0
0
0
0
1
35 53
0
0
0
0
0
0
0
0
0
0
0
0
0
0
0
0
1
36 25
1
37 26
0
0
0
0
0
0
0
0
1
38 215
0
0
0
0
0
0
0
0
0
0
0
0
0
0
0
1
39 209
0
0
0
0
0
1
40 89
0
0
0
0
0
0
0
0
0
1
41 167
0
0
0
0
0
0
0
0
0
0
0
0
0
0
0
0
0
0
0
0
0
0
0
0
0
0
1
42 29
1
43 15
0
0
0
1
44 179
0
0
0
0
0
0
0
0
0
1
45 109
0
0
0
0
0
0
0
0
0
0
0
0
0
0
0
1
46 40
0
0
0
1
47 142
0
0
0
0
0
1
48 178
0
0
0
0
1
49 235
0
0
0
0
0
0
1
50 12
0
0
0
1
51 172
0
0
0
0
1
52 48
0
1
53 150
0
0
0
0
0
0
0
0
1
54 14
0
0
0
0
0
1
55 210
1
56 234
0
0
0
0
0
0
0
0
0
0
0
0
0
0
0
0
0
0
0
0
0
0
1
57 158
0
0
0
0
0
1
58 14
0
0
1
59 122
1
60 172
0
1
61 144
0
0
0
0
0
1
62 174
0
0
0
0
0
0
0
0
0
0
0
1
63 68
0
0
0
1
64 73
0
0
1
65 6
0
0
0
0
0
0
0
1
66 180
0
0
0
1
67 16
0
0
0
0
0
1
68 25
0
0
0
0
0
1
69 159
0
0
0
0
0
0
0
0
1
70 156
0
0
1
71 189
0
1
72 40
0
0
1
73 137
0
0
0
0
0
0
0
0
0
0
0
0
1
74 97
1
75 188
0
0
0
1
76 89
0
0
0
0
0
0
1
77 82
0
0
0
0
0
0
0
0
0
0
0
0
1
78 112
0
0
0
0
0
0
0
0
1
79 80
0
1
80 112
0
0
0
1
81 178
0
0
1
82 104
0
0
0
0
0
0
0
0
1
83 19
0
1
84 58
0
0
0
0
0
0
0
0
0
0
0
0
0
0
0
0
0
0
0
0
0
0
0
0
0
1
85 209
1
86 194
0
0
0
0
0
0
1
87 232
0
0
0
0
1
88 102
0
1
89 18
0
0
0
0
0
0
0
0
0
1
90 152
0
0
0
1
91 73
0
0
0
0
0
0
0
0
1
92 158
0
0
0
0
0
0
0
0
0
1
93 95
1
94 42
0
0
0
0
0
0
0
0
0
0
0
0
0
0
0
0
0
0
1
95 95
0
1
96 17
1
97 201
0
1
98 201
0
0
0
1
99 179
0
0
0
0
0
1
100 135
0
0
0
0
0
0
0
0
0
0
0
0
0
0
1
101 27
0
0
1
102 96
0
0
0
0
0
0
0
0
0
0
1
103 158
1
104 138
0
0
0
0
0
0
0
0
0
1
105 187
0
0
0
1
106 169
0
0
0
0
1
107 142
0
0
0
0
0
0
0
0
0
1
108 153
0
0
0
0
1
109 201
0
0
1
110 148
0
0
0
0
0
1
111 20
0
0
0
1
112 132
0
1
113 154
0
1
114 38
0
1
115 46
0
0
0
0
1
116 132
0
0
0
0
0
0
0
0
0
0
0
1
117 38
0
0
1
118 55
0
0
0
0
0
1
119 221
0
0
1
120 72
0
0
0
0
0
0
0
1
121 178
1
122 69
0
1
123 106
1
124 93
0
0
0
0
0
0
0
0
0
1
125 114
0
1
126 63
1
127 61
0
0
1
128 170
1
129 22
0
0
0
0
0
0
0
0
0
0
0
0
0
0
0
1
130 22
0
0
0
1
131 223
0
0
0
1
132 89
0
1
133 87
1
134 183
0
0
0
1
135 225
0
0
0
1
136 169
0
0
1
137 181
0
1
138 127
0
0
0
0
1
139 141
0
0
0
0
0
0
0
0
0
0
0
0
1
140 106
0
0
0
0
1
141 216
0
0
0
0
0
0
0
0
0
0
0
1
142 30
0
0
0
0
0
0
0
0
0
0
0
0
1
143 103
0
0
0
1
144 219
0
0
1
145 18
0
0
0
1
146 17
1
147 219
0
1
148 234
0
0
0
0
0
0
1
149 4
0
0
0
0
0
1
150 210
0
0
0
0
1
151 16
0
0
1
152 181
0
1
153 230
0
0
1
154 78
0
0
0
0
0
0
0
0
0
0
1
155 85
0
1
156 160
0
0
1
157 94
1
158 121
0
0
1
159 98
0
0
0
0
0
0
0
0
0
0
0
0
0
1
160 226
0
1
161 230
0
0
0
1
162 201
1
163 12
1
164 233
0
0
0
1
165 184
0
0
0
0
0
0
1
166 208
0
0
1
167 119
0
0
0
1
168 145
0
1
169 2
0
0
0
1
170 71
0
0
0
0
0
0
0
1
171 54
0
0
0
0
0
0
0
1
172 72
0
0
0
1
173 227
0
0
0
0
0
0
0
1
174 50
0
1
175 15
1
176 189
0
0
0
0
0
1
177 168
1
178 221
0
0
1
179 214
0
0
0
1
180 75
0
0
0
0
0
1
181 65
0
1
182 152
0
1
183 158
1
184 224
1
185 233
0
0
0
0
0
1
186 63
0
0
0
0
1
187 2
0
0
1
188 229
1
189 27
0
1
190 178
0
0
0
0
0
1
191 122
0
1
192 106
0
0
0
0
0
0
0
0
1
193 43
0
1
194 155
0
0
0
0
1
195 102
0
1
196 125
1
197 181
1
198 205
1
199 22
0
0
0
1
200 201
1
201 173
1
202 97
0
0
1
203 4
1
204 140
0
0
0
1
205 116
1
206 194
0
1
207 30
1
208 78
0
0
0
1
209 112
0
0
0
0
0
0
0
0
0
0
0
0
0
0
0
1
210 43
0
0
0
0
0
0
1
211 137
0
1
212 9
0
1
213 113
0
1
214 213
0
0
1
215 220
0
1
216 231
0
0
0
1
217 75
0
0
0
0
0
1
218 22
0
1
219 201
0
1
220 18
0
0
0
1
221 138
0
1
222 63
0
0
0
0
1
223 17
0
0
0
1
224 228
0
0
0
1
225 220
0
0
1
226 49
0
0
0
0
0
0
1
227 212
1
228 142
0
0
0
0
1
229 94
0
0
0
0
0
0
0
1
230 70
0
1
231 181
0
1
232 45
1
233 173
1
234 169
0
0
0
0
0
0
0
1
235 106
0
0
1
236 31
1
237 161
1
238 17
0
0
0
0
0
0
1
239 151
0
0
0
0
1
240 125
0
0
1
241 55
1
242 230
0
0
1
243 127
0
0
0
0
0
1
244 53
1
245 68
1
246 56
1
247 205
0
0
1
248 146
0
0
0
0
0
0
0
0
1
249 116
0
0
1
250 66
0
0
0
0
0
0
0
1
251 211
0
1
252 156
0
0
1
253 7
0
0
0
0
0
1
254 144
0
0
0
0
1
255 3
0
1
256 222
0
0
0
1
257 92
0
1
258 7
0
0
0
1
259 19
0
1
260 56
0
1
261 232
0
0
1
262 165
0
0
0
0
1
263 208
0
0
0
0
0
0
1
264 140
0
0
0
0
1
265 8
0
0
0
1
266 115
0
0
1
267 123
0
0
0
0
0
0
0
1
268 34
0
0
0
0
0
0
0
1
269 115
0
0
0
1
270 111
0
0
1
271 233
0
1
272 29
0
1
273 11
0
0
0
0
0
1
274 179
0
1
275 18
1
276 217
0
0
0
0
0
0
0
0
1
277 180
0
1
278 61
0
0
1
279 87
0
1
280 113
0
1
281 45
0
0
0
1
282 44
1
283 146
1
284 157
1
285 86
0
0
1
286 74
0
0
0
0
0
0
0
0
1
287 163
0
0
1
288 6
1
289 52
0
0
0
0
0
0
0
0
0
1
290 6
0
0
0
1
291 142
0
1
292 54
1
293 227
1
294 101
1
295 12
0
0
0
0
0
1
296 231
0
1
297 209
1
298 27
0
0
0
0
1
299 2
0
0
0
1
300 230
1
301 226
0
1
302 118
0
0
0
1
303 146
0
1
304 84
0
0
0
1
305 132
0
0
1
306 135
1
307 187
0
1
308 36
1
309 136
0
0
0
0
0
1
310 75
1
311 22
1
312 105
1
313 140
0
0
1
314 13
1
315 220
1
316 4
0
0
1
317 62
0
0
0
0
0
0
0
1
318 172
1
319 99
1
320 171
0
0
0
1
321 168
0
1
322 18
0
1
323 4
0
1
324 38
0
0
0
0
0
1
325 114
1
326 8
1
327 7
0
0
1
328 63
1
329 64
0
1
330 214
1
331 46
0
0
1
332 84
0
0
0
1
333 231
0
0
0
1
334 123
1
335 123
0
0
0
1
336 134
1
337 55
0
0
0
1
338 171
0
0
1
339 163
0
0
0
0
0
0
0
0
1
340 180
0
0
1
341 200
0
1
342 224
1
343 64
0
0
1
344 196
1
345 224
1
346 17
0
0
0
1
347 202
0
0
0
0
1
348 46
0
1
349 158
1
350 224
0
0
0
1
351 80
1
352 124
0
1
353 207
0
0
0
0
0
1
354 190
0
0
0
0
0
0
1
355 116
1
356 210
1
357 176
1
358 211
0
0
1
359 216
0
1
360 83
1
361 187
0
1
362 5
0
0
0
0
0
0
1
363 140
1
364 195
1
365 45
0
0
0
1
366 34
0
0
0
1
367 146
1
368 42
0
0
1
369 39
0
1
370 177
1
371 178
0
0
0
1
372 104
0
0
1
373 60
0
0
1
374 137
1
375 198
0
1
376 57
1
377 14
0
0
0
0
0
0
1
378 144
1
379 231
1
380 102
0
1
381 139
1
382 84
0
0
1
383 31
1
384 135
1
385 12
0
0
0
1
386 21
1
387 116
0
1
388 181
0
0
0
1
389 111
0
0
1
390 58
0
0
0
1
391 204
0
0
0
1
392 139
0
1
393 56
1
394 218
0
1
395 76
0
0
1
396 191
0
0
1
397 54
1
398 134
0
0
0
1
399 228
1
400 218
1
401 69
0
0
0
1
402 83
0
0
0
0
0
1
403 141
0
0
0
0
0
0
0
0
0
0
0
0
0
1
404 89
0
1
405 139
0
0
0
1
406 133
1
407 153
0
1
408 223
0
0
0
0
0
1
409 93
0
1
410 114
0
0
0
1
411 207
1
412 142
0
1
413 220
0
1
414 142
0
0
1
415 116
0
0
0
0
0
1
416 215
1
417 128
0
0
1
418 116
0
0
0
0
0
0
0
0
0
0
0
0
1
419 25
0
0
0
0
1
420 189
0
1
421 113
0
0
0
0
0
0
0
1
422 115
1
423 27
0
0
0
1
424 72
1
425 140
0
0
1
426 88
0
0
1
427 127
0
0
1
428 206
0
0
1
429 117
0
0
1
430 121
1
431 15
1
432 97
1
433 86
0
1
434 117
1
435 199
1
436 62
0
1
437 63
0
0
1
438 34
0
1
439 68
0
0
0
0
1
440 202
1
441 84
1
442 210
1
443 123
0
0
0
0
1
444 173
1
445 66
1
446 8
1
447 210
0
0
1
448 106
0
0
1
449 117
1
450 62
1
451 187
1
452 70
0
1
453 84
1
454 166
0
1
455 127
0
1
456 192
0
1
457 36
0
1
458 64
0
0
1
459 87
1
460 16
1
461 74
1
462 226
1
463 22
0
0
1
464 220
0
1
465 184
1
466 2
1
467 30
1
468 145
1
469 76
0
0
0
1
470 36
0
1
471 90
0
1
472 170
0
1
473 174
0
0
1
474 11
0
0
0
0
0
0
0
1
475 34
0
0
0
1
476 195
1
477 43
1
478 65
0
0
1
479 136
0
0
1
480 5
1
481 183
0
0
0
1
482 4
0
1
483 18
0
0
0
1
484 145
0
0
1
485 129
0
0
1
486 123
0
0
0
1
487 233
0
0
0
1
488 50
0
1
489 96
0
0
0
0
1
490 76
0
1
491 203
1
492 111
0
1
493 129
0
0
0
0
1
494 13
1
495 29
1
496 146
1
497 6
1
498 58
0
0
0
0
0
0
1
499 159
0
1
500 59
0
1
501 55
1
502 208
0
1
503 189
1
504 114
0
0
1
505 214
0
0
1
506 134
0
0
0
0
0
1
507 28
0
0
0
0
1
508 72
0
0
0
1
509 73
1
510 158
1
511 10
0
0
0
0
0
1
512 231
1
513 85
0
0
1
514 214
1
515 4
0
1
516 214
1
517 117
0
0
0
0
1
518 132
0
1
519 189
1
520 172
1
521 91
1
522 106
0
1
523 31
1
524 12
0
0
1
525 39
1
526 229
0
0
1
527 195
0
1
528 155
0
1
529 111
0
0
1
530 124
0
0
1
531 75
0
0
1
532 78
1
533 106
0
0
0
0
1
534 89
0
1
535 11
1
536 62
0
1
537 9
0
0
1
538 197
0
1
539 63
1
540 166
1
541 81
0
1
542 82
0
1
543 176
0
1
544 39
0
0
1
545 126
0
1
546 111
1
547 140
0
0
0
0
0
1
548 73
0
0
1
549 92
0
1
550 35
1
551 7
0
0
1
552 211
1
553 34
1
554 104
0
0
1
555 41
0
0
1
556 63
1
557 220
1
558 208
0
1
559 77
0
0
1
560 93
1
561 12
0
0
1
562 159
1
563 232
1
564 130
0
0
0
1
565 22
1
566 222
1
567 159
0
1
568 167
0
0
1
569 214
1
570 233
0
1
571 9
0
0
0
0
1
572 78
1
573 27
0
0
1
574 129
0
1
575 35
0
0
0
1
576 17
0
1
577 23
1
578 208
1
579 106
1
580 200
1
581 139
0
0
1
582 133
0
0
0
1
583 235
1
584 145
0
1
585 136
1
586 197
1
587 111
1
588 199
1
589 90
0
0
1
590 104
0
1
591 173
0
1
592 169
0
0
0
1
593 185
1
594 47
1
595 131
1
596 162
0
0
1
597 30
0
0
1
598 31
1
599 133
1
600 85
1
601 79
0
1
602 186
0
1
603 90
1
604 23
1
605 223
0
0
1
606 230
1
607 108
1
608 192
0
1
609 95
0
0
0
1
610 62
1
611 192
1
612 35
1
613 150
0
0
1
614 141
0
1
615 43
0
1
616 122
1
617 3
0
1
618 101
1
619 4
1
620 132
0
1
621 88
1
622 74
0
0
0
1
623 213
1
624 207
1
625 180
0
0
0
1
626 188
1
627 18
0
1
628 91
0
1
629 135
1
630 43
0
0
1
631 87
1
632 125
1
633 228
0
0
1
634 80
0
1
635 170
0
0
1
636 136
0
0
1
637 57
1
638 222
0
1
639 89
0
0
1
640 27
0
0
0
1
641 5
0
1
642 103
1
643 179
1
644 122
1
645 59
0
0
0
1
646 230
1
647 67
0
0
0
1
648 95
0
1
649 163
1
650 74
1
651 227
0
0
0
0
1
652 125
0
1
653 126
1
654 197
0
1
655 40
1
656 11
0
1
657 228
1
658 156
1
659 176
0
0
1
660 15
0
0
0
0
0
1
661 157
0
0
0
0
1
662 198
1
663 205
0
1
664 127
0
1
665 141
0
0
1
666 101
1
667 220
1
668 189
0
1
669 130
1
670 155
0
1
671 11
0
1
672 11
0
0
0
0
1
673 76
0
0
0
0
0
1
674 42
1
675 204
1
676 201
0
1
677 214
0
0
1
678 116
1
679 120
0
0
1
680 51
1
681 30
0
0
1
682 108
1
683 208
0
0
1
684 228
0
0
0
0
0
0
0
0
1
685 87
0
1
686 163
1
687 29
1
688 172
1
689 18
1
690 126
1
691 54
1
692 83
1
693 206
1
694 56
0
1
695 53
0
0
0
1
696 205
1
697 140
0
0
0
1
698 158
1
699 33
1
700 21
1
701 85
0
1
702 198
0
1
703 18
1
704 73
1
705 75
0
1
706 92
1
707 29
0
0
1
708 77
0
0
0
0
1
709 95
0
0
1
710 33
0
0
1
711 10
0
0
1
712 122
0
1
713 106
0
1
714 141
0
0
1
715 205
1
716 17
1
717 30
0
0
1
718 45
1
719 207
1
720 39
0
0
1
721 72
1
722 220
0
1
723 190
1
724 136
0
1
725 115
1
726 110
0
0
0
0
0
1
727 217
0
0
1
728 227
0
1
729 216
1
730 214
1
731 30
1
732 98
0
1
733 163
1
734 72
1
735 100
1
736 71
1
737 121
0
0
0
1
738 125
0
0
0
1
739 45
0
1
740 45
0
0
1
741 182
1
742 173
1
743 146
1
744 59
1
745 6
0
0
1
746 17
1
747 121
0
1
748 229
1
749 156
1
750 230
0
1
751 85
1
752 27
1
753 123
1
754 107
1
755 10
0
1
756 103
1
757 208
1
758 77
1
759 225
1
760 189
0
1
761 71
0
0
0
0
1
762 12
0
1
763 86
1
764 56
1
765 101
0
0
1
766 159
1
767 156
0
0
0
1
768 75
0
0
1
769 108
1
770 152
0
1
771 207
1
772 148
1
773 58
1
774 229
0
1
775 104
0
0
1
776 196
1
777 93
0
1
778 106
0
1
779 105
0
0
0
1
780 230
1
781 29
1
782 34
0
0
1
783 225
0
1
784 125
1
785 194
0
1
786 216
1
787 22
0
0
0
0
1
788 198
1
789 165
1
790 89
0
1
791 57
1
792 2
0
1
793 223
0
0
1
794 201
1
795 216
1
796 51
1
797 209
1
798 95
0
1
799 68
1
800 102
1
801 47
1
802 31
1
803 93
1
804 194
0
0
0
0
1
805 12
0
0
0
0
1
806 138
1
807 63
1
808 57
1
809 211
1
810 24
0
1
811 157
0
1
812 70
1
813 63
1
814 87
1
815 164
1
816 42
0
0
0
0
1
817 231
0
1
818 68
1
819 232
1
820 230
0
0
1
821 218
1
822 229
1
823 227
1
824 106
0
1
825 60
0
0
0
0
0
0
1
826 235
0
0
1
827 36
1
828 203
0
1
829 71
1
830 233
0
0
0
1
831 82
0
1
832 110
0
0
1
833 189
0
1
834 116
0
0
0
0
0
1
835 230
0
1
836 138
1
837 212
1
838 149
0
0
0
0
0
0
1
839 181
1
840 147
1
841 122
1
842 87
0
1
843 212
1
844 152
1
845 214
1
846 81
0
1
847 7
1
848 9
1
849 58
1
850 106
1
851 232
0
1
852 51
0
1
853 174
1
854 218
0
1
855 63
0
0
1
856 176
0
1
857 90
0
0
1
858 104
1
859 185
0
0
1
860 180
1
861 163
0
1
862 152
0
0
0
0
1
863 230
1
864 114
1
865 213
0
1
866 52
1
867 116
0
1
868 153
1
869 74
0
0
1
870 99
1
871 186
1
872 53
0
0
1
873 100
1
874 169
0
1
875 87
1
876 213
1
877 38
0
1
878 99
1
879 17
0
1
880 100
0
0
1
881 129
0
1
882 35
1
883 175
0
0
1
884 9
1
885 25
1
886 179
1
887 176
0
1
888 47
1
889 170
1
890 214
1
891 164
1
892 108
0
1
893 9
1
894 44
0
0
0
0
0
0
1
895 188
0
1
896 26
0
1
897 184
0
1
898 110
0
1
899 62
1
900 143
1
901 220
0
0
0
1
902 195
0
0
0
0
1
903 112
0
1
904 55
0
1
905 118
1
906 116
1
907 40
0
0
1
908 154
1
909 36
0
1
910 123
1
911 79
0
1
912 89
0
0
0
1
913 21
0
1
914 37
1
915 3
1
916 57
1
917 166
1
918 165
0
1
919 118
0
1
920 195
1
921 133
0
1
922 117
1
923 83
1
924 178
1
925 133
1
926 162
0
0
1
927 146
0
1
928 5
1
929 146
1
930 188
0
0
1
931 205
1
932 182
1
933 135
1
934 185
1
935 158
0
1
936 215
1
937 189
1
938 100
1
939 53
1
940 13
0
0
1
941 86
0
1
942 55
0
0
1
943 33
0
1
944 3
1
945 93
0
0
0
1
946 191
1
947 87
1
948 38
1
949 211
1
950 191
0
1
951 177
0
1
952 165
0
1
953 205
1
954 12
1
955 172
1
956 165
0
0
1
957 114
1
958 5
0
0
0
1
959 128
1
960 160
1
961 206
0
0
0
1
962 230
1
963 42
1
964 144
1
965 97
0
0
0
0
0
1
966 96
0
0
1
967 70
1
968 84
1
969 72
1
970 25
1
971 51
0
1
972 186
1
973 65
0
1
974 89
1
975 156
1
976 58
1
977 224
1
978 166
0
0
0
0
0
1
979 183
1
980 97
1
981 159
1
982 90
0
1
983 221
0
0
0
1
984 189
1
985 185
1
986 133
0
0
1
987 169
1
988 128
0
0
0
0
1
989 100
1
990 194
1
991 87
1
992 96
1
993 46
1
994 192
1
995 95
0
1
996 22
0
1
997 31
0
1
998 228
1
999 181
1
1000 224
1
1001 34
1
1002 162
1
1003 32
1
1004 127
0
0
0
1
1005 87
1
1006 70
0
0
0
1
1007 224
1
1008 33
1
1009 34
0
1
1010 90
0
1
1011 62
1
1012 97
1
1013 47
0
1
1014 225
1
1015 163
1
1016 81
1
1017 196
1
1018 2
0
1
1019 15
0
1
1020 29
1
1021 111
0
0
1
1022 15
1
1023 94
1
1024 95
0
1
1025 40
1
1026 65
1
1027 23
0
0
1
1028 211
1
1029 29
1
1030 138
1
1031 28
1
1032 184
0
0
1
1033 187
1
1034 151
1
1035 89
1
1036 105
1
1037 159
0
0
1
1038 25
0
1
1039 127
1
1040 16
0
1
1041 22
1
1042 91
0
0
1
1043 206
0
1
1044 21
1
1045 173
1
1046 97
1
1047 31
0
1
1048 206
1
1049 138
1
1050 64
0
1
1051 102
1
1052 214
0
1
1053 50
0
1
1054 44
1
1055 126
1
1056 155
1
1057 140
1
1058 171
0
0
1
1059 94
1
1060 61
1
1061 114
0
1
1062 220
0
0
1
1063 7
0
0
0
0
1
1064 2
1
1065 42
1
1066 216
1
1067 107
1
1068 123
1
1069 229
1
1070 40
0
1
1071 220
1
1072 74
0
1
1073 211
0
1
1074 45
1
1075 135
1
1076 151
1
1077 214
1
1078 5
1
1079 46
0
1
1080 225
0
1
1081 228
0
1
1082 73
1
1083 89
0
0
1
1084 61
0
0
1
1085 86
1
1086 33
1
1087 190
1
1088 48
0
0
1
1089 2
1
1090 55
0
0
0
1
1091 145
1
1092 155
1
1093 141
0
1
1094 150
1
1095 218
1
1096 164
1
1097 140
0
0
0
0
0
1
1098 210
0
0
0
1
1099 129
1
1100 151
1
1101 209
1
1102 178
1
1103 95
0
1
1104 150
1
1105 15
1
1106 189
1
1107 133
1
1108 69
0
0
1
1109 105
1
1110 54
1
1111 10
1
1112 151
1
1113 116
0
1
1114 166
1
1115 167
1
1116 101
1
1117 77
1
1118 67
1
1119 219
1
1120 125
1
1121 193
1
1122 17
1
1123 154
0
0
0
0
1
1124 10
1
1125 12
0
1
1126 225
0
1
1127 214
1
1128 108
1
1129 75
0
1
1130 200
0
1
1131 153
0
1
1132 9
1
1133 188
1
1134 188
1
1135 177
1
1136 52
0
1
1137 29
0
1
1138 57
1
1139 199
1
1140 146
1
1141 222
1
1142 127
1
1143 7
1
1144 76
0
0
1
1145 198
1
1146 36
0
0
1
1147 101
1
1148 141
0
1
1149 208
1
1150 9
1
1151 181
1
1152 233
1
1153 76
1
1154 42
1
1155 180
0
1
1156 174
1
1157 99
1
1158 6
0
0
0
1
1159 225
1
1160 208
1
1161 75
1
1162 166
0
1
1163 233
1
1164 41
1
1165 96
1
1166 200
1
1167 22
0
1
1168 205
0
1
1169 147
1
1170 122
1
1171 155
1
1172 170
0
1
1173 190
1
1174 165
1
1175 72
0
0
0
1
1176 149
1
1177 116
1
1178 3
0
1
1179 64
1
1180 190
1
1181 134
0
1
1182 53
1
1183 61
1
1184 220
1
1185 86
1
1186 212
1
1187 117
0
1
1188 222
1
1189 166
1
1190 171
1
1191 215
1
1192 136
0
0
0
1
1193 186
0
1
1194 67
1
1195 192
1
1196 199
1
1197 85
1
1198 88
0
1
1199 8
1
1200 19
0
1
1201 90
1
1202 150
1
1203 202
1
1204 59
1
1205 116
1
1206 62
0
0
1
1207 22
1
1208 180
1
1209 117
1
1210 59
1
1211 90
1
1212 54
1
1213 105
0
1
1214 145
0
1
1215 114
1
1216 234
1
1217 98
1
1218 114
0
0
1
1219 190
1
1220 138
0
1
1221 189
1
1222 2
1
1223 97
1
1224 183
1
1225 179
0
1
1226 158
1
1227 19
1
1228 212
1
1229 71
0
0
1
1230 220
1
1231 185
0
1
1232 66
1
1233 45
1
1234 197
1
1235 13
1
1236 9
1
1237 90
0
1
1238 40
1
1239 9
0
1
1240 176
1
1241 75
1
1242 121
1
1243 88
1
1244 181
0
1
1245 159
1
1246 234
1
1247 80
0
0
1
1248 8
1
1249 144
1
1250 155
1
1251 17
0
0
0
0
1
1252 31
1
1253 16
1
1254 80
1
1255 176
1
1256 143
1
1257 146
1
1258 114
0
0
1
1259 120
0
0
1
1260 17
1
1261 70
0
0
1
1262 43
1
1263 159
1
1264 70
0
0
0
1
1265 95
1
1266 71
1
1267 47
1
1268 194
1
1269 30
0
1
1270 77
1
1271 59
1
1272 5
1
1273 124
1
1274 83
0
1
1275 163
1
1276 37
0
0
0
0
0
1
1277 16
1
1278 61
0
1
1279 38
0
1
1280 155
0
0
1
1281 218
0
1
1282 171
0
1
1283 229
1
1284 113
1
1285 72
1
1286 59
0
1
1287 202
1
1288 232
1
1289 26
1
1290 227
0
1
1291 90
1
1292 22
0
0
1
1293 120
1
1294 124
1
1295 230
0
1
1296 10
1
1297 72
1
1298 170
0
0
1
1299 66
0
0
1
1300 195
1
1301 230
1
1302 194
1
1303 66
1
1304 149
1
1305 17
1
1306 156
1
1307 126
1
1308 81
1
1309 30
1
1310 199
1
1311 208
1
1312 167
1
1313 11
1
1314 170
1
1315 20
1
1316 58
1
1317 163
1
1318 184
1
1319 2
1
1320 184
1
1321 152
1
1322 33
1
1323 40
0
0
1
1324 102
1
1325 25
1
1326 179
1
1327 22
1
1328 16
1
1329 44
0
1
1330 44
0
1
1331 119
0
1
1332 86
1
1333 105
1
1334 155
0
0
1
1335 211
1
1336 180
0
1
1337 224
1
1338 207
0
1
1339 63
0
0
1
1340 141
1
1341 134
0
1
1342 72
1
1343 27
1
1344 234
1
1345 171
1
1346 77
0
1
1347 40
1
1348 20
1
1349 3
0
1
1350 130
1
1351 108
1
1352 114
1
1353 157
1
1354 97
1
1355 163
1
1356 159
1
1357 122
1
1358 143
1
1359 130
1
1360 210
1
1361 214
1
1362 100
0
1
1363 118
1
1364 65
1
1365 199
1
1366 33
1
1367 228
1
1368 180
1
1369 122
1
1370 131
0
0
1
1371 59
1
1372 166
1
1373 218
1
1374 224
1
1375 73
1
1376 80
0
1
1377 5
1
1378 42
1
1379 220
0
1
1380 75
1
1381 131
1
1382 184
1
1383 125
1
1384 187
1
1385 38
1
1386 75
1
1387 42
1
1388 63
1
1389 49
1
1390 194
0
1
1391 77
1
1392 36
1
1393 34
1
1394 86
1
1395 44
1
1396 73
1
1397 58
1
1398 148
1
1399 142
1
1400 123
1
1401 110
1
1402 8
1
1403 52
1
1404 129
1
1405 35
1
1406 196
1
1407 164
1
1408 144
1
1409 104
1
1410 189
1
1411 59
1
1412 152
1
1413 92
1
1414 67
1
1415 134
1
1416 171
0
0
0
1
1417 27
1
1418 199
0
0
1
1419 159
0
1
1420 141
0
1
1421 139
1
1422 115
1
1423 217
0
1
1424 113
1
1425 69
1
1426 94
1
1427 76
1
1428 23
1
1429 156
1
1430 229
1
1431 225
1
1432 225
0
0
0
1
1433 97
1
1434 178
1
1435 71
1
1436 187
1
1437 62
1
1438 37
1
1439 164
1
1440 17
1
1441 24
0
1
1442 2
1
1443 161
1
1444 72
1
1445 147
1
1446 133
0
1
1447 28
1
1448 28
1
1449 120
1
1450 28
1
1451 13
1
1452 10
1
1453 134
1
1454 130
0
1
1455 105
1
1456 200
1
1457 17
1
1458 12
0
1
1459 96
0
0
1
1460 22
0
1
1461 29
1
1462 116
1
1463 185
0
0
1
1464 159
0
0
1
1465 141
1
1466 121
1
1467 166
1
1468 8
1
1469 23
1
1470 116
1
1471 211
1
1472 185
1
1473 18
1
1474 143
1
1475 206
1
1476 87
1
1477 205
1
1478 9
1
1479 101
1
1480 45
1
1481 172
1
1482 140
1
1483 228
1
1484 71
1
1485 9
1
1486 96
1
1487 174
1
1488 149
1
1489 147
1
1490 113
1
1491 39
0
1
1492 207
1
1493 157
1
1494 22
1
1495 116
1
1496 145
0
1
1497 106
0
1
1498 214
1
1499 180
1
1500 210
0
1
1501 61
1
1502 95
1
1503 90
1
1504 193
1
1505 227
1
1506 193
1
1507 104
1
1508 188
1
1509 26
0
1
1510 116
1
1511 150
1
1512 15
1
1513 68
0
1
1514 109
1
1515 46
1
1516 16
1
1517 192
1
1518 18
1
1519 45
1
1520 33
1
1521 84
1
1522 184
1
1523 180
1
1524 8
1
1525 7
0
1
1526 100
0
0
1
1527 5
0
0
0
1
1528 85
1
1529 225
1
1530 119
1
1531 66
1
1532 31
0
0
1
1533 84
1
1534 93
1
1535 138
0
1
1536 95
1
1537 117
1
1538 148
1
1539 108
1
1540 115
0
1
1541 42
0
1
1542 230
1
1543 232
1
1544 63
1
1545 38
1
1546 177
0
1
1547 180
1
1548 191
0
0
1
1549 57
1
1550 15
1
1551 46
1
1552 228
1
1553 27
1
1554 79
1
1555 105
1
1556 147
0
1
1557 79
0
0
1
1558 214
1
1559 131
0
1
1560 116
1
1561 168
1
1562 76
1
1563 147
1
1564 140
1
1565 187
0
1
1566 5
1
1567 118
1
1568 160
1
1569 83
1
1570 85
1
1571 37
1
1572 153
1
1573 12
1
1574 232
1
1575 147
1
1576 199
1
1577 64
1
1578 14
0
1
1579 18
1
1580 190
1
1581 69
1
1582 15
1
1583 203
0
1
1584 199
0
1
1585 178
0
1
1586 85
0
1
1587 126
1
1588 108
0
1
1589 13
1
1590 57
0
1
1591 26
1
1592 104
1
1593 128
0
1
1594 77
1
1595 159
1
1596 154
1
1597 175
1
1598 125
0
1
1599 216
1
1600 230
1
1601 40
1
1602 121
1
1603 9
1
1604 12
1
1605 211
1
1606 200
0
1
1607 161
1
1608 212
0
1
1609 108
1
1610 199
1
1611 194
1
1612 114
1
1613 205
1
1614 132
0
1
1615 30
1
1616 207
1
1617 109
1
1618 51
1
1619 12
1
1620 139
1
1621 191
1
1622 113
1
1623 228
0
0
1
1624 186
1
1625 131
1
1626 189
1
1627 136
1
1628 159
1
1629 212
0
0
0
1
1630 232
1
1631 65
1
1632 181
1
1633 145
1
1634 213
1
1635 131
1
1636 103
1
1637 59
0
1
1638 169
1
1639 65
0
1
1640 18
1
1641 225
1
1642 172
0
1
1643 121
1
1644 27
1
1645 89
1
1646 116
1
1647 23
1
1648 212
1
1649 65
1
1650 135
0
1
1651 203
1
1652 53
1
1653 170
0
1
1654 220
0
1
1655 151
1
1656 114
1
1657 170
1
1658 98
1
1659 214
1
1660 88
1
1661 54
1
1662 181
0
1
1663 50
1
1664 213
0
1
1665 200
1
1666 86
0
1
1667 140
1
1668 80
1
1669 157
1
1670 77
1
1671 90
1
1672 68
0
1
1673 85
1
1674 181
1
1675 218
0
1
1676 132
1
1677 91
1
1678 139
1
1679 176
1
1680 73
0
0
1
1681 127
1
1682 12
0
1
1683 232
1
1684 149
1
1685 43
1
1686 164
1
1687 156
1
1688 116
1
1689 114
1
1690 105
1
1691 187
1
1692 55
1
1693 82
1
1694 139
1
1695 154
1
1696 235
1
1697 79
1
1698 80
1
1699 192
1
1700 129
1
1701 66
1
1702 101
0
1
1703 230
1
1704 15
1
1705 211
1
1706 71
1
1707 90
1
1708 48
1
1709 49
1
1710 13
1
1711 153
1
1712 228
1
1713 231
1
1714 73
1
1715 146
1
1716 211
1
1717 154
1
1718 180
1
1719 3
1
1720 140
1
1721 160
1
1722 71
1
1723 43
1
1724 177
1
1725 115
1
1726 159
1
1727 160
0
1
1728 35
1
1729 199
1
1730 188
0
1
1731 76
1
1732 214
1
1733 100
1
1734 127
1
1735 176
1
1736 175
1
1737 88
1
1738 56
0
1
1739 121
1
1740 63
0
1
1741 41
1
1742 185
0
1
1743 43
1
1744 68
1
1745 169
0
1
1746 48
1
1747 6
1
1748 51
1
1749 78
0
1
1750 173
1
1751 223
1
1752 84
0
0
0
1
1753 97
1
1754 16
1
1755 104
1
1756 101
1
1757 223
1
1758 172
1
1759 214
1
1760 230
1
1761 211
1
1762 207
1
1763 177
1
1764 115
1
1765 99
1
1766 81
1
1767 144
1
1768 168
1
1769 12
1
1770 50
0
1
1771 211
1
1772 72
1
1773 93
1
1774 95
1
1775 191
1
1776 132
1
1777 116
1
1778 209
1
1779 126
0
1
1780 10
1
1781 196
0
1
1782 111
1
1783 76
1
1784 156
1
1785 128
1
1786 15
1
1787 212
1
1788 35
1
1789 119
0
1
1790 98
1
1791 194
1
1792 162
1
1793 5
0
1
1794 73
0
1
1795 24
1
1796 155
1
1797 200
1
1798 209
1
1799 208
1
1800 93
0
0
1
1801 143
1
1802 162
1
1803 37
1
1804 187
1
1805 8
1
1806 37
1
1807 219
1
1808 64
1
1809 127
1
1810 31
1
1811 135
1
1812 95
1
1813 18
1
1814 42
1
1815 176
1
1816 104
0
1
1817 187
1
1818 76
1
1819 180
0
1
1820 219
1
1821 19
1
1822 200
1
1823 18
1
1824 181
1
1825 199
1
1826 123
1
1827 174
1
1828 213
1
1829 161
1
1830 177
1
1831 2
1
1832 139
1
1833 187
1
1834 64
1
1835 112
1
1836 10
1
1837 96
1
1838 25
0
0
1
1839 153
1
1840 61
1
1841 15
1
1842 224
1
1843 200
1
1844 27
1
1845 52
1
1846 85
1
1847 127
1
1848 158
1
1849 18
1
1850 205
1
1851 75
1
1852 32
0
1
1853 93
1
1854 143
1
1855 141
1
1856 162
1
1857 6
1
1858 198
0
1
1859 109
0
1
1860 130
0
1
1861 193
0
1
1862 165
1
1863 147
1
1864 158
1
1865 67
0
1
1866 80
1
1867 65
1
1868 165
1
1869 144
1
1870 220
1
1871 210
0
1
1872 189
1
1873 182
1
1874 135
1
1875 152
1
1876 18
0
1
1877 139
1
1878 178
1
1879 155
1
1880 34
1
1881 38
1
1882 63
0
1
1883 39
0
1
1884 99
1
1885 217
1
1886 12
1
1887 104
1
1888 200
1
1889 228
1
1890 23
1
1891 108
1
1892 4
1
1893 5
1
1894 210
1
1895 37
1
1896 88
1
1897 26
1
1898 159
1
1899 188
1
1900 81
1
1901 114
0
1
1902 183
1
1903 174
1
1904 228
1
1905 228
1
1906 29
1
1907 146
0
1
1908 53
0
0
1
1909 15
0
1
1910 78
1
1911 169
1
1912 18
1
1913 114
0
0
1
1914 73
0
1
1915 141
0
0
0
1
1916 127
1
1917 48
1
1918 123
1
1919 13
1
1920 172
1
1921 174
1
1922 196
1
1923 214
1
1924 165
1
1925 46
1
1926 189
1
1927 83
1
1928 17
1
1929 16
1
1930 221
1
1931 185
1
1932 22
1
1933 47
1
1934 165
1
1935 96
1
1936 8
1
1937 36
1
1938 109
1
1939 211
1
1940 221
1
1941 170
1
1942 43
1
1943 202
1
1944 155
1
1945 181
1
1946 142
1
1947 45
1
1948 17
1
1949 210
0
1
1950 44
1
1951 6
0
0
1
1952 223
1
1953 115
0
1
1954 159
1
1955 96
1
1956 158
1
1957 29
1
1958 159
1
1959 122
1
1960 76
0
1
1961 230
1
1962 118
1
1963 84
1
1964 84
1
1965 154
1
1966 219
1
1967 214
1
1968 21
1
1969 9
1
1970 124
1
1971 16
0
0
1
1972 67
1
1973 233
1
1974 222
1
1975 215
1
1976 142
1
1977 82
1
1978 147
1
1979 139
1
1980 123
1
1981 128
1
1982 193
1
1983 183
1
1984 167
1
1985 152
1
1986 117
0
1
1987 155
1
1988 117
1
1989 111
1
1990 178
1
1991 70
1
1992 212
1
1993 55
1
1994 26
1
1995 22
1
1996 135
1
1997 185
1
1998 152
1
1999 211
1
2000 55
1
2001 32
1
2002 103
1
2003 195
1
2004 120
0
1
2005 106
1
2006 33
1
2007 231
1
2008 39
0
1
2009 90
1
2010 37
1
2011 9
1
2012 162
1
2013 175
0
0
1
2014 227
1
2015 84
1
2016 163
1
2017 166
1
2018 192
1
2019 123
1
2020 223
1
2021 171
1
2022 104
1
2023 183
1
2024 58
1
2025 95
1
2026 98
1
2027 203
1
2028 200
1
2029 47
1
2030 18
1
2031 116
1
2032 18
1
2033 180
0
1
2034 43
1
2035 181
1
2036 180
1
2037 112
1
2038 166
1
2039 32
1
2040 137
1
2041 49
1
2042 192
1
2043 165
1
2044 64
1
2045 86
1
2046 67
1
2047 103
1
2048 148
1
2049 15
1
2050 155
1
2051 206
1
2052 214
0
1
2053 220
1
2054 63
1
2055 140
1
2056 177
1
2057 53
1
2058 113
1
2059 162
1
2060 71
1
2061 42
1
2062 70
1
2063 6
1
2064 120
1
2065 169
1
2066 165
0
1
2067 219
1
2068 87
1
2069 78
1
2070 133
1
2071 220
1
2072 66
1
2073 158
1
2074 138
1
2075 175
1
2076 20
1
2077 14
0
1
2078 193
0
1
2079 164
0
1
2080 134
1
2081 32
1
2082 132
1
2083 110
1
2084 87
1
2085 5
1
2086 26
1
2087 43
0
1
2088 104
1
2089 150
1
2090 228
1
2091 15
1
2092 106
0
1
2093 124
1
2094 115
1
2095 139
1
2096 131
1
2097 116
1
2098 17
1
2099 188
1
2100 214
1
2101 193
1
2102 230
1
2103 104
1
2104 230
1
2105 29
1
2106 105
1
2107 134
1
2108 96
0
1
2109 184
1
2110 108
1
2111 185
1
2112 127
1
2113 230
1
2114 89
1
2115 167
1
2116 80
1
2117 127
1
2118 94
1
2119 211
0
1
2120 199
1
2121 181
1
2122 59
1
2123 199
1
2124 75
1
2125 202
1
2126 82
1
2127 222
1
2128 171
1
2129 111
1
2130 108
1
2131 64
1
2132 79
1
2133 183
1
2134 155
1
2135 99
1
2136 206
1
2137 62
1
2138 52
1
2139 64
1
2140 223
1
2141 190
1
2142 221
1
2143 106
1
2144 35
0
1
2145 70
1
2146 18
1
2147 188
1
2148 29
1
2149 152
1
2150 169
1
2151 45
1
2152 57
0
1
2153 230
1
2154 182
1
2155 78
1
2156 29
1
2157 17
1
2158 207
1
2159 118
1
2160 213
1
2161 143
1
2162 145
1
2163 230
1
2164 16
1
2165 84
1
2166 7
1
2167 156
1
2168 132
1
2169 207
1
2170 86
1
2171 25
1
2172 211
1
2173 67
1
2174 199
0
1
2175 176
1
2176 107
0
1
2177 131
1
2178 33
0
1
2179 230
1
2180 222
1
2181 155
1
2182 191
1
2183 57
1
2184 19
0
1
2185 91
1
2186 130
0
1
2187 88
1
2188 44
1
2189 58
1
2190 109
1
2191 123
0
1
2192 133
1
2193 165
1
2194 185
1
2195 90
0
1
2196 135
1
2197 183
0
1
2198 133
1
2199 224
1
2200 87
1
2201 19
0
1
2202 74
1
2203 119
1
2204 163
1
2205 154
0
1
2206 38
1
2207 84
1
2208 55
1
2209 161
1
2210 214
1
2211 34
1
2212 225
1
2213 234
1
2214 36
1
2215 22
1
2216 106
1
2217 181
1
2218 29
1
2219 10
1
2220 78
1
2221 99
1
2222 219
1
2223 210
1
2224 37
1
2225 127
1
2226 96
1
2227 27
1
2228 230
0
0
1
2229 152
1
2230 229
1
2231 106
1
2232 120
1
2233 80
1
2234 189
1
2235 84
1
2236 89
1
2237 120
1
2238 196
1
2239 132
1
2240 193
1
2241 202
1
2242 128
1
2243 140
1
2244 61
1
2245 16
1
2246 189
0
1
2247 213
1
2248 107
1
2249 222
1
2250 174
1
2251 18
0
1
2252 102
1
2253 189
1
2254 25
1
2255 105
1
2256 204
1
2257 161
0
1
2258 222
1
2259 171
1
2260 229
1
2261 32
1
2262 195
1
2263 226
1
2264 8
1
2265 187
1
2266 127
1
2267 87
1
2268 21
1
2269 134
1
2270 42
1
2271 37
1
2272 231
1
2273 198
1
2274 8
1
2275 9
1
2276 208
1
2277 27
1
2278 170
1
2279 133
1
2280 72
1
2281 208
1
2282 180
1
2283 76
1
2284 171
1
2285 180
1
2286 45
1
2287 19
1
2288 180
1
2289 128
1
2290 44
1
2291 183
1
2292 158
1
2293 140
0
1
2294 23
1
2295 86
1
2296 81
1
2297 66
1
2298 187
1
2299 198
0
0
1
2300 101
1
2301 179
1
2302 117
1
2303 198
1
2304 141
1
2305 155
1
2306 192
1
2307 123
1
2308 209
1
2309 228
1
2310 18
1
2311 124
0
1
2312 228
0
1
2313 149
1
2314 20
1
2315 127
1
2316 165
1
2317 113
1
2318 141
0
0
0
1
2319 194
1
2320 72
1
2321 213
1
2322 102
1
2323 95
1
2324 45
1
2325 149
1
2326 177
1
2327 157
1
2328 80
1
2329 22
1
2330 4
1
2331 7
1
2332 173
0
1
2333 18
1
2334 182
1
2335 4
1
2336 116
0
1
2337 60
1
2338 141
1
2339 57
1
2340 81
1
2341 35
1
2342 190
1
2343 107
1
2344 102
1
2345 31
1
2346 164
1
2347 152
1
2348 214
1
2349 54
1
2350 12
1
2351 127
1
2352 22
1
2353 131
1
2354 108
0
1
2355 200
1
2356 143
1
2357 29
1
2358 7
1
2359 229
1
2360 89
1
2361 216
1
2362 145
1
2363 6
1
2364 72
1
2365 57
1
2366 218
1
2367 84
1
2368 174
1
2369 175
1
2370 162
0
1
2371 8
1
2372 95
1
2373 8
1
2374 193
1
2375 71
1
2376 46
1
2377 95
1
2378 48
1
2379 42
1
2380 156
1
2381 228
1
2382 75
1
2383 187
1
2384 226
1
2385 192
1
2386 128
1
2387 19
1
2388 84
1
2389 109
1
2390 68
1
2391 151
1
2392 2
1
2393 48
1
2394 196
1
2395 44
1
2396 99
1
2397 14
1
2398 53
1
2399 33
1
2400 95
1
2401 86
1
2402 48
1
2403 81
1
2404 83
1
2405 86
1
2406 26
1
2407 212
1
2408 116
1
2409 209
1
2410 169
1
2411 177
1
2412 60
1
2413 230
1
2414 162
1
2415 29
1
2416 100
1
2417 228
1
2418 75
1
2419 146
1
2420 33
1
2421 203
1
2422 42
1
2423 99
1
2424 12
1
2425 226
1
2426 130
1
2427 74
1
2428 127
1
2429 75
1
2430 116
1
2431 198
1
2432 65
1
2433 118
1
2434 44
1
2435 165
1
2436 58
1
2437 106
1
2438 102
1
2439 220
1
2440 189
1
2441 210
1
2442 34
1
2443 131
1
2444 52
1
2445 200
1
2446 157
1
2447 72
1
2448 22
1
2449 162
1
2450 165
1
2451 109
1
2452 165
1
2453 75
1
2454 158
1
2455 12
1
2456 147
1
2457 205
1
2458 207
1
2459 84
1
2460 126
1
2461 105
1
2462 58
1
2463 105
1
2464 26
1
2465 102
1
2466 180
1
2467 51
1
2468 17
1
2469 137
1
2470 146
1
2471 178
1
2472 183
1
2473 211
1
2474 126
1
2475 232
1
2476 110
1
2477 53
1
2478 180
1
2479 176
1
2480 160
1
2481 164
1
2482 42
1
2483 73
1
2484 41
1
2485 32
1
2486 48
1
2487 155
1
2488 159
1
2489 183
1
2490 180
1
2491 206
1
2492 182
1
2493 20
1
2494 191
1
2495 233
1
2496 109
1
2497 34
1
2498 76
1
2499 37
1
2500 117
1
2501 169
1
2502 188
1
2503 87
1
2504 28
1
2505 141
1
2506 65
1
2507 27
1
2508 34
1
2509 208
1
2510 41
1
2511 116
1
2512 17
1
2513 6
1
2514 223
1
2515 93
1
2516 104
1
2517 55
1
2518 6
1
2519 143
1
2520 220
0
1
2521 173
1
2522 32
1
2523 84
1
2524 62
1
2525 127
1
2526 95
1
2527 194
1
2528 44
1
2529 72
1
2530 99
1
2531 138
1
2532 188
1
2533 78
1
2534 137
1
2535 2
1
2536 108
1
2537 27
1
2538 180
1
2539 143
1
2540 148
1
2541 59
1
2542 71
1
2543 125
1
2544 65
1
2545 117
1
2546 192
1
2547 93
1
2548 66
1
2549 172
1
2550 136
1
2551 122
1
2552 167
1
2553 204
1
2554 75
1
2555 89
1
2556 47
1
2557 55
1
2558 181
1
2559 179
1
2560 25
1
2561 69
1
2562 138
1
2563 229
1
2564 187
1
2565 60
1
2566 8
1
2567 182
1
2568 169
1
2569 75
1
2570 219
1
2571 48
1
2572 64
1
2573 108
1
2574 151
1
2575 165
1
2576 84
1
2577 23
1
2578 224
1
2579 90
1
2580 174
1
2581 9
1
2582 84
1
2583 153
1
2584 85
1
2585 123
1
2586 111
1
2587 233
1
2588 145
1
2589 205
1
2590 141
1
2591 225
1
2592 11
1
2593 224
1
2594 15
1
2595 129
1
2596 191
1
2597 45
1
2598 110
1
2599 43
1
2600 199
1
2601 134
1
2602 49
1
2603 124
1
2604 169
1
2605 156
1
2606 135
1
2607 20
1
2608 233
1
2609 140
1
2610 18
1
2611 116
1
2612 185
1
2613 222
1
2614 163
1
2615 106
1
2616 215
1
2617 202
1
2618 106
1
2619 183
1
2620 205
1
2621 83
1
2622 140
1
2623 128
1
2624 3
1
2625 100
1
2626 68
1
2627 7
1
2628 125
1
2629 140
1
2630 172
1
2631 224
1
2632 196
1
2633 31
1
2634 52
1
2635 72
1
2636 41
1
2637 227
1
2638 103
1
2639 52
1
2640 128
1
2641 45
1
2642 112
1
2643 156
1
2644 104
1
2645 230
1
2646 177
1
2647 53
1
2648 65
1
2649 150
1
2650 171
1
2651 125
1
2652 77
1
2653 43
1
2654 88
1
2655 152
1
2656 188
1
2657 152
1
2658 196
1
2659 190
1
2660 202
1
2661 135
1
2662 211
1
2663 105
1
2664 98
1
2665 230
1
2666 157
1
2667 148
1
2668 230
1
2669 224
1
2670 76
1
2671 64
1
2672 172
1
2673 22
1
2674 171
1
2675 58
1
2676 189
1
2677 197
1
2678 27
1
2679 195
1
2680 36
1
2681 161
1
2682 175
1
2683 211
1
2684 84
1
2685 93
1
2686 12
1
2687 214
1
2688 137
1
2689 191
1
2690 161
1
2691 183
1
2692 173
1
2693 8
1
2694 140
1
2695 30
1
2696 17
1
2697 23
1
2698 150
1
2699 134
1
2700 108
1
2701 145
1
2702 72
1
2703 172
1
2704 143
1
2705 99
1
2706 89
1
2707 68
1
2708 152
1
2709 168
1
2710 165
1
2711 200
1
2712 147
1
2713 157
1
2714 13
1
2715 9
1
2716 126
1
2717 122
1
2718 22
1
2719 151
1
2720 228
0
1
2721 219
1
2722 68
1
2723 31
1
2724 228
1
2725 27
1
2726 229
1
2727 129
1
2728 58
1
2729 37
1
2730 114
1
2731 228
1
2732 126
1
2733 78
1
2734 97
1
2735 42
1
2736 116
1
2737 181
1
2738 90
1
2739 181
1
2740 154
1
2741 154
1
2742 105
1
2743 8
1
2744 229
1
2745 5
1
2746 25
1
2747 42
1
2748 188
1
2749 218
1
2750 111
1
2751 38
1
2752 76
1
2753 133
1
2754 3
1
2755 215
1
2756 95
1
2757 198
1
2758 48
1
2759 45
1
2760 40
1
2761 152
1
2762 201
1
2763 8
1
2764 197
1
2765 204
0
1
2766 155
1
2767 183
1
2768 77
1
2769 42
1
2770 29
1
2771 180
1
2772 165
1
2773 91
1
2774 4
1
2775 232
1
2776 42
0
1
2777 38
1
2778 111
1
2779 127
1
2780 18
1
2781 148
1
2782 214
1
2783 20
1
2784 100
1
2785 23
1
2786 150
1
2787 85
1
2788 221
1
2789 35
1
2790 197
1
2791 222
1
2792 111
1
2793 183
1
2794 217
1
2795 89
1
2796 229
1
2797 231
1
2798 206
1
2799 177
0
1
2800 19
1
2801 210
1
2802 191
1
2803 176
1
2804 107
1
2805 108
1
2806 160
0
1
2807 137
1
2808 119
1
2809 71
1
2810 27
1
2811 80
1
2812 36
1
2813 48
1
2814 115
1
2815 165
1
2816 84
1
2817 212
1
2818 111
1
2819 223
1
2820 39
1
2821 99
1
2822 172
1
2823 15
1
2824 38
1
2825 165
1
2826 231
1
2827 175
0
1
2828 161
1
2829 37
1
2830 141
1
2831 106
1
2832 28
1
2833 116
1
2834 211
1
2835 153
1
2836 101
1
2837 211
1
2838 209
1
2839 212
1
2840 196
1
2841 125
1
2842 6
1
2843 86
0
1
2844 96
1
2845 18
1
2846 211
1
2847 27
1
2848 23
1
2849 81
1
2850 45
1
2851 106
1
2852 214
1
2853 179
0
1
2854 124
1
2855 8
1
2856 102
1
2857 145
1
2858 78
1
2859 91
1
2860 223
1
2861 116
1
2862 28
1
2863 47
1
2864 89
1
2865 115
1
2866 115
1
2867 4
1
2868 58
1
2869 148
1
2870 72
1
2871 235
1
2872 37
1
2873 148
1
2874 201
1
2875 29
1
2876 135
1
2877 4
1
2878 150
1
2879 168
0
1
2880 115
1
2881 43
1
2882 12
1
2883 137
1
2884 223
1
2885 53
1
2886 180
1
2887 164
1
2888 6
1
2889 53
1
2890 186
1
2891 56
1
2892 155
1
2893 197
1
2894 57
1
2895 193
1
2896 221
1
2897 8
0
1
2898 80
1
2899 116
1
2900 172
1
2901 195
0
1
2902 29
1
2903 7
1
2904 187
1
2905 86
1
2906 186
1
2907 231
1
2908 121
1
2909 76
1
2910 38
1
2911 223
1
2912 180
1
2913 182
1
2914 185
1
2915 217
1
2916 99
1
2917 30
1
2918 114
1
2919 158
1
2920 124
1
2921 11
1
2922 17
1
2923 141
1
2924 171
1
2925 166
1
2926 117
1
2927 83
1
2928 78
1
2929 225
1
2930 90
1
2931 115
1
2932 45
1
2933 45
1
2934 75
1
2935 185
1
2936 114
1
2937 126
1
2938 206
1
2939 100
1
2940 170
1
2941 39
1
2942 123
1
2943 151
1
2944 234
1
2945 103
1
2946 83
0
1
2947 200
1
2948 153
1
2949 210
1
2950 55
1
2951 166
1
2952 228
1
2953 173
1
2954 75
1
2955 124
1
2956 72
1
2957 140
0
1
2958 165
1
2959 222
1
2960 115
1
2961 144
1
2962 6
1
2963 217
1
2964 49
1
2965 167
1
2966 217
1
2967 65
1
2968 174
0
1
2969 116
1
2970 2
1
2971 177
1
2972 84
1
2973 165
1
2974 39
1
2975 84
1
2976 10
1
2977 123
1
2978 17
1
2979 203
1
2980 125
1
2981 133
1
2982 152
1
2983 86
1
2984 124
1
2985 230
1
2986 28
0
1
2987 20
1
2988 2
1
2989 149
1
2990 41
1
2991 176
1
2992 176
1
2993 206
1
2994 37
1
2995 195
1
2996 113
1
2997 53
1
2998 59
1
2999 90
1
3000 76
1
3001 151
1
3002 139
1
3003 226
0
1
3004 62
1
3005 220
1
3006 180
1
3007 72
1
3008 144
1
3009 125
1
3010 225
1
3011 20
1
3012 154
1
3013 172
1
3014 52
0
1
3015 201
0
0
1
3016 147
1
3017 40
1
3018 116
1
3019 56
1
3020 119
1
3021 117
1
3022 145
1
3023 155
1
3024 2
1
3025 233
1
3026 27
1
3027 114
1
3028 75
0
1
3029 88
0
1
3030 112
1
3031 181
1
3032 10
1
3033 116
1
3034 229
1
3035 177
1
3036 47
1
3037 6
1
3038 45
1
3039 213
1
3040 168
1
3041 218
1
3042 211
1
3043 159
1
3044 117
1
3045 73
1
3046 84
1
3047 103
1
3048 16
0
1
3049 225
1
3050 84
1
3051 181
1
3052 63
1
3053 116
1
3054 219
1
3055 49
1
3056 60
1
3057 127
1
3058 148
1
3059 85
1
3060 19
0
1
3061 159
1
3062 114
1
3063 226
1
3064 227
1
3065 79
1
3066 23
1
3067 145
1
3068 126
1
3069 29
1
3070 109
1
3071 99
1
3072 88
1
3073 198
1
3074 210
1
3075 94
1
3076 14
1
3077 191
1
3078 190
1
3079 78
0
1
3080 192
1
3081 15
1
3082 82
1
3083 193
1
3084 234
1
3085 100
1
3086 175
1
3087 150
1
3088 6
1
3089 111
1
3090 206
1
3091 3
1
3092 226
0
0
1
3093 46
1
3094 65
1
3095 78
1
3096 203
1
3097 119
1
3098 202
0
0
1
3099 174
1
3100 111
1
3101 68
1
3102 38
1
3103 180
1
3104 18
1
3105 190
1
3106 149
1
3107 38
1
3108 187
1
3109 89
1
3110 201
1
3111 184
1
3112 214
1
3113 52
1
3114 18
1
3115 71
1
3116 134
1
3117 81
1
3118 21
1
3119 131
1
3120 159
1
3121 99
0
1
3122 83
1
3123 7
1
3124 12
1
3125 193
1
3126 51
1
3127 192
1
3128 102
1
3129 190
1
3130 148
1
3131 218
1
3132 71
1
3133 147
1
3134 150
0
1
3135 4
1
3136 177
0
1
3137 143
1
3138 145
1
3139 155
1
3140 182
1
3141 142
1
3142 211
1
3143 73
0
1
3144 124
1
3145 74
1
3146 27
1
3147 140
1
3148 154
1
3149 82
0
1
3150 150
1
3151 74
0
1
3152 119
0
1
3153 168
0
0
1
3154 116
1
3155 115
1
3156 118
1
3157 187
1
3158 75
0
1
3159 164
1
3160 226
1
3161 181
0
1
3162 69
1
3163 229
1
3164 93
1
3165 139
1
3166 229
1
3167 93
1
3168 21
1
3169 138
0
1
3170 5
1
3171 199
1
3172 117
1
3173 108
1
3174 193
1
3175 235
1
3176 9
1
3177 146
1
3178 4
1
3179 204
1
3180 127
1
3181 85
1
3182 154
1
3183 40
0
1
3184 70
1
3185 34
1
3186 74
0
0
1
3187 81
1
3188 27
1
3189 175
1
3190 14
1
3191 129
1
3192 159
1
3193 165
1
3194 8
1
3195 17
1
3196 78
1
3197 24
1
3198 62
1
3199 206
1
3200 182
1
3201 62
1
3202 206
1
3203 101
1
3204 83
1
3205 72
1
3206 18
1
3207 219
1
3208 116
1
3209 115
1
3210 200
1
3211 230
1
3212 120
1
3213 32
1
3214 52
1
3215 139
1
3216 25
0
1
3217 72
0
1
3218 129
1
3219 24
1
3220 214
1
3221 180
1
3222 190
1
3223 111
1
3224 41
1
3225 77
0
0
1
3226 65
1
3227 12
1
3228 3
1
3229 233
1
3230 224
1
3231 91
1
3232 117
1
3233 195
1
3234 34
1
3235 95
1
3236 65
1
3237 78
0
1
3238 26
1
3239 129
1
3240 112
1
3241 134
1
3242 116
1
3243 171
1
3244 31
1
3245 70
1
3246 57
1
3247 130
1
3248 167
1
3249 80
1
3250 102
1
3251 87
1
3252 223
1
3253 230
1
3254 36
0
1
3255 79
1
3256 155
1
3257 72
0
1
3258 210
1
3259 191
1
3260 6
1
3261 214
1
3262 83
1
3263 153
1
3264 94
1
3265 71
1
3266 209
1
3267 189
1
3268 20
1
3269 19
1
3270 125
1
3271 31
1
3272 149
1
3273 142
1
3274 69
1
3275 62
1
3276 116
0
0
1
3277 24
1
3278 214
0
1
3279 222
1
3280 86
0
1
3281 16
1
3282 123
1
3283 97
1
3284 87
1
3285 145
1
3286 151
1
3287 166
1
3288 61
1
3289 176
1
3290 200
1
3291 110
1
3292 45
1
3293 153
1
3294 198
1
3295 110
1
3296 189
1
3297 106
0
1
3298 148
1
3299 112
1
3300 76
1
3301 60
1
3302 189
1
3303 132
1
3304 129
1
3305 54
1
3306 155
0
1
3307 154
1
3308 203
0
1
3309 165
1
3310 109
0
1
3311 10
1
3312 160
1
3313 74
1
3314 48
1
3315 189
1
3316 196
1
3317 73
0
0
1
3318 96
1
3319 187
0
1
3320 123
1
3321 38
1
3322 130
1
3323 17
1
3324 116
1
3325 187
1
3326 180
1
3327 82
1
3328 211
1
3329 97
1
3330 95
1
3331 103
0
1
3332 14
0
1
3333 21
1
3334 35
1
3335 214
1
3336 211
1
3337 230
1
3338 233
1
3339 12
1
3340 185
1
3341 180
1
3342 65
1
3343 108
1
3344 56
1
3345 98
1
3346 199
1
3347 211
0
1
3348 93
1
3349 35
1
3350 235
1
3351 159
1
3352 148
1
3353 188
0
1
3354 15
1
3355 120
0
1
3356 66
1
3357 64
1
3358 28
1
3359 222
1
3360 188
1
3361 213
1
3362 158
1
3363 18
1
3364 99
0
0
1
3365 163
1
3366 18
1
3367 142
1
3368 116
0
1
3369 26
1
3370 61
1
3371 29
1
3372 97
1
3373 72
1
3374 58
1
3375 228
1
3376 157
1
3377 189
1
3378 171
1
3379 44
1
3380 180
1
3381 187
1
3382 57
0
0
1
3383 155
1
3384 91
1
3385 85
1
3386 5
1
3387 94
1
3388 226
1
3389 225
1
3390 175
0
1
3391 140
1
3392 77
1
3393 220
0
1
3394 225
0
1
3395 93
1
3396 85
1
3397 213
1
3398 102
1
3399 39
1
3400 27
1
3401 72
1
3402 198
1
3403 86
1
3404 154
1
3405 161
1
3406 27
1
3407 70
0
1
3408 151
1
3409 183
1
3410 37
1
3411 101
1
3412 3
1
3413 8
0
1
3414 190
1
3415 116
1
3416 189
1
3417 206
1
3418 16
1
3419 152
1
3420 233
1
3421 145
1
3422 202
1
3423 18
0
1
3424 136
1
3425 17
1
3426 229
1
3427 79
1
3428 198
1
3429 109
1
3430 75
1
3431 122
0
1
3432 178
1
3433 221
0
1
3434 231
0
0
1
3435 112
0
1
3436 91
1
3437 95
1
3438 65
0
1
3439 11
1
3440 225
1
3441 153
1
3442 72
1
3443 92
1
3444 106
1
3445 155
1
3446 30
1
3447 48
1
3448 17
1
3449 211
1
3450 77
1
3451 114
1
3452 15
0
0
1
3453 202
1
3454 87
0
1
3455 49
1
3456 55
1
3457 26
1
3458 116
1
3459 20
1
3460 47
0
1
3461 182
1
3462 94
1
3463 108
0
1
3464 183
1
3465 44
1
3466 167
1
3467 168
1
3468 67
1
3469 94
1
3470 35
1
3471 91
1
3472 50
1
3473 27
0
1
3474 165
1
3475 228
0
0
1
3476 76
1
3477 28
0
1
3478 81
1
3479 205
1
3480 204
1
3481 213
0
1
3482 105
1
3483 234
1
3484 155
1
3485 170
1
3486 72
0
1
3487 44
1
3488 145
1
3489 11
0
1
3490 40
1
3491 211
0
0
1
3492 154
1
3493 175
1
3494 55
1
3495 123
1
3496 25
1
3497 86
1
3498 145
1
3499 96
1
3500 36
1
3501 25
0
1
3502 119
1
3503 52
1
3504 22
1
3505 114
1
3506 25
1
3507 14
1
3508 181
1
3509 106
0
1
3510 140
1
3511 164
1
3512 50
1
3513 66
0
0
1
3514 151
0
0
1
3515 162
1
3516 95
0
1
3517 178
0
0
0
1
3518 129
1
3519 12
0
1
3520 134
0
1
3521 27
1
3522 225
1
3523 149
1
3524 35
1
3525 181
1
3526 232
0
1
3527 76
1
3528 6
1
3529 113
1
3530 116
1
3531 219
1
3532 196
1
3533 165
0
1
3534 144
1
3535 5
0
1
3536 49
1
3537 42
1
3538 172
1
3539 56
0
1
3540 30
1
3541 38
1
3542 199
1
3543 113
1
3544 42
1
3545 98
1
3546 170
1
3547 85
1
3548 50
1
3549 232
1
3550 42
1
3551 122
1
3552 60
1
3553 32
1
3554 172
0
0
1
3555 64
1
3556 178
0
0
1
3557 54
1
3558 176
1
3559 203
1
3560 14
1
3561 14
1
3562 47
1
3563 180
1
3564 30
1
3565 177
1
3566 109
1
3567 64
1
3568 190
1
3569 77
1
3570 5
1
3571 44
1
3572 148
0
1
3573 206
1
3574 6
0
1
3575 207
1
3576 128
1
3577 106
1
3578 220
1
3579 46
1
3580 36
0
0
1
3581 89
1
3582 11
1
3583 109
1
3584 51
0
1
3585 72
1
3586 110
1
3587 46
0
1
3588 206
1
3589 39
0
1
3590 213
1
3591 225
0
1
3592 131
1
3593 122
1
3594 229
1
3595 181
0
0
1
3596 214
0
0
0
0
1
3597 97
1
3598 126
1
3599 125
1
3600 217
0
1
3601 152
0
0
1
3602 127
1
3603 205
1
3604 98
0
0
1
3605 127
0
0
0
1
3606 42
0
0
1
3607 127
1
3608 66
1
3609 28
0
1
3610 147
1
3611 124
0
1
3612 225
1
3613 210
1
3614 147
1
3615 89
1
3616 108
0
1
3617 28
0
0
1
3618 161
0
1
3619 70
0
1
3620 104
1
3621 228
1
3622 213
0
1
3623 156
0
1
3624 201
1
3625 59
1
3626 155
0
0
1
3627 152
1
3628 108
1
3629 191
1
3630 147
1
3631 34
1
3632 108
1
3633 175
0
1
3634 230
1
3635 12
0
1
3636 53
1
3637 33
0
1
3638 167
0
1
3639 230
1
3640 195
1
3641 128
0
1
3642 170
0
0
1
3643 55
1
3644 117
0
1
3645 218
1
3646 47
0
1
3647 168
1
3648 14
1
3649 40
1
3650 189
1
3651 207
1
3652 143
0
1
3653 186
1
3654 115
0
1
3655 188
1
3656 75
1
3657 11
1
3658 75
0
1
3659 120
1
3660 108
0
1
3661 18
1
3662 188
1
3663 133
1
3664 130
0
1
3665 147
0
1
3666 187
1
3667 64
1
3668 137
1
3669 174
1
3670 148
1
3671 151
0
1
3672 138
0
1
3673 155
1
3674 50
1
3675 181
1
3676 140
1
3677 89
1
3678 200
1
3679 185
1
3680 162
1
3681 217
1
3682 121
1
3683 71
1
3684 72
1
3685 91
1
3686 25
1
3687 80
0
1
3688 87
0
0
0
1
3689 125
1
3690 121
1
3691 91
1
3692 42
1
3693 232
1
3694 218
1
3695 74
1
3696 103
1
3697 188
1
3698 40
0
1
3699 79
1
3700 164
0
0
1
3701 11
1
3702 115
0
0
1
3703 102
1
3704 119
1
3705 65
1
3706 93
1
3707 108
0
1
3708 72
0
1
3709 140
1
3710 36
1
3711 186
0
1
3712 106
1
3713 98
1
3714 12
0
0
0
1
3715 220
0
1
3716 182
1
3717 84
1
3718 30
0
0
1
3719 66
1
3720 113
0
0
1
3721 201
1
3722 111
0
1
3723 224
1
3724 121
1
3725 93
1
3726 189
1
3727 58
1
3728 149
1
3729 117
1
3730 180
1
3731 52
1
3732 170
0
1
3733 128
1
3734 27
1
3735 34
1
3736 198
1
3737 220
1
3738 211
1
3739 87
1
3740 94
1
3741 213
0
1
3742 133
1
3743 111
1
3744 106
1
3745 30
1
3746 10
1
3747 141
1
3748 29
0
0
1
3749 200
0
0
0
1
3750 211
1
3751 87
0
1
3752 29
0
1
3753 44
0
0
1
3754 143
1
3755 30
1
3756 116
1
3757 211
1
3758 162
1
3759 155
1
3760 100
0
0
1
3761 191
1
3762 16
1
3763 165
1
3764 230
0
1
3765 167
1
3766 153
1
3767 46
0
1
3768 100
1
3769 29
1
3770 86
0
1
3771 42
1
3772 140
1
3773 88
1
3774 89
1
3775 173
0
1
3776 146
1
3777 18
0
1
3778 191
0
1
3779 191
1
3780 134
1
3781 71
0
1
3782 151
1
3783 198
1
3784 60
1
3785 105
1
3786 177
0
0
1
3787 194
0
1
3788 91
0
1
3789 137
1
3790 156
1
3791 93
1
3792 214
1
3793 57
1
3794 144
1
3795 3
1
3796 235
0
0
1
3797 81
0
1
3798 87
1
3799 180
0
1
3800 116
0
0
0
1
3801 22
1
3802 154
0
1
3803 180
1
3804 111
1
3805 130
0
0
1
3806 92
1
3807 105
1
3808 31
1
3809 11
0
0
1
3810 225
1
3811 13
1
3812 43
0
0
1
3813 140
1
3814 130
1
3815 202
0
0
0
0
0
1
3816 146
1
3817 116
0
0
0
1
3818 178
1
3819 81
1
3820 87
0
0
1
3821 189
1
3822 188
1
3823 176
1
3824 200
1
3825 195
1
3826 75
1
3827 148
1
3828 225
1
3829 231
1
3830 163
1
3831 224
1
3832 144
1
3833 195
1
3834 35
0
0
1
3835 133
1
3836 94
1
3837 27
0
1
3838 211
0
1
3839 136
0
1
3840 85
0
0
0
1
3841 191
0
0
0
1
3842 211
1
3843 64
0
1
3844 50
1
3845 64
0
0
0
1
3846 105
1
3847 122
1
3848 17
0
1
3849 210
1
3850 17
1
3851 110
0
0
0
0
1
3852 105
1
3853 155
1
3854 209
1
3855 9
1
3856 65
1
3857 115
1
3858 90
0
1
3859 142
1
3860 186
1
3861 7
1
3862 128
1
3863 117
0
0
1
3864 116
1
3865 33
1
3866 121
1
3867 28
0
0
1
3868 19
0
0
0
0
1
3869 132
0
1
3870 42
1
3871 205
0
1
3872 211
0
1
3873 149
1
3874 11
1
3875 121
0
0
1
3876 119
0
1
3877 21
1
3878 151
1
3879 43
0
0
0
1
3880 221
0
0
1
3881 95
0
0
1
3882 186
1
3883 197
0
0
1
3884 113
0
0
1
3885 199
1
3886 151
1
3887 3
0
1
3888 214
1
3889 155
1
3890 32
1
3891 202
0
1
3892 206
0
0
0
1
3893 169
1
3894 106
0
0
1
3895 235
1
3896 220
1
3897 205
1
3898 179
1
3899 112
1
3900 130
1
3901 58
1
3902 167
0
1
3903 192
1
3904 159
0
1
3905 127
1
3906 126
1
3907 174
0
1
3908 201
0
1
3909 107
1
3910 61
1
3911 52
0
0
1
3912 95
0
0
1
3913 34
0
0
1
3914 42
0
0
1
3915 189
1
3916 4
0
0
0
0
1
3917 12
1
3918 233
0
1
3919 128
1
3920 184
1
3921 181
0
1
3922 83
1
3923 165
0
0
0
0
1
3924 151
1
3925 195
0
1
3926 75
1
3927 219
1
3928 143
0
1
3929 6
1
3930 164
0
0
1
3931 20
0
1
3932 137
1
3933 95
1
3934 189
0
0
1
3935 112
1
3936 219
1
3937 153
1
3938 55
0
0
0
0
0
1
3939 17
1
3940 114
1
3941 36
0
0
1
3942 23
0
0
0
1
3943 81
0
1
3944 104
1
3945 117
0
1
3946 169
0
0
0
1
3947 36
1
3948 166
1
3949 99
1
3950 23
1
3951 90
1
3952 149
1
3953 21
1
3954 43
1
3955 130
1
3956 116
0
1
3957 213
0
0
1
3958 233
1
3959 81
1
3960 86
1
3961 184
0
1
3962 169
0
0
1
3963 128
1
3964 47
0
0
0
1
3965 169
1
3966 148
1
3967 55
1
3968 2
0
1
3969 196
1
3970 6
1
3971 53
1
3972 8
1
3973 232
0
0
1
3974 58
0
1
3975 124
1
3976 231
0
0
0
1
3977 214
1
3978 176
1
3979 186
0
1
3980 32
1
3981 21
1
3982 117
0
0
0
0
0
0
0
1
3983 225
1
3984 40
1
3985 126
1
3986 121
1
3987 225
1
3988 107
0
1
3989 209
1
3990 5
1
3991 75
1
3992 215
0
0
1
3993 7
0
1
3994 206
1
3995 204
1
3996 127
0
1
3997 211
0
1
3998 142
0
1
3999 22
1
4000 27
1
4001 30
0
1
4002 187
0
1
4003 71
0
1
4004 214
1
4005 211
0
0
1
4006 65
1
4007 202
1
4008 83
1
4009 69
0
1
4010 80
0
1
4011 30
0
1
4012 161
1
4013 24
0
1
4014 65
1
4015 83
1
4016 13
1
4017 206
0
1
4018 230
1
4019 108
1
4020 129
0
0
0
1
4021 190
1
4022 145
0
1
4023 108
1
4024 122
0
1
4025 10
1
4026 215
1
4027 231
0
0
0
0
1
4028 52
1
4029 66
1
4030 176
1
4031 27
1
4032 140
1
4033 22
1
4034 221
1
4035 149
1
4036 105
1
4037 66
1
4038 110
1
4039 84
0
0
0
0
0
1
4040 164
0
1
4041 75
0
0
1
4042 35
1
4043 123
1
4044 184
1
4045 206
1
4046 42
1
4047 114
1
4048 82
0
0
0
0
1
4049 58
1
4050 173
1
4051 172
0
1
4052 116
1
4053 66
1
4054 153
1
4055 37
1
4056 131
1
4057 95
1
4058 70
1
4059 200
1
4060 228
1
4061 53
1
4062 80
0
1
4063 131
1
4064 112
1
4065 162
1
4066 194
1
4067 200
1
4068 55
0
0
1
4069 29
0
0
0
0
1
4070 142
1
4071 79
1
4072 46
1
4073 194
0
0
1
4074 153
0
1
4075 220
0
1
4076 220
0
1
4077 189
1
4078 56
1
4079 123
0
0
0
1
4080 15
0
1
4081 27
0
1
4082 191
1
4083 33
0
1
4084 139
1
4085 22
1
4086 103
0
1
4087 14
1
4088 135
0
0
1
4089 183
0
0
1
4090 192
0
1
4091 46
1
4092 129
1
4093 190
0
1
4094 47
0
1
4095 160
0
1
4096 180
0
0
1
4097 156
0
0
0
0
1
4098 137
0
1
4099 176
1
4100 24
1
4101 23
1
4102 74
0
1
4103 71
1
4104 150
0
1
4105 102
0
0
1
4106 120
1
4107 201
0
0
1
4108 34
1
4109 44
0
1
4110 114
1
4111 12
1
4112 163
1
4113 221
1
4114 155
0
1
4115 178
1
4116 195
0
0
1
4117 165
1
4118 137
0
1
4119 194
0
0
0
1
4120 115
0
1
4121 40
1
4122 74
1
4123 158
1
4124 108
0
0
1
4125 43
1
4126 29
1
4127 234
0
0
0
1
4128 42
0
1
4129 182
1
4130 49
1
4131 234
0
0
1
4132 126
1
4133 105
0
1
4134 136
0
1
4135 22
1
4136 127
1
4137 16
1
4138 166
0
0
1
4139 86
1
4140 145
0
1
4141 76
0
0
0
1
4142 2
0
0
0
1
4143 60
1
4144 196
1
4145 235
0
1
4146 34
1
4147 148
0
1
4148 81
1
4149 167
1
4150 69
1
4151 178
1
4152 110
1
4153 76
1
4154 147
0
0
1
4155 181
1
4156 193
1
4157 121
1
4158 167
0
1
4159 14
1
4160 30
1
4161 147
0
1
4162 28
1
4163 93
1
4164 120
0
0
0
0
1
4165 110
0
1
4166 207
1
4167 117
1
4168 44
1
4169 10
0
1
4170 108
0
1
4171 127
1
4172 44
0
1
4173 216
0
1
4174 81
1
4175 81
1
4176 220
0
1
4177 55
1
4178 22
0
1
4179 114
1
4180 54
1
4181 95
1
4182 211
1
4183 79
0
0
1
4184 12
0
0
1
4185 181
1
4186 203
1
4187 60
1
4188 179
1
4189 103
0
0
0
1
4190 197
0
1
4191 179
0
0
0
1
4192 151
1
4193 73
0
1
4194 211
0
1
4195 102
0
1
4196 211
1
4197 140
1
4198 68
0
1
4199 148
1
4200 94
1
4201 130
0
1
4202 112
1
4203 184
0
0
0
0
0
1
4204 73
0
1
4205 141
1
4206 208
0
1
4207 119
1
4208 85
1
4209 219
1
4210 85
0
1
4211 175
1
4212 21
0
1
4213 186
0
0
1
4214 136
0
0
0
0
0
1
4215 12
1
4216 235
1
4217 132
0
0
1
4218 190
0
0
0
0
0
1
4219 178
1
4220 25
0
0
1
4221 205
1
4222 163
0
0
0
0
1
4223 157
0
0
1
4224 223
0
1
4225 53
1
4226 202
0
1
4227 60
0
1
4228 4
0
1
4229 176
1
4230 114
0
0
0
0
0
0
0
0
1
4231 58
0
1
4232 210
0
1
4233 181
0
1
4234 148
1
4235 4
0
0
1
4236 29
0
0
1
4237 107
1
4238 30
0
0
0
1
4239 123
0
0
0
0
0
0
1
4240 106
1
4241 32
1
4242 31
0
1
4243 176
1
4244 191
0
0
0
0
1
4245 42
1
4246 103
1
4247 166
0
0
1
4248 111
0
0
1
4249 98
0
1
4250 228
0
0
1
4251 42
1
4252 26
1
4253 31
0
1
4254 187
0
1
4255 50
0
0
1
4256 121
0
1
4257 83
0
0
1
4258 13
0
1
4259 27
0
0
0
0
0
1
4260 94
1
4261 20
0
0
0
0
1
4262 189
0
0
0
1
4263 15
0
1
4264 96
1
4265 137
0
0
0
0
0
0
1
4266 26
0
1
4267 173
0
1
4268 169
0
0
0
0
0
0
1
4269 33
0
0
0
1
4270 199
0
0
1
4271 50
0
0
1
4272 96
1
4273 185
0
0
0
0
1
4274 225
0
0
1
4275 74
1
4276 53
0
1
4277 194
0
1
4278 78
0
0
0
1
4279 122
0
0
0
0
0
1
4280 231
0
0
1
4281 233
0
0
0
0
0
0
1
4282 69
0
1
4283 109
0
0
0
1
4284 60
1
4285 95
0
0
0
0
1
4286 34
0
1
4287 230
1
4288 116
0
1
4289 67
1
4290 77
0
0
1
4291 40
0
0
0
0
1
4292 137
1
4293 75
0
1
4294 197
0
1
4295 224
0
1
4296 11
0
0
0
0
0
0
0
1
4297 208
1
4298 59
0
0
1
4299 8
0
1
4300 8
0
1
4301 83
1
4302 51
1
4303 10
0
1
4304 89
0
1
4305 30
1
4306 147
0
1
4307 17
0
0
0
0
0
0
0
0
0
1
4308 148
1
4309 94
0
1
4310 49
1
4311 21
0
1
4312 218
0
1
4313 175
0
1
4314 139
0
0
1
4315 180
1
4316 159
1
4317 11
0
0
0
0
0
0
1
4318 183
1
4319 217
1
4320 225
1
4321 137
1
4322 34
1
4323 225
1
4324 210
1
4325 72
0
1
4326 211
0
1
4327 182
1
4328 57
0
0
1
4329 222
0
1
4330 181
1
4331 90
1
4332 205
1
4333 34
1
4334 170
1
4335 229
0
0
0
1
4336 186
0
1
4337 48
1
4338 218
0
0
1
4339 84
0
0
0
1
4340 227
0
0
0
0
1
4341 215
1
4342 40
0
1
4343 122
0
0
1
4344 106
0
0
1
4345 143
1
4346 31
0
0
0
0
0
1
4347 212
1
4348 24
0
0
0
1
4349 24
0
1
4350 234
1
4351 83
0
1
4352 197
1
4353 65
1
4354 27
0
0
0
0
0
1
4355 108
1
4356 230
0
0
0
1
4357 147
0
0
1
4358 126
0
0
0
0
0
0
0
1
4359 35
0
0
0
1
4360 96
1
4361 141
1
4362 180
0
0
0
0
0
0
0
0
0
0
0
0
0
0
0
0
0
1
4363 209
0
0
0
1
4364 22
0
1
4365 16
1
4366 150
0
1
4367 22
0
1
4368 46
0
1
4369 223
1
4370 127
1
4371 10
1
4372 150
0
0
1
4373 31
0
0
0
1
4374 117
0
0
0
0
1
4375 184
1
4376 33
1
4377 108
0
1
4378 7
0
1
4379 12
0
1
4380 27
1
4381 159
1
4382 50
0
0
1
4383 29
0
0
1
4384 166
1
4385 225
1
4386 95
1
4387 75
1
4388 147
0
1
4389 212
0
1
4390 40
0
0
0
1
4391 44
1
4392 224
1
4393 127
1
4394 57
0
1
4395 68
0
1
4396 176
0
1
4397 48
0
1
4398 47
1
4399 19
0
0
0
1
4400 92
0
1
4401 197
1
4402 26
0
0
0
1
4403 213
0
1
4404 7
0
0
1
4405 39
1
4406 209
0
0
1
4407 169
0
0
1
4408 222
1
4409 80
0
1
4410 135
0
1
4411 62
0
0
0
0
1
4412 75
0
0
0
0
0
1
4413 187
1
4414 222
1
4415 205
0
0
1
4416 162
1
4417 17
1
4418 77
0
0
0
0
0
1
4419 165
0
1
4420 162
0
0
0
0
0
0
0
0
1
4421 211
0
0
0
0
1
4422 72
1
4423 51
1
4424 53
1
4425 9
0
0
0
1
4426 155
0
0
0
0
0
0
0
0
0
1
4427 174
0
0
1
4428 165
0
0
1
4429 194
0
0
0
0
1
4430 103
0
1
4431 207
0
1
4432 235
0
1
4433 74
0
0
1
4434 205
0
0
1
4435 102
1
4436 208
0
1
4437 220
1
4438 76
0
0
0
0
1
4439 76
1
4440 188
1
4441 48
0
0
1
4442 30
0
0
1
4443 12
0
1
4444 14
1
4445 232
0
1
4446 142
0
0
0
0
0
0
1
4447 121
0
0
0
0
0
0
0
0
0
0
0
0
1
4448 189
1
4449 89
1
4450 63
1
4451 166
0
0
0
1
4452 116
1
4453 231
1
4454 180
0
1
4455 53
0
0
0
1
4456 217
0
1
4457 182
0
0
0
1
4458 183
1
4459 131
0
1
4460 140
0
0
1
4461 105
0
1
4462 186
0
0
0
1
4463 80
0
0
1
4464 182
0
0
0
0
0
1
4465 164
0
1
4466 56
1
4467 194
1
4468 173
1
4469 28
1
4470 172
1
4471 82
0
0
1
4472 170
1
4473 21
0
0
0
0
0
0
0
0
0
0
1
4474 27
1
4475 221
0
0
0
1
4476 222
1
4477 44
0
1
4478 133
1
4479 211
0
0
0
0
0
1
4480 214
1
4481 42
0
1
4482 84
0
1
4483 108
0
0
0
1
4484 5
0
1
4485 156
0
0
0
1
4486 73
0
0
0
1
4487 135
0
1
4488 89
1
4489 165
1
4490 168
1
4491 121
0
1
4492 70
1
4493 114
0
0
0
0
0
0
0
1
4494 178
1
4495 177
0
0
0
0
0
0
1
4496 228
0
0
0
1
4497 177
0
0
1
4498 42
1
4499 23
0
0
1
4500 149
0
1
4501 6
0
1
4502 102
0
1
4503 163
1
4504 87
1
4505 42
0
1
4506 20
1
4507 223
0
1
4508 102
0
0
0
1
4509 153
0
1
4510 164
0
0
0
0
0
0
0
0
1
4511 195
0
1
4512 17
1
4513 148
1
4514 158
1
4515 50
0
1
4516 189
0
0
0
0
0
1
4517 209
0
0
1
4518 99
1
4519 65
0
0
0
1
4520 196
1
4521 103
0
0
1
4522 230
1
4523 181
1
4524 116
0
1
4525 225
1
4526 203
0
0
0
0
0
1
4527 179
0
1
4528 94
0
0
1
4529 61
0
1
4530 212
0
0
1
4531 188
1
4532 160
0
0
0
1
4533 63
1
4534 96
0
0
0
0
1
4535 24
0
1
4536 93
0
1
4537 128
0
1
4538 188
0
0
1
4539 183
0
1
4540 207
1
4541 65
0
1
4542 102
1
4543 156
0
0
1
4544 71
1
4545 222
0
0
1
4546 164
0
0
1
4547 128
1
4548 97
0
1
4549 76
0
0
0
0
1
4550 106
0
0
0
0
0
0
1
4551 131
1
4552 105
1
4553 106
1
4554 224
1
4555 193
0
0
0
0
0
1
4556 152
0
0
0
1
4557 166
0
0
0
0
0
1
4558 212
0
0
0
1
4559 178
0
0
1
4560 178
0
1
4561 224
0
0
0
1
4562 106
0
1
4563 50
0
0
1
4564 96
0
0
0
0
0
0
0
0
0
0
1
4565 100
0
1
4566 138
0
1
4567 178
0
1
4568 49
0
0
0
0
0
0
0
1
4569 16
1
4570 71
1
4571 136
0
0
1
4572 228
1
4573 174
1
4574 162
0
0
0
0
1
4575 75
0
0
1
4576 230
1
4577 118
1
4578 87
0
0
0
0
1
4579 120
0
1
4580 46
1
4581 191
0
0
0
0
0
1
4582 5
0
1
4583 173
0
0
0
1
4584 151
1
4585 196
0
0
0
0
0
1
4586 202
0
0
0
0
0
0
0
0
0
0
0
0
1
4587 19
1
4588 203
0
0
1
4589 69
0
0
1
4590 130
0
1
4591 145
0
0
0
0
1
4592 18
0
0
0
0
0
0
0
0
1
4593 196
0
0
0
0
0
0
0
0
0
0
1
4594 95
0
1
4595 75
1
4596 7
0
0
0
0
0
1
4597 157
0
0
0
0
1
4598 200
0
0
0
1
4599 113
0
1
4600 39
0
1
4601 84
0
1
4602 189
0
0
0
0
0
0
1
4603 225
1
4604 101
1
4605 96
0
0
0
0
0
0
0
0
0
0
1
4606 207
0
0
0
0
0
1
4607 127
0
1
4608 63
1
4609 181
0
0
1
4610 173
0
0
0
0
1
4611 59
1
4612 116
1
4613 24
0
0
0
1
4614 9
0
0
0
1
4615 52
1
4616 132
1
4617 149
0
0
0
0
1
4618 184
1
4619 72
0
0
0
0
0
0
0
0
1
4620 201
0
1
4621 203
0
0
0
1
4622 18
0
1
4623 116
1
4624 227
0
0
0
0
0
0
1
4625 221
0
0
0
0
1
4626 182
0
0
1
4627 140
0
0
0
0
0
0
0
0
0
1
4628 13
0
0
0
0
0
0
0
0
0
0
0
1
4629 223
0
0
0
1
4630 17
0
0
1
4631 114
0
0
0
0
0
0
1
4632 122
1
4633 188
0
0
0
0
0
1
4634 16
0
0
0
0
0
0
0
0
0
0
0
0
0
1
4635 17
1
4636 30
0
1
4637 114
0
0
0
0
0
1
4638 220
0
0
0
0
0
1
4639 124
0
1
4640 206
1
4641 184
0
0
0
0
0
1
4642 89
0
0
0
0
0
1
4643 173
0
0
0
0
0
0
0
0
0
0
0
0
0
1
4644 122
0
0
0
0
1
4645 176
0
0
1
4646 217
0
0
0
0
0
1
4647 150
1
4648 66
0
1
4649 89
0
0
0
0
0
0
0
1
4650 25
0
0
0
1
4651 44
0
1
4652 90
1
4653 40
0
0
0
0
1
4654 173
0
0
0
0
0
0
0
0
1
4655 15
0
0
1
4656 49
0
0
0
0
1
4657 228
1
4658 135
1
4659 222
0
0
0
0
0
0
0
0
0
0
0
0
0
0
0
0
0
0
0
0
0
1
4660 203
0
0
0
0
1
4661 230
0
0
0
1
4662 66
0
1
4663 167
0
0
0
1
4664 188
0
0
0
0
0
0
0
0
0
0
0
0
0
0
0
0
0
0
1
4665 79
0
0
0
0
0
0
0
0
0
0
0
0
0
0
0
0
0
0
1
4666 39
0
1
4667 32
0
0
0
0
0
0
0
0
0
0
0
0
1
4668 45
1
4669 184
0
0
0
0
0
0
0
0
1
4670 201
0
0
0
0
0
0
0
0
0
0
1
4671 188
0
0
0
1
4672 112
0
0
0
0
0
0
0
0
0
0
0
1
4673 164
0
0
1
4674 13
1
4675 117
0
0
0
1
4676 213
1
4677 162
0
0
0
1
4678 74
0
0
0
1
4679 210
0
0
0
0
0
0
0
0
0
0
0
1
4680 33
0
0
0
0
0
0
0
1
4681 144
1
4682 207
0
0
0
1
4683 126
0
0
0
0
0
1
4684 140
0
0
0
0
0
0
0
0
0
0
1
4685 3
0
0
0
0
0
0
0
0
0
0
0
1
4686 61
0
0
0
0
1
4687 142
0
0
0
0
0
0
0
0
0
0
0
0
0
0
0
1
4688 170
1
4689 213
1
4690 5
0
0
0
0
0
0
0
0
0
0
1
4691 134
0
0
0
0
0
0
0
1
4692 5
0
0
0
1
4693 225
0
0
0
0
0
0
0
1
4694 172
0
0
0
0
0
0
0
1
4695 116
0
0
1
4696 17
0
0
0
0
0
0
0
1
4697 206
1
4698 39
1
4699 213
0
0
1
4700 86
0
0
0
0
0
1
4701 89
1
4702 31
0
0
0
0
0
0
0
0
0
1
4703 22
0
0
1
4704 192
0
0
0
0
0
1
4705 14
0
1
4706 215
0
0
0
0
0
0
1
4707 155
0
0
0
1
4708 216
1
4709 22
1
4710 171
0
0
0
0
0
1
4711 113
0
0
0
0
0
1
4712 20
0
0
0
0
0
0
0
0
0
0
0
0
0
0
0
0
0
0
0
0
0
0
0
1
4713 169
0
0
0
1
4714 75
0
0
0
0
0
1
4715 128
0
0
1
4716 78
1
4717 100
0
1
4718 8
0
0
0
0
0
0
1
4719 182
0
0
0
1
4720 231
0
0
0
0
0
0
0
1
4721 227
0
0
0
0
0
1
4722 230
0
0
0
1
4723 226
0
0
0
1
4724 123
0
0
0
0
0
0
0
1
4725 52
1
4726 164
0
0
0
0
0
0
0
0
0
0
0
0
0
0
0
0
0
1
4727 162
0
0
0
1
4728 185
0
0
1
4729 163
0
0
0
0
0
0
0
0
0
0
0
0
0
0
0
0
1
4730 117
0
0
1
4731 203
0
0
0
0
0
0
0
0
0
1
4732 118
0
0
0
0
0
0
0
0
0
0
0
0
0
0
0
0
0
0
0
0
0
1
4733 81
0
0
0
0
0
0
0
0
0
0
1
4734 155
0
1
4735 17
0
0
0
0
0
0
0
0
0
0
0
1
4736 89
0
0
0
0
0
0
0
0
0
0
0
0
0
0
0
0
0
0
0
1
4737 109
0
0
0
0
0
0
0
0
0
0
0
0
0
0
0
0
0
0
0
1
4738 118
0
0
0
0
0
0
0
0
0
0
0
0
1
4739 86
0
0
0
0
1
4740 181
0
0
0
0
0
0
0
0
0
0
0
0
0
0
0
0
0
0
0
0
0
0
0
0
0
0
0
0
0
0
0
0
0
0
0
0
0
0
0
0
0
0
0
0
0
0
0
0
0
0
0
0
0
0
0
0
0
0
0
0
0
0
0
0
0
0
0
0
1
4741 213
0
0
0
0
0
0
0
0
0
0
0
0
0
0
0
1
4742 90
0
1
4743 50
0
0
1
4744 87
0
0
0
0
0
0
0
0
0
0
0
1
4745 226
1
4746 47
0
0
0
0
0
0
0
0
0
0
0
0
0
0
0
0
0
0
0
0
0
0
0
0
0
0
0
0
0
0
0
0
0
0
0
0
1
4747 129
0
0
1
4748 49
0
0
0
1
4749 22
0
0
0
0
0
0
0
0
0
0
0
0
0
0
0
0
1
4750 71
0
0
0
0
0
0
0
0
0
0
0
0
1
4751 203
0
0
0
0
0
0
0
0
0
0
0
0
0
0
0
0
0
0
0
0
0
0
0
0
0
0
0
0
0
0
0
0
0
0
0
0
0
0
0
0
0
0
0
1
4752 42
0
0
0
0
0
0
0
0
0
0
0
0
0
0
0
0
0
0
0
0
0
0
0
0
0
0
0
0
0
0
0
0
0
0
0
0
0
0
0
0
0
0
0
0
0
0
0
0
0
0
0
0
0
0
0
0
0
0
0
0
0
0
0
0
0
0
0
0
0
0
0
0
0
0
0
0
0
0
0
0
0
0
0
0
0
0
0
0
0
0
0
0
0
0
0
0
0
0
0
0
0
0
0
0
0
0
0
0
0
0
0
0
0
0
0
0
0
0
0
0
0
0
0
0
0
0
0
0
0
0
0
0
0
0
0
0
0
0
0
0
0
0
0
0
0
0
0
0
0
0
0
0
0
0
0
0
0
0
0
0
0
0
0
0
0
0
0
0
0
0
0
0
0
0
0
0
0
0
0
0
0
0
0
0
0
0
0
0
0
0
0
0
0
0
0
0
0
0
0
0
0
0
0
0
0
0
0
0
0
0
0
0
0
0
0
0
0
0
0
0
0
0
0
0
0
0
0
0
0
0
0
0
0
0
0
0
0
0
0
0
0
0
0
0
0
0
0
0
0
0
0
0
0
0
0
0
0
0
0
0
0
0
0
0
0
0
0
0
0
0
0
0
0
0
0
0
0
0
0
0
0
0
0
0
0
0
0
0
0
0
0
0
0
0
0
0
0
0
0
0
0
0
0
0
0
0
0
0
0
0
0
0
0
0
0
0
0
0
0
0
0
0
0
0
0
0
0
0
0
0
0
0
0
0
0
0
0
0
0
0
0
0
0
0
0
0
0
0
0
0
0
0
0
0
0
0
0
0
0
0
0
0
0
0
0
0
0
0
0
0
0
0
0
0
0
0
0
0
0
0
0
0
0
0
0
0
0
0
0
0
0
0
0
0
0
0
0
0
0
0
0
0
0
0
0
0
0
0
0
0
0
0
0
0
0
0
0
0
0
0
0
0
0
0
0
0
0
0
0
0
0
0
0
0
0
0
0
0
0
0
0
0
0
0
0
0
0
0
0
0
0
0
0
0
0
0
0
0
0
0
0
0
0
0
0
0
0
0
0
0
0
0
0
0
0
0
0
0
0
0
0
0
0
0
0
0
0
0
0
0
0
0
0
0
0
0
0
0
0
0
0
0
0
0
0
0
0
0
0
0
0
0
0
0
0
0
0
0
0
0
0
0
0
0
0
0
0
0
0
0
0
0
0
0
0
0
0
0
0
0
0
0
0
0
0
0
0
0
0
0
0
0
0
0
0
0
0
0
0
0
0
0
0
0
0
0
0
0
0
0
0
0
0
0
0
0
0
0
0
0
0
0
