288 440
162 207 4
253 37 2
286 185 4
28 121 3
244 223 3
230 233 4
150 43 3
208 60 3
93 192 2
14 273 3
212 145 5
172 53 3
63 249 2
81 55 4
117 268 2
195 284 3
247 268 2
129 16 4
93 94 4
29 34 3
3 209 3
253 200 2
193 272 3
191 241 3
10 191 3
269 26 3
33 69 4
225 116 2
194 45 4
276 83 2
22 229 4
123 2 3
140 272 5
82 280 4
181 54 3
116 278 3
208 155 3
157 162 4
257 81 4
165 27 4
211 71 5
277 274 1
189 187 2
256 173 3
227 126 2
266 167 5
41 78 2
161 244 4
128 222 3
175 214 3
104 95 4
231 234 2
182 35 3
173 163 3
138 212 4
190 28 2
110 260 3
142 157 3
88 106 2
70 138 3
90 44 3
38 9 2
115 91 2
266 85 2
107 215 2
19 267 3
70 212 2
263 171 3
134 150 1
164 221 4
91 101 3
188 149 4
22 187 3
243 132 3
100 80 4
117 176 3
200 37 2
7 229 3
50 231 3
168 105 3
273 33 2
37 17 1
139 12 3
82 120 4
285 233 2
234 68 3
169 3 4
256 124 5
74 166 2
152 128 4
220 246 4
5 64 2
137 6 4
66 72 5
245 275 4
122 141 2
89 168 2
158 251 1
63 71 3
145 21 4
196 172 1
117 235 2
165 170 3
80 215 3
261 77 3
228 102 5
79 58 3
233 169 4
211 118 3
81 203 3
78 266 4
287 62 2
257 175 2
45 102 4
41 20 3
136 123 4
178 252 3
232 238 4
275 143 2
287 25 4
246 23 3
223 206 3
194 87 2
113 275 3
85 122 5
9 107 1
257 262 4
155 179 3
24 235 4
285 169 2
242 94 4
210 193 3
247 229 1
236 67 3
18 144 4
269 185 5
189 36 3
195 108 3
97 6 4
147 65 2
143 54 3
181 130 3
150 32 5
193 76 2
246 288 2
186 98 3
263 45 4
130 54 2
71 68 4
201 236 2
31 26 4
130 26 5
250 43 2
76 153 5
190 269 2
127 13 2
236 270 2
142 94 4
41 241 3
149 112 3
174 153 2
239 92 4
53 178 3
254 183 3
11 42 4
103 69 4
120 183 5
62 25 3
75 111 2
267 6 1
160 230 5
200 213 2
74 25 3
80 145 3
1 92 5
143 164 4
89 52 4
40 123 3
227 43 4
112 158 4
271 276 6
35 281 3
213 37 3
191 227 4
182 205 3
159 10 4
162 42 4
49 238 3
125 176 3
276 90 4
125 59 3
15 264 3
48 146 3
28 269 2
57 192 4
23 84 4
255 225 2
264 156 3
204 125 4
40 4 3
97 194 3
106 149 3
99 36 4
119 14 2
11 216 3
2 252 3
221 284 4
215 9 3
140 236 3
5 204 4
177 42 3
151 218 2
219 247 4
107 48 3
177 157 3
282 198 3
221 108 4
110 127 3
230 170 3
96 248 3
273 231 2
88 112 4
7 247 2
273 68 3
222 187 4
5 57 3
220 91 4
88 188 4
197 186 3
165 15 3
174 30 3
180 75 3
167 83 3
113 245 3
62 166 1
174 72 4
265 272 5
98 255 3
39 95 3
21 9 3
82 39 2
29 111 3
8 240 2
53 47 4
105 180 2
173 184 4
243 219 3
132 22 3
77 61 3
39 120 3
148 279 2
197 95 3
104 82 4
217 93 2
246 84 3
119 66 3
237 178 4
114 285 5
238 106 3
87 202 3
183 196 2
280 248 4
195 31 4
228 258 4
194 102 3
139 151 5
21 38 3
92 141 5
270 67 2
23 103 3
78 122 3
100 288 3
209 73 2
46 155 5
156 186 3
220 288 3
205 17 4
199 267 3
3 62 2
207 70 2
131 278 3
134 44 4
180 29 3
137 19 4
64 57 3
202 64 3
121 190 3
139 47 3
226 99 4
211 69 3
241 51 2
7 268 2
135 65 3
220 277 4
262 214 5
192 87 5
56 240 2
196 47 3
101 181 4
58 218 3
191 126 4
129 89 3
206 226 5
245 148 2
52 168 2
271 150 5
264 27 2
188 184 4
198 14 2
250 126 2
60 232 3
259 204 4
206 161 2
166 287 1
286 146 3
248 239 4
283 110 3
109 24 5
228 281 3
242 199 3
133 223 2
212 142 4
222 132 3
99 161 3
100 115 5
163 208 3
200 17 1
103 84 2
265 210 2
280 1 3
76 207 3
13 55 3
128 243 3
131 170 3
163 232 4
46 240 2
67 201 3
184 283 3
101 146 4
239 266 3
121 213 3
153 224 3
96 104 5
176 24 3
159 108 4
10 250 3
235 7 3
48 101 2
129 285 3
134 250 4
209 114 3
20 51 4
15 160 5
114 240 3
216 177 3
260 256 3
50 30 3
224 210 2
30 234 2
113 148 1
8 179 5
251 171 4
203 175 1
60 49 5
19 286 5
118 63 3
50 72 3
73 49 4
135 158 4
59 147 3
32 44 4
16 105 4
171 136 2
77 152 4
59 144 4
287 3 4
219 268 2
255 278 3
34 52 3
258 2 2
226 189 4
140 201 3
202 144 4
38 199 3
109 147 4
274 288 4
16 160 3
27 225 4
94 217 3
33 68 3
279 245 2
237 12 4
8 56 3
167 271 3
277 279 3
282 66 5
55 127 3
74 154 4
79 1 3
61 152 5
133 262 3
192 217 4
275 86 2
56 46 3
86 164 3
185 253 3
270 11 5
67 61 3
168 111 3
283 256 2
98 116 3
260 124 1
95 186 4
18 251 2
244 214 3
224 265 2
281 237 4
259 216 3
13 65 3
259 261 3
40 154 2
138 282 3
18 135 4
284 86 3
12 205 3
51 31 5
32 90 3
179 34 3
198 119 3
137 182 2
151 58 2
136 258 3
254 196 4
185 200 4
197 156 4
29 75 2
154 4 1
20 241 3
30 249 3
218 79 2
10000
0
0
0
0
0
0
0
0
0
0
0
0
0
0
0
0
0
0
0
0
0
0
0
0
0
0
0
0
0
0
0
0
0
0
0
0
0
0
0
0
0
0
0
0
0
0
0
0
0
0
0
0
0
0
0
0
0
0
0
0
0
0
0
0
0
0
0
0
0
0
1
1 57
0
0
0
0
0
0
0
0
0
0
0
0
0
1
2 57
0
0
0
0
0
0
0
0
0
0
0
0
0
0
0
0
0
0
0
0
0
0
0
0
0
0
0
0
0
0
0
0
0
0
0
0
0
0
0
0
0
0
0
0
0
0
0
0
0
0
0
0
0
0
0
0
0
0
0
0
0
0
0
0
0
0
0
0
0
0
0
0
0
0
0
0
0
0
0
0
0
0
0
1
3 61
0
0
0
0
0
0
0
0
0
0
0
0
0
1
4 40
0
0
0
0
0
0
0
0
0
0
0
0
0
0
0
0
0
0
0
0
0
0
0
0
0
0
0
0
0
0
0
0
0
0
0
0
0
0
0
0
0
0
0
0
0
0
0
0
0
0
0
0
0
0
0
0
0
0
0
0
0
1
5 190
0
0
0
0
0
0
0
0
0
1
6 93
0
1
7 251
0
0
0
0
1
8 251
0
0
0
0
0
0
1
9 53
0
0
0
0
0
0
0
0
0
0
0
0
0
0
0
0
1
10 112
0
0
1
11 145
0
1
12 115
0
0
0
0
0
0
0
0
0
0
0
0
0
0
0
0
0
0
0
0
0
1
13 126
0
0
0
0
0
0
0
0
0
0
1
14 2
1
15 150
0
0
0
0
0
0
0
1
16 2
0
0
0
0
0
0
0
0
0
0
0
0
1
17 181
0
0
0
1
18 168
0
0
0
0
0
0
0
1
19 237
0
0
0
0
0
0
0
0
0
0
0
0
0
0
0
0
0
0
0
0
0
1
20 41
0
0
0
0
0
0
0
0
0
0
0
0
0
0
0
0
0
0
0
0
0
0
0
0
0
0
0
0
0
0
0
0
0
0
0
0
0
0
0
0
0
0
0
0
0
0
0
0
0
0
0
0
0
0
0
0
0
0
0
0
0
0
0
0
0
1
21 216
0
0
0
0
0
0
0
0
1
22 288
0
0
0
0
0
0
0
0
0
0
0
0
1
23 243
0
0
0
0
0
0
1
24 50
0
0
0
0
0
0
0
0
0
0
0
0
0
0
0
0
1
25 47
0
0
0
0
0
0
0
1
26 11
0
0
0
0
0
0
0
0
0
0
0
0
0
0
0
0
0
1
27 222
0
0
0
0
0
0
0
0
0
0
0
0
0
0
0
0
0
0
0
0
0
0
0
0
0
0
0
0
0
0
0
0
0
0
0
0
0
1
28 259
0
0
0
0
0
0
0
0
0
0
0
0
0
0
0
0
1
29 241
0
0
1
30 219
0
0
0
0
0
0
0
0
0
1
31 19
0
0
0
0
0
1
32 272
0
0
0
0
0
0
0
1
33 253
0
0
1
34 263
0
0
0
0
0
0
0
0
0
0
0
0
0
0
1
35 11
0
0
0
0
1
36 207
0
0
0
0
0
0
0
0
1
37 104
0
1
38 11
1
39 95
0
0
0
0
1
40 187
0
0
0
0
0
0
0
0
0
0
0
0
0
0
0
0
0
0
1
41 282
0
0
0
0
0
0
0
0
1
42 96
0
1
43 181
0
0
0
0
1
44 185
0
1
45 202
0
0
0
0
0
0
0
0
0
0
0
0
0
0
0
0
0
0
0
0
0
0
0
0
0
0
0
0
1
46 7
0
0
0
0
0
0
0
0
0
0
1
47 87
0
0
0
0
0
0
0
0
0
0
0
0
0
0
0
1
48 259
0
0
0
0
0
0
0
0
0
0
0
0
0
0
0
0
0
0
1
49 62
0
0
0
0
0
0
0
0
0
0
0
0
1
50 78
0
1
51 150
1
52 3
0
0
1
53 60
0
0
0
0
0
0
0
1
54 164
0
0
0
0
0
1
55 157
0
0
0
0
0
1
56 37
0
0
0
1
57 58
0
0
0
0
0
0
0
1
58 20
0
0
0
0
0
0
0
0
1
59 269
0
0
0
0
0
0
0
0
0
0
0
0
0
0
0
0
0
0
0
0
0
0
0
0
0
0
0
0
0
0
0
0
0
1
60 194
0
0
0
0
0
0
1
61 151
0
0
0
0
0
0
0
0
0
0
0
0
0
0
0
0
1
62 180
0
0
1
63 209
0
0
0
0
0
0
1
64 196
0
0
0
1
65 123
0
0
0
0
0
0
1
66 10
1
67 274
0
0
0
0
0
1
68 49
0
0
0
0
0
0
1
69 146
0
0
1
70 56
0
0
0
0
0
0
0
0
1
71 141
0
0
1
72 92
1
73 48
0
1
74 59
0
0
0
0
0
0
0
0
0
0
0
0
0
0
0
0
0
0
1
75 28
0
0
0
0
0
1
76 70
0
0
0
0
0
0
1
77 45
0
0
0
0
0
1
78 22
0
0
0
0
1
79 246
0
0
0
0
0
1
80 122
0
0
0
0
1
81 89
0
0
0
0
1
82 58
0
0
0
0
0
0
0
0
0
0
0
0
0
0
0
0
0
0
0
0
0
1
83 38
0
0
0
0
0
0
0
1
84 192
0
1
85 254
0
0
0
1
86 175
0
0
0
0
0
0
0
0
0
1
87 106
0
1
88 20
0
0
0
0
0
0
0
0
1
89 162
0
0
1
90 63
0
0
0
0
0
0
0
0
0
0
0
0
0
1
91 171
1
92 53
0
0
0
0
1
93 11
0
0
0
0
0
0
0
0
0
1
94 51
0
0
1
95 131
0
0
0
0
0
0
0
0
0
0
0
0
1
96 141
0
0
1
97 237
1
98 259
0
1
99 67
0
1
100 66
0
1
101 260
0
1
102 62
0
1
103 176
0
1
104 51
0
1
105 57
0
0
0
0
0
0
0
0
1
106 8
0
1
107 184
0
0
0
0
0
0
0
0
0
0
1
108 118
0
0
0
0
1
109 89
0
0
0
0
0
0
0
0
0
1
110 62
1
111 69
1
112 201
1
113 164
0
0
0
0
0
0
0
1
114 89
0
0
0
1
115 54
0
0
0
0
0
0
0
0
0
0
0
0
1
116 146
1
117 278
0
0
0
1
118 73
1
119 36
0
0
0
0
0
0
1
120 13
0
1
121 234
0
0
0
0
0
1
122 29
0
0
0
1
123 205
0
0
0
0
0
0
0
0
1
124 172
0
0
0
0
0
0
0
0
0
0
1
125 269
0
0
1
126 111
0
0
1
127 3
0
0
0
0
0
0
0
0
0
1
128 182
0
0
0
1
129 182
0
0
1
130 224
0
0
1
131 274
0
0
0
0
1
132 97
0
0
0
1
133 210
0
0
0
0
0
1
134 112
0
0
0
0
0
0
1
135 90
0
0
0
0
0
0
0
0
0
0
1
136 38
0
0
0
0
0
0
0
0
0
1
137 4
0
0
0
0
0
0
0
0
0
1
138 61
0
1
139 174
0
0
0
0
1
140 186
0
0
0
0
0
0
1
141 154
0
0
1
142 236
0
1
143 173
0
1
144 135
0
0
0
0
0
1
145 209
0
1
146 92
1
147 12
0
0
0
0
0
0
1
148 69
0
0
0
0
0
0
0
0
0
1
149 18
0
1
150 46
0
0
0
0
1
151 13
0
0
0
0
0
0
0
0
1
152 120
0
0
1
153 172
0
0
0
0
1
154 262
1
155 157
0
0
0
0
0
0
0
0
1
156 47
1
157 158
0
1
158 209
0
0
0
0
0
0
1
159 98
0
0
0
0
1
160 120
0
0
0
1
161 239
1
162 156
0
1
163 250
0
0
1
164 79
1
165 154
0
1
166 80
0
0
1
167 46
0
0
0
0
0
0
0
0
0
1
168 281
0
0
0
0
0
1
169 232
1
170 234
0
1
171 51
0
0
0
1
172 214
0
0
0
1
173 197
0
1
174 241
0
0
0
0
1
175 43
0
0
0
1
176 156
0
0
0
0
0
0
0
0
1
177 167
0
1
178 246
0
1
179 223
1
180 167
0
0
0
0
1
181 179
0
0
0
0
1
182 79
0
0
1
183 251
0
0
0
1
184 19
0
0
0
0
0
0
0
0
0
0
0
1
185 271
0
0
0
0
0
0
1
186 167
0
0
0
0
0
0
1
187 205
0
1
188 112
0
1
189 178
0
1
190 58
0
0
0
0
0
0
0
0
1
191 249
0
0
0
0
0
0
0
0
0
1
192 76
1
193 264
0
0
0
0
0
0
1
194 31
0
1
195 193
0
0
1
196 175
0
0
0
1
197 192
0
0
0
0
1
198 269
1
199 174
0
0
0
0
1
200 78
0
0
0
1
201 140
0
0
1
202 52
0
0
0
0
1
203 84
0
1
204 129
0
0
0
0
0
0
0
0
0
1
205 53
0
0
0
0
0
0
0
1
206 259
0
0
0
1
207 139
0
0
0
1
208 17
1
209 224
1
210 153
1
211 89
0
0
0
1
212 21
0
0
1
213 220
0
1
214 2
0
0
0
0
0
0
0
0
0
0
0
1
215 221
1
216 138
1
217 22
0
0
0
0
0
1
218 127
0
0
0
1
219 50
0
0
0
1
220 165
0
0
1
221 196
1
222 194
0
0
0
0
0
1
223 92
1
224 90
0
1
225 243
1
226 218
0
0
0
1
227 5
0
0
0
1
228 209
0
0
0
1
229 180
0
0
0
0
0
1
230 219
0
0
1
231 266
1
232 181
1
233 227
0
1
234 74
0
0
1
235 219
0
0
0
0
1
236 192
1
237 133
1
238 154
0
0
1
239 34
0
0
0
0
0
0
0
0
0
0
1
240 60
1
241 159
0
0
1
242 31
0
1
243 168
0
0
0
0
0
0
1
244 90
1
245 237
0
0
0
1
246 282
0
0
0
1
247 200
0
0
1
248 199
0
1
249 244
0
0
0
1
250 185
0
0
0
0
0
0
1
251 266
1
252 125
0
0
0
1
253 228
0
0
0
0
0
0
0
1
254 145
0
0
0
1
255 16
1
256 213
0
0
1
257 48
0
1
258 44
1
259 194
0
0
1
260 5
0
1
261 283
0
1
262 128
0
0
0
1
263 110
0
1
264 209
1
265 213
0
0
0
1
266 155
0
0
0
0
0
0
0
0
0
0
1
267 187
0
0
0
1
268 256
1
269 233
0
0
0
0
0
1
270 44
0
1
271 115
0
1
272 49
0
0
0
0
0
0
0
0
0
0
1
273 23
1
274 79
1
275 44
0
0
0
0
0
1
276 211
1
277 64
1
278 267
0
1
279 267
1
280 167
1
281 19
0
0
0
1
282 71
1
283 89
0
1
284 280
1
285 90
0
0
0
0
0
1
286 269
0
0
1
287 28
0
0
1
288 196
1
289 205
0
1
290 239
0
0
0
0
1
291 121
1
292 73
1
293 166
1
294 238
1
295 86
0
0
0
1
296 263
1
297 139
1
298 116
0
1
299 154
0
0
0
0
1
300 141
1
301 168
1
302 114
0
0
0
0
1
303 77
1
304 200
0
1
305 32
0
0
0
1
306 225
0
1
307 82
0
0
0
1
308 221
1
309 45
1
310 198
0
0
0
0
0
0
1
311 79
0
0
0
0
0
0
1
312 169
0
0
1
313 208
0
0
0
0
1
314 11
1
315 78
0
0
0
1
316 160
0
1
317 32
0
0
1
318 22
1
319 26
0
0
0
0
1
320 98
0
1
321 37
0
0
0
1
322 177
0
0
1
323 186
0
0
1
324 165
0
0
0
0
1
325 121
0
0
1
326 205
0
1
327 125
0
1
328 61
0
0
1
329 9
1
330 268
0
0
1
331 8
1
332 31
1
333 241
0
0
0
0
1
334 78
1
335 238
0
0
0
1
336 185
0
1
337 231
0
0
0
1
338 209
0
0
0
0
0
0
1
339 151
1
340 126
0
1
341 52
0
1
342 266
1
343 213
0
0
1
344 70
0
0
0
1
345 69
0
0
0
0
0
0
0
1
346 63
0
1
347 79
0
0
1
348 35
0
0
1
349 204
1
350 79
0
0
0
1
351 249
1
352 269
0
0
1
353 190
0
1
354 177
1
355 199
0
0
0
0
0
0
1
356 92
0
0
1
357 231
0
0
0
1
358 109
0
0
1
359 151
1
360 137
0
0
0
0
0
1
361 93
0
0
0
0
0
0
0
1
362 65
1
363 3
0
1
364 38
0
0
0
0
1
365 285
1
366 113
0
0
0
0
0
1
367 193
1
368 160
0
0
0
1
369 153
1
370 163
0
1
371 251
1
372 183
1
373 105
0
0
0
0
0
1
374 182
1
375 243
0
0
0
1
376 288
0
1
377 243
0
1
378 98
0
0
0
0
1
379 165
0
0
0
1
380 219
0
0
1
381 259
0
0
0
1
382 210
0
0
1
383 103
0
0
0
1
384 103
1
385 285
0
0
0
1
386 127
0
0
0
0
0
1
387 120
1
388 4
1
389 166
0
0
0
1
390 151
0
0
0
0
1
391 36
0
0
1
392 72
1
393 138
0
0
1
394 53
0
1
395 93
0
1
396 238
0
1
397 110
0
0
1
398 168
0
0
0
0
0
1
399 215
1
400 139
0
0
0
0
0
0
1
401 19
1
402 241
0
0
0
0
0
1
403 223
0
1
404 265
1
405 239
0
1
406 155
1
407 199
1
408 73
0
0
1
409 228
0
0
0
0
0
0
0
1
410 235
0
0
0
1
411 274
0
1
412 257
1
413 225
0
0
0
0
0
1
414 154
0
1
415 151
1
416 53
0
1
417 273
0
0
0
1
418 115
0
0
0
1
419 188
0
1
420 211
1
421 92
0
1
422 108
0
1
423 91
1
424 196
1
425 151
0
0
0
0
0
1
426 165
0
1
427 152
0
0
0
0
1
428 50
1
429 278
0
0
1
430 235
1
431 241
1
432 160
1
433 198
0
1
434 9
0
0
0
1
435 46
0
1
436 134
0
0
0
0
1
437 48
0
1
438 117
0
1
439 141
1
440 81
1
441 126
1
442 134
0
0
0
1
443 138
0
0
0
0
0
0
1
444 226
0
0
1
445 132
0
0
0
0
1
446 100
0
1
447 165
0
0
1
448 88
0
1
449 262
0
0
0
1
450 38
0
0
0
0
0
1
451 54
0
1
452 94
0
1
453 6
0
1
454 100
0
0
0
0
0
0
0
0
0
0
0
0
0
0
0
1
455 121
0
0
1
456 7
1
457 140
0
1
458 241
0
0
0
1
459 38
0
0
0
1
460 176
0
0
1
461 193
0
1
462 286
0
1
463 156
0
0
0
0
0
0
1
464 20
0
0
1
465 44
0
0
1
466 209
0
0
1
467 122
1
468 156
0
0
0
1
469 17
0
0
1
470 69
0
0
1
471 17
0
1
472 276
1
473 148
0
0
1
474 71
0
0
0
0
0
0
0
0
1
475 213
0
1
476 190
0
1
477 183
0
0
0
1
478 160
0
1
479 28
0
0
1
480 239
0
1
481 22
0
0
0
0
1
482 263
1
483 83
1
484 21
0
1
485 236
0
1
486 58
0
1
487 137
0
1
488 82
1
489 54
0
0
1
490 47
0
0
0
1
491 128
0
1
492 34
0
1
493 15
1
494 196
1
495 113
0
1
496 50
1
497 239
0
0
0
0
0
1
498 84
0
0
0
1
499 208
1
500 14
0
0
0
1
501 235
0
0
0
0
0
1
502 29
0
0
0
1
503 15
0
0
0
1
504 207
1
505 156
1
506 47
0
0
1
507 221
0
0
0
0
0
1
508 197
1
509 218
0
0
0
0
0
1
510 284
0
1
511 97
0
0
0
0
0
0
0
0
0
1
512 199
1
513 164
0
1
514 201
1
515 120
0
0
0
1
516 238
0
0
0
1
517 230
0
0
1
518 199
0
0
1
519 201
1
520 288
0
0
0
0
1
521 254
0
0
0
1
522 23
1
523 166
1
524 138
1
525 157
1
526 215
0
0
0
0
0
0
0
1
527 168
0
1
528 200
0
0
0
1
529 159
1
530 185
0
0
0
0
0
0
1
531 99
0
0
1
532 11
0
0
1
533 142
1
534 184
1
535 127
0
0
1
536 39
1
537 133
1
538 4
0
0
0
0
0
0
0
1
539 105
1
540 112
1
541 98
0
0
1
542 253
0
0
0
0
1
543 112
1
544 80
0
0
0
1
545 229
0
0
1
546 170
0
1
547 17
0
1
548 111
0
1
549 242
0
1
550 18
1
551 269
0
0
0
0
0
1
552 65
1
553 16
1
554 245
0
0
0
1
555 266
0
1
556 210
0
0
1
557 13
0
1
558 219
1
559 92
0
0
1
560 34
0
0
1
561 190
1
562 10
0
0
1
563 219
0
0
0
1
564 30
0
1
565 246
1
566 80
1
567 140
0
1
568 190
0
1
569 176
0
0
0
0
0
0
1
570 263
1
571 31
0
1
572 127
0
0
0
0
0
0
0
1
573 23
1
574 36
1
575 29
0
0
0
0
0
0
0
1
576 51
1
577 204
0
0
0
1
578 121
1
579 153
0
1
580 284
0
0
0
1
581 6
0
0
1
582 104
1
583 85
0
1
584 116
1
585 240
1
586 139
0
0
0
1
587 273
1
588 227
1
589 269
0
0
1
590 154
0
0
0
0
0
0
1
591 277
0
1
592 152
1
593 256
1
594 13
1
595 167
1
596 260
0
0
0
1
597 241
1
598 23
0
0
1
599 27
1
600 44
0
0
1
601 94
1
602 269
1
603 106
0
0
1
604 41
1
605 269
0
0
0
1
606 14
1
607 68
1
608 183
1
609 122
0
1
610 213
1
611 218
0
0
1
612 219
1
613 74
0
1
614 186
1
615 235
0
1
616 61
1
617 4
1
618 147
0
0
0
0
1
619 227
1
620 128
0
1
621 141
0
0
0
0
1
622 158
1
623 280
1
624 33
0
1
625 75
0
1
626 40
0
0
1
627 80
1
628 37
1
629 145
0
0
0
0
0
0
1
630 12
0
1
631 124
1
632 32
0
1
633 240
0
0
0
0
0
0
1
634 76
1
635 206
0
1
636 53
1
637 284
0
0
0
1
638 201
1
639 65
0
0
0
0
0
0
1
640 104
0
0
0
1
641 85
0
1
642 254
0
1
643 121
1
644 56
0
1
645 27
1
646 53
1
647 213
0
1
648 241
1
649 38
0
0
0
1
650 218
1
651 215
1
652 244
1
653 286
1
654 6
0
0
1
655 253
1
656 92
1
657 69
0
1
658 221
0
1
659 265
0
1
660 106
0
1
661 256
1
662 183
0
0
1
663 141
1
664 124
0
0
1
665 141
1
666 132
0
0
1
667 280
1
668 151
0
0
0
1
669 217
0
1
670 91
1
671 265
0
0
1
672 155
0
0
1
673 234
0
0
1
674 266
0
0
0
0
1
675 234
1
676 31
0
0
0
1
677 215
0
0
0
1
678 3
1
679 78
0
0
0
1
680 226
0
0
1
681 58
1
682 163
1
683 252
1
684 180
1
685 70
0
0
0
1
686 190
0
1
687 128
1
688 201
0
0
0
0
0
0
0
0
0
1
689 52
1
690 193
0
0
1
691 239
0
0
1
692 25
0
0
0
1
693 79
0
0
0
1
694 242
1
695 152
0
0
0
1
696 86
0
1
697 264
1
698 84
0
1
699 37
0
0
1
700 116
1
701 113
1
702 187
0
0
1
703 131
0
0
0
0
1
704 123
1
705 152
0
0
1
706 121
1
707 280
0
0
0
0
0
0
0
0
1
708 257
0
0
1
709 92
0
1
710 204
1
711 31
0
1
712 92
1
713 218
0
0
0
1
714 215
1
715 23
1
716 236
1
717 191
1
718 202
1
719 89
0
1
720 95
1
721 48
0
0
0
0
1
722 218
1
723 13
0
0
0
0
1
724 200
0
0
0
1
725 259
0
0
0
0
0
1
726 227
0
0
1
727 196
0
1
728 231
1
729 144
1
730 235
0
0
0
1
731 60
0
0
0
1
732 35
0
1
733 267
0
1
734 214
0
0
0
1
735 119
1
736 213
1
737 169
0
0
0
1
738 175
1
739 169
0
1
740 169
1
741 258
0
0
0
1
742 24
1
743 178
0
1
744 161
1
745 171
0
0
0
1
746 192
1
747 117
1
748 10
0
0
1
749 256
1
750 92
1
751 26
1
752 43
1
753 276
1
754 259
1
755 146
1
756 105
1
757 175
1
758 283
0
1
759 70
1
760 26
0
0
0
0
1
761 260
1
762 86
1
763 115
0
1
764 173
1
765 276
0
0
1
766 212
1
767 280
0
0
1
768 205
1
769 118
0
1
770 164
1
771 122
0
0
1
772 153
1
773 253
1
774 169
1
775 262
1
776 80
1
777 236
0
0
0
0
0
1
778 20
1
779 139
0
0
0
1
780 221
0
0
0
0
1
781 195
1
782 96
0
1
783 273
1
784 241
0
1
785 115
0
0
1
786 265
0
0
0
1
787 224
0
1
788 121
1
789 287
0
1
790 62
1
791 283
1
792 120
0
0
1
793 244
0
0
1
794 212
0
1
795 174
1
796 28
1
797 241
0
0
0
1
798 13
0
1
799 63
1
800 282
1
801 116
1
802 47
1
803 254
1
804 66
0
0
1
805 113
0
0
0
1
806 148
0
0
0
1
807 260
0
1
808 6
0
0
0
0
1
809 269
1
810 250
0
1
811 229
0
0
1
812 262
0
1
813 112
1
814 242
1
815 139
0
1
816 265
1
817 190
0
1
818 194
1
819 186
1
820 98
0
1
821 2
0
0
1
822 88
1
823 112
1
824 153
1
825 31
0
0
1
826 185
1
827 25
1
828 66
0
1
829 113
0
0
0
1
830 141
1
831 102
1
832 30
0
1
833 127
1
834 139
1
835 227
1
836 86
1
837 87
0
0
1
838 140
1
839 149
1
840 107
1
841 268
0
0
1
842 270
0
1
843 20
1
844 227
1
845 71
0
0
0
1
846 104
1
847 132
0
0
0
0
1
848 101
1
849 180
0
0
1
850 50
1
851 134
1
852 241
1
853 258
0
0
1
854 157
1
855 48
1
856 230
0
0
0
1
857 110
1
858 262
0
1
859 35
1
860 76
0
0
1
861 258
1
862 199
0
0
0
0
0
1
863 262
0
0
0
0
1
864 35
0
1
865 98
1
866 241
1
867 269
1
868 280
0
1
869 278
1
870 266
1
871 26
1
872 133
1
873 218
1
874 266
0
1
875 163
1
876 108
1
877 18
1
878 111
1
879 204
0
0
0
1
880 199
1
881 40
1
882 190
0
0
0
1
883 278
0
1
884 240
1
885 200
0
1
886 30
1
887 269
0
0
1
888 183
0
0
0
1
889 113
1
890 170
0
0
1
891 149
1
892 44
1
893 14
0
0
1
894 203
0
0
0
0
1
895 151
1
896 36
0
1
897 12
1
898 56
0
0
0
1
899 283
1
900 25
1
901 141
1
902 92
1
903 151
1
904 241
0
0
1
905 248
0
1
906 11
0
0
0
1
907 112
0
1
908 41
1
909 153
1
910 259
0
1
911 178
0
1
912 280
0
0
0
1
913 100
0
1
914 275
1
915 265
1
916 118
0
1
917 6
1
918 98
0
1
919 44
0
0
1
920 219
0
0
0
0
1
921 202
0
1
922 131
1
923 262
0
0
0
1
924 78
0
1
925 121
0
0
0
0
0
0
0
0
1
926 99
1
927 259
1
928 145
1
929 63
0
1
930 94
1
931 59
1
932 120
0
1
933 165
1
934 181
1
935 15
0
0
1
936 47
1
937 91
1
938 57
1
939 57
1
940 7
1
941 196
1
942 55
0
1
943 17
1
944 49
1
945 162
1
946 78
1
947 79
1
948 185
1
949 184
0
0
0
1
950 185
1
951 79
1
952 219
0
1
953 203
0
0
1
954 82
0
0
1
955 145
0
1
956 241
0
0
1
957 265
1
958 80
0
1
959 69
1
960 219
1
961 44
1
962 251
1
963 242
0
0
0
1
964 174
1
965 56
1
966 103
0
1
967 166
0
1
968 210
1
969 90
1
970 11
1
971 245
1
972 107
1
973 92
1
974 53
1
975 251
1
976 89
1
977 194
1
978 44
1
979 178
1
980 139
0
0
0
1
981 43
1
982 218
1
983 141
1
984 79
1
985 152
1
986 168
0
0
0
0
1
987 142
0
0
1
988 37
0
0
0
0
1
989 8
1
990 120
1
991 280
1
992 177
1
993 31
0
1
994 67
1
995 41
1
996 287
1
997 30
1
998 37
1
999 163
1
1000 157
0
1
1001 147
1
1002 163
1
1003 19
1
1004 196
0
0
1
1005 16
1
1006 13
1
1007 79
1
1008 226
0
1
1009 280
1
1010 228
1
1011 191
0
1
1012 276
0
0
0
1
1013 93
1
1014 173
1
1015 156
0
1
1016 18
0
0
0
1
1017 95
1
1018 281
0
0
1
1019 96
1
1020 225
1
1021 189
0
1
1022 126
1
1023 92
1
1024 60
1
1025 249
1
1026 119
1
1027 79
0
1
1028 287
0
1
1029 128
1
1030 18
0
1
1031 20
0
0
1
1032 132
0
1
1033 196
1
1034 53
0
0
1
1035 90
0
0
0
0
0
0
1
1036 11
1
1037 51
1
1038 247
1
1039 228
1
1040 231
0
1
1041 275
1
1042 171
0
1
1043 121
1
1044 189
1
1045 28
1
1046 180
0
1
1047 16
1
1048 132
0
1
1049 75
1
1050 207
0
0
0
0
1
1051 163
0
0
1
1052 273
1
1053 86
0
0
0
1
1054 145
0
1
1055 278
1
1056 211
0
1
1057 205
1
1058 141
1
1059 53
0
0
1
1060 245
1
1061 90
1
1062 103
1
1063 241
1
1064 79
1
1065 6
1
1066 276
0
1
1067 136
0
1
1068 74
1
1069 240
1
1070 84
1
1071 112
0
1
1072 94
1
1073 183
1
1074 224
1
1075 229
0
1
1076 269
0
1
1077 256
1
1078 206
1
1079 232
1
1080 165
0
0
0
1
1081 269
1
1082 13
1
1083 97
1
1084 78
1
1085 124
0
0
1
1086 79
0
1
1087 274
1
1088 53
1
1089 217
1
1090 92
1
1091 151
1
1092 214
1
1093 38
1
1094 229
1
1095 276
0
1
1096 262
1
1097 130
1
1098 54
1
1099 169
0
0
0
1
1100 271
1
1101 52
1
1102 24
1
1103 243
1
1104 28
0
0
1
1105 111
1
1106 266
0
1
1107 34
1
1108 288
0
1
1109 262
1
1110 179
1
1111 101
1
1112 54
1
1113 159
1
1114 167
0
1
1115 150
1
1116 154
1
1117 260
1
1118 233
1
1119 283
0
1
1120 148
1
1121 250
1
1122 204
1
1123 222
1
1124 79
1
1125 41
1
1126 31
0
1
1127 75
0
1
1128 271
1
1129 42
1
1130 148
1
1131 87
1
1132 222
0
1
1133 83
1
1134 92
1
1135 275
1
1136 96
0
0
1
1137 120
1
1138 109
1
1139 257
0
0
0
0
0
1
1140 28
0
1
1141 81
0
1
1142 281
1
1143 209
1
1144 136
1
1145 284
0
0
1
1146 79
1
1147 122
1
1148 263
1
1149 220
1
1150 269
0
1
1151 28
0
1
1152 194
1
1153 78
1
1154 76
1
1155 205
1
1156 154
0
1
1157 255
1
1158 228
0
1
1159 15
1
1160 8
0
0
1
1161 230
1
1162 225
1
1163 287
0
1
1164 18
1
1165 277
1
1166 224
1
1167 254
1
1168 263
1
1169 3
0
0
1
1170 216
1
1171 35
1
1172 243
1
1173 164
1
1174 145
0
1
1175 121
1
1176 71
0
1
1177 155
0
1
1178 117
1
1179 239
0
0
1
1180 74
1
1181 197
0
1
1182 58
1
1183 81
0
1
1184 142
1
1185 2
0
1
1186 88
1
1187 38
1
1188 118
1
1189 44
0
1
1190 280
1
1191 29
1
1192 239
1
1193 86
0
1
1194 33
1
1195 210
0
1
1196 184
1
1197 65
1
1198 222
1
1199 284
1
1200 74
0
1
1201 93
1
1202 46
0
1
1203 252
1
1204 187
1
1205 9
0
1
1206 255
1
1207 137
0
0
1
1208 80
1
1209 47
1
1210 37
1
1211 206
1
1212 179
1
1213 46
1
1214 78
1
1215 111
0
1
1216 253
0
1
1217 285
0
0
1
1218 284
0
1
1219 181
1
1220 62
0
0
0
1
1221 45
0
0
1
1222 179
1
1223 180
1
1224 243
1
1225 206
0
1
1226 53
0
1
1227 278
1
1228 232
1
1229 94
1
1230 239
1
1231 198
0
0
1
1232 154
1
1233 63
1
1234 30
1
1235 35
1
1236 132
1
1237 193
1
1238 44
0
1
1239 248
1
1240 261
1
1241 53
1
1242 116
1
1243 19
1
1244 158
0
0
0
1
1245 227
1
1246 36
0
0
0
1
1247 210
1
1248 53
1
1249 16
1
1250 158
1
1251 51
1
1252 268
0
0
1
1253 221
1
1254 27
1
1255 187
1
1256 169
1
1257 164
0
1
1258 198
0
1
1259 247
1
1260 199
1
1261 141
1
1262 229
0
1
1263 158
1
1264 42
1
1265 202
1
1266 53
1
1267 242
0
1
1268 22
1
1269 250
0
0
1
1270 22
0
0
1
1271 128
1
1272 221
1
1273 49
1
1274 53
1
1275 277
0
1
1276 144
1
1277 8
1
1278 127
1
1279 213
1
1280 154
1
1281 103
0
0
0
0
1
1282 111
0
1
1283 235
1
1284 86
1
1285 80
1
1286 37
1
1287 200
1
1288 114
0
0
1
1289 239
0
1
1290 269
0
0
1
1291 264
1
1292 181
1
1293 23
1
1294 200
1
1295 286
1
1296 124
1
1297 71
1
1298 52
0
1
1299 90
1
1300 242
1
1301 47
1
1302 126
1
1303 255
1
1304 282
1
1305 161
1
1306 121
0
1
1307 41
0
0
0
0
1
1308 179
0
1
1309 26
1
1310 223
0
1
1311 20
0
0
1
1312 139
1
1313 152
1
1314 107
1
1315 206
0
0
0
1
1316 105
1
1317 140
0
0
1
1318 135
1
1319 280
1
1320 52
0
1
1321 98
0
1
1322 4
1
1323 120
1
1324 244
1
1325 150
1
1326 119
1
1327 154
1
1328 11
1
1329 142
0
1
1330 23
1
1331 271
1
1332 107
0
1
1333 170
1
1334 122
1
1335 286
1
1336 286
1
1337 182
0
1
1338 4
1
1339 47
1
1340 186
1
1341 260
1
1342 167
0
0
1
1343 86
1
1344 182
0
0
1
1345 162
1
1346 110
1
1347 47
1
1348 78
1
1349 276
1
1350 47
1
1351 143
1
1352 230
1
1353 246
1
1354 269
1
1355 155
1
1356 119
0
0
0
1
1357 31
1
1358 100
0
1
1359 246
0
1
1360 156
0
0
1
1361 7
1
1362 67
1
1363 216
0
1
1364 156
1
1365 241
1
1366 63
1
1367 191
0
0
0
0
0
1
1368 191
0
0
0
1
1369 198
1
1370 231
1
1371 277
1
1372 37
0
0
1
1373 176
0
0
0
0
1
1374 82
0
1
1375 196
1
1376 93
1
1377 203
1
1378 42
1
1379 202
1
1380 126
0
0
0
0
1
1381 116
1
1382 27
0
1
1383 231
1
1384 7
1
1385 113
0
1
1386 191
0
0
1
1387 261
1
1388 28
1
1389 92
1
1390 213
1
1391 113
1
1392 102
1
1393 188
1
1394 280
0
1
1395 224
0
1
1396 174
1
1397 281
1
1398 42
1
1399 14
1
1400 105
1
1401 70
1
1402 24
1
1403 178
1
1404 79
1
1405 41
1
1406 101
0
0
1
1407 258
1
1408 239
1
1409 85
1
1410 182
1
1411 276
1
1412 273
1
1413 124
0
1
1414 74
0
0
0
1
1415 193
1
1416 194
0
1
1417 205
1
1418 56
1
1419 116
1
1420 280
0
0
0
1
1421 83
1
1422 57
1
1423 21
1
1424 53
1
1425 178
0
1
1426 279
1
1427 205
1
1428 212
1
1429 235
1
1430 33
1
1431 24
1
1432 12
1
1433 182
1
1434 52
1
1435 70
1
1436 180
1
1437 78
1
1438 262
1
1439 32
1
1440 175
0
0
0
1
1441 142
1
1442 213
1
1443 92
1
1444 222
0
1
1445 239
1
1446 12
1
1447 262
1
1448 97
1
1449 276
0
1
1450 74
0
1
1451 51
0
0
1
1452 91
1
1453 37
1
1454 79
0
1
1455 270
1
1456 186
1
1457 37
0
0
1
1458 242
1
1459 202
0
1
1460 217
0
0
0
1
1461 244
1
1462 225
1
1463 98
1
1464 171
1
1465 6
1
1466 61
1
1467 78
1
1468 287
1
1469 87
1
1470 4
1
1471 147
1
1472 77
1
1473 148
0
0
0
1
1474 39
1
1475 241
0
1
1476 78
1
1477 238
1
1478 218
0
1
1479 49
0
0
0
1
1480 32
0
1
1481 84
1
1482 49
1
1483 257
1
1484 181
1
1485 198
1
1486 60
1
1487 4
1
1488 59
0
1
1489 183
1
1490 214
0
1
1491 232
0
1
1492 69
1
1493 235
1
1494 36
1
1495 155
1
1496 76
1
1497 119
1
1498 128
0
0
0
1
1499 27
1
1500 87
1
1501 190
1
1502 158
0
0
1
1503 73
1
1504 69
0
1
1505 115
1
1506 234
1
1507 20
0
1
1508 34
0
0
1
1509 10
0
0
1
1510 100
1
1511 262
1
1512 165
1
1513 159
1
1514 269
1
1515 34
1
1516 194
0
0
1
1517 278
1
1518 31
1
1519 43
0
1
1520 159
1
1521 274
1
1522 29
0
1
1523 275
1
1524 120
0
1
1525 152
1
1526 264
0
1
1527 201
1
1528 283
1
1529 110
1
1530 37
1
1531 77
1
1532 116
1
1533 160
1
1534 85
1
1535 195
1
1536 247
1
1537 34
1
1538 239
0
1
1539 261
1
1540 227
0
1
1541 47
1
1542 245
0
0
1
1543 205
1
1544 189
1
1545 32
0
1
1546 158
0
0
0
1
1547 111
1
1548 51
1
1549 45
1
1550 143
1
1551 101
1
1552 256
1
1553 207
1
1554 88
0
1
1555 218
0
1
1556 46
0
1
1557 216
1
1558 9
1
1559 226
1
1560 224
0
1
1561 246
1
1562 161
1
1563 245
1
1564 211
1
1565 43
1
1566 269
1
1567 119
1
1568 171
0
1
1569 141
1
1570 213
1
1571 133
1
1572 77
0
1
1573 201
0
1
1574 182
0
1
1575 127
1
1576 96
1
1577 103
1
1578 134
0
0
1
1579 239
0
1
1580 8
1
1581 22
1
1582 256
0
0
1
1583 9
1
1584 221
1
1585 66
1
1586 153
0
1
1587 57
1
1588 101
1
1589 102
0
1
1590 17
1
1591 90
0
1
1592 64
1
1593 163
1
1594 153
1
1595 212
1
1596 120
1
1597 224
1
1598 67
1
1599 151
1
1600 220
0
1
1601 135
0
1
1602 168
1
1603 137
1
1604 31
1
1605 69
1
1606 38
0
1
1607 236
0
1
1608 125
1
1609 12
1
1610 281
0
1
1611 66
1
1612 168
1
1613 132
1
1614 201
0
1
1615 171
1
1616 31
1
1617 95
1
1618 242
0
1
1619 224
0
0
1
1620 245
0
1
1621 91
0
1
1622 64
1
1623 57
1
1624 34
1
1625 151
1
1626 3
1
1627 142
0
1
1628 79
0
0
0
1
1629 92
1
1630 277
0
1
1631 177
0
0
0
1
1632 28
1
1633 197
1
1634 83
1
1635 204
1
1636 176
1
1637 119
1
1638 28
0
1
1639 221
1
1640 263
1
1641 131
1
1642 256
1
1643 189
1
1644 162
1
1645 214
1
1646 12
1
1647 210
1
1648 155
1
1649 170
0
1
1650 64
1
1651 284
0
1
1652 154
1
1653 280
1
1654 48
0
1
1655 222
1
1656 162
1
1657 193
1
1658 260
1
1659 204
1
1660 94
1
1661 207
0
1
1662 67
1
1663 224
1
1664 139
1
1665 58
1
1666 185
1
1667 79
0
1
1668 2
1
1669 175
0
1
1670 120
0
1
1671 100
1
1672 281
1
1673 133
1
1674 89
1
1675 53
0
0
1
1676 175
1
1677 8
1
1678 283
1
1679 266
0
0
1
1680 151
0
1
1681 170
1
1682 109
1
1683 228
1
1684 2
1
1685 122
1
1686 60
1
1687 92
1
1688 158
1
1689 92
1
1690 95
1
1691 68
1
1692 269
1
1693 31
1
1694 5
0
1
1695 179
1
1696 3
1
1697 263
0
1
1698 144
1
1699 94
1
1700 121
1
1701 28
1
1702 172
1
1703 241
0
1
1704 62
1
1705 179
0
1
1706 64
1
1707 253
1
1708 202
0
1
1709 274
1
1710 269
1
1711 205
1
1712 227
1
1713 200
1
1714 186
1
1715 172
1
1716 255
1
1717 65
1
1718 27
1
1719 42
1
1720 171
1
1721 232
1
1722 30
1
1723 203
0
1
1724 213
1
1725 114
1
1726 176
1
1727 123
1
1728 166
1
1729 50
1
1730 2
1
1731 98
1
1732 154
1
1733 178
1
1734 41
1
1735 119
0
0
1
1736 188
1
1737 101
1
1738 111
1
1739 51
1
1740 58
0
0
1
1741 239
1
1742 266
1
1743 101
1
1744 263
1
1745 258
0
1
1746 72
1
1747 136
0
1
1748 169
1
1749 78
1
1750 123
1
1751 161
1
1752 118
1
1753 234
1
1754 141
1
1755 125
1
1756 66
1
1757 53
0
1
1758 128
1
1759 243
1
1760 216
1
1761 150
0
1
1762 115
1
1763 52
1
1764 178
0
1
1765 9
0
1
1766 78
1
1767 83
0
1
1768 254
0
1
1769 200
1
1770 258
0
1
1771 273
1
1772 218
1
1773 183
1
1774 48
1
1775 248
1
1776 46
1
1777 53
1
1778 215
0
0
1
1779 117
1
1780 260
1
1781 54
1
1782 93
1
1783 31
1
1784 54
1
1785 37
1
1786 240
1
1787 8
1
1788 9
1
1789 75
1
1790 215
1
1791 105
1
1792 103
0
1
1793 255
1
1794 53
0
1
1795 201
0
1
1796 194
1
1797 124
0
1
1798 150
1
1799 257
1
1800 169
1
1801 239
1
1802 182
1
1803 78
0
1
1804 182
1
1805 178
0
1
1806 48
1
1807 161
1
1808 192
1
1809 101
0
1
1810 17
1
1811 153
1
1812 226
1
1813 155
1
1814 52
1
1815 6
1
1816 162
1
1817 47
1
1818 31
1
1819 77
1
1820 157
1
1821 47
0
1
1822 15
1
1823 284
1
1824 131
0
1
1825 272
1
1826 15
1
1827 282
1
1828 141
0
0
1
1829 238
1
1830 209
1
1831 158
1
1832 223
0
0
1
1833 69
1
1834 180
1
1835 264
1
1836 92
0
1
1837 281
0
1
1838 50
1
1839 18
1
1840 253
1
1841 213
1
1842 41
1
1843 173
1
1844 71
1
1845 205
1
1846 138
1
1847 52
1
1848 51
1
1849 6
1
1850 78
1
1851 177
1
1852 51
1
1853 256
0
1
1854 218
1
1855 211
0
1
1856 87
1
1857 226
1
1858 85
0
1
1859 262
1
1860 200
1
1861 51
1
1862 254
1
1863 166
1
1864 191
1
1865 91
0
1
1866 173
0
1
1867 278
1
1868 195
1
1869 43
0
0
1
1870 280
1
1871 41
0
1
1872 282
1
1873 167
0
1
1874 279
1
1875 40
1
1876 254
1
1877 176
1
1878 29
0
0
1
1879 165
1
1880 108
1
1881 108
0
1
1882 275
1
1883 67
1
1884 82
1
1885 165
1
1886 161
1
1887 182
0
1
1888 28
1
1889 211
1
1890 17
1
1891 254
1
1892 175
1
1893 174
1
1894 172
1
1895 90
1
1896 278
1
1897 217
1
1898 259
1
1899 163
1
1900 146
0
1
1901 31
1
1902 284
0
1
1903 198
1
1904 141
1
1905 19
1
1906 163
1
1907 99
1
1908 203
1
1909 20
1
1910 34
1
1911 58
1
1912 240
1
1913 236
0
1
1914 167
0
1
1915 254
1
1916 244
0
1
1917 119
1
1918 58
0
0
1
1919 230
0
1
1920 228
1
1921 192
1
1922 178
1
1923 176
1
1924 134
1
1925 155
1
1926 275
1
1927 167
1
1928 37
1
1929 122
0
1
1930 182
1
1931 215
1
1932 24
1
1933 65
1
1934 152
1
1935 79
1
1936 247
1
1937 181
1
1938 285
1
1939 239
0
1
1940 28
1
1941 267
1
1942 105
0
1
1943 164
0
1
1944 259
1
1945 8
1
1946 119
1
1947 20
1
1948 262
1
1949 18
1
1950 72
1
1951 58
0
1
1952 60
1
1953 226
1
1954 262
1
1955 17
1
1956 167
1
1957 99
1
1958 223
1
1959 251
1
1960 238
1
1961 201
1
1962 126
0
1
1963 196
1
1964 102
1
1965 95
1
1966 57
1
1967 25
1
1968 274
1
1969 71
1
1970 104
1
1971 266
1
1972 266
1
1973 152
1
1974 91
1
1975 139
1
1976 160
0
1
1977 48
0
1
1978 64
1
1979 196
1
1980 57
1
1981 147
1
1982 274
0
1
1983 18
1
1984 195
1
1985 168
1
1986 93
1
1987 97
1
1988 259
0
1
1989 178
1
1990 88
1
1991 28
1
1992 178
1
1993 211
1
1994 213
1
1995 70
1
1996 200
0
1
1997 69
1
1998 14
1
1999 106
0
0
1
2000 240
1
2001 182
0
1
2002 28
1
2003 25
1
2004 72
1
2005 260
1
2006 82
1
2007 213
1
2008 58
1
2009 253
1
2010 121
1
2011 86
0
0
0
1
2012 285
1
2013 37
1
2014 18
1
2015 247
0
1
2016 42
1
2017 213
1
2018 266
0
1
2019 131
0
1
2020 7
0
1
2021 122
1
2022 59
0
1
2023 123
1
2024 38
1
2025 183
0
0
1
2026 59
1
2027 183
1
2028 35
1
2029 74
1
2030 246
1
2031 40
1
2032 95
1
2033 95
1
2034 120
1
2035 77
1
2036 247
1
2037 147
1
2038 241
1
2039 82
1
2040 233
1
2041 164
0
1
2042 238
1
2043 17
1
2044 74
1
2045 155
0
1
2046 270
1
2047 106
1
2048 245
0
1
2049 276
1
2050 93
1
2051 184
1
2052 32
1
2053 79
1
2054 114
1
2055 178
1
2056 144
1
2057 283
0
1
2058 146
1
2059 100
0
1
2060 44
1
2061 274
1
2062 84
1
2063 152
1
2064 120
1
2065 118
0
0
1
2066 28
1
2067 53
1
2068 38
1
2069 122
1
2070 125
1
2071 195
0
1
2072 50
1
2073 57
1
2074 212
1
2075 252
0
0
1
2076 162
1
2077 78
1
2078 20
0
0
1
2079 168
1
2080 69
1
2081 233
1
2082 16
1
2083 177
1
2084 83
1
2085 253
1
2086 234
0
1
2087 72
1
2088 86
1
2089 36
1
2090 128
0
1
2091 78
1
2092 41
1
2093 202
1
2094 42
0
1
2095 212
1
2096 176
1
2097 210
0
1
2098 194
1
2099 191
1
2100 208
1
2101 258
0
1
2102 14
0
1
2103 106
1
2104 28
1
2105 107
1
2106 69
1
2107 77
1
2108 37
1
2109 239
0
1
2110 274
1
2111 148
1
2112 39
1
2113 78
1
2114 238
1
2115 196
1
2116 227
1
2117 231
1
2118 178
1
2119 122
1
2120 16
1
2121 72
1
2122 274
0
1
2123 138
1
2124 239
1
2125 209
1
2126 122
1
2127 272
1
2128 84
1
2129 115
0
1
2130 266
1
2131 49
1
2132 27
1
2133 205
1
2134 199
1
2135 230
0
1
2136 121
1
2137 125
0
1
2138 228
1
2139 38
1
2140 211
1
2141 61
1
2142 70
1
2143 274
0
1
2144 273
1
2145 122
0
1
2146 235
0
1
2147 104
1
2148 40
1
2149 106
1
2150 185
1
2151 50
1
2152 148
1
2153 287
1
2154 179
0
1
2155 251
1
2156 99
1
2157 285
1
2158 231
1
2159 64
0
1
2160 125
1
2161 85
0
1
2162 53
1
2163 90
1
2164 136
0
1
2165 117
1
2166 115
1
2167 198
1
2168 237
1
2169 162
1
2170 212
1
2171 10
1
2172 144
0
1
2173 146
1
2174 222
1
2175 128
1
2176 123
1
2177 105
1
2178 78
1
2179 190
1
2180 165
1
2181 261
1
2182 172
0
1
2183 267
1
2184 286
1
2185 63
1
2186 253
1
2187 85
1
2188 17
1
2189 215
1
2190 281
0
1
2191 80
1
2192 29
1
2193 111
1
2194 247
1
2195 89
0
0
1
2196 54
1
2197 269
1
2198 186
1
2199 37
1
2200 200
1
2201 226
1
2202 44
1
2203 254
0
1
2204 172
1
2205 150
0
0
1
2206 158
1
2207 155
0
1
2208 33
1
2209 241
1
2210 267
1
2211 113
1
2212 120
1
2213 45
1
2214 239
1
2215 229
1
2216 222
1
2217 154
1
2218 88
1
2219 91
0
1
2220 198
1
2221 227
1
2222 37
0
1
2223 218
1
2224 54
1
2225 52
1
2226 191
1
2227 129
1
2228 144
1
2229 126
1
2230 147
1
2231 130
1
2232 158
1
2233 237
1
2234 28
1
2235 286
1
2236 9
0
1
2237 43
1
2238 263
1
2239 175
1
2240 15
0
0
1
2241 86
1
2242 167
1
2243 134
1
2244 203
1
2245 54
0
0
1
2246 152
1
2247 36
1
2248 20
1
2249 114
1
2250 83
1
2251 24
1
2252 255
1
2253 242
1
2254 284
1
2255 211
1
2256 148
1
2257 64
1
2258 13
1
2259 33
1
2260 282
1
2261 21
1
2262 162
1
2263 173
0
1
2264 218
1
2265 213
0
1
2266 249
1
2267 41
1
2268 173
1
2269 92
1
2270 82
1
2271 204
1
2272 84
1
2273 205
1
2274 228
1
2275 160
1
2276 151
1
2277 97
1
2278 234
1
2279 167
0
1
2280 201
0
1
2281 76
1
2282 41
1
2283 92
1
2284 155
1
2285 214
1
2286 29
0
1
2287 28
1
2288 41
1
2289 242
1
2290 16
1
2291 75
1
2292 193
1
2293 103
1
2294 214
0
1
2295 254
0
1
2296 229
1
2297 158
1
2298 133
1
2299 12
1
2300 23
1
2301 58
1
2302 28
1
2303 242
1
2304 41
1
2305 190
1
2306 149
1
2307 176
1
2308 32
1
2309 66
1
2310 249
1
2311 48
1
2312 41
1
2313 249
1
2314 283
1
2315 166
0
0
1
2316 99
0
1
2317 53
1
2318 43
0
1
2319 30
1
2320 35
1
2321 275
1
2322 155
1
2323 182
1
2324 37
1
2325 77
1
2326 204
1
2327 123
0
1
2328 92
1
2329 128
1
2330 196
0
1
2331 79
0
1
2332 243
1
2333 208
1
2334 4
1
2335 186
1
2336 106
1
2337 203
1
2338 161
1
2339 217
1
2340 33
1
2341 151
1
2342 223
1
2343 173
1
2344 184
1
2345 100
1
2346 59
1
2347 260
1
2348 51
1
2349 239
1
2350 150
1
2351 227
1
2352 12
1
2353 145
1
2354 115
1
2355 141
1
2356 78
1
2357 33
1
2358 262
0
1
2359 240
1
2360 70
1
2361 106
1
2362 27
1
2363 236
1
2364 185
1
2365 10
1
2366 28
1
2367 68
1
2368 226
1
2369 36
1
2370 88
1
2371 17
1
2372 185
1
2373 110
1
2374 11
1
2375 14
1
2376 185
1
2377 155
1
2378 5
1
2379 80
1
2380 241
0
1
2381 96
1
2382 235
1
2383 253
1
2384 30
1
2385 40
1
2386 138
1
2387 58
0
1
2388 69
0
1
2389 276
1
2390 279
1
2391 116
1
2392 218
1
2393 132
1
2394 165
1
2395 186
1
2396 201
1
2397 56
0
1
2398 211
1
2399 186
1
2400 165
1
2401 141
1
2402 49
1
2403 137
1
2404 174
1
2405 135
0
1
2406 34
1
2407 154
1
2408 151
1
2409 185
1
2410 16
1
2411 239
0
1
2412 79
0
1
2413 151
1
2414 201
1
2415 151
1
2416 32
1
2417 162
1
2418 23
1
2419 64
1
2420 227
1
2421 107
1
2422 65
1
2423 183
1
2424 141
1
2425 18
1
2426 152
1
2427 256
0
1
2428 24
0
1
2429 99
0
1
2430 182
1
2431 221
1
2432 185
1
2433 140
1
2434 78
1
2435 178
1
2436 256
1
2437 265
1
2438 125
0
1
2439 79
1
2440 142
1
2441 154
0
1
2442 152
1
2443 99
1
2444 46
1
2445 85
1
2446 155
1
2447 213
1
2448 74
1
2449 257
1
2450 32
1
2451 78
1
2452 99
0
1
2453 200
1
2454 242
1
2455 92
1
2456 23
1
2457 7
1
2458 171
1
2459 14
1
2460 147
1
2461 214
1
2462 68
1
2463 104
1
2464 21
1
2465 272
1
2466 173
1
2467 124
1
2468 52
1
2469 200
1
2470 183
1
2471 88
1
2472 138
1
2473 68
1
2474 72
1
2475 50
1
2476 266
1
2477 255
1
2478 133
1
2479 57
1
2480 145
1
2481 102
1
2482 31
1
2483 275
1
2484 83
0
1
2485 217
1
2486 270
1
2487 151
1
2488 208
1
2489 200
0
1
2490 98
1
2491 164
1
2492 17
1
2493 173
1
2494 205
1
2495 60
1
2496 30
1
2497 69
1
2498 213
1
2499 3
1
2500 235
1
2501 234
1
2502 48
1
2503 169
1
2504 266
1
2505 10
1
2506 212
1
2507 112
1
2508 20
1
2509 230
0
1
2510 120
1
2511 230
1
2512 34
1
2513 238
1
2514 127
1
2515 45
1
2516 154
1
2517 191
1
2518 31
1
2519 218
1
2520 46
1
2521 182
1
2522 176
1
2523 161
1
2524 37
0
1
2525 111
1
2526 182
1
2527 168
1
2528 284
1
2529 193
1
2530 171
1
2531 167
1
2532 268
1
2533 117
1
2534 218
0
1
2535 97
1
2536 161
1
2537 218
1
2538 232
1
2539 43
1
2540 227
1
2541 269
0
1
2542 280
1
2543 253
1
2544 268
1
2545 131
1
2546 269
1
2547 178
1
2548 113
1
2549 135
1
2550 141
1
2551 260
1
2552 230
1
2553 254
1
2554 264
1
2555 119
1
2556 217
1
2557 145
0
1
2558 194
1
2559 70
0
1
2560 241
1
2561 160
1
2562 239
1
2563 206
1
2564 92
1
2565 20
1
2566 254
1
2567 128
1
2568 92
1
2569 182
1
2570 157
1
2571 280
1
2572 176
1
2573 220
1
2574 220
1
2575 69
1
2576 169
1
2577 96
1
2578 137
1
2579 188
1
2580 100
1
2581 139
1
2582 65
1
2583 241
1
2584 185
1
2585 117
0
1
2586 237
1
2587 102
1
2588 167
0
1
2589 113
1
2590 199
1
2591 217
1
2592 127
1
2593 279
1
2594 63
1
2595 268
1
2596 64
1
2597 132
1
2598 68
1
2599 75
1
2600 163
1
2601 149
1
2602 216
1
2603 193
1
2604 127
1
2605 198
1
2606 13
1
2607 48
1
2608 4
1
2609 51
1
2610 44
1
2611 268
1
2612 239
1
2613 64
0
1
2614 265
1
2615 144
1
2616 43
1
2617 280
1
2618 188
1
2619 121
1
2620 183
1
2621 54
1
2622 243
1
2623 198
1
2624 47
1
2625 22
1
2626 171
1
2627 196
1
2628 232
1
2629 99
1
2630 186
1
2631 27
1
2632 31
1
2633 31
1
2634 138
1
2635 94
0
1
2636 112
1
2637 116
1
2638 224
1
2639 121
1
2640 160
1
2641 160
1
2642 235
1
2643 182
1
2644 37
1
2645 178
1
2646 237
1
2647 191
1
2648 190
0
1
2649 193
1
2650 204
1
2651 178
1
2652 44
1
2653 277
1
2654 239
1
2655 25
1
2656 253
1
2657 176
1
2658 243
1
2659 223
1
2660 122
1
2661 36
1
2662 126
1
2663 197
1
2664 121
1
2665 238
0
1
2666 209
1
2667 182
1
2668 28
1
2669 137
1
2670 20
1
2671 201
1
2672 90
1
2673 65
1
2674 261
0
1
2675 178
1
2676 254
1
2677 224
1
2678 265
1
2679 175
1
2680 82
1
2681 281
1
2682 252
1
2683 197
1
2684 3
1
2685 18
1
2686 259
1
2687 201
1
2688 241
1
2689 133
1
2690 42
0
1
2691 230
1
2692 231
1
2693 51
1
2694 232
1
2695 69
1
2696 100
1
2697 263
1
2698 239
1
2699 183
1
2700 249
1
2701 189
1
2702 251
1
2703 136
1
2704 34
1
2705 97
1
2706 52
1
2707 249
1
2708 129
1
2709 28
1
2710 64
1
2711 5
1
2712 263
1
2713 121
0
1
2714 209
1
2715 234
1
2716 177
1
2717 97
1
2718 46
1
2719 86
1
2720 87
1
2721 41
1
2722 266
1
2723 208
1
2724 229
1
2725 268
1
2726 256
1
2727 190
0
1
2728 41
0
1
2729 58
1
2730 239
1
2731 39
1
2732 168
1
2733 183
1
2734 142
1
2735 62
0
1
2736 281
1
2737 42
1
2738 83
1
2739 228
1
2740 213
1
2741 186
1
2742 155
1
2743 165
1
2744 240
1
2745 218
1
2746 196
1
2747 51
1
2748 38
1
2749 159
1
2750 133
1
2751 201
1
2752 75
1
2753 276
1
2754 27
1
2755 283
1
2756 17
1
2757 78
1
2758 200
1
2759 20
1
2760 263
1
2761 181
1
2762 117
1
2763 266
1
2764 151
1
2765 148
1
2766 194
1
2767 33
1
2768 129
1
2769 39
1
2770 213
1
2771 96
1
2772 220
1
2773 210
1
2774 71
1
2775 101
1
2776 58
1
2777 136
1
2778 218
1
2779 51
0
1
2780 132
1
2781 47
1
2782 49
1
2783 218
1
2784 168
1
2785 222
1
2786 265
1
2787 167
1
2788 30
1
2789 205
1
2790 54
1
2791 192
1
2792 152
1
2793 25
1
2794 233
1
2795 235
0
1
2796 175
1
2797 65
0
1
2798 250
1
2799 49
1
2800 175
1
2801 169
1
2802 111
1
2803 218
1
2804 196
1
2805 31
1
2806 3
1
2807 142
1
2808 106
1
2809 273
1
2810 170
1
2811 227
1
2812 6
1
2813 223
1
2814 202
1
2815 163
1
2816 79
1
2817 251
1
2818 285
1
2819 245
1
2820 37
1
2821 234
0
0
1
2822 96
1
2823 259
1
2824 6
1
2825 83
1
2826 82
1
2827 108
1
2828 28
1
2829 183
1
2830 58
1
2831 235
1
2832 221
1
2833 118
1
2834 82
1
2835 53
1
2836 95
1
2837 41
1
2838 147
1
2839 160
1
2840 136
1
2841 257
1
2842 20
1
2843 196
1
2844 115
1
2845 275
1
2846 142
1
2847 224
1
2848 192
1
2849 89
1
2850 20
1
2851 132
1
2852 241
1
2853 146
1
2854 197
1
2855 51
1
2856 185
1
2857 208
1
2858 160
1
2859 143
1
2860 151
1
2861 119
1
2862 97
1
2863 188
1
2864 259
1
2865 121
1
2866 181
1
2867 84
1
2868 219
1
2869 156
1
2870 50
1
2871 200
1
2872 84
1
2873 105
1
2874 51
1
2875 181
1
2876 122
1
2877 274
1
2878 239
1
2879 242
1
2880 210
1
2881 119
1
2882 155
1
2883 39
1
2884 112
1
2885 283
1
2886 148
1
2887 239
1
2888 185
1
2889 56
1
2890 280
1
2891 170
1
2892 267
1
2893 255
1
2894 78
1
2895 248
1
2896 183
1
2897 215
1
2898 227
1
2899 35
1
2900 228
1
2901 217
1
2902 62
1
2903 114
1
2904 256
1
2905 243
1
2906 205
1
2907 36
1
2908 261
1
2909 19
1
2910 160
1
2911 66
1
2912 4
1
2913 243
1
2914 241
1
2915 239
1
2916 287
1
2917 112
1
2918 194
1
2919 4
1
2920 37
1
2921 101
1
2922 186
1
2923 40
1
2924 160
1
2925 285
1
2926 190
1
2927 100
1
2928 239
1
2929 61
1
2930 51
1
2931 108
1
2932 85
1
2933 65
1
2934 269
1
2935 179
1
2936 261
1
2937 161
1
2938 41
1
2939 121
1
2940 272
1
2941 41
1
2942 121
1
2943 58
1
2944 124
1
2945 39
1
2946 58
1
2947 253
1
2948 170
1
2949 227
1
2950 37
1
2951 285
1
2952 118
1
2953 82
1
2954 92
1
2955 52
1
2956 197
1
2957 79
1
2958 196
1
2959 38
1
2960 269
1
2961 69
1
2962 152
1
2963 157
1
2964 245
1
2965 33
1
2966 100
1
2967 108
1
2968 37
1
2969 268
1
2970 152
1
2971 282
1
2972 202
1
2973 224
1
2974 16
1
2975 196
1
2976 52
1
2977 158
1
2978 220
1
2979 147
1
2980 218
1
2981 183
1
2982 21
1
2983 76
1
2984 260
1
2985 41
1
2986 118
1
2987 116
1
2988 70
1
2989 166
1
2990 42
1
2991 14
1
2992 77
1
2993 151
1
2994 287
1
2995 239
1
2996 269
1
2997 202
1
2998 18
1
2999 76
1
3000 123
1
3001 34
1
3002 274
1
3003 117
1
3004 160
1
3005 185
1
3006 274
1
3007 122
1
3008 269
1
3009 48
1
3010 188
1
3011 140
1
3012 48
1
3013 182
1
3014 52
1
3015 270
1
3016 58
1
3017 199
1
3018 253
1
3019 109
1
3020 141
1
3021 120
1
3022 50
1
3023 194
1
3024 167
1
3025 201
1
3026 255
1
3027 115
1
3028 112
1
3029 117
1
3030 180
1
3031 271
1
3032 151
1
3033 30
1
3034 105
1
3035 66
1
3036 183
1
3037 32
1
3038 266
1
3039 209
1
3040 151
1
3041 79
1
3042 205
1
3043 151
1
3044 151
1
3045 250
1
3046 142
1
3047 58
1
3048 93
1
3049 167
0
1
3050 101
1
3051 152
1
3052 151
1
3053 95
1
3054 269
1
3055 220
1
3056 54
1
3057 58
1
3058 239
1
3059 228
1
3060 87
1
3061 51
1
3062 198
1
3063 253
1
3064 207
1
3065 152
1
3066 142
1
3067 34
1
3068 254
1
3069 228
1
3070 178
1
3071 156
1
3072 226
1
3073 22
1
3074 180
1
3075 279
1
3076 269
0
1
3077 256
1
3078 167
1
3079 88
1
3080 192
1
3081 185
1
3082 271
1
3083 228
1
3084 109
1
3085 175
1
3086 248
1
3087 230
1
3088 210
1
3089 107
1
3090 232
1
3091 172
1
3092 5
1
3093 209
1
3094 113
0
1
3095 128
1
3096 187
1
3097 137
0
1
3098 98
1
3099 228
1
3100 254
1
3101 112
1
3102 147
1
3103 149
0
1
3104 90
1
3105 96
1
3106 207
1
3107 107
1
3108 5
1
3109 225
1
3110 18
1
3111 265
1
3112 133
1
3113 283
1
3114 46
1
3115 10
1
3116 87
1
3117 152
1
3118 34
1
3119 266
1
3120 180
1
3121 228
1
3122 143
1
3123 224
1
3124 253
1
3125 282
1
3126 227
1
3127 166
1
3128 191
1
3129 219
1
3130 196
1
3131 107
1
3132 210
1
3133 278
1
3134 19
1
3135 146
1
3136 98
1
3137 152
1
3138 239
1
3139 176
1
3140 233
1
3141 288
1
3142 137
1
3143 40
0
1
3144 10
1
3145 46
0
1
3146 147
1
3147 4
1
3148 10
1
3149 147
1
3150 132
0
1
3151 245
1
3152 93
1
3153 127
1
3154 90
1
3155 221
1
3156 209
1
3157 284
1
3158 119
1
3159 160
1
3160 192
1
3161 151
1
3162 160
1
3163 89
0
1
3164 119
1
3165 106
1
3166 254
1
3167 139
1
3168 104
1
3169 53
1
3170 99
1
3171 160
1
3172 99
1
3173 130
1
3174 76
1
3175 196
1
3176 4
1
3177 29
1
3178 69
1
3179 120
1
3180 53
1
3181 133
1
3182 59
1
3183 54
1
3184 279
1
3185 68
1
3186 174
1
3187 43
1
3188 179
1
3189 227
1
3190 241
1
3191 245
1
3192 272
1
3193 171
1
3194 106
1
3195 53
1
3196 114
0
1
3197 5
1
3198 288
0
1
3199 128
1
3200 27
1
3201 12
1
3202 139
1
3203 32
1
3204 203
1
3205 9
0
0
1
3206 254
1
3207 243
1
3208 195
0
1
3209 272
1
3210 54
1
3211 159
1
3212 20
1
3213 139
1
3214 122
1
3215 51
1
3216 67
1
3217 116
1
3218 135
1
3219 269
1
3220 55
1
3221 44
1
3222 90
1
3223 105
1
3224 78
1
3225 227
1
3226 163
1
3227 149
1
3228 280
1
3229 14
1
3230 109
1
3231 280
1
3232 280
1
3233 53
1
3234 169
1
3235 168
1
3236 146
1
3237 210
1
3238 28
1
3239 59
1
3240 254
1
3241 164
1
3242 8
1
3243 262
1
3244 66
1
3245 101
1
3246 234
1
3247 245
1
3248 281
1
3249 243
1
3250 152
1
3251 227
1
3252 50
1
3253 268
1
3254 218
1
3255 66
1
3256 162
0
1
3257 259
1
3258 100
1
3259 102
1
3260 20
1
3261 180
1
3262 22
1
3263 102
1
3264 82
1
3265 135
1
3266 142
1
3267 277
1
3268 63
1
3269 52
1
3270 210
1
3271 17
1
3272 218
1
3273 237
0
1
3274 61
1
3275 173
1
3276 108
1
3277 260
1
3278 151
1
3279 179
0
1
3280 222
1
3281 281
1
3282 134
0
1
3283 282
1
3284 164
1
3285 159
1
3286 170
1
3287 256
1
3288 208
1
3289 106
1
3290 20
1
3291 185
1
3292 285
1
3293 226
1
3294 242
1
3295 121
1
3296 275
1
3297 219
1
3298 240
1
3299 141
0
1
3300 87
1
3301 70
1
3302 135
1
3303 100
1
3304 235
1
3305 286
1
3306 283
1
3307 4
1
3308 154
1
3309 236
0
1
3310 210
1
3311 200
1
3312 52
1
3313 98
1
3314 82
1
3315 84
0
1
3316 268
1
3317 165
1
3318 167
1
3319 220
1
3320 174
1
3321 72
1
3322 53
1
3323 46
1
3324 179
0
1
3325 222
0
1
3326 185
0
1
3327 90
1
3328 106
0
1
3329 39
1
3330 41
1
3331 281
1
3332 170
1
3333 63
1
3334 224
1
3335 253
0
1
3336 196
1
3337 281
1
3338 77
1
3339 122
1
3340 115
0
1
3341 220
1
3342 63
1
3343 31
1
3344 61
1
3345 126
1
3346 171
1
3347 58
0
1
3348 217
0
1
3349 57
1
3350 228
1
3351 167
1
3352 163
1
3353 167
0
0
1
3354 218
1
3355 29
1
3356 187
1
3357 232
1
3358 58
1
3359 28
1
3360 73
1
3361 39
1
3362 135
1
3363 135
1
3364 215
1
3365 91
1
3366 176
1
3367 37
0
1
3368 200
1
3369 269
1
3370 192
1
3371 240
1
3372 206
1
3373 122
1
3374 180
1
3375 120
1
3376 281
1
3377 161
1
3378 226
1
3379 124
1
3380 172
1
3381 167
1
3382 59
1
3383 51
1
3384 51
1
3385 118
1
3386 277
1
3387 116
1
3388 146
1
3389 189
1
3390 79
1
3391 140
1
3392 213
1
3393 41
1
3394 12
1
3395 62
0
1
3396 2
1
3397 160
1
3398 107
1
3399 22
1
3400 243
1
3401 192
1
3402 42
0
1
3403 260
1
3404 73
1
3405 58
1
3406 258
1
3407 242
1
3408 22
1
3409 221
1
3410 157
1
3411 277
1
3412 26
1
3413 195
1
3414 92
1
3415 71
1
3416 25
0
1
3417 46
1
3418 32
1
3419 285
0
1
3420 75
1
3421 83
1
3422 82
1
3423 233
1
3424 53
1
3425 264
0
1
3426 252
0
1
3427 36
1
3428 125
1
3429 30
1
3430 183
1
3431 50
1
3432 153
0
1
3433 77
1
3434 70
0
1
3435 286
1
3436 79
1
3437 130
1
3438 121
1
3439 122
1
3440 249
1
3441 227
1
3442 218
0
1
3443 250
0
1
3444 54
1
3445 266
1
3446 151
0
1
3447 74
1
3448 215
1
3449 25
0
1
3450 128
1
3451 239
0
1
3452 78
1
3453 85
1
3454 34
1
3455 85
1
3456 192
1
3457 273
1
3458 141
1
3459 8
1
3460 76
1
3461 133
1
3462 106
1
3463 272
0
0
1
3464 3
1
3465 14
1
3466 286
1
3467 53
1
3468 236
1
3469 79
1
3470 162
1
3471 30
1
3472 233
1
3473 219
1
3474 52
1
3475 15
1
3476 53
1
3477 137
1
3478 142
0
1
3479 49
1
3480 77
1
3481 171
1
3482 255
1
3483 121
1
3484 95
0
1
3485 9
0
1
3486 42
1
3487 228
1
3488 267
1
3489 99
1
3490 117
1
3491 17
0
1
3492 227
1
3493 82
1
3494 53
1
3495 79
0
1
3496 136
1
3497 141
0
0
0
1
3498 117
1
3499 87
1
3500 154
1
3501 28
1
3502 92
0
1
3503 84
1
3504 194
0
1
3505 256
1
3506 226
1
3507 236
0
1
3508 85
1
3509 191
1
3510 250
1
3511 206
1
3512 47
1
3513 167
1
3514 74
1
3515 16
1
3516 136
1
3517 78
1
3518 71
1
3519 240
1
3520 103
1
3521 229
1
3522 125
1
3523 70
0
1
3524 272
1
3525 64
1
3526 66
0
0
1
3527 259
1
3528 77
1
3529 109
1
3530 81
1
3531 136
1
3532 155
1
3533 227
1
3534 121
1
3535 218
1
3536 225
0
1
3537 242
1
3538 200
1
3539 154
1
3540 255
1
3541 90
1
3542 124
1
3543 65
1
3544 269
1
3545 89
1
3546 53
0
1
3547 234
1
3548 156
1
3549 232
1
3550 202
1
3551 123
1
3552 19
1
3553 58
1
3554 35
1
3555 84
1
3556 79
0
1
3557 14
1
3558 161
1
3559 79
0
1
3560 111
1
3561 56
1
3562 121
0
0
1
3563 53
1
3564 40
0
1
3565 225
1
3566 270
1
3567 114
1
3568 270
1
3569 132
0
1
3570 58
1
3571 173
1
3572 86
1
3573 218
1
3574 229
0
1
3575 5
1
3576 119
1
3577 70
1
3578 286
0
1
3579 87
1
3580 145
1
3581 163
0
1
3582 13
1
3583 178
1
3584 112
1
3585 196
0
0
1
3586 57
1
3587 278
0
1
3588 31
1
3589 20
1
3590 41
1
3591 281
1
3592 168
1
3593 242
1
3594 160
0
1
3595 227
0
1
3596 247
1
3597 286
1
3598 181
1
3599 56
1
3600 239
1
3601 28
1
3602 154
1
3603 67
0
0
1
3604 157
1
3605 267
1
3606 53
1
3607 88
1
3608 255
1
3609 167
1
3610 104
1
3611 105
1
3612 237
1
3613 267
1
3614 288
0
1
3615 223
0
1
3616 14
0
1
3617 171
1
3618 163
1
3619 129
1
3620 41
1
3621 21
1
3622 50
1
3623 79
1
3624 147
0
1
3625 87
1
3626 91
1
3627 184
1
3628 198
0
0
0
1
3629 65
1
3630 23
1
3631 229
1
3632 83
0
1
3633 126
1
3634 187
1
3635 101
1
3636 182
0
1
3637 182
1
3638 275
0
1
3639 113
0
1
3640 13
1
3641 190
0
1
3642 236
1
3643 109
0
0
1
3644 81
0
1
3645 8
0
0
0
1
3646 238
1
3647 164
1
3648 141
1
3649 85
1
3650 140
1
3651 255
1
3652 56
1
3653 129
1
3654 74
0
1
3655 117
0
1
3656 142
1
3657 20
1
3658 79
1
3659 114
1
3660 72
1
3661 83
1
3662 214
1
3663 122
1
3664 105
1
3665 180
0
0
1
3666 150
1
3667 227
1
3668 4
1
3669 118
1
3670 234
0
1
3671 259
1
3672 42
1
3673 286
1
3674 206
0
1
3675 220
1
3676 246
0
1
3677 40
1
3678 168
0
0
1
3679 68
1
3680 38
1
3681 145
1
3682 46
1
3683 64
1
3684 91
1
3685 80
1
3686 122
1
3687 64
0
1
3688 20
1
3689 254
1
3690 124
1
3691 131
1
3692 234
1
3693 201
1
3694 112
0
1
3695 188
1
3696 234
1
3697 182
1
3698 246
1
3699 59
1
3700 143
1
3701 9
1
3702 21
0
0
1
3703 63
1
3704 78
0
1
3705 130
1
3706 265
1
3707 210
0
0
0
1
3708 142
0
1
3709 159
1
3710 243
1
3711 28
1
3712 174
0
1
3713 104
1
3714 226
1
3715 57
0
0
0
0
1
3716 233
1
3717 170
1
3718 8
1
3719 186
1
3720 50
0
1
3721 53
1
3722 207
1
3723 169
1
3724 163
1
3725 19
1
3726 22
0
1
3727 150
0
0
1
3728 200
1
3729 122
1
3730 200
1
3731 34
0
1
3732 25
0
1
3733 107
1
3734 71
0
0
1
3735 20
1
3736 208
1
3737 198
1
3738 121
0
0
0
1
3739 178
1
3740 33
1
3741 31
1
3742 94
1
3743 70
1
3744 164
1
3745 200
1
3746 232
1
3747 189
1
3748 170
1
3749 119
1
3750 17
1
3751 287
1
3752 238
1
3753 107
1
3754 200
1
3755 200
1
3756 192
1
3757 20
0
1
3758 263
1
3759 268
0
1
3760 205
1
3761 159
0
1
3762 232
1
3763 145
1
3764 247
0
1
3765 200
1
3766 3
1
3767 213
1
3768 205
1
3769 98
1
3770 9
0
1
3771 84
1
3772 107
1
3773 262
1
3774 66
1
3775 288
1
3776 207
1
3777 4
1
3778 76
1
3779 79
1
3780 102
0
1
3781 49
1
3782 187
1
3783 144
0
1
3784 120
1
3785 166
1
3786 132
1
3787 113
0
1
3788 178
0
0
1
3789 208
1
3790 7
1
3791 119
0
1
3792 20
1
3793 223
0
1
3794 46
1
3795 102
1
3796 228
1
3797 184
1
3798 248
1
3799 9
0
0
1
3800 18
0
1
3801 176
1
3802 31
1
3803 89
1
3804 273
1
3805 158
1
3806 20
1
3807 253
1
3808 233
1
3809 156
0
1
3810 264
0
1
3811 50
1
3812 237
1
3813 272
1
3814 130
1
3815 55
1
3816 52
1
3817 227
1
3818 31
1
3819 6
1
3820 128
1
3821 221
1
3822 175
1
3823 52
1
3824 5
1
3825 106
1
3826 17
1
3827 141
1
3828 255
1
3829 182
1
3830 17
1
3831 76
1
3832 288
1
3833 53
1
3834 25
0
0
1
3835 53
0
1
3836 278
0
1
3837 233
0
1
3838 106
0
1
3839 205
1
3840 265
1
3841 210
1
3842 252
1
3843 180
0
0
1
3844 48
0
1
3845 132
1
3846 192
0
1
3847 227
1
3848 155
0
1
3849 21
1
3850 80
1
3851 218
1
3852 74
1
3853 27
1
3854 46
0
1
3855 141
0
1
3856 59
1
3857 210
1
3858 178
1
3859 169
1
3860 105
1
3861 138
0
1
3862 87
1
3863 115
1
3864 168
0
1
3865 20
1
3866 43
1
3867 253
1
3868 92
1
3869 231
0
1
3870 212
1
3871 232
0
1
3872 159
1
3873 238
1
3874 185
0
1
3875 114
0
0
1
3876 278
1
3877 45
1
3878 272
1
3879 47
1
3880 219
1
3881 266
1
3882 253
1
3883 269
1
3884 111
1
3885 176
0
0
1
3886 200
1
3887 217
1
3888 54
0
1
3889 31
1
3890 97
1
3891 218
0
1
3892 52
1
3893 133
1
3894 254
0
0
1
3895 100
1
3896 150
1
3897 109
1
3898 41
0
0
0
0
0
1
3899 249
0
1
3900 120
1
3901 231
1
3902 21
1
3903 106
0
0
1
3904 257
1
3905 18
1
3906 188
1
3907 169
1
3908 172
1
3909 208
1
3910 227
1
3911 149
1
3912 48
1
3913 56
1
3914 27
1
3915 276
0
1
3916 150
1
3917 10
0
1
3918 86
1
3919 182
0
1
3920 132
1
3921 142
1
3922 273
0
1
3923 196
1
3924 259
1
3925 178
1
3926 22
0
1
3927 177
1
3928 126
1
3929 205
1
3930 91
1
3931 56
0
0
0
1
3932 130
1
3933 235
0
1
3934 5
1
3935 58
1
3936 109
0
1
3937 208
1
3938 49
1
3939 218
0
1
3940 178
1
3941 67
0
1
3942 144
1
3943 282
0
1
3944 232
1
3945 34
1
3946 85
0
1
3947 128
1
3948 239
1
3949 286
1
3950 220
1
3951 23
0
1
3952 5
1
3953 108
1
3954 12
1
3955 8
1
3956 56
0
0
1
3957 33
0
0
1
3958 9
1
3959 178
1
3960 101
1
3961 63
1
3962 40
1
3963 120
0
1
3964 230
1
3965 113
1
3966 42
1
3967 142
1
3968 82
1
3969 209
1
3970 181
0
0
1
3971 17
0
0
1
3972 215
1
3973 48
0
0
1
3974 196
0
1
3975 156
0
1
3976 79
1
3977 197
1
3978 51
0
0
1
3979 262
1
3980 185
1
3981 117
0
1
3982 183
1
3983 39
0
0
0
1
3984 141
1
3985 187
0
0
1
3986 76
0
1
3987 31
0
1
3988 242
1
3989 144
0
1
3990 160
1
3991 80
0
0
1
3992 77
1
3993 111
0
1
3994 185
1
3995 88
0
1
3996 249
1
3997 278
0
1
3998 284
1
3999 227
1
4000 48
1
4001 92
1
4002 155
1
4003 275
1
4004 217
1
4005 28
1
4006 206
1
4007 79
1
4008 40
0
1
4009 280
1
4010 50
0
1
4011 52
0
1
4012 78
0
1
4013 282
0
1
4014 199
0
1
4015 28
1
4016 187
0
0
1
4017 178
1
4018 276
1
4019 212
1
4020 25
0
1
4021 42
0
1
4022 141
1
4023 227
1
4024 190
1
4025 276
1
4026 82
1
4027 37
1
4028 186
1
4029 157
1
4030 121
1
4031 30
0
0
0
0
1
4032 27
0
0
1
4033 215
0
1
4034 190
0
1
4035 35
1
4036 122
1
4037 170
0
1
4038 155
0
0
0
1
4039 242
0
1
4040 266
1
4041 167
1
4042 114
1
4043 164
1
4044 270
1
4045 132
0
0
0
0
0
0
0
0
1
4046 63
1
4047 178
1
4048 85
1
4049 200
0
0
0
0
1
4050 23
0
1
4051 48
0
1
4052 16
0
0
1
4053 65
0
0
0
1
4054 59
0
1
4055 72
1
4056 34
0
1
4057 275
0
1
4058 27
0
0
1
4059 234
1
4060 58
1
4061 242
0
1
4062 25
1
4063 19
0
0
1
4064 31
1
4065 162
0
0
0
1
4066 253
1
4067 119
0
1
4068 241
1
4069 182
1
4070 95
1
4071 256
1
4072 31
0
1
4073 218
1
4074 266
0
1
4075 253
0
1
4076 113
0
0
0
0
0
1
4077 138
1
4078 108
0
0
0
0
1
4079 32
0
0
1
4080 216
0
0
0
0
1
4081 132
0
1
4082 123
0
0
1
4083 142
1
4084 113
0
0
0
0
1
4085 116
1
4086 121
1
4087 11
1
4088 198
0
1
4089 191
1
4090 49
1
4091 214
1
4092 161
0
0
0
0
1
4093 266
1
4094 231
1
4095 97
1
4096 144
1
4097 13
1
4098 53
1
4099 34
1
4100 162
1
4101 105
0
0
0
0
1
4102 42
1
4103 143
0
1
4104 244
0
1
4105 73
0
1
4106 218
0
1
4107 234
0
0
1
4108 18
1
4109 238
0
1
4110 226
1
4111 207
1
4112 103
0
0
0
0
1
4113 202
1
4114 174
1
4115 122
1
4116 151
1
4117 254
1
4118 90
1
4119 147
1
4120 25
1
4121 99
1
4122 155
1
4123 272
0
1
4124 54
0
1
4125 166
0
0
0
0
1
4126 170
1
4127 21
1
4128 142
1
4129 114
0
0
1
4130 218
1
4131 273
1
4132 59
0
0
1
4133 69
1
4134 142
0
1
4135 84
1
4136 232
1
4137 188
1
4138 282
0
0
1
4139 86
1
4140 190
1
4141 39
0
0
1
4142 68
0
0
0
1
4143 67
0
1
4144 46
0
0
1
4145 155
1
4146 216
0
1
4147 60
0
0
0
0
0
1
4148 219
1
4149 88
1
4150 168
1
4151 182
1
4152 11
1
4153 139
1
4154 252
1
4155 73
0
1
4156 74
0
0
1
4157 132
1
4158 283
0
1
4159 98
0
1
4160 77
1
4161 103
0
1
4162 6
0
1
4163 96
1
4164 153
1
4165 207
1
4166 197
1
4167 162
1
4168 286
0
1
4169 54
0
0
0
0
0
0
1
4170 246
1
4171 54
1
4172 84
1
4173 52
1
4174 122
0
0
0
1
4175 6
0
0
0
1
4176 18
1
4177 212
0
1
4178 248
0
1
4179 272
1
4180 24
1
4181 106
1
4182 254
1
4183 237
0
0
1
4184 225
1
4185 72
1
4186 254
1
4187 159
1
4188 16
0
0
1
4189 276
1
4190 47
1
4191 50
0
1
4192 136
1
4193 235
1
4194 123
0
1
4195 132
0
1
4196 117
1
4197 24
0
0
1
4198 182
1
4199 214
1
4200 239
0
1
4201 100
0
1
4202 136
1
4203 97
0
0
1
4204 228
0
0
0
1
4205 232
1
4206 35
1
4207 93
1
4208 41
1
4209 288
1
4210 183
0
1
4211 115
0
0
0
0
1
4212 231
1
4213 277
1
4214 179
1
4215 78
0
0
0
1
4216 196
0
1
4217 26
1
4218 20
1
4219 231
1
4220 213
1
4221 225
1
4222 167
0
1
4223 153
1
4224 185
1
4225 201
1
4226 145
1
4227 176
0
0
1
4228 96
1
4229 269
1
4230 85
0
0
1
4231 104
1
4232 37
1
4233 51
1
4234 173
1
4235 183
1
4236 40
0
1
4237 13
0
0
0
1
4238 196
1
4239 187
0
0
0
1
4240 218
1
4241 225
1
4242 5
0
0
1
4243 153
0
1
4244 58
0
1
4245 181
0
1
4246 186
0
0
1
4247 79
0
1
4248 24
1
4249 251
0
1
4250 89
0
1
4251 118
1
4252 96
0
1
4253 265
1
4254 108
0
0
1
4255 105
1
4256 161
1
4257 241
0
1
4258 118
1
4259 209
1
4260 160
0
0
0
1
4261 190
1
4262 6
1
4263 49
0
0
0
0
0
0
0
1
4264 94
0
1
4265 116
1
4266 151
0
0
0
1
4267 54
0
1
4268 239
0
1
4269 70
0
0
0
0
0
0
1
4270 222
0
1
4271 122
1
4272 84
1
4273 68
0
1
4274 278
0
0
0
1
4275 210
0
0
0
1
4276 254
0
1
4277 43
1
4278 204
0
1
4279 20
0
0
0
0
1
4280 209
0
0
1
4281 239
1
4282 46
1
4283 183
0
1
4284 51
0
0
1
4285 13
0
1
4286 92
0
1
4287 191
0
1
4288 145
0
0
1
4289 221
0
0
0
0
0
0
0
0
0
0
0
0
0
0
0
0
0
0
1
4290 182
1
4291 230
0
0
0
0
0
0
0
1
4292 54
0
0
0
0
1
4293 82
0
1
4294 245
1
4295 51
1
4296 6
1
4297 124
0
1
4298 174
0
0
1
4299 243
0
1
4300 146
1
4301 78
1
4302 236
0
1
4303 19
0
1
4304 68
1
4305 96
1
4306 46
0
1
4307 178
0
1
4308 119
1
4309 135
1
4310 121
1
4311 250
0
0
0
1
4312 162
1
4313 87
0
0
0
1
4314 93
1
4315 110
0
0
1
4316 280
1
4317 5
0
1
4318 206
0
0
0
0
1
4319 22
0
1
4320 180
1
4321 288
0
1
4322 7
1
4323 35
1
4324 91
1
4325 287
1
4326 284
0
1
4327 11
0
1
4328 239
0
1
4329 221
0
0
1
4330 146
1
4331 233
0
1
4332 186
0
0
0
0
1
4333 254
0
1
4334 143
0
1
4335 256
0
1
4336 253
1
4337 183
1
4338 195
1
4339 230
0
1
4340 190
0
1
4341 31
0
1
4342 11
1
4343 84
0
1
4344 210
0
0
1
4345 156
0
1
4346 91
0
0
0
0
0
1
4347 88
1
4348 242
0
0
1
4349 99
1
4350 50
0
0
1
4351 151
1
4352 108
1
4353 136
0
0
1
4354 204
1
4355 155
1
4356 47
1
4357 55
1
4358 20
0
0
0
1
4359 220
1
4360 61
0
0
0
1
4361 265
0
0
0
0
0
1
4362 31
0
0
1
4363 198
0
1
4364 200
0
0
1
4365 20
0
1
4366 232
0
1
4367 262
0
1
4368 90
0
1
4369 244
0
1
4370 95
0
1
4371 276
0
1
4372 83
1
4373 62
0
1
4374 246
1
4375 148
0
1
4376 117
1
4377 252
0
1
4378 53
1
4379 228
0
0
0
0
0
0
0
1
4380 179
0
1
4381 106
1
4382 179
0
0
0
0
1
4383 6
0
0
0
0
0
0
0
0
0
0
0
1
4384 166
1
4385 64
0
1
4386 197
1
4387 198
0
0
1
4388 64
1
4389 155
1
4390 71
1
4391 143
0
0
0
1
4392 223
0
0
0
0
0
1
4393 282
1
4394 91
0
1
4395 23
1
4396 241
1
4397 122
1
4398 182
1
4399 131
0
1
4400 278
0
1
4401 133
0
1
4402 264
1
4403 254
1
4404 37
0
1
4405 250
0
1
4406 8
0
1
4407 17
0
0
0
1
4408 47
0
0
1
4409 9
1
4410 241
1
4411 282
0
0
1
4412 79
0
0
1
4413 130
1
4414 141
0
0
0
1
4415 194
0
0
1
4416 112
0
0
0
0
0
1
4417 223
1
4418 224
0
1
4419 112
0
1
4420 38
1
4421 251
0
0
0
0
0
1
4422 92
0
1
4423 288
0
1
4424 12
0
1
4425 242
1
4426 85
1
4427 62
1
4428 195
1
4429 53
1
4430 208
0
0
0
0
0
0
1
4431 42
0
0
1
4432 142
0
1
4433 153
1
4434 121
0
0
0
1
4435 60
1
4436 62
1
4437 243
0
0
1
4438 106
0
0
0
0
0
0
0
0
1
4439 214
0
0
0
0
0
0
1
4440 47
0
1
4441 206
1
4442 282
1
4443 95
0
1
4444 274
0
0
1
4445 85
0
1
4446 87
0
0
1
4447 41
1
4448 203
1
4449 156
0
0
1
4450 277
0
0
0
0
0
1
4451 247
0
0
0
0
0
0
1
4452 77
1
4453 109
1
4454 39
1
4455 247
0
1
4456 18
0
0
0
0
0
0
0
0
0
0
0
0
0
0
1
4457 52
0
0
1
4458 37
1
4459 65
1
4460 218
1
4461 123
1
4462 105
1
4463 200
0
1
4464 102
0
0
1
4465 173
1
4466 42
0
0
0
0
1
4467 246
0
1
4468 250
0
0
1
4469 27
1
4470 44
0
0
1
4471 98
0
1
4472 155
0
0
1
4473 276
0
0
0
0
0
0
0
1
4474 71
1
4475 54
0
1
4476 254
0
1
4477 277
1
4478 90
0
1
4479 241
0
0
0
0
0
0
0
0
1
4480 276
0
1
4481 256
0
0
0
1
4482 39
0
0
1
4483 70
1
4484 241
1
4485 261
0
0
0
0
0
0
0
1
4486 263
1
4487 99
0
0
0
0
0
0
1
4488 243
0
0
0
1
4489 148
0
1
4490 254
0
0
0
1
4491 77
0
0
1
4492 122
0
1
4493 113
0
0
1
4494 237
1
4495 103
0
0
0
0
0
0
1
4496 48
1
4497 31
1
4498 138
0
0
0
0
1
4499 181
0
1
4500 125
0
0
0
0
0
0
1
4501 24
1
4502 109
0
0
0
1
4503 55
0
0
0
0
0
0
0
0
1
4504 18
1
4505 25
0
1
4506 228
0
0
1
4507 4
1
4508 169
1
4509 124
1
4510 194
0
0
0
0
0
0
0
1
4511 23
0
0
0
0
0
1
4512 194
0
0
1
4513 67
1
4514 237
1
4515 29
1
4516 26
0
0
1
4517 17
0
0
0
1
4518 271
0
0
1
4519 98
0
1
4520 260
0
1
4521 212
0
1
4522 39
0
0
1
4523 140
0
1
4524 62
0
0
0
0
1
4525 243
0
1
4526 259
1
4527 9
1
4528 277
1
4529 252
1
4530 149
0
0
1
4531 205
0
0
0
0
1
4532 121
1
4533 176
1
4534 183
1
4535 66
0
1
4536 33
0
0
0
0
1
4537 57
0
0
0
0
0
0
1
4538 186
0
0
0
1
4539 278
1
4540 259
1
4541 97
0
0
0
0
0
0
0
0
1
4542 26
1
4543 257
0
0
1
4544 221
1
4545 54
0
0
0
1
4546 98
0
0
1
4547 221
1
4548 98
0
0
0
0
1
4549 16
0
0
0
0
1
4550 118
0
0
0
1
4551 192
0
1
4552 24
1
4553 157
0
0
0
1
4554 78
0
0
0
0
0
1
4555 247
0
0
0
0
1
4556 239
0
0
0
0
1
4557 29
1
4558 183
0
0
0
0
1
4559 126
1
4560 200
1
4561 8
0
0
0
0
0
0
0
0
0
1
4562 57
0
0
0
0
0
0
0
0
0
0
0
0
0
1
4563 175
1
4564 229
0
0
1
4565 260
0
0
1
4566 241
1
4567 122
0
0
0
1
4568 3
0
0
0
0
0
0
1
4569 43
1
4570 263
0
0
0
1
4571 19
0
0
0
0
1
4572 94
1
4573 171
0
0
0
0
0
1
4574 261
1
4575 199
0
0
0
1
4576 223
1
4577 200
0
1
4578 26
0
0
1
4579 160
0
0
0
0
0
0
0
1
4580 64
0
0
1
4581 93
0
0
0
0
0
0
0
0
1
4582 215
0
1
4583 172
0
1
4584 182
1
4585 15
0
1
4586 108
0
0
0
0
0
0
1
4587 142
0
0
1
4588 69
0
1
4589 214
0
0
0
0
0
1
4590 288
0
0
0
0
0
0
0
1
4591 174
1
4592 37
0
0
0
0
0
0
1
4593 85
1
4594 88
1
4595 237
0
0
0
1
4596 220
0
0
1
4597 16
0
1
4598 231
0
0
1
4599 77
0
0
0
0
0
1
4600 285
0
0
0
1
4601 59
0
0
0
0
0
0
1
4602 284
0
0
0
1
4603 107
0
0
0
0
0
0
0
1
4604 208
0
0
0
1
4605 189
0
0
0
1
4606 107
0
0
0
0
0
0
0
0
0
0
0
0
0
0
1
4607 141
0
0
0
0
0
0
0
0
0
0
1
4608 275
0
0
0
1
4609 228
0
0
0
0
1
4610 58
0
0
0
0
0
0
0
0
0
0
0
1
4611 6
0
0
0
0
0
1
4612 139
0
0
0
0
0
0
0
0
0
0
0
0
0
0
0
0
0
0
0
1
4613 6
1
4614 68
0
1
4615 194
0
1
4616 68
0
0
1
4617 52
0
0
1
4618 174
1
4619 136
0
0
0
0
0
1
4620 245
0
0
0
0
1
4621 276
0
1
4622 286
0
0
0
0
0
0
0
0
0
0
0
0
0
1
4623 107
0
0
0
1
4624 58
0
0
0
0
0
0
0
0
0
0
0
0
0
0
0
0
0
0
0
0
0
0
0
0
0
0
0
0
1
4625 74
0
0
0
1
4626 280
1
4627 200
0
0
0
0
0
0
0
0
0
1
4628 261
1
4629 123
0
0
0
0
0
0
1
4630 260
0
0
0
0
1
4631 247
0
0
0
0
0
0
0
0
0
0
0
0
1
4632 30
0
1
4633 221
0
0
0
0
0
0
0
1
4634 119
0
1
4635 169
0
0
0
0
0
0
0
0
0
1
4636 40
0
0
0
0
0
0
0
0
1
4637 36
0
0
1
4638 241
0
0
1
4639 245
0
0
0
0
0
0
0
1
4640 185
0
0
0
0
0
0
0
0
0
0
0
0
0
0
1
4641 123
0
0
0
0
0
0
1
4642 168
0
0
0
1
4643 47
0
0
0
0
0
0
0
0
1
4644 36
0
0
1
4645 226
0
0
0
0
0
0
1
4646 219
0
0
0
1
4647 188
0
0
0
0
0
0
0
0
0
0
0
0
0
0
0
1
4648 106
0
0
1
4649 193
0
0
1
4650 79
0
0
0
0
0
0
0
0
0
0
0
0
0
0
1
4651 17
0
0
0
0
0
0
0
0
0
0
0
0
0
0
0
0
0
1
4652 276
0
0
0
0
0
0
0
0
1
4653 41
0
0
0
0
0
1
4654 196
0
0
0
0
0
0
0
0
0
0
0
0
0
0
1
4655 217
0
0
0
0
0
1
4656 283
0
0
0
1
4657 272
0
0
0
0
0
0
0
1
4658 34
0
0
0
1
4659 193
0
0
0
0
0
0
0
0
0
1
4660 280
1
4661 151
0
0
0
0
0
0
0
1
4662 161
0
0
0
0
0
0
1
4663 85
1
4664 42
0
0
0
0
0
0
0
0
0
0
0
0
1
4665 135
0
0
1
4666 57
0
0
0
0
0
0
0
0
0
0
0
0
0
0
0
0
0
0
0
0
0
0
0
0
0
0
0
0
0
0
0
1
4667 22
0
0
0
0
0
0
0
0
0
0
0
0
0
0
0
0
0
0
0
0
0
0
0
0
0
0
0
1
4668 191
0
0
0
0
0
0
0
1
4669 152
0
0
1
4670 107
0
1
4671 184
0
0
0
0
0
0
0
0
0
0
0
0
0
0
0
0
1
4672 160
0
0
0
0
1
4673 276
0
0
0
0
0
0
0
0
1
4674 158
0
1
4675 153
0
0
0
0
0
0
0
0
0
0
0
0
0
0
0
0
0
1
4676 66
1
4677 244
0
0
1
4678 35
0
0
0
1
4679 185
0
1
4680 100
0
0
0
1
4681 184
0
0
0
0
0
0
0
0
1
4682 69
0
0
0
0
0
0
1
4683 225
0
0
0
0
0
0
0
0
0
0
0
0
0
0
0
0
0
0
0
0
0
1
4684 265
0
0
0
0
0
0
0
0
1
4685 194
0
0
0
0
0
0
1
4686 78
0
0
0
0
0
0
0
0
0
0
0
0
0
0
0
0
0
0
0
0
0
0
0
0
0
0
1
4687 92
0
0
0
0
0
0
0
0
0
0
0
0
0
0
0
0
0
0
1
4688 256
0
0
0
0
0
0
0
1
4689 36
0
0
0
0
0
0
0
0
0
0
0
0
0
0
0
0
0
0
0
0
0
0
0
0
0
0
0
1
4690 63
0
0
0
0
0
0
0
0
0
0
0
0
0
0
0
0
0
0
0
0
0
0
0
0
0
0
0
0
0
0
1
4691 145
1
4692 19
0
0
0
0
0
0
0
0
0
0
0
0
0
0
0
0
0
0
0
0
0
0
0
0
0
0
0
0
0
0
0
0
0
0
0
0
0
0
0
0
0
0
0
0
0
0
0
0
0
0
0
0
0
0
0
0
0
0
0
0
0
0
0
0
0
0
0
0
0
0
0
0
0
0
0
0
0
0
0
0
0
0
0
0
0
0
0
0
0
0
0
0
0
0
0
0
0
0
0
0
0
0
0
0
0
0
0
0
0
0
0
0
0
0
0
0
0
0
0
0
0
0
0
0
0
0
0
0
0
0
0
0
0
0
0
0
0
0
0
0
0
0
0
0
0
0
0
0
0
0
0
0
0
0
0
0
0
0
0
0
0
0
0
0
0
0
0
0
0
0
0
0
0
0
0
0
0
0
0
0
0
0
0
0
0
0
0
0
0
0
0
0
0
0
0
0
0
0
0
0
0
0
0
0
0
0
0
0
0
0
0
0
0
0
0
0
0
0
0
0
0
0
0
0
0
0
0
0
0
0
0
0
0
0
0
0
0
0
0
0
0
0
0
0
0
0
0
0
0
0
0
0
0
0
0
0
0
0
0
0
0
0
0
0
0
0
0
0
0
0
0
0
0
0
0
0
0
0
0
0
0
0
0
0
0
0
0
0
0
0
0
0
0
0
0
0
0
0
0
0
0
0
0
0
0
0
0
0
0
0
0
0
0
0
0
0
0
0
0
0
0
0
0
0
0
0
0
0
0
0
0
0
0
0
0
0
0
0
0
0
0
0
0
0
0
0
0
0
0
0
0
0
0
0
0
0
0
0
0
0
0
0
0
0
0
0
0
0
0
0
0
0
0
0
0
0
0
0
0
0
0
0
0
0
0
0
0
0
0
0
0
0
0
0
0
0
0
0
0
0
0
0
0
0
0
0
0
0
0
0
0
0
0
0
0
0
0
0
0
0
0
0
0
0
0
0
0
0
0
0
0
0
0
0
0
0
0
0
0
0
0
0
0
0
0
0
0
0
0
0
0
0
0
0
0
0
0
0
0
0
0
0
0
0
0
0
0
0
0
0
0
0
0
0
0
0
0
0
0
0
0
0
0
0
0
0
0
0
0
0
0
0
0
0
0
0
0
0
0
0
0
0
0
0
0
0
0
0
0
0
0
0
0
0
0
0
0
0
0
0
0
0
0
0
0
0
0
0
0
0
0
0
0
0
0
0
0
0
0
0
0
0
0
0
0
0
0
0
0
0
0
0
0
0
0
0
0
0
0
0
0
0
0
0
0
0
0
0
0
0
0
0
0
0
0
0
0
0
0
0
0
0
0
0
0
0
0
0
0
0
0
0
