308 584
210 282 4
2 165 3
239 145 4
301 19 4
174 185 3
131 212 3
20 131 4
133 300 4
61 268 4
278 266 5
54 248 4
76 219 3
226 266 3
59 36 2
125 287 4
225 41 5
144 174 3
106 54 2
136 191 1
92 217 3
139 235 3
188 79 3
230 6 3
246 210 2
75 50 4
236 8 4
59 260 2
151 69 3
305 224 3
49 7 5
277 117 4
154 89 4
291 113 4
99 199 2
27 88 4
181 83 3
292 58 3
308 119 2
57 140 4
185 172 3
303 259 5
92 307 4
15 129 3
104 17 3
293 204 3
119 18 2
145 49 3
257 53 4
285 5 3
189 236 4
157 7 3
174 53 3
294 22 1
94 240 2
298 121 3
252 227 2
44 73 3
243 173 3
69 13 4
8 112 3
184 74 4
88 75 3
137 135 3
150 10 3
270 279 2
128 38 3
160 266 3
109 253 4
272 204 4
282 246 3
304 153 3
137 35 4
250 134 3
43 39 3
31 24 3
199 136 2
66 125 3
43 299 4
124 185 2
220 69 3
114 242 5
263 275 4
178 305 3
164 257 4
289 11 3
78 277 2
70 190 2
80 225 3
177 45 5
73 235 3
260 227 3
30 294 4
25 82 3
181 229 3
20 72 3
292 207 3
77 194 3
40 288 4
121 306 4
259 232 3
302 217 3
164 109 4
192 40 4
32 202 2
289 156 4
301 279 5
68 48 2
256 215 3
91 234 3
2 115 3
238 171 3
230 282 4
64 215 3
13 57 5
271 166 4
173 105 3
156 192 3
143 294 4
259 48 3
196 214 3
262 11 3
241 247 4
283 12 2
251 133 4
291 260 3
307 302 4
175 23 1
101 221 2
265 269 3
286 287 3
240 246 3
236 296 1
238 170 4
142 80 3
107 232 3
290 138 2
254 86 3
50 15 3
42 9 3
186 271 3
268 207 2
200 192 2
189 162 3
159 293 3
32 215 2
249 51 3
79 102 4
229 216 4
162 301 3
275 218 3
122 167 3
4 142 2
60 222 2
41 22 4
276 60 3
173 298 2
140 130 4
211 86 3
42 118 2
289 29 3
296 8 2
159 272 1
28 152 4
87 245 5
177 299 3
64 202 3
199 218 2
273 140 4
126 29 3
238 221 3
159 294 3
205 20 4
35 106 3
122 180 5
220 261 4
165 256 2
130 85 4
36 132 2
262 152 3
67 95 3
118 285 3
195 71 3
66 89 3
163 146 2
278 104 4
103 157 3
55 182 4
15 234 4
296 248 1
304 37 3
208 183 4
280 138 3
123 54 2
46 240 3
183 153 3
198 258 4
18 308 3
56 115 3
17 28 4
102 50 4
82 1 4
290 172 4
37 46 4
48 303 5
205 72 3
149 303 5
5 63 5
276 284 3
253 257 3
70 175 4
264 108 5
291 43 3
291 90 3
37 94 3
38 195 3
174 172 4
283 269 4
277 211 4
158 118 4
216 300 4
277 271 3
77 15 5
62 273 1
153 98 3
172 144 3
63 285 3
307 223 4
111 67 3
62 301 3
31 74 3
218 191 3
92 151 4
253 124 4
249 158 4
169 3 2
114 156 2
191 99 3
64 275 2
98 122 3
127 305 2
82 258 3
231 258 3
237 161 5
127 112 2
110 57 4
74 24 3
219 42 5
132 252 2
299 141 4
146 275 3
238 180 3
78 134 4
247 151 6
86 186 2
214 166 3
209 96 4
267 51 3
262 293 3
157 139 3
127 8 4
79 206 5
60 212 3
207 168 3
198 52 3
72 1 2
50 91 2
116 38 2
155 131 2
290 203 2
64 146 2
16 181 4
54 35 3
14 190 3
46 94 4
272 101 4
122 281 3
39 90 4
121 173 5
191 199 1
163 64 2
11 114 5
108 255 3
201 48 3
146 202 2
230 295 3
9 51 3
129 96 5
196 33 2
69 241 4
295 53 3
144 297 2
155 165 3
278 286 3
7 160 4
222 276 2
65 231 4
168 268 3
27 102 3
271 117 5
5 179 3
267 186 3
150 188 4
40 7 4
205 1 1
138 144 3
114 200 5
101 171 1
143 117 3
228 182 5
2 256 2
255 94 2
282 53 3
199 18 3
257 124 3
34 166 3
76 42 4
187 146 2
224 178 2
220 241 2
87 55 4
130 19 2
107 190 2
244 155 4
274 125 4
60 176 3
12 280 2
142 30 2
3 197 3
280 97 4
300 181 3
147 292 3
171 204 4
5 158 4
212 56 5
245 88 2
267 254 3
214 34 4
209 82 3
81 268 4
95 73 4
112 58 5
31 284 3
306 105 4
244 165 2
237 209 3
13 261 3
57 85 3
290 280 2
256 187 3
297 283 2
105 101 3
2 244 2
18 26 3
70 23 3
44 259 3
203 253 3
236 248 1
81 147 4
252 76 3
115 74 3
61 110 3
110 81 4
128 304 3
176 84 3
296 121 3
52 231 2
254 93 2
94 6 2
227 36 2
262 17 3
29 104 3
26 263 4
14 232 3
235 232 3
148 106 3
80 41 3
98 38 4
302 247 3
270 62 2
218 136 2
228 91 4
231 25 4
211 250 5
46 128 4
56 276 3
164 295 4
180 167 3
128 116 4
28 143 5
188 77 3
288 239 3
175 99 4
45 19 3
41 30 4
17 134 4
186 93 4
180 281 3
21 70 3
307 217 3
179 154 4
61 13 3
242 3 3
40 21 3
201 303 5
133 16 3
99 192 4
67 73 3
12 297 4
185 290 3
287 274 3
78 211 2
28 78 3
162 123 4
306 213 2
75 245 2
228 161 2
108 216 3
300 194 3
44 111 3
213 4 4
107 120 3
281 65 3
176 55 4
274 86 5
198 155 3
25 264 4
242 197 4
205 258 4
233 164 5
52 208 3
210 47 4
49 289 4
14 21 2
298 98 4
39 196 4
295 246 3
243 213 2
103 95 4
224 71 2
9 219 5
139 95 3
167 221 4
26 119 2
91 245 3
243 306 2
240 230 4
150 194 3
283 265 4
10 77 4
133 83 2
203 124 2
252 36 4
225 143 3
32 187 2
120 149 4
105 4 4
169 197 3
34 51 3
75 27 5
204 169 3
103 239 5
154 254 3
233 83 4
111 100 4
44 68 4
229 6 3
297 265 2
147 112 5
76 132 3
248 162 3
138 283 2
59 177 3
222 284 3
170 3 5
203 185 2
261 85 4
264 37 4
305 47 3
126 49 3
169 159 4
107 23 2
22 225 3
195 178 3
43 135 4
233 251 2
97 223 3
89 93 4
96 228 4
167 171 3
24 184 3
224 127 3
62 45 5
113 260 2
284 74 4
129 216 3
213 30 3
126 104 4
148 35 2
134 152 3
235 67 4
81 292 4
120 175 3
299 113 5
219 34 3
33 117 5
84 87 4
116 71 4
113 59 2
66 274 2
47 58 3
279 273 3
120 23 4
273 19 3
215 187 3
221 171 2
207 265 4
244 131 3
206 27 5
115 284 4
138 12 3
281 183 4
237 1 4
267 89 4
178 116 3
106 123 1
135 148 3
200 99 3
109 251 4
126 278 2
58 127 3
264 255 2
286 226 3
100 68 4
6 240 4
197 170 4
12 269 3
84 182 4
271 33 3
139 14 5
287 226 5
147 61 3
234 96 4
160 145 3
135 141 3
4 243 2
184 308 3
193 201 3
226 125 4
182 237 4
263 136 2
170 65 3
227 90 3
16 10 3
196 166 3
308 120 3
20 55 5
222 56 3
71 305 2
263 218 4
32 163 2
232 190 4
108 209 5
255 229 4
24 193 3
151 241 3
272 22 4
286 250 4
223 217 2
304 183 3
141 270 4
194 129 4
189 110 3
168 92 4
158 63 3
249 179 4
298 195 5
97 269 3
234 161 4
65 208 3
80 137 3
288 157 2
123 148 2
193 149 2
210 178 3
10000
0
0
0
0
0
0
0
0
0
0
0
0
0
0
0
0
0
0
0
0
0
0
0
0
0
1
1 150
0
0
0
0
0
0
0
0
0
0
0
0
0
0
0
0
0
0
0
0
0
0
0
0
0
0
0
0
0
0
0
0
0
0
0
0
0
0
0
0
0
0
0
0
0
0
0
0
0
0
0
0
0
0
0
0
0
0
0
0
0
0
0
0
0
0
0
0
0
0
0
0
0
0
0
0
0
0
1
2 23
0
0
0
0
0
0
0
0
0
0
0
0
0
0
0
0
0
0
0
0
1
3 29
0
0
1
4 116
1
5 118
0
1
6 296
0
0
0
0
0
0
0
1
7 97
0
0
0
0
0
0
0
0
0
0
0
0
0
0
0
0
0
0
0
0
0
0
0
1
8 123
0
0
0
0
0
0
0
0
0
0
0
1
9 251
0
0
0
0
0
0
0
0
0
0
0
0
0
1
10 39
1
11 258
0
0
0
0
0
0
0
0
0
0
0
1
12 94
1
13 234
0
0
0
0
0
0
0
0
0
0
0
0
0
0
0
0
0
0
1
14 257
0
0
0
0
0
0
0
0
0
0
1
15 300
0
0
0
0
1
16 121
0
0
0
0
0
0
0
1
17 220
0
0
0
0
0
1
18 165
0
0
0
0
0
0
0
0
0
1
19 68
0
0
0
0
0
1
20 155
0
0
0
1
21 273
0
0
0
0
0
0
0
0
0
0
1
22 135
0
0
0
0
0
0
0
1
23 259
0
0
0
0
0
1
24 302
0
0
0
0
0
0
0
0
0
1
25 225
0
0
1
26 84
0
0
0
0
0
0
0
1
27 273
0
0
0
0
0
0
0
0
0
0
0
0
0
0
0
0
0
1
28 45
0
0
0
0
0
1
29 301
0
0
0
0
0
0
1
30 286
0
1
31 106
0
0
0
0
0
0
0
0
0
0
0
0
0
0
0
0
0
1
32 95
0
0
0
0
1
33 294
0
0
0
0
0
0
1
34 175
0
0
0
1
35 166
0
0
1
36 200
0
0
0
0
0
0
0
0
0
0
1
37 105
0
0
1
38 75
0
0
0
0
1
39 141
0
0
0
1
40 135
0
0
0
1
41 191
0
0
0
0
0
1
42 50
0
0
0
0
0
0
0
0
0
1
43 199
0
0
0
1
44 306
0
1
45 61
0
1
46 116
0
0
0
0
0
0
0
0
1
47 38
0
0
1
48 121
0
0
0
0
1
49 201
0
0
0
0
0
0
0
1
50 279
0
0
0
0
0
0
0
0
0
0
0
0
0
0
0
1
51 155
1
52 142
0
0
0
0
0
0
0
0
1
53 87
0
0
0
0
0
0
0
0
0
0
0
0
0
1
54 190
0
1
55 23
1
56 143
0
1
57 267
0
0
1
58 225
0
0
0
0
0
0
1
59 100
1
60 187
0
0
1
61 266
0
0
0
1
62 15
0
0
0
0
0
1
63 291
0
1
64 74
0
0
0
0
1
65 190
0
0
0
1
66 13
1
67 187
0
0
1
68 303
1
69 177
0
1
70 134
0
0
0
0
0
0
0
0
1
71 177
0
0
0
0
0
0
0
0
0
0
0
0
1
72 13
1
73 8
0
1
74 74
0
0
0
0
0
0
1
75 297
0
0
0
0
0
1
76 219
1
77 245
0
0
0
0
1
78 132
0
0
0
1
79 207
1
80 301
0
0
0
0
0
0
0
0
1
81 103
0
0
0
0
0
1
82 72
0
0
0
0
1
83 26
1
84 242
0
0
0
0
1
85 284
0
1
86 16
0
1
87 298
0
0
0
1
88 243
0
0
0
0
0
0
0
0
0
0
0
0
0
0
0
0
0
1
89 62
0
0
1
90 181
0
0
0
1
91 165
0
0
0
0
1
92 89
0
0
1
93 116
0
0
1
94 239
1
95 201
0
0
0
0
1
96 158
1
97 127
0
1
98 110
0
0
0
0
1
99 295
1
100 180
0
0
0
0
0
0
0
1
101 19
0
0
0
1
102 182
1
103 294
0
0
0
0
1
104 106
0
1
105 306
0
0
0
0
0
1
106 162
0
0
0
0
0
0
0
1
107 60
0
0
0
1
108 248
0
0
1
109 244
0
0
1
110 198
1
111 147
0
0
0
1
112 156
1
113 276
0
0
1
114 264
0
1
115 57
0
0
1
116 218
0
0
0
0
1
117 123
0
1
118 169
1
119 141
1
120 174
0
0
1
121 306
1
122 245
0
1
123 261
1
124 90
1
125 160
0
0
0
0
1
126 81
1
127 153
0
0
0
0
0
0
1
128 294
0
0
1
129 275
1
130 173
0
0
1
131 59
0
1
132 104
0
1
133 305
1
134 214
1
135 256
0
1
136 19
1
137 123
1
138 86
0
0
0
0
0
1
139 164
0
0
0
0
0
0
1
140 45
0
1
141 22
1
142 304
0
0
0
0
0
0
0
0
0
0
1
143 248
1
144 205
0
1
145 217
0
0
1
146 205
0
0
1
147 148
0
1
148 304
1
149 249
0
1
150 139
0
0
1
151 72
0
1
152 297
1
153 55
0
0
1
154 222
0
0
1
155 154
0
0
0
0
1
156 104
0
0
0
0
1
157 52
1
158 291
0
1
159 101
0
0
1
160 104
0
0
0
0
0
0
1
161 220
1
162 255
0
0
0
0
1
163 230
1
164 276
0
1
165 242
0
0
0
1
166 71
0
1
167 83
0
0
1
168 149
0
0
1
169 154
0
0
0
0
0
1
170 300
0
1
171 45
0
0
0
0
0
0
0
0
1
172 228
0
1
173 69
1
174 52
0
1
175 108
0
0
0
1
176 291
1
177 229
0
1
178 144
1
179 149
1
180 5
0
0
1
181 21
0
0
1
182 160
0
1
183 277
0
1
184 226
0
1
185 23
0
0
1
186 7
1
187 72
1
188 45
1
189 153
0
1
190 245
0
1
191 262
0
0
0
1
192 145
0
0
0
0
0
1
193 307
0
0
0
0
1
194 125
0
1
195 158
0
1
196 263
0
0
0
1
197 267
0
1
198 266
1
199 278
1
200 200
1
201 175
0
1
202 137
1
203 71
0
1
204 40
0
0
1
205 224
0
0
1
206 306
0
0
0
1
207 65
1
208 45
0
0
1
209 229
1
210 12
0
1
211 87
1
212 21
0
1
213 54
1
214 267
0
0
0
1
215 51
0
0
1
216 281
0
1
217 156
0
1
218 16
1
219 248
0
1
220 304
0
1
221 259
1
222 297
0
0
1
223 84
0
1
224 53
0
0
0
1
225 172
1
226 4
0
1
227 243
1
228 251
1
229 123
0
0
1
230 2
0
1
231 242
0
0
0
0
1
232 268
1
233 9
0
0
1
234 120
1
235 290
0
1
236 97
0
0
0
0
1
237 76
1
238 62
0
0
1
239 92
1
240 131
0
1
241 74
0
0
0
1
242 125
1
243 113
0
1
244 172
0
1
245 97
1
246 135
1
247 36
0
0
0
1
248 201
0
1
249 22
1
250 98
1
251 153
0
0
0
0
0
1
252 11
1
253 3
0
0
1
254 92
1
255 193
0
1
256 274
1
257 154
1
258 242
0
0
1
259 236
1
260 32
0
0
1
261 86
1
262 106
1
263 30
1
264 139
0
1
265 261
1
266 153
1
267 84
0
1
268 23
1
269 275
0
0
1
270 49
0
1
271 139
1
272 188
0
1
273 171
1
274 41
0
0
1
275 107
1
276 221
0
1
277 68
0
1
278 194
0
1
279 296
0
1
280 35
0
0
1
281 16
0
0
1
282 140
1
283 12
1
284 7
1
285 124
0
0
0
1
286 192
0
0
0
1
287 74
0
1
288 152
0
1
289 204
0
1
290 27
1
291 106
1
292 98
1
293 190
0
1
294 22
1
295 289
1
296 183
1
297 59
0
1
298 137
1
299 121
0
1
300 265
1
301 39
0
0
1
302 305
0
1
303 28
0
1
304 105
1
305 10
1
306 75
0
1
307 35
0
1
308 145
1
309 127
1
310 221
1
311 35
1
312 162
0
0
1
313 29
0
0
0
1
314 41
1
315 240
1
316 141
0
0
1
317 188
0
0
0
0
0
1
318 232
0
0
1
319 96
1
320 34
0
0
0
0
1
321 131
1
322 4
0
0
1
323 10
0
1
324 181
0
1
325 41
0
0
1
326 72
0
0
1
327 277
0
1
328 196
1
329 102
1
330 239
1
331 291
1
332 30
0
1
333 25
0
1
334 144
1
335 143
1
336 279
0
0
1
337 43
0
0
1
338 258
0
1
339 290
1
340 292
0
1
341 121
1
342 245
1
343 137
1
344 207
0
0
1
345 286
1
346 45
0
0
1
347 93
1
348 123
0
1
349 93
1
350 201
0
0
1
351 57
1
352 59
0
0
1
353 87
1
354 222
1
355 138
0
1
356 303
1
357 112
1
358 15
1
359 111
0
0
0
0
0
0
1
360 182
1
361 41
0
0
0
1
362 127
0
0
1
363 48
0
1
364 198
1
365 297
1
366 269
0
1
367 5
1
368 248
1
369 43
1
370 304
0
1
371 234
1
372 269
0
1
373 120
0
1
374 203
1
375 248
0
0
1
376 106
1
377 279
1
378 107
1
379 65
0
0
1
380 298
1
381 276
1
382 42
0
1
383 66
0
1
384 134
0
1
385 203
1
386 224
1
387 47
0
1
388 30
1
389 148
1
390 240
1
391 238
1
392 24
0
1
393 192
0
0
1
394 287
1
395 265
1
396 204
1
397 220
1
398 153
1
399 269
0
1
400 257
1
401 267
1
402 69
1
403 245
1
404 296
1
405 22
1
406 194
0
0
1
407 308
1
408 71
1
409 74
1
410 37
0
0
1
411 217
0
1
412 58
1
413 138
1
414 242
1
415 244
0
0
1
416 151
0
1
417 27
0
1
418 158
1
419 304
1
420 59
1
421 192
1
422 44
1
423 165
0
1
424 242
0
0
1
425 28
0
0
1
426 142
0
1
427 87
0
1
428 174
0
1
429 146
0
1
430 19
0
1
431 58
0
1
432 24
1
433 268
1
434 94
1
435 238
0
1
436 170
1
437 39
1
438 187
1
439 113
0
1
440 157
1
441 20
0
0
1
442 142
1
443 188
1
444 106
1
445 221
1
446 81
1
447 162
1
448 170
0
1
449 80
1
450 184
1
451 76
1
452 225
0
0
0
1
453 9
1
454 278
1
455 3
1
456 257
1
457 274
1
458 184
1
459 26
1
460 2
1
461 279
1
462 196
1
463 262
0
1
464 138
1
465 144
0
1
466 227
1
467 302
1
468 151
1
469 114
0
1
470 126
1
471 143
0
1
472 49
1
473 169
1
474 221
1
475 88
0
1
476 27
1
477 306
1
478 32
1
479 254
1
480 213
1
481 129
1
482 308
1
483 283
1
484 207
1
485 279
1
486 189
0
1
487 231
0
0
1
488 299
1
489 129
0
0
0
1
490 118
1
491 30
0
1
492 269
1
493 56
1
494 77
0
1
495 6
1
496 291
0
0
1
497 47
1
498 20
1
499 96
0
1
500 305
1
501 41
1
502 121
0
1
503 295
0
0
0
0
1
504 205
0
0
1
505 62
0
1
506 180
0
0
1
507 272
1
508 144
1
509 153
1
510 301
1
511 53
1
512 143
0
1
513 13
1
514 282
1
515 69
1
516 228
1
517 87
0
0
0
0
1
518 182
0
1
519 277
0
1
520 3
1
521 235
0
1
522 232
0
1
523 227
1
524 225
0
1
525 157
1
526 224
1
527 149
0
0
1
528 25
0
1
529 94
0
1
530 164
1
531 121
1
532 182
1
533 252
0
0
1
534 66
1
535 245
0
0
1
536 236
0
1
537 255
1
538 206
1
539 269
1
540 245
1
541 206
1
542 273
1
543 25
0
1
544 186
1
545 117
1
546 81
1
547 87
1
548 208
1
549 260
0
1
550 242
1
551 122
0
1
552 262
0
1
553 18
0
1
554 20
1
555 91
1
556 272
0
0
1
557 22
1
558 102
1
559 66
1
560 183
0
1
561 30
1
562 147
0
1
563 201
0
1
564 137
0
1
565 136
1
566 35
1
567 123
1
568 2
1
569 255
0
1
570 213
1
571 209
1
572 151
1
573 128
0
1
574 272
1
575 127
1
576 88
1
577 184
1
578 48
1
579 173
1
580 153
1
581 174
1
582 254
0
1
583 175
1
584 147
1
585 43
1
586 33
1
587 144
0
1
588 46
1
589 23
1
590 138
0
1
591 306
1
592 226
1
593 62
0
1
594 166
1
595 92
1
596 114
1
597 68
1
598 213
0
1
599 291
0
1
600 187
1
601 225
1
602 103
0
1
603 180
1
604 103
1
605 224
1
606 207
1
607 196
0
1
608 196
0
1
609 261
1
610 108
1
611 243
1
612 143
1
613 36
1
614 145
0
0
1
615 237
1
616 195
1
617 251
1
618 251
1
619 147
1
620 76
0
1
621 280
1
622 306
0
0
0
0
0
1
623 154
1
624 273
1
625 219
0
1
626 265
1
627 65
1
628 4
1
629 295
1
630 293
1
631 146
1
632 125
1
633 230
1
634 98
1
635 62
1
636 118
1
637 106
0
1
638 69
1
639 29
1
640 58
1
641 208
0
1
642 281
0
1
643 256
1
644 181
1
645 18
1
646 151
1
647 113
1
648 291
0
1
649 256
1
650 62
1
651 296
1
652 142
0
1
653 105
1
654 192
1
655 231
1
656 217
0
1
657 106
1
658 295
1
659 118
1
660 193
1
661 69
1
662 223
0
0
1
663 177
0
1
664 236
1
665 28
1
666 231
1
667 142
1
668 121
1
669 73
1
670 302
1
671 302
1
672 262
1
673 134
0
1
674 261
0
1
675 184
1
676 121
1
677 35
1
678 198
1
679 287
0
1
680 54
1
681 167
1
682 298
0
0
0
1
683 215
1
684 166
0
1
685 31
1
686 299
0
1
687 137
0
1
688 2
0
0
1
689 2
1
690 225
1
691 241
1
692 147
1
693 294
1
694 207
0
1
695 175
1
696 93
0
0
1
697 72
0
0
1
698 257
1
699 156
1
700 297
1
701 41
1
702 39
0
1
703 75
0
0
1
704 250
0
1
705 288
0
1
706 302
1
707 212
1
708 162
1
709 114
1
710 256
1
711 48
1
712 289
1
713 307
1
714 254
1
715 299
1
716 32
1
717 47
0
1
718 273
1
719 205
1
720 301
0
1
721 168
1
722 241
1
723 103
1
724 62
0
0
1
725 154
1
726 14
0
0
1
727 68
1
728 235
0
1
729 300
0
1
730 188
1
731 197
1
732 60
0
1
733 106
1
734 51
1
735 203
1
736 283
0
1
737 76
1
738 296
1
739 14
1
740 117
0
1
741 238
1
742 193
1
743 61
1
744 117
1
745 304
1
746 95
1
747 302
1
748 189
0
0
0
1
749 121
1
750 85
0
1
751 152
0
1
752 136
1
753 179
1
754 308
0
1
755 93
1
756 81
1
757 301
0
1
758 196
0
0
1
759 144
1
760 69
1
761 131
1
762 78
1
763 31
1
764 225
1
765 78
1
766 91
0
1
767 264
1
768 297
1
769 210
1
770 218
1
771 9
1
772 210
0
1
773 85
1
774 42
1
775 200
0
0
1
776 208
0
1
777 279
1
778 291
1
779 158
1
780 75
0
1
781 270
1
782 42
1
783 192
1
784 162
1
785 90
1
786 270
1
787 228
1
788 151
1
789 137
1
790 211
1
791 93
1
792 257
1
793 198
0
1
794 130
1
795 41
1
796 240
1
797 123
0
1
798 106
1
799 283
1
800 203
0
1
801 22
1
802 55
1
803 19
1
804 64
1
805 273
0
1
806 289
1
807 213
1
808 61
1
809 154
1
810 171
1
811 225
1
812 62
1
813 54
0
1
814 229
1
815 241
1
816 294
0
1
817 143
1
818 279
1
819 174
1
820 2
1
821 92
1
822 214
0
1
823 216
1
824 291
1
825 268
1
826 239
1
827 117
1
828 29
1
829 177
1
830 236
1
831 55
1
832 221
1
833 15
1
834 209
1
835 29
1
836 261
1
837 222
1
838 218
1
839 137
1
840 117
1
841 219
1
842 306
1
843 62
1
844 194
1
845 189
1
846 23
1
847 136
1
848 16
1
849 294
1
850 264
1
851 301
0
1
852 6
0
0
1
853 6
1
854 129
1
855 238
1
856 235
0
1
857 213
0
0
1
858 271
1
859 248
1
860 54
1
861 192
1
862 139
1
863 80
1
864 240
1
865 36
1
866 103
1
867 2
1
868 294
1
869 40
1
870 6
1
871 112
1
872 41
1
873 26
1
874 248
1
875 136
1
876 208
1
877 255
1
878 108
1
879 134
0
1
880 136
1
881 86
1
882 37
1
883 117
0
1
884 128
1
885 162
1
886 179
1
887 194
1
888 87
1
889 71
1
890 107
1
891 269
1
892 301
0
1
893 119
1
894 212
1
895 267
1
896 62
1
897 212
1
898 183
1
899 279
1
900 59
1
901 149
1
902 280
0
0
1
903 105
1
904 210
1
905 50
1
906 237
1
907 213
1
908 68
1
909 297
1
910 250
1
911 58
1
912 136
0
1
913 149
1
914 28
1
915 92
1
916 243
1
917 244
1
918 40
1
919 154
1
920 217
1
921 118
1
922 182
1
923 143
1
924 67
1
925 295
1
926 236
1
927 16
1
928 40
1
929 301
1
930 147
1
931 30
1
932 177
1
933 5
1
934 284
1
935 286
1
936 165
1
937 306
1
938 220
1
939 83
1
940 135
1
941 21
1
942 121
1
943 260
1
944 41
1
945 113
1
946 148
1
947 292
1
948 25
1
949 103
1
950 196
1
951 161
0
1
952 269
1
953 41
1
954 99
1
955 105
1
956 135
1
957 147
1
958 188
1
959 239
1
960 264
1
961 42
1
962 153
1
963 37
1
964 110
1
965 275
1
966 286
1
967 16
1
968 72
1
969 291
1
970 21
1
971 113
1
972 49
1
973 40
1
974 18
1
975 202
1
976 243
1
977 155
1
978 232
0
1
979 103
0
1
980 279
1
981 171
1
982 141
0
1
983 81
1
984 177
1
985 41
1
986 133
1
987 234
1
988 168
1
989 241
1
990 306
1
991 308
1
992 150
1
993 49
1
994 245
1
995 145
1
996 263
1
997 255
1
998 289
1
999 241
1
1000 32
1
1001 198
1
1002 150
1
1003 147
1
1004 35
1
1005 189
1
1006 22
1
1007 183
1
1008 121
1
1009 221
1
1010 132
1
1011 280
1
1012 124
1
1013 90
1
1014 59
1
1015 251
1
1016 258
1
1017 30
1
1018 274
1
1019 239
1
1020 34
1
1021 53
1
1022 203
0
1
1023 282
1
1024 4
1
1025 198
1
1026 18
1
1027 226
1
1028 173
1
1029 86
1
1030 92
1
1031 260
1
1032 282
1
1033 106
1
1034 138
1
1035 137
1
1036 129
1
1037 257
1
1038 130
1
1039 145
1
1040 61
1
1041 152
1
1042 239
1
1043 79
1
1044 183
1
1045 270
1
1046 22
1
1047 54
1
1048 159
1
1049 154
1
1050 52
1
1051 163
1
1052 54
0
1
1053 44
1
1054 196
1
1055 40
1
1056 150
1
1057 34
1
1058 64
1
1059 230
0
1
1060 170
0
1
1061 252
1
1062 260
1
1063 296
1
1064 77
1
1065 266
1
1066 210
1
1067 9
1
1068 22
1
1069 52
1
1070 130
1
1071 113
1
1072 54
1
1073 213
1
1074 161
1
1075 180
1
1076 72
1
1077 88
1
1078 60
1
1079 101
1
1080 271
1
1081 291
1
1082 202
1
1083 89
1
1084 61
1
1085 105
1
1086 290
1
1087 261
1
1088 173
1
1089 282
1
1090 71
1
1091 261
1
1092 203
1
1093 258
1
1094 141
1
1095 285
1
1096 25
1
1097 7
1
1098 249
1
1099 132
1
1100 267
1
1101 99
1
1102 246
1
1103 302
1
1104 46
1
1105 173
1
1106 106
1
1107 299
1
1108 270
1
1109 145
1
1110 290
1
1111 30
1
1112 228
1
1113 254
1
1114 229
1
1115 105
1
1116 48
1
1117 201
1
1118 174
1
1119 221
1
1120 31
1
1121 306
1
1122 107
1
1123 22
1
1124 60
1
1125 45
1
1126 126
1
1127 144
1
1128 116
1
1129 66
1
1130 248
1
1131 234
1
1132 74
1
1133 160
1
1134 283
1
1135 248
1
1136 251
1
1137 158
1
1138 3
1
1139 141
1
1140 245
1
1141 20
1
1142 103
1
1143 124
1
1144 177
1
1145 288
1
1146 14
1
1147 123
1
1148 114
1
1149 244
1
1150 291
1
1151 134
1
1152 9
1
1153 132
1
1154 206
1
1155 282
1
1156 155
1
1157 106
1
1158 121
1
1159 85
1
1160 187
1
1161 106
1
1162 114
1
1163 240
1
1164 29
1
1165 101
1
1166 297
1
1167 274
1
1168 114
1
1169 266
1
1170 150
1
1171 94
1
1172 157
1
1173 219
1
1174 240
1
1175 88
1
1176 85
1
1177 113
1
1178 212
1
1179 113
1
1180 244
1
1181 163
1
1182 292
1
1183 75
1
1184 39
1
1185 273
1
1186 246
1
1187 180
1
1188 67
1
1189 62
1
1190 182
1
1191 254
1
1192 180
1
1193 64
1
1194 148
1
1195 294
1
1196 294
1
1197 176
1
1198 218
1
1199 212
1
1200 22
1
1201 298
1
1202 258
1
1203 255
1
1204 239
1
1205 148
1
1206 245
1
1207 276
1
1208 225
1
1209 81
1
1210 177
1
1211 44
1
1212 146
1
1213 158
1
1214 99
1
1215 43
1
1216 235
1
1217 91
1
1218 218
1
1219 135
1
1220 93
1
1221 102
1
1222 85
1
1223 233
1
1224 229
1
1225 299
1
1226 17
1
1227 30
1
1228 265
1
1229 132
1
1230 177
1
1231 303
1
1232 128
1
1233 202
1
1234 245
1
1235 6
1
1236 186
1
1237 150
1
1238 183
1
1239 286
1
1240 4
1
1241 88
1
1242 273
1
1243 270
1
1244 236
1
1245 118
1
1246 280
1
1247 37
1
1248 74
1
1249 110
1
1250 177
1
1251 6
1
1252 281
1
1253 198
1
1254 3
1
1255 136
1
1256 237
1
1257 226
1
1258 176
1
1259 294
1
1260 15
0
1
1261 231
1
1262 85
1
1263 199
1
1264 196
1
1265 118
1
1266 127
1
1267 15
1
1268 101
1
1269 297
1
1270 160
1
1271 4
1
1272 281
1
1273 129
1
1274 141
1
1275 147
1
1276 223
1
1277 302
1
1278 54
1
1279 248
1
1280 150
1
1281 244
1
1282 113
1
1283 211
0
1
1284 12
0
1
1285 201
1
1286 72
1
1287 260
1
1288 75
1
1289 22
1
1290 124
1
1291 135
1
1292 25
1
1293 245
1
1294 152
1
1295 166
1
1296 95
1
1297 49
1
1298 31
1
1299 82
1
1300 29
1
1301 62
1
1302 78
1
1303 142
1
1304 58
1
1305 71
0
1
1306 246
1
1307 105
1
1308 118
1
1309 167
1
1310 28
1
1311 151
1
1312 182
1
1313 193
1
1314 96
1
1315 19
1
1316 299
1
1317 292
1
1318 105
1
1319 148
1
1320 51
0
1
1321 9
1
1322 172
1
1323 162
1
1324 243
1
1325 72
1
1326 282
1
1327 27
0
1
1328 203
1
1329 118
1
1330 137
1
1331 150
1
1332 254
1
1333 236
1
1334 138
1
1335 91
1
1336 77
1
1337 58
1
1338 273
1
1339 117
1
1340 56
1
1341 71
1
1342 186
1
1343 142
1
1344 164
1
1345 60
1
1346 40
1
1347 230
1
1348 4
1
1349 24
1
1350 23
1
1351 75
1
1352 3
1
1353 304
1
1354 137
1
1355 294
1
1356 103
1
1357 285
1
1358 33
1
1359 282
1
1360 134
1
1361 28
1
1362 274
1
1363 78
1
1364 40
1
1365 248
1
1366 142
1
1367 177
1
1368 223
0
1
1369 214
1
1370 218
1
1371 230
1
1372 207
1
1373 115
1
1374 166
1
1375 264
1
1376 228
1
1377 248
1
1378 13
1
1379 11
1
1380 177
1
1381 262
1
1382 170
1
1383 220
1
1384 236
1
1385 222
1
1386 243
1
1387 185
1
1388 59
1
1389 25
1
1390 257
1
1391 113
1
1392 268
1
1393 160
1
1394 18
1
1395 177
1
1396 28
1
1397 157
1
1398 173
1
1399 178
1
1400 161
1
1401 277
1
1402 297
1
1403 6
1
1404 248
1
1405 290
1
1406 71
1
1407 94
1
1408 245
1
1409 22
1
1410 13
1
1411 9
1
1412 221
1
1413 60
1
1414 252
1
1415 11
1
1416 29
1
1417 194
1
1418 275
1
1419 76
1
1420 13
1
1421 259
1
1422 167
1
1423 33
1
1424 5
1
1425 110
1
1426 123
1
1427 181
1
1428 290
1
1429 145
1
1430 225
1
1431 73
1
1432 43
1
1433 270
1
1434 58
1
1435 270
1
1436 126
1
1437 226
1
1438 285
1
1439 275
1
1440 227
1
1441 108
1
1442 16
0
1
1443 180
1
1444 113
0
1
1445 100
1
1446 221
0
1
1447 177
1
1448 84
1
1449 271
1
1450 113
1
1451 264
1
1452 162
1
1453 117
1
1454 31
1
1455 94
1
1456 62
1
1457 109
1
1458 258
1
1459 157
1
1460 169
1
1461 265
1
1462 22
1
1463 51
1
1464 101
1
1465 145
1
1466 291
1
1467 81
1
1468 111
1
1469 56
1
1470 17
1
1471 115
0
1
1472 115
0
1
1473 16
1
1474 225
1
1475 106
1
1476 161
1
1477 98
1
1478 158
1
1479 215
1
1480 236
1
1481 163
1
1482 222
1
1483 299
1
1484 95
1
1485 212
0
1
1486 175
1
1487 147
1
1488 173
1
1489 253
1
1490 79
1
1491 21
1
1492 253
1
1493 26
1
1494 224
1
1495 258
1
1496 54
1
1497 59
1
1498 296
1
1499 93
1
1500 117
1
1501 79
1
1502 80
1
1503 117
1
1504 210
1
1505 84
1
1506 86
1
1507 97
1
1508 283
1
1509 106
1
1510 90
1
1511 62
1
1512 226
1
1513 68
1
1514 161
1
1515 7
1
1516 66
1
1517 157
1
1518 57
1
1519 66
1
1520 117
1
1521 196
1
1522 262
1
1523 2
1
1524 79
1
1525 225
1
1526 198
1
1527 259
1
1528 10
1
1529 30
1
1530 117
1
1531 196
1
1532 271
1
1533 7
1
1534 93
1
1535 111
1
1536 121
0
1
1537 5
1
1538 43
1
1539 97
1
1540 275
1
1541 58
1
1542 47
1
1543 224
1
1544 256
1
1545 203
1
1546 256
1
1547 186
1
1548 283
1
1549 98
1
1550 275
1
1551 111
1
1552 104
1
1553 69
1
1554 69
1
1555 160
1
1556 86
1
1557 36
1
1558 240
1
1559 113
1
1560 204
1
1561 170
0
1
1562 168
0
1
1563 5
1
1564 154
1
1565 116
1
1566 141
1
1567 210
1
1568 169
1
1569 177
1
1570 121
1
1571 279
1
1572 26
1
1573 151
0
1
1574 54
1
1575 172
1
1576 6
1
1577 216
1
1578 5
0
1
1579 58
1
1580 36
1
1581 255
1
1582 122
0
1
1583 129
1
1584 63
1
1585 226
1
1586 246
1
1587 270
1
1588 141
1
1589 283
1
1590 99
1
1591 43
1
1592 111
1
1593 11
1
1594 133
1
1595 15
0
1
1596 209
1
1597 225
1
1598 254
1
1599 13
1
1600 30
1
1601 273
1
1602 251
1
1603 81
1
1604 295
1
1605 145
1
1606 244
1
1607 231
1
1608 141
1
1609 261
1
1610 52
1
1611 42
1
1612 192
0
1
1613 209
1
1614 261
1
1615 183
1
1616 271
1
1617 278
1
1618 35
1
1619 216
1
1620 125
1
1621 227
1
1622 148
1
1623 274
1
1624 221
1
1625 286
1
1626 22
1
1627 101
1
1628 300
1
1629 105
1
1630 139
1
1631 144
1
1632 147
1
1633 178
1
1634 26
0
1
1635 14
1
1636 98
1
1637 86
1
1638 151
1
1639 17
1
1640 57
1
1641 120
1
1642 33
1
1643 43
1
1644 283
1
1645 281
1
1646 299
1
1647 57
1
1648 273
1
1649 132
1
1650 64
1
1651 139
1
1652 224
0
1
1653 177
1
1654 270
0
1
1655 262
1
1656 242
1
1657 233
1
1658 200
1
1659 290
1
1660 238
1
1661 263
1
1662 87
1
1663 291
1
1664 22
1
1665 51
1
1666 227
1
1667 140
1
1668 192
1
1669 265
1
1670 108
1
1671 253
1
1672 279
1
1673 9
1
1674 175
1
1675 176
1
1676 138
1
1677 244
1
1678 289
1
1679 180
1
1680 4
0
1
1681 191
1
1682 291
1
1683 80
0
1
1684 72
1
1685 225
1
1686 183
0
1
1687 306
1
1688 66
1
1689 201
1
1690 209
1
1691 201
1
1692 257
1
1693 294
0
0
0
1
1694 270
1
1695 198
1
1696 51
1
1697 5
1
1698 289
1
1699 279
1
1700 119
1
1701 216
0
1
1702 134
1
1703 102
1
1704 217
1
1705 265
1
1706 152
1
1707 91
1
1708 123
1
1709 54
1
1710 273
1
1711 222
1
1712 302
1
1713 119
1
1714 228
1
1715 232
1
1716 110
1
1717 93
1
1718 97
1
1719 21
1
1720 185
1
1721 82
1
1722 100
1
1723 151
1
1724 266
1
1725 143
1
1726 183
1
1727 263
1
1728 92
1
1729 221
1
1730 160
1
1731 52
0
1
1732 236
1
1733 115
1
1734 178
1
1735 151
0
1
1736 251
1
1737 145
1
1738 252
1
1739 46
1
1740 222
1
1741 119
1
1742 132
1
1743 301
1
1744 143
1
1745 171
1
1746 235
1
1747 228
1
1748 41
1
1749 171
1
1750 297
1
1751 254
1
1752 57
1
1753 156
1
1754 193
1
1755 100
1
1756 215
1
1757 47
1
1758 147
0
1
1759 220
1
1760 173
0
1
1761 65
1
1762 9
1
1763 307
1
1764 244
1
1765 34
1
1766 118
1
1767 174
1
1768 291
1
1769 54
1
1770 134
1
1771 69
1
1772 191
1
1773 111
1
1774 161
1
1775 143
1
1776 201
0
0
1
1777 172
1
1778 280
1
1779 9
1
1780 80
1
1781 273
1
1782 106
1
1783 151
1
1784 47
1
1785 33
1
1786 246
1
1787 177
1
1788 69
1
1789 70
1
1790 137
1
1791 147
1
1792 69
1
1793 209
1
1794 255
1
1795 24
1
1796 34
1
1797 5
1
1798 33
1
1799 283
1
1800 124
1
1801 92
1
1802 205
1
1803 90
1
1804 306
1
1805 148
1
1806 213
1
1807 191
1
1808 65
1
1809 276
1
1810 65
1
1811 219
1
1812 142
1
1813 293
1
1814 159
1
1815 32
1
1816 3
1
1817 209
1
1818 61
1
1819 142
1
1820 220
1
1821 67
1
1822 190
1
1823 213
1
1824 70
0
1
1825 270
1
1826 8
1
1827 236
0
1
1828 265
1
1829 105
1
1830 7
1
1831 127
1
1832 62
1
1833 105
1
1834 97
1
1835 192
1
1836 165
1
1837 132
1
1838 38
0
1
1839 52
1
1840 62
1
1841 267
1
1842 292
1
1843 253
1
1844 158
0
1
1845 92
1
1846 115
1
1847 62
1
1848 219
1
1849 130
1
1850 94
0
1
1851 80
0
1
1852 30
1
1853 18
1
1854 214
1
1855 81
1
1856 174
1
1857 137
1
1858 118
1
1859 207
1
1860 113
0
1
1861 280
0
1
1862 82
1
1863 105
1
1864 238
1
1865 297
1
1866 186
1
1867 167
1
1868 9
1
1869 142
1
1870 85
1
1871 85
1
1872 158
1
1873 180
1
1874 159
0
1
1875 93
1
1876 18
1
1877 22
0
1
1878 257
1
1879 52
1
1880 177
1
1881 251
0
1
1882 41
1
1883 163
1
1884 22
1
1885 116
1
1886 92
1
1887 210
0
1
1888 273
1
1889 24
1
1890 300
1
1891 43
1
1892 280
1
1893 55
1
1894 195
1
1895 196
1
1896 80
1
1897 154
0
1
1898 97
1
1899 84
1
1900 173
0
1
1901 160
1
1902 12
1
1903 189
1
1904 177
1
1905 249
1
1906 248
1
1907 220
1
1908 228
1
1909 64
1
1910 276
1
1911 286
1
1912 121
1
1913 243
1
1914 294
1
1915 41
1
1916 145
1
1917 194
1
1918 308
1
1919 206
1
1920 9
0
1
1921 111
1
1922 231
1
1923 110
1
1924 139
1
1925 21
1
1926 138
1
1927 90
1
1928 46
1
1929 225
1
1930 249
0
1
1931 301
1
1932 111
1
1933 38
1
1934 135
0
1
1935 83
1
1936 266
1
1937 20
1
1938 35
1
1939 148
1
1940 167
1
1941 101
1
1942 223
1
1943 73
1
1944 103
1
1945 7
1
1946 279
1
1947 184
1
1948 24
1
1949 216
1
1950 105
1
1951 121
1
1952 67
1
1953 200
1
1954 44
1
1955 304
1
1956 279
0
1
1957 137
1
1958 48
1
1959 263
1
1960 75
1
1961 132
1
1962 286
1
1963 152
0
1
1964 145
1
1965 40
1
1966 241
1
1967 222
1
1968 231
1
1969 80
0
1
1970 196
1
1971 63
1
1972 303
1
1973 273
1
1974 241
1
1975 144
0
1
1976 241
1
1977 188
1
1978 282
1
1979 182
0
1
1980 219
0
1
1981 10
1
1982 202
1
1983 25
1
1984 93
1
1985 123
1
1986 268
1
1987 148
1
1988 152
1
1989 279
1
1990 169
1
1991 134
1
1992 137
1
1993 142
1
1994 106
0
1
1995 161
1
1996 50
1
1997 26
1
1998 36
0
1
1999 249
1
2000 148
1
2001 156
1
2002 168
1
2003 108
0
1
2004 19
0
1
2005 270
1
2006 106
1
2007 116
1
2008 137
1
2009 87
1
2010 121
1
2011 279
1
2012 170
1
2013 306
1
2014 50
1
2015 270
1
2016 9
1
2017 81
0
1
2018 90
1
2019 280
1
2020 73
1
2021 47
1
2022 131
1
2023 60
1
2024 297
0
0
1
2025 201
1
2026 157
0
1
2027 132
1
2028 237
1
2029 274
1
2030 96
1
2031 104
1
2032 227
1
2033 270
0
1
2034 205
0
1
2035 225
1
2036 11
1
2037 241
1
2038 282
1
2039 278
1
2040 251
0
1
2041 307
1
2042 166
1
2043 121
1
2044 8
1
2045 157
1
2046 74
0
1
2047 196
1
2048 47
1
2049 145
1
2050 17
1
2051 7
0
1
2052 272
1
2053 132
1
2054 32
1
2055 207
1
2056 308
1
2057 225
1
2058 308
1
2059 287
1
2060 247
1
2061 224
1
2062 241
1
2063 146
1
2064 269
1
2065 227
1
2066 147
1
2067 117
1
2068 60
1
2069 97
1
2070 276
1
2071 41
1
2072 167
1
2073 115
1
2074 215
1
2075 54
1
2076 185
0
0
1
2077 229
0
1
2078 174
1
2079 279
0
1
2080 42
1
2081 16
1
2082 92
1
2083 241
1
2084 223
1
2085 164
1
2086 228
1
2087 137
1
2088 154
1
2089 54
1
2090 153
1
2091 15
1
2092 265
1
2093 121
1
2094 192
1
2095 204
0
1
2096 230
1
2097 218
1
2098 124
1
2099 240
0
1
2100 121
0
1
2101 143
1
2102 270
1
2103 213
0
0
1
2104 252
1
2105 284
1
2106 51
1
2107 193
1
2108 145
1
2109 106
1
2110 267
1
2111 97
1
2112 31
1
2113 78
1
2114 178
1
2115 103
1
2116 205
1
2117 190
1
2118 238
1
2119 296
0
1
2120 135
1
2121 299
1
2122 18
1
2123 238
1
2124 94
0
0
0
1
2125 150
0
0
1
2126 106
1
2127 152
1
2128 224
1
2129 104
1
2130 182
1
2131 89
0
1
2132 56
1
2133 219
1
2134 193
1
2135 87
1
2136 35
1
2137 37
1
2138 273
1
2139 121
1
2140 47
1
2141 99
1
2142 176
1
2143 92
1
2144 294
0
1
2145 230
1
2146 124
1
2147 113
1
2148 148
0
1
2149 148
0
1
2150 308
1
2151 56
1
2152 98
1
2153 120
1
2154 302
1
2155 187
1
2156 40
0
1
2157 62
1
2158 178
1
2159 73
1
2160 20
1
2161 125
1
2162 221
1
2163 180
1
2164 134
1
2165 118
1
2166 153
1
2167 65
1
2168 133
1
2169 168
0
1
2170 161
1
2171 95
1
2172 210
1
2173 123
1
2174 14
0
1
2175 288
1
2176 178
1
2177 118
1
2178 49
1
2179 69
1
2180 164
0
1
2181 4
1
2182 172
1
2183 39
1
2184 22
1
2185 150
1
2186 240
1
2187 188
1
2188 207
1
2189 268
1
2190 133
1
2191 50
1
2192 14
1
2193 94
1
2194 100
1
2195 41
1
2196 56
1
2197 78
1
2198 252
1
2199 53
1
2200 136
1
2201 287
1
2202 298
0
1
2203 288
1
2204 94
1
2205 84
1
2206 141
1
2207 103
1
2208 39
1
2209 67
1
2210 173
0
1
2211 203
0
1
2212 105
1
2213 13
0
1
2214 76
1
2215 190
1
2216 263
1
2217 30
1
2218 285
1
2219 33
1
2220 45
1
2221 221
1
2222 299
1
2223 35
0
1
2224 112
1
2225 162
1
2226 127
0
0
1
2227 173
1
2228 198
1
2229 193
1
2230 289
1
2231 99
1
2232 187
0
0
0
1
2233 41
1
2234 65
1
2235 138
1
2236 199
0
1
2237 67
0
1
2238 44
0
1
2239 113
0
1
2240 183
1
2241 50
1
2242 48
1
2243 186
0
1
2244 221
0
1
2245 40
1
2246 35
1
2247 230
1
2248 248
1
2249 72
0
1
2250 29
1
2251 49
1
2252 198
1
2253 256
1
2254 142
1
2255 13
1
2256 64
1
2257 90
1
2258 289
1
2259 279
1
2260 189
0
0
1
2261 252
1
2262 103
1
2263 247
1
2264 206
1
2265 149
1
2266 181
1
2267 148
1
2268 186
1
2269 82
1
2270 121
1
2271 32
1
2272 16
1
2273 155
1
2274 4
0
1
2275 213
1
2276 94
1
2277 35
1
2278 20
1
2279 307
1
2280 271
1
2281 197
1
2282 89
0
1
2283 261
1
2284 184
0
1
2285 243
1
2286 68
1
2287 191
1
2288 259
1
2289 84
1
2290 143
1
2291 15
1
2292 44
1
2293 198
1
2294 69
1
2295 254
1
2296 173
1
2297 254
0
1
2298 227
0
1
2299 91
1
2300 30
1
2301 32
1
2302 221
1
2303 294
1
2304 159
0
1
2305 217
1
2306 178
1
2307 228
1
2308 131
1
2309 287
1
2310 104
1
2311 45
1
2312 246
0
1
2313 142
1
2314 138
1
2315 117
0
0
1
2316 269
1
2317 205
1
2318 256
1
2319 92
0
1
2320 301
1
2321 276
1
2322 45
1
2323 143
0
0
0
1
2324 205
1
2325 116
1
2326 105
1
2327 131
1
2328 203
1
2329 232
1
2330 174
1
2331 225
1
2332 87
1
2333 157
1
2334 230
1
2335 113
1
2336 108
1
2337 142
0
1
2338 150
1
2339 269
1
2340 197
1
2341 258
1
2342 264
1
2343 89
1
2344 58
1
2345 140
0
1
2346 183
1
2347 86
1
2348 11
1
2349 163
0
1
2350 301
1
2351 46
0
1
2352 179
1
2353 200
0
0
1
2354 133
1
2355 52
1
2356 135
1
2357 26
0
1
2358 43
0
1
2359 167
1
2360 278
1
2361 185
1
2362 96
1
2363 226
0
1
2364 190
1
2365 292
1
2366 34
1
2367 272
1
2368 220
1
2369 143
1
2370 251
1
2371 92
1
2372 116
1
2373 54
1
2374 133
1
2375 144
0
0
1
2376 64
1
2377 240
0
1
2378 39
0
1
2379 19
1
2380 133
1
2381 294
0
1
2382 203
1
2383 286
1
2384 173
1
2385 61
1
2386 291
0
0
1
2387 41
1
2388 265
0
1
2389 231
0
1
2390 200
1
2391 57
1
2392 2
1
2393 135
1
2394 99
1
2395 301
1
2396 17
0
0
1
2397 176
1
2398 104
1
2399 152
1
2400 306
1
2401 257
1
2402 146
1
2403 65
1
2404 177
1
2405 56
1
2406 292
1
2407 250
1
2408 121
0
0
1
2409 255
1
2410 96
1
2411 66
1
2412 108
1
2413 221
1
2414 90
0
1
2415 173
1
2416 193
1
2417 92
1
2418 103
1
2419 79
1
2420 43
1
2421 237
1
2422 133
1
2423 117
1
2424 290
1
2425 146
0
1
2426 53
1
2427 135
1
2428 288
1
2429 214
1
2430 279
1
2431 247
1
2432 262
0
1
2433 100
1
2434 196
1
2435 45
1
2436 209
1
2437 125
0
1
2438 130
1
2439 96
1
2440 54
1
2441 75
1
2442 27
0
1
2443 296
1
2444 167
1
2445 36
1
2446 48
1
2447 291
1
2448 145
1
2449 90
1
2450 89
1
2451 84
1
2452 209
0
1
2453 226
1
2454 294
1
2455 58
1
2456 35
1
2457 124
1
2458 11
1
2459 121
1
2460 22
1
2461 216
1
2462 110
0
0
1
2463 270
1
2464 140
1
2465 196
1
2466 164
1
2467 41
0
1
2468 61
1
2469 273
1
2470 38
1
2471 16
1
2472 279
1
2473 132
1
2474 34
1
2475 93
1
2476 38
1
2477 223
1
2478 143
1
2479 151
1
2480 219
1
2481 91
1
2482 298
1
2483 239
1
2484 19
1
2485 240
1
2486 157
0
0
1
2487 56
1
2488 216
0
1
2489 146
1
2490 154
1
2491 141
1
2492 266
1
2493 269
1
2494 136
1
2495 216
1
2496 301
1
2497 102
0
1
2498 299
1
2499 253
1
2500 217
1
2501 242
1
2502 234
1
2503 290
1
2504 41
1
2505 48
1
2506 292
1
2507 73
1
2508 213
0
1
2509 207
1
2510 45
1
2511 6
1
2512 81
1
2513 54
1
2514 100
1
2515 29
1
2516 294
1
2517 18
0
1
2518 272
1
2519 105
0
1
2520 84
0
1
2521 156
1
2522 171
1
2523 300
1
2524 105
1
2525 298
1
2526 177
0
1
2527 247
1
2528 154
1
2529 212
1
2530 281
1
2531 290
1
2532 116
1
2533 71
1
2534 264
0
0
1
2535 221
1
2536 87
1
2537 237
0
1
2538 128
0
1
2539 254
1
2540 130
1
2541 207
1
2542 109
1
2543 139
1
2544 198
1
2545 169
1
2546 257
1
2547 72
1
2548 55
1
2549 115
1
2550 148
0
1
2551 75
1
2552 113
1
2553 127
1
2554 99
1
2555 304
0
1
2556 298
1
2557 155
1
2558 222
1
2559 49
0
0
1
2560 201
1
2561 9
1
2562 86
1
2563 137
1
2564 213
1
2565 209
1
2566 213
1
2567 9
0
1
2568 180
1
2569 301
1
2570 239
1
2571 228
1
2572 257
1
2573 49
1
2574 100
1
2575 287
0
0
0
1
2576 140
1
2577 194
1
2578 230
1
2579 106
1
2580 175
1
2581 159
1
2582 243
1
2583 161
1
2584 61
1
2585 213
1
2586 6
1
2587 148
1
2588 100
1
2589 45
0
0
0
1
2590 9
0
1
2591 248
1
2592 176
1
2593 195
0
0
1
2594 269
1
2595 84
0
1
2596 142
1
2597 162
1
2598 111
1
2599 105
1
2600 175
1
2601 152
0
1
2602 189
0
1
2603 248
1
2604 270
1
2605 158
1
2606 70
1
2607 264
1
2608 133
1
2609 69
1
2610 123
1
2611 9
1
2612 245
1
2613 233
1
2614 23
0
1
2615 56
0
1
2616 127
0
1
2617 247
1
2618 303
1
2619 246
1
2620 251
0
0
1
2621 16
1
2622 108
1
2623 160
1
2624 271
1
2625 307
1
2626 204
1
2627 262
1
2628 128
1
2629 283
0
0
1
2630 125
0
0
0
1
2631 137
0
0
1
2632 267
1
2633 132
1
2634 244
1
2635 142
1
2636 13
1
2637 216
0
1
2638 248
1
2639 217
1
2640 39
0
1
2641 283
1
2642 224
1
2643 138
1
2644 114
1
2645 41
0
1
2646 84
0
1
2647 137
1
2648 83
1
2649 149
0
1
2650 67
1
2651 274
0
0
1
2652 135
1
2653 158
1
2654 151
1
2655 202
1
2656 297
1
2657 54
1
2658 263
1
2659 118
1
2660 29
0
1
2661 277
1
2662 214
1
2663 289
0
1
2664 62
1
2665 171
1
2666 133
1
2667 261
1
2668 140
1
2669 169
1
2670 22
0
1
2671 213
1
2672 225
0
1
2673 219
1
2674 21
1
2675 57
1
2676 289
0
1
2677 168
1
2678 209
1
2679 239
1
2680 10
1
2681 190
1
2682 295
0
0
1
2683 250
1
2684 45
1
2685 131
0
1
2686 194
1
2687 273
0
1
2688 78
1
2689 66
0
1
2690 308
1
2691 117
1
2692 299
1
2693 135
1
2694 145
1
2695 303
1
2696 24
0
1
2697 107
1
2698 204
1
2699 162
0
0
1
2700 161
1
2701 297
1
2702 307
1
2703 128
0
1
2704 305
1
2705 111
1
2706 56
1
2707 188
1
2708 187
1
2709 230
1
2710 192
0
1
2711 173
1
2712 253
1
2713 201
1
2714 276
1
2715 205
1
2716 175
1
2717 101
1
2718 210
1
2719 109
1
2720 177
1
2721 141
1
2722 21
1
2723 3
1
2724 272
0
1
2725 188
1
2726 250
0
1
2727 34
0
1
2728 291
1
2729 168
1
2730 187
1
2731 228
1
2732 9
1
2733 217
1
2734 137
1
2735 279
1
2736 133
1
2737 258
1
2738 209
1
2739 268
0
1
2740 237
1
2741 23
1
2742 123
1
2743 306
1
2744 108
1
2745 130
0
1
2746 306
1
2747 299
0
0
1
2748 159
1
2749 298
0
1
2750 71
1
2751 35
1
2752 7
1
2753 270
1
2754 132
1
2755 303
1
2756 190
1
2757 155
1
2758 191
1
2759 295
1
2760 263
1
2761 145
1
2762 151
1
2763 137
1
2764 71
0
1
2765 255
1
2766 284
0
0
1
2767 244
0
1
2768 157
1
2769 238
0
1
2770 123
1
2771 46
1
2772 251
1
2773 70
1
2774 162
1
2775 164
1
2776 237
0
1
2777 213
0
0
1
2778 216
0
0
1
2779 209
1
2780 20
1
2781 253
1
2782 304
1
2783 234
1
2784 134
0
1
2785 80
1
2786 213
1
2787 255
1
2788 138
1
2789 219
1
2790 302
1
2791 105
0
1
2792 71
1
2793 282
1
2794 290
1
2795 292
1
2796 240
1
2797 47
1
2798 177
1
2799 13
1
2800 121
0
1
2801 144
1
2802 267
1
2803 203
1
2804 173
1
2805 192
1
2806 52
0
1
2807 36
1
2808 213
1
2809 213
1
2810 170
1
2811 11
1
2812 308
1
2813 98
1
2814 169
1
2815 4
1
2816 81
1
2817 274
1
2818 43
1
2819 227
1
2820 9
1
2821 91
1
2822 225
0
1
2823 164
1
2824 47
1
2825 224
1
2826 102
0
1
2827 177
1
2828 47
1
2829 169
1
2830 300
1
2831 31
1
2832 164
0
1
2833 236
0
1
2834 113
1
2835 144
1
2836 91
0
1
2837 173
1
2838 177
0
1
2839 189
1
2840 149
0
0
1
2841 106
0
0
1
2842 299
1
2843 196
1
2844 82
0
1
2845 43
1
2846 67
1
2847 61
1
2848 177
0
1
2849 176
1
2850 165
0
0
1
2851 17
1
2852 299
1
2853 278
1
2854 262
1
2855 67
1
2856 138
1
2857 76
0
0
1
2858 286
0
1
2859 52
1
2860 40
0
1
2861 21
0
1
2862 168
1
2863 15
1
2864 97
1
2865 190
1
2866 287
1
2867 264
0
1
2868 188
1
2869 227
1
2870 151
1
2871 119
1
2872 300
1
2873 289
1
2874 177
1
2875 198
1
2876 238
0
1
2877 258
0
1
2878 138
1
2879 113
0
1
2880 64
1
2881 154
1
2882 105
1
2883 138
0
1
2884 103
1
2885 294
1
2886 105
0
1
2887 194
1
2888 163
0
1
2889 86
0
1
2890 172
1
2891 250
1
2892 225
1
2893 244
1
2894 43
0
1
2895 259
1
2896 237
1
2897 154
1
2898 52
1
2899 180
1
2900 224
0
0
1
2901 159
0
1
2902 227
1
2903 36
1
2904 244
1
2905 205
1
2906 98
1
2907 194
1
2908 118
1
2909 86
0
1
2910 201
1
2911 185
0
1
2912 156
1
2913 112
0
1
2914 294
1
2915 197
1
2916 100
0
1
2917 137
1
2918 163
0
1
2919 113
0
1
2920 51
1
2921 131
1
2922 232
1
2923 169
0
1
2924 243
0
0
1
2925 37
1
2926 266
0
0
1
2927 69
1
2928 119
1
2929 279
1
2930 135
1
2931 151
1
2932 174
1
2933 137
1
2934 228
0
1
2935 187
0
1
2936 129
0
0
0
0
0
0
1
2937 69
0
1
2938 99
1
2939 183
1
2940 202
1
2941 152
1
2942 62
1
2943 237
1
2944 218
1
2945 225
1
2946 15
1
2947 61
1
2948 299
0
1
2949 305
1
2950 261
1
2951 214
0
1
2952 15
1
2953 94
0
1
2954 70
1
2955 43
1
2956 4
1
2957 27
0
0
1
2958 266
1
2959 120
1
2960 279
1
2961 22
0
1
2962 14
1
2963 11
1
2964 21
1
2965 166
1
2966 225
1
2967 123
1
2968 279
0
1
2969 12
1
2970 62
1
2971 180
1
2972 173
0
0
1
2973 22
0
1
2974 62
1
2975 45
1
2976 80
0
1
2977 94
1
2978 275
1
2979 221
1
2980 64
0
0
0
1
2981 104
0
0
1
2982 159
1
2983 249
0
0
1
2984 213
1
2985 229
0
1
2986 18
1
2987 286
1
2988 19
0
1
2989 248
0
0
1
2990 290
1
2991 243
1
2992 207
1
2993 161
1
2994 35
1
2995 32
1
2996 129
1
2997 260
1
2998 165
1
2999 27
1
3000 148
1
3001 32
1
3002 39
0
1
3003 41
1
3004 212
1
3005 143
0
1
3006 231
1
3007 225
0
0
0
1
3008 160
1
3009 41
0
0
0
0
0
1
3010 93
0
1
3011 149
1
3012 123
1
3013 89
1
3014 147
0
0
0
1
3015 137
1
3016 175
1
3017 290
1
3018 259
1
3019 137
1
3020 135
0
1
3021 37
1
3022 240
1
3023 121
1
3024 18
0
1
3025 225
1
3026 294
1
3027 198
0
1
3028 129
1
3029 211
1
3030 79
1
3031 204
1
3032 135
1
3033 249
1
3034 7
1
3035 243
0
1
3036 292
0
1
3037 39
1
3038 124
1
3039 75
1
3040 142
0
1
3041 206
0
1
3042 270
0
1
3043 302
1
3044 28
1
3045 88
1
3046 201
0
1
3047 10
0
1
3048 235
0
0
1
3049 109
0
0
1
3050 39
0
1
3051 72
1
3052 103
1
3053 58
1
3054 177
0
0
1
3055 215
1
3056 118
1
3057 294
1
3058 251
0
0
0
1
3059 268
1
3060 249
1
3061 101
0
0
1
3062 67
1
3063 250
0
1
3064 112
1
3065 285
1
3066 65
1
3067 240
0
1
3068 39
1
3069 9
0
1
3070 43
0
1
3071 6
0
0
0
1
3072 236
1
3073 11
1
3074 193
1
3075 20
1
3076 193
1
3077 90
1
3078 193
1
3079 252
1
3080 173
0
1
3081 97
1
3082 25
0
1
3083 273
1
3084 282
1
3085 196
1
3086 163
0
1
3087 306
0
0
0
1
3088 288
1
3089 153
1
3090 294
1
3091 14
0
0
0
1
3092 68
1
3093 284
1
3094 245
1
3095 221
1
3096 165
0
1
3097 171
1
3098 223
0
0
1
3099 127
1
3100 166
0
1
3101 141
1
3102 262
1
3103 68
0
1
3104 148
1
3105 110
1
3106 196
1
3107 61
1
3108 155
1
3109 176
1
3110 269
1
3111 37
1
3112 218
0
1
3113 159
1
3114 117
0
0
1
3115 107
1
3116 196
1
3117 306
1
3118 209
1
3119 43
1
3120 18
1
3121 255
1
3122 39
1
3123 170
1
3124 87
1
3125 308
1
3126 211
1
3127 61
0
1
3128 145
1
3129 120
0
1
3130 110
1
3131 68
1
3132 65
0
0
1
3133 99
0
1
3134 144
1
3135 273
0
1
3136 301
1
3137 299
1
3138 72
0
1
3139 221
1
3140 5
0
1
3141 105
1
3142 113
1
3143 236
1
3144 66
1
3145 16
0
0
1
3146 142
0
0
1
3147 286
1
3148 137
1
3149 279
1
3150 15
1
3151 236
0
1
3152 88
1
3153 294
1
3154 276
1
3155 225
1
3156 300
0
0
0
1
3157 245
1
3158 50
0
1
3159 258
1
3160 93
1
3161 188
1
3162 185
1
3163 90
0
1
3164 186
1
3165 177
1
3166 219
1
3167 90
1
3168 87
1
3169 167
0
1
3170 51
0
0
0
1
3171 82
0
1
3172 267
0
1
3173 26
1
3174 274
0
0
1
3175 175
0
0
1
3176 26
1
3177 61
0
0
1
3178 111
1
3179 241
0
1
3180 262
0
1
3181 39
1
3182 306
1
3183 209
0
0
0
0
0
1
3184 297
1
3185 192
1
3186 120
0
1
3187 103
1
3188 218
0
0
1
3189 17
0
1
3190 211
0
1
3191 225
1
3192 236
1
3193 104
1
3194 105
0
1
3195 209
0
1
3196 154
1
3197 5
1
3198 101
0
0
1
3199 133
1
3200 211
1
3201 301
0
1
3202 249
1
3203 241
1
3204 211
0
0
0
0
0
1
3205 249
1
3206 195
1
3207 135
1
3208 50
1
3209 85
0
1
3210 235
0
1
3211 220
0
1
3212 163
0
1
3213 51
1
3214 72
1
3215 307
0
0
0
1
3216 129
1
3217 296
0
1
3218 86
1
3219 184
1
3220 177
1
3221 182
1
3222 202
1
3223 104
0
0
0
1
3224 301
0
1
3225 34
0
1
3226 42
1
3227 279
0
1
3228 301
0
1
3229 246
1
3230 252
0
1
3231 92
0
1
3232 82
0
0
1
3233 187
1
3234 90
1
3235 218
0
1
3236 177
1
3237 89
1
3238 175
1
3239 177
1
3240 279
0
1
3241 79
1
3242 255
1
3243 10
1
3244 30
1
3245 257
0
1
3246 46
1
3247 96
1
3248 226
0
0
1
3249 117
0
0
1
3250 21
1
3251 18
1
3252 188
0
0
1
3253 293
1
3254 303
0
1
3255 167
1
3256 294
0
0
1
3257 8
1
3258 69
0
1
3259 41
1
3260 304
0
1
3261 122
0
0
0
0
1
3262 180
1
3263 174
1
3264 288
1
3265 144
1
3266 238
1
3267 263
0
0
0
0
1
3268 52
0
0
1
3269 45
1
3270 30
1
3271 49
1
3272 277
1
3273 62
0
1
3274 247
1
3275 91
0
1
3276 135
0
0
0
0
1
3277 234
1
3278 106
0
0
1
3279 105
1
3280 126
0
1
3281 225
0
1
3282 104
1
3283 66
1
3284 291
1
3285 190
1
3286 28
1
3287 27
0
0
1
3288 233
1
3289 4
0
0
1
3290 21
0
0
0
1
3291 289
0
0
0
1
3292 220
1
3293 131
1
3294 138
0
1
3295 114
0
1
3296 106
1
3297 109
0
0
1
3298 83
1
3299 102
0
0
1
3300 61
0
0
0
0
1
3301 122
1
3302 217
1
3303 148
1
3304 191
0
1
3305 153
1
3306 53
0
1
3307 298
1
3308 288
0
1
3309 173
1
3310 54
1
3311 228
0
1
3312 165
1
3313 237
1
3314 55
0
1
3315 53
1
3316 79
0
1
3317 127
1
3318 77
0
1
3319 134
0
1
3320 90
0
0
0
1
3321 160
1
3322 170
1
3323 79
1
3324 225
1
3325 283
1
3326 117
0
1
3327 170
0
1
3328 189
0
1
3329 304
0
0
1
3330 221
1
3331 248
0
1
3332 266
0
1
3333 304
1
3334 122
1
3335 216
1
3336 81
1
3337 73
0
1
3338 93
0
1
3339 7
1
3340 16
1
3341 254
1
3342 101
1
3343 270
1
3344 179
1
3345 146
1
3346 56
0
1
3347 41
0
1
3348 121
1
3349 174
1
3350 62
0
0
0
1
3351 202
1
3352 97
1
3353 54
1
3354 11
1
3355 130
1
3356 165
1
3357 75
0
0
0
0
0
0
1
3358 202
1
3359 103
1
3360 189
1
3361 87
0
1
3362 77
1
3363 197
0
0
1
3364 69
1
3365 53
1
3366 133
0
0
1
3367 164
0
1
3368 144
1
3369 178
1
3370 151
1
3371 307
1
3372 125
0
1
3373 43
1
3374 70
1
3375 258
1
3376 197
0
1
3377 285
0
0
0
0
1
3378 196
1
3379 266
0
1
3380 131
1
3381 216
1
3382 281
0
0
1
3383 233
0
1
3384 80
0
0
1
3385 174
1
3386 196
1
3387 264
0
1
3388 47
1
3389 202
0
0
1
3390 76
1
3391 23
1
3392 291
0
0
0
0
0
1
3393 268
1
3394 41
1
3395 256
0
0
0
1
3396 299
1
3397 27
0
1
3398 159
0
0
1
3399 275
1
3400 302
0
1
3401 117
0
0
0
1
3402 223
0
0
1
3403 289
1
3404 258
0
1
3405 269
1
3406 53
1
3407 143
1
3408 161
1
3409 116
1
3410 169
0
0
0
0
1
3411 234
1
3412 72
0
1
3413 19
0
1
3414 218
0
0
0
1
3415 124
1
3416 301
1
3417 68
1
3418 21
1
3419 160
1
3420 190
1
3421 303
0
1
3422 114
1
3423 145
1
3424 287
1
3425 69
1
3426 215
1
3427 53
1
3428 25
1
3429 245
0
1
3430 68
1
3431 182
1
3432 57
1
3433 44
0
0
1
3434 129
0
1
3435 43
0
1
3436 149
1
3437 201
1
3438 294
0
0
1
3439 94
0
1
3440 49
1
3441 121
1
3442 127
1
3443 254
0
0
1
3444 156
0
0
1
3445 191
1
3446 268
1
3447 245
1
3448 252
1
3449 302
1
3450 170
1
3451 137
1
3452 279
1
3453 52
1
3454 116
1
3455 62
0
1
3456 184
0
1
3457 156
1
3458 89
1
3459 115
1
3460 294
1
3461 3
1
3462 252
1
3463 25
0
1
3464 256
0
1
3465 143
1
3466 239
1
3467 193
1
3468 166
0
1
3469 95
0
0
1
3470 75
0
1
3471 148
1
3472 297
0
1
3473 146
0
0
1
3474 142
0
1
3475 103
1
3476 162
1
3477 248
1
3478 214
0
1
3479 241
0
1
3480 117
1
3481 219
1
3482 7
0
1
3483 281
1
3484 206
1
3485 95
1
3486 14
0
1
3487 162
0
1
3488 266
1
3489 30
1
3490 172
1
3491 142
0
1
3492 43
0
1
3493 299
1
3494 216
0
1
3495 222
0
1
3496 15
0
0
1
3497 302
1
3498 174
1
3499 282
1
3500 242
1
3501 276
0
0
1
3502 261
0
1
3503 184
0
1
3504 105
1
3505 36
1
3506 113
0
0
1
3507 156
1
3508 238
1
3509 116
0
1
3510 115
0
0
1
3511 99
0
1
3512 22
0
0
1
3513 39
1
3514 76
1
3515 173
0
0
1
3516 173
0
0
0
1
3517 162
1
3518 279
1
3519 37
0
1
3520 204
1
3521 218
0
0
1
3522 62
0
1
3523 133
0
1
3524 30
1
3525 176
1
3526 169
0
0
1
3527 67
0
1
3528 143
0
1
3529 45
0
1
3530 177
1
3531 135
0
1
3532 58
0
1
3533 196
1
3534 143
1
3535 42
1
3536 279
1
3537 74
0
0
1
3538 141
1
3539 108
1
3540 112
0
1
3541 218
0
0
1
3542 227
0
1
3543 174
1
3544 52
0
0
0
0
1
3545 249
1
3546 299
0
1
3547 283
1
3548 64
1
3549 142
0
1
3550 140
1
3551 142
0
0
0
0
1
3552 297
0
1
3553 44
1
3554 295
0
0
0
0
0
1
3555 306
0
0
1
3556 36
1
3557 213
1
3558 8
1
3559 176
0
1
3560 131
0
1
3561 240
1
3562 76
1
3563 189
1
3564 284
1
3565 66
1
3566 136
1
3567 120
1
3568 229
1
3569 296
1
3570 69
0
1
3571 178
1
3572 80
1
3573 85
0
0
0
0
0
1
3574 111
1
3575 271
1
3576 67
0
1
3577 213
1
3578 17
1
3579 283
0
1
3580 108
0
0
1
3581 177
0
0
0
1
3582 223
1
3583 175
1
3584 296
1
3585 174
1
3586 210
1
3587 31
1
3588 62
1
3589 256
1
3590 84
0
0
0
1
3591 30
0
1
3592 97
0
0
1
3593 241
1
3594 148
0
1
3595 6
0
0
1
3596 235
1
3597 177
0
1
3598 297
0
1
3599 270
0
1
3600 124
0
1
3601 13
0
0
0
1
3602 255
1
3603 128
1
3604 117
1
3605 169
0
0
0
1
3606 130
1
3607 119
0
1
3608 196
0
0
1
3609 241
1
3610 243
0
0
0
1
3611 143
0
1
3612 12
1
3613 41
0
1
3614 175
0
1
3615 273
1
3616 285
1
3617 53
0
1
3618 281
1
3619 196
0
1
3620 208
1
3621 62
0
1
3622 35
1
3623 58
1
3624 29
1
3625 83
1
3626 68
1
3627 8
1
3628 264
1
3629 107
0
1
3630 175
0
1
3631 130
0
0
0
1
3632 215
0
1
3633 189
1
3634 212
0
1
3635 177
0
1
3636 43
1
3637 103
1
3638 251
1
3639 242
1
3640 17
1
3641 220
0
1
3642 280
0
0
1
3643 25
0
0
0
1
3644 255
0
0
1
3645 143
0
1
3646 236
0
0
0
1
3647 279
1
3648 274
0
1
3649 164
1
3650 278
1
3651 173
0
1
3652 12
0
1
3653 24
0
1
3654 296
1
3655 64
0
1
3656 54
0
1
3657 239
1
3658 27
0
0
0
0
0
0
0
0
1
3659 131
0
1
3660 209
1
3661 293
0
1
3662 92
1
3663 78
1
3664 249
0
0
1
3665 272
0
0
1
3666 229
0
1
3667 204
1
3668 132
0
0
1
3669 44
0
0
0
0
1
3670 204
0
1
3671 283
0
1
3672 240
1
3673 200
1
3674 31
0
1
3675 151
0
0
0
0
1
3676 235
1
3677 235
0
1
3678 85
1
3679 174
1
3680 97
0
1
3681 221
1
3682 216
1
3683 305
1
3684 134
0
1
3685 225
0
1
3686 216
1
3687 60
0
0
1
3688 281
0
0
1
3689 200
1
3690 143
0
1
3691 213
1
3692 281
0
0
1
3693 238
1
3694 230
0
1
3695 139
1
3696 258
1
3697 116
1
3698 43
1
3699 263
1
3700 210
0
1
3701 254
0
1
3702 193
1
3703 196
0
1
3704 181
0
1
3705 80
0
1
3706 182
0
0
0
1
3707 209
0
0
1
3708 241
0
1
3709 285
1
3710 49
0
0
1
3711 81
0
0
1
3712 97
1
3713 296
0
1
3714 4
1
3715 6
0
1
3716 302
1
3717 283
1
3718 178
0
1
3719 222
0
1
3720 284
0
1
3721 265
0
0
1
3722 296
0
1
3723 301
1
3724 116
1
3725 29
1
3726 83
1
3727 196
0
1
3728 194
1
3729 242
1
3730 223
1
3731 179
1
3732 119
0
0
1
3733 293
0
1
3734 74
1
3735 2
0
0
0
1
3736 116
1
3737 11
0
1
3738 191
0
0
1
3739 111
1
3740 104
1
3741 100
0
1
3742 61
1
3743 177
1
3744 199
0
1
3745 166
0
0
1
3746 307
1
3747 116
1
3748 208
0
0
0
1
3749 77
0
0
0
0
1
3750 148
1
3751 82
1
3752 22
0
1
3753 125
0
0
1
3754 241
0
0
0
0
1
3755 164
1
3756 279
1
3757 68
1
3758 206
1
3759 112
0
0
1
3760 223
0
1
3761 201
0
1
3762 202
1
3763 142
0
0
1
3764 292
0
1
3765 44
0
0
1
3766 240
1
3767 87
1
3768 265
0
0
1
3769 32
1
3770 214
0
1
3771 273
0
0
1
3772 130
1
3773 219
0
1
3774 60
1
3775 24
1
3776 171
1
3777 303
0
0
1
3778 93
0
0
1
3779 173
0
1
3780 294
1
3781 296
0
1
3782 112
1
3783 198
1
3784 5
1
3785 233
1
3786 241
0
0
0
1
3787 259
1
3788 74
0
1
3789 188
1
3790 225
1
3791 50
1
3792 53
1
3793 201
1
3794 34
0
1
3795 61
1
3796 270
0
0
1
3797 144
1
3798 299
0
0
1
3799 130
0
0
1
3800 130
0
1
3801 190
1
3802 138
0
1
3803 115
0
1
3804 179
1
3805 66
0
1
3806 45
1
3807 60
0
0
0
0
1
3808 268
1
3809 47
1
3810 270
0
0
1
3811 131
1
3812 82
0
0
1
3813 56
0
1
3814 135
0
1
3815 77
1
3816 77
1
3817 174
0
0
0
0
0
1
3818 142
0
1
3819 248
1
3820 243
1
3821 14
1
3822 117
0
0
0
1
3823 299
1
3824 21
0
1
3825 152
1
3826 42
1
3827 94
0
0
1
3828 82
1
3829 179
0
1
3830 209
0
1
3831 279
0
0
0
1
3832 142
0
1
3833 47
1
3834 12
1
3835 193
1
3836 117
1
3837 82
1
3838 55
1
3839 122
0
0
0
0
0
1
3840 171
0
1
3841 196
1
3842 201
0
0
0
1
3843 142
1
3844 75
1
3845 118
1
3846 90
0
0
1
3847 109
0
1
3848 168
1
3849 173
1
3850 23
1
3851 110
0
0
0
0
0
1
3852 287
1
3853 90
0
1
3854 293
1
3855 227
0
1
3856 270
1
3857 104
1
3858 202
1
3859 276
1
3860 60
0
0
1
3861 58
1
3862 71
0
1
3863 17
1
3864 114
1
3865 301
1
3866 298
1
3867 16
1
3868 92
1
3869 10
0
0
0
0
0
0
1
3870 182
0
1
3871 242
1
3872 208
1
3873 59
1
3874 209
0
0
1
3875 91
1
3876 263
0
0
0
0
1
3877 296
1
3878 169
1
3879 285
1
3880 45
1
3881 4
1
3882 193
1
3883 12
0
1
3884 203
0
0
1
3885 234
0
1
3886 202
0
0
0
0
1
3887 176
0
1
3888 35
0
0
0
1
3889 53
0
1
3890 225
1
3891 78
0
0
0
1
3892 101
0
1
3893 179
0
1
3894 263
0
1
3895 214
0
1
3896 225
0
0
1
3897 27
1
3898 76
0
0
1
3899 307
0
0
1
3900 148
1
3901 47
0
1
3902 170
0
0
0
1
3903 194
1
3904 93
1
3905 112
0
1
3906 31
0
0
1
3907 215
1
3908 218
1
3909 279
0
1
3910 121
1
3911 136
0
0
0
0
0
0
1
3912 196
0
0
0
0
1
3913 167
0
1
3914 299
1
3915 164
1
3916 228
0
1
3917 86
1
3918 284
1
3919 97
1
3920 104
0
0
0
1
3921 47
0
0
1
3922 152
1
3923 45
0
0
1
3924 117
1
3925 197
0
0
0
1
3926 227
0
1
3927 244
1
3928 9
0
1
3929 30
0
0
0
1
3930 151
1
3931 165
1
3932 124
1
3933 254
1
3934 133
0
0
0
1
3935 137
0
1
3936 240
0
0
1
3937 157
1
3938 299
0
0
1
3939 11
1
3940 10
0
0
1
3941 141
0
1
3942 101
0
1
3943 196
1
3944 258
1
3945 106
1
3946 12
0
0
1
3947 255
1
3948 245
1
3949 60
1
3950 246
0
0
1
3951 289
1
3952 177
0
1
3953 19
0
0
0
0
0
0
1
3954 177
0
0
0
0
1
3955 165
0
0
0
0
1
3956 50
0
0
1
3957 25
0
1
3958 96
0
0
0
0
0
1
3959 76
0
0
0
1
3960 291
1
3961 135
0
0
1
3962 40
1
3963 205
1
3964 40
1
3965 83
1
3966 173
1
3967 279
0
0
0
0
1
3968 27
1
3969 165
0
0
0
1
3970 256
1
3971 178
0
1
3972 40
1
3973 173
1
3974 105
1
3975 112
0
1
3976 128
0
0
1
3977 211
1
3978 71
1
3979 130
0
1
3980 291
1
3981 103
1
3982 211
1
3983 70
1
3984 16
1
3985 91
0
1
3986 103
0
0
1
3987 308
0
1
3988 273
1
3989 50
0
0
1
3990 46
0
0
0
1
3991 213
0
0
0
1
3992 138
0
0
0
0
1
3993 178
0
0
1
3994 63
0
1
3995 215
0
0
1
3996 263
0
0
0
1
3997 55
0
0
0
0
1
3998 83
0
1
3999 91
1
4000 180
0
0
1
4001 56
0
0
0
1
4002 158
0
0
0
0
0
0
1
4003 58
1
4004 202
1
4005 173
0
1
4006 280
0
1
4007 253
0
0
0
0
1
4008 270
0
1
4009 240
1
4010 143
1
4011 96
1
4012 15
0
0
1
4013 27
1
4014 118
0
0
0
1
4015 20
1
4016 221
0
0
1
4017 141
0
0
0
0
0
1
4018 196
1
4019 15
0
0
0
0
0
1
4020 257
1
4021 105
1
4022 123
1
4023 167
0
0
0
1
4024 39
1
4025 136
1
4026 228
0
1
4027 69
1
4028 181
1
4029 298
0
1
4030 83
1
4031 264
1
4032 71
0
0
1
4033 201
0
0
0
0
0
1
4034 20
1
4035 38
0
0
0
1
4036 246
1
4037 106
1
4038 101
0
0
0
1
4039 252
1
4040 185
0
1
4041 57
1
4042 172
1
4043 33
0
0
0
0
0
0
1
4044 45
0
0
1
4045 190
0
0
1
4046 302
1
4047 180
1
4048 35
1
4049 112
0
0
1
4050 105
0
0
0
1
4051 73
0
0
0
1
4052 45
0
0
0
0
0
0
1
4053 139
0
1
4054 306
0
0
0
0
1
4055 31
1
4056 72
0
1
4057 254
0
1
4058 301
1
4059 68
0
1
4060 295
0
1
4061 270
1
4062 243
0
1
4063 138
0
1
4064 138
0
1
4065 61
1
4066 205
1
4067 255
0
1
4068 91
1
4069 105
0
0
0
0
1
4070 157
0
1
4071 145
0
1
4072 49
1
4073 278
1
4074 299
0
0
1
4075 239
0
0
0
0
0
1
4076 28
0
0
0
0
1
4077 74
1
4078 204
0
1
4079 67
0
0
1
4080 269
0
1
4081 122
1
4082 30
0
1
4083 141
1
4084 218
1
4085 305
0
0
0
0
0
1
4086 56
1
4087 297
1
4088 141
0
1
4089 140
0
1
4090 77
1
4091 160
0
0
1
4092 196
1
4093 248
0
1
4094 148
0
0
1
4095 105
0
1
4096 248
1
4097 192
1
4098 18
0
1
4099 187
1
4100 164
0
1
4101 204
0
1
4102 37
1
4103 242
1
4104 308
1
4105 174
0
0
0
0
0
0
0
0
0
0
0
0
1
4106 39
1
4107 97
1
4108 250
1
4109 22
0
1
4110 19
0
1
4111 25
0
1
4112 205
1
4113 201
1
4114 288
0
0
0
0
0
1
4115 271
0
0
1
4116 275
0
1
4117 58
1
4118 170
1
4119 122
0
1
4120 21
0
1
4121 53
0
1
4122 39
0
1
4123 207
1
4124 252
1
4125 10
1
4126 262
1
4127 81
0
1
4128 39
0
1
4129 255
1
4130 40
0
1
4131 188
0
0
0
0
0
1
4132 25
0
0
1
4133 276
0
0
1
4134 298
1
4135 276
0
0
0
0
0
0
0
0
0
0
1
4136 236
0
0
1
4137 188
1
4138 79
0
0
1
4139 256
0
1
4140 174
1
4141 167
0
1
4142 302
1
4143 273
1
4144 36
1
4145 21
0
1
4146 233
1
4147 154
1
4148 7
1
4149 306
0
0
1
4150 265
1
4151 62
0
0
0
1
4152 26
0
0
1
4153 63
1
4154 277
1
4155 29
0
1
4156 9
0
0
1
4157 213
1
4158 246
1
4159 53
1
4160 13
1
4161 291
0
1
4162 82
1
4163 151
0
1
4164 109
0
1
4165 179
0
0
0
1
4166 54
0
0
1
4167 219
1
4168 214
0
0
0
0
0
0
1
4169 252
1
4170 59
0
1
4171 68
0
1
4172 271
0
1
4173 175
0
0
0
0
1
4174 230
0
0
1
4175 128
1
4176 140
1
4177 10
0
1
4178 67
0
1
4179 145
0
0
0
0
0
1
4180 83
0
0
0
1
4181 295
1
4182 106
0
1
4183 4
1
4184 282
1
4185 106
1
4186 14
0
0
1
4187 135
0
1
4188 60
0
0
0
0
0
0
1
4189 93
1
4190 28
0
0
0
0
0
0
0
0
0
1
4191 137
1
4192 228
1
4193 203
1
4194 205
0
0
0
1
4195 42
0
0
0
1
4196 246
0
1
4197 276
1
4198 29
0
0
0
1
4199 82
0
0
0
0
1
4200 87
0
0
0
0
1
4201 244
0
1
4202 12
0
1
4203 40
1
4204 138
1
4205 47
1
4206 148
0
0
1
4207 80
1
4208 223
0
0
1
4209 109
0
1
4210 250
1
4211 134
0
0
0
1
4212 45
0
1
4213 16
1
4214 114
0
0
1
4215 286
0
0
0
0
0
0
0
1
4216 165
0
1
4217 220
0
1
4218 203
0
0
1
4219 216
0
0
0
1
4220 7
0
1
4221 135
1
4222 15
0
0
0
1
4223 145
0
1
4224 304
0
1
4225 221
1
4226 257
0
1
4227 80
0
1
4228 300
1
4229 221
0
1
4230 158
0
0
1
4231 45
1
4232 23
0
0
0
1
4233 44
1
4234 25
0
0
0
0
1
4235 102
1
4236 266
0
1
4237 168
0
0
0
0
0
1
4238 81
1
4239 98
0
1
4240 30
1
4241 275
0
0
0
1
4242 100
0
0
1
4243 289
0
0
0
0
1
4244 137
0
1
4245 183
1
4246 135
0
0
1
4247 31
1
4248 150
0
1
4249 88
0
0
1
4250 110
0
1
4251 63
0
1
4252 78
0
0
0
0
0
1
4253 252
0
1
4254 4
0
0
0
1
4255 139
1
4256 32
0
1
4257 121
0
0
0
0
0
0
0
1
4258 196
0
0
0
1
4259 243
0
1
4260 187
0
1
4261 217
0
1
4262 121
1
4263 26
1
4264 294
1
4265 35
0
1
4266 85
1
4267 238
0
1
4268 101
0
1
4269 71
1
4270 135
0
1
4271 275
0
0
1
4272 54
1
4273 171
0
0
0
1
4274 62
0
1
4275 160
1
4276 215
1
4277 289
1
4278 306
0
0
0
1
4279 42
0
1
4280 221
0
0
1
4281 204
0
0
0
1
4282 146
1
4283 268
0
0
1
4284 51
0
0
0
0
1
4285 214
0
1
4286 163
1
4287 80
1
4288 18
0
0
1
4289 247
0
1
4290 71
0
0
0
1
4291 226
1
4292 306
1
4293 94
0
0
0
0
1
4294 116
1
4295 33
0
1
4296 89
0
0
1
4297 299
1
4298 30
0
0
0
1
4299 273
0
0
1
4300 260
0
0
1
4301 227
0
0
1
4302 251
0
1
4303 6
1
4304 222
0
1
4305 45
0
0
0
1
4306 99
0
0
0
0
1
4307 58
0
0
1
4308 248
1
4309 293
0
1
4310 101
0
1
4311 55
1
4312 18
1
4313 129
0
1
4314 247
1
4315 22
0
0
1
4316 218
1
4317 301
0
0
0
0
1
4318 177
0
0
0
1
4319 110
0
0
0
0
0
0
0
0
0
0
1
4320 118
1
4321 45
1
4322 69
0
0
0
0
0
0
0
0
0
0
1
4323 93
1
4324 88
0
1
4325 242
0
1
4326 143
1
4327 109
0
0
1
4328 36
0
0
0
0
0
1
4329 9
0
0
1
4330 259
0
0
0
1
4331 117
1
4332 205
1
4333 79
0
0
1
4334 156
0
0
1
4335 257
0
1
4336 284
0
0
1
4337 54
0
0
0
0
0
0
1
4338 273
0
0
0
1
4339 74
0
0
0
0
1
4340 157
1
4341 174
1
4342 234
0
1
4343 177
0
0
1
4344 33
0
0
0
0
0
0
0
0
0
1
4345 226
0
0
1
4346 105
0
0
0
0
0
0
0
1
4347 307
0
0
0
0
0
0
0
0
0
0
0
0
0
0
1
4348 160
1
4349 138
1
4350 245
0
0
0
0
0
1
4351 75
0
0
0
0
0
0
0
0
0
1
4352 177
1
4353 298
0
0
0
1
4354 45
0
0
1
4355 274
0
0
1
4356 261
0
0
0
1
4357 181
0
1
4358 301
0
0
1
4359 217
1
4360 146
0
1
4361 103
0
0
0
0
0
0
0
0
0
0
0
0
0
0
1
4362 108
0
1
4363 197
1
4364 302
0
0
0
1
4365 279
0
0
0
1
4366 185
0
0
1
4367 71
1
4368 38
0
1
4369 48
1
4370 62
0
0
1
4371 19
0
1
4372 160
0
0
0
0
0
1
4373 153
1
4374 170
1
4375 57
1
4376 78
0
1
4377 74
0
0
1
4378 133
1
4379 128
0
0
0
0
0
1
4380 55
0
0
1
4381 173
0
0
1
4382 95
0
1
4383 11
0
0
0
1
4384 222
0
0
1
4385 236
0
0
0
0
1
4386 194
0
0
0
1
4387 183
0
1
4388 181
1
4389 4
0
0
0
1
4390 104
0
0
1
4391 279
0
0
0
0
1
4392 252
0
0
0
0
0
1
4393 126
0
0
0
0
0
0
0
0
0
0
1
4394 76
0
1
4395 248
0
0
0
0
0
1
4396 204
0
1
4397 279
0
0
0
1
4398 123
0
0
0
1
4399 6
0
0
0
1
4400 173
1
4401 14
1
4402 248
0
1
4403 101
0
0
1
4404 218
1
4405 158
0
0
1
4406 296
0
1
4407 33
0
0
0
0
0
1
4408 274
0
0
0
0
0
0
0
1
4409 260
0
1
4410 196
0
1
4411 192
0
1
4412 247
1
4413 170
1
4414 137
1
4415 45
0
1
4416 166
0
0
0
1
4417 297
1
4418 18
0
0
0
1
4419 261
0
0
0
0
0
0
0
0
1
4420 62
0
0
1
4421 236
0
1
4422 4
1
4423 38
0
1
4424 304
0
1
4425 236
0
0
1
4426 294
0
0
0
0
0
0
1
4427 204
0
0
1
4428 177
0
0
1
4429 208
0
0
1
4430 107
0
0
0
0
0
1
4431 53
0
0
0
0
0
1
4432 7
0
0
0
0
1
4433 173
0
0
0
1
4434 62
0
1
4435 47
0
1
4436 157
1
4437 116
1
4438 54
0
0
0
0
0
0
0
0
0
0
0
0
0
0
1
4439 294
1
4440 244
0
0
0
0
0
1
4441 262
0
0
1
4442 289
1
4443 2
0
0
1
4444 142
0
0
0
0
0
0
1
4445 213
0
1
4446 56
0
1
4447 214
0
0
1
4448 116
0
1
4449 43
0
1
4450 283
0
0
1
4451 210
1
4452 4
1
4453 152
1
4454 225
1
4455 225
0
1
4456 247
0
0
1
4457 135
0
0
0
0
0
0
0
0
1
4458 259
0
0
1
4459 200
0
0
0
1
4460 110
0
1
4461 106
1
4462 293
0
0
0
1
4463 164
0
1
4464 303
0
0
1
4465 221
1
4466 132
0
1
4467 197
0
0
0
0
0
0
0
1
4468 90
0
0
0
0
0
0
0
1
4469 62
1
4470 66
0
0
0
1
4471 301
1
4472 129
1
4473 283
1
4474 89
1
4475 225
1
4476 221
0
1
4477 294
0
0
0
0
0
0
1
4478 234
1
4479 99
0
0
0
0
1
4480 244
0
0
1
4481 264
0
0
0
0
0
0
0
0
0
0
0
1
4482 29
1
4483 218
0
0
0
1
4484 142
1
4485 46
1
4486 105
0
0
0
0
0
1
4487 10
1
4488 146
1
4489 214
1
4490 287
0
0
0
0
1
4491 216
0
0
0
0
0
0
1
4492 46
0
1
4493 301
0
0
0
0
0
0
0
0
0
0
0
0
0
0
0
1
4494 167
1
4495 149
1
4496 101
0
0
0
0
1
4497 291
0
0
0
0
0
0
0
0
0
0
1
4498 3
0
0
1
4499 190
1
4500 273
0
0
0
0
1
4501 23
0
1
4502 160
0
0
0
0
1
4503 273
0
0
1
4504 200
0
0
0
1
4505 58
0
0
1
4506 160
0
0
1
4507 188
0
1
4508 89
0
1
4509 55
0
0
0
1
4510 196
0
0
0
0
0
1
4511 132
0
1
4512 80
0
0
0
0
0
0
0
0
0
0
0
0
1
4513 35
0
0
0
0
0
0
0
1
4514 90
0
0
1
4515 200
0
0
0
0
0
0
0
0
0
0
1
4516 57
1
4517 112
0
0
0
0
1
4518 76
0
0
0
0
0
0
0
0
0
0
1
4519 105
0
0
0
0
0
0
0
0
1
4520 35
1
4521 252
0
1
4522 303
1
4523 122
1
4524 293
0
0
0
0
1
4525 198
0
0
0
0
0
0
0
0
0
1
4526 251
0
0
0
0
0
1
4527 84
0
1
4528 80
0
1
4529 249
0
0
0
0
0
0
1
4530 82
0
0
0
0
1
4531 177
0
1
4532 279
0
0
0
1
4533 132
1
4534 217
0
0
0
0
0
0
1
4535 237
1
4536 265
0
0
0
1
4537 97
0
0
0
0
0
0
0
0
1
4538 185
0
0
0
1
4539 289
0
0
0
0
0
0
1
4540 45
0
0
0
0
0
0
1
4541 116
0
1
4542 112
1
4543 115
0
0
0
0
0
0
0
0
0
0
1
4544 266
0
0
0
0
0
1
4545 306
1
4546 59
0
0
0
1
4547 25
0
1
4548 84
0
0
0
0
0
0
0
1
4549 228
0
0
0
0
1
4550 30
0
0
0
0
1
4551 266
0
0
0
0
0
0
1
4552 242
1
4553 96
1
4554 216
0
0
0
0
1
4555 80
0
1
4556 126
0
0
1
4557 249
0
0
0
0
0
0
0
0
0
0
0
1
4558 268
0
0
0
0
0
0
1
4559 5
1
4560 291
1
4561 49
0
0
0
0
0
0
0
0
1
4562 136
0
1
4563 14
0
0
0
0
0
0
0
0
0
0
0
0
1
4564 73
0
1
4565 51
0
0
0
0
1
4566 168
0
0
0
1
4567 249
0
0
0
0
0
0
1
4568 25
0
0
0
0
0
0
0
0
0
1
4569 123
0
0
0
0
0
0
0
0
0
1
4570 48
0
1
4571 106
0
0
0
0
0
1
4572 307
0
0
0
0
0
0
0
0
1
4573 273
0
1
4574 137
0
1
4575 2
0
1
4576 23
0
0
1
4577 4
0
0
0
1
4578 64
1
4579 110
1
4580 210
0
0
1
4581 278
0
1
4582 90
0
0
1
4583 219
0
0
1
4584 93
0
0
0
1
4585 84
0
0
0
1
4586 137
0
0
1
4587 27
0
0
0
0
0
0
1
4588 77
0
0
0
0
0
0
0
0
0
1
4589 181
0
0
1
4590 153
0
0
0
1
4591 196
0
0
0
0
0
0
0
1
4592 79
1
4593 234
0
0
0
0
0
0
1
4594 19
1
4595 11
0
0
0
0
0
0
0
0
1
4596 190
0
0
1
4597 290
0
0
0
1
4598 148
1
4599 160
0
1
4600 169
1
4601 121
0
1
4602 244
0
0
0
1
4603 177
0
0
0
0
0
1
4604 214
1
4605 72
0
0
0
0
0
0
0
0
0
0
0
0
0
1
4606 52
0
0
1
4607 7
1
4608 299
0
0
0
0
0
0
0
0
0
0
0
0
0
0
0
1
4609 226
0
0
0
0
0
0
0
0
0
0
1
4610 301
0
1
4611 274
0
1
4612 167
0
0
0
1
4613 20
0
0
0
0
0
0
0
1
4614 53
1
4615 45
0
0
0
0
1
4616 160
0
0
0
0
1
4617 111
0
0
0
0
0
1
4618 146
1
4619 92
0
0
0
0
1
4620 299
0
0
1
4621 55
0
1
4622 118
0
0
0
0
0
0
0
0
0
0
1
4623 23
0
0
0
0
0
1
4624 284
1
4625 48
0
0
0
0
0
0
1
4626 183
0
1
4627 201
0
0
0
0
0
0
0
0
0
0
0
0
1
4628 151
0
0
0
0
0
1
4629 225
0
0
0
0
0
0
0
0
0
0
0
0
0
1
4630 86
1
4631 37
0
1
4632 103
0
0
0
0
0
0
0
0
0
0
0
0
0
0
0
0
0
0
1
4633 169
1
4634 143
0
1
4635 32
0
0
1
4636 142
1
4637 196
0
1
4638 137
0
0
0
0
1
4639 220
0
0
0
0
1
4640 198
0
0
0
0
0
0
0
1
4641 67
0
0
1
4642 49
0
0
1
4643 80
0
0
0
0
0
0
0
0
0
0
0
1
4644 5
1
4645 253
0
0
0
1
4646 121
1
4647 275
0
0
1
4648 195
0
0
0
0
0
0
0
0
0
0
0
0
1
4649 307
0
0
0
1
4650 44
0
1
4651 166
1
4652 105
0
0
0
0
0
0
0
0
0
0
0
0
0
0
0
0
1
4653 188
0
0
0
0
0
1
4654 174
0
0
0
0
0
1
4655 224
0
0
0
1
4656 37
1
4657 81
0
0
0
1
4658 136
0
0
0
0
0
0
0
0
0
0
0
0
0
0
0
0
0
0
0
0
0
0
1
4659 7
1
4660 28
0
0
0
0
0
0
1
4661 143
0
0
1
4662 101
0
0
0
0
0
0
0
0
0
0
1
4663 107
0
0
0
0
0
0
1
4664 194
0
0
0
0
0
0
1
4665 17
0
0
1
4666 106
0
0
0
0
0
0
0
1
4667 61
0
0
0
0
0
0
0
0
0
0
1
4668 160
1
4669 284
0
0
0
0
0
0
0
0
0
1
4670 244
0
0
0
0
1
4671 241
0
0
1
4672 211
1
4673 191
0
0
0
0
0
0
1
4674 162
0
0
1
4675 172
0
0
0
0
0
0
0
1
4676 267
0
0
0
1
4677 16
0
0
0
0
0
0
0
1
4678 92
0
0
0
0
1
4679 255
0
0
1
4680 137
0
0
0
0
1
4681 114
1
4682 42
0
0
0
0
0
0
0
0
0
0
0
0
0
0
0
0
0
1
4683 299
1
4684 173
0
0
1
4685 306
0
0
0
0
0
0
0
0
1
4686 102
0
0
0
0
0
0
0
0
0
0
0
0
0
0
0
0
0
0
1
4687 281
0
0
0
0
1
4688 40
0
1
4689 43
0
1
4690 304
1
4691 92
0
0
0
1
4692 191
0
0
0
1
4693 105
0
0
0
0
0
0
0
0
0
0
0
0
0
0
0
0
0
0
0
0
0
1
4694 20
0
0
0
0
0
0
0
0
0
0
0
0
0
0
0
0
0
0
0
0
1
4695 202
0
0
0
1
4696 159
0
0
0
0
0
0
0
0
0
0
0
1
4697 90
0
0
0
0
0
0
0
0
0
0
0
0
0
0
0
1
4698 67
0
0
0
0
0
0
0
0
0
0
0
0
0
0
0
0
0
0
1
4699 84
0
0
0
0
0
0
0
0
1
4700 2
0
0
0
0
0
0
0
0
0
0
0
0
0
0
0
0
0
0
0
0
0
0
0
1
4701 7
0
0
0
0
0
1
4702 3
0
0
0
0
0
0
0
0
0
1
4703 154
0
0
0
1
4704 170
0
0
0
0
0
0
0
0
0
0
0
0
0
0
0
0
0
0
0
0
1
4705 37
0
0
0
0
0
0
0
1
4706 94
0
0
1
4707 36
0
0
0
0
0
1
4708 282
0
0
0
0
0
0
0
0
0
0
0
0
1
4709 227
0
0
0
1
4710 142
0
0
0
0
0
1
4711 125
0
0
0
0
0
0
0
0
0
1
4712 215
0
0
0
0
0
0
0
1
4713 5
0
0
0
0
0
0
0
0
0
0
0
0
0
0
0
0
1
4714 194
0
0
1
4715 5
0
0
1
4716 236
0
0
1
4717 65
0
0
0
0
0
0
0
0
0
0
0
0
0
0
0
0
0
0
0
0
0
0
0
0
0
1
4718 218
0
0
0
0
0
0
0
0
0
0
0
0
0
0
0
1
4719 142
0
0
0
0
0
0
0
1
4720 272
1
4721 236
0
0
0
0
0
0
0
1
4722 11
0
1
4723 125
0
0
0
0
0
0
0
0
0
0
0
0
0
0
0
0
0
0
0
0
0
0
0
0
0
0
0
0
0
0
0
0
0
0
0
0
0
0
0
0
0
0
0
0
0
0
0
0
0
0
0
0
0
0
0
0
1
4724 224
0
0
0
0
0
0
0
0
0
0
0
0
0
0
1
4725 168
0
0
0
0
0
0
0
0
0
0
0
0
0
0
0
0
0
0
0
0
0
0
0
0
0
0
0
1
4726 62
0
0
1
4727 117
0
0
0
0
0
0
0
0
0
0
0
0
0
0
0
0
0
0
0
0
0
0
0
0
0
1
4728 219
0
1
4729 36
0
0
0
0
0
0
0
1
4730 42
0
1
4731 149
0
0
0
0
0
0
0
0
0
1
4732 68
0
0
0
0
0
0
0
0
0
0
0
0
0
0
1
4733 219
0
0
0
0
0
0
0
0
0
0
0
0
0
0
0
0
0
0
0
0
0
0
0
0
0
0
0
0
0
0
0
0
0
0
0
0
0
0
0
0
0
0
0
0
0
0
1
4734 153
0
1
4735 138
0
1
4736 296
0
0
1
4737 297
0
0
0
0
0
0
0
0
0
0
1
4738 5
0
0
0
0
0
0
0
0
0
0
0
0
0
0
0
0
0
0
1
4739 105
0
0
0
0
0
0
0
0
0
0
0
0
0
0
1
4740 240
0
0
0
1
4741 200
0
0
0
0
0
0
0
0
0
0
0
0
0
0
0
0
0
0
0
0
0
0
0
0
0
0
0
1
4742 176
0
0
0
0
0
0
1
4743 294
0
0
0
0
0
0
0
0
0
0
0
0
0
1
4744 149
0
0
0
0
0
0
0
0
0
0
0
0
0
0
0
0
0
0
0
0
0
0
0
0
0
0
0
0
0
0
0
0
0
0
0
0
0
0
0
0
0
0
0
0
0
0
0
0
0
0
0
0
0
0
0
0
0
0
0
0
0
0
0
0
0
0
0
0
0
0
0
0
0
0
0
0
0
0
0
0
0
0
0
0
0
0
0
0
0
0
1
4745 304
0
0
0
0
0
0
0
0
0
0
0
0
0
0
0
0
0
0
0
0
0
0
0
0
0
0
0
0
0
0
0
0
0
0
0
0
0
0
0
0
0
0
0
0
0
0
0
0
1
4746 60
0
0
0
0
0
0
0
0
0
0
0
0
0
0
0
0
0
0
0
0
0
0
0
0
0
0
0
0
0
0
0
0
0
0
0
0
0
0
0
0
0
0
0
0
0
0
0
0
0
0
0
0
0
0
0
0
0
0
0
0
0
0
0
0
0
0
0
0
0
0
0
0
0
0
0
0
0
0
0
0
0
0
0
0
0
0
0
0
0
0
0
0
0
0
0
0
0
0
0
0
0
0
0
0
0
0
0
0
0
0
0
0
0
0
0
0
0
0
0
0
0
0
0
0
0
0
0
0
0
0
0
0
0
0
0
0
0
0
0
0
0
0
0
0
0
0
0
0
0
0
0
0
0
0
0
0
0
0
0
0
0
0
0
0
0
0
0
0
0
0
0
0
0
0
0
0
0
0
0
0
0
0
0
0
0
0
0
0
0
0
0
0
0
0
0
0
0
0
0
0
0
0
0
0
0
0
0
0
0
0
0
0
0
0
0
0
0
0
0
0
0
0
0
0
0
0
0
0
0
0
0
0
0
0
0
0
0
0
0
0
0
0
0
0
0
0
0
0
0
0
0
0
0
0
0
0
0
0
0
0
0
0
0
0
0
0
0
0
0
0
0
0
0
0
0
0
0
0
0
0
0
0
0
0
0
0
0
0
0
0
0
0
0
0
0
0
0
0
0
0
0
0
0
0
0
0
0
0
0
0
0
0
0
0
0
0
0
0
0
0
0
0
0
0
0
0
0
0
0
0
0
0
0
0
0
0
0
0
0
0
0
0
0
0
0
0
0
0
0
0
0
0
0
0
0
0
0
0
0
0
0
0
0
0
0
0
0
0
0
0
0
0
0
0
0
0
0
0
0
0
0
0
0
0
0
0
0
0
0
0
0
0
0
0
0
0
0
0
0
0
0
0
0
0
0
0
0
0
0
0
0
0
0
0
0
0
0
0
0
0
0
0
0
0
0
0
0
0
0
0
0
0
0
0
0
0
0
0
0
0
0
0
0
0
0
0
0
0
0
0
0
0
0
0
0
0
0
0
0
0
0
0
0
0
0
0
0
0
0
0
0
0
0
0
0
0
0
0
0
0
0
0
0
0
0
0
0
0
0
0
0
0
0
0
0
0
0
0
0
0
0
0
0
0
0
0
0
0
0
0
0
0
0
0
0
0
0
0
0
0
0
0
0
0
0
0
0
0
0
0
0
0
0
0
0
0
0
0
0
0
0
0
0
0
0
0
0
0
0
0
0
0
0
0
0
0
0
0
0
0
0
0
0
0
0
0
0
0
0
0
0
0
0
0
0
0
0
0
0
0
0
0
0
0
0
0
0
0
0
0
0
0
0
0
0
0
0
0
0
0
0
0
0
0
0
0
0
0
0
0
0
0
0
0
0
0
0
0
0
0
0
0
0
0
0
0
0
0
0
0
0
0
0
0
0
0
0
0
0
0
0
0
0
0
0
0
0
0
0
0
0
0
0
0
0
0
0
0
0
0
0
0
0
0
0
0
0
0
0
0
0
0
0
0
0
0
0
0
0
0
0
0
0
0
0
0
0
0
0
0
0
