238 418
63 119 5
47 159 5
140 41 3
200 62 4
226 91 3
103 56 3
60 14 5
179 220 4
25 11 2
37 162 2
93 134 3
118 193 4
83 216 3
175 218 3
53 232 4
61 235 3
43 133 3
80 160 2
187 93 3
48 118 4
30 189 3
127 176 3
4 87 4
169 70 1
51 17 3
224 214 3
13 78 2
117 179 2
107 124 2
205 143 2
63 148 5
191 229 2
42 100 3
69 115 4
50 22 4
175 139 3
120 53 4
169 33 2
96 226 2
33 98 5
142 232 3
178 135 3
94 62 3
83 157 4
168 42 2
189 58 3
161 237 3
19 184 3
30 36 3
133 237 5
124 89 4
156 115 3
169 176 3
117 51 3
35 63 3
123 128 3
155 65 3
156 67 3
145 128 3
87 134 3
221 73 3
135 29 3
116 105 2
7 188 4
28 183 4
69 67 4
194 167 3
70 33 3
86 112 2
186 222 3
193 227 4
191 139 3
177 147 3
211 134 2
203 117 3
237 219 4
231 165 4
15 77 4
149 102 4
217 97 4
182 30 3
28 45 4
222 213 3
147 212 4
13 142 4
198 225 3
89 210 3
92 186 4
215 208 3
230 71 4
60 27 2
104 89 3
93 222 3
79 44 5
172 43 3
219 55 3
187 87 3
99 188 4
3 109 4
76 101 3
144 89 4
172 69 4
57 224 1
75 28 3
154 191 3
214 203 4
175 154 1
238 205 2
120 224 3
131 169 4
132 4 3
67 230 5
187 211 2
38 159 3
6 152 3
43 55 3
190 213 3
151 233 3
61 76 5
10 41 4
124 68 3
197 39 4
193 58 3
36 23 3
167 62 3
54 194 3
184 52 4
4 100 4
106 40 4
132 134 3
166 42 5
206 161 3
107 68 4
66 119 2
144 210 2
82 202 3
13 128 3
29 178 2
153 178 4
152 116 4
108 136 2
39 223 3
12 221 4
135 6 3
157 22 3
238 35 5
126 49 2
204 34 4
92 103 4
53 214 3
194 168 3
140 234 4
180 142 4
22 201 3
96 91 3
125 47 3
182 38 4
54 168 3
153 46 3
177 234 1
192 51 5
219 161 3
170 103 4
195 236 3
74 199 2
72 18 3
111 199 4
27 95 3
2 77 3
196 104 4
32 235 2
206 106 5
114 11 5
74 129 2
116 71 2
105 138 1
37 158 4
68 233 3
185 228 3
2 70 3
34 24 3
111 206 4
83 120 5
90 196 5
138 152 3
137 84 3
40 122 3
176 217 2
73 135 4
208 21 3
18 1 2
86 21 3
10 113 3
202 227 2
13 145 2
114 56 3
165 210 5
174 198 1
146 25 1
66 35 3
76 20 3
158 26 3
228 50 5
216 157 3
27 173 2
46 114 4
16 164 4
197 136 3
150 84 3
156 172 4
129 106 4
34 45 4
5 47 4
152 160 4
38 162 3
110 216 4
123 213 3
94 114 4
85 149 3
182 189 4
112 23 5
127 33 2
227 155 2
229 162 2
74 15 2
196 210 3
209 143 5
173 85 2
3 163 3
38 158 3
141 108 5
130 5 4
121 63 3
174 146 4
207 79 2
138 7 3
44 76 3
171 82 4
175 64 4
140 231 3
109 211 3
31 124 3
2 176 3
207 81 3
157 57 3
199 129 4
140 59 3
78 17 3
199 122 3
126 185 3
52 75 3
55 237 4
238 121 5
52 19 3
138 71 4
180 214 2
65 171 4
80 10 3
17 192 4
25 198 2
58 223 3
57 83 3
143 238 2
174 9 4
149 84 3
181 151 3
17 190 3
24 184 3
220 51 3
207 82 4
116 115 4
74 97 2
8 11 3
181 107 3
150 201 4
168 43 3
29 88 5
202 155 4
132 187 2
113 188 2
167 200 3
147 144 4
228 49 4
229 37 2
236 226 1
130 101 5
159 235 4
204 153 2
202 39 5
117 180 5
6 221 5
170 94 3
120 216 5
60 95 3
34 8 2
50 49 4
86 191 3
47 32 3
110 120 3
163 131 4
30 58 3
190 186 4
87 132 3
236 91 2
70 127 2
209 119 3
200 88 3
148 99 4
109 93 3
24 16 5
101 61 4
26 218 3
126 64 5
16 45 3
4 166 3
81 44 3
200 54 3
197 207 4
237 111 3
88 62 2
11 146 1
42 54 2
31 48 2
72 165 4
209 205 3
209 90 4
102 84 4
125 26 4
208 9 3
102 85 3
37 218 3
215 21 4
150 50 3
225 9 3
131 98 3
6 80 4
195 73 4
19 225 4
133 97 4
57 203 3
85 27 2
94 46 3
78 128 3
133 217 3
150 228 3
12 195 3
32 20 5
123 3 4
112 162 3
46 88 5
233 104 3
215 86 4
166 127 4
105 188 5
75 183 4
223 108 2
230 115 3
18 121 2
223 136 2
143 72 2
95 92 4
141 159 4
61 20 2
1 148 2
97 111 3
96 31 3
164 183 3
145 232 3
95 173 2
90 165 3
203 180 1
2 33 3
139 154 2
235 141 3
178 204 3
181 65 4
99 113 1
164 28 2
72 205 2
107 48 2
173 102 2
56 14 5
12 59 4
146 14 3
192 220 4
98 77 2
7 99 3
15 122 2
59 177 3
229 112 4
68 181 3
153 29 4
23 19 4
8 25 4
129 122 2
231 41 5
184 75 1
91 212 5
185 21 3
52 36 3
14 174 4
118 164 2
160 105 3
182 141 2
179 137 3
79 197 2
194 172 4
201 137 4
109 163 5
212 234 3
125 5 3
171 151 3
20 130 5
197 81 4
64 139 3
1 121 1
170 100 4
156 55 3
10000
0
0
0
0
0
0
0
0
0
0
0
0
0
0
0
0
0
0
0
0
0
0
0
0
0
0
0
0
0
0
0
0
0
0
0
0
0
0
0
0
0
0
0
0
1
1 221
0
0
0
0
0
0
0
1
2 25
0
0
0
0
0
0
0
0
0
0
0
0
0
0
0
0
0
0
0
0
1
3 109
0
0
0
0
0
0
0
0
0
0
0
0
0
0
0
0
1
4 89
0
0
0
0
0
0
0
0
0
0
0
0
0
0
0
0
0
0
0
0
0
0
0
0
0
0
0
0
0
0
0
0
0
0
0
0
0
0
0
0
0
0
0
0
0
0
0
0
1
5 158
0
0
0
0
0
1
6 30
0
0
0
0
0
0
0
0
0
0
0
0
1
7 14
0
0
1
8 131
0
0
0
0
1
9 45
0
0
0
0
0
1
10 134
0
0
0
0
0
0
0
0
0
0
0
0
0
0
0
0
0
0
0
0
0
0
0
1
11 104
0
0
0
0
0
0
0
0
0
0
0
0
0
0
0
1
12 199
0
0
0
0
0
0
0
0
0
1
13 171
1
14 122
0
0
0
0
0
0
1
15 78
0
0
0
0
0
0
0
1
16 203
0
0
0
0
0
1
17 169
1
18 14
1
19 34
0
0
0
1
20 35
0
0
0
1
21 5
0
1
22 135
0
0
0
1
23 129
1
24 63
0
0
0
0
0
0
0
0
1
25 79
0
0
0
0
0
0
0
0
0
0
1
26 7
1
27 46
0
1
28 26
0
0
1
29 153
1
30 93
0
0
0
0
0
0
0
0
1
31 107
0
1
32 24
0
0
0
0
1
33 234
0
0
0
0
0
0
0
0
0
0
0
1
34 207
0
0
0
1
35 64
1
36 206
0
0
0
0
0
0
1
37 212
0
0
1
38 135
0
1
39 135
0
0
0
0
0
1
40 25
1
41 71
0
1
42 164
0
0
1
43 52
0
0
0
0
0
1
44 136
0
1
45 46
0
0
1
46 6
0
0
0
1
47 52
0
0
0
0
0
0
0
0
1
48 185
1
49 53
1
50 133
0
0
0
0
0
0
0
0
0
0
0
0
1
51 176
0
1
52 10
0
0
0
1
53 139
0
0
0
0
0
0
0
1
54 181
0
0
0
0
0
0
0
0
0
0
0
0
0
0
1
55 184
0
1
56 173
0
0
0
1
57 22
0
0
0
0
0
0
0
0
0
1
58 7
0
0
1
59 186
0
0
0
0
0
0
0
1
60 140
0
0
0
0
0
0
1
61 153
1
62 85
0
1
63 177
1
64 12
0
0
0
0
0
0
0
0
0
0
1
65 146
0
0
0
0
0
0
0
1
66 49
0
0
0
0
0
1
67 163
0
1
68 56
0
0
0
0
0
0
0
0
0
0
0
0
0
1
69 14
0
1
70 229
1
71 80
0
1
72 196
0
1
73 36
0
0
0
0
0
0
0
0
0
0
0
1
74 173
1
75 14
0
0
0
0
0
0
1
76 191
0
0
1
77 117
0
0
0
0
0
0
0
0
0
0
0
1
78 49
0
0
0
0
0
0
1
79 191
1
80 226
1
81 68
1
82 224
0
1
83 57
0
0
0
0
0
0
0
0
0
1
84 59
1
85 36
0
0
0
0
0
0
1
86 206
0
0
0
0
0
1
87 182
0
0
0
0
0
0
0
1
88 46
0
0
0
0
1
89 47
0
0
0
0
1
90 68
0
1
91 83
0
0
0
1
92 195
0
0
0
1
93 138
0
0
0
0
0
0
0
0
0
1
94 68
0
1
95 25
1
96 79
1
97 144
0
0
0
0
0
0
0
0
0
1
98 153
0
0
1
99 152
0
0
0
0
0
0
1
100 136
0
0
1
101 167
0
0
0
0
1
102 111
0
0
0
0
0
0
1
103 94
0
0
0
0
0
0
0
0
1
104 180
0
1
105 225
1
106 140
1
107 20
1
108 29
1
109 71
0
0
0
0
0
0
0
1
110 228
0
0
0
0
0
0
0
0
0
0
0
0
0
0
1
111 233
1
112 85
1
113 132
1
114 177
0
0
0
0
0
1
115 209
1
116 219
0
0
0
1
117 92
1
118 18
1
119 29
0
0
0
1
120 132
0
0
0
0
0
1
121 184
0
1
122 74
1
123 43
1
124 26
0
0
0
0
0
1
125 16
0
1
126 236
0
1
127 213
0
1
128 100
1
129 33
1
130 18
0
1
131 234
0
0
1
132 199
0
0
1
133 198
1
134 181
1
135 94
0
1
136 199
1
137 48
0
0
1
138 160
0
0
1
139 127
0
0
0
0
1
140 227
1
141 81
1
142 192
0
1
143 20
1
144 185
1
145 29
0
0
0
0
0
0
1
146 3
0
1
147 182
1
148 226
0
1
149 89
0
0
0
0
0
1
150 79
0
0
1
151 116
0
0
0
0
0
0
0
0
0
0
1
152 232
0
0
0
1
153 88
1
154 213
1
155 96
1
156 88
1
157 14
0
0
0
0
0
0
0
1
158 108
0
1
159 201
0
1
160 94
1
161 166
0
1
162 220
1
163 196
1
164 23
0
1
165 123
1
166 14
0
0
1
167 14
1
168 139
1
169 55
0
1
170 51
1
171 165
0
0
0
0
0
1
172 119
0
0
1
173 202
0
0
0
0
1
174 174
1
175 163
1
176 197
0
1
177 42
0
1
178 134
0
1
179 135
1
180 115
1
181 108
1
182 9
0
0
1
183 24
1
184 41
1
185 208
1
186 208
0
0
0
0
1
187 219
0
0
0
1
188 25
0
0
1
189 132
0
1
190 228
0
1
191 184
1
192 231
1
193 221
0
1
194 114
0
1
195 104
0
0
1
196 77
0
0
0
0
1
197 62
1
198 113
0
0
1
199 56
0
0
0
0
1
200 29
1
201 225
1
202 144
0
1
203 140
1
204 34
0
0
1
205 21
0
0
0
1
206 75
0
0
0
0
1
207 91
1
208 171
0
1
209 189
1
210 122
0
1
211 39
0
0
0
1
212 75
1
213 162
1
214 45
0
0
0
0
1
215 54
1
216 234
1
217 225
1
218 174
1
219 178
0
0
0
1
220 221
1
221 24
0
1
222 63
1
223 213
1
224 41
0
0
0
1
225 184
1
226 50
0
1
227 226
1
228 227
1
229 60
1
230 14
0
1
231 17
1
232 71
0
0
0
1
233 151
0
1
234 87
1
235 114
1
236 233
1
237 63
1
238 67
1
239 129
1
240 119
0
0
1
241 85
1
242 207
0
1
243 5
1
244 90
0
1
245 89
0
0
1
246 14
1
247 136
1
248 106
0
0
0
1
249 144
0
1
250 125
1
251 119
1
252 189
0
0
1
253 189
1
254 173
0
1
255 34
0
1
256 87
0
1
257 195
1
258 189
1
259 212
0
1
260 225
0
1
261 103
0
0
1
262 125
0
1
263 213
1
264 62
1
265 30
1
266 168
1
267 2
0
1
268 108
1
269 113
0
0
0
0
0
1
270 173
0
1
271 85
0
1
272 76
1
273 113
0
0
1
274 18
0
0
1
275 16
0
1
276 43
1
277 45
0
1
278 111
0
0
1
279 164
0
0
1
280 107
0
1
281 126
0
0
0
1
282 108
0
0
0
1
283 92
0
0
1
284 13
1
285 71
1
286 29
1
287 9
0
1
288 24
0
0
1
289 189
1
290 213
1
291 34
0
1
292 29
1
293 35
0
0
1
294 103
1
295 217
0
0
1
296 160
0
0
0
0
0
1
297 219
1
298 137
1
299 2
0
0
1
300 186
1
301 184
0
1
302 31
1
303 183
1
304 198
1
305 140
1
306 8
0
1
307 87
0
1
308 88
0
0
1
309 176
1
310 105
1
311 236
0
0
1
312 56
0
1
313 222
0
1
314 22
1
315 161
0
0
0
1
316 28
1
317 113
1
318 168
1
319 11
0
0
0
1
320 34
1
321 221
1
322 120
0
1
323 216
1
324 46
0
1
325 215
1
326 114
0
0
1
327 208
1
328 237
0
1
329 26
1
330 191
1
331 234
0
1
332 185
0
1
333 29
1
334 8
1
335 194
1
336 143
1
337 96
0
1
338 23
0
0
1
339 79
0
0
0
1
340 2
0
0
0
0
1
341 23
1
342 45
1
343 236
1
344 156
1
345 186
0
0
0
1
346 21
1
347 76
1
348 26
0
1
349 163
1
350 3
0
1
351 183
1
352 51
0
0
0
1
353 11
1
354 107
0
1
355 131
1
356 104
1
357 213
0
1
358 7
0
1
359 5
0
0
1
360 234
1
361 147
0
1
362 127
0
1
363 232
0
1
364 84
0
1
365 8
0
0
1
366 57
1
367 72
1
368 6
1
369 156
1
370 135
1
371 19
1
372 235
0
1
373 106
1
374 109
0
1
375 228
0
1
376 56
1
377 193
1
378 40
0
1
379 56
1
380 32
1
381 134
1
382 34
1
383 114
1
384 152
1
385 107
0
1
386 209
1
387 99
0
0
0
0
1
388 44
1
389 29
0
1
390 42
0
0
0
0
1
391 73
0
1
392 117
1
393 21
1
394 102
1
395 102
0
1
396 190
1
397 201
1
398 159
1
399 96
1
400 174
1
401 205
1
402 129
1
403 85
1
404 165
1
405 93
1
406 14
0
0
1
407 41
1
408 66
0
1
409 56
1
410 136
1
411 14
0
1
412 138
0
0
1
413 101
1
414 56
0
0
0
0
1
415 22
0
0
0
1
416 146
1
417 102
1
418 85
1
419 177
0
1
420 190
1
421 76
0
1
422 34
1
423 45
1
424 39
0
1
425 160
0
1
426 207
1
427 73
1
428 144
0
0
0
0
1
429 236
1
430 45
1
431 90
1
432 108
1
433 235
0
1
434 129
1
435 156
1
436 200
1
437 3
0
1
438 140
1
439 141
0
0
0
0
0
1
440 45
0
1
441 226
0
1
442 225
0
1
443 127
0
1
444 20
1
445 66
1
446 32
1
447 12
1
448 126
0
1
449 13
1
450 157
1
451 109
1
452 94
1
453 61
0
1
454 96
1
455 183
1
456 83
0
0
1
457 141
1
458 165
1
459 5
0
1
460 174
1
461 36
0
0
0
1
462 49
1
463 52
0
0
1
464 235
0
0
1
465 112
1
466 129
1
467 126
1
468 147
0
1
469 46
1
470 44
1
471 62
1
472 201
1
473 151
1
474 9
0
0
1
475 72
0
1
476 207
1
477 10
1
478 19
1
479 153
1
480 11
1
481 203
1
482 191
0
0
0
1
483 139
1
484 203
0
1
485 23
0
1
486 225
1
487 155
1
488 35
1
489 181
0
1
490 58
1
491 37
0
0
1
492 126
1
493 73
1
494 213
1
495 237
0
1
496 207
0
1
497 28
0
1
498 129
1
499 216
1
500 190
1
501 58
1
502 146
1
503 43
1
504 45
1
505 192
1
506 120
0
1
507 81
0
1
508 51
0
1
509 79
1
510 195
1
511 176
0
1
512 70
1
513 24
1
514 88
0
0
1
515 148
1
516 112
0
1
517 25
1
518 46
1
519 6
1
520 20
1
521 237
0
0
1
522 99
1
523 68
0
1
524 169
1
525 111
1
526 171
1
527 14
1
528 133
0
1
529 198
1
530 134
1
531 91
1
532 174
1
533 234
1
534 15
1
535 47
1
536 184
1
537 64
1
538 35
1
539 60
0
1
540 45
1
541 93
1
542 34
1
543 177
1
544 199
1
545 219
1
546 151
1
547 171
0
1
548 53
1
549 46
1
550 226
1
551 107
1
552 200
1
553 71
1
554 206
0
1
555 197
0
0
1
556 104
1
557 95
1
558 167
1
559 178
1
560 24
1
561 201
1
562 160
1
563 146
1
564 131
1
565 205
0
1
566 20
0
0
1
567 160
1
568 63
1
569 42
1
570 93
0
1
571 39
1
572 35
1
573 123
0
1
574 51
1
575 204
1
576 31
1
577 224
0
1
578 178
0
1
579 200
0
1
580 29
0
1
581 228
1
582 55
1
583 8
1
584 28
1
585 119
1
586 225
1
587 112
1
588 195
0
0
1
589 84
1
590 68
0
1
591 119
1
592 92
0
1
593 216
1
594 238
0
0
1
595 187
1
596 46
1
597 104
1
598 20
0
1
599 138
1
600 25
0
0
1
601 193
1
602 189
0
1
603 17
1
604 101
1
605 182
1
606 130
1
607 30
1
608 192
1
609 100
0
1
610 136
1
611 89
0
0
0
1
612 21
1
613 73
1
614 25
1
615 46
1
616 12
0
1
617 14
0
1
618 30
1
619 25
1
620 71
1
621 56
0
1
622 15
1
623 128
1
624 60
1
625 34
0
1
626 84
1
627 188
1
628 225
1
629 189
1
630 129
1
631 41
0
1
632 146
1
633 99
0
1
634 230
1
635 71
0
1
636 154
1
637 133
1
638 33
1
639 88
1
640 16
1
641 59
1
642 69
1
643 126
1
644 193
1
645 219
1
646 208
0
1
647 194
1
648 6
0
1
649 110
0
1
650 78
1
651 174
1
652 87
1
653 196
0
1
654 108
1
655 133
1
656 174
1
657 149
1
658 232
1
659 228
1
660 111
1
661 153
0
1
662 193
1
663 144
1
664 104
0
1
665 195
1
666 145
0
1
667 98
1
668 6
1
669 185
1
670 101
1
671 129
1
672 22
1
673 195
1
674 44
1
675 4
0
1
676 35
1
677 106
1
678 23
1
679 201
1
680 93
1
681 217
1
682 13
1
683 107
1
684 218
0
0
1
685 60
1
686 78
1
687 146
1
688 143
1
689 14
1
690 146
1
691 65
1
692 188
1
693 32
1
694 184
1
695 61
1
696 146
1
697 233
1
698 5
1
699 24
0
0
0
1
700 34
1
701 50
1
702 231
0
1
703 205
1
704 194
0
1
705 25
1
706 199
1
707 66
1
708 8
1
709 27
0
1
710 19
1
711 114
1
712 6
1
713 130
1
714 115
0
0
1
715 199
0
1
716 135
0
1
717 160
1
718 34
1
719 236
1
720 227
1
721 134
1
722 225
1
723 94
0
1
724 32
1
725 204
1
726 104
1
727 22
1
728 76
1
729 99
1
730 220
0
1
731 93
1
732 168
1
733 179
0
0
1
734 33
1
735 20
1
736 140
1
737 142
1
738 133
1
739 153
1
740 195
1
741 8
1
742 82
1
743 125
0
1
744 73
1
745 152
1
746 169
1
747 167
1
748 219
1
749 101
1
750 140
1
751 111
1
752 153
0
1
753 54
1
754 229
1
755 192
1
756 11
1
757 68
1
758 193
1
759 153
1
760 34
1
761 56
1
762 158
0
1
763 42
1
764 49
1
765 32
1
766 170
1
767 146
1
768 226
1
769 232
1
770 4
1
771 59
1
772 189
1
773 93
1
774 185
1
775 67
1
776 153
1
777 100
1
778 145
1
779 126
1
780 42
0
0
1
781 114
1
782 89
1
783 184
1
784 137
1
785 28
0
1
786 148
0
1
787 221
0
1
788 29
1
789 41
0
1
790 8
1
791 73
0
0
1
792 17
1
793 14
1
794 153
1
795 65
1
796 153
1
797 207
1
798 103
1
799 135
1
800 210
1
801 83
1
802 54
1
803 88
1
804 114
0
1
805 47
1
806 203
1
807 206
0
1
808 76
1
809 114
1
810 198
1
811 96
1
812 179
1
813 227
1
814 185
1
815 238
1
816 129
1
817 176
1
818 150
1
819 11
1
820 34
1
821 9
1
822 231
1
823 33
1
824 138
1
825 174
1
826 219
1
827 154
1
828 205
1
829 38
0
0
1
830 134
1
831 76
0
1
832 24
1
833 20
1
834 29
1
835 89
1
836 48
1
837 98
1
838 172
1
839 153
1
840 112
1
841 105
1
842 130
1
843 57
1
844 17
0
1
845 220
0
1
846 69
1
847 44
1
848 84
1
849 182
0
1
850 137
1
851 92
1
852 145
1
853 118
1
854 48
1
855 195
1
856 117
1
857 28
1
858 183
1
859 195
1
860 45
1
861 18
1
862 198
1
863 199
0
1
864 42
1
865 87
1
866 233
1
867 156
1
868 125
1
869 91
1
870 56
1
871 50
1
872 168
1
873 192
0
1
874 155
0
1
875 69
1
876 230
1
877 203
1
878 110
0
1
879 70
1
880 39
1
881 81
0
1
882 222
1
883 170
1
884 184
1
885 184
1
886 161
0
1
887 161
1
888 149
1
889 178
1
890 29
1
891 225
1
892 212
1
893 34
1
894 87
1
895 182
1
896 8
1
897 71
1
898 13
1
899 204
1
900 192
1
901 55
1
902 233
1
903 19
1
904 60
1
905 227
1
906 144
1
907 24
1
908 107
1
909 123
1
910 208
1
911 152
1
912 56
1
913 149
1
914 88
1
915 42
1
916 26
1
917 11
1
918 67
1
919 30
1
920 156
1
921 24
1
922 34
1
923 158
1
924 204
1
925 152
1
926 202
0
1
927 111
0
1
928 110
1
929 95
1
930 51
1
931 177
1
932 184
1
933 234
0
1
934 29
1
935 95
1
936 121
1
937 235
1
938 150
0
1
939 198
1
940 213
1
941 70
1
942 48
1
943 236
1
944 105
1
945 233
1
946 139
1
947 43
1
948 134
0
1
949 174
1
950 164
1
951 124
1
952 60
1
953 184
0
1
954 120
1
955 98
1
956 201
1
957 156
0
1
958 11
1
959 173
1
960 151
1
961 181
1
962 74
1
963 236
1
964 230
1
965 93
1
966 156
1
967 236
1
968 234
0
1
969 231
0
1
970 67
1
971 104
1
972 17
1
973 104
1
974 220
1
975 151
1
976 99
1
977 171
1
978 45
1
979 170
1
980 105
1
981 29
0
1
982 51
1
983 180
1
984 238
1
985 37
1
986 42
1
987 116
1
988 184
1
989 135
1
990 212
1
991 212
1
992 19
1
993 25
1
994 78
1
995 82
1
996 168
1
997 33
1
998 94
1
999 16
1
1000 165
1
1001 17
1
1002 88
1
1003 236
1
1004 22
1
1005 37
1
1006 210
1
1007 215
1
1008 219
1
1009 94
1
1010 167
1
1011 16
1
1012 137
1
1013 17
1
1014 159
1
1015 195
1
1016 79
1
1017 11
1
1018 205
1
1019 41
1
1020 102
1
1021 43
1
1022 42
1
1023 92
1
1024 142
1
1025 37
1
1026 204
1
1027 119
1
1028 227
1
1029 151
1
1030 188
1
1031 150
1
1032 21
1
1033 108
1
1034 63
1
1035 52
1
1036 66
1
1037 33
1
1038 96
1
1039 175
1
1040 105
1
1041 117
1
1042 143
1
1043 153
1
1044 204
1
1045 173
1
1046 112
1
1047 237
1
1048 90
1
1049 48
1
1050 211
1
1051 125
1
1052 178
1
1053 27
1
1054 52
1
1055 24
1
1056 132
1
1057 93
1
1058 188
1
1059 121
1
1060 28
1
1061 217
1
1062 78
1
1063 200
1
1064 79
1
1065 125
1
1066 237
1
1067 135
1
1068 178
1
1069 133
1
1070 131
1
1071 7
1
1072 120
1
1073 84
1
1074 193
1
1075 46
1
1076 20
1
1077 131
1
1078 151
1
1079 143
1
1080 184
1
1081 63
1
1082 86
1
1083 100
1
1084 66
1
1085 184
1
1086 113
1
1087 214
1
1088 88
1
1089 136
1
1090 23
1
1091 70
1
1092 67
1
1093 69
1
1094 127
1
1095 46
1
1096 135
1
1097 169
1
1098 158
1
1099 167
1
1100 232
1
1101 111
1
1102 95
1
1103 218
1
1104 204
1
1105 79
1
1106 45
1
1107 176
1
1108 76
1
1109 180
1
1110 182
1
1111 135
1
1112 136
1
1113 195
1
1114 39
1
1115 12
1
1116 68
1
1117 38
1
1118 204
1
1119 146
1
1120 93
1
1121 133
1
1122 168
1
1123 154
1
1124 150
1
1125 31
1
1126 48
1
1127 109
1
1128 94
1
1129 64
1
1130 160
1
1131 137
1
1132 210
1
1133 26
1
1134 146
1
1135 106
1
1136 109
1
1137 94
1
1138 99
1
1139 137
1
1140 12
1
1141 206
1
1142 128
1
1143 151
1
1144 26
1
1145 130
1
1146 2
1
1147 35
1
1148 160
1
1149 71
1
1150 49
1
1151 66
1
1152 141
1
1153 211
1
1154 101
1
1155 214
1
1156 206
1
1157 185
1
1158 223
1
1159 214
1
1160 34
1
1161 150
1
1162 108
1
1163 188
1
1164 167
1
1165 77
1
1166 203
1
1167 82
1
1168 216
1
1169 6
1
1170 156
1
1171 209
1
1172 183
1
1173 83
1
1174 124
1
1175 27
1
1176 23
1
1177 94
1
1178 152
1
1179 233
1
1180 151
1
1181 132
1
1182 60
1
1183 235
1
1184 106
1
1185 202
1
1186 228
1
1187 44
1
1188 62
1
1189 212
1
1190 112
1
1191 125
1
1192 73
1
1193 140
1
1194 120
1
1195 69
1
1196 136
1
1197 8
1
1198 177
1
1199 32
1
1200 210
1
1201 141
1
1202 77
1
1203 146
1
1204 124
1
1205 195
1
1206 170
1
1207 127
1
1208 146
1
1209 22
1
1210 236
1
1211 219
1
1212 104
1
1213 44
1
1214 230
1
1215 27
1
1216 3
1
1217 196
1
1218 112
1
1219 31
1
1220 12
1
1221 209
1
1222 36
1
1223 59
1
1224 36
1
1225 177
1
1226 25
1
1227 174
1
1228 226
1
1229 77
1
1230 45
1
1231 114
1
1232 171
1
1233 214
1
1234 230
1
1235 106
1
1236 43
1
1237 210
1
1238 25
1
1239 187
1
1240 196
1
1241 196
1
1242 221
1
1243 76
1
1244 93
1
1245 204
1
1246 14
1
1247 153
1
1248 57
1
1249 201
1
1250 161
1
1251 158
1
1252 90
1
1253 180
1
1254 190
1
1255 206
1
1256 183
1
1257 172
1
1258 101
1
1259 200
1
1260 55
1
1261 174
1
1262 135
1
1263 208
1
1264 160
1
1265 233
1
1266 59
1
1267 35
1
1268 204
1
1269 94
1
1270 45
1
1271 80
1
1272 159
1
1273 58
1
1274 43
1
1275 88
1
1276 136
1
1277 96
1
1278 219
1
1279 23
1
1280 96
1
1281 30
1
1282 123
1
1283 114
1
1284 52
1
1285 225
1
1286 227
1
1287 42
1
1288 72
1
1289 40
1
1290 80
1
1291 106
1
1292 160
1
1293 23
1
1294 54
1
1295 174
1
1296 219
1
1297 208
1
1298 81
1
1299 236
1
1300 14
1
1301 174
1
1302 109
1
1303 139
1
1304 57
1
1305 62
1
1306 173
1
1307 178
1
1308 29
1
1309 118
1
1310 151
1
1311 145
1
1312 14
1
1313 197
1
1314 51
1
1315 232
1
1316 149
1
1317 118
1
1318 96
1
1319 166
1
1320 236
1
1321 161
1
1322 42
1
1323 231
1
1324 20
1
1325 226
1
1326 158
1
1327 96
1
1328 229
1
1329 13
1
1330 186
1
1331 140
1
1332 7
1
1333 16
1
1334 126
1
1335 16
1
1336 76
1
1337 131
1
1338 30
1
1339 80
1
1340 77
1
1341 17
1
1342 115
1
1343 132
1
1344 195
1
1345 197
1
1346 119
1
1347 117
1
1348 30
1
1349 217
1
1350 195
1
1351 231
1
1352 119
1
1353 13
1
1354 192
1
1355 41
1
1356 183
1
1357 33
1
1358 50
1
1359 85
1
1360 97
1
1361 93
1
1362 66
1
1363 236
0
1
1364 14
1
1365 164
1
1366 144
1
1367 182
1
1368 72
1
1369 69
1
1370 29
1
1371 228
1
1372 221
1
1373 6
1
1374 96
1
1375 49
1
1376 94
1
1377 73
1
1378 104
1
1379 193
0
1
1380 109
1
1381 122
1
1382 133
1
1383 90
1
1384 39
1
1385 140
1
1386 25
1
1387 139
1
1388 52
1
1389 197
1
1390 96
1
1391 66
1
1392 55
1
1393 74
1
1394 105
1
1395 71
1
1396 206
1
1397 24
1
1398 179
1
1399 34
1
1400 206
1
1401 25
1
1402 204
1
1403 43
1
1404 152
1
1405 138
1
1406 96
1
1407 212
1
1408 123
1
1409 229
1
1410 157
1
1411 11
1
1412 197
1
1413 11
1
1414 206
1
1415 231
1
1416 155
1
1417 173
1
1418 230
1
1419 18
1
1420 190
1
1421 32
1
1422 45
1
1423 223
1
1424 127
0
1
1425 236
1
1426 203
1
1427 229
1
1428 139
1
1429 50
1
1430 225
1
1431 207
1
1432 174
1
1433 74
1
1434 119
1
1435 153
1
1436 136
1
1437 201
1
1438 106
1
1439 74
1
1440 56
1
1441 91
1
1442 135
1
1443 152
1
1444 114
1
1445 105
1
1446 3
1
1447 230
1
1448 144
1
1449 30
1
1450 217
1
1451 238
1
1452 161
1
1453 114
1
1454 178
1
1455 204
1
1456 126
1
1457 88
1
1458 56
1
1459 96
1
1460 99
1
1461 8
1
1462 69
1
1463 208
1
1464 42
1
1465 45
1
1466 11
1
1467 214
1
1468 157
1
1469 196
1
1470 211
1
1471 138
1
1472 177
1
1473 29
1
1474 184
1
1475 108
1
1476 185
0
1
1477 197
1
1478 158
1
1479 164
1
1480 65
1
1481 51
1
1482 184
1
1483 98
1
1484 32
0
1
1485 115
1
1486 197
1
1487 236
1
1488 82
1
1489 161
1
1490 153
1
1491 70
1
1492 185
1
1493 54
0
1
1494 194
1
1495 103
1
1496 226
1
1497 33
1
1498 178
1
1499 228
1
1500 34
1
1501 14
1
1502 42
1
1503 71
1
1504 229
1
1505 195
1
1506 229
1
1507 47
1
1508 20
1
1509 96
1
1510 17
1
1511 55
1
1512 190
1
1513 150
1
1514 99
1
1515 22
1
1516 165
0
0
1
1517 34
1
1518 174
1
1519 52
1
1520 228
1
1521 34
1
1522 114
1
1523 115
1
1524 171
1
1525 211
1
1526 126
1
1527 161
1
1528 220
1
1529 171
1
1530 178
1
1531 100
1
1532 9
1
1533 19
1
1534 152
1
1535 61
1
1536 218
1
1537 206
1
1538 85
1
1539 160
1
1540 22
1
1541 172
1
1542 128
1
1543 108
1
1544 207
1
1545 95
1
1546 29
1
1547 54
0
1
1548 12
1
1549 193
1
1550 136
1
1551 194
1
1552 200
0
1
1553 67
0
1
1554 31
1
1555 112
1
1556 81
1
1557 198
1
1558 132
1
1559 88
1
1560 102
0
1
1561 104
1
1562 37
1
1563 175
1
1564 96
1
1565 83
0
1
1566 217
1
1567 236
1
1568 96
1
1569 143
1
1570 231
1
1571 180
1
1572 186
1
1573 195
1
1574 195
1
1575 183
1
1576 51
1
1577 125
1
1578 141
1
1579 119
1
1580 34
1
1581 122
1
1582 237
1
1583 111
1
1584 175
1
1585 99
1
1586 148
1
1587 118
1
1588 117
1
1589 183
1
1590 12
1
1591 151
1
1592 197
1
1593 205
1
1594 210
1
1595 41
1
1596 11
1
1597 158
1
1598 78
1
1599 24
1
1600 160
1
1601 115
0
1
1602 55
0
1
1603 156
1
1604 4
0
1
1605 73
1
1606 86
1
1607 68
1
1608 225
1
1609 123
1
1610 198
1
1611 29
1
1612 18
1
1613 122
1
1614 170
1
1615 158
1
1616 175
1
1617 149
1
1618 22
1
1619 28
1
1620 8
1
1621 94
1
1622 224
1
1623 17
1
1624 76
1
1625 3
1
1626 14
1
1627 2
1
1628 92
0
1
1629 5
1
1630 158
0
1
1631 19
1
1632 154
1
1633 146
1
1634 196
1
1635 53
0
1
1636 207
1
1637 188
1
1638 107
1
1639 59
1
1640 225
1
1641 228
1
1642 211
1
1643 135
1
1644 111
1
1645 37
1
1646 118
1
1647 87
1
1648 23
1
1649 84
1
1650 168
1
1651 112
1
1652 36
1
1653 75
1
1654 79
1
1655 51
1
1656 126
1
1657 79
1
1658 130
1
1659 48
0
1
1660 62
1
1661 234
1
1662 144
1
1663 59
1
1664 97
1
1665 14
1
1666 214
1
1667 87
1
1668 52
1
1669 90
1
1670 73
1
1671 101
1
1672 89
1
1673 111
1
1674 133
1
1675 30
1
1676 184
1
1677 123
1
1678 36
1
1679 195
1
1680 25
1
1681 86
1
1682 75
1
1683 199
1
1684 186
1
1685 81
1
1686 171
1
1687 223
1
1688 149
1
1689 83
1
1690 21
0
1
1691 174
1
1692 126
1
1693 142
1
1694 115
1
1695 29
1
1696 60
1
1697 116
1
1698 117
1
1699 129
1
1700 165
1
1701 26
1
1702 68
1
1703 113
1
1704 204
1
1705 6
1
1706 214
1
1707 215
1
1708 195
1
1709 140
1
1710 190
1
1711 140
1
1712 7
1
1713 160
0
1
1714 210
1
1715 84
1
1716 45
1
1717 56
1
1718 139
1
1719 82
1
1720 191
0
1
1721 35
1
1722 129
1
1723 49
0
1
1724 86
1
1725 74
0
1
1726 17
0
1
1727 158
1
1728 163
1
1729 113
1
1730 50
1
1731 69
1
1732 103
1
1733 206
1
1734 207
1
1735 184
1
1736 11
1
1737 24
1
1738 174
1
1739 163
1
1740 153
1
1741 106
1
1742 30
0
1
1743 67
1
1744 152
1
1745 119
0
1
1746 71
0
1
1747 155
1
1748 228
1
1749 51
1
1750 17
1
1751 125
1
1752 9
1
1753 49
1
1754 94
1
1755 80
1
1756 164
1
1757 154
1
1758 39
1
1759 34
1
1760 138
1
1761 77
1
1762 33
1
1763 68
1
1764 189
0
1
1765 43
1
1766 202
1
1767 93
1
1768 66
1
1769 179
1
1770 215
1
1771 59
1
1772 206
0
1
1773 96
1
1774 225
1
1775 228
1
1776 147
1
1777 198
1
1778 164
1
1779 21
1
1780 106
1
1781 178
1
1782 216
1
1783 203
1
1784 41
1
1785 103
0
1
1786 66
1
1787 201
1
1788 95
0
1
1789 78
1
1790 88
1
1791 151
1
1792 197
1
1793 203
1
1794 47
1
1795 191
1
1796 48
1
1797 214
1
1798 52
1
1799 176
1
1800 167
1
1801 21
1
1802 157
0
1
1803 232
1
1804 212
1
1805 149
1
1806 155
1
1807 19
1
1808 142
1
1809 40
1
1810 98
1
1811 36
1
1812 136
1
1813 156
1
1814 209
1
1815 88
1
1816 202
1
1817 56
1
1818 222
1
1819 232
1
1820 61
1
1821 222
1
1822 66
0
1
1823 195
1
1824 148
1
1825 111
1
1826 25
1
1827 51
1
1828 61
0
1
1829 142
1
1830 231
1
1831 74
1
1832 45
1
1833 81
1
1834 106
1
1835 11
1
1836 40
1
1837 136
1
1838 201
1
1839 34
1
1840 202
1
1841 152
1
1842 43
1
1843 44
1
1844 71
1
1845 80
0
1
1846 122
1
1847 62
1
1848 211
1
1849 16
1
1850 122
1
1851 120
1
1852 166
1
1853 2
1
1854 76
1
1855 201
1
1856 175
1
1857 104
1
1858 78
1
1859 57
1
1860 210
1
1861 10
1
1862 86
1
1863 139
1
1864 43
1
1865 103
1
1866 68
1
1867 76
1
1868 71
1
1869 198
0
1
1870 226
1
1871 131
1
1872 34
1
1873 88
1
1874 65
1
1875 122
1
1876 136
0
1
1877 190
1
1878 125
1
1879 149
0
1
1880 94
1
1881 29
1
1882 21
1
1883 51
1
1884 81
1
1885 75
1
1886 198
1
1887 189
1
1888 8
1
1889 232
1
1890 61
0
1
1891 72
1
1892 121
1
1893 153
0
1
1894 215
1
1895 126
1
1896 174
1
1897 159
1
1898 125
1
1899 145
1
1900 55
1
1901 55
0
1
1902 169
1
1903 88
0
1
1904 101
1
1905 162
1
1906 129
1
1907 30
1
1908 74
1
1909 167
1
1910 27
1
1911 25
1
1912 221
1
1913 104
1
1914 217
1
1915 85
0
1
1916 177
1
1917 45
1
1918 166
1
1919 52
0
1
1920 11
0
1
1921 127
1
1922 193
0
0
1
1923 218
1
1924 114
1
1925 218
1
1926 6
1
1927 91
1
1928 22
1
1929 220
1
1930 168
1
1931 213
1
1932 207
0
0
0
1
1933 3
1
1934 48
1
1935 179
1
1936 161
1
1937 8
1
1938 27
1
1939 198
1
1940 107
0
0
1
1941 157
1
1942 205
1
1943 201
1
1944 14
0
1
1945 195
1
1946 219
1
1947 55
1
1948 46
1
1949 76
1
1950 187
1
1951 97
1
1952 158
0
1
1953 74
1
1954 4
1
1955 153
1
1956 96
1
1957 100
1
1958 96
1
1959 96
1
1960 88
1
1961 198
1
1962 36
1
1963 163
1
1964 153
1
1965 141
1
1966 85
1
1967 14
0
1
1968 176
1
1969 18
1
1970 18
1
1971 236
1
1972 168
1
1973 193
1
1974 223
1
1975 232
1
1976 210
1
1977 153
1
1978 145
1
1979 188
1
1980 123
1
1981 148
1
1982 185
1
1983 138
0
0
1
1984 171
1
1985 225
1
1986 58
1
1987 192
1
1988 74
0
0
1
1989 138
1
1990 112
1
1991 127
0
1
1992 65
1
1993 63
1
1994 72
1
1995 135
1
1996 7
1
1997 30
1
1998 198
1
1999 210
1
2000 178
1
2001 151
1
2002 216
1
2003 86
1
2004 233
0
1
2005 38
1
2006 178
1
2007 195
1
2008 29
1
2009 47
1
2010 137
1
2011 91
1
2012 64
1
2013 46
1
2014 67
0
1
2015 98
1
2016 204
1
2017 218
1
2018 146
1
2019 96
1
2020 94
1
2021 58
1
2022 163
1
2023 172
0
1
2024 79
1
2025 27
1
2026 204
1
2027 132
1
2028 21
1
2029 87
1
2030 181
1
2031 149
1
2032 28
1
2033 85
1
2034 200
1
2035 142
1
2036 27
1
2037 161
1
2038 157
1
2039 16
1
2040 64
1
2041 190
1
2042 31
1
2043 226
1
2044 91
1
2045 53
1
2046 60
1
2047 207
1
2048 76
1
2049 153
1
2050 16
1
2051 109
1
2052 194
1
2053 69
1
2054 16
1
2055 190
1
2056 221
1
2057 132
1
2058 39
1
2059 66
1
2060 83
1
2061 36
1
2062 196
1
2063 112
1
2064 226
1
2065 71
1
2066 11
1
2067 166
1
2068 105
1
2069 15
1
2070 80
1
2071 223
1
2072 33
1
2073 25
1
2074 33
0
1
2075 67
1
2076 41
1
2077 25
1
2078 132
1
2079 50
1
2080 194
1
2081 100
1
2082 43
1
2083 112
1
2084 107
1
2085 190
1
2086 183
1
2087 226
1
2088 120
1
2089 76
1
2090 62
1
2091 126
1
2092 192
1
2093 68
1
2094 150
1
2095 145
1
2096 110
1
2097 90
1
2098 148
1
2099 125
0
1
2100 235
1
2101 61
1
2102 14
1
2103 50
1
2104 191
0
0
0
1
2105 51
1
2106 193
1
2107 74
1
2108 145
1
2109 34
1
2110 54
1
2111 202
1
2112 133
1
2113 84
1
2114 7
1
2115 187
1
2116 192
1
2117 165
0
1
2118 77
0
1
2119 96
0
1
2120 129
1
2121 186
1
2122 24
1
2123 14
0
1
2124 203
1
2125 21
1
2126 110
1
2127 224
1
2128 218
1
2129 119
1
2130 173
0
1
2131 52
1
2132 123
1
2133 146
1
2134 90
1
2135 78
0
1
2136 181
1
2137 56
0
1
2138 231
1
2139 236
1
2140 47
1
2141 100
1
2142 134
1
2143 133
1
2144 81
1
2145 105
1
2146 52
1
2147 202
1
2148 222
1
2149 112
0
1
2150 228
0
1
2151 2
1
2152 88
1
2153 18
0
1
2154 56
0
1
2155 134
1
2156 204
1
2157 186
1
2158 184
0
1
2159 226
1
2160 21
1
2161 184
1
2162 206
1
2163 170
0
1
2164 154
1
2165 199
1
2166 36
0
1
2167 202
1
2168 75
1
2169 127
1
2170 175
1
2171 209
1
2172 16
1
2173 210
1
2174 103
0
1
2175 117
1
2176 36
1
2177 3
1
2178 29
1
2179 176
1
2180 48
0
0
1
2181 53
1
2182 163
1
2183 38
1
2184 178
1
2185 164
1
2186 157
1
2187 226
1
2188 167
1
2189 92
1
2190 185
1
2191 127
0
1
2192 97
1
2193 157
1
2194 232
1
2195 237
1
2196 88
0
1
2197 165
0
1
2198 115
1
2199 84
1
2200 87
1
2201 145
0
1
2202 237
0
1
2203 50
1
2204 184
1
2205 56
1
2206 134
0
1
2207 47
1
2208 92
1
2209 6
1
2210 144
1
2211 156
1
2212 147
1
2213 77
1
2214 10
1
2215 11
0
1
2216 16
1
2217 147
1
2218 141
1
2219 71
0
1
2220 208
1
2221 220
1
2222 196
1
2223 236
1
2224 146
1
2225 103
1
2226 219
1
2227 110
1
2228 34
1
2229 165
1
2230 80
1
2231 220
1
2232 178
0
1
2233 193
1
2234 29
1
2235 28
1
2236 79
1
2237 233
1
2238 56
0
1
2239 147
1
2240 126
1
2241 153
1
2242 136
1
2243 60
1
2244 52
1
2245 157
1
2246 41
1
2247 35
0
1
2248 199
1
2249 151
1
2250 13
1
2251 3
1
2252 152
1
2253 55
1
2254 18
1
2255 29
1
2256 109
0
1
2257 133
1
2258 16
1
2259 17
1
2260 161
1
2261 61
1
2262 16
1
2263 93
1
2264 2
0
1
2265 2
1
2266 218
1
2267 68
1
2268 18
0
1
2269 50
1
2270 153
1
2271 5
1
2272 182
1
2273 92
1
2274 13
0
1
2275 223
1
2276 182
1
2277 32
1
2278 6
1
2279 78
0
1
2280 135
1
2281 92
1
2282 191
0
1
2283 16
1
2284 18
0
0
1
2285 45
1
2286 36
1
2287 67
0
1
2288 186
1
2289 166
1
2290 177
1
2291 80
1
2292 169
1
2293 130
1
2294 7
1
2295 147
1
2296 233
0
1
2297 177
1
2298 145
0
1
2299 101
1
2300 214
1
2301 44
1
2302 7
1
2303 63
0
1
2304 48
1
2305 96
1
2306 66
1
2307 11
1
2308 226
1
2309 84
1
2310 32
1
2311 36
1
2312 167
0
1
2313 174
1
2314 18
1
2315 156
1
2316 4
0
1
2317 159
1
2318 77
1
2319 36
0
1
2320 219
0
0
1
2321 74
1
2322 28
0
1
2323 164
1
2324 86
1
2325 159
1
2326 113
1
2327 34
1
2328 52
1
2329 195
1
2330 150
1
2331 159
1
2332 211
1
2333 49
1
2334 47
1
2335 110
0
1
2336 93
1
2337 204
1
2338 58
1
2339 191
1
2340 21
0
0
1
2341 231
1
2342 76
0
1
2343 229
1
2344 236
1
2345 175
1
2346 195
1
2347 140
1
2348 87
1
2349 45
1
2350 145
1
2351 122
1
2352 92
1
2353 4
1
2354 184
1
2355 236
1
2356 188
1
2357 62
0
1
2358 202
1
2359 210
1
2360 124
0
1
2361 78
1
2362 183
1
2363 147
0
1
2364 118
1
2365 146
1
2366 43
1
2367 53
0
1
2368 202
1
2369 135
1
2370 153
1
2371 26
1
2372 179
1
2373 67
1
2374 61
1
2375 153
1
2376 73
1
2377 81
1
2378 233
1
2379 24
1
2380 178
1
2381 185
1
2382 97
1
2383 4
0
1
2384 99
1
2385 33
1
2386 29
1
2387 209
1
2388 67
1
2389 104
1
2390 181
0
0
1
2391 52
1
2392 204
1
2393 79
1
2394 25
0
1
2395 172
1
2396 153
0
1
2397 41
1
2398 140
1
2399 10
1
2400 226
0
1
2401 111
1
2402 69
1
2403 97
1
2404 19
1
2405 38
1
2406 48
1
2407 52
1
2408 57
0
1
2409 28
0
0
1
2410 182
1
2411 40
1
2412 169
1
2413 135
1
2414 138
1
2415 198
1
2416 199
1
2417 28
1
2418 118
1
2419 170
1
2420 194
0
1
2421 159
1
2422 170
1
2423 205
1
2424 215
1
2425 170
1
2426 72
1
2427 94
0
0
0
1
2428 106
1
2429 189
0
0
1
2430 127
1
2431 192
0
0
1
2432 21
1
2433 157
1
2434 68
1
2435 141
1
2436 117
1
2437 127
1
2438 7
1
2439 91
0
1
2440 138
1
2441 97
1
2442 220
1
2443 49
1
2444 187
0
1
2445 209
1
2446 147
1
2447 27
0
1
2448 34
1
2449 166
1
2450 167
1
2451 238
0
1
2452 179
1
2453 213
0
1
2454 216
1
2455 210
1
2456 56
0
0
1
2457 210
1
2458 233
0
1
2459 64
1
2460 116
1
2461 238
1
2462 193
1
2463 227
1
2464 60
1
2465 132
1
2466 198
1
2467 222
0
1
2468 218
1
2469 68
1
2470 38
1
2471 42
1
2472 92
1
2473 46
1
2474 34
0
0
1
2475 182
1
2476 199
1
2477 154
0
1
2478 37
0
1
2479 127
0
0
1
2480 24
1
2481 163
1
2482 88
1
2483 143
1
2484 23
1
2485 211
0
1
2486 101
1
2487 3
1
2488 175
1
2489 206
1
2490 216
1
2491 87
1
2492 134
1
2493 194
1
2494 90
1
2495 123
0
0
0
1
2496 189
1
2497 99
1
2498 58
1
2499 149
1
2500 26
1
2501 139
1
2502 89
1
2503 236
1
2504 125
1
2505 37
1
2506 71
1
2507 64
1
2508 199
0
1
2509 103
1
2510 22
1
2511 147
1
2512 120
1
2513 51
1
2514 199
1
2515 32
1
2516 20
1
2517 5
1
2518 155
1
2519 113
1
2520 28
0
0
1
2521 223
1
2522 144
0
1
2523 7
1
2524 33
1
2525 2
1
2526 238
1
2527 149
1
2528 101
1
2529 100
0
1
2530 210
0
1
2531 173
1
2532 102
1
2533 235
1
2534 221
1
2535 202
1
2536 135
1
2537 10
0
1
2538 161
1
2539 111
1
2540 21
0
1
2541 204
0
1
2542 27
0
1
2543 78
0
1
2544 18
0
1
2545 11
1
2546 209
1
2547 185
1
2548 124
0
0
1
2549 12
1
2550 199
1
2551 184
1
2552 237
1
2553 120
1
2554 216
1
2555 126
0
1
2556 126
1
2557 85
1
2558 173
1
2559 23
0
1
2560 34
1
2561 87
0
1
2562 144
1
2563 175
0
1
2564 231
1
2565 200
1
2566 172
1
2567 164
1
2568 120
1
2569 226
1
2570 237
0
0
1
2571 212
1
2572 91
1
2573 81
1
2574 5
1
2575 199
1
2576 25
1
2577 15
0
1
2578 154
1
2579 100
1
2580 65
1
2581 75
1
2582 11
1
2583 180
1
2584 100
0
1
2585 227
1
2586 47
1
2587 107
1
2588 88
1
2589 204
1
2590 29
0
1
2591 86
1
2592 54
1
2593 158
1
2594 94
0
1
2595 30
1
2596 74
1
2597 96
1
2598 204
0
1
2599 200
1
2600 141
1
2601 115
1
2602 115
1
2603 60
1
2604 213
1
2605 103
1
2606 35
1
2607 90
1
2608 172
0
1
2609 148
1
2610 80
1
2611 74
1
2612 169
1
2613 183
1
2614 16
0
0
1
2615 3
0
1
2616 65
1
2617 25
1
2618 43
1
2619 35
1
2620 12
1
2621 17
1
2622 22
1
2623 49
1
2624 142
1
2625 11
1
2626 217
0
1
2627 8
0
0
1
2628 62
1
2629 61
1
2630 83
0
0
1
2631 5
1
2632 25
1
2633 33
0
1
2634 40
0
1
2635 162
1
2636 25
1
2637 12
0
1
2638 78
0
0
0
1
2639 169
1
2640 198
1
2641 16
0
1
2642 192
0
1
2643 46
1
2644 19
0
1
2645 186
0
1
2646 45
0
1
2647 201
1
2648 157
0
1
2649 72
1
2650 185
0
1
2651 184
1
2652 115
1
2653 10
1
2654 179
1
2655 103
1
2656 162
0
1
2657 27
0
1
2658 195
1
2659 53
1
2660 65
1
2661 64
1
2662 177
0
1
2663 200
1
2664 85
1
2665 128
0
1
2666 235
0
1
2667 118
0
0
1
2668 236
1
2669 217
0
1
2670 225
1
2671 94
0
1
2672 208
1
2673 64
1
2674 45
1
2675 146
1
2676 113
1
2677 193
1
2678 4
0
0
0
1
2679 97
0
1
2680 36
1
2681 67
0
1
2682 119
1
2683 143
1
2684 8
0
1
2685 222
1
2686 188
1
2687 14
0
1
2688 218
1
2689 211
0
1
2690 189
0
1
2691 97
1
2692 49
0
1
2693 174
1
2694 95
1
2695 71
1
2696 106
1
2697 30
1
2698 156
1
2699 225
1
2700 210
1
2701 136
1
2702 187
1
2703 133
0
1
2704 131
0
0
1
2705 159
1
2706 55
1
2707 207
1
2708 47
1
2709 121
1
2710 165
0
1
2711 217
1
2712 155
1
2713 105
1
2714 32
1
2715 55
1
2716 125
1
2717 63
1
2718 16
1
2719 34
1
2720 11
1
2721 126
1
2722 165
1
2723 118
1
2724 211
1
2725 225
0
1
2726 112
1
2727 40
0
1
2728 59
1
2729 232
1
2730 204
1
2731 149
1
2732 88
0
1
2733 178
1
2734 173
1
2735 130
1
2736 174
1
2737 148
0
0
1
2738 104
1
2739 91
0
1
2740 101
1
2741 189
1
2742 223
1
2743 169
1
2744 225
1
2745 237
1
2746 215
0
1
2747 231
1
2748 50
0
0
1
2749 88
1
2750 85
0
0
1
2751 75
1
2752 125
0
1
2753 126
1
2754 147
1
2755 54
1
2756 124
1
2757 122
1
2758 137
0
1
2759 49
1
2760 218
1
2761 147
0
1
2762 158
1
2763 43
1
2764 204
0
1
2765 146
1
2766 117
1
2767 7
1
2768 202
1
2769 72
0
1
2770 109
1
2771 21
0
1
2772 231
1
2773 176
1
2774 96
1
2775 159
1
2776 62
1
2777 82
1
2778 52
0
0
1
2779 93
0
1
2780 93
0
1
2781 165
1
2782 137
1
2783 206
1
2784 229
1
2785 140
1
2786 126
1
2787 61
1
2788 129
1
2789 197
1
2790 65
1
2791 71
1
2792 189
1
2793 217
1
2794 138
1
2795 45
1
2796 139
1
2797 30
0
1
2798 148
1
2799 30
0
0
1
2800 7
1
2801 178
1
2802 181
1
2803 34
1
2804 232
1
2805 42
1
2806 233
1
2807 88
0
0
1
2808 231
1
2809 166
1
2810 54
1
2811 75
1
2812 149
1
2813 155
0
0
0
1
2814 81
0
1
2815 8
0
1
2816 134
1
2817 192
1
2818 175
0
1
2819 41
0
0
1
2820 149
1
2821 153
1
2822 144
1
2823 13
0
1
2824 123
1
2825 45
0
1
2826 230
0
1
2827 114
1
2828 43
1
2829 114
1
2830 168
1
2831 70
0
1
2832 25
1
2833 191
1
2834 100
0
1
2835 199
1
2836 100
1
2837 149
1
2838 125
1
2839 196
1
2840 119
0
1
2841 123
1
2842 183
0
1
2843 61
1
2844 128
0
1
2845 92
1
2846 179
1
2847 28
1
2848 94
1
2849 160
0
0
1
2850 145
1
2851 70
1
2852 16
1
2853 37
1
2854 34
1
2855 212
1
2856 13
1
2857 57
1
2858 55
1
2859 169
1
2860 208
1
2861 213
1
2862 237
1
2863 213
1
2864 24
1
2865 181
1
2866 174
1
2867 132
1
2868 175
1
2869 201
1
2870 84
1
2871 138
0
1
2872 119
1
2873 71
1
2874 12
1
2875 88
0
1
2876 164
1
2877 187
1
2878 67
0
1
2879 168
1
2880 228
1
2881 178
0
1
2882 68
1
2883 40
0
1
2884 16
1
2885 220
1
2886 94
1
2887 191
0
1
2888 122
1
2889 198
1
2890 113
1
2891 11
1
2892 23
1
2893 215
1
2894 66
1
2895 205
1
2896 236
1
2897 153
1
2898 96
1
2899 56
1
2900 81
1
2901 30
0
1
2902 227
1
2903 29
1
2904 21
0
1
2905 68
1
2906 26
0
1
2907 178
0
1
2908 170
0
0
1
2909 146
1
2910 112
1
2911 33
1
2912 48
1
2913 218
0
1
2914 33
1
2915 4
0
1
2916 202
1
2917 200
0
0
1
2918 211
1
2919 214
1
2920 125
1
2921 83
0
0
1
2922 99
0
0
1
2923 224
0
0
0
1
2924 212
0
1
2925 167
0
0
0
1
2926 87
1
2927 53
1
2928 174
1
2929 87
1
2930 136
1
2931 200
1
2932 178
1
2933 133
1
2934 97
1
2935 51
1
2936 88
0
1
2937 52
0
1
2938 67
1
2939 16
0
1
2940 52
1
2941 204
1
2942 156
1
2943 124
1
2944 171
1
2945 100
1
2946 12
0
1
2947 99
0
1
2948 198
1
2949 236
0
1
2950 94
1
2951 72
0
1
2952 14
1
2953 183
0
1
2954 29
1
2955 147
1
2956 154
0
0
1
2957 4
1
2958 86
1
2959 14
0
0
0
0
1
2960 4
1
2961 50
1
2962 190
0
1
2963 18
1
2964 173
1
2965 8
1
2966 198
1
2967 90
1
2968 76
1
2969 79
1
2970 106
1
2971 2
1
2972 198
0
1
2973 97
1
2974 94
1
2975 193
0
1
2976 114
1
2977 140
1
2978 107
0
1
2979 99
1
2980 189
1
2981 118
1
2982 211
0
1
2983 108
1
2984 192
0
1
2985 188
1
2986 184
0
1
2987 28
1
2988 29
1
2989 153
0
0
0
0
1
2990 188
1
2991 178
1
2992 99
1
2993 4
1
2994 26
1
2995 190
0
1
2996 232
1
2997 67
0
1
2998 44
0
0
1
2999 96
1
3000 107
1
3001 202
1
3002 141
0
1
3003 186
0
0
0
1
3004 166
1
3005 221
0
1
3006 45
0
1
3007 14
1
3008 49
1
3009 46
1
3010 187
1
3011 225
1
3012 185
0
1
3013 28
0
1
3014 45
0
1
3015 128
1
3016 131
1
3017 140
0
1
3018 7
0
0
1
3019 92
1
3020 22
1
3021 237
1
3022 215
1
3023 59
1
3024 184
0
1
3025 205
1
3026 29
1
3027 61
1
3028 52
0
1
3029 150
0
1
3030 96
1
3031 13
0
0
1
3032 52
1
3033 43
0
1
3034 44
0
0
1
3035 158
0
0
0
0
1
3036 166
1
3037 117
1
3038 118
1
3039 59
1
3040 237
1
3041 222
0
0
1
3042 128
1
3043 57
1
3044 178
1
3045 160
0
1
3046 49
1
3047 178
1
3048 207
0
1
3049 26
0
1
3050 48
1
3051 7
1
3052 52
0
1
3053 175
1
3054 5
1
3055 57
1
3056 89
0
1
3057 164
1
3058 237
0
0
1
3059 132
1
3060 153
1
3061 76
1
3062 230
0
0
1
3063 208
1
3064 77
1
3065 162
0
0
1
3066 13
1
3067 131
0
0
1
3068 194
0
1
3069 43
1
3070 226
0
1
3071 190
1
3072 75
1
3073 86
1
3074 141
1
3075 87
1
3076 28
1
3077 27
1
3078 236
0
1
3079 184
1
3080 130
1
3081 187
1
3082 140
0
1
3083 103
1
3084 196
0
0
1
3085 53
1
3086 225
1
3087 184
1
3088 215
0
1
3089 217
1
3090 154
1
3091 66
1
3092 200
1
3093 215
0
1
3094 164
1
3095 2
1
3096 56
0
0
1
3097 152
0
1
3098 95
1
3099 39
1
3100 105
0
1
3101 146
1
3102 31
0
1
3103 5
1
3104 66
0
0
1
3105 14
1
3106 218
1
3107 56
1
3108 153
1
3109 178
1
3110 29
1
3111 2
1
3112 199
0
1
3113 171
1
3114 194
1
3115 79
0
1
3116 60
1
3117 227
0
0
0
0
1
3118 27
0
0
1
3119 198
1
3120 149
1
3121 15
0
1
3122 136
0
1
3123 188
1
3124 148
1
3125 79
0
1
3126 56
1
3127 141
0
1
3128 168
1
3129 178
0
0
0
0
1
3130 50
0
1
3131 225
1
3132 153
0
0
1
3133 4
1
3134 12
0
1
3135 180
1
3136 13
1
3137 225
1
3138 104
1
3139 96
1
3140 59
1
3141 203
1
3142 208
1
3143 234
1
3144 16
0
1
3145 57
1
3146 215
1
3147 229
1
3148 28
0
0
1
3149 106
0
1
3150 45
1
3151 177
1
3152 202
1
3153 196
1
3154 77
1
3155 124
0
0
1
3156 110
0
1
3157 154
1
3158 19
1
3159 198
1
3160 70
1
3161 204
0
0
1
3162 229
1
3163 56
1
3164 47
1
3165 24
1
3166 125
1
3167 66
1
3168 70
1
3169 39
0
1
3170 32
1
3171 79
1
3172 7
1
3173 93
1
3174 223
1
3175 52
1
3176 20
1
3177 116
0
1
3178 53
0
1
3179 155
1
3180 178
1
3181 231
1
3182 191
0
1
3183 168
0
1
3184 144
0
1
3185 204
0
1
3186 176
0
1
3187 153
0
1
3188 125
1
3189 165
0
0
0
1
3190 11
1
3191 163
1
3192 163
1
3193 35
1
3194 9
1
3195 115
0
1
3196 3
0
1
3197 61
0
1
3198 92
1
3199 223
1
3200 145
1
3201 127
1
3202 49
1
3203 9
1
3204 199
1
3205 153
0
1
3206 174
1
3207 160
0
1
3208 68
1
3209 8
0
1
3210 218
0
1
3211 56
0
1
3212 14
0
1
3213 184
1
3214 55
1
3215 217
1
3216 179
0
1
3217 204
1
3218 78
0
1
3219 135
0
1
3220 74
1
3221 214
1
3222 22
1
3223 123
0
1
3224 23
1
3225 18
1
3226 107
1
3227 234
0
1
3228 162
1
3229 198
1
3230 56
1
3231 52
1
3232 156
0
1
3233 22
0
1
3234 232
0
0
1
3235 211
0
1
3236 114
1
3237 208
1
3238 116
1
3239 6
1
3240 101
1
3241 150
0
0
0
1
3242 205
0
0
1
3243 84
0
1
3244 117
0
1
3245 100
0
1
3246 193
0
1
3247 4
1
3248 115
0
1
3249 99
1
3250 171
0
1
3251 224
0
0
0
1
3252 124
0
0
1
3253 115
0
1
3254 66
1
3255 78
0
1
3256 19
0
1
3257 81
1
3258 143
1
3259 34
0
1
3260 70
1
3261 206
0
1
3262 110
1
3263 42
1
3264 23
1
3265 230
1
3266 217
0
1
3267 30
0
0
0
0
0
1
3268 25
1
3269 206
1
3270 137
1
3271 170
0
1
3272 52
1
3273 29
0
0
1
3274 189
1
3275 96
1
3276 235
1
3277 235
0
1
3278 120
1
3279 110
0
1
3280 96
1
3281 124
0
0
1
3282 169
1
3283 49
1
3284 236
1
3285 76
0
0
1
3286 171
1
3287 99
1
3288 197
1
3289 35
1
3290 9
0
1
3291 203
0
1
3292 228
0
1
3293 50
0
1
3294 68
1
3295 123
0
1
3296 115
0
0
1
3297 238
0
1
3298 37
1
3299 53
1
3300 113
0
1
3301 108
1
3302 174
0
1
3303 16
1
3304 195
1
3305 11
1
3306 96
0
1
3307 123
0
0
0
1
3308 130
1
3309 113
1
3310 168
1
3311 97
0
0
1
3312 168
1
3313 42
1
3314 98
0
0
0
1
3315 48
1
3316 234
0
0
1
3317 225
1
3318 52
1
3319 234
1
3320 34
1
3321 6
0
1
3322 197
1
3323 57
1
3324 198
1
3325 179
0
1
3326 52
0
1
3327 103
1
3328 199
1
3329 233
1
3330 34
0
1
3331 75
1
3332 136
1
3333 97
1
3334 159
1
3335 123
0
0
1
3336 201
1
3337 156
0
1
3338 64
1
3339 219
1
3340 229
0
1
3341 20
0
1
3342 23
1
3343 99
0
0
1
3344 78
0
0
1
3345 45
1
3346 224
1
3347 110
1
3348 25
1
3349 35
1
3350 187
0
0
1
3351 169
0
0
1
3352 131
1
3353 236
0
0
1
3354 153
0
1
3355 104
0
1
3356 118
1
3357 210
1
3358 81
1
3359 18
0
1
3360 234
1
3361 103
0
0
1
3362 3
0
0
1
3363 235
1
3364 3
1
3365 30
1
3366 49
0
1
3367 224
1
3368 193
1
3369 127
0
1
3370 235
1
3371 208
1
3372 195
0
1
3373 198
1
3374 201
0
1
3375 5
1
3376 220
0
1
3377 82
0
1
3378 152
0
1
3379 56
1
3380 54
1
3381 232
0
1
3382 40
1
3383 47
1
3384 235
1
3385 54
1
3386 228
1
3387 156
1
3388 38
1
3389 204
0
1
3390 56
0
1
3391 8
1
3392 204
1
3393 12
1
3394 198
1
3395 124
0
0
0
0
0
1
3396 53
0
0
0
0
0
1
3397 29
1
3398 173
1
3399 148
0
0
0
1
3400 54
0
1
3401 11
0
1
3402 128
0
1
3403 68
1
3404 165
1
3405 184
0
1
3406 127
1
3407 5
1
3408 119
1
3409 135
1
3410 182
0
0
1
3411 29
1
3412 200
0
0
1
3413 131
0
1
3414 220
0
1
3415 216
1
3416 31
1
3417 25
0
0
1
3418 125
0
1
3419 192
1
3420 80
0
0
0
1
3421 69
1
3422 114
0
1
3423 238
1
3424 228
1
3425 115
1
3426 24
1
3427 150
1
3428 92
1
3429 162
1
3430 139
1
3431 203
0
1
3432 46
1
3433 18
0
1
3434 158
0
0
1
3435 109
1
3436 108
1
3437 216
1
3438 210
0
0
1
3439 225
0
0
0
0
1
3440 59
0
0
0
1
3441 127
1
3442 208
0
0
1
3443 126
1
3444 64
1
3445 237
0
0
1
3446 78
1
3447 178
1
3448 26
1
3449 234
0
1
3450 131
1
3451 44
1
3452 8
1
3453 216
1
3454 70
0
0
1
3455 133
1
3456 141
1
3457 203
0
1
3458 30
1
3459 61
1
3460 238
0
0
1
3461 121
0
0
1
3462 221
1
3463 189
1
3464 96
1
3465 205
0
1
3466 216
1
3467 108
0
1
3468 146
1
3469 166
1
3470 103
0
0
0
1
3471 149
0
0
0
1
3472 153
0
1
3473 29
0
0
0
1
3474 210
0
1
3475 172
0
1
3476 163
0
0
1
3477 104
1
3478 23
0
1
3479 108
0
1
3480 226
1
3481 192
1
3482 230
1
3483 193
1
3484 99
0
1
3485 171
1
3486 86
1
3487 201
1
3488 5
1
3489 190
1
3490 210
0
1
3491 138
1
3492 86
1
3493 8
0
1
3494 13
1
3495 163
0
1
3496 217
0
1
3497 28
1
3498 160
1
3499 189
1
3500 183
1
3501 217
1
3502 236
1
3503 175
1
3504 109
1
3505 76
0
1
3506 12
0
0
0
0
1
3507 187
1
3508 52
1
3509 157
1
3510 46
1
3511 218
1
3512 215
1
3513 116
1
3514 230
0
1
3515 120
0
0
1
3516 134
0
1
3517 31
1
3518 184
1
3519 152
1
3520 189
1
3521 214
0
0
0
1
3522 148
1
3523 208
1
3524 58
0
1
3525 126
0
1
3526 101
1
3527 91
1
3528 31
1
3529 64
1
3530 71
0
0
0
1
3531 127
1
3532 121
1
3533 180
0
0
1
3534 58
1
3535 20
1
3536 176
1
3537 93
1
3538 237
1
3539 195
0
1
3540 140
1
3541 166
0
1
3542 168
1
3543 184
1
3544 185
1
3545 81
0
1
3546 125
1
3547 160
1
3548 159
1
3549 167
0
1
3550 226
1
3551 184
1
3552 62
1
3553 50
1
3554 231
1
3555 107
1
3556 16
0
1
3557 163
1
3558 183
1
3559 93
0
0
1
3560 214
1
3561 197
1
3562 236
1
3563 50
1
3564 200
1
3565 198
0
1
3566 232
1
3567 14
0
0
1
3568 73
1
3569 5
0
0
1
3570 72
1
3571 200
1
3572 30
0
1
3573 174
1
3574 34
1
3575 130
1
3576 195
1
3577 75
0
1
3578 17
1
3579 173
1
3580 107
1
3581 34
1
3582 114
1
3583 49
1
3584 27
1
3585 78
1
3586 155
1
3587 118
1
3588 94
1
3589 71
1
3590 174
0
0
0
1
3591 198
1
3592 165
1
3593 138
1
3594 16
0
0
1
3595 34
0
1
3596 197
0
0
1
3597 193
1
3598 186
0
1
3599 95
1
3600 48
1
3601 144
1
3602 195
1
3603 201
0
1
3604 92
1
3605 210
1
3606 92
1
3607 116
0
1
3608 231
1
3609 192
0
1
3610 185
1
3611 224
1
3612 147
1
3613 179
0
0
1
3614 14
0
1
3615 87
0
1
3616 212
1
3617 192
1
3618 29
1
3619 52
1
3620 128
1
3621 52
0
1
3622 198
1
3623 210
0
1
3624 134
1
3625 67
1
3626 193
0
1
3627 185
0
0
0
0
1
3628 168
0
1
3629 35
1
3630 221
1
3631 140
0
1
3632 57
1
3633 58
0
0
0
0
1
3634 74
1
3635 232
1
3636 129
1
3637 65
0
1
3638 34
0
0
0
1
3639 154
0
1
3640 236
1
3641 167
1
3642 84
0
0
0
1
3643 63
0
0
1
3644 184
1
3645 78
1
3646 176
1
3647 52
0
0
0
1
3648 236
1
3649 132
1
3650 79
0
1
3651 117
0
0
1
3652 7
1
3653 4
1
3654 225
0
0
1
3655 176
1
3656 185
0
1
3657 41
1
3658 45
0
1
3659 109
1
3660 191
1
3661 46
0
0
0
0
0
0
0
0
1
3662 170
1
3663 67
0
0
0
1
3664 24
1
3665 135
1
3666 52
1
3667 152
0
0
0
1
3668 170
0
1
3669 125
1
3670 219
0
0
1
3671 135
1
3672 13
0
1
3673 35
0
1
3674 46
0
0
0
0
0
0
1
3675 186
1
3676 172
1
3677 146
1
3678 234
1
3679 36
0
0
1
3680 71
1
3681 212
1
3682 27
1
3683 74
1
3684 203
0
0
0
0
1
3685 106
1
3686 152
1
3687 194
0
0
0
0
1
3688 24
0
0
0
1
3689 52
1
3690 233
1
3691 204
1
3692 225
0
1
3693 175
0
1
3694 212
0
1
3695 4
0
1
3696 196
0
0
1
3697 103
1
3698 205
0
1
3699 11
0
1
3700 156
1
3701 185
1
3702 55
1
3703 155
1
3704 138
1
3705 70
0
0
0
0
0
1
3706 145
1
3707 46
0
1
3708 35
1
3709 93
0
0
0
1
3710 29
0
1
3711 170
1
3712 141
1
3713 96
0
1
3714 196
0
1
3715 227
1
3716 142
0
1
3717 95
0
1
3718 20
1
3719 157
0
1
3720 34
1
3721 85
1
3722 86
1
3723 179
1
3724 94
1
3725 88
0
0
1
3726 56
1
3727 141
0
0
1
3728 138
1
3729 195
1
3730 172
0
1
3731 125
0
1
3732 132
1
3733 150
0
0
0
0
1
3734 72
1
3735 145
1
3736 150
1
3737 134
1
3738 51
0
0
0
0
1
3739 72
1
3740 94
1
3741 51
0
0
0
0
0
1
3742 78
1
3743 228
0
1
3744 94
1
3745 236
0
1
3746 187
0
1
3747 73
0
1
3748 62
1
3749 180
0
1
3750 97
0
0
0
1
3751 176
0
1
3752 209
1
3753 73
0
0
1
3754 19
1
3755 190
0
0
1
3756 153
1
3757 95
1
3758 172
0
1
3759 31
0
1
3760 47
1
3761 89
1
3762 90
1
3763 65
1
3764 146
1
3765 54
0
1
3766 234
1
3767 195
0
1
3768 52
1
3769 109
0
1
3770 211
1
3771 124
0
1
3772 110
1
3773 28
1
3774 179
0
1
3775 137
1
3776 34
0
0
1
3777 177
1
3778 225
1
3779 2
0
1
3780 91
1
3781 186
1
3782 235
1
3783 27
0
0
1
3784 39
1
3785 77
1
3786 169
0
0
1
3787 233
1
3788 207
1
3789 55
1
3790 17
0
0
0
0
1
3791 103
0
1
3792 8
0
1
3793 24
1
3794 31
0
0
1
3795 86
0
1
3796 230
0
1
3797 111
0
1
3798 66
0
1
3799 26
0
1
3800 179
0
0
1
3801 24
1
3802 230
0
1
3803 41
0
0
1
3804 92
1
3805 96
0
1
3806 128
0
1
3807 217
0
0
0
0
1
3808 202
1
3809 227
0
1
3810 70
0
1
3811 198
0
1
3812 199
0
0
0
0
0
1
3813 42
0
0
0
0
0
0
0
0
1
3814 41
1
3815 202
0
0
1
3816 96
0
0
0
1
3817 105
0
0
1
3818 238
0
1
3819 102
0
0
0
0
1
3820 225
0
1
3821 111
1
3822 137
0
0
1
3823 19
1
3824 155
0
0
0
1
3825 45
1
3826 126
1
3827 56
1
3828 201
1
3829 99
1
3830 57
0
1
3831 216
0
0
0
0
0
1
3832 164
1
3833 55
0
0
1
3834 7
1
3835 216
0
1
3836 161
1
3837 199
0
1
3838 22
1
3839 204
0
1
3840 233
0
0
1
3841 169
0
0
0
1
3842 164
1
3843 220
1
3844 46
1
3845 11
0
1
3846 160
1
3847 170
1
3848 65
0
1
3849 215
1
3850 195
0
1
3851 31
1
3852 84
0
0
0
0
0
0
0
1
3853 146
0
0
0
1
3854 181
0
1
3855 133
0
1
3856 89
1
3857 158
1
3858 37
0
0
0
0
0
1
3859 180
1
3860 149
0
0
1
3861 167
0
0
1
3862 230
1
3863 197
0
0
1
3864 132
1
3865 229
1
3866 226
1
3867 59
0
1
3868 41
0
0
0
0
1
3869 29
1
3870 156
1
3871 36
1
3872 94
1
3873 230
1
3874 168
0
0
1
3875 27
0
0
1
3876 62
1
3877 34
1
3878 127
0
1
3879 174
0
0
0
0
1
3880 84
0
0
0
1
3881 137
0
1
3882 144
1
3883 149
0
1
3884 183
1
3885 146
0
1
3886 139
0
0
1
3887 21
0
0
1
3888 120
1
3889 16
1
3890 168
0
0
1
3891 237
1
3892 105
0
0
1
3893 146
0
0
1
3894 29
0
1
3895 96
1
3896 173
0
1
3897 14
1
3898 85
0
0
0
0
0
1
3899 162
1
3900 153
1
3901 88
0
0
1
3902 94
1
3903 170
0
0
1
3904 4
1
3905 62
0
0
1
3906 222
1
3907 156
0
0
0
0
1
3908 77
0
0
0
0
0
0
1
3909 120
1
3910 87
0
0
1
3911 155
1
3912 43
1
3913 97
1
3914 86
0
0
1
3915 71
0
0
1
3916 28
1
3917 114
1
3918 226
0
0
0
1
3919 172
1
3920 22
0
0
1
3921 160
0
0
0
0
1
3922 172
1
3923 237
0
1
3924 65
0
0
1
3925 108
0
1
3926 195
0
1
3927 48
0
0
0
1
3928 34
1
3929 92
0
1
3930 211
0
1
3931 227
1
3932 188
1
3933 212
0
1
3934 194
0
1
3935 134
1
3936 10
0
1
3937 62
0
1
3938 115
0
1
3939 20
0
1
3940 156
0
1
3941 16
0
1
3942 232
1
3943 220
0
1
3944 179
1
3945 158
0
1
3946 206
1
3947 234
1
3948 209
1
3949 184
0
1
3950 208
0
1
3951 36
0
1
3952 144
0
1
3953 148
0
0
1
3954 210
1
3955 56
0
0
0
0
0
1
3956 64
0
0
1
3957 210
1
3958 119
0
1
3959 159
1
3960 53
1
3961 217
1
3962 28
1
3963 186
0
1
3964 137
1
3965 57
1
3966 127
0
0
0
0
1
3967 26
1
3968 11
1
3969 206
0
1
3970 170
1
3971 12
1
3972 105
1
3973 228
1
3974 195
0
0
1
3975 91
1
3976 153
1
3977 215
1
3978 120
1
3979 186
1
3980 174
1
3981 52
1
3982 160
0
1
3983 174
0
1
3984 72
1
3985 225
1
3986 16
0
1
3987 200
0
1
3988 7
1
3989 115
1
3990 177
0
0
1
3991 106
0
0
1
3992 158
0
1
3993 131
1
3994 170
0
0
1
3995 167
1
3996 14
0
1
3997 220
0
0
1
3998 136
1
3999 175
1
4000 131
1
4001 24
0
1
4002 50
0
1
4003 221
1
4004 11
0
0
1
4005 145
0
0
1
4006 206
0
0
0
0
1
4007 194
0
1
4008 141
1
4009 29
1
4010 205
1
4011 88
1
4012 212
1
4013 49
1
4014 52
1
4015 38
0
0
0
1
4016 118
0
0
0
0
0
1
4017 165
1
4018 89
1
4019 231
0
1
4020 153
1
4021 213
0
0
1
4022 216
0
0
1
4023 90
1
4024 143
1
4025 228
0
1
4026 48
1
4027 61
1
4028 165
0
0
0
0
1
4029 11
0
0
0
0
0
0
0
0
0
0
0
1
4030 177
1
4031 227
0
0
0
1
4032 175
1
4033 52
1
4034 203
0
0
1
4035 175
1
4036 198
1
4037 159
1
4038 225
0
1
4039 178
0
1
4040 105
1
4041 24
0
0
1
4042 170
1
4043 82
0
0
0
0
0
0
0
1
4044 82
1
4045 150
0
0
1
4046 238
0
0
0
0
0
0
1
4047 105
0
1
4048 190
1
4049 149
0
1
4050 229
1
4051 23
1
4052 143
1
4053 191
0
0
0
0
1
4054 134
0
0
0
1
4055 34
0
0
0
0
0
1
4056 50
1
4057 230
1
4058 221
0
1
4059 58
0
0
0
1
4060 36
1
4061 71
0
1
4062 104
0
0
1
4063 81
0
1
4064 4
0
1
4065 201
1
4066 74
1
4067 156
0
0
1
4068 212
1
4069 50
1
4070 102
0
1
4071 5
0
0
0
1
4072 142
0
1
4073 102
0
1
4074 11
0
1
4075 160
0
0
0
1
4076 114
1
4077 140
0
0
1
4078 161
1
4079 56
1
4080 165
0
1
4081 55
1
4082 100
0
0
0
1
4083 45
0
1
4084 157
0
0
1
4085 149
1
4086 113
1
4087 72
0
1
4088 59
0
1
4089 87
0
0
1
4090 26
0
0
1
4091 147
0
1
4092 137
0
0
1
4093 151
1
4094 238
1
4095 165
0
1
4096 153
0
0
1
4097 146
0
0
0
1
4098 185
0
1
4099 36
1
4100 92
0
1
4101 88
1
4102 101
0
0
0
0
1
4103 63
0
1
4104 105
0
1
4105 100
1
4106 10
1
4107 68
1
4108 33
0
1
4109 60
0
1
4110 34
0
0
0
1
4111 182
0
1
4112 97
0
0
1
4113 220
1
4114 46
0
0
1
4115 170
1
4116 226
1
4117 57
0
1
4118 204
1
4119 226
0
1
4120 74
1
4121 22
0
0
1
4122 107
1
4123 195
0
0
0
1
4124 189
0
1
4125 6
1
4126 34
0
0
0
0
0
1
4127 133
0
0
0
1
4128 19
1
4129 66
1
4130 18
0
0
0
0
1
4131 223
0
1
4132 62
1
4133 219
0
0
1
4134 46
0
1
4135 236
0
1
4136 209
1
4137 72
1
4138 215
0
0
0
0
1
4139 70
1
4140 27
1
4141 113
0
1
4142 232
1
4143 185
1
4144 7
0
1
4145 193
0
1
4146 207
0
0
0
0
1
4147 43
1
4148 8
0
1
4149 24
0
1
4150 236
1
4151 2
0
1
4152 183
1
4153 178
0
1
4154 95
1
4155 207
0
1
4156 74
1
4157 232
0
0
0
1
4158 190
0
0
1
4159 152
1
4160 170
1
4161 144
0
0
0
0
0
0
1
4162 221
0
0
1
4163 64
0
0
1
4164 16
0
0
0
0
0
1
4165 232
0
1
4166 101
0
0
0
0
1
4167 30
0
1
4168 107
1
4169 19
0
0
0
1
4170 4
0
0
1
4171 142
1
4172 62
1
4173 123
1
4174 96
0
0
0
0
1
4175 72
0
1
4176 37
1
4177 116
1
4178 171
1
4179 171
0
1
4180 47
0
1
4181 153
0
0
1
4182 18
1
4183 59
1
4184 195
0
0
0
1
4185 34
0
0
0
0
1
4186 231
1
4187 131
1
4188 83
0
0
0
1
4189 11
1
4190 132
0
0
1
4191 89
1
4192 176
1
4193 160
0
1
4194 20
0
0
0
0
1
4195 215
1
4196 68
0
1
4197 63
0
1
4198 210
1
4199 103
0
0
1
4200 139
0
1
4201 181
0
0
0
1
4202 48
0
1
4203 105
0
0
1
4204 215
1
4205 114
0
0
1
4206 117
0
0
1
4207 108
0
1
4208 42
0
0
1
4209 67
1
4210 90
0
0
0
1
4211 24
0
0
1
4212 95
1
4213 73
1
4214 31
0
1
4215 217
0
1
4216 159
1
4217 121
1
4218 149
1
4219 46
1
4220 7
0
1
4221 120
1
4222 153
0
0
1
4223 137
0
0
0
1
4224 120
1
4225 154
0
0
0
0
0
0
0
0
0
1
4226 215
1
4227 197
0
1
4228 22
1
4229 140
0
0
1
4230 80
0
0
1
4231 103
0
0
0
0
0
0
0
0
0
0
0
0
0
0
0
0
1
4232 197
0
1
4233 95
0
0
1
4234 115
0
0
0
0
0
0
1
4235 30
0
0
0
0
1
4236 112
1
4237 107
0
1
4238 14
0
0
0
1
4239 178
1
4240 75
0
1
4241 237
0
0
0
0
0
0
0
0
1
4242 141
1
4243 181
1
4244 159
0
1
4245 46
1
4246 32
1
4247 111
1
4248 11
0
1
4249 183
1
4250 85
0
0
1
4251 51
0
0
0
1
4252 8
1
4253 114
1
4254 148
1
4255 146
0
0
0
1
4256 114
0
0
1
4257 55
0
0
0
1
4258 159
0
0
1
4259 67
0
1
4260 224
0
0
1
4261 59
1
4262 174
1
4263 142
0
0
0
0
0
0
0
0
0
0
1
4264 169
0
0
0
0
1
4265 151
1
4266 166
0
0
0
0
0
1
4267 159
1
4268 10
0
1
4269 226
0
0
0
1
4270 225
0
0
0
0
0
1
4271 169
1
4272 45
1
4273 68
1
4274 14
0
0
1
4275 193
0
0
0
1
4276 225
1
4277 153
0
0
0
1
4278 38
0
1
4279 133
0
1
4280 133
0
1
4281 167
0
1
4282 139
0
1
4283 5
1
4284 199
1
4285 155
0
0
1
4286 145
0
0
0
0
1
4287 5
0
1
4288 213
1
4289 208
0
1
4290 168
1
4291 24
1
4292 92
0
1
4293 34
0
1
4294 145
0
0
0
0
1
4295 38
1
4296 29
0
0
1
4297 127
0
1
4298 22
0
1
4299 80
0
1
4300 174
0
0
0
1
4301 211
0
1
4302 40
0
1
4303 52
1
4304 237
0
0
0
1
4305 82
0
1
4306 42
0
1
4307 112
1
4308 47
0
1
4309 145
0
1
4310 15
0
0
0
0
1
4311 91
0
0
0
0
0
0
1
4312 135
0
1
4313 130
0
1
4314 71
0
1
4315 20
0
1
4316 125
0
1
4317 227
0
1
4318 58
1
4319 120
0
0
0
0
0
0
1
4320 100
0
0
1
4321 45
0
0
0
0
0
0
0
0
0
0
1
4322 233
1
4323 195
0
0
0
0
0
0
0
1
4324 50
0
1
4325 88
0
1
4326 155
0
0
0
0
0
1
4327 149
1
4328 67
0
1
4329 159
0
0
1
4330 172
0
1
4331 50
1
4332 46
0
0
0
1
4333 15
0
0
0
0
0
0
1
4334 111
0
1
4335 55
0
0
1
4336 111
1
4337 76
1
4338 76
0
0
0
1
4339 114
0
1
4340 195
0
1
4341 13
1
4342 233
0
1
4343 46
0
1
4344 37
1
4345 135
0
0
0
0
0
1
4346 15
0
0
0
0
0
0
1
4347 178
0
0
0
0
0
1
4348 195
1
4349 157
0
0
0
0
0
0
1
4350 43
1
4351 145
0
0
0
1
4352 231
1
4353 218
0
0
1
4354 45
0
0
0
0
0
1
4355 225
0
0
0
0
0
1
4356 195
0
1
4357 211
0
1
4358 29
1
4359 65
1
4360 97
0
0
0
0
1
4361 111
1
4362 69
0
1
4363 133
0
0
1
4364 190
0
0
0
0
1
4365 191
0
1
4366 119
1
4367 198
0
1
4368 36
0
0
0
1
4369 53
1
4370 229
0
0
0
1
4371 149
1
4372 111
1
4373 95
0
0
0
0
0
1
4374 138
0
0
0
0
1
4375 236
1
4376 138
0
0
0
0
1
4377 12
0
1
4378 42
0
0
0
1
4379 204
1
4380 137
0
0
0
0
0
0
0
0
1
4381 45
0
0
0
0
0
0
1
4382 49
1
4383 21
1
4384 54
0
1
4385 184
0
1
4386 39
0
0
0
0
1
4387 59
0
0
0
0
0
1
4388 76
0
1
4389 92
1
4390 158
1
4391 43
0
0
0
1
4392 150
0
1
4393 88
0
1
4394 64
0
0
1
4395 233
1
4396 141
0
0
0
1
4397 36
1
4398 217
0
0
0
0
0
0
1
4399 187
0
0
1
4400 68
1
4401 32
1
4402 166
0
1
4403 112
0
0
0
1
4404 187
0
1
4405 66
1
4406 135
1
4407 147
0
1
4408 94
1
4409 147
1
4410 151
0
0
0
0
0
0
1
4411 29
1
4412 190
0
1
4413 160
0
1
4414 24
1
4415 158
0
1
4416 215
1
4417 135
1
4418 175
0
0
1
4419 198
1
4420 29
0
1
4421 13
1
4422 151
1
4423 213
1
4424 183
0
0
0
1
4425 176
0
0
1
4426 153
0
0
0
0
0
0
1
4427 71
0
1
4428 10
0
0
1
4429 114
1
4430 36
0
0
0
0
0
0
0
0
1
4431 204
0
0
0
0
1
4432 8
0
0
1
4433 122
0
1
4434 37
1
4435 14
0
0
0
0
0
1
4436 83
1
4437 59
1
4438 46
0
1
4439 145
0
0
0
0
1
4440 56
0
0
1
4441 12
0
0
0
0
0
0
0
1
4442 16
1
4443 172
0
0
0
0
1
4444 128
1
4445 73
0
0
0
1
4446 165
1
4447 102
1
4448 110
0
0
0
0
1
4449 143
0
0
0
0
0
0
1
4450 198
0
1
4451 119
0
0
0
0
0
0
0
0
1
4452 61
1
4453 69
0
0
0
0
0
0
0
0
0
0
0
0
1
4454 130
1
4455 222
1
4456 237
0
1
4457 71
0
0
0
1
4458 56
0
0
0
0
0
1
4459 236
0
1
4460 88
0
0
0
0
0
0
0
0
0
0
0
0
0
1
4461 136
1
4462 89
1
4463 80
0
0
1
4464 185
0
0
0
0
0
0
0
0
1
4465 67
0
1
4466 223
0
0
0
1
4467 92
0
1
4468 95
1
4469 230
0
0
0
1
4470 131
0
0
0
1
4471 114
0
0
1
4472 24
1
4473 109
0
0
0
0
0
0
1
4474 107
0
0
0
0
0
0
1
4475 226
0
1
4476 214
0
0
0
0
0
0
0
0
1
4477 135
0
1
4478 184
0
1
4479 25
0
1
4480 8
0
0
0
0
0
0
1
4481 15
1
4482 31
0
0
1
4483 99
1
4484 186
0
0
0
0
0
0
0
1
4485 147
1
4486 182
0
1
4487 48
0
0
0
1
4488 67
0
0
0
0
0
1
4489 29
1
4490 215
1
4491 166
1
4492 145
0
1
4493 194
0
0
0
1
4494 217
1
4495 163
0
0
0
1
4496 61
0
1
4497 8
0
0
1
4498 39
0
0
0
0
0
1
4499 10
0
1
4500 188
1
4501 95
1
4502 11
0
0
1
4503 62
0
0
1
4504 120
0
1
4505 104
1
4506 75
0
1
4507 165
0
0
0
1
4508 157
0
0
1
4509 159
0
1
4510 17
0
1
4511 202
0
1
4512 33
0
0
1
4513 174
0
0
1
4514 83
0
0
1
4515 175
0
0
1
4516 59
0
0
1
4517 25
0
0
0
0
1
4518 53
0
1
4519 24
0
0
1
4520 96
0
1
4521 96
1
4522 29
1
4523 12
1
4524 78
0
1
4525 74
0
0
0
0
0
0
0
1
4526 103
0
0
0
0
0
0
0
1
4527 177
0
1
4528 15
0
1
4529 85
0
0
0
0
0
0
0
1
4530 189
1
4531 236
0
0
0
1
4532 197
1
4533 142
0
0
0
1
4534 228
0
1
4535 19
0
1
4536 165
0
0
0
0
0
0
0
1
4537 198
0
1
4538 108
0
0
0
1
4539 14
0
0
0
1
4540 16
0
0
0
0
1
4541 190
0
1
4542 41
0
0
0
0
0
0
0
0
0
0
0
0
0
1
4543 94
1
4544 42
0
0
1
4545 45
0
0
1
4546 93
1
4547 58
1
4548 34
0
0
0
0
0
1
4549 196
0
1
4550 122
0
1
4551 161
1
4552 49
0
0
0
0
0
0
1
4553 120
1
4554 214
1
4555 56
0
1
4556 24
0
1
4557 113
0
0
0
1
4558 34
0
0
1
4559 25
0
0
0
0
0
0
0
0
1
4560 116
0
0
0
0
0
0
0
0
0
0
0
0
0
0
1
4561 212
0
0
0
0
0
0
0
0
1
4562 126
0
1
4563 230
0
0
0
0
1
4564 153
1
4565 151
0
1
4566 104
1
4567 195
0
0
0
1
4568 115
0
0
0
1
4569 49
1
4570 51
0
0
1
4571 235
0
0
1
4572 140
0
0
0
1
4573 54
0
0
0
0
0
0
0
1
4574 63
0
0
0
0
0
0
0
0
0
0
0
0
1
4575 46
0
0
0
0
0
0
0
0
0
0
0
0
1
4576 29
0
1
4577 8
0
1
4578 71
0
0
0
0
0
0
0
0
0
0
0
1
4579 85
0
0
0
0
0
0
1
4580 58
1
4581 185
0
0
1
4582 76
0
0
1
4583 40
1
4584 181
0
0
1
4585 66
0
0
0
0
1
4586 62
0
0
0
0
0
0
0
0
0
0
0
0
0
0
0
0
1
4587 102
0
0
0
0
0
0
0
0
0
0
0
0
0
0
0
1
4588 46
0
0
0
0
1
4589 29
0
0
0
0
0
1
4590 149
0
0
0
0
0
0
0
0
1
4591 86
0
0
0
0
0
0
1
4592 34
1
4593 121
0
0
0
0
1
4594 207
1
4595 90
0
1
4596 13
0
0
0
1
4597 72
0
1
4598 13
0
0
0
0
0
0
0
0
0
0
1
4599 150
0
0
0
0
0
1
4600 122
0
0
0
0
0
0
1
4601 70
0
0
0
0
1
4602 48
0
0
1
4603 226
0
0
0
0
1
4604 5
0
0
0
0
0
0
0
1
4605 11
0
0
1
4606 46
0
0
1
4607 42
0
1
4608 130
0
1
4609 137
0
0
0
0
0
0
0
0
1
4610 138
1
4611 4
0
1
4612 140
0
1
4613 189
0
1
4614 24
0
0
0
0
0
0
1
4615 23
1
4616 69
1
4617 236
0
0
0
0
0
1
4618 13
0
0
0
1
4619 192
0
0
1
4620 42
0
0
0
0
1
4621 129
0
0
0
0
0
0
0
0
0
0
1
4622 14
0
0
0
0
0
0
1
4623 110
0
1
4624 191
0
0
0
0
0
1
4625 237
0
0
0
0
0
1
4626 89
1
4627 37
0
0
0
0
0
0
0
0
1
4628 7
0
1
4629 111
1
4630 45
0
1
4631 70
0
0
0
0
1
4632 190
0
0
0
0
0
0
0
0
0
0
0
1
4633 219
0
0
0
0
1
4634 144
1
4635 58
1
4636 160
1
4637 33
0
0
0
0
0
0
0
0
0
0
1
4638 11
0
1
4639 220
0
0
1
4640 146
0
1
4641 174
0
0
0
0
0
0
1
4642 96
0
0
0
0
0
1
4643 138
0
1
4644 145
0
0
1
4645 110
0
0
0
0
0
0
0
0
0
0
1
4646 98
0
0
0
0
0
0
1
4647 29
0
0
0
0
0
0
0
0
0
0
0
0
0
0
0
0
0
1
4648 133
0
0
0
0
0
0
0
0
0
0
0
1
4649 33
0
0
0
0
0
0
0
1
4650 169
0
0
1
4651 42
0
0
0
0
0
0
0
0
0
1
4652 86
0
0
1
4653 132
0
0
0
0
0
0
0
0
0
0
0
0
0
0
0
0
0
0
0
0
0
1
4654 76
1
4655 151
0
0
0
0
0
0
0
0
1
4656 55
0
0
0
0
0
0
0
1
4657 189
0
1
4658 193
0
0
0
0
0
0
0
0
0
1
4659 60
0
1
4660 195
0
1
4661 37
0
1
4662 41
0
0
1
4663 153
0
1
4664 158
0
1
4665 236
0
0
0
0
0
0
1
4666 25
0
0
0
1
4667 144
0
0
0
0
1
4668 148
0
0
1
4669 45
1
4670 184
0
0
0
0
0
0
0
0
1
4671 118
0
1
4672 217
0
0
0
0
0
0
1
4673 119
0
0
0
0
0
0
1
4674 199
0
1
4675 73
1
4676 57
0
0
1
4677 108
0
0
0
0
0
0
1
4678 224
0
0
0
0
0
1
4679 130
0
0
0
0
0
1
4680 109
1
4681 26
0
0
1
4682 156
1
4683 199
0
1
4684 34
0
0
0
0
0
0
0
0
0
0
1
4685 162
0
0
0
1
4686 125
0
1
4687 67
0
0
1
4688 13
0
0
0
0
0
1
4689 42
0
0
1
4690 15
1
4691 112
0
0
0
1
4692 199
0
0
0
0
0
0
0
0
0
0
1
4693 209
0
0
0
0
0
0
0
0
0
0
0
0
0
0
0
0
1
4694 139
0
1
4695 228
0
0
0
0
0
0
1
4696 193
0
0
0
0
0
0
0
0
0
0
1
4697 37
0
0
0
0
0
0
0
0
0
0
0
0
0
0
0
0
0
1
4698 204
0
0
0
0
0
0
0
0
0
0
1
4699 147
0
0
0
0
1
4700 214
0
0
0
0
1
4701 171
0
0
1
4702 154
0
0
1
4703 49
0
0
1
4704 32
0
0
0
0
0
0
0
0
0
1
4705 88
0
0
0
1
4706 156
1
4707 94
0
0
0
0
1
4708 105
0
0
0
0
1
4709 130
0
0
0
0
0
0
0
0
0
0
0
0
0
0
0
0
0
0
1
4710 224
1
4711 83
0
0
0
0
0
1
4712 176
1
4713 178
0
0
1
4714 101
1
4715 236
0
0
0
0
1
4716 88
1
4717 92
0
0
0
0
0
0
0
1
4718 5
0
0
0
0
0
0
0
0
0
0
1
4719 197
0
0
0
0
0
0
1
4720 121
0
0
0
0
0
0
0
1
4721 178
0
0
1
4722 46
1
4723 4
0
0
1
4724 67
0
0
0
0
1
4725 89
0
0
0
0
0
0
1
4726 108
0
1
4727 131
0
0
0
0
0
0
0
0
0
0
0
0
0
0
0
0
0
0
0
0
0
0
0
0
0
0
0
0
0
0
1
4728 182
0
0
0
0
0
0
0
0
1
4729 143
0
0
0
0
0
0
0
0
1
4730 20
0
0
0
0
0
0
1
4731 150
0
0
0
1
4732 8
1
4733 137
0
0
0
0
0
0
0
0
0
0
1
4734 28
1
4735 113
0
0
0
1
4736 219
0
0
0
0
0
0
0
0
0
0
0
0
0
0
0
1
4737 96
0
0
0
0
0
0
0
0
0
0
0
0
0
1
4738 200
0
0
0
1
4739 34
0
0
0
0
0
0
0
0
0
0
0
0
0
1
4740 81
0
0
0
0
0
0
0
0
0
0
0
0
0
0
0
0
0
0
1
4741 236
0
0
1
4742 17
0
0
0
0
0
1
4743 30
0
0
0
0
0
0
0
0
0
0
0
0
0
0
0
0
0
0
0
0
0
0
0
0
0
0
0
0
1
4744 103
1
4745 126
0
1
4746 190
0
0
0
0
0
0
0
1
4747 94
0
0
0
0
0
0
0
0
0
0
0
1
4748 226
0
1
4749 130
0
0
0
0
0
0
0
0
0
0
0
0
0
0
0
0
1
4750 112
0
0
0
1
4751 17
0
0
0
0
0
0
0
0
0
1
4752 6
0
0
0
0
0
0
0
0
0
0
0
0
0
0
0
0
1
4753 110
0
0
0
1
4754 43
0
1
4755 74
0
0
0
0
0
0
0
0
1
4756 167
0
0
1
4757 67
0
0
1
4758 46
0
0
0
0
0
0
0
0
0
1
4759 34
1
4760 16
0
0
0
0
0
0
0
0
0
0
0
0
0
0
0
0
0
0
0
0
0
0
0
0
0
0
0
0
0
0
0
0
0
0
0
0
0
1
4761 45
0
0
0
0
0
0
0
0
1
4762 86
0
0
1
4763 43
0
1
4764 190
0
0
0
0
0
0
0
0
1
4765 79
0
0
1
4766 146
0
1
4767 199
1
4768 210
0
0
0
1
4769 8
0
0
0
0
0
0
0
0
0
1
4770 45
0
0
0
0
0
0
0
0
0
0
0
0
0
1
4771 120
0
0
0
0
0
0
0
0
0
1
4772 69
0
0
0
0
0
0
1
4773 135
0
0
0
0
0
0
0
0
0
0
0
0
0
1
4774 43
0
1
4775 152
0
0
0
0
0
0
0
1
4776 115
0
1
4777 187
0
0
0
0
1
4778 67
0
0
0
0
0
0
0
0
0
0
0
0
0
0
0
0
0
0
0
0
0
0
0
0
0
0
0
0
0
0
0
0
0
0
1
4779 97
0
0
0
0
0
0
0
0
0
0
0
0
0
0
0
0
1
4780 36
0
0
1
4781 86
0
0
1
4782 237
0
0
0
0
0
0
0
0
0
0
0
0
0
0
0
0
0
1
4783 99
0
0
0
0
0
0
1
4784 186
0
0
0
0
0
0
0
0
0
0
0
0
0
0
0
0
0
0
0
1
4785 75
0
0
0
0
0
0
0
0
0
0
0
0
0
0
0
0
0
0
0
0
0
0
0
0
0
0
0
1
4786 182
0
0
0
0
0
0
0
0
0
0
0
0
0
0
1
4787 102
0
0
0
0
0
1
4788 123
0
0
0
0
0
0
0
0
0
0
0
1
4789 40
0
0
0
0
0
0
0
0
1
4790 8
1
4791 25
0
0
0
0
0
0
0
0
0
0
0
0
0
0
0
0
0
0
0
0
0
0
0
0
0
0
0
0
0
0
0
0
0
1
4792 156
0
0
0
0
0
0
0
0
0
0
0
0
0
0
0
0
0
0
0
0
0
0
0
0
0
0
0
1
4793 225
0
0
0
0
0
0
1
4794 102
0
0
0
0
0
0
0
0
0
0
0
0
0
0
0
0
0
0
0
0
0
0
0
0
1
4795 12
0
0
0
0
0
0
0
0
0
0
0
0
0
0
0
0
0
0
0
0
0
0
0
0
0
0
0
1
4796 109
0
0
0
0
0
1
4797 40
1
4798 217
1
4799 237
0
0
1
4800 225
0
0
0
0
0
0
0
0
1
4801 32
0
0
0
0
0
0
0
0
0
0
0
0
0
0
0
0
0
0
1
4802 12
0
0
0
0
0
0
0
0
1
4803 155
0
0
0
0
0
0
0
0
0
0
1
4804 190
0
0
0
0
0
0
0
0
0
1
4805 95
0
0
0
0
0
0
0
0
0
0
0
0
0
0
0
0
0
0
0
0
0
0
0
1
4806 195
0
0
0
0
0
0
0
0
0
0
0
0
0
0
0
0
0
0
0
0
0
0
0
0
0
0
0
0
0
0
0
0
0
0
0
0
0
0
0
0
0
0
0
0
0
0
0
0
0
0
0
1
4807 92
0
0
0
0
0
0
0
1
4808 177
0
0
0
0
0
0
0
0
0
0
0
0
0
0
0
0
0
0
0
0
0
0
0
0
0
0
0
0
0
0
0
0
0
0
0
0
0
0
0
0
0
1
4809 19
0
0
0
0
0
0
0
0
0
0
0
0
0
0
0
0
0
0
0
0
0
0
0
0
0
0
0
0
0
0
0
0
0
0
0
0
0
0
0
1
4810 167
0
0
0
0
0
1
4811 97
0
0
0
0
0
0
0
0
0
0
0
0
0
0
0
0
0
0
0
0
0
0
0
0
0
0
0
0
0
0
0
0
0
0
0
0
0
0
0
0
0
0
0
0
0
0
0
0
0
0
0
0
0
0
0
0
0
0
0
0
0
0
0
0
0
0
0
0
0
0
0
0
0
0
0
0
0
0
0
0
0
0
0
0
0
0
0
0
0
0
0
0
0
0
0
0
0
0
0
0
0
0
0
0
0
0
0
0
0
0
0
0
0
0
0
0
0
0
0
0
0
0
0
0
0
0
0
0
0
0
0
0
0
0
0
0
0
0
0
0
0
0
0
0
0
0
0
0
0
0
0
0
0
0
0
0
0
0
0
0
0
0
0
0
0
0
0
0
0
0
0
0
0
0
0
0
0
0
0
0
0
0
0
0
0
0
0
0
0
0
0
0
0
0
0
0
0
0
0
0
0
0
0
0
0
0
0
0
0
0
0
0
0
0
0
0
0
0
0
0
0
0
0
0
0
0
0
0
0
0
0
0
0
0
0
0
0
0
0
0
0
0
0
0
0
0
0
0
0
0
0
0
0
0
0
0
0
0
0
0
0
0
0
0
0
0
0
0
0
0
0
0
0
0
0
0
0
0
0
0
0
0
0
0
0
0
0
0
0
0
0
0
0
0
0
0
0
0
0
0
0
0
0
0
0
0
0
0
0
0
0
0
0
0
0
0
0
0
0
0
0
0
0
0
0
0
0
0
0
0
0
0
0
0
0
0
0
0
0
0
0
0
0
0
0
0
0
0
0
0
0
0
0
0
0
0
0
0
0
0
0
0
0
0
0
0
0
0
0
0
0
0
0
0
0
0
0
0
0
0
0
0
0
0
0
0
0
0
0
0
0
0
0
0
0
0
0
0
0
0
0
0
0
0
0
0
0
0
0
0
0
0
0
0
0
0
0
0
0
0
0
0
0
0
0
0
0
0
0
0
0
0
0
0
0
0
0
0
0
0
0
0
0
0
0
0
0
0
0
0
0
0
0
0
0
0
0
0
0
0
0
0
0
0
0
0
0
0
0
0
0
0
0
0
0
0
0
0
0
0
0
0
0
0
0
0
0
0
0
0
0
0
0
0
0
0
0
0
0
0
0
0
0
0
0
0
0
0
0
0
0
0
0
0
0
0
0
0
0
0
0
0
0
0
0
0
0
0
0
0
0
0
0
0
0
0
0
0
0
0
0
0
0
0
0
0
0
0
0
0
0
0
0
0
0
0
0
0
0
0
0
0
0
0
0
0
0
0
0
0
0
0
0
0
0
0
0
0
0
0
0
0
0
0
0
0
0
0
0
0
0
0
0
0
0
0
0
0
0
0
0
0
0
