227 400
22 71 3
215 74 4
199 198 3
119 148 2
141 130 4
169 168 4
216 175 4
219 15 5
225 156 3
178 225 4
159 209 5
32 28 5
99 215 4
217 105 4
7 71 4
190 80 3
90 18 5
4 142 3
33 96 4
187 42 3
170 61 3
179 18 4
132 154 3
84 136 4
110 190 3
145 36 2
143 11 3
9 165 3
204 115 3
174 62 4
25 40 3
184 188 4
178 122 3
134 152 4
152 124 2
93 34 6
171 153 5
197 220 2
198 178 4
70 94 2
30 149 3
208 98 3
26 47 5
180 25 3
180 67 4
24 188 3
137 202 4
85 29 3
214 159 3
111 174 3
120 8 3
159 201 3
218 70 3
127 146 4
21 124 4
226 153 3
15 226 3
54 48 4
170 185 3
89 54 4
68 160 3
88 183 3
37 56 5
84 71 4
148 56 4
47 58 3
155 135 3
131 168 3
134 137 4
43 222 4
181 51 5
158 52 3
157 29 4
92 177 3
68 114 4
140 6 4
63 24 3
15 171 4
63 188 4
33 73 5
159 108 3
65 69 4
189 201 3
90 182 3
114 101 3
139 219 4
162 122 2
192 110 2
217 194 4
147 155 3
53 10 4
180 40 2
153 97 3
143 124 3
221 78 3
45 186 3
49 83 3
211 203 4
93 45 2
218 46 3
146 162 4
202 156 4
112 210 3
117 129 3
3 106 3
4 1 4
9 3 4
5 135 3
119 48 4
136 51 3
83 19 4
50 215 3
11 28 3
165 39 5
227 3 5
121 144 3
166 40 3
105 177 2
78 224 3
178 34 3
222 75 3
81 203 2
133 91 3
86 101 3
58 74 2
158 205 3
22 200 4
68 89 5
123 52 5
2 187 6
117 50 4
60 17 4
191 57 4
166 102 3
169 196 3
17 140 3
67 214 5
69 188 3
118 55 3
61 117 3
181 116 4
72 131 3
223 17 4
79 44 4
222 81 3
26 58 2
221 8 3
5 60 2
104 197 4
103 226 4
33 224 2
146 186 4
113 127 4
40 100 3
57 185 3
141 128 3
91 92 3
213 147 3
36 161 4
108 201 5
83 4 5
5 176 5
86 181 3
200 7 4
172 79 2
123 100 3
66 145 5
184 189 4
88 149 2
19 104 4
44 131 2
166 63 4
161 14 3
20 70 3
202 225 2
112 121 3
130 29 4
62 227 3
33 167 3
25 100 2
21 137 4
206 203 4
1 115 2
186 113 3
19 49 3
52 2 4
195 205 4
103 125 2
59 49 5
78 181 3
14 216 3
56 75 3
12 76 4
137 98 3
207 55 3
65 150 4
44 72 4
85 141 2
35 99 3
81 10 3
16 197 4
118 88 3
87 179 4
173 176 4
53 140 5
179 23 3
42 207 3
2 58 3
220 16 3
192 196 3
133 51 3
62 182 3
28 64 3
95 68 4
215 129 3
23 126 3
160 114 4
23 32 2
191 36 2
41 201 4
158 99 3
60 155 2
148 73 3
195 126 4
31 51 4
93 156 5
21 143 4
123 166 4
30 183 2
169 1 4
147 168 3
154 69 2
163 207 4
154 150 4
108 63 3
192 57 3
210 122 4
194 199 5
105 71 4
31 92 3
131 110 5
170 117 3
32 87 3
126 99 5
133 92 3
128 139 2
93 9 4
213 49 3
105 84 3
164 118 2
107 61 3
151 109 3
223 53 2
46 194 1
39 156 4
107 64 2
177 136 3
165 227 3
149 47 3
13 81 5
136 31 2
96 73 3
54 119 3
216 134 4
205 132 2
109 101 4
97 164 2
129 50 3
77 158 2
47 183 2
77 102 3
115 196 3
154 212 4
192 169 4
22 101 4
193 59 2
16 125 3
182 12 5
167 37 4
209 67 1
48 95 3
25 163 4
209 41 4
134 20 3
97 55 4
44 82 3
107 50 3
30 88 3
14 66 3
173 193 2
221 116 3
157 193 3
213 135 4
212 77 3
46 199 3
152 175 2
9 45 4
35 126 3
187 163 3
145 80 4
13 206 3
34 186 3
224 167 3
106 45 3
211 13 2
82 72 4
41 214 4
90 87 4
129 138 4
80 8 3
42 55 4
30 38 4
120 221 4
123 2 3
151 160 2
200 109 4
198 210 3
195 132 3
220 164 4
135 173 3
115 4 4
87 12 4
75 37 3
14 20 3
143 111 3
73 37 3
16 103 2
57 170 5
10 206 3
38 142 3
35 64 4
189 108 3
210 144 2
208 27 4
204 138 3
205 77 2
193 29 3
226 157 4
84 22 3
132 212 4
66 36 3
6 130 2
102 52 5
148 95 4
5 155 3
144 112 1
213 83 3
55 164 4
219 157 3
106 113 3
7 217 4
197 125 2
172 10 3
89 48 2
190 120 3
211 116 3
74 26 3
102 24 3
65 184 4
76 32 4
6 176 4
31 133 4
175 161 5
18 150 4
202 21 3
43 56 3
111 39 3
191 61 3
139 85 3
168 79 4
121 27 3
85 128 3
211 82 4
34 162 5
144 208 5
177 218 5
59 135 3
46 121 5
75 43 4
142 104 5
54 95 3
116 224 3
172 223 4
191 145 3
204 142 4
204 38 4
151 114 3
112 208 3
20 91 3
69 212 2
185 196 2
27 218 3
27 94 3
118 42 3
153 103 5
11 76 4
98 94 5
96 86 3
38 138 3
165 174 3
10000
0
0
0
0
0
0
0
0
0
0
0
0
0
0
0
0
0
0
0
0
0
1
1 15
0
0
0
0
0
0
0
0
0
0
0
0
0
0
0
0
0
0
0
0
0
0
0
0
0
0
0
0
0
0
0
0
0
0
0
0
0
0
0
0
0
0
0
0
0
0
0
0
0
0
0
0
0
0
0
0
0
0
0
0
0
0
0
0
0
0
0
0
0
0
0
0
0
0
0
0
0
0
0
0
0
0
0
0
0
0
0
0
0
0
0
0
0
0
0
0
0
0
0
0
0
0
0
0
0
0
0
0
0
0
0
0
0
0
0
0
0
0
0
0
0
0
0
0
0
0
0
0
0
0
0
0
0
0
0
0
0
0
0
0
0
0
0
0
0
0
0
0
0
1
2 213
0
0
0
0
0
0
0
0
0
0
0
0
0
0
0
0
0
0
0
0
0
0
0
0
0
0
0
0
0
0
0
0
0
0
0
0
0
0
0
0
0
0
0
0
0
0
0
0
0
0
0
0
0
0
0
0
0
0
0
0
0
0
0
0
0
0
0
0
0
0
0
0
0
0
0
0
0
0
0
0
0
0
0
0
0
0
0
0
1
3 215
0
0
1
4 51
0
0
0
0
0
0
0
0
0
1
5 127
0
0
0
0
0
0
0
0
0
0
0
0
0
0
0
0
0
0
0
0
0
0
0
0
0
0
0
0
0
0
0
0
0
0
0
0
0
0
0
0
0
0
1
6 11
0
0
0
0
0
0
0
0
0
0
0
0
0
0
0
0
0
0
0
0
0
0
0
0
0
0
0
1
7 98
0
0
0
0
0
0
0
0
0
0
0
0
0
0
1
8 137
0
0
0
0
0
0
0
0
0
0
0
0
1
9 120
0
0
1
10 113
0
0
0
0
0
0
0
0
0
0
0
0
0
0
0
0
0
0
0
0
0
0
0
0
0
0
0
0
0
0
0
0
0
0
0
0
0
0
0
0
0
0
0
0
0
0
0
0
0
0
0
0
0
0
0
0
0
0
0
0
0
0
0
0
0
0
0
0
0
0
0
1
11 196
0
0
0
0
0
0
0
0
0
0
0
0
1
12 89
0
0
0
0
0
0
0
0
0
0
1
13 119
0
0
0
0
0
0
0
0
1
14 106
0
0
0
0
0
0
0
0
0
0
0
0
0
1
15 125
0
0
0
0
0
0
0
0
0
0
0
0
0
0
0
0
0
0
1
16 170
1
17 189
0
0
0
0
0
0
0
0
0
0
0
0
0
0
1
18 181
0
0
0
0
0
0
0
0
0
0
0
0
0
0
0
0
0
0
0
0
0
0
1
19 153
0
0
0
0
0
0
0
0
0
0
0
0
1
20 69
0
0
1
21 108
0
0
0
0
0
0
0
0
0
0
0
1
22 85
0
0
0
0
0
0
1
23 127
0
0
0
0
0
0
0
0
0
0
0
0
1
24 181
0
0
0
0
0
0
0
0
0
1
25 85
0
0
0
0
1
26 189
0
0
0
0
0
0
0
0
0
0
0
0
0
0
1
27 48
0
0
0
0
0
1
28 186
0
0
0
0
0
0
0
0
0
0
0
0
0
0
0
0
0
0
0
0
0
0
0
0
0
0
0
0
0
0
0
0
0
0
0
0
0
0
0
0
0
0
0
0
0
0
0
0
0
0
1
29 213
0
0
0
0
0
0
0
0
0
0
0
0
0
0
0
0
1
30 119
0
1
31 11
0
1
32 86
1
33 199
0
0
0
0
0
1
34 61
0
0
1
35 207
1
36 109
0
0
0
0
0
1
37 159
0
0
0
0
0
0
1
38 173
0
0
0
0
0
0
0
0
0
0
1
39 209
0
0
0
0
0
0
0
0
0
0
0
0
0
0
0
0
0
0
0
0
0
0
0
0
0
0
0
0
0
0
0
0
0
0
0
0
0
0
0
0
0
0
0
0
0
0
0
0
0
0
0
0
0
0
0
0
1
40 175
0
0
1
41 117
0
0
1
42 41
0
0
0
0
0
1
43 216
0
0
0
0
0
0
0
1
44 173
0
0
0
0
0
0
0
1
45 32
0
0
0
0
0
0
0
0
0
1
46 31
0
0
0
0
0
0
0
0
0
0
0
0
0
0
1
47 163
1
48 100
0
0
0
0
1
49 11
0
0
0
0
0
0
0
0
0
0
0
1
50 20
1
51 52
0
0
0
0
1
52 66
0
0
0
0
1
53 128
0
0
0
0
0
0
1
54 220
0
0
0
0
0
0
0
0
0
0
0
0
0
0
0
0
0
0
0
0
1
55 170
0
0
0
0
0
0
0
0
0
0
0
1
56 157
0
0
0
0
0
0
0
0
0
0
0
0
0
0
0
1
57 162
0
0
0
0
0
0
0
0
0
0
0
0
0
0
0
0
0
0
0
0
0
0
1
58 202
0
0
0
0
0
1
59 112
0
0
1
60 211
0
0
0
0
0
0
1
61 202
0
0
0
0
0
0
0
1
62 179
1
63 105
0
0
0
0
0
1
64 53
0
0
0
0
0
0
0
0
0
0
0
1
65 72
0
0
0
0
0
0
0
0
1
66 59
0
0
0
0
0
0
0
0
0
0
0
0
0
0
0
0
0
0
0
0
0
0
0
1
67 209
0
1
68 97
0
0
0
0
0
1
69 89
0
0
0
0
0
0
0
0
0
0
0
0
0
0
0
0
0
0
0
0
0
0
0
0
1
70 4
0
1
71 62
0
0
1
72 185
0
0
0
0
1
73 99
0
0
0
0
0
0
1
74 60
0
1
75 121
0
0
0
1
76 161
0
0
0
0
0
0
1
77 113
0
0
0
0
1
78 54
0
0
0
0
0
0
1
79 9
1
80 181
0
0
1
81 3
0
0
0
1
82 61
0
0
1
83 12
0
1
84 39
0
0
1
85 116
0
0
0
0
0
0
0
0
0
1
86 26
1
87 161
1
88 167
0
0
0
0
0
0
0
0
1
89 35
0
0
1
90 76
0
0
0
0
0
0
0
0
1
91 35
0
1
92 160
1
93 34
0
0
0
1
94 106
1
95 107
0
0
1
96 116
1
97 48
1
98 93
1
99 66
0
0
0
0
0
0
0
0
1
100 47
0
0
0
0
1
101 225
0
0
0
0
0
0
0
0
0
0
0
0
0
0
0
1
102 46
0
0
1
103 50
0
1
104 158
0
1
105 11
0
0
1
106 226
0
0
0
1
107 53
0
0
0
0
0
0
0
0
0
0
0
0
0
0
0
0
1
108 66
0
0
1
109 188
0
0
1
110 133
0
1
111 171
0
0
0
0
0
0
0
0
1
112 104
0
0
0
0
0
0
0
1
113 195
0
0
0
0
0
0
1
114 216
1
115 192
0
1
116 187
0
0
0
0
0
1
117 124
1
118 195
0
0
0
0
0
0
0
1
119 36
0
0
0
0
1
120 191
0
0
1
121 148
0
0
0
0
1
122 56
0
1
123 54
0
0
1
124 99
1
125 37
0
0
0
0
0
1
126 214
1
127 35
0
0
0
0
0
0
0
0
0
1
128 36
0
0
1
129 49
0
0
0
0
0
0
0
1
130 135
1
131 211
1
132 98
0
0
0
0
0
1
133 203
1
134 154
0
1
135 61
1
136 211
0
0
1
137 175
1
138 29
0
0
0
0
0
0
0
0
1
139 199
0
0
0
0
0
0
0
0
0
1
140 175
0
0
0
1
141 106
0
0
0
0
0
0
0
0
0
0
0
0
0
0
0
1
142 18
0
0
0
0
0
0
0
0
0
0
0
1
143 166
0
0
1
144 127
1
145 132
0
0
0
1
146 215
0
0
0
1
147 168
0
1
148 2
0
0
0
0
0
0
0
0
1
149 193
0
0
1
150 83
0
0
0
0
1
151 123
0
0
0
0
0
1
152 11
0
0
0
0
0
0
1
153 129
0
0
1
154 102
0
0
0
0
0
0
0
0
1
155 48
1
156 60
0
1
157 28
1
158 143
0
0
0
1
159 32
1
160 178
0
0
0
0
0
0
1
161 197
1
162 98
0
0
0
1
163 59
1
164 46
1
165 65
1
166 50
0
0
0
1
167 77
0
1
168 208
0
0
0
0
0
0
0
0
0
1
169 32
0
1
170 223
1
171 96
0
0
0
1
172 185
0
0
0
1
173 156
0
0
0
1
174 19
0
0
0
0
0
1
175 16
1
176 88
0
1
177 11
0
0
0
1
178 227
0
0
0
0
0
0
0
1
179 24
0
0
0
1
180 65
0
0
0
1
181 110
0
0
1
182 213
0
0
1
183 198
0
0
1
184 170
0
0
1
185 197
0
0
0
0
0
0
0
0
0
0
0
0
1
186 4
0
0
0
0
0
0
0
1
187 76
0
0
0
0
1
188 123
0
0
0
0
1
189 218
0
1
190 109
0
0
0
0
0
0
0
0
0
1
191 22
1
192 40
1
193 40
1
194 152
1
195 219
0
0
0
0
0
0
0
0
0
0
0
1
196 71
0
0
0
1
197 20
0
1
198 124
0
0
0
0
0
0
0
0
0
0
0
0
0
0
0
0
0
0
0
0
1
199 141
0
1
200 97
0
0
0
0
0
1
201 122
1
202 98
0
0
0
1
203 176
0
0
1
204 54
0
1
205 216
0
0
0
0
1
206 117
0
1
207 61
0
0
0
0
0
0
0
0
0
0
0
0
0
0
0
0
0
0
0
0
1
208 189
0
0
0
0
1
209 45
0
1
210 16
0
1
211 3
0
1
212 162
1
213 223
1
214 94
0
0
0
0
0
0
0
0
0
0
1
215 143
0
0
0
0
0
0
0
0
0
0
0
1
216 155
0
0
0
0
0
0
0
0
1
217 107
0
0
1
218 72
0
0
0
0
0
0
0
0
0
0
0
0
0
0
0
1
219 29
0
1
220 78
0
0
0
0
0
0
0
0
0
0
1
221 57
0
0
0
0
0
0
1
222 209
0
0
0
0
0
0
0
1
223 111
0
0
0
0
0
1
224 65
0
1
225 40
0
0
0
0
0
1
226 34
0
0
1
227 19
0
1
228 56
1
229 107
0
0
0
0
0
1
230 86
0
0
0
0
0
1
231 119
0
0
0
0
0
1
232 48
0
0
0
0
0
1
233 202
0
1
234 163
0
0
1
235 137
1
236 63
0
0
0
0
0
1
237 139
0
0
0
0
1
238 128
1
239 78
1
240 95
0
0
0
0
0
0
0
1
241 117
0
0
0
0
0
0
0
1
242 170
0
0
0
0
0
0
1
243 215
1
244 67
0
1
245 192
0
0
1
246 99
0
1
247 220
1
248 6
1
249 97
1
250 36
0
0
0
0
1
251 171
1
252 204
1
253 44
0
0
0
0
0
0
0
0
0
1
254 45
0
0
0
0
1
255 124
0
0
0
1
256 184
0
0
0
0
0
0
1
257 214
0
0
0
1
258 118
0
0
0
1
259 178
0
0
1
260 146
0
1
261 99
0
0
0
1
262 99
0
0
0
0
0
0
0
0
0
0
0
0
1
263 53
0
0
0
0
0
0
0
1
264 67
1
265 170
1
266 69
0
0
0
0
1
267 127
0
0
0
0
0
0
1
268 118
0
0
1
269 169
0
0
0
1
270 107
1
271 173
1
272 191
0
0
0
1
273 225
1
274 12
0
0
0
0
0
0
0
0
0
0
0
0
1
275 98
1
276 27
0
0
0
0
0
0
0
0
0
0
1
277 161
1
278 172
0
0
0
0
0
1
279 109
0
0
0
0
1
280 158
0
0
0
0
0
0
1
281 141
0
1
282 24
0
0
0
0
1
283 151
0
0
0
0
1
284 223
1
285 37
0
0
0
0
0
0
0
1
286 179
1
287 118
0
0
1
288 188
1
289 26
1
290 126
0
0
1
291 144
0
0
1
292 141
1
293 154
0
0
1
294 57
0
0
1
295 127
0
1
296 189
1
297 21
0
0
0
0
1
298 111
0
0
0
1
299 219
0
0
0
0
0
1
300 19
1
301 112
0
0
0
0
0
0
1
302 74
1
303 188
1
304 101
0
1
305 130
0
1
306 40
1
307 109
0
1
308 162
0
0
0
0
0
0
1
309 203
1
310 199
1
311 92
0
0
0
0
0
0
0
0
1
312 29
0
1
313 74
0
0
1
314 76
1
315 100
1
316 165
0
1
317 102
0
0
0
1
318 135
1
319 113
0
0
0
0
0
0
0
1
320 150
0
1
321 8
0
1
322 131
1
323 17
0
0
1
324 84
0
0
0
0
0
0
0
0
0
0
0
0
0
0
0
0
0
0
0
0
0
1
325 18
0
0
0
1
326 221
1
327 80
0
0
0
0
1
328 94
0
0
0
0
0
1
329 102
1
330 56
0
0
0
0
0
0
0
0
0
0
1
331 150
0
0
0
0
0
0
1
332 126
0
0
0
0
0
1
333 99
0
0
0
1
334 215
1
335 72
0
1
336 84
1
337 15
0
1
338 167
0
0
1
339 185
1
340 182
0
0
0
1
341 66
0
0
0
0
0
0
1
342 117
1
343 113
0
1
344 100
0
1
345 15
1
346 174
0
0
0
0
0
0
1
347 201
0
0
0
0
0
1
348 121
0
0
0
1
349 200
0
1
350 125
0
1
351 96
0
0
1
352 51
0
0
1
353 145
1
354 200
0
1
355 109
0
0
1
356 173
0
0
0
0
0
0
1
357 191
0
0
0
1
358 38
0
0
1
359 173
1
360 8
0
0
1
361 204
0
1
362 76
1
363 70
0
1
364 102
1
365 70
0
0
0
1
366 142
1
367 185
1
368 44
0
0
0
0
0
1
369 12
0
0
0
1
370 204
1
371 147
1
372 11
0
1
373 22
0
0
0
0
0
0
0
0
1
374 118
0
0
0
1
375 153
0
1
376 203
0
0
1
377 200
1
378 143
0
0
0
1
379 192
0
0
0
0
1
380 11
1
381 205
0
1
382 73
1
383 120
0
1
384 194
0
0
0
1
385 61
0
0
0
1
386 57
1
387 8
0
0
0
0
1
388 19
0
0
0
1
389 109
1
390 45
0
0
1
391 108
0
1
392 181
1
393 161
0
0
1
394 4
1
395 12
0
1
396 17
0
1
397 99
1
398 20
0
0
1
399 19
0
0
1
400 71
1
401 27
0
1
402 129
0
1
403 223
0
0
0
0
0
0
0
0
0
1
404 187
1
405 59
1
406 50
1
407 199
0
0
1
408 76
1
409 9
0
0
1
410 168
0
0
0
1
411 168
0
0
0
1
412 203
0
0
0
1
413 149
0
0
0
1
414 41
1
415 191
1
416 215
0
0
0
0
1
417 203
1
418 45
0
0
0
0
0
0
1
419 170
0
1
420 30
0
0
0
0
0
0
0
0
1
421 208
1
422 195
0
1
423 76
0
1
424 177
1
425 161
0
1
426 87
0
0
1
427 74
0
1
428 170
0
1
429 61
0
0
0
1
430 201
0
1
431 187
0
0
0
0
0
1
432 161
0
0
1
433 170
0
1
434 182
0
1
435 66
0
0
1
436 219
1
437 33
1
438 30
0
1
439 180
1
440 106
0
0
0
1
441 223
0
0
1
442 106
0
0
0
0
0
0
0
1
443 169
0
0
1
444 66
0
0
0
0
1
445 201
0
0
0
1
446 99
1
447 93
0
0
0
0
1
448 2
0
1
449 162
0
0
0
0
0
0
1
450 95
0
1
451 25
0
1
452 24
0
0
0
0
1
453 105
1
454 3
0
0
0
0
1
455 227
0
0
1
456 153
1
457 18
0
0
0
0
1
458 153
0
0
0
1
459 205
1
460 129
1
461 154
0
1
462 61
0
1
463 112
1
464 128
1
465 63
0
1
466 174
0
0
1
467 129
0
0
0
0
0
0
0
0
0
1
468 142
0
0
0
0
0
1
469 31
0
0
0
0
0
1
470 7
0
1
471 12
0
0
0
0
0
0
0
0
0
1
472 132
0
1
473 158
0
1
474 108
0
1
475 3
1
476 165
1
477 127
0
0
0
0
0
0
0
1
478 145
0
1
479 177
1
480 198
1
481 126
0
0
1
482 36
0
1
483 196
0
0
1
484 23
0
0
0
0
1
485 34
0
1
486 165
1
487 99
0
0
0
1
488 117
0
0
0
0
0
1
489 4
0
1
490 68
0
0
0
0
0
0
0
0
0
0
1
491 28
0
0
0
0
0
0
1
492 203
0
0
1
493 113
1
494 32
0
0
0
1
495 13
0
1
496 164
1
497 81
0
0
1
498 5
0
0
0
0
1
499 178
1
500 126
1
501 216
1
502 136
0
0
0
0
0
0
1
503 135
1
504 137
0
1
505 113
0
0
1
506 57
0
0
0
0
0
1
507 193
0
0
1
508 197
1
509 29
0
0
0
0
1
510 171
0
1
511 76
1
512 24
0
1
513 67
0
1
514 206
1
515 32
0
1
516 204
0
0
0
0
0
0
1
517 210
0
1
518 81
1
519 105
0
0
0
0
0
1
520 3
1
521 25
0
1
522 124
1
523 70
0
1
524 57
1
525 21
0
1
526 82
0
0
1
527 102
0
0
0
1
528 39
0
0
0
0
0
0
1
529 3
0
0
0
0
0
0
0
0
1
530 46
0
0
0
0
0
0
0
1
531 126
0
1
532 6
1
533 63
0
1
534 170
1
535 174
0
1
536 90
1
537 111
0
0
1
538 54
1
539 176
1
540 153
1
541 219
0
0
1
542 163
1
543 126
0
0
0
0
0
1
544 118
0
0
1
545 168
0
1
546 23
0
0
0
1
547 33
1
548 59
1
549 151
0
1
550 46
1
551 57
0
0
1
552 129
0
0
1
553 5
0
0
1
554 11
1
555 4
1
556 52
1
557 135
0
0
1
558 63
1
559 82
0
0
0
0
1
560 99
0
1
561 100
1
562 93
0
1
563 18
0
0
0
1
564 26
0
0
0
0
0
0
1
565 227
0
1
566 111
1
567 81
0
0
0
1
568 177
1
569 200
0
0
0
0
1
570 217
0
0
0
0
0
0
0
1
571 143
1
572 86
0
0
1
573 78
0
0
1
574 162
1
575 23
0
0
0
1
576 172
1
577 110
0
0
0
0
0
0
0
1
578 80
0
1
579 138
1
580 70
1
581 126
0
0
1
582 207
0
0
1
583 203
1
584 23
1
585 12
0
0
0
1
586 13
1
587 7
0
0
0
1
588 146
1
589 22
0
0
0
0
0
1
590 80
1
591 37
0
1
592 187
0
0
1
593 167
0
1
594 224
1
595 3
0
0
0
1
596 201
1
597 83
1
598 4
1
599 160
0
0
0
1
600 77
0
0
1
601 64
1
602 192
1
603 85
0
0
1
604 183
0
0
1
605 148
1
606 185
1
607 123
1
608 109
0
1
609 5
1
610 41
0
0
1
611 73
0
0
1
612 148
1
613 113
1
614 110
0
1
615 189
0
0
0
1
616 89
1
617 26
1
618 20
0
0
1
619 183
1
620 67
0
0
1
621 210
0
1
622 23
0
0
0
0
0
0
0
0
0
1
623 198
0
0
0
0
0
0
1
624 184
1
625 112
0
0
1
626 18
1
627 189
0
0
0
1
628 122
0
1
629 76
1
630 50
0
1
631 165
1
632 111
0
0
0
1
633 200
1
634 194
0
1
635 204
1
636 192
1
637 154
0
1
638 63
0
1
639 30
1
640 152
1
641 92
0
1
642 33
0
1
643 42
0
0
0
0
0
0
0
1
644 147
1
645 33
0
0
1
646 24
0
1
647 18
0
0
0
0
1
648 86
1
649 66
1
650 61
1
651 140
0
1
652 76
1
653 28
1
654 137
0
0
0
1
655 126
0
0
1
656 179
0
0
1
657 11
1
658 212
1
659 177
0
1
660 50
1
661 187
1
662 130
0
1
663 50
1
664 28
1
665 135
0
0
0
1
666 155
0
0
1
667 127
0
0
1
668 35
0
0
0
0
0
0
1
669 10
1
670 203
0
1
671 136
1
672 59
0
0
0
1
673 186
1
674 81
1
675 174
1
676 214
1
677 20
1
678 184
0
0
0
0
0
1
679 136
0
1
680 117
0
1
681 28
1
682 66
1
683 5
1
684 191
0
0
1
685 12
0
1
686 7
0
0
1
687 213
0
1
688 138
1
689 136
1
690 145
0
1
691 64
1
692 75
1
693 124
0
0
0
0
0
0
1
694 222
0
0
1
695 78
1
696 184
1
697 158
0
0
1
698 199
1
699 64
1
700 67
0
1
701 122
0
1
702 104
1
703 115
0
0
1
704 68
0
1
705 170
1
706 117
1
707 31
0
0
0
1
708 50
0
1
709 200
0
0
0
0
1
710 211
0
0
1
711 13
1
712 170
0
0
0
1
713 6
1
714 121
0
1
715 227
0
1
716 202
0
0
0
0
0
0
0
0
0
1
717 192
1
718 179
1
719 78
1
720 120
0
0
0
0
1
721 99
1
722 84
0
0
0
0
0
0
1
723 53
1
724 165
0
0
1
725 109
1
726 220
1
727 56
0
0
1
728 197
0
1
729 104
1
730 188
0
1
731 127
1
732 163
0
0
0
0
1
733 212
0
0
0
1
734 160
0
0
0
0
1
735 152
0
0
0
0
0
0
0
1
736 65
0
0
1
737 113
0
1
738 205
1
739 133
1
740 11
0
0
0
0
1
741 52
1
742 22
1
743 76
0
0
0
1
744 58
0
0
1
745 18
0
0
0
0
1
746 48
1
747 22
0
0
0
0
0
1
748 94
1
749 211
0
1
750 169
1
751 223
1
752 51
1
753 126
1
754 11
0
1
755 36
0
1
756 101
0
0
0
0
0
0
0
1
757 74
1
758 180
1
759 81
0
1
760 77
1
761 178
1
762 151
0
1
763 93
1
764 226
1
765 145
0
0
1
766 161
1
767 18
0
0
0
1
768 89
1
769 69
0
1
770 103
0
0
0
1
771 17
1
772 47
0
0
0
0
1
773 99
0
0
1
774 19
1
775 196
0
0
0
0
1
776 151
0
0
0
0
0
0
0
1
777 154
1
778 178
1
779 153
0
1
780 188
1
781 168
0
1
782 120
1
783 116
1
784 133
1
785 21
1
786 57
1
787 43
1
788 78
1
789 136
0
1
790 185
0
0
1
791 196
1
792 215
0
1
793 164
0
1
794 64
1
795 168
0
1
796 74
0
0
0
0
1
797 216
1
798 13
1
799 107
1
800 37
1
801 158
0
1
802 28
0
0
0
0
1
803 19
0
1
804 94
0
1
805 132
0
0
1
806 137
1
807 68
0
1
808 179
1
809 74
1
810 216
1
811 215
0
0
0
0
1
812 109
0
0
0
1
813 137
1
814 207
0
0
0
1
815 40
1
816 132
0
0
0
0
0
1
817 118
1
818 33
0
1
819 130
0
1
820 79
1
821 106
1
822 133
0
1
823 134
0
0
0
0
1
824 110
1
825 144
1
826 122
0
0
0
0
0
1
827 21
1
828 223
0
0
1
829 133
0
0
1
830 3
1
831 118
0
1
832 153
0
1
833 152
0
0
1
834 107
0
1
835 99
0
0
1
836 162
0
0
1
837 38
0
1
838 161
1
839 125
0
1
840 14
0
0
1
841 198
1
842 190
1
843 216
0
1
844 215
1
845 129
0
0
0
0
0
1
846 3
0
0
1
847 88
1
848 202
0
0
0
1
849 82
1
850 16
0
1
851 89
0
1
852 191
0
0
0
1
853 22
1
854 187
0
0
0
1
855 107
1
856 149
0
0
1
857 188
1
858 106
1
859 188
1
860 9
0
0
1
861 113
0
0
0
0
0
0
0
1
862 201
1
863 12
0
0
0
1
864 164
0
0
1
865 211
1
866 37
1
867 218
1
868 178
1
869 108
1
870 110
1
871 118
1
872 160
1
873 68
1
874 52
0
1
875 59
1
876 217
1
877 160
0
0
1
878 76
0
1
879 86
1
880 113
0
0
1
881 78
0
0
0
0
0
0
1
882 69
1
883 87
1
884 103
0
0
0
0
1
885 161
1
886 151
0
1
887 91
0
1
888 9
1
889 223
1
890 200
0
1
891 78
1
892 64
0
1
893 159
1
894 69
1
895 32
0
1
896 74
1
897 119
0
0
0
1
898 170
0
0
1
899 113
1
900 123
0
1
901 221
0
0
1
902 11
0
0
1
903 164
1
904 159
0
1
905 133
0
0
1
906 114
0
1
907 84
0
1
908 179
0
0
0
1
909 137
0
0
1
910 224
1
911 226
1
912 142
0
0
0
1
913 164
0
1
914 180
0
1
915 32
0
0
1
916 178
0
0
1
917 48
0
1
918 188
1
919 59
1
920 172
1
921 143
1
922 93
1
923 38
0
0
1
924 122
1
925 139
0
1
926 163
1
927 136
0
0
1
928 158
1
929 95
1
930 29
1
931 87
1
932 11
1
933 71
1
934 81
1
935 199
1
936 141
0
1
937 188
0
1
938 11
1
939 215
0
1
940 87
0
0
1
941 104
1
942 184
0
0
0
1
943 44
0
0
1
944 99
1
945 35
0
1
946 162
0
0
1
947 39
0
0
0
0
1
948 30
0
1
949 225
0
0
0
1
950 90
0
1
951 172
0
0
0
1
952 69
1
953 69
1
954 116
1
955 227
0
1
956 67
1
957 82
0
0
0
1
958 20
0
0
0
0
0
0
1
959 192
0
0
0
1
960 142
1
961 224
0
0
1
962 184
1
963 163
1
964 224
1
965 96
1
966 76
1
967 24
0
0
1
968 129
0
1
969 174
1
970 217
0
1
971 187
0
0
0
0
1
972 67
1
973 76
0
0
0
1
974 54
1
975 161
1
976 155
1
977 145
0
0
1
978 223
1
979 194
1
980 168
0
1
981 189
0
1
982 179
1
983 186
1
984 185
1
985 68
1
986 14
0
1
987 176
0
0
0
1
988 45
0
1
989 133
1
990 124
1
991 210
0
0
1
992 93
0
1
993 5
1
994 76
1
995 216
0
0
0
0
1
996 12
1
997 82
0
0
0
0
0
1
998 157
1
999 175
0
1
1000 51
1
1001 140
1
1002 86
0
0
1
1003 7
0
1
1004 36
0
1
1005 179
1
1006 76
0
1
1007 196
1
1008 105
1
1009 222
0
1
1010 38
0
1
1011 204
1
1012 80
1
1013 29
0
1
1014 191
0
1
1015 110
0
1
1016 226
0
0
1
1017 107
0
0
1
1018 166
0
0
0
0
0
0
0
1
1019 61
1
1020 164
0
1
1021 197
0
0
1
1022 46
1
1023 137
0
1
1024 215
1
1025 196
0
1
1026 100
0
1
1027 221
0
1
1028 17
0
0
0
1
1029 195
0
0
0
1
1030 67
0
0
0
1
1031 109
1
1032 161
1
1033 203
1
1034 182
1
1035 120
0
0
0
1
1036 135
1
1037 199
0
1
1038 18
1
1039 210
1
1040 213
0
1
1041 183
1
1042 162
0
1
1043 64
0
1
1044 129
1
1045 134
0
1
1046 185
1
1047 216
0
0
1
1048 20
1
1049 52
0
0
1
1050 95
0
1
1051 219
1
1052 71
0
0
0
0
0
1
1053 162
0
1
1054 143
1
1055 144
1
1056 46
0
1
1057 110
1
1058 116
1
1059 21
1
1060 60
0
1
1061 65
1
1062 194
0
1
1063 149
1
1064 186
0
1
1065 24
0
0
1
1066 50
1
1067 61
1
1068 191
0
0
0
0
1
1069 215
0
0
0
1
1070 90
1
1071 74
0
0
0
1
1072 15
0
1
1073 109
1
1074 3
1
1075 144
0
0
0
0
1
1076 93
0
0
1
1077 225
0
1
1078 66
1
1079 141
1
1080 17
1
1081 144
0
0
1
1082 142
0
0
0
0
1
1083 73
1
1084 35
1
1085 59
0
0
1
1086 15
1
1087 20
0
1
1088 135
1
1089 47
1
1090 129
1
1091 156
1
1092 151
1
1093 19
0
1
1094 110
1
1095 161
0
0
0
0
1
1096 6
1
1097 65
1
1098 125
1
1099 173
1
1100 200
0
1
1101 199
1
1102 99
0
0
0
1
1103 220
1
1104 146
1
1105 50
1
1106 216
1
1107 110
1
1108 61
0
1
1109 51
1
1110 216
1
1111 59
1
1112 224
1
1113 49
1
1114 199
1
1115 141
1
1116 100
0
1
1117 117
1
1118 81
1
1119 148
1
1120 98
1
1121 202
1
1122 137
1
1123 5
0
0
1
1124 208
1
1125 109
0
0
0
0
0
0
1
1126 133
0
1
1127 155
0
0
1
1128 24
1
1129 116
1
1130 102
0
0
1
1131 152
1
1132 147
1
1133 110
0
1
1134 217
0
1
1135 205
1
1136 225
1
1137 169
1
1138 123
0
0
1
1139 147
0
1
1140 129
0
0
1
1141 61
0
1
1142 40
1
1143 13
0
1
1144 25
0
0
1
1145 98
1
1146 86
0
1
1147 129
1
1148 51
0
1
1149 27
0
1
1150 89
0
1
1151 209
0
0
0
0
1
1152 215
0
1
1153 154
0
1
1154 75
0
1
1155 58
1
1156 25
0
0
1
1157 67
1
1158 220
0
0
1
1159 111
1
1160 139
0
0
1
1161 104
1
1162 139
1
1163 23
0
1
1164 86
0
0
1
1165 109
0
0
0
0
1
1166 127
1
1167 63
0
1
1168 217
0
1
1169 149
0
1
1170 110
1
1171 140
0
1
1172 170
1
1173 130
0
0
1
1174 215
0
1
1175 161
1
1176 78
1
1177 32
0
1
1178 214
1
1179 173
0
1
1180 48
1
1181 29
1
1182 177
0
1
1183 202
0
1
1184 225
1
1185 147
1
1186 191
1
1187 127
0
1
1188 142
0
1
1189 161
1
1190 4
1
1191 48
1
1192 61
0
0
1
1193 91
1
1194 161
0
0
1
1195 86
0
0
0
1
1196 77
1
1197 61
1
1198 145
1
1199 220
0
0
1
1200 207
1
1201 45
1
1202 90
0
1
1203 133
0
1
1204 61
0
0
0
0
0
1
1205 52
1
1206 67
0
1
1207 55
0
1
1208 169
0
1
1209 147
1
1210 160
0
0
0
1
1211 152
0
1
1212 192
1
1213 86
0
1
1214 4
0
0
1
1215 133
1
1216 220
1
1217 104
1
1218 74
0
0
1
1219 64
0
0
1
1220 112
0
0
0
0
1
1221 145
1
1222 193
1
1223 9
0
1
1224 99
0
0
1
1225 135
0
0
1
1226 97
1
1227 195
0
1
1228 105
1
1229 107
1
1230 32
0
1
1231 103
0
1
1232 224
1
1233 37
0
0
1
1234 113
1
1235 68
1
1236 121
1
1237 140
1
1238 216
1
1239 16
1
1240 72
1
1241 46
1
1242 154
0
0
1
1243 191
0
1
1244 10
1
1245 38
0
0
1
1246 198
0
1
1247 99
0
0
1
1248 175
0
1
1249 77
1
1250 205
0
1
1251 104
0
1
1252 56
1
1253 220
1
1254 122
0
1
1255 98
0
0
0
1
1256 176
0
0
1
1257 77
1
1258 171
0
1
1259 21
0
0
1
1260 64
0
1
1261 19
1
1262 136
0
1
1263 11
0
0
1
1264 107
0
0
1
1265 50
0
1
1266 200
1
1267 21
0
0
1
1268 28
1
1269 64
0
0
1
1270 196
0
0
1
1271 147
1
1272 131
1
1273 160
0
0
1
1274 73
0
1
1275 224
1
1276 9
1
1277 13
1
1278 100
0
0
1
1279 126
0
1
1280 50
1
1281 36
0
1
1282 139
1
1283 95
0
1
1284 104
1
1285 181
1
1286 102
0
1
1287 18
1
1288 8
1
1289 227
0
1
1290 207
1
1291 174
1
1292 48
1
1293 102
1
1294 215
0
1
1295 189
1
1296 122
0
1
1297 27
0
1
1298 177
1
1299 185
1
1300 197
1
1301 169
1
1302 134
0
0
1
1303 4
0
1
1304 67
1
1305 175
0
0
1
1306 68
0
1
1307 116
1
1308 206
1
1309 190
1
1310 5
1
1311 23
1
1312 109
0
0
0
1
1313 80
0
0
1
1314 155
1
1315 59
1
1316 11
1
1317 90
1
1318 199
1
1319 195
0
0
1
1320 113
1
1321 187
1
1322 171
1
1323 173
0
1
1324 86
0
0
1
1325 226
0
0
1
1326 196
1
1327 130
0
1
1328 75
1
1329 135
1
1330 179
1
1331 26
1
1332 51
0
0
0
1
1333 50
1
1334 26
0
1
1335 68
1
1336 118
1
1337 35
1
1338 61
0
0
1
1339 137
0
1
1340 32
1
1341 100
1
1342 56
1
1343 189
1
1344 114
1
1345 55
0
0
1
1346 29
1
1347 113
1
1348 174
0
0
0
1
1349 6
1
1350 133
1
1351 149
0
0
0
0
1
1352 223
0
0
1
1353 186
1
1354 186
0
1
1355 3
1
1356 11
0
1
1357 145
0
1
1358 156
1
1359 115
1
1360 35
1
1361 41
1
1362 32
1
1363 196
1
1364 41
1
1365 51
1
1366 129
1
1367 219
1
1368 148
1
1369 34
0
1
1370 59
0
1
1371 99
1
1372 204
0
1
1373 50
1
1374 12
0
1
1375 194
1
1376 132
0
1
1377 118
1
1378 159
1
1379 159
0
0
0
1
1380 35
0
1
1381 152
0
0
0
1
1382 117
0
0
1
1383 4
1
1384 209
1
1385 14
1
1386 154
0
1
1387 171
0
0
1
1388 21
1
1389 191
1
1390 70
1
1391 50
0
1
1392 131
1
1393 134
0
0
1
1394 87
1
1395 191
1
1396 196
1
1397 170
1
1398 168
1
1399 67
1
1400 136
1
1401 87
0
1
1402 156
0
1
1403 23
0
1
1404 80
0
1
1405 106
1
1406 162
1
1407 96
1
1408 107
0
1
1409 119
0
1
1410 157
1
1411 20
1
1412 20
1
1413 223
0
0
1
1414 11
1
1415 160
1
1416 37
1
1417 2
0
1
1418 18
0
1
1419 24
1
1420 214
1
1421 194
1
1422 182
1
1423 26
1
1424 211
1
1425 84
0
0
0
0
1
1426 19
1
1427 81
1
1428 78
1
1429 9
1
1430 10
0
1
1431 132
1
1432 81
1
1433 138
0
0
1
1434 198
1
1435 41
0
1
1436 72
1
1437 115
0
1
1438 109
0
1
1439 146
0
1
1440 68
0
1
1441 66
0
1
1442 190
0
0
1
1443 188
1
1444 180
1
1445 26
0
0
1
1446 107
1
1447 156
1
1448 139
1
1449 120
0
0
1
1450 145
0
1
1451 196
1
1452 210
1
1453 85
1
1454 73
1
1455 220
0
0
0
0
1
1456 61
1
1457 185
1
1458 60
1
1459 108
0
1
1460 216
0
1
1461 71
0
0
0
1
1462 10
1
1463 85
0
0
0
1
1464 69
1
1465 11
1
1466 30
1
1467 204
0
1
1468 157
0
0
1
1469 148
1
1470 62
1
1471 90
1
1472 23
1
1473 190
0
0
0
0
1
1474 61
0
1
1475 69
1
1476 8
1
1477 98
0
1
1478 105
1
1479 163
1
1480 50
1
1481 212
1
1482 117
1
1483 111
0
0
0
1
1484 74
0
1
1485 112
1
1486 114
1
1487 17
1
1488 139
0
1
1489 133
0
0
0
1
1490 103
1
1491 16
1
1492 144
0
0
1
1493 213
0
1
1494 53
0
1
1495 202
1
1496 205
0
1
1497 4
0
1
1498 145
0
0
0
0
1
1499 75
0
0
1
1500 32
0
1
1501 18
1
1502 80
1
1503 216
0
0
0
0
1
1504 195
1
1505 176
1
1506 24
0
1
1507 93
1
1508 93
1
1509 57
1
1510 77
0
0
1
1511 223
0
1
1512 51
1
1513 107
1
1514 223
1
1515 89
1
1516 50
0
1
1517 152
1
1518 8
1
1519 53
0
1
1520 66
1
1521 35
1
1522 28
1
1523 186
1
1524 184
1
1525 116
1
1526 54
1
1527 222
1
1528 42
1
1529 19
1
1530 37
0
1
1531 49
0
0
1
1532 154
1
1533 200
0
0
1
1534 198
1
1535 181
1
1536 2
0
1
1537 19
1
1538 221
1
1539 66
0
1
1540 50
1
1541 130
1
1542 117
1
1543 224
1
1544 111
0
1
1545 176
1
1546 22
0
0
1
1547 33
0
1
1548 185
0
0
1
1549 217
1
1550 96
0
1
1551 115
1
1552 51
1
1553 113
0
1
1554 205
1
1555 11
1
1556 20
0
1
1557 62
0
0
1
1558 191
1
1559 197
0
0
1
1560 158
0
0
1
1561 221
0
1
1562 21
0
0
1
1563 98
1
1564 76
0
1
1565 203
0
1
1566 16
1
1567 173
1
1568 160
0
1
1569 53
0
1
1570 10
0
1
1571 145
0
0
0
1
1572 4
1
1573 171
1
1574 152
1
1575 113
1
1576 181
1
1577 168
0
0
0
1
1578 6
0
0
1
1579 150
0
1
1580 149
0
1
1581 83
1
1582 57
1
1583 76
1
1584 179
1
1585 160
1
1586 122
1
1587 76
1
1588 150
0
0
0
1
1589 24
1
1590 133
1
1591 76
0
0
1
1592 33
1
1593 15
0
0
0
1
1594 143
0
1
1595 170
1
1596 67
1
1597 44
1
1598 180
0
0
0
1
1599 167
0
1
1600 177
1
1601 55
1
1602 124
0
0
1
1603 19
1
1604 50
1
1605 92
1
1606 71
1
1607 189
1
1608 129
0
1
1609 11
0
1
1610 162
0
0
1
1611 94
1
1612 124
1
1613 19
1
1614 84
1
1615 224
1
1616 95
0
0
0
1
1617 42
1
1618 51
1
1619 190
1
1620 220
1
1621 221
1
1622 106
1
1623 216
1
1624 163
0
0
1
1625 168
0
0
0
1
1626 199
0
0
0
1
1627 180
1
1628 117
1
1629 218
0
1
1630 50
1
1631 37
0
1
1632 41
1
1633 213
1
1634 33
0
1
1635 42
1
1636 202
1
1637 87
0
1
1638 144
0
1
1639 132
1
1640 196
0
1
1641 76
1
1642 127
0
1
1643 66
1
1644 107
1
1645 61
1
1646 50
0
0
0
1
1647 163
1
1648 40
1
1649 19
0
0
1
1650 152
1
1651 100
0
0
1
1652 151
1
1653 213
1
1654 217
0
1
1655 130
0
1
1656 64
0
1
1657 217
1
1658 221
0
1
1659 127
1
1660 146
1
1661 61
0
0
0
1
1662 4
1
1663 35
0
0
0
1
1664 157
1
1665 97
1
1666 136
1
1667 6
0
0
0
1
1668 4
0
0
1
1669 176
1
1670 110
1
1671 170
0
0
1
1672 129
1
1673 20
1
1674 134
1
1675 33
0
1
1676 24
1
1677 173
0
0
0
1
1678 72
1
1679 31
1
1680 42
1
1681 18
1
1682 176
1
1683 194
0
1
1684 9
0
1
1685 135
1
1686 170
1
1687 12
1
1688 6
1
1689 123
1
1690 70
1
1691 45
0
1
1692 104
1
1693 214
1
1694 46
0
1
1695 201
0
1
1696 46
1
1697 142
0
0
0
0
0
0
1
1698 42
1
1699 159
0
0
0
1
1700 198
1
1701 189
0
1
1702 191
1
1703 24
0
0
0
0
0
0
1
1704 114
1
1705 111
1
1706 73
1
1707 185
0
1
1708 187
1
1709 185
0
0
1
1710 66
1
1711 167
1
1712 54
0
1
1713 56
0
1
1714 91
0
1
1715 93
1
1716 96
0
1
1717 47
1
1718 17
1
1719 117
1
1720 24
1
1721 86
1
1722 25
1
1723 107
0
1
1724 66
1
1725 204
1
1726 101
1
1727 178
1
1728 175
0
0
1
1729 77
0
1
1730 74
0
0
1
1731 2
1
1732 167
0
1
1733 156
1
1734 101
0
1
1735 40
1
1736 80
1
1737 119
0
0
1
1738 155
1
1739 21
0
1
1740 202
0
1
1741 221
0
0
0
1
1742 44
0
0
0
1
1743 201
0
1
1744 204
1
1745 120
1
1746 79
1
1747 162
1
1748 107
0
1
1749 55
0
1
1750 118
1
1751 70
1
1752 173
1
1753 29
1
1754 110
1
1755 53
0
1
1756 44
1
1757 165
1
1758 64
0
1
1759 196
1
1760 35
0
1
1761 212
0
1
1762 218
1
1763 123
1
1764 61
0
0
1
1765 188
1
1766 186
1
1767 8
1
1768 22
1
1769 122
1
1770 167
1
1771 91
1
1772 11
1
1773 58
1
1774 157
1
1775 107
0
1
1776 215
0
1
1777 63
1
1778 138
0
1
1779 103
1
1780 222
1
1781 31
1
1782 215
1
1783 205
1
1784 84
1
1785 22
1
1786 170
1
1787 25
1
1788 40
1
1789 171
1
1790 49
1
1791 108
1
1792 49
0
0
1
1793 116
1
1794 76
0
0
1
1795 177
0
1
1796 43
1
1797 83
1
1798 64
1
1799 119
1
1800 54
0
1
1801 57
0
0
1
1802 214
1
1803 83
0
1
1804 160
1
1805 211
1
1806 32
0
1
1807 204
1
1808 73
1
1809 174
1
1810 24
1
1811 4
1
1812 21
0
1
1813 67
1
1814 130
1
1815 99
1
1816 107
1
1817 133
1
1818 161
1
1819 119
1
1820 30
1
1821 155
0
0
1
1822 8
1
1823 120
0
1
1824 226
1
1825 69
1
1826 186
1
1827 25
0
0
1
1828 153
0
1
1829 95
1
1830 85
0
0
1
1831 32
1
1832 106
1
1833 70
1
1834 45
1
1835 35
0
1
1836 131
1
1837 79
1
1838 20
0
0
1
1839 134
1
1840 206
0
1
1841 183
0
0
1
1842 136
1
1843 33
1
1844 50
1
1845 73
1
1846 158
1
1847 41
1
1848 50
0
0
1
1849 163
1
1850 202
1
1851 109
0
1
1852 126
0
1
1853 174
1
1854 137
0
0
1
1855 85
1
1856 42
0
0
1
1857 198
1
1858 169
1
1859 147
1
1860 164
1
1861 128
1
1862 129
0
0
1
1863 55
0
1
1864 222
1
1865 17
1
1866 186
0
0
1
1867 37
1
1868 99
1
1869 152
1
1870 66
0
1
1871 181
0
1
1872 212
1
1873 198
0
1
1874 76
1
1875 207
0
1
1876 132
1
1877 199
1
1878 139
0
1
1879 215
1
1880 16
1
1881 132
1
1882 193
1
1883 108
1
1884 117
1
1885 9
0
1
1886 40
1
1887 76
1
1888 205
1
1889 34
1
1890 124
1
1891 191
1
1892 111
0
1
1893 2
1
1894 177
1
1895 59
1
1896 214
0
1
1897 156
0
0
1
1898 180
1
1899 141
1
1900 18
1
1901 31
0
0
1
1902 124
1
1903 32
1
1904 175
1
1905 16
1
1906 153
0
1
1907 19
1
1908 107
1
1909 61
1
1910 166
1
1911 85
1
1912 119
1
1913 4
1
1914 165
1
1915 74
0
0
1
1916 226
1
1917 128
0
0
0
1
1918 164
1
1919 85
1
1920 135
0
1
1921 40
0
1
1922 172
1
1923 186
1
1924 94
1
1925 57
0
1
1926 99
0
1
1927 213
1
1928 22
1
1929 120
1
1930 189
1
1931 106
1
1932 152
1
1933 88
0
1
1934 150
0
0
0
1
1935 220
0
1
1936 66
1
1937 7
1
1938 106
1
1939 215
1
1940 61
0
1
1941 100
0
0
0
0
1
1942 165
1
1943 181
1
1944 116
0
1
1945 114
1
1946 161
1
1947 140
1
1948 196
0
1
1949 209
1
1950 60
0
1
1951 193
0
1
1952 205
1
1953 120
1
1954 149
1
1955 27
1
1956 16
1
1957 20
1
1958 46
1
1959 115
1
1960 217
1
1961 138
1
1962 152
0
0
0
1
1963 76
0
1
1964 219
1
1965 88
1
1966 169
0
1
1967 163
1
1968 184
0
0
1
1969 212
1
1970 208
1
1971 166
1
1972 73
1
1973 190
0
1
1974 78
1
1975 124
1
1976 133
1
1977 125
1
1978 59
1
1979 4
1
1980 15
1
1981 180
1
1982 2
0
1
1983 180
0
0
1
1984 174
1
1985 87
1
1986 146
1
1987 117
0
0
1
1988 212
1
1989 5
1
1990 32
0
1
1991 206
0
0
1
1992 93
1
1993 8
1
1994 58
0
0
1
1995 84
1
1996 216
1
1997 50
1
1998 106
1
1999 61
1
2000 42
0
0
1
2001 113
1
2002 83
1
2003 20
1
2004 30
0
0
1
2005 65
0
1
2006 18
1
2007 147
1
2008 135
0
0
1
2009 86
1
2010 126
0
1
2011 64
1
2012 55
1
2013 82
1
2014 112
1
2015 129
0
0
1
2016 60
0
1
2017 4
1
2018 79
1
2019 71
1
2020 21
1
2021 99
1
2022 114
1
2023 195
0
1
2024 163
0
1
2025 148
0
1
2026 195
0
1
2027 204
1
2028 46
1
2029 136
1
2030 200
0
1
2031 60
0
1
2032 211
1
2033 47
0
0
1
2034 62
1
2035 62
0
0
1
2036 198
0
1
2037 41
1
2038 81
0
1
2039 107
1
2040 111
1
2041 47
1
2042 141
0
1
2043 152
1
2044 68
0
1
2045 166
1
2046 111
0
1
2047 16
1
2048 79
1
2049 124
1
2050 184
1
2051 185
1
2052 185
1
2053 4
1
2054 162
0
0
0
1
2055 51
1
2056 135
1
2057 139
1
2058 219
1
2059 110
0
1
2060 14
0
1
2061 222
1
2062 122
1
2063 130
0
0
1
2064 126
0
1
2065 170
1
2066 12
1
2067 14
1
2068 43
1
2069 7
0
0
1
2070 169
1
2071 146
1
2072 80
1
2073 90
1
2074 52
1
2075 7
1
2076 101
1
2077 41
0
1
2078 179
0
1
2079 118
1
2080 93
1
2081 220
1
2082 140
0
0
1
2083 197
1
2084 160
0
1
2085 224
1
2086 175
1
2087 183
0
1
2088 106
0
1
2089 31
1
2090 175
1
2091 141
1
2092 71
1
2093 64
1
2094 176
0
1
2095 122
0
1
2096 96
1
2097 39
1
2098 125
1
2099 171
0
1
2100 215
0
1
2101 145
1
2102 80
1
2103 5
1
2104 110
1
2105 147
1
2106 42
1
2107 30
1
2108 75
1
2109 182
1
2110 188
1
2111 64
0
0
0
1
2112 122
1
2113 36
0
1
2114 130
0
1
2115 61
1
2116 50
1
2117 179
1
2118 66
1
2119 29
1
2120 92
0
1
2121 199
0
1
2122 216
1
2123 29
1
2124 101
1
2125 201
1
2126 34
1
2127 32
1
2128 87
1
2129 223
1
2130 222
1
2131 3
0
1
2132 64
1
2133 147
1
2134 112
0
0
1
2135 91
0
1
2136 90
0
0
1
2137 28
1
2138 67
1
2139 157
0
1
2140 65
0
0
1
2141 11
1
2142 220
1
2143 56
1
2144 219
1
2145 62
0
1
2146 144
1
2147 66
1
2148 156
0
1
2149 107
1
2150 110
1
2151 75
1
2152 15
1
2153 190
1
2154 116
1
2155 197
1
2156 144
1
2157 81
1
2158 22
1
2159 19
1
2160 124
1
2161 36
1
2162 131
1
2163 104
1
2164 64
1
2165 224
1
2166 200
1
2167 79
1
2168 172
1
2169 117
1
2170 36
0
1
2171 69
1
2172 198
1
2173 135
0
0
1
2174 193
1
2175 211
1
2176 172
1
2177 214
1
2178 121
0
1
2179 27
1
2180 195
1
2181 103
1
2182 78
0
0
1
2183 178
1
2184 77
1
2185 62
1
2186 52
1
2187 52
1
2188 40
0
1
2189 71
0
1
2190 169
1
2191 66
0
0
0
1
2192 145
0
1
2193 176
1
2194 215
1
2195 146
1
2196 13
1
2197 25
0
1
2198 119
0
1
2199 43
1
2200 90
1
2201 87
1
2202 141
0
1
2203 65
1
2204 147
1
2205 197
1
2206 45
0
1
2207 213
1
2208 65
0
1
2209 29
1
2210 119
0
1
2211 109
1
2212 191
0
1
2213 59
1
2214 104
0
1
2215 220
1
2216 97
1
2217 154
1
2218 181
0
1
2219 225
1
2220 138
1
2221 138
1
2222 165
1
2223 191
0
1
2224 33
0
1
2225 60
1
2226 77
1
2227 112
1
2228 192
0
1
2229 188
1
2230 126
1
2231 86
1
2232 62
0
1
2233 20
1
2234 190
1
2235 49
1
2236 64
1
2237 219
0
1
2238 133
0
0
1
2239 69
1
2240 51
1
2241 53
1
2242 160
1
2243 54
0
0
0
1
2244 58
1
2245 222
1
2246 47
1
2247 86
1
2248 55
1
2249 201
1
2250 206
1
2251 55
0
1
2252 72
1
2253 153
1
2254 41
1
2255 181
0
1
2256 114
1
2257 72
0
1
2258 172
1
2259 6
1
2260 152
1
2261 182
1
2262 167
1
2263 179
1
2264 51
1
2265 33
1
2266 97
1
2267 41
1
2268 130
1
2269 205
1
2270 51
0
1
2271 25
0
1
2272 44
1
2273 203
1
2274 80
1
2275 142
1
2276 61
1
2277 148
0
1
2278 23
1
2279 162
1
2280 165
0
1
2281 21
0
1
2282 111
1
2283 72
0
1
2284 83
0
1
2285 102
1
2286 35
0
1
2287 142
0
1
2288 92
1
2289 108
1
2290 218
0
0
1
2291 196
0
1
2292 49
0
1
2293 114
1
2294 146
1
2295 12
1
2296 186
1
2297 141
1
2298 35
1
2299 144
0
1
2300 84
1
2301 111
0
1
2302 136
1
2303 48
1
2304 140
1
2305 207
1
2306 169
1
2307 164
1
2308 193
0
1
2309 11
1
2310 170
0
1
2311 127
1
2312 160
0
1
2313 130
1
2314 51
1
2315 185
1
2316 97
1
2317 33
0
1
2318 160
1
2319 58
1
2320 117
0
1
2321 59
1
2322 130
1
2323 53
1
2324 28
1
2325 61
1
2326 107
0
1
2327 198
1
2328 127
1
2329 117
1
2330 79
1
2331 215
0
1
2332 158
1
2333 11
1
2334 30
0
1
2335 14
0
1
2336 215
1
2337 99
0
1
2338 191
0
1
2339 76
1
2340 77
1
2341 17
1
2342 32
1
2343 161
1
2344 59
1
2345 65
1
2346 96
1
2347 47
1
2348 15
1
2349 179
1
2350 2
1
2351 202
0
1
2352 51
0
1
2353 11
1
2354 198
1
2355 16
1
2356 137
1
2357 57
0
1
2358 60
1
2359 86
1
2360 130
1
2361 157
1
2362 171
1
2363 172
1
2364 18
1
2365 60
1
2366 41
1
2367 118
1
2368 68
1
2369 101
1
2370 71
0
1
2371 94
1
2372 177
1
2373 75
1
2374 168
0
0
1
2375 151
0
0
0
1
2376 42
1
2377 169
1
2378 128
1
2379 223
0
1
2380 79
1
2381 74
1
2382 107
1
2383 92
1
2384 126
0
1
2385 58
1
2386 76
1
2387 164
1
2388 121
1
2389 80
0
0
0
0
1
2390 91
1
2391 122
0
0
1
2392 36
1
2393 173
1
2394 96
0
1
2395 124
0
1
2396 100
1
2397 223
1
2398 87
0
0
1
2399 69
1
2400 176
1
2401 2
1
2402 67
1
2403 134
1
2404 47
1
2405 117
1
2406 14
1
2407 92
1
2408 9
1
2409 59
1
2410 196
1
2411 193
0
1
2412 197
0
1
2413 163
1
2414 57
1
2415 109
1
2416 154
0
0
0
1
2417 214
1
2418 205
0
1
2419 177
1
2420 177
1
2421 145
1
2422 126
0
1
2423 37
1
2424 102
1
2425 29
1
2426 225
1
2427 144
0
1
2428 128
1
2429 194
1
2430 104
0
0
1
2431 87
1
2432 188
1
2433 26
1
2434 86
1
2435 103
0
1
2436 154
1
2437 4
1
2438 119
0
1
2439 117
1
2440 8
0
1
2441 86
1
2442 76
1
2443 165
1
2444 97
1
2445 55
1
2446 153
1
2447 179
0
1
2448 217
0
0
1
2449 70
1
2450 137
1
2451 78
1
2452 180
1
2453 74
1
2454 181
1
2455 80
1
2456 118
1
2457 31
1
2458 29
1
2459 94
0
1
2460 36
1
2461 11
0
1
2462 134
1
2463 96
1
2464 151
1
2465 81
0
1
2466 196
1
2467 7
1
2468 65
1
2469 129
1
2470 113
1
2471 122
1
2472 3
1
2473 9
1
2474 28
1
2475 47
0
0
0
0
0
0
1
2476 25
1
2477 92
1
2478 152
0
0
1
2479 34
0
1
2480 22
1
2481 166
1
2482 142
1
2483 98
1
2484 50
1
2485 180
1
2486 153
0
1
2487 95
1
2488 190
1
2489 215
1
2490 169
0
1
2491 125
1
2492 83
0
1
2493 223
1
2494 145
0
1
2495 139
1
2496 81
0
1
2497 147
0
0
1
2498 65
0
1
2499 96
1
2500 90
1
2501 91
0
1
2502 115
1
2503 91
0
1
2504 64
1
2505 212
1
2506 94
1
2507 218
1
2508 147
1
2509 215
1
2510 212
1
2511 24
0
1
2512 167
1
2513 196
1
2514 101
0
0
1
2515 218
1
2516 132
1
2517 175
1
2518 17
1
2519 104
1
2520 98
1
2521 147
1
2522 76
1
2523 136
0
1
2524 101
1
2525 193
0
1
2526 78
1
2527 20
1
2528 196
1
2529 96
0
1
2530 190
1
2531 146
1
2532 137
1
2533 21
1
2534 53
1
2535 36
1
2536 13
1
2537 129
1
2538 141
1
2539 58
1
2540 222
1
2541 90
0
1
2542 189
1
2543 49
1
2544 189
0
1
2545 28
1
2546 73
1
2547 161
1
2548 5
1
2549 210
1
2550 185
1
2551 204
1
2552 217
1
2553 194
1
2554 35
0
1
2555 157
1
2556 32
0
1
2557 55
1
2558 165
1
2559 147
1
2560 164
1
2561 131
1
2562 168
1
2563 119
1
2564 155
1
2565 6
1
2566 194
1
2567 116
1
2568 192
0
1
2569 218
1
2570 48
1
2571 185
0
1
2572 185
1
2573 24
1
2574 205
1
2575 113
1
2576 69
1
2577 103
1
2578 145
1
2579 150
0
1
2580 144
1
2581 71
1
2582 152
1
2583 140
1
2584 5
1
2585 125
1
2586 49
1
2587 219
1
2588 191
1
2589 145
1
2590 198
1
2591 196
1
2592 220
1
2593 90
1
2594 60
1
2595 178
1
2596 92
1
2597 110
1
2598 175
1
2599 177
1
2600 116
1
2601 50
1
2602 197
1
2603 221
1
2604 98
1
2605 170
1
2606 92
1
2607 216
1
2608 72
1
2609 45
0
1
2610 153
0
1
2611 115
1
2612 128
1
2613 48
1
2614 59
1
2615 10
1
2616 179
1
2617 54
1
2618 132
0
1
2619 173
1
2620 119
1
2621 85
1
2622 86
0
1
2623 210
1
2624 59
1
2625 226
1
2626 113
1
2627 134
0
0
1
2628 117
1
2629 204
1
2630 27
0
1
2631 119
1
2632 82
1
2633 82
1
2634 68
1
2635 205
1
2636 54
1
2637 225
1
2638 215
1
2639 35
1
2640 12
1
2641 13
1
2642 65
1
2643 90
1
2644 48
1
2645 197
1
2646 126
1
2647 64
1
2648 48
1
2649 156
1
2650 15
0
0
1
2651 92
1
2652 9
1
2653 58
1
2654 35
1
2655 26
1
2656 48
1
2657 197
1
2658 102
1
2659 102
1
2660 193
0
1
2661 135
1
2662 119
0
1
2663 200
0
0
1
2664 72
1
2665 59
1
2666 196
0
1
2667 40
0
1
2668 71
1
2669 22
0
1
2670 79
1
2671 204
1
2672 132
1
2673 182
1
2674 23
1
2675 208
0
1
2676 209
1
2677 219
1
2678 213
0
1
2679 77
1
2680 36
0
1
2681 175
1
2682 75
1
2683 197
1
2684 175
1
2685 131
1
2686 107
1
2687 53
0
1
2688 173
1
2689 46
1
2690 107
1
2691 48
1
2692 93
1
2693 30
1
2694 192
1
2695 22
0
1
2696 35
0
1
2697 219
1
2698 107
1
2699 103
1
2700 173
1
2701 226
1
2702 193
1
2703 174
1
2704 126
1
2705 170
0
0
1
2706 63
1
2707 116
0
1
2708 209
1
2709 91
1
2710 148
1
2711 152
1
2712 66
1
2713 23
1
2714 104
1
2715 191
0
1
2716 185
1
2717 156
1
2718 215
1
2719 170
0
1
2720 158
1
2721 76
1
2722 103
0
1
2723 196
1
2724 164
1
2725 182
1
2726 89
1
2727 173
0
1
2728 146
1
2729 78
1
2730 196
1
2731 194
1
2732 148
0
0
1
2733 62
1
2734 183
1
2735 161
0
0
1
2736 147
1
2737 44
1
2738 130
1
2739 118
1
2740 74
1
2741 94
0
1
2742 153
1
2743 126
1
2744 42
0
1
2745 101
1
2746 14
0
0
1
2747 165
1
2748 18
0
1
2749 162
1
2750 115
1
2751 118
1
2752 107
1
2753 131
1
2754 225
1
2755 72
1
2756 119
1
2757 39
1
2758 58
1
2759 24
1
2760 76
1
2761 114
0
1
2762 216
1
2763 196
1
2764 130
1
2765 71
1
2766 124
1
2767 65
1
2768 198
1
2769 79
1
2770 63
1
2771 213
1
2772 177
0
1
2773 76
1
2774 42
1
2775 133
0
1
2776 116
0
0
1
2777 39
1
2778 179
1
2779 185
1
2780 172
1
2781 187
1
2782 12
1
2783 225
1
2784 104
1
2785 130
0
1
2786 128
1
2787 66
1
2788 119
1
2789 127
1
2790 86
0
1
2791 112
1
2792 30
1
2793 7
1
2794 34
1
2795 46
0
0
1
2796 5
1
2797 189
1
2798 99
1
2799 80
1
2800 77
1
2801 80
1
2802 51
1
2803 160
1
2804 126
1
2805 42
1
2806 27
1
2807 147
1
2808 196
1
2809 89
0
1
2810 74
1
2811 50
1
2812 101
1
2813 89
0
1
2814 52
1
2815 72
0
1
2816 175
1
2817 27
1
2818 162
0
1
2819 150
1
2820 47
0
1
2821 41
1
2822 45
1
2823 9
1
2824 117
1
2825 52
1
2826 184
1
2827 116
1
2828 175
1
2829 32
1
2830 155
1
2831 14
1
2832 105
1
2833 9
1
2834 122
1
2835 191
0
1
2836 34
1
2837 65
1
2838 214
1
2839 136
0
1
2840 173
1
2841 173
1
2842 219
1
2843 199
1
2844 104
1
2845 76
1
2846 91
0
1
2847 137
1
2848 169
1
2849 37
1
2850 105
1
2851 97
1
2852 125
1
2853 180
1
2854 197
1
2855 61
1
2856 180
1
2857 25
1
2858 206
1
2859 203
1
2860 169
1
2861 48
1
2862 35
1
2863 40
1
2864 126
1
2865 178
1
2866 125
1
2867 63
1
2868 75
0
1
2869 109
1
2870 167
1
2871 107
1
2872 65
1
2873 50
1
2874 188
1
2875 160
0
0
1
2876 26
1
2877 9
0
1
2878 224
1
2879 172
1
2880 184
1
2881 123
1
2882 227
1
2883 214
1
2884 13
1
2885 124
1
2886 158
1
2887 64
1
2888 184
1
2889 112
1
2890 197
1
2891 100
1
2892 47
0
1
2893 196
1
2894 222
1
2895 168
1
2896 107
1
2897 180
1
2898 30
1
2899 196
0
1
2900 93
1
2901 198
1
2902 170
0
1
2903 112
1
2904 40
1
2905 154
1
2906 98
0
1
2907 166
1
2908 74
0
1
2909 129
1
2910 147
1
2911 35
1
2912 66
1
2913 197
1
2914 145
1
2915 67
1
2916 177
1
2917 66
1
2918 222
1
2919 40
1
2920 187
1
2921 89
1
2922 37
1
2923 137
1
2924 202
1
2925 50
0
1
2926 13
0
1
2927 3
1
2928 169
1
2929 119
1
2930 138
1
2931 192
0
0
1
2932 145
0
1
2933 139
1
2934 10
1
2935 83
1
2936 145
1
2937 173
1
2938 76
1
2939 140
1
2940 227
1
2941 204
1
2942 133
1
2943 86
1
2944 130
1
2945 26
1
2946 223
0
1
2947 75
1
2948 32
1
2949 201
1
2950 63
1
2951 96
0
1
2952 162
0
1
2953 148
1
2954 216
1
2955 176
1
2956 125
0
1
2957 192
1
2958 74
1
2959 147
0
1
2960 30
1
2961 161
1
2962 123
1
2963 54
0
0
1
2964 13
1
2965 167
1
2966 125
0
1
2967 19
1
2968 63
1
2969 69
1
2970 4
1
2971 152
1
2972 59
0
1
2973 60
1
2974 164
1
2975 182
0
1
2976 104
1
2977 152
1
2978 179
1
2979 134
1
2980 112
1
2981 115
1
2982 195
1
2983 27
1
2984 57
1
2985 63
1
2986 85
1
2987 54
1
2988 193
1
2989 71
1
2990 129
1
2991 218
1
2992 118
1
2993 163
1
2994 38
1
2995 78
1
2996 82
1
2997 12
1
2998 140
1
2999 174
1
3000 165
1
3001 31
1
3002 116
1
3003 211
1
3004 78
1
3005 204
1
3006 127
1
3007 85
1
3008 166
1
3009 161
1
3010 143
1
3011 205
1
3012 90
1
3013 202
1
3014 77
1
3015 68
0
1
3016 92
1
3017 97
1
3018 184
1
3019 90
1
3020 10
1
3021 225
1
3022 216
0
1
3023 21
1
3024 99
1
3025 53
1
3026 19
1
3027 171
1
3028 69
1
3029 171
1
3030 91
1
3031 175
1
3032 202
1
3033 201
1
3034 214
1
3035 104
0
1
3036 73
1
3037 38
0
1
3038 65
1
3039 2
1
3040 80
1
3041 152
1
3042 107
1
3043 43
1
3044 82
1
3045 129
1
3046 105
1
3047 102
0
1
3048 216
1
3049 207
0
1
3050 178
1
3051 58
1
3052 167
1
3053 175
0
1
3054 115
1
3055 19
1
3056 198
1
3057 156
1
3058 170
1
3059 145
1
3060 144
1
3061 213
1
3062 161
1
3063 184
0
1
3064 135
1
3065 97
0
1
3066 149
1
3067 98
1
3068 212
1
3069 205
1
3070 63
1
3071 30
1
3072 182
1
3073 89
1
3074 82
1
3075 79
1
3076 212
1
3077 144
1
3078 56
0
1
3079 36
0
1
3080 181
1
3081 78
1
3082 204
1
3083 5
1
3084 131
1
3085 87
1
3086 131
1
3087 45
1
3088 90
1
3089 176
1
3090 177
1
3091 174
1
3092 2
1
3093 214
1
3094 120
1
3095 109
1
3096 48
1
3097 209
1
3098 150
1
3099 195
1
3100 75
1
3101 195
1
3102 148
1
3103 80
1
3104 91
1
3105 211
1
3106 44
1
3107 137
1
3108 4
1
3109 98
1
3110 193
1
3111 145
1
3112 113
1
3113 100
1
3114 100
1
3115 181
1
3116 44
1
3117 4
1
3118 184
1
3119 121
1
3120 40
1
3121 158
1
3122 162
1
3123 114
1
3124 82
1
3125 163
1
3126 140
1
3127 123
1
3128 15
1
3129 187
1
3130 148
1
3131 114
0
1
3132 189
1
3133 53
0
1
3134 116
1
3135 155
1
3136 112
1
3137 107
1
3138 64
1
3139 67
1
3140 200
1
3141 214
0
1
3142 87
1
3143 113
1
3144 219
0
1
3145 66
1
3146 215
0
1
3147 160
1
3148 138
1
3149 29
1
3150 151
1
3151 32
1
3152 161
1
3153 127
1
3154 211
1
3155 38
1
3156 126
1
3157 28
1
3158 204
1
3159 173
1
3160 40
0
0
0
1
3161 12
0
1
3162 166
1
3163 179
1
3164 74
1
3165 162
1
3166 116
1
3167 24
1
3168 119
1
3169 63
1
3170 113
0
1
3171 19
1
3172 40
1
3173 171
1
3174 190
1
3175 131
0
0
1
3176 59
1
3177 3
1
3178 107
1
3179 174
1
3180 32
0
1
3181 57
1
3182 113
1
3183 13
0
1
3184 125
1
3185 161
0
1
3186 136
1
3187 157
0
1
3188 48
1
3189 56
1
3190 186
1
3191 38
1
3192 132
1
3193 168
1
3194 26
1
3195 18
1
3196 163
1
3197 197
0
1
3198 191
1
3199 209
1
3200 28
1
3201 213
1
3202 210
1
3203 109
1
3204 212
1
3205 223
1
3206 214
0
1
3207 152
1
3208 114
1
3209 175
1
3210 145
1
3211 63
1
3212 204
1
3213 198
0
1
3214 192
1
3215 171
1
3216 218
1
3217 38
0
1
3218 73
0
0
1
3219 154
1
3220 38
1
3221 111
1
3222 110
1
3223 197
1
3224 215
1
3225 214
1
3226 61
1
3227 128
1
3228 177
1
3229 196
1
3230 206
1
3231 104
1
3232 175
1
3233 77
1
3234 196
1
3235 212
1
3236 193
1
3237 185
1
3238 196
1
3239 69
0
1
3240 225
1
3241 52
1
3242 109
1
3243 203
1
3244 204
1
3245 3
1
3246 108
1
3247 64
1
3248 4
1
3249 198
1
3250 153
1
3251 94
1
3252 95
1
3253 58
1
3254 88
1
3255 74
1
3256 117
1
3257 60
1
3258 4
1
3259 11
1
3260 213
1
3261 132
1
3262 87
1
3263 222
1
3264 46
1
3265 149
1
3266 219
1
3267 212
1
3268 145
1
3269 9
0
1
3270 13
1
3271 129
1
3272 6
1
3273 173
1
3274 92
1
3275 115
1
3276 144
1
3277 148
1
3278 23
0
1
3279 130
1
3280 72
1
3281 179
1
3282 16
1
3283 215
1
3284 163
1
3285 222
1
3286 218
1
3287 216
1
3288 221
1
3289 81
1
3290 46
1
3291 129
1
3292 216
1
3293 205
1
3294 166
1
3295 70
1
3296 131
1
3297 131
1
3298 104
1
3299 135
1
3300 186
1
3301 187
1
3302 131
1
3303 174
1
3304 11
1
3305 121
1
3306 187
1
3307 81
1
3308 56
1
3309 152
1
3310 175
0
0
1
3311 161
1
3312 140
1
3313 31
1
3314 31
1
3315 224
1
3316 130
1
3317 226
1
3318 74
1
3319 154
1
3320 84
1
3321 61
1
3322 130
1
3323 155
1
3324 215
1
3325 74
1
3326 153
1
3327 205
1
3328 5
1
3329 85
0
1
3330 106
1
3331 11
1
3332 76
1
3333 213
1
3334 74
0
1
3335 133
0
1
3336 193
1
3337 47
1
3338 64
1
3339 118
1
3340 191
1
3341 41
1
3342 13
1
3343 25
1
3344 107
1
3345 137
1
3346 202
1
3347 12
1
3348 179
1
3349 23
1
3350 23
1
3351 103
1
3352 100
1
3353 40
1
3354 183
1
3355 170
1
3356 192
0
1
3357 87
0
1
3358 189
1
3359 48
0
1
3360 215
1
3361 193
1
3362 221
1
3363 221
1
3364 196
1
3365 216
1
3366 113
1
3367 160
1
3368 68
1
3369 30
1
3370 96
1
3371 23
1
3372 191
1
3373 224
1
3374 58
0
1
3375 177
1
3376 67
1
3377 27
1
3378 178
1
3379 21
1
3380 142
1
3381 196
1
3382 225
1
3383 88
1
3384 66
1
3385 18
1
3386 122
1
3387 175
1
3388 161
1
3389 38
1
3390 206
1
3391 61
1
3392 118
1
3393 96
1
3394 153
1
3395 191
1
3396 203
1
3397 224
1
3398 116
1
3399 120
1
3400 172
1
3401 3
1
3402 36
1
3403 185
1
3404 73
1
3405 180
1
3406 172
1
3407 170
1
3408 104
1
3409 107
1
3410 85
1
3411 130
1
3412 135
1
3413 158
0
1
3414 11
1
3415 58
1
3416 30
1
3417 69
1
3418 139
1
3419 90
1
3420 33
1
3421 205
1
3422 173
1
3423 56
1
3424 217
1
3425 35
1
3426 123
1
3427 37
1
3428 137
0
1
3429 76
1
3430 33
1
3431 66
1
3432 138
1
3433 136
1
3434 103
1
3435 163
1
3436 180
1
3437 32
1
3438 140
1
3439 45
1
3440 122
1
3441 3
1
3442 113
1
3443 191
1
3444 117
1
3445 94
1
3446 115
1
3447 71
1
3448 126
1
3449 88
1
3450 215
1
3451 211
1
3452 176
1
3453 11
0
1
3454 178
1
3455 43
0
1
3456 70
1
3457 64
0
1
3458 181
1
3459 159
1
3460 126
1
3461 67
1
3462 123
1
3463 169
1
3464 127
1
3465 185
1
3466 117
1
3467 75
1
3468 157
1
3469 129
1
3470 213
1
3471 8
1
3472 121
1
3473 68
1
3474 120
1
3475 195
1
3476 68
1
3477 140
0
1
3478 22
1
3479 171
1
3480 218
1
3481 116
1
3482 61
1
3483 82
1
3484 199
1
3485 18
1
3486 210
1
3487 65
1
3488 160
1
3489 199
1
3490 105
1
3491 207
1
3492 120
1
3493 191
1
3494 170
1
3495 16
1
3496 5
1
3497 204
1
3498 19
1
3499 173
1
3500 2
1
3501 77
1
3502 172
1
3503 204
1
3504 139
1
3505 163
1
3506 175
1
3507 197
1
3508 128
1
3509 49
1
3510 138
1
3511 36
1
3512 221
1
3513 64
1
3514 180
1
3515 68
1
3516 31
1
3517 115
1
3518 144
1
3519 90
1
3520 216
1
3521 187
1
3522 34
1
3523 214
1
3524 183
1
3525 71
1
3526 56
1
3527 124
1
3528 144
1
3529 109
1
3530 122
1
3531 115
1
3532 33
1
3533 130
1
3534 113
1
3535 180
1
3536 119
1
3537 221
1
3538 110
1
3539 192
1
3540 47
1
3541 67
1
3542 155
1
3543 166
1
3544 224
1
3545 81
1
3546 143
1
3547 210
1
3548 107
1
3549 198
1
3550 60
1
3551 132
1
3552 227
1
3553 164
1
3554 59
1
3555 196
1
3556 99
1
3557 12
1
3558 51
1
3559 32
1
3560 83
1
3561 186
1
3562 13
1
3563 161
1
3564 225
1
3565 42
1
3566 19
1
3567 137
1
3568 21
1
3569 174
1
3570 185
1
3571 35
1
3572 80
1
3573 181
1
3574 221
1
3575 21
1
3576 156
1
3577 130
1
3578 104
1
3579 22
1
3580 50
1
3581 129
1
3582 63
1
3583 52
1
3584 149
1
3585 19
1
3586 48
1
3587 64
1
3588 130
1
3589 176
1
3590 212
1
3591 60
1
3592 31
1
3593 29
1
3594 223
1
3595 204
1
3596 173
1
3597 206
1
3598 74
1
3599 72
1
3600 106
1
3601 44
1
3602 146
1
3603 215
1
3604 146
1
3605 139
1
3606 124
1
3607 162
1
3608 196
1
3609 139
1
3610 168
1
3611 182
1
3612 198
1
3613 58
1
3614 113
1
3615 89
1
3616 166
1
3617 131
1
3618 126
1
3619 62
1
3620 89
1
3621 137
1
3622 197
1
3623 74
1
3624 24
1
3625 205
1
3626 213
1
3627 163
1
3628 162
1
3629 19
1
3630 196
1
3631 36
1
3632 189
1
3633 186
1
3634 70
1
3635 126
1
3636 83
1
3637 22
1
3638 57
1
3639 216
1
3640 223
1
3641 19
1
3642 38
1
3643 213
1
3644 8
1
3645 78
1
3646 10
1
3647 74
1
3648 25
1
3649 202
1
3650 150
1
3651 224
1
3652 36
1
3653 190
1
3654 69
1
3655 131
1
3656 169
1
3657 153
1
3658 166
1
3659 131
1
3660 142
1
3661 132
1
3662 27
1
3663 184
1
3664 41
0
1
3665 131
0
1
3666 216
1
3667 130
1
3668 70
1
3669 227
1
3670 113
1
3671 202
1
3672 95
1
3673 116
1
3674 190
1
3675 44
1
3676 134
1
3677 43
1
3678 215
1
3679 196
1
3680 118
1
3681 94
1
3682 79
1
3683 99
1
3684 80
1
3685 182
1
3686 59
1
3687 188
1
3688 194
1
3689 197
1
3690 100
1
3691 191
1
3692 158
1
3693 112
1
3694 74
1
3695 51
1
3696 106
1
3697 61
1
3698 217
1
3699 140
1
3700 220
1
3701 112
1
3702 69
1
3703 33
1
3704 48
1
3705 69
1
3706 49
1
3707 15
1
3708 70
1
3709 42
1
3710 153
1
3711 170
1
3712 74
1
3713 40
1
3714 176
1
3715 152
1
3716 66
1
3717 121
1
3718 105
1
3719 113
1
3720 132
1
3721 216
1
3722 142
1
3723 63
1
3724 186
1
3725 35
1
3726 115
1
3727 107
1
3728 192
1
3729 161
1
3730 100
1
3731 117
1
3732 32
1
3733 109
1
3734 205
1
3735 136
1
3736 215
1
3737 51
1
3738 199
1
3739 55
1
3740 51
1
3741 107
1
3742 87
1
3743 127
1
3744 161
1
3745 25
1
3746 203
1
3747 141
1
3748 10
1
3749 67
1
3750 69
1
3751 5
1
3752 40
1
3753 168
1
3754 185
1
3755 148
1
3756 6
1
3757 130
1
3758 223
1
3759 88
1
3760 179
1
3761 101
1
3762 122
1
3763 142
1
3764 77
1
3765 141
1
3766 226
1
3767 50
1
3768 61
1
3769 160
1
3770 128
1
3771 175
1
3772 197
1
3773 38
1
3774 224
1
3775 188
1
3776 28
1
3777 75
1
3778 110
1
3779 89
1
3780 35
1
3781 149
1
3782 60
1
3783 99
1
3784 160
1
3785 172
1
3786 145
1
3787 205
1
3788 83
1
3789 207
1
3790 181
1
3791 215
1
3792 50
1
3793 210
1
3794 36
1
3795 172
1
3796 39
1
3797 48
1
3798 39
1
3799 171
1
3800 94
1
3801 97
1
3802 100
1
3803 35
1
3804 11
1
3805 215
1
3806 169
1
3807 65
1
3808 64
1
3809 159
1
3810 178
1
3811 6
1
3812 175
1
3813 129
1
3814 214
1
3815 87
1
3816 7
1
3817 197
1
3818 120
1
3819 32
1
3820 11
1
3821 43
1
3822 10
1
3823 67
1
3824 61
1
3825 210
1
3826 100
1
3827 159
1
3828 194
1
3829 15
1
3830 87
1
3831 211
1
3832 207
1
3833 197
1
3834 170
1
3835 156
1
3836 157
1
3837 169
1
3838 64
1
3839 34
1
3840 107
1
3841 81
1
3842 164
1
3843 192
1
3844 80
1
3845 6
1
3846 160
1
3847 201
1
3848 215
1
3849 112
1
3850 91
1
3851 97
1
3852 168
1
3853 206
1
3854 50
1
3855 205
1
3856 98
1
3857 62
1
3858 166
1
3859 105
1
3860 8
1
3861 111
1
3862 114
1
3863 120
1
3864 138
1
3865 140
1
3866 67
1
3867 197
1
3868 91
1
3869 69
1
3870 189
1
3871 225
1
3872 4
1
3873 129
1
3874 2
1
3875 66
1
3876 200
1
3877 110
1
3878 110
1
3879 32
1
3880 118
1
3881 10
1
3882 129
1
3883 177
1
3884 196
1
3885 111
1
3886 88
1
3887 147
1
3888 35
1
3889 140
1
3890 129
1
3891 27
1
3892 206
1
3893 64
1
3894 129
1
3895 157
1
3896 57
1
3897 126
1
3898 2
1
3899 207
1
3900 30
1
3901 216
1
3902 11
1
3903 31
1
3904 75
1
3905 52
1
3906 31
1
3907 94
1
3908 22
1
3909 63
0
1
3910 158
1
3911 106
1
3912 86
1
3913 175
1
3914 194
1
3915 45
1
3916 148
1
3917 98
1
3918 165
1
3919 81
1
3920 69
1
3921 148
1
3922 74
1
3923 50
0
1
3924 112
1
3925 215
1
3926 157
1
3927 204
1
3928 74
1
3929 183
1
3930 64
1
3931 120
1
3932 52
1
3933 137
1
3934 216
1
3935 149
1
3936 40
1
3937 88
1
3938 53
1
3939 172
1
3940 51
1
3941 34
0
1
3942 163
1
3943 143
1
3944 210
1
3945 62
1
3946 32
1
3947 56
1
3948 72
0
1
3949 118
1
3950 202
1
3951 75
0
1
3952 157
1
3953 67
1
3954 81
1
3955 88
1
3956 191
1
3957 134
1
3958 15
1
3959 204
1
3960 146
1
3961 133
1
3962 38
1
3963 210
1
3964 160
0
1
3965 126
1
3966 203
1
3967 95
1
3968 123
1
3969 107
1
3970 111
1
3971 215
1
3972 181
1
3973 48
1
3974 189
0
1
3975 90
1
3976 177
1
3977 74
1
3978 29
1
3979 80
1
3980 221
1
3981 66
1
3982 16
1
3983 134
1
3984 138
1
3985 87
1
3986 35
1
3987 96
1
3988 43
1
3989 44
1
3990 129
1
3991 128
1
3992 126
1
3993 188
1
3994 196
1
3995 125
1
3996 11
1
3997 131
1
3998 224
0
1
3999 130
1
4000 92
1
4001 152
1
4002 12
1
4003 198
1
4004 77
1
4005 147
0
1
4006 63
1
4007 101
1
4008 212
1
4009 43
1
4010 222
1
4011 61
1
4012 80
1
4013 11
1
4014 5
1
4015 173
1
4016 214
1
4017 127
1
4018 11
1
4019 204
1
4020 186
1
4021 85
1
4022 11
1
4023 200
1
4024 91
1
4025 149
0
1
4026 51
1
4027 119
1
4028 146
1
4029 99
1
4030 41
1
4031 138
1
4032 70
1
4033 123
0
0
1
4034 226
1
4035 54
1
4036 123
1
4037 184
1
4038 179
1
4039 122
1
4040 42
0
1
4041 12
1
4042 48
1
4043 145
1
4044 225
1
4045 28
1
4046 53
1
4047 32
1
4048 92
1
4049 58
1
4050 210
1
4051 70
1
4052 50
1
4053 80
1
4054 20
1
4055 99
0
1
4056 51
1
4057 184
1
4058 90
1
4059 80
1
4060 137
1
4061 128
1
4062 61
1
4063 26
1
4064 183
1
4065 3
1
4066 172
0
1
4067 179
1
4068 84
0
1
4069 45
1
4070 10
1
4071 188
1
4072 223
1
4073 212
0
1
4074 75
1
4075 60
1
4076 22
1
4077 42
1
4078 97
1
4079 140
1
4080 120
1
4081 172
1
4082 66
1
4083 164
1
4084 220
1
4085 49
1
4086 139
1
4087 48
1
4088 34
1
4089 55
1
4090 62
1
4091 161
0
1
4092 222
1
4093 161
1
4094 9
0
1
4095 85
1
4096 93
1
4097 99
1
4098 226
1
4099 198
0
1
4100 17
1
4101 15
1
4102 126
1
4103 28
0
1
4104 175
1
4105 109
1
4106 152
1
4107 192
1
4108 70
1
4109 78
1
4110 158
1
4111 23
1
4112 155
0
1
4113 219
1
4114 48
0
1
4115 125
0
0
1
4116 37
1
4117 204
1
4118 185
0
0
1
4119 74
1
4120 28
1
4121 41
1
4122 90
1
4123 196
1
4124 92
1
4125 214
1
4126 74
1
4127 143
1
4128 41
1
4129 60
1
4130 93
1
4131 70
1
4132 9
1
4133 4
1
4134 137
0
1
4135 73
1
4136 56
1
4137 85
1
4138 93
1
4139 28
1
4140 11
1
4141 29
1
4142 148
1
4143 224
0
0
1
4144 118
0
1
4145 61
1
4146 215
1
4147 66
1
4148 52
1
4149 151
0
1
4150 197
1
4151 129
1
4152 96
1
4153 170
1
4154 137
0
1
4155 206
1
4156 170
1
4157 170
0
1
4158 48
1
4159 31
1
4160 134
1
4161 205
1
4162 36
1
4163 90
1
4164 134
1
4165 166
0
0
1
4166 216
1
4167 43
0
1
4168 79
0
0
1
4169 62
1
4170 98
0
1
4171 100
1
4172 182
0
1
4173 107
1
4174 70
1
4175 97
1
4176 26
1
4177 196
1
4178 192
1
4179 215
1
4180 133
0
1
4181 32
1
4182 97
1
4183 116
1
4184 185
0
1
4185 84
1
4186 19
0
1
4187 161
1
4188 174
1
4189 38
1
4190 69
1
4191 142
1
4192 74
0
0
0
1
4193 92
0
0
1
4194 129
1
4195 88
0
1
4196 7
1
4197 161
1
4198 206
0
0
1
4199 93
0
1
4200 121
1
4201 45
1
4202 138
1
4203 36
1
4204 96
1
4205 79
1
4206 96
0
1
4207 46
0
1
4208 147
1
4209 204
0
1
4210 216
1
4211 111
0
1
4212 205
1
4213 194
1
4214 186
1
4215 213
1
4216 152
1
4217 128
1
4218 80
0
1
4219 89
1
4220 211
0
0
1
4221 63
1
4222 191
1
4223 216
0
1
4224 123
1
4225 132
1
4226 192
0
1
4227 223
1
4228 152
0
1
4229 94
1
4230 165
1
4231 175
1
4232 17
0
1
4233 156
0
1
4234 107
1
4235 61
1
4236 13
1
4237 106
1
4238 49
1
4239 115
0
1
4240 206
0
0
0
1
4241 137
1
4242 118
1
4243 195
1
4244 114
1
4245 121
0
1
4246 50
0
1
4247 31
1
4248 38
1
4249 210
1
4250 97
1
4251 161
1
4252 180
0
1
4253 182
1
4254 34
1
4255 181
1
4256 25
1
4257 59
1
4258 154
1
4259 64
1
4260 65
1
4261 73
0
1
4262 23
0
0
1
4263 30
1
4264 35
1
4265 201
1
4266 5
0
1
4267 89
0
1
4268 8
0
1
4269 208
1
4270 140
1
4271 83
1
4272 55
0
1
4273 139
1
4274 136
1
4275 4
1
4276 65
1
4277 205
0
1
4278 223
0
1
4279 114
0
1
4280 185
1
4281 11
1
4282 11
1
4283 199
1
4284 104
1
4285 219
1
4286 133
1
4287 24
1
4288 168
1
4289 191
1
4290 62
1
4291 59
1
4292 111
1
4293 130
0
1
4294 144
1
4295 72
1
4296 138
0
1
4297 116
0
0
1
4298 149
1
4299 174
1
4300 15
1
4301 180
0
1
4302 36
1
4303 186
1
4304 45
1
4305 35
1
4306 73
0
1
4307 181
1
4308 215
1
4309 7
0
0
1
4310 170
1
4311 213
0
0
1
4312 78
1
4313 160
1
4314 53
0
0
1
4315 113
1
4316 171
0
0
1
4317 55
1
4318 74
1
4319 162
1
4320 205
1
4321 118
0
0
1
4322 189
1
4323 34
1
4324 56
1
4325 60
0
1
4326 135
1
4327 128
1
4328 76
1
4329 79
1
4330 174
1
4331 100
1
4332 68
1
4333 21
0
1
4334 170
0
1
4335 25
0
1
4336 76
1
4337 123
1
4338 181
1
4339 68
1
4340 152
0
0
1
4341 158
1
4342 52
1
4343 37
1
4344 131
0
1
4345 50
1
4346 77
1
4347 216
0
1
4348 194
1
4349 153
1
4350 146
1
4351 204
1
4352 109
1
4353 16
1
4354 84
0
1
4355 126
1
4356 196
1
4357 139
0
1
4358 203
1
4359 101
1
4360 32
0
1
4361 72
1
4362 64
1
4363 117
1
4364 152
0
1
4365 66
0
1
4366 63
1
4367 198
1
4368 8
1
4369 130
1
4370 71
0
1
4371 30
0
0
0
0
1
4372 112
0
0
0
0
1
4373 215
1
4374 148
0
1
4375 140
1
4376 153
1
4377 198
1
4378 188
1
4379 142
0
1
4380 99
1
4381 19
0
1
4382 92
1
4383 119
0
1
4384 205
0
1
4385 117
0
0
1
4386 129
1
4387 160
1
4388 122
1
4389 176
1
4390 216
0
1
4391 5
0
1
4392 30
1
4393 78
0
0
1
4394 114
1
4395 185
1
4396 192
0
1
4397 11
1
4398 173
0
0
1
4399 79
1
4400 68
0
0
1
4401 4
1
4402 134
0
0
0
1
4403 223
0
0
1
4404 35
1
4405 28
1
4406 112
1
4407 177
1
4408 209
0
1
4409 115
1
4410 123
0
1
4411 76
0
0
0
0
1
4412 207
1
4413 20
1
4414 220
0
0
1
4415 8
1
4416 191
1
4417 107
1
4418 112
1
4419 95
1
4420 66
1
4421 222
0
1
4422 2
1
4423 74
0
1
4424 191
1
4425 152
0
1
4426 115
1
4427 59
1
4428 21
0
1
4429 184
1
4430 45
1
4431 70
1
4432 57
1
4433 120
0
1
4434 29
0
1
4435 108
1
4436 107
0
1
4437 203
1
4438 43
1
4439 20
1
4440 38
0
1
4441 45
1
4442 48
0
1
4443 64
1
4444 65
0
0
0
1
4445 56
0
0
0
1
4446 39
0
1
4447 20
1
4448 72
0
1
4449 165
1
4450 226
1
4451 83
1
4452 83
0
1
4453 62
1
4454 216
0
0
1
4455 200
1
4456 82
1
4457 125
1
4458 4
1
4459 53
1
4460 216
1
4461 97
0
1
4462 209
1
4463 39
1
4464 103
1
4465 21
0
0
0
0
1
4466 170
0
1
4467 46
0
1
4468 138
0
1
4469 155
1
4470 33
0
1
4471 41
1
4472 67
1
4473 30
0
0
1
4474 12
0
1
4475 62
1
4476 73
1
4477 35
1
4478 69
0
1
4479 165
1
4480 161
1
4481 170
1
4482 167
0
0
0
0
0
0
1
4483 17
0
1
4484 105
1
4485 224
1
4486 5
0
0
0
1
4487 223
0
1
4488 123
1
4489 192
1
4490 171
1
4491 33
1
4492 79
1
4493 138
0
0
1
4494 129
1
4495 131
1
4496 117
1
4497 54
1
4498 60
1
4499 175
1
4500 143
1
4501 76
1
4502 26
1
4503 96
1
4504 122
1
4505 152
1
4506 205
1
4507 90
0
1
4508 129
0
0
1
4509 72
0
1
4510 185
1
4511 182
0
0
0
1
4512 159
0
0
0
0
1
4513 215
0
0
1
4514 74
1
4515 7
0
0
0
0
1
4516 129
1
4517 49
0
0
0
0
1
4518 97
0
1
4519 59
1
4520 7
1
4521 141
0
0
0
0
0
1
4522 37
0
1
4523 76
1
4524 104
1
4525 175
1
4526 193
0
0
1
4527 161
0
0
1
4528 137
0
1
4529 137
1
4530 199
1
4531 126
0
1
4532 196
1
4533 169
0
1
4534 57
1
4535 158
0
0
1
4536 225
1
4537 180
0
1
4538 219
0
0
1
4539 69
1
4540 196
0
0
0
1
4541 193
0
0
0
1
4542 50
1
4543 203
1
4544 225
1
4545 166
1
4546 97
1
4547 195
1
4548 44
0
1
4549 227
1
4550 117
0
1
4551 127
0
1
4552 139
1
4553 11
0
0
1
4554 95
1
4555 188
1
4556 18
1
4557 133
1
4558 225
1
4559 66
0
1
4560 177
0
1
4561 73
1
4562 33
1
4563 2
0
0
1
4564 7
0
1
4565 196
0
1
4566 45
1
4567 188
0
0
1
4568 95
0
1
4569 88
0
1
4570 31
1
4571 160
1
4572 161
1
4573 45
0
0
0
1
4574 73
1
4575 127
0
0
0
0
0
1
4576 154
1
4577 203
0
1
4578 34
0
1
4579 167
0
1
4580 159
1
4581 56
0
1
4582 16
1
4583 33
0
0
0
0
1
4584 86
1
4585 211
1
4586 5
0
0
0
0
0
0
1
4587 133
1
4588 13
0
0
0
1
4589 12
0
0
0
0
1
4590 139
0
1
4591 182
0
0
0
1
4592 42
0
1
4593 140
1
4594 149
1
4595 26
1
4596 154
1
4597 124
0
1
4598 56
1
4599 191
1
4600 203
0
0
0
1
4601 73
0
1
4602 36
1
4603 165
0
1
4604 62
0
0
1
4605 195
0
1
4606 131
0
0
0
1
4607 24
1
4608 196
0
0
1
4609 69
0
1
4610 175
0
1
4611 32
1
4612 129
1
4613 177
0
0
1
4614 113
1
4615 191
1
4616 87
1
4617 68
0
0
1
4618 10
0
0
0
0
0
1
4619 161
0
0
0
1
4620 51
0
1
4621 216
1
4622 50
0
0
0
1
4623 79
0
1
4624 196
0
0
0
0
0
1
4625 165
1
4626 58
0
1
4627 155
1
4628 13
0
0
1
4629 156
1
4630 198
0
1
4631 72
0
0
0
0
0
1
4632 101
1
4633 93
1
4634 136
0
0
0
0
1
4635 72
0
0
0
0
0
1
4636 12
1
4637 74
1
4638 210
1
4639 27
0
0
0
1
4640 12
1
4641 26
0
0
0
1
4642 44
0
1
4643 70
0
1
4644 216
0
0
0
1
4645 213
1
4646 11
0
1
4647 23
1
4648 49
1
4649 54
0
1
4650 117
0
1
4651 198
1
4652 89
0
0
0
1
4653 170
0
1
4654 158
1
4655 132
1
4656 136
1
4657 185
0
0
1
4658 84
1
4659 7
1
4660 201
0
0
1
4661 99
0
0
0
0
0
0
0
0
0
1
4662 63
0
0
1
4663 133
1
4664 88
0
1
4665 167
0
0
0
0
0
0
1
4666 185
0
0
1
4667 76
0
1
4668 126
0
1
4669 52
0
0
1
4670 97
1
4671 156
0
0
0
1
4672 152
1
4673 150
1
4674 188
0
0
0
0
1
4675 29
0
0
1
4676 40
0
0
1
4677 43
1
4678 143
0
0
0
0
1
4679 38
0
0
1
4680 160
0
1
4681 150
1
4682 143
1
4683 38
0
0
0
0
0
0
1
4684 24
1
4685 55
0
0
0
0
0
1
4686 74
0
0
0
0
0
0
0
1
4687 85
1
4688 175
0
1
4689 100
0
1
4690 182
0
1
4691 72
0
0
1
4692 195
0
1
4693 51
0
0
0
1
4694 89
1
4695 35
1
4696 189
0
0
1
4697 11
0
0
1
4698 128
0
0
0
0
0
1
4699 129
0
1
4700 209
0
0
0
0
0
0
0
0
0
1
4701 34
0
1
4702 18
1
4703 175
0
0
1
4704 161
0
0
0
0
0
0
0
0
0
0
1
4705 169
0
0
0
0
1
4706 208
0
0
0
1
4707 220
0
1
4708 192
0
0
0
1
4709 87
1
4710 169
1
4711 133
1
4712 196
1
4713 57
0
0
1
4714 66
0
0
1
4715 85
0
0
0
1
4716 122
0
1
4717 193
0
0
0
0
1
4718 20
1
4719 122
1
4720 40
0
0
0
0
0
0
1
4721 180
1
4722 204
0
1
4723 95
0
1
4724 27
1
4725 17
1
4726 203
0
0
1
4727 95
0
0
1
4728 57
1
4729 181
1
4730 36
0
0
1
4731 178
0
0
1
4732 47
1
4733 226
0
0
1
4734 76
1
4735 131
0
0
0
0
0
0
1
4736 117
1
4737 139
0
1
4738 161
0
1
4739 175
0
1
4740 61
1
4741 171
1
4742 55
0
1
4743 8
0
0
1
4744 50
1
4745 104
0
1
4746 95
0
0
1
4747 143
0
0
0
1
4748 127
0
0
0
0
0
0
1
4749 57
1
4750 190
1
4751 63
0
0
0
0
0
0
0
1
4752 205
0
0
0
1
4753 17
0
1
4754 50
0
0
0
1
4755 55
0
0
0
1
4756 140
1
4757 204
0
1
4758 178
1
4759 219
1
4760 76
1
4761 136
0
0
1
4762 130
0
0
0
0
0
0
0
1
4763 99
0
0
0
1
4764 63
0
0
0
0
0
0
0
0
0
0
0
0
0
1
4765 11
0
0
0
0
0
1
4766 70
0
0
0
0
0
1
4767 86
1
4768 191
0
0
0
0
0
0
0
0
0
0
0
0
0
1
4769 186
0
0
0
0
0
1
4770 138
0
0
0
0
0
0
0
0
0
1
4771 227
0
0
0
1
4772 126
0
0
0
0
1
4773 169
0
0
0
0
0
0
0
0
0
1
4774 19
0
0
0
0
0
0
0
0
0
0
0
0
0
0
0
0
1
4775 59
0
0
0
0
0
0
0
0
1
4776 92
0
0
0
0
0
0
0
0
0
1
4777 104
0
0
0
0
0
0
0
0
0
0
0
0
0
0
0
0
0
0
0
0
0
0
0
0
0
0
1
4778 210
0
0
0
0
0
0
0
0
1
4779 41
0
0
0
0
1
4780 32
0
0
0
0
1
4781 66
0
0
0
0
0
0
0
0
0
0
0
0
0
0
0
0
0
0
0
0
0
0
0
0
0
0
0
1
4782 73
0
0
0
0
0
0
0
0
0
0
1
4783 121
0
0
0
0
0
0
0
0
0
0
0
0
0
0
0
0
0
0
0
0
0
1
4784 166
0
0
0
0
0
0
0
0
0
0
0
0
0
1
4785 49
0
0
0
0
0
0
0
1
4786 186
0
0
1
4787 26
0
0
0
0
1
4788 113
0
0
1
4789 37
0
0
0
0
0
0
0
0
0
0
0
0
0
0
0
0
0
0
0
0
0
0
0
0
1
4790 32
0
0
0
0
1
4791 158
0
0
0
0
0
0
0
0
0
1
4792 84
0
0
0
0
0
0
0
0
0
0
0
0
0
0
1
4793 188
0
0
0
0
0
0
0
0
0
0
0
0
0
0
0
0
0
0
0
0
0
0
0
0
0
0
0
0
0
0
0
0
0
0
0
0
0
0
0
1
4794 107
0
0
0
0
0
0
0
0
0
0
0
0
0
0
0
0
0
0
0
0
0
0
0
0
0
0
0
0
0
0
0
0
0
0
0
0
0
0
0
0
0
0
0
0
0
0
0
0
0
0
0
0
0
0
0
0
0
0
0
0
0
0
0
0
0
0
0
0
0
0
0
0
0
0
0
0
0
0
0
0
0
0
0
0
0
0
0
0
0
0
0
0
0
0
0
0
0
0
0
0
0
0
0
0
0
0
0
0
0
0
0
0
0
0
0
0
0
0
0
0
0
0
0
0
0
0
0
0
0
0
0
0
0
0
0
0
0
0
0
0
0
0
0
0
0
0
0
0
0
0
0
0
0
0
0
0
0
0
0
0
0
0
0
0
0
0
0
0
0
0
0
0
0
0
0
0
0
0
0
0
0
0
0
0
0
0
0
0
0
0
0
0
0
0
0
0
0
0
0
0
0
0
0
0
0
0
0
0
0
0
0
0
0
0
0
0
0
0
0
0
0
0
0
0
0
0
0
0
0
0
0
0
0
0
0
0
0
0
0
0
0
0
0
0
0
0
0
0
0
0
0
0
0
0
0
0
0
0
0
0
0
0
0
0
0
0
0
0
0
0
0
0
0
0
0
0
0
0
0
0
0
0
0
0
0
0
0
0
0
0
0
0
0
0
0
0
0
0
0
0
0
0
0
0
0
0
0
0
0
0
0
0
0
0
0
0
0
0
0
0
0
0
0
0
0
0
0
0
0
0
0
0
0
0
0
0
0
0
0
0
0
0
0
0
0
0
0
0
0
0
0
0
0
0
0
0
0
0
0
0
0
0
0
0
0
0
0
0
0
0
0
0
0
0
0
0
0
0
0
0
0
0
0
0
0
0
0
0
0
0
0
0
0
0
0
0
0
0
0
0
0
0
0
0
0
0
0
0
0
0
0
0
0
0
0
0
0
0
0
0
0
0
0
0
0
0
0
0
0
0
0
0
0
0
0
0
0
0
0
0
0
0
0
0
0
0
0
0
0
0
0
0
0
0
0
0
0
0
0
0
0
0
0
0
0
0
0
0
0
0
0
0
0
0
0
0
0
0
0
0
0
0
0
0
0
0
0
0
0
0
0
0
0
0
0
0
0
0
0
0
0
0
0
0
0
0
0
0
0
0
0
0
0
0
0
0
0
0
0
0
0
0
