367 633
268 267 4
170 350 5
142 173 4
277 294 3
164 220 4
98 20 2
149 23 3
229 209 3
346 49 3
243 239 3
167 30 3
281 39 1
349 91 2
73 4 4
323 346 4
44 120 4
186 282 4
337 360 3
105 256 3
244 335 4
78 261 2
339 151 5
342 219 3
238 171 2
308 175 4
264 274 3
291 44 3
288 297 3
225 89 3
290 355 5
273 322 4
99 35 3
354 232 3
246 308 2
180 227 4
8 211 4
296 148 5
7 15 2
281 126 3
38 41 4
176 366 3
224 154 4
251 190 4
272 308 2
110 315 4
101 148 3
177 244 2
100 329 3
187 60 4
321 108 3
205 192 3
73 52 3
303 79 2
9 182 2
62 88 3
125 132 3
179 201 2
6 14 3
286 355 4
49 234 3
151 336 3
136 275 5
33 110 3
41 342 2
326 24 4
81 10 3
295 123 4
118 355 4
366 187 4
137 28 3
266 77 3
127 153 3
267 14 3
313 163 2
330 210 3
21 215 4
6 35 2
258 111 4
61 319 4
89 330 3
358 59 3
193 280 3
41 254 3
189 240 4
238 132 3
197 64 5
56 222 5
134 366 3
102 367 3
337 324 4
69 215 3
338 247 4
129 84 4
319 267 3
363 2 3
39 243 4
23 61 3
205 104 3
96 322 4
115 358 3
98 223 3
64 250 3
6 99 3
247 25 3
69 279 5
265 175 3
313 365 5
232 101 3
52 351 4
320 222 3
248 61 4
298 240 4
299 142 3
325 17 4
331 104 3
60 176 3
217 118 2
67 10 3
27 198 4
58 11 4
16 312 3
113 119 5
242 58 5
35 129 3
96 262 3
308 191 3
32 185 3
301 165 4
138 23 3
151 116 5
50 257 3
121 19 3
123 234 4
20 150 3
328 307 2
87 142 4
253 322 3
158 175 3
344 266 1
140 129 3
45 240 4
288 345 4
105 177 4
160 157 4
235 352 3
95 146 3
169 101 3
295 49 4
215 102 3
189 115 4
317 124 2
196 93 3
321 194 2
255 178 4
183 314 3
241 203 5
8 301 3
195 207 3
240 285 2
194 108 2
115 90 2
126 48 3
22 53 3
63 336 4
93 73 2
167 29 5
47 159 5
275 199 3
2 117 3
228 357 3
79 327 4
238 112 2
155 276 3
324 53 4
111 97 3
26 20 3
178 10 2
171 112 2
8 216 5
252 322 4
308 265 3
214 334 4
130 193 2
74 315 2
175 31 4
206 116 4
215 302 3
350 209 2
28 181 3
299 196 5
274 103 4
252 12 2
244 4 3
17 172 6
231 223 4
294 212 4
266 349 4
98 231 3
60 277 2
161 187 2
358 343 1
66 305 3
199 233 3
300 74 3
72 41 5
25 154 4
293 51 4
332 335 4
121 144 5
282 107 3
204 201 3
299 228 3
72 113 3
63 183 2
200 310 2
54 150 5
139 302 4
145 256 3
51 228 3
122 312 2
331 120 5
33 251 4
345 293 3
354 130 4
168 273 5
251 311 4
152 66 4
220 264 3
204 317 3
303 164 3
116 300 4
103 264 3
345 297 3
296 338 3
360 94 2
29 30 5
365 7 2
12 48 4
262 252 2
131 77 5
191 86 2
317 179 3
65 162 4
27 249 3
42 2 3
351 271 4
133 201 4
341 28 3
80 230 3
190 46 3
227 65 4
309 276 3
363 231 3
42 141 3
17 218 5
63 222 2
172 109 3
5 311 3
72 89 3
362 266 3
258 19 2
109 37 2
59 115 4
333 159 2
320 254 3
303 124 4
263 31 3
152 321 3
272 216 2
148 283 5
147 171 3
214 256 3
155 309 5
332 235 2
66 26 4
348 96 4
13 18 3
106 360 2
160 202 3
17 82 5
14 319 2
94 3 3
269 83 5
177 93 2
336 314 4
213 56 2
153 50 5
326 260 3
341 59 3
316 204 2
231 237 3
217 286 4
21 302 2
134 161 4
171 85 4
287 95 4
33 236 3
93 105 4
32 130 3
347 156 5
203 213 3
298 285 3
29 100 3
221 211 4
339 141 4
75 52 5
147 270 4
342 38 4
87 173 3
34 212 2
172 82 3
346 145 3
143 347 2
212 340 3
26 152 3
75 162 3
184 328 4
70 270 4
143 310 3
21 326 2
234 145 4
226 18 5
45 298 4
16 56 3
112 85 4
218 167 3
68 278 4
338 156 3
155 153 2
273 354 4
367 326 3
157 217 2
306 280 3
164 124 2
279 102 3
306 226 4
177 4 4
352 209 3
62 328 3
183 284 3
165 123 4
226 193 2
351 297 5
250 359 3
259 303 4
184 139 5
224 143 3
48 243 1
138 149 4
254 219 3
284 336 4
269 94 3
107 248 6
80 364 3
13 22 6
272 265 4
294 125 5
112 316 4
361 269 3
188 360 4
147 238 5
95 84 3
158 58 4
39 126 2
128 190 4
367 198 3
255 346 2
156 195 3
11 185 2
260 221 4
216 265 3
24 21 4
141 2 2
231 42 3
263 178 3
37 321 2
145 214 3
134 60 3
359 268 4
35 84 5
74 97 3
163 67 3
268 14 2
138 140 4
247 224 4
232 32 4
221 301 3
225 350 2
29 343 4
289 150 3
87 260 4
197 166 4
86 246 3
335 352 3
356 328 3
176 271 3
304 169 3
36 58 4
15 46 5
74 5 3
313 7 3
287 229 4
16 92 3
37 208 4
117 192 3
285 115 3
288 294 3
261 44 3
342 202 4
132 270 4
97 205 3
122 92 2
55 81 5
71 257 5
242 163 4
236 283 3
169 283 3
1 258 3
334 332 4
9 364 3
68 292 3
165 49 2
221 173 2
250 119 1
199 3 4
339 116 3
324 3 2
42 122 3
5 110 3
174 242 3
203 333 3
151 206 3
55 330 4
157 137 3
162 327 3
144 168 4
277 288 4
259 366 3
91 50 1
325 208 3
121 110 3
114 22 4
218 329 4
129 180 3
349 344 2
208 109 3
135 334 3
91 257 5
139 356 2
146 4 4
11 280 3
34 340 2
277 271 4
127 50 3
71 77 4
318 200 5
323 31 4
105 299 3
274 248 4
367 27 5
281 76 5
361 249 2
301 211 2
249 276 5
170 99 3
166 245 3
125 34 3
43 83 3
255 323 4
78 200 3
269 249 2
229 146 4
365 15 2
278 114 4
188 106 2
81 210 3
207 310 4
304 283 4
128 251 3
125 70 3
54 92 4
363 223 3
138 180 4
239 262 1
337 272 3
207 347 3
24 356 4
143 200 4
341 100 2
219 241 5
171 57 3
324 199 3
92 312 3
191 246 2
312 213 2
357 142 3
282 45 3
233 3 2
248 186 4
135 235 2
194 290 3
149 65 2
160 159 3
340 230 5
111 104 2
94 106 4
118 181 3
103 220 2
291 318 4
225 352 3
348 195 4
364 307 5
274 23 2
102 21 2
201 259 2
289 54 3
83 233 4
122 141 4
65 327 4
8 188 5
131 292 2
7 67 2
364 184 4
344 136 4
236 304 2
237 192 3
320 241 1
325 329 3
18 53 3
291 224 3
6 170 3
76 13 3
1 120 3
107 264 3
161 133 4
179 259 4
15 210 5
206 311 3
353 279 3
296 144 2
2 237 4
318 261 4
329 167 5
313 242 3
46 314 3
133 316 3
327 149 3
61 267 2
319 140 4
30 343 3
359 90 3
68 40 2
37 108 3
348 253 4
202 38 3
345 212 3
293 182 4
28 118 4
91 71 4
80 182 3
56 241 4
12 239 3
36 11 2
186 298 4
168 338 3
174 185 3
258 331 3
174 169 5
90 189 4
43 362 2
36 158 2
131 275 4
300 117 3
158 185 4
284 222 3
361 198 3
315 111 3
307 88 3
213 16 3
359 189 3
305 152 3
87 357 3
253 273 5
44 318 4
50 349 3
86 306 4
55 225 3
146 287 4
227 75 3
181 286 3
19 25 5
36 86 5
245 119 5
10 263 5
361 27 2
25 121 3
47 305 5
57 85 3
337 53 3
173 295 3
19 154 3
81 135 4
69 353 3
1 154 3
289 333 3
228 88 4
181 341 4
76 114 4
128 46 3
164 79 2
230 9 4
197 59 3
135 178 3
340 182 3
90 64 4
64 245 3
292 40 4
40 278 3
316 179 3
43 233 4
197 137 4
1 291 3
24 62 4
136 362 2
290 47 3
166 113 5
347 310 3
51 196 4
234 256 2
194 305 3
353 309 5
365 67 1
32 280 3
10000
0
0
0
0
0
0
0
0
0
0
0
0
0
0
0
0
0
0
0
0
0
0
0
0
0
0
0
0
0
0
0
0
0
0
0
0
0
0
0
0
0
0
0
0
0
0
0
0
0
0
0
0
0
0
0
0
0
0
0
0
0
0
0
0
0
0
0
0
0
0
0
0
0
0
0
0
0
0
0
0
0
0
0
0
0
0
0
0
0
0
0
0
0
0
0
0
0
0
0
0
0
0
0
0
0
0
0
0
0
0
0
0
0
0
0
0
0
0
0
0
0
0
0
0
0
0
0
0
0
0
1
1 177
0
0
0
0
0
0
0
0
0
0
0
0
0
0
0
0
0
0
0
0
0
0
0
0
0
0
0
0
0
0
0
0
0
0
0
0
0
0
0
0
0
0
0
0
0
0
0
0
0
0
0
0
0
0
0
0
0
0
0
0
0
0
0
0
0
0
0
0
1
2 357
0
0
0
0
0
0
0
0
0
0
0
0
0
0
0
1
3 147
0
0
1
4 316
0
0
1
5 52
0
0
0
0
0
0
0
0
0
0
0
0
0
0
0
0
0
0
0
0
0
0
0
0
0
0
0
0
0
0
0
0
0
0
0
0
0
0
0
0
0
0
0
0
0
0
0
0
0
0
0
0
0
0
0
1
6 96
0
0
0
0
0
0
0
0
0
0
0
0
0
0
0
1
7 327
0
0
0
0
0
0
0
0
0
0
0
0
0
0
0
0
0
0
0
0
0
0
0
0
1
8 186
0
0
0
0
0
0
1
9 258
0
0
1
10 26
0
0
0
0
0
0
0
0
0
0
0
0
0
0
0
0
1
11 216
0
0
0
0
0
0
0
0
0
0
0
0
0
0
0
0
0
0
0
0
0
0
0
0
0
0
0
0
0
0
0
0
0
0
0
0
0
0
0
0
0
0
0
0
0
0
0
0
0
0
0
0
0
0
0
0
0
0
0
0
0
0
0
0
0
0
0
0
0
0
0
1
12 37
0
0
0
0
0
0
0
0
0
0
1
13 240
0
0
0
0
0
0
0
0
0
0
0
0
0
0
1
14 175
0
0
0
0
0
0
1
15 343
0
0
0
0
0
0
0
0
0
0
0
0
0
0
0
0
0
0
0
0
0
0
0
0
0
0
0
0
0
0
0
0
0
1
16 211
0
0
0
0
0
0
0
0
0
0
0
0
0
0
1
17 29
0
0
0
0
0
0
0
0
0
0
0
0
0
0
0
0
0
0
1
18 167
0
0
0
0
0
0
0
0
0
0
0
0
1
19 330
0
0
0
0
0
0
0
0
0
0
0
0
0
0
1
20 353
0
0
0
0
0
0
0
0
0
0
0
0
0
0
0
0
0
1
21 351
0
0
0
0
0
0
0
0
0
0
1
22 334
0
0
0
0
1
23 351
0
0
0
0
0
0
0
0
0
0
0
0
0
0
0
0
0
1
24 179
0
0
0
0
0
0
0
0
0
0
0
0
1
25 177
0
0
0
0
0
0
0
0
0
0
0
1
26 189
1
27 154
0
0
0
0
0
0
0
0
0
0
0
0
0
0
0
0
0
0
0
1
28 118
1
29 84
0
0
0
0
0
0
0
0
0
0
0
0
0
0
0
0
0
0
0
0
0
0
0
1
30 342
0
0
0
0
0
1
31 234
0
0
0
0
0
0
0
0
0
0
0
0
0
0
0
0
0
0
0
0
0
0
1
32 78
0
0
1
33 5
0
0
0
0
0
0
0
0
0
0
0
0
0
1
34 262
0
0
1
35 36
0
0
0
0
0
0
0
0
0
0
0
0
0
0
0
0
1
36 88
0
0
0
0
0
0
0
0
0
0
0
0
0
0
0
0
0
0
0
0
0
0
0
0
0
0
0
0
0
0
1
37 16
0
0
1
38 333
0
0
0
0
0
0
0
0
0
0
0
1
39 146
0
0
0
0
1
40 173
0
0
0
0
0
1
41 129
0
0
0
0
0
0
0
0
0
0
0
0
0
0
0
0
0
0
0
0
0
0
0
0
0
1
42 364
0
1
43 314
0
0
0
0
0
1
44 225
0
0
1
45 326
0
0
0
0
0
0
1
46 275
0
0
1
47 197
0
1
48 208
0
0
1
49 120
0
0
0
0
0
0
0
0
0
1
50 185
0
0
0
1
51 209
0
0
0
1
52 219
0
0
0
0
0
0
0
0
0
0
0
0
0
0
0
0
0
0
0
0
0
0
0
0
0
0
0
0
0
0
0
0
0
0
0
0
0
0
0
0
0
0
0
0
0
1
53 249
0
0
0
0
0
0
0
0
0
1
54 34
0
0
0
0
0
1
55 255
0
1
56 358
0
0
0
0
0
0
0
1
57 319
0
0
0
0
0
1
58 10
0
0
0
0
0
0
1
59 93
0
0
0
0
0
0
0
0
0
0
0
0
0
0
0
0
0
0
0
1
60 255
0
0
0
1
61 105
0
0
0
0
0
0
0
0
0
0
1
62 315
0
0
0
0
0
0
1
63 59
0
0
1
64 10
0
0
0
0
0
0
0
1
65 173
0
0
0
0
0
0
0
0
0
1
66 184
0
0
0
0
1
67 156
0
0
0
0
0
0
1
68 127
0
0
0
0
0
0
0
1
69 313
0
1
70 178
0
0
1
71 271
0
1
72 4
0
0
0
0
0
0
0
0
0
0
0
0
0
0
0
0
0
0
0
0
0
0
0
0
0
0
1
73 10
0
0
1
74 127
0
1
75 4
0
0
0
0
0
1
76 323
0
0
0
0
0
0
0
0
1
77 297
0
0
0
0
0
1
78 168
0
0
0
0
0
0
0
0
0
0
0
0
0
0
0
0
1
79 217
0
0
0
0
0
0
0
0
0
0
0
0
0
0
0
1
80 82
0
0
0
0
0
0
0
1
81 343
0
0
0
0
0
0
0
0
0
0
0
0
0
0
0
0
0
0
0
1
82 47
0
0
0
1
83 227
0
0
0
0
0
0
0
0
0
1
84 211
0
0
0
0
0
1
85 60
0
0
0
0
1
86 118
0
0
1
87 342
0
0
0
0
0
0
0
0
0
0
0
0
0
0
0
0
0
0
1
88 236
0
1
89 215
0
0
0
0
0
1
90 79
0
0
0
1
91 95
0
0
0
0
1
92 312
0
0
0
0
0
0
0
1
93 137
0
0
0
0
0
0
0
0
0
0
0
1
94 283
0
0
0
0
0
1
95 358
0
0
0
0
0
0
0
0
0
0
0
0
0
0
1
96 268
0
0
0
0
0
0
0
0
0
0
1
97 93
0
0
0
0
0
1
98 267
0
0
0
0
0
0
0
0
0
0
0
0
0
0
0
0
0
0
0
1
99 87
0
0
0
0
0
0
0
0
0
0
0
0
1
100 195
0
0
0
0
0
0
1
101 304
1
102 274
0
0
0
0
1
103 138
0
1
104 296
0
0
0
0
0
0
1
105 271
0
0
0
0
0
0
0
0
0
0
0
0
0
0
0
0
0
0
1
106 5
0
0
0
0
0
0
1
107 79
0
1
108 261
0
0
0
0
0
0
0
0
0
1
109 142
0
1
110 220
0
0
0
0
1
111 296
1
112 237
0
0
0
0
0
0
0
0
0
0
0
0
0
0
0
1
113 336
0
0
0
1
114 278
0
0
0
0
0
1
115 273
0
0
0
0
0
0
0
0
0
0
0
0
0
1
116 214
0
0
0
0
0
0
1
117 119
0
0
0
0
0
0
0
0
0
0
1
118 119
0
0
0
0
0
0
1
119 96
0
0
0
0
0
1
120 74
0
0
1
121 218
0
0
0
0
0
0
0
0
1
122 209
0
0
0
0
0
0
0
0
0
0
0
0
0
1
123 93
1
124 320
0
0
1
125 107
0
0
1
126 179
0
0
0
0
0
0
0
0
0
1
127 248
0
0
0
0
0
0
0
0
0
0
0
1
128 204
0
0
1
129 354
0
0
1
130 93
0
0
0
1
131 242
0
0
0
0
0
1
132 343
0
0
0
0
1
133 145
0
0
1
134 334
0
0
0
0
0
1
135 261
0
0
0
0
0
0
1
136 75
0
0
0
1
137 141
0
0
0
0
1
138 283
0
0
0
0
0
0
0
1
139 180
0
1
140 36
0
0
1
141 278
0
0
1
142 331
1
143 168
0
0
0
0
0
0
1
144 112
0
0
0
0
1
145 22
0
0
0
0
0
0
0
0
1
146 112
0
0
1
147 232
0
0
1
148 241
0
1
149 52
1
150 308
0
0
0
0
0
0
0
0
0
0
0
0
1
151 95
0
1
152 49
0
0
0
0
0
0
0
0
1
153 162
0
0
1
154 301
0
0
0
0
0
0
0
1
155 229
0
0
0
0
0
0
1
156 343
0
0
0
1
157 189
0
0
0
0
0
0
0
0
0
1
158 306
0
0
0
0
0
0
0
0
0
0
0
0
0
0
0
1
159 311
0
0
0
0
1
160 10
0
0
0
0
0
0
0
1
161 5
0
0
0
0
0
0
0
0
0
0
0
0
0
0
0
0
1
162 63
0
1
163 93
0
0
1
164 357
0
0
0
0
0
0
0
0
1
165 116
0
0
0
1
166 204
0
1
167 297
0
1
168 230
0
0
0
0
0
0
0
0
0
0
0
0
0
0
0
0
0
0
1
169 81
0
0
1
170 185
0
0
0
0
1
171 68
1
172 301
0
1
173 107
0
0
0
0
0
0
1
174 183
0
0
0
0
0
0
0
1
175 247
0
0
0
0
0
0
0
0
0
0
0
0
0
1
176 207
0
1
177 287
0
1
178 33
0
0
0
0
0
0
0
0
0
0
1
179 317
1
180 60
0
0
0
0
0
1
181 47
0
0
0
0
0
0
0
1
182 217
0
0
0
0
0
0
0
0
1
183 15
0
0
0
0
1
184 351
0
0
0
0
0
0
0
0
0
0
0
1
185 168
1
186 32
0
1
187 241
0
0
0
0
0
0
0
0
0
0
1
188 255
0
0
0
0
0
0
1
189 324
1
190 84
0
0
0
0
0
1
191 212
0
0
0
0
0
0
0
0
0
0
0
0
0
0
0
0
0
0
1
192 306
0
0
0
0
0
0
0
0
0
0
0
0
1
193 315
0
0
0
1
194 358
1
195 269
1
196 52
0
0
0
0
0
0
1
197 309
0
1
198 122
0
0
0
1
199 305
0
0
0
0
1
200 194
0
0
1
201 186
0
0
0
0
1
202 210
0
0
0
0
0
0
0
0
0
0
1
203 260
0
0
0
0
0
0
1
204 22
1
205 364
0
0
1
206 70
1
207 359
1
208 15
0
0
0
0
0
0
0
0
0
0
0
1
209 193
0
1
210 37
0
0
0
1
211 35
1
212 235
0
0
0
1
213 324
0
0
0
0
0
0
0
1
214 303
0
0
0
1
215 165
1
216 25
0
1
217 90
0
0
0
1
218 75
0
0
0
1
219 265
0
1
220 251
1
221 168
0
0
0
0
1
222 184
0
0
0
1
223 87
0
0
0
0
0
0
1
224 210
1
225 215
0
1
226 327
1
227 85
1
228 322
0
0
1
229 334
1
230 207
0
0
0
0
0
0
0
0
0
0
0
1
231 264
1
232 317
0
0
0
1
233 287
0
0
0
0
0
0
0
0
1
234 331
1
235 240
0
0
0
0
0
0
0
1
236 206
0
1
237 107
0
0
0
1
238 13
0
0
0
0
0
0
0
1
239 11
0
0
1
240 266
0
0
0
0
0
0
0
1
241 77
0
0
0
1
242 96
0
1
243 233
0
0
1
244 300
0
1
245 272
0
0
0
0
1
246 178
0
1
247 298
0
0
0
0
0
0
0
0
1
248 39
0
1
249 4
0
0
0
0
1
250 142
0
1
251 11
1
252 294
1
253 329
1
254 222
0
1
255 232
1
256 362
0
0
0
0
0
0
0
0
0
0
0
1
257 198
0
0
0
0
0
0
0
0
0
0
0
0
1
258 362
1
259 73
1
260 322
0
1
261 59
0
0
0
0
0
0
0
0
1
262 173
0
0
0
0
1
263 294
0
0
0
0
0
1
264 180
1
265 60
0
0
0
0
0
0
0
1
266 232
0
1
267 75
0
0
0
0
1
268 281
1
269 41
0
0
0
0
1
270 185
1
271 128
0
0
0
0
0
1
272 332
1
273 153
0
0
0
0
1
274 366
0
0
0
0
0
0
1
275 197
0
1
276 195
0
0
0
0
0
0
0
0
1
277 167
1
278 85
0
0
0
0
1
279 292
0
1
280 271
0
0
0
0
1
281 169
0
0
0
0
0
0
0
0
0
0
1
282 323
1
283 355
1
284 326
1
285 234
0
1
286 75
0
0
0
0
0
1
287 142
0
1
288 35
0
0
1
289 225
1
290 345
0
0
0
1
291 338
0
0
1
292 194
1
293 9
0
1
294 186
1
295 214
0
0
0
0
0
0
0
0
0
0
0
1
296 10
0
0
1
297 85
1
298 307
0
1
299 287
0
0
1
300 176
0
0
0
1
301 111
0
0
1
302 65
0
1
303 168
0
1
304 182
0
0
0
1
305 140
0
0
0
0
1
306 110
1
307 102
0
1
308 5
0
0
0
0
0
0
0
1
309 146
0
0
0
1
310 173
1
311 201
0
0
0
0
0
1
312 172
1
313 326
0
0
0
0
0
1
314 351
1
315 34
0
0
0
0
0
0
0
1
316 85
0
1
317 355
0
0
1
318 305
1
319 311
0
0
0
0
1
320 238
0
0
0
1
321 144
0
0
0
1
322 207
0
0
1
323 330
1
324 260
0
1
325 215
0
0
0
0
0
1
326 103
0
1
327 147
0
0
0
1
328 115
0
0
1
329 63
1
330 138
1
331 3
0
0
0
0
0
1
332 211
0
0
0
0
0
0
0
0
0
0
0
0
1
333 80
0
0
0
1
334 15
0
0
1
335 28
0
0
0
0
0
1
336 63
0
0
0
0
1
337 278
1
338 234
1
339 283
1
340 111
0
0
0
0
0
0
1
341 289
0
1
342 141
1
343 41
0
0
0
1
344 178
0
0
1
345 65
0
0
0
0
1
346 334
0
0
0
0
0
0
0
1
347 141
0
0
0
0
0
0
1
348 148
0
0
0
0
0
0
0
0
1
349 237
0
0
1
350 176
0
0
0
0
0
0
0
0
0
0
0
1
351 279
0
0
0
0
1
352 287
1
353 104
0
1
354 146
1
355 235
0
0
0
0
1
356 348
1
357 257
0
0
1
358 52
1
359 37
0
0
0
1
360 166
0
0
1
361 196
0
0
0
0
0
0
0
0
1
362 49
0
0
0
1
363 247
0
0
0
0
0
1
364 183
1
365 204
0
0
1
366 333
1
367 209
0
0
0
0
1
368 132
0
0
0
1
369 249
0
0
1
370 337
0
0
1
371 193
0
0
0
1
372 360
0
0
0
0
1
373 67
0
1
374 177
1
375 340
1
376 189
0
1
377 88
0
0
0
1
378 59
1
379 89
0
1
380 58
1
381 332
1
382 88
1
383 115
1
384 298
0
0
0
0
0
0
0
0
0
1
385 327
0
1
386 32
1
387 170
1
388 361
0
0
0
1
389 134
0
0
0
0
0
0
0
0
0
0
1
390 203
0
0
0
0
0
0
0
1
391 54
0
1
392 142
0
1
393 319
1
394 95
1
395 356
0
0
0
0
0
0
1
396 148
0
0
0
0
0
0
0
0
1
397 339
1
398 126
0
0
0
0
0
0
0
1
399 176
0
0
0
0
1
400 65
1
401 307
0
0
1
402 335
1
403 70
0
0
0
0
0
1
404 350
0
1
405 54
0
1
406 331
1
407 243
0
0
0
0
0
0
0
1
408 105
0
0
0
0
0
0
1
409 315
0
0
0
0
1
410 184
0
0
0
0
0
1
411 161
0
1
412 99
0
0
1
413 112
0
0
0
1
414 62
0
0
0
0
1
415 311
1
416 263
0
0
1
417 349
1
418 208
0
1
419 297
0
0
0
0
1
420 137
0
0
0
1
421 135
1
422 245
1
423 66
1
424 52
0
0
0
0
1
425 75
1
426 320
0
0
1
427 355
0
0
1
428 264
1
429 273
1
430 221
0
1
431 357
0
1
432 227
1
433 77
0
0
1
434 321
0
1
435 148
0
0
1
436 113
0
0
1
437 271
0
1
438 141
0
0
1
439 287
0
1
440 181
1
441 255
1
442 277
1
443 297
0
0
0
0
1
444 75
1
445 74
0
0
0
0
0
0
0
0
1
446 140
1
447 317
0
0
0
0
0
0
1
448 105
0
1
449 165
1
450 317
0
0
0
0
0
1
451 6
0
0
1
452 181
0
0
1
453 47
0
1
454 73
0
1
455 113
0
1
456 180
1
457 102
0
0
0
0
1
458 167
1
459 44
0
1
460 220
0
0
0
0
0
0
0
0
0
0
0
1
461 31
1
462 280
1
463 178
0
1
464 277
0
1
465 60
1
466 169
0
0
1
467 245
0
0
1
468 10
1
469 274
0
0
1
470 334
0
0
0
0
0
0
0
0
0
1
471 254
1
472 265
0
0
0
1
473 350
0
0
1
474 272
1
475 103
1
476 300
0
1
477 116
0
1
478 42
0
0
0
0
0
0
1
479 362
0
0
0
0
0
0
0
0
0
1
480 7
1
481 225
0
0
1
482 236
0
0
0
0
1
483 318
0
0
1
484 219
0
1
485 305
0
0
0
0
1
486 158
0
1
487 208
0
0
0
0
1
488 271
0
1
489 345
1
490 250
0
1
491 239
1
492 55
1
493 240
1
494 284
1
495 162
0
1
496 120
0
1
497 48
1
498 78
0
0
0
1
499 165
0
0
0
0
1
500 364
0
0
0
1
501 360
0
0
0
1
502 360
1
503 290
1
504 293
1
505 311
0
1
506 45
1
507 73
1
508 84
0
0
0
0
0
0
0
1
509 218
0
0
1
510 169
1
511 99
0
1
512 224
1
513 177
1
514 332
0
0
0
0
0
0
0
0
1
515 202
0
0
0
0
0
0
0
0
1
516 5
0
1
517 15
1
518 51
0
0
0
1
519 96
0
0
1
520 130
1
521 80
1
522 266
0
1
523 108
0
1
524 353
0
0
1
525 220
0
0
1
526 351
0
0
1
527 99
0
0
0
0
0
0
1
528 151
0
1
529 200
0
0
1
530 6
0
0
1
531 75
1
532 243
0
1
533 270
0
0
1
534 195
0
1
535 226
0
1
536 275
0
1
537 10
1
538 89
1
539 294
0
0
0
0
0
0
1
540 281
0
1
541 170
1
542 294
0
0
1
543 56
0
1
544 65
1
545 53
0
0
0
1
546 35
0
0
0
1
547 161
0
0
0
0
0
1
548 80
1
549 100
0
0
0
0
0
1
550 201
0
0
0
1
551 9
0
0
1
552 173
1
553 151
1
554 35
0
0
0
0
0
1
555 183
1
556 220
0
0
1
557 90
1
558 72
0
0
1
559 323
1
560 182
0
1
561 227
1
562 43
0
1
563 137
1
564 149
0
0
0
1
565 80
0
1
566 116
0
0
0
0
0
0
1
567 261
1
568 341
0
0
0
0
0
0
0
0
0
1
569 77
0
1
570 97
0
1
571 147
1
572 281
0
0
0
1
573 62
0
0
0
0
0
0
0
1
574 120
0
0
0
0
1
575 299
1
576 225
0
0
0
1
577 292
0
0
0
1
578 294
0
1
579 324
1
580 246
1
581 202
1
582 341
0
1
583 173
0
0
1
584 263
1
585 164
1
586 256
0
1
587 83
1
588 255
0
1
589 177
1
590 227
1
591 182
1
592 155
1
593 149
1
594 297
0
0
1
595 35
1
596 80
0
1
597 310
0
0
1
598 251
0
0
0
1
599 346
0
0
1
600 293
0
1
601 54
1
602 353
0
1
603 359
0
0
0
1
604 86
0
0
0
1
605 148
0
1
606 116
1
607 226
1
608 227
0
1
609 254
0
0
1
610 214
0
1
611 260
0
0
0
1
612 282
1
613 274
1
614 113
1
615 67
0
1
616 179
0
0
1
617 351
0
0
1
618 48
1
619 232
1
620 90
0
0
1
621 326
0
0
0
1
622 108
1
623 114
0
1
624 24
0
1
625 102
0
0
0
1
626 89
0
0
0
0
0
0
0
0
1
627 185
0
1
628 109
1
629 70
1
630 13
1
631 299
1
632 115
1
633 33
0
0
0
1
634 70
0
1
635 298
0
1
636 160
0
0
1
637 294
1
638 126
0
1
639 143
0
1
640 158
0
0
1
641 164
1
642 295
0
1
643 287
0
0
0
0
0
0
0
0
1
644 138
0
1
645 188
0
0
0
0
0
0
1
646 5
1
647 230
1
648 26
0
1
649 142
1
650 55
0
1
651 36
0
1
652 221
1
653 141
0
0
1
654 314
0
0
1
655 329
0
0
1
656 320
0
1
657 239
0
0
0
0
1
658 181
0
0
1
659 231
0
0
1
660 367
0
0
0
0
1
661 110
0
0
0
1
662 74
0
1
663 232
0
0
1
664 77
0
1
665 94
1
666 74
0
1
667 206
0
0
1
668 220
0
1
669 15
1
670 160
0
0
1
671 232
0
1
672 121
1
673 283
1
674 124
0
0
1
675 34
1
676 22
0
0
0
1
677 241
0
0
1
678 75
0
1
679 188
1
680 318
1
681 257
0
0
1
682 24
1
683 114
0
0
0
0
0
0
1
684 228
1
685 84
0
0
1
686 9
1
687 152
1
688 52
0
1
689 242
1
690 220
0
0
0
0
1
691 135
1
692 290
1
693 185
0
1
694 84
0
0
1
695 353
1
696 236
0
0
0
1
697 198
1
698 110
1
699 301
0
1
700 178
0
0
0
1
701 113
0
1
702 346
0
1
703 138
1
704 84
1
705 324
0
1
706 77
0
1
707 149
0
0
1
708 94
0
1
709 258
0
1
710 150
1
711 182
0
0
0
0
1
712 253
1
713 19
0
0
0
1
714 139
1
715 256
1
716 316
1
717 54
0
0
0
0
0
1
718 315
1
719 209
0
0
1
720 197
1
721 49
1
722 192
1
723 63
1
724 214
0
1
725 41
0
0
0
1
726 317
0
1
727 136
1
728 301
0
1
729 8
0
1
730 20
0
1
731 21
0
1
732 91
0
0
1
733 134
0
1
734 224
1
735 271
1
736 362
1
737 286
1
738 249
1
739 319
1
740 99
0
0
0
1
741 256
0
0
0
1
742 167
1
743 237
0
0
1
744 267
0
1
745 209
0
0
0
1
746 298
0
0
0
0
1
747 83
1
748 102
0
1
749 124
0
1
750 273
0
1
751 307
1
752 233
0
1
753 226
0
1
754 274
1
755 346
1
756 60
1
757 62
0
1
758 15
0
0
0
1
759 144
1
760 154
1
761 148
0
1
762 32
1
763 148
1
764 202
1
765 294
1
766 198
0
0
1
767 261
1
768 213
1
769 157
1
770 90
1
771 50
0
1
772 255
0
0
1
773 175
0
1
774 315
0
0
0
0
0
0
1
775 13
0
0
0
1
776 360
1
777 234
0
0
1
778 180
0
0
1
779 355
1
780 355
1
781 71
0
0
1
782 258
0
0
0
0
0
0
1
783 47
1
784 44
0
1
785 122
0
0
1
786 271
0
1
787 60
0
0
0
0
0
0
1
788 164
0
1
789 20
0
1
790 165
1
791 127
0
0
0
0
0
1
792 269
1
793 129
0
1
794 15
1
795 106
0
0
1
796 56
0
0
0
1
797 94
0
0
1
798 350
0
0
0
0
0
1
799 327
1
800 223
1
801 115
0
1
802 232
1
803 286
1
804 299
0
0
1
805 117
1
806 308
0
1
807 265
0
1
808 203
0
1
809 307
0
0
0
1
810 350
1
811 328
0
0
0
1
812 158
1
813 336
0
0
1
814 269
1
815 242
0
0
1
816 310
0
1
817 176
1
818 43
0
1
819 59
0
0
1
820 314
0
0
0
1
821 27
1
822 35
1
823 110
0
0
1
824 152
0
0
1
825 269
1
826 205
1
827 107
0
0
1
828 101
0
0
1
829 190
0
1
830 101
0
0
0
0
1
831 234
1
832 146
1
833 254
1
834 138
0
0
1
835 67
0
0
1
836 317
0
1
837 6
0
1
838 309
0
0
0
0
0
1
839 181
0
1
840 53
1
841 22
0
1
842 172
0
1
843 171
1
844 19
1
845 281
0
1
846 253
0
0
0
1
847 96
1
848 259
0
0
0
1
849 96
0
1
850 140
0
0
0
1
851 37
1
852 161
1
853 223
0
1
854 360
1
855 12
0
1
856 285
0
0
1
857 155
1
858 32
0
1
859 287
1
860 8
0
0
1
861 267
1
862 79
1
863 126
1
864 202
1
865 176
0
0
0
0
1
866 174
0
0
0
0
0
0
1
867 330
0
1
868 327
0
1
869 266
1
870 83
1
871 116
0
1
872 67
1
873 302
1
874 217
1
875 253
0
0
0
0
1
876 95
1
877 194
0
1
878 366
0
0
0
1
879 75
1
880 301
0
1
881 70
0
1
882 352
1
883 264
1
884 303
0
0
0
1
885 57
0
1
886 66
1
887 206
1
888 10
1
889 152
1
890 75
0
0
1
891 32
0
1
892 337
0
0
1
893 226
1
894 36
1
895 183
1
896 201
1
897 277
0
0
1
898 57
0
0
0
0
1
899 147
1
900 262
1
901 262
0
0
1
902 305
0
0
0
1
903 306
0
0
0
0
1
904 130
1
905 180
1
906 285
0
0
1
907 8
1
908 328
0
0
1
909 359
0
0
0
1
910 328
1
911 105
0
0
1
912 316
0
0
0
0
0
1
913 115
0
0
0
0
0
0
1
914 237
0
0
0
1
915 13
1
916 357
0
0
0
1
917 69
1
918 362
1
919 367
1
920 170
0
1
921 290
0
1
922 333
1
923 203
0
0
0
1
924 180
0
1
925 62
1
926 327
1
927 135
0
0
1
928 195
1
929 244
0
1
930 336
1
931 225
0
1
932 93
0
0
0
1
933 149
1
934 295
1
935 248
0
0
0
0
0
1
936 68
0
1
937 6
1
938 349
0
1
939 216
0
0
1
940 92
1
941 318
0
0
0
1
942 246
1
943 301
0
0
1
944 154
0
0
1
945 112
0
0
0
1
946 145
1
947 19
1
948 207
0
1
949 270
1
950 58
1
951 188
0
0
0
0
1
952 291
0
1
953 191
0
0
0
0
1
954 245
0
1
955 123
0
1
956 357
0
1
957 181
1
958 178
1
959 333
0
1
960 245
0
0
1
961 294
1
962 28
1
963 291
1
964 105
0
0
0
0
1
965 180
0
1
966 334
0
1
967 74
1
968 93
0
0
0
1
969 12
0
0
1
970 244
0
1
971 364
1
972 20
0
0
1
973 179
0
0
0
0
1
974 116
0
0
0
0
1
975 323
0
0
1
976 43
1
977 147
0
0
1
978 209
1
979 115
0
0
0
0
0
0
0
1
980 55
0
1
981 53
0
0
1
982 95
1
983 367
0
1
984 107
1
985 211
1
986 145
0
0
0
1
987 65
1
988 259
1
989 8
0
1
990 238
1
991 140
1
992 103
0
1
993 65
0
0
1
994 102
0
0
1
995 93
1
996 99
1
997 163
1
998 115
0
0
0
0
1
999 245
1
1000 228
0
1
1001 109
1
1002 145
1
1003 249
0
0
1
1004 232
0
0
0
1
1005 362
1
1006 78
1
1007 92
1
1008 127
1
1009 187
0
1
1010 14
1
1011 84
0
1
1012 9
1
1013 227
0
1
1014 35
0
0
0
0
1
1015 165
1
1016 242
1
1017 346
0
0
0
0
1
1018 37
1
1019 27
1
1020 125
0
1
1021 151
1
1022 98
1
1023 273
0
1
1024 294
1
1025 357
0
0
1
1026 77
1
1027 180
1
1028 148
0
1
1029 221
1
1030 153
0
0
1
1031 274
1
1032 85
0
0
0
0
1
1033 280
0
1
1034 19
0
0
0
1
1035 292
1
1036 138
1
1037 136
0
1
1038 287
1
1039 146
1
1040 140
1
1041 114
1
1042 202
1
1043 205
1
1044 33
1
1045 63
1
1046 14
0
1
1047 237
1
1048 81
0
1
1049 120
1
1050 226
1
1051 81
0
1
1052 103
0
1
1053 128
1
1054 122
1
1055 286
1
1056 48
1
1057 315
1
1058 191
1
1059 108
1
1060 284
1
1061 113
1
1062 352
0
0
1
1063 45
0
0
0
0
1
1064 129
0
0
0
1
1065 190
0
0
0
0
0
1
1066 327
0
0
0
0
1
1067 242
1
1068 187
0
0
1
1069 198
1
1070 199
1
1071 81
1
1072 188
1
1073 229
0
0
0
0
0
1
1074 102
0
1
1075 358
1
1076 44
0
0
1
1077 3
0
0
0
1
1078 302
1
1079 211
1
1080 14
1
1081 190
1
1082 355
0
1
1083 262
0
0
0
0
1
1084 65
0
0
0
1
1085 135
0
1
1086 202
1
1087 334
0
0
0
1
1088 186
1
1089 277
0
0
1
1090 138
1
1091 219
1
1092 178
0
0
1
1093 310
1
1094 227
0
0
1
1095 330
0
1
1096 2
1
1097 127
0
1
1098 267
1
1099 241
1
1100 210
1
1101 263
0
1
1102 28
0
0
1
1103 357
0
1
1104 333
0
0
0
1
1105 203
0
1
1106 367
1
1107 209
1
1108 95
0
0
0
1
1109 120
0
0
1
1110 82
0
1
1111 162
1
1112 65
1
1113 152
0
1
1114 294
1
1115 325
1
1116 88
1
1117 102
1
1118 66
0
0
1
1119 90
1
1120 7
1
1121 21
1
1122 161
1
1123 311
1
1124 229
0
1
1125 331
1
1126 86
0
1
1127 181
1
1128 268
1
1129 38
1
1130 174
0
0
0
1
1131 68
1
1132 60
1
1133 46
0
1
1134 267
1
1135 95
1
1136 32
1
1137 235
1
1138 251
1
1139 86
0
0
1
1140 296
1
1141 72
0
1
1142 327
0
1
1143 124
1
1144 162
0
1
1145 182
0
0
0
1
1146 184
0
1
1147 19
0
0
0
1
1148 347
0
1
1149 298
1
1150 300
1
1151 308
1
1152 180
1
1153 80
1
1154 139
1
1155 228
0
1
1156 44
1
1157 272
1
1158 308
1
1159 244
1
1160 33
1
1161 291
0
0
0
0
0
0
1
1162 273
0
0
1
1163 14
1
1164 273
1
1165 56
0
0
1
1166 340
1
1167 73
1
1168 234
1
1169 228
0
0
1
1170 334
0
0
1
1171 294
1
1172 83
1
1173 60
1
1174 358
0
1
1175 37
1
1176 70
0
1
1177 238
1
1178 35
0
0
1
1179 304
1
1180 259
1
1181 200
1
1182 68
0
1
1183 72
1
1184 363
1
1185 292
1
1186 337
0
0
0
1
1187 322
1
1188 32
0
1
1189 335
1
1190 108
0
1
1191 355
0
0
1
1192 269
0
0
0
1
1193 229
1
1194 299
0
0
1
1195 153
0
1
1196 180
1
1197 312
1
1198 159
1
1199 100
1
1200 9
1
1201 170
0
0
0
1
1202 54
0
0
1
1203 208
0
1
1204 43
0
1
1205 117
1
1206 69
0
0
1
1207 156
1
1208 161
0
1
1209 102
1
1210 14
1
1211 259
1
1212 222
0
1
1213 129
1
1214 343
0
1
1215 316
0
0
0
1
1216 306
1
1217 110
1
1218 138
1
1219 65
1
1220 263
0
1
1221 18
1
1222 228
0
0
0
0
0
1
1223 325
1
1224 2
0
0
0
0
0
0
1
1225 329
0
0
1
1226 60
0
1
1227 76
0
1
1228 311
0
0
1
1229 248
1
1230 180
0
1
1231 182
1
1232 356
0
1
1233 93
1
1234 224
1
1235 4
1
1236 279
0
0
0
1
1237 14
1
1238 357
1
1239 62
0
0
0
1
1240 304
0
1
1241 326
1
1242 304
1
1243 183
1
1244 181
1
1245 138
0
1
1246 146
1
1247 318
1
1248 333
1
1249 292
1
1250 180
1
1251 225
1
1252 324
1
1253 309
1
1254 245
0
1
1255 236
0
0
0
1
1256 333
1
1257 146
0
1
1258 64
1
1259 42
1
1260 194
0
1
1261 100
0
0
0
1
1262 289
1
1263 233
0
1
1264 222
0
0
0
0
0
1
1265 7
0
1
1266 339
1
1267 34
0
0
1
1268 156
1
1269 118
0
1
1270 215
0
0
1
1271 214
1
1272 332
1
1273 290
1
1274 338
0
0
1
1275 234
1
1276 344
0
1
1277 61
0
0
1
1278 40
1
1279 160
0
0
1
1280 6
1
1281 349
0
0
1
1282 287
0
1
1283 358
0
0
1
1284 278
0
1
1285 234
0
1
1286 73
1
1287 349
1
1288 234
0
0
1
1289 245
0
0
0
1
1290 93
1
1291 340
1
1292 294
0
1
1293 173
1
1294 214
1
1295 265
1
1296 201
1
1297 67
1
1298 279
1
1299 268
1
1300 284
0
1
1301 44
1
1302 310
0
1
1303 167
1
1304 270
1
1305 162
1
1306 160
0
0
1
1307 3
1
1308 35
0
1
1309 219
0
1
1310 39
0
1
1311 339
1
1312 149
0
0
0
1
1313 290
1
1314 161
0
0
1
1315 252
0
1
1316 348
0
0
1
1317 297
0
1
1318 334
1
1319 29
0
1
1320 35
1
1321 260
0
1
1322 91
0
1
1323 186
1
1324 148
0
0
0
0
1
1325 110
1
1326 264
0
1
1327 134
0
1
1328 364
0
0
1
1329 5
1
1330 14
0
0
0
1
1331 291
1
1332 303
1
1333 227
0
0
1
1334 106
0
0
1
1335 21
1
1336 300
1
1337 138
0
0
1
1338 331
1
1339 253
0
1
1340 115
1
1341 353
1
1342 214
1
1343 287
1
1344 258
0
0
0
0
0
0
1
1345 77
1
1346 281
1
1347 41
1
1348 155
0
1
1349 19
1
1350 162
1
1351 134
1
1352 83
1
1353 365
0
1
1354 331
1
1355 80
0
1
1356 200
0
0
1
1357 75
0
1
1358 54
1
1359 165
0
1
1360 32
0
1
1361 312
1
1362 269
0
1
1363 71
1
1364 78
0
0
0
0
1
1365 67
1
1366 22
0
1
1367 83
1
1368 45
0
1
1369 292
0
1
1370 257
0
0
0
1
1371 282
0
0
0
1
1372 7
1
1373 238
1
1374 231
1
1375 110
1
1376 105
1
1377 131
1
1378 125
0
1
1379 293
0
0
1
1380 129
1
1381 320
1
1382 275
0
0
1
1383 230
0
1
1384 299
0
0
0
1
1385 75
1
1386 200
1
1387 219
0
1
1388 276
1
1389 238
1
1390 117
1
1391 115
1
1392 157
1
1393 250
1
1394 351
0
0
1
1395 46
1
1396 166
0
0
1
1397 367
1
1398 351
1
1399 78
1
1400 279
0
1
1401 112
0
0
1
1402 366
0
1
1403 119
1
1404 38
0
0
0
0
0
1
1405 72
1
1406 212
0
1
1407 73
0
0
1
1408 87
0
1
1409 285
0
1
1410 163
0
0
0
1
1411 209
0
1
1412 120
1
1413 28
1
1414 155
1
1415 59
1
1416 87
0
1
1417 357
1
1418 344
1
1419 228
1
1420 243
0
0
1
1421 77
1
1422 50
0
1
1423 32
1
1424 344
0
1
1425 121
1
1426 281
1
1427 346
1
1428 197
1
1429 256
0
0
1
1430 297
0
1
1431 165
0
1
1432 293
1
1433 84
1
1434 218
1
1435 223
0
1
1436 238
1
1437 332
0
0
0
1
1438 50
1
1439 126
0
1
1440 266
1
1441 283
1
1442 261
1
1443 228
1
1444 14
1
1445 337
1
1446 66
0
1
1447 141
0
1
1448 327
1
1449 87
0
1
1450 25
1
1451 40
1
1452 298
1
1453 356
1
1454 170
0
1
1455 320
0
1
1456 146
0
1
1457 72
1
1458 347
1
1459 345
1
1460 81
1
1461 364
1
1462 113
1
1463 28
0
0
0
0
0
1
1464 51
1
1465 2
1
1466 208
1
1467 170
1
1468 27
0
0
0
0
0
0
1
1469 220
0
0
0
0
0
1
1470 242
1
1471 244
0
1
1472 60
1
1473 128
1
1474 3
1
1475 145
0
0
1
1476 185
1
1477 297
0
0
0
1
1478 170
1
1479 191
1
1480 158
0
0
1
1481 221
1
1482 170
1
1483 361
1
1484 271
1
1485 105
0
0
1
1486 293
1
1487 151
1
1488 23
1
1489 194
1
1490 143
1
1491 20
1
1492 247
1
1493 278
1
1494 327
1
1495 74
0
0
1
1496 281
0
0
0
1
1497 239
1
1498 167
1
1499 87
1
1500 301
0
1
1501 214
0
1
1502 17
0
1
1503 148
0
1
1504 83
0
1
1505 74
0
1
1506 175
0
1
1507 70
1
1508 58
1
1509 288
1
1510 194
0
1
1511 29
1
1512 88
0
0
0
0
0
1
1513 334
1
1514 300
1
1515 184
0
1
1516 348
0
1
1517 237
0
1
1518 88
1
1519 290
1
1520 300
0
0
0
0
1
1521 235
0
0
0
0
0
0
0
1
1522 361
0
0
1
1523 194
1
1524 218
1
1525 353
1
1526 258
0
0
0
0
1
1527 240
1
1528 147
1
1529 114
1
1530 240
0
0
1
1531 78
1
1532 291
1
1533 367
0
1
1534 273
0
1
1535 44
1
1536 256
0
1
1537 89
1
1538 360
0
1
1539 357
1
1540 6
1
1541 172
1
1542 222
1
1543 170
1
1544 6
0
1
1545 221
1
1546 193
0
1
1547 181
1
1548 31
1
1549 74
1
1550 145
0
1
1551 312
1
1552 290
0
1
1553 213
1
1554 2
0
1
1555 67
0
0
0
1
1556 356
1
1557 359
0
1
1558 280
1
1559 191
1
1560 125
0
1
1561 146
1
1562 139
0
1
1563 54
1
1564 240
1
1565 227
1
1566 239
1
1567 110
1
1568 157
1
1569 198
1
1570 128
1
1571 287
1
1572 70
0
1
1573 295
1
1574 80
1
1575 140
1
1576 10
0
1
1577 326
0
0
1
1578 4
1
1579 267
1
1580 276
0
1
1581 225
1
1582 277
1
1583 65
1
1584 364
1
1585 123
0
1
1586 3
1
1587 345
1
1588 271
0
1
1589 168
0
1
1590 219
1
1591 295
0
1
1592 114
1
1593 189
1
1594 93
0
1
1595 33
1
1596 126
1
1597 182
1
1598 110
0
1
1599 309
0
1
1600 355
1
1601 120
0
1
1602 331
0
1
1603 95
1
1604 2
1
1605 222
0
0
1
1606 345
1
1607 221
0
1
1608 131
1
1609 200
1
1610 172
1
1611 249
1
1612 258
0
1
1613 153
1
1614 344
0
1
1615 198
0
1
1616 208
0
1
1617 64
0
1
1618 79
1
1619 111
1
1620 299
1
1621 184
1
1622 273
1
1623 214
1
1624 201
0
1
1625 344
1
1626 130
1
1627 227
0
1
1628 152
0
1
1629 202
1
1630 184
0
0
0
0
0
1
1631 210
1
1632 270
0
1
1633 264
1
1634 130
1
1635 153
0
0
1
1636 127
0
0
1
1637 191
0
1
1638 330
1
1639 299
1
1640 358
1
1641 93
1
1642 294
1
1643 199
1
1644 27
0
1
1645 309
0
0
1
1646 37
0
1
1647 294
0
1
1648 47
1
1649 289
1
1650 233
1
1651 121
0
1
1652 283
1
1653 186
1
1654 332
0
1
1655 282
1
1656 119
1
1657 356
1
1658 351
0
0
0
1
1659 232
0
0
0
1
1660 55
1
1661 23
0
1
1662 8
1
1663 115
0
1
1664 165
1
1665 331
1
1666 186
1
1667 332
1
1668 87
0
1
1669 140
1
1670 344
0
1
1671 69
0
1
1672 267
1
1673 234
0
0
1
1674 16
0
0
1
1675 216
1
1676 356
1
1677 45
1
1678 5
1
1679 40
0
1
1680 278
1
1681 80
1
1682 51
0
1
1683 67
1
1684 103
1
1685 140
0
1
1686 232
1
1687 59
0
1
1688 331
1
1689 118
1
1690 95
0
1
1691 306
1
1692 264
1
1693 52
1
1694 20
1
1695 214
1
1696 99
1
1697 65
1
1698 55
1
1699 335
1
1700 328
0
1
1701 189
1
1702 345
1
1703 335
1
1704 280
1
1705 262
1
1706 135
0
1
1707 260
1
1708 265
1
1709 109
1
1710 287
1
1711 337
1
1712 209
0
1
1713 345
1
1714 263
1
1715 21
1
1716 45
0
1
1717 3
0
0
1
1718 90
1
1719 8
0
1
1720 61
0
0
1
1721 179
0
1
1722 71
0
0
0
1
1723 93
1
1724 344
1
1725 138
1
1726 319
1
1727 302
0
1
1728 114
0
1
1729 49
0
1
1730 332
1
1731 71
1
1732 271
1
1733 52
1
1734 324
0
1
1735 103
0
1
1736 355
1
1737 284
1
1738 238
0
1
1739 211
0
1
1740 59
1
1741 12
1
1742 292
0
1
1743 25
1
1744 142
1
1745 17
0
1
1746 276
1
1747 264
0
1
1748 361
0
1
1749 84
0
0
1
1750 218
1
1751 55
0
1
1752 339
0
1
1753 332
0
1
1754 44
1
1755 7
1
1756 190
1
1757 4
1
1758 175
1
1759 47
1
1760 180
1
1761 102
1
1762 195
1
1763 185
1
1764 73
1
1765 132
0
1
1766 127
1
1767 251
1
1768 32
1
1769 70
1
1770 346
1
1771 171
1
1772 179
1
1773 215
0
1
1774 75
1
1775 339
0
0
1
1776 71
1
1777 39
0
1
1778 288
1
1779 58
1
1780 53
1
1781 155
0
1
1782 245
1
1783 254
1
1784 82
0
1
1785 158
0
1
1786 72
1
1787 122
1
1788 297
1
1789 270
1
1790 346
0
1
1791 321
0
1
1792 152
1
1793 195
1
1794 40
1
1795 213
0
1
1796 279
1
1797 323
0
1
1798 366
1
1799 364
1
1800 89
0
0
1
1801 110
1
1802 330
1
1803 242
1
1804 329
0
1
1805 297
0
0
1
1806 91
1
1807 134
1
1808 171
0
0
0
1
1809 193
1
1810 103
1
1811 168
1
1812 87
0
1
1813 166
1
1814 81
1
1815 173
1
1816 287
0
1
1817 110
0
0
0
0
1
1818 206
1
1819 132
1
1820 279
1
1821 362
1
1822 48
1
1823 44
1
1824 254
1
1825 165
0
1
1826 244
1
1827 73
1
1828 335
1
1829 127
1
1830 96
1
1831 170
1
1832 46
0
0
1
1833 251
1
1834 35
0
1
1835 176
0
1
1836 271
1
1837 60
1
1838 151
0
1
1839 171
1
1840 95
0
0
0
1
1841 84
0
1
1842 118
0
1
1843 138
0
1
1844 336
1
1845 180
1
1846 297
1
1847 39
0
0
1
1848 193
0
0
1
1849 31
1
1850 99
1
1851 93
0
1
1852 293
1
1853 95
1
1854 129
0
1
1855 180
1
1856 224
0
0
0
1
1857 363
1
1858 227
1
1859 138
1
1860 265
0
0
0
1
1861 295
1
1862 228
1
1863 3
1
1864 97
0
0
0
1
1865 226
0
1
1866 161
1
1867 27
1
1868 328
1
1869 267
0
0
0
1
1870 194
1
1871 68
1
1872 299
1
1873 324
0
1
1874 142
1
1875 56
0
1
1876 13
1
1877 179
1
1878 5
1
1879 354
1
1880 360
0
0
1
1881 74
1
1882 158
1
1883 8
0
1
1884 74
1
1885 129
0
0
1
1886 45
0
1
1887 280
0
1
1888 277
1
1889 35
1
1890 322
1
1891 9
1
1892 5
1
1893 330
1
1894 250
1
1895 296
0
0
1
1896 357
1
1897 20
1
1898 126
0
0
0
1
1899 19
0
1
1900 130
1
1901 155
1
1902 325
1
1903 237
1
1904 83
1
1905 232
1
1906 222
1
1907 155
1
1908 324
1
1909 95
1
1910 44
0
1
1911 366
0
1
1912 63
0
0
1
1913 57
1
1914 157
1
1915 286
1
1916 82
0
1
1917 201
1
1918 262
0
1
1919 162
1
1920 226
0
1
1921 236
0
1
1922 227
1
1923 142
1
1924 313
1
1925 355
1
1926 331
1
1927 36
0
0
1
1928 305
0
1
1929 304
1
1930 152
1
1931 209
1
1932 16
1
1933 277
0
1
1934 5
1
1935 196
1
1936 177
1
1937 11
1
1938 66
1
1939 199
0
1
1940 227
1
1941 27
0
1
1942 323
1
1943 126
1
1944 344
0
1
1945 245
1
1946 312
0
1
1947 365
1
1948 75
0
1
1949 224
0
1
1950 86
0
1
1951 281
1
1952 236
0
0
1
1953 236
0
0
0
0
1
1954 366
0
0
1
1955 53
0
1
1956 271
0
1
1957 294
1
1958 40
1
1959 83
1
1960 198
1
1961 336
1
1962 293
1
1963 134
1
1964 337
1
1965 184
1
1966 357
0
0
0
0
0
0
1
1967 112
1
1968 53
0
0
1
1969 233
1
1970 233
1
1971 263
1
1972 286
0
1
1973 84
0
1
1974 82
1
1975 315
0
1
1976 52
1
1977 92
1
1978 246
1
1979 355
1
1980 237
1
1981 345
1
1982 35
1
1983 17
1
1984 257
1
1985 117
1
1986 234
1
1987 118
1
1988 9
0
0
1
1989 11
0
1
1990 344
1
1991 265
1
1992 282
1
1993 268
1
1994 47
0
1
1995 10
0
1
1996 321
0
1
1997 347
1
1998 320
1
1999 166
1
2000 137
1
2001 49
0
1
2002 311
0
0
0
1
2003 233
1
2004 324
1
2005 363
1
2006 136
1
2007 70
0
0
1
2008 99
1
2009 122
1
2010 223
0
0
1
2011 134
1
2012 84
1
2013 271
0
1
2014 57
1
2015 188
1
2016 130
1
2017 198
1
2018 100
1
2019 315
1
2020 266
0
1
2021 60
1
2022 5
1
2023 163
0
1
2024 268
0
1
2025 221
0
1
2026 302
0
0
0
1
2027 274
1
2028 327
1
2029 113
1
2030 299
0
1
2031 187
1
2032 65
0
1
2033 356
0
0
1
2034 150
1
2035 63
1
2036 221
0
1
2037 83
1
2038 355
1
2039 112
1
2040 244
1
2041 65
0
1
2042 138
1
2043 93
1
2044 286
1
2045 188
1
2046 35
1
2047 334
1
2048 321
1
2049 79
1
2050 176
1
2051 44
1
2052 177
0
1
2053 49
1
2054 57
1
2055 126
1
2056 254
1
2057 323
1
2058 294
1
2059 165
1
2060 60
0
1
2061 348
1
2062 50
1
2063 214
0
1
2064 68
1
2065 361
0
0
1
2066 208
0
1
2067 176
1
2068 122
0
0
1
2069 271
1
2070 60
1
2071 130
1
2072 304
1
2073 164
0
1
2074 127
1
2075 326
1
2076 191
0
0
1
2077 111
0
0
1
2078 280
1
2079 262
1
2080 173
1
2081 342
0
1
2082 266
1
2083 303
1
2084 287
1
2085 159
0
1
2086 326
1
2087 251
1
2088 137
1
2089 164
1
2090 100
1
2091 263
1
2092 163
1
2093 291
1
2094 222
1
2095 22
1
2096 214
1
2097 26
0
1
2098 164
0
0
0
1
2099 300
0
0
1
2100 318
1
2101 41
0
1
2102 49
0
0
1
2103 234
1
2104 187
1
2105 28
1
2106 138
1
2107 367
0
1
2108 102
1
2109 232
1
2110 111
1
2111 271
1
2112 314
1
2113 36
0
1
2114 225
1
2115 180
1
2116 261
1
2117 329
1
2118 240
1
2119 225
0
0
1
2120 363
0
0
1
2121 282
1
2122 176
0
0
0
1
2123 211
0
1
2124 277
0
0
1
2125 293
1
2126 361
1
2127 315
0
0
1
2128 130
1
2129 38
0
1
2130 352
1
2131 216
1
2132 138
1
2133 309
1
2134 134
0
0
1
2135 29
1
2136 83
0
1
2137 102
0
1
2138 210
0
1
2139 84
1
2140 169
1
2141 94
1
2142 90
1
2143 164
1
2144 35
0
1
2145 69
1
2146 60
0
0
1
2147 299
1
2148 29
1
2149 211
1
2150 187
1
2151 162
1
2152 278
0
0
1
2153 63
0
1
2154 136
1
2155 171
1
2156 230
1
2157 162
1
2158 175
0
0
1
2159 333
1
2160 346
0
1
2161 134
1
2162 227
0
1
2163 209
1
2164 299
0
1
2165 362
1
2166 14
1
2167 175
1
2168 332
1
2169 19
1
2170 283
1
2171 209
1
2172 85
0
1
2173 278
1
2174 141
1
2175 176
1
2176 92
1
2177 38
1
2178 38
1
2179 30
1
2180 140
1
2181 80
1
2182 63
1
2183 269
0
0
1
2184 254
0
0
0
0
1
2185 297
1
2186 4
1
2187 13
1
2188 228
1
2189 148
1
2190 162
1
2191 69
1
2192 267
1
2193 45
1
2194 264
1
2195 326
1
2196 109
1
2197 76
1
2198 360
1
2199 73
0
1
2200 252
1
2201 190
1
2202 75
0
1
2203 157
1
2204 39
1
2205 343
1
2206 164
1
2207 111
0
0
0
1
2208 209
1
2209 82
1
2210 366
0
1
2211 131
1
2212 75
0
1
2213 333
1
2214 354
1
2215 252
1
2216 15
0
1
2217 138
1
2218 200
1
2219 320
1
2220 315
1
2221 342
0
1
2222 270
1
2223 104
1
2224 146
1
2225 18
0
1
2226 303
1
2227 176
1
2228 307
1
2229 349
0
1
2230 337
1
2231 259
1
2232 340
1
2233 341
1
2234 186
0
1
2235 257
1
2236 225
1
2237 101
1
2238 317
1
2239 205
1
2240 61
0
0
0
1
2241 154
1
2242 351
1
2243 196
1
2244 291
1
2245 212
1
2246 215
1
2247 275
1
2248 280
1
2249 64
0
0
0
0
1
2250 357
0
1
2251 116
1
2252 165
0
1
2253 92
0
1
2254 235
1
2255 305
1
2256 294
1
2257 58
1
2258 238
1
2259 269
0
1
2260 322
1
2261 89
1
2262 92
1
2263 131
1
2264 274
0
0
1
2265 23
1
2266 334
1
2267 301
1
2268 109
1
2269 184
1
2270 310
1
2271 146
0
1
2272 294
1
2273 4
1
2274 182
1
2275 229
1
2276 364
1
2277 295
1
2278 270
1
2279 113
1
2280 121
0
1
2281 334
1
2282 73
1
2283 324
1
2284 187
0
0
1
2285 288
1
2286 97
1
2287 357
1
2288 15
1
2289 320
1
2290 258
1
2291 26
1
2292 108
1
2293 143
0
1
2294 104
1
2295 99
1
2296 268
1
2297 288
1
2298 29
1
2299 282
1
2300 224
1
2301 293
0
1
2302 303
0
0
1
2303 363
1
2304 195
0
0
0
1
2305 280
1
2306 278
1
2307 217
0
1
2308 297
1
2309 84
0
1
2310 334
0
1
2311 233
0
1
2312 168
1
2313 352
0
0
1
2314 171
0
1
2315 13
1
2316 334
0
0
1
2317 280
1
2318 226
1
2319 146
1
2320 34
1
2321 40
0
1
2322 242
1
2323 350
1
2324 110
1
2325 300
1
2326 196
1
2327 359
1
2328 342
1
2329 45
1
2330 170
1
2331 109
1
2332 346
1
2333 213
1
2334 83
1
2335 193
1
2336 209
1
2337 257
1
2338 347
1
2339 300
0
1
2340 144
1
2341 45
1
2342 95
1
2343 149
1
2344 89
1
2345 275
0
0
1
2346 193
1
2347 215
1
2348 134
1
2349 206
1
2350 70
0
1
2351 201
1
2352 21
1
2353 267
1
2354 61
1
2355 199
1
2356 252
1
2357 59
1
2358 74
1
2359 351
0
1
2360 251
0
1
2361 235
1
2362 255
1
2363 274
1
2364 168
0
1
2365 160
1
2366 264
1
2367 131
0
0
1
2368 65
1
2369 193
1
2370 330
1
2371 267
1
2372 129
1
2373 346
1
2374 206
1
2375 20
1
2376 85
1
2377 202
0
1
2378 177
1
2379 48
1
2380 264
0
1
2381 85
1
2382 296
1
2383 72
1
2384 105
1
2385 107
0
1
2386 327
1
2387 168
1
2388 297
1
2389 51
0
1
2390 114
1
2391 28
1
2392 280
1
2393 30
1
2394 249
1
2395 352
1
2396 45
1
2397 185
1
2398 360
1
2399 143
1
2400 53
1
2401 40
1
2402 342
1
2403 27
0
1
2404 181
1
2405 116
0
1
2406 168
1
2407 81
1
2408 117
1
2409 14
1
2410 318
0
0
1
2411 247
1
2412 99
1
2413 115
1
2414 74
1
2415 293
1
2416 274
1
2417 162
1
2418 21
1
2419 93
1
2420 248
1
2421 230
1
2422 305
1
2423 346
1
2424 196
1
2425 60
1
2426 220
1
2427 9
0
1
2428 214
1
2429 238
1
2430 351
0
1
2431 30
0
1
2432 345
1
2433 198
1
2434 73
1
2435 42
1
2436 293
1
2437 116
1
2438 218
0
1
2439 24
1
2440 332
1
2441 9
1
2442 172
1
2443 102
1
2444 289
1
2445 149
1
2446 353
1
2447 77
1
2448 29
1
2449 293
1
2450 231
1
2451 89
1
2452 43
1
2453 75
1
2454 365
1
2455 18
1
2456 354
1
2457 181
0
1
2458 38
1
2459 295
1
2460 322
1
2461 8
1
2462 125
0
0
1
2463 233
1
2464 41
1
2465 137
0
0
1
2466 51
1
2467 146
1
2468 241
1
2469 171
0
1
2470 95
1
2471 130
1
2472 264
0
1
2473 225
1
2474 330
1
2475 75
1
2476 58
1
2477 145
1
2478 309
0
1
2479 52
1
2480 120
0
1
2481 322
1
2482 253
1
2483 68
1
2484 62
1
2485 265
1
2486 134
0
0
1
2487 4
1
2488 105
1
2489 139
1
2490 223
1
2491 168
1
2492 79
0
0
1
2493 36
1
2494 310
0
1
2495 115
1
2496 301
0
1
2497 31
1
2498 309
0
1
2499 217
1
2500 50
0
1
2501 165
1
2502 49
1
2503 22
1
2504 282
1
2505 6
1
2506 22
0
0
1
2507 364
1
2508 103
1
2509 138
0
0
1
2510 75
0
0
1
2511 166
1
2512 95
1
2513 227
0
1
2514 152
0
1
2515 297
1
2516 307
1
2517 314
1
2518 235
1
2519 335
1
2520 61
1
2521 184
0
1
2522 80
1
2523 27
1
2524 53
1
2525 201
0
1
2526 98
1
2527 222
1
2528 326
1
2529 53
1
2530 277
1
2531 268
1
2532 31
1
2533 73
1
2534 88
0
1
2535 7
0
1
2536 84
1
2537 18
0
1
2538 296
1
2539 252
1
2540 215
1
2541 65
1
2542 294
0
1
2543 179
1
2544 281
1
2545 18
1
2546 20
1
2547 360
1
2548 218
1
2549 190
1
2550 277
1
2551 102
0
1
2552 123
0
1
2553 350
1
2554 170
1
2555 295
1
2556 268
1
2557 252
0
1
2558 338
1
2559 180
1
2560 298
1
2561 170
0
1
2562 235
0
1
2563 177
1
2564 79
0
0
1
2565 112
1
2566 96
1
2567 20
1
2568 215
1
2569 63
0
0
1
2570 300
1
2571 232
1
2572 227
1
2573 252
0
1
2574 70
1
2575 151
1
2576 213
1
2577 115
1
2578 338
1
2579 269
1
2580 172
1
2581 300
1
2582 17
0
1
2583 105
1
2584 20
0
1
2585 202
1
2586 345
1
2587 43
1
2588 101
1
2589 176
0
1
2590 261
1
2591 348
1
2592 198
0
1
2593 117
1
2594 232
1
2595 73
1
2596 150
1
2597 175
1
2598 246
1
2599 170
0
1
2600 261
0
1
2601 146
1
2602 177
1
2603 309
1
2604 241
1
2605 204
1
2606 37
1
2607 143
0
0
0
1
2608 334
1
2609 220
1
2610 227
1
2611 103
1
2612 327
1
2613 174
1
2614 28
1
2615 147
1
2616 277
1
2617 334
1
2618 223
1
2619 134
1
2620 116
1
2621 210
0
1
2622 256
0
0
1
2623 165
1
2624 315
1
2625 269
1
2626 126
0
1
2627 93
1
2628 89
0
1
2629 225
1
2630 333
1
2631 274
1
2632 196
1
2633 353
1
2634 210
1
2635 31
1
2636 241
1
2637 240
0
1
2638 216
1
2639 233
0
1
2640 327
0
1
2641 248
0
1
2642 229
1
2643 200
1
2644 40
1
2645 169
1
2646 143
1
2647 4
1
2648 209
1
2649 303
0
1
2650 9
1
2651 318
0
1
2652 285
1
2653 143
1
2654 227
1
2655 134
0
1
2656 105
1
2657 284
0
1
2658 100
1
2659 40
1
2660 149
1
2661 196
1
2662 149
1
2663 166
1
2664 18
1
2665 319
0
1
2666 249
1
2667 75
1
2668 227
1
2669 163
1
2670 215
1
2671 199
1
2672 345
1
2673 322
1
2674 353
0
1
2675 307
1
2676 280
1
2677 202
1
2678 224
1
2679 295
1
2680 273
1
2681 35
0
0
1
2682 89
1
2683 352
1
2684 250
1
2685 192
1
2686 258
1
2687 6
1
2688 199
1
2689 244
1
2690 299
1
2691 130
1
2692 136
1
2693 3
1
2694 291
1
2695 231
1
2696 61
1
2697 287
1
2698 162
1
2699 187
1
2700 193
1
2701 354
1
2702 85
0
0
1
2703 52
1
2704 333
1
2705 249
1
2706 260
1
2707 263
1
2708 264
1
2709 31
1
2710 367
1
2711 324
1
2712 20
1
2713 104
1
2714 34
1
2715 367
0
0
0
1
2716 73
1
2717 23
1
2718 4
1
2719 232
1
2720 40
1
2721 283
0
0
1
2722 348
1
2723 55
1
2724 315
1
2725 115
0
0
0
1
2726 106
1
2727 194
1
2728 30
1
2729 144
0
1
2730 180
1
2731 17
1
2732 165
0
1
2733 26
0
1
2734 209
0
0
0
1
2735 291
1
2736 17
1
2737 286
0
1
2738 246
1
2739 136
0
1
2740 188
1
2741 163
1
2742 80
1
2743 306
1
2744 367
1
2745 154
1
2746 357
0
1
2747 22
1
2748 260
1
2749 36
1
2750 229
1
2751 70
1
2752 304
1
2753 287
1
2754 196
0
0
1
2755 333
1
2756 140
1
2757 284
1
2758 207
1
2759 203
1
2760 93
1
2761 211
0
1
2762 194
1
2763 221
0
1
2764 84
1
2765 163
1
2766 147
1
2767 163
1
2768 12
1
2769 202
1
2770 65
1
2771 137
0
1
2772 233
1
2773 341
1
2774 178
1
2775 219
1
2776 22
1
2777 194
1
2778 176
1
2779 281
1
2780 51
0
0
0
1
2781 284
0
1
2782 161
0
1
2783 215
1
2784 140
1
2785 265
1
2786 297
1
2787 324
0
1
2788 166
1
2789 65
1
2790 200
0
1
2791 83
1
2792 178
1
2793 298
1
2794 301
1
2795 229
1
2796 347
1
2797 129
1
2798 213
1
2799 28
1
2800 63
1
2801 234
1
2802 359
0
1
2803 32
1
2804 54
1
2805 353
1
2806 52
1
2807 280
1
2808 293
1
2809 256
1
2810 109
1
2811 216
0
1
2812 57
1
2813 181
1
2814 127
1
2815 249
1
2816 52
1
2817 262
0
1
2818 184
1
2819 296
1
2820 204
1
2821 322
1
2822 83
1
2823 28
1
2824 263
0
1
2825 235
1
2826 216
1
2827 144
0
1
2828 149
1
2829 104
1
2830 126
1
2831 127
1
2832 85
1
2833 355
0
1
2834 138
1
2835 357
0
1
2836 205
1
2837 193
1
2838 267
1
2839 117
1
2840 140
1
2841 12
1
2842 241
1
2843 12
1
2844 185
0
1
2845 307
1
2846 166
1
2847 71
0
1
2848 6
1
2849 244
1
2850 117
1
2851 201
1
2852 124
1
2853 173
1
2854 255
1
2855 252
0
1
2856 367
1
2857 8
1
2858 295
1
2859 235
1
2860 255
0
1
2861 357
0
1
2862 344
0
1
2863 85
1
2864 68
1
2865 177
1
2866 181
0
1
2867 284
1
2868 327
1
2869 92
1
2870 150
1
2871 366
1
2872 5
1
2873 93
0
1
2874 120
1
2875 54
1
2876 265
1
2877 149
1
2878 285
1
2879 105
1
2880 128
1
2881 232
1
2882 93
1
2883 208
1
2884 34
1
2885 299
1
2886 278
1
2887 277
1
2888 229
1
2889 193
1
2890 297
1
2891 200
1
2892 164
0
1
2893 92
1
2894 119
1
2895 139
1
2896 334
1
2897 272
0
0
1
2898 149
0
1
2899 226
1
2900 65
1
2901 295
1
2902 226
1
2903 58
1
2904 79
1
2905 280
1
2906 251
1
2907 177
1
2908 295
1
2909 178
0
1
2910 168
1
2911 272
1
2912 362
1
2913 279
1
2914 144
1
2915 228
1
2916 158
1
2917 281
1
2918 19
0
1
2919 229
1
2920 276
1
2921 93
1
2922 93
1
2923 90
1
2924 283
1
2925 270
1
2926 269
0
1
2927 286
1
2928 312
1
2929 52
1
2930 156
1
2931 117
1
2932 60
1
2933 140
1
2934 227
1
2935 56
1
2936 297
0
0
1
2937 193
1
2938 321
1
2939 356
1
2940 125
1
2941 65
1
2942 297
1
2943 290
1
2944 3
1
2945 153
0
1
2946 332
1
2947 94
1
2948 176
1
2949 248
1
2950 38
0
1
2951 261
1
2952 65
1
2953 214
1
2954 343
0
0
1
2955 14
1
2956 309
1
2957 247
0
1
2958 60
1
2959 201
1
2960 287
1
2961 13
1
2962 79
1
2963 324
1
2964 148
1
2965 106
1
2966 139
1
2967 337
1
2968 145
1
2969 233
1
2970 305
1
2971 217
0
1
2972 196
1
2973 363
1
2974 149
1
2975 3
1
2976 228
1
2977 37
1
2978 319
1
2979 188
1
2980 283
1
2981 300
1
2982 271
1
2983 363
1
2984 16
1
2985 186
1
2986 43
1
2987 133
1
2988 94
1
2989 246
1
2990 11
1
2991 263
1
2992 255
1
2993 321
1
2994 283
1
2995 99
1
2996 304
1
2997 59
1
2998 66
0
0
0
1
2999 237
1
3000 256
1
3001 355
1
3002 64
1
3003 125
1
3004 306
0
0
1
3005 201
1
3006 149
1
3007 332
0
1
3008 245
1
3009 298
1
3010 48
0
0
1
3011 221
1
3012 253
1
3013 319
1
3014 265
1
3015 277
1
3016 47
1
3017 217
1
3018 291
0
1
3019 341
1
3020 36
1
3021 144
1
3022 28
1
3023 178
1
3024 349
1
3025 59
1
3026 45
1
3027 107
1
3028 81
1
3029 260
0
1
3030 40
1
3031 159
1
3032 256
1
3033 86
1
3034 10
1
3035 4
1
3036 279
1
3037 29
1
3038 80
0
1
3039 318
1
3040 320
0
1
3041 283
1
3042 331
1
3043 304
1
3044 145
1
3045 219
1
3046 27
1
3047 300
1
3048 221
1
3049 6
1
3050 227
1
3051 364
1
3052 236
1
3053 237
1
3054 77
1
3055 286
1
3056 296
1
3057 261
1
3058 273
1
3059 14
0
0
1
3060 236
1
3061 272
1
3062 332
1
3063 150
0
0
1
3064 244
1
3065 350
1
3066 243
1
3067 329
1
3068 212
1
3069 255
0
1
3070 86
1
3071 245
1
3072 321
1
3073 51
1
3074 8
1
3075 77
1
3076 88
1
3077 91
1
3078 195
1
3079 362
1
3080 204
1
3081 186
1
3082 29
1
3083 183
1
3084 125
1
3085 67
1
3086 295
1
3087 73
1
3088 103
1
3089 4
1
3090 138
1
3091 60
1
3092 80
0
1
3093 41
1
3094 59
1
3095 306
0
0
1
3096 46
1
3097 84
1
3098 110
1
3099 176
1
3100 154
1
3101 35
1
3102 54
1
3103 190
1
3104 340
1
3105 212
1
3106 95
1
3107 154
1
3108 32
1
3109 341
1
3110 327
1
3111 73
1
3112 106
1
3113 258
1
3114 327
1
3115 278
1
3116 362
1
3117 42
1
3118 217
1
3119 134
0
1
3120 288
1
3121 88
1
3122 297
1
3123 115
1
3124 172
1
3125 79
1
3126 338
1
3127 211
1
3128 122
1
3129 83
1
3130 156
1
3131 29
1
3132 120
1
3133 103
1
3134 262
1
3135 206
1
3136 272
1
3137 178
1
3138 292
1
3139 193
1
3140 230
1
3141 75
1
3142 51
1
3143 124
0
1
3144 213
1
3145 210
1
3146 65
1
3147 45
1
3148 216
1
3149 241
0
1
3150 277
1
3151 299
1
3152 122
1
3153 273
0
1
3154 236
1
3155 263
0
1
3156 248
1
3157 112
1
3158 206
1
3159 135
1
3160 142
1
3161 187
1
3162 363
1
3163 214
1
3164 129
1
3165 108
1
3166 165
1
3167 88
1
3168 357
1
3169 333
1
3170 10
1
3171 366
1
3172 24
1
3173 227
1
3174 60
1
3175 111
1
3176 198
1
3177 84
1
3178 167
0
1
3179 283
1
3180 14
0
1
3181 49
1
3182 288
1
3183 72
1
3184 41
1
3185 172
1
3186 129
1
3187 188
1
3188 360
1
3189 6
1
3190 60
1
3191 361
1
3192 38
1
3193 297
1
3194 99
1
3195 164
1
3196 42
1
3197 352
1
3198 73
1
3199 162
1
3200 243
1
3201 170
1
3202 247
1
3203 181
1
3204 143
1
3205 145
1
3206 212
0
1
3207 231
1
3208 288
1
3209 87
1
3210 337
0
1
3211 308
1
3212 227
1
3213 11
1
3214 117
1
3215 235
0
1
3216 202
1
3217 127
1
3218 239
1
3219 312
1
3220 142
1
3221 117
0
1
3222 27
1
3223 196
1
3224 205
1
3225 70
0
1
3226 51
1
3227 168
1
3228 10
1
3229 351
1
3230 194
1
3231 93
1
3232 110
1
3233 280
1
3234 149
1
3235 324
1
3236 76
1
3237 49
1
3238 181
1
3239 197
1
3240 71
1
3241 276
0
1
3242 233
1
3243 178
1
3244 111
1
3245 149
1
3246 254
1
3247 180
1
3248 234
1
3249 102
1
3250 360
1
3251 122
1
3252 220
1
3253 297
1
3254 310
1
3255 133
0
1
3256 56
0
1
3257 137
1
3258 240
1
3259 140
1
3260 54
1
3261 11
1
3262 24
1
3263 362
1
3264 256
1
3265 39
1
3266 55
1
3267 317
0
0
1
3268 140
1
3269 350
1
3270 140
1
3271 283
1
3272 311
1
3273 300
1
3274 327
1
3275 129
1
3276 239
1
3277 45
1
3278 260
1
3279 295
1
3280 337
1
3281 331
1
3282 319
1
3283 93
1
3284 100
1
3285 183
1
3286 56
1
3287 67
0
1
3288 276
1
3289 14
1
3290 346
1
3291 2
1
3292 88
1
3293 261
1
3294 208
0
1
3295 40
1
3296 298
1
3297 2
0
1
3298 158
1
3299 309
1
3300 350
0
0
1
3301 111
1
3302 149
1
3303 234
1
3304 147
1
3305 293
1
3306 20
1
3307 146
1
3308 90
1
3309 277
1
3310 149
1
3311 208
0
0
1
3312 157
1
3313 132
0
0
1
3314 200
1
3315 335
1
3316 332
1
3317 147
1
3318 321
1
3319 234
1
3320 124
1
3321 6
1
3322 83
1
3323 213
1
3324 289
1
3325 248
1
3326 53
1
3327 275
1
3328 151
1
3329 52
1
3330 239
1
3331 187
1
3332 299
1
3333 158
1
3334 50
1
3335 133
1
3336 246
1
3337 70
1
3338 165
1
3339 267
1
3340 101
1
3341 196
1
3342 124
1
3343 213
1
3344 204
1
3345 271
1
3346 77
0
1
3347 80
1
3348 188
1
3349 88
1
3350 146
1
3351 145
1
3352 20
1
3353 226
1
3354 49
1
3355 241
1
3356 208
1
3357 176
0
1
3358 25
1
3359 41
1
3360 281
1
3361 148
1
3362 228
0
1
3363 142
1
3364 159
1
3365 88
1
3366 240
1
3367 123
1
3368 123
0
1
3369 309
1
3370 72
1
3371 153
1
3372 84
1
3373 228
1
3374 129
1
3375 234
1
3376 353
1
3377 183
1
3378 311
1
3379 285
1
3380 344
1
3381 228
1
3382 216
0
1
3383 18
1
3384 220
1
3385 152
0
0
1
3386 261
1
3387 331
1
3388 342
1
3389 151
1
3390 299
1
3391 332
1
3392 84
1
3393 34
1
3394 207
1
3395 36
1
3396 228
1
3397 129
1
3398 249
1
3399 225
1
3400 308
1
3401 337
1
3402 303
1
3403 286
1
3404 77
1
3405 40
1
3406 48
1
3407 242
1
3408 122
1
3409 269
1
3410 354
1
3411 332
1
3412 148
1
3413 304
1
3414 228
0
1
3415 195
1
3416 327
1
3417 287
1
3418 121
1
3419 227
1
3420 3
1
3421 100
1
3422 64
1
3423 333
1
3424 142
0
1
3425 176
1
3426 131
1
3427 80
1
3428 256
1
3429 10
0
1
3430 139
1
3431 189
1
3432 363
1
3433 73
1
3434 289
1
3435 207
0
1
3436 187
1
3437 10
1
3438 191
1
3439 34
0
1
3440 271
1
3441 225
1
3442 107
1
3443 272
1
3444 297
1
3445 326
1
3446 360
1
3447 218
1
3448 277
1
3449 254
1
3450 170
1
3451 53
1
3452 228
1
3453 180
1
3454 64
1
3455 359
1
3456 214
1
3457 58
1
3458 190
1
3459 224
1
3460 256
1
3461 174
1
3462 203
1
3463 276
1
3464 277
1
3465 246
1
3466 85
1
3467 108
1
3468 189
0
1
3469 292
1
3470 84
1
3471 69
1
3472 90
1
3473 211
0
1
3474 209
1
3475 158
1
3476 17
1
3477 281
1
3478 329
1
3479 122
1
3480 16
1
3481 80
1
3482 250
1
3483 210
1
3484 122
1
3485 3
1
3486 47
1
3487 106
0
1
3488 288
1
3489 168
1
3490 68
1
3491 272
1
3492 158
1
3493 246
0
1
3494 229
0
1
3495 109
1
3496 142
1
3497 239
1
3498 324
1
3499 356
1
3500 307
1
3501 234
1
3502 253
1
3503 16
1
3504 77
1
3505 342
0
1
3506 332
1
3507 216
1
3508 117
1
3509 122
1
3510 6
1
3511 201
1
3512 354
1
3513 123
1
3514 196
1
3515 138
1
3516 75
1
3517 139
1
3518 338
1
3519 257
1
3520 73
1
3521 101
1
3522 138
1
3523 37
1
3524 165
1
3525 141
1
3526 105
1
3527 268
1
3528 163
1
3529 65
0
1
3530 156
1
3531 337
1
3532 94
1
3533 199
1
3534 330
1
3535 33
1
3536 210
1
3537 314
1
3538 113
1
3539 351
1
3540 11
1
3541 351
1
3542 243
1
3543 256
1
3544 121
1
3545 93
1
3546 108
1
3547 163
1
3548 222
1
3549 303
1
3550 146
1
3551 310
1
3552 268
1
3553 24
1
3554 354
1
3555 176
1
3556 237
1
3557 118
1
3558 110
1
3559 53
1
3560 184
0
1
3561 22
1
3562 270
1
3563 175
1
3564 57
1
3565 37
1
3566 338
1
3567 294
1
3568 222
1
3569 277
1
3570 72
1
3571 340
1
3572 259
1
3573 47
0
1
3574 281
1
3575 86
1
3576 279
1
3577 208
1
3578 273
1
3579 32
1
3580 26
1
3581 241
1
3582 242
1
3583 29
0
1
3584 286
1
3585 165
1
3586 55
0
1
3587 180
1
3588 277
0
1
3589 278
1
3590 297
1
3591 142
1
3592 268
1
3593 255
1
3594 27
1
3595 46
1
3596 43
1
3597 280
1
3598 359
1
3599 254
1
3600 104
1
3601 259
1
3602 311
1
3603 336
1
3604 198
1
3605 181
1
3606 207
1
3607 214
1
3608 300
1
3609 288
1
3610 299
1
3611 362
1
3612 201
1
3613 275
1
3614 216
1
3615 93
1
3616 363
1
3617 151
1
3618 68
1
3619 14
1
3620 221
1
3621 66
1
3622 188
1
3623 176
1
3624 357
1
3625 45
1
3626 210
0
1
3627 297
1
3628 7
1
3629 272
1
3630 160
1
3631 28
1
3632 66
1
3633 311
1
3634 238
1
3635 193
1
3636 132
1
3637 117
1
3638 216
1
3639 81
1
3640 51
1
3641 71
1
3642 242
1
3643 194
1
3644 52
0
1
3645 122
0
1
3646 43
1
3647 26
1
3648 80
1
3649 291
1
3650 294
1
3651 79
1
3652 305
1
3653 299
1
3654 361
1
3655 131
1
3656 41
1
3657 212
1
3658 35
0
1
3659 26
1
3660 331
1
3661 316
1
3662 367
1
3663 209
1
3664 71
1
3665 95
1
3666 326
1
3667 196
1
3668 271
1
3669 242
1
3670 75
1
3671 184
1
3672 229
1
3673 180
1
3674 358
1
3675 73
1
3676 119
1
3677 10
1
3678 252
1
3679 225
1
3680 84
1
3681 321
1
3682 52
1
3683 340
1
3684 168
1
3685 320
1
3686 48
1
3687 59
1
3688 237
1
3689 175
1
3690 4
1
3691 357
1
3692 228
1
3693 119
1
3694 246
1
3695 315
0
1
3696 144
1
3697 242
1
3698 67
1
3699 35
1
3700 356
1
3701 202
1
3702 247
1
3703 32
1
3704 289
1
3705 198
1
3706 226
1
3707 67
1
3708 225
0
1
3709 110
1
3710 87
1
3711 272
1
3712 213
1
3713 331
1
3714 270
1
3715 36
1
3716 346
0
1
3717 290
1
3718 88
1
3719 232
1
3720 17
1
3721 237
1
3722 155
1
3723 102
1
3724 352
1
3725 316
1
3726 332
1
3727 162
1
3728 320
1
3729 22
1
3730 92
0
1
3731 336
1
3732 29
1
3733 217
1
3734 278
1
3735 56
1
3736 178
0
1
3737 345
1
3738 18
1
3739 335
1
3740 216
1
3741 261
1
3742 314
1
3743 15
1
3744 334
1
3745 249
1
3746 134
1
3747 108
1
3748 279
1
3749 176
1
3750 328
1
3751 321
1
3752 28
1
3753 352
1
3754 282
1
3755 352
1
3756 274
1
3757 127
1
3758 346
1
3759 324
1
3760 279
0
1
3761 84
1
3762 145
1
3763 316
1
3764 124
1
3765 105
1
3766 233
1
3767 352
1
3768 62
1
3769 168
1
3770 337
1
3771 329
1
3772 275
1
3773 241
1
3774 21
1
3775 80
1
3776 211
1
3777 6
1
3778 103
1
3779 235
1
3780 282
1
3781 268
1
3782 93
1
3783 210
1
3784 358
1
3785 294
1
3786 356
1
3787 270
1
3788 158
1
3789 308
1
3790 264
1
3791 268
1
3792 278
1
3793 65
1
3794 44
1
3795 62
1
3796 354
0
1
3797 10
1
3798 90
1
3799 73
1
3800 345
1
3801 253
1
3802 325
1
3803 301
1
3804 185
1
3805 124
1
3806 287
1
3807 206
1
3808 162
1
3809 30
1
3810 43
1
3811 81
0
1
3812 265
1
3813 160
1
3814 340
1
3815 97
1
3816 333
1
3817 78
1
3818 139
1
3819 139
1
3820 21
1
3821 127
1
3822 40
1
3823 89
1
3824 327
1
3825 164
1
3826 228
1
3827 266
1
3828 115
1
3829 97
1
3830 5
1
3831 252
1
3832 268
0
0
1
3833 105
1
3834 190
1
3835 74
1
3836 242
1
3837 144
1
3838 83
1
3839 306
1
3840 45
1
3841 334
1
3842 197
1
3843 201
1
3844 326
1
3845 294
1
3846 62
1
3847 18
1
3848 42
1
3849 241
1
3850 240
1
3851 13
1
3852 346
1
3853 216
1
3854 17
1
3855 216
1
3856 257
1
3857 202
1
3858 358
1
3859 214
1
3860 333
1
3861 229
1
3862 135
1
3863 229
1
3864 89
1
3865 65
1
3866 162
1
3867 308
1
3868 356
1
3869 257
1
3870 261
1
3871 325
1
3872 317
1
3873 13
1
3874 259
1
3875 208
1
3876 361
1
3877 347
1
3878 212
1
3879 177
1
3880 13
1
3881 68
1
3882 56
1
3883 295
1
3884 20
1
3885 105
1
3886 126
1
3887 103
1
3888 272
1
3889 281
1
3890 342
1
3891 270
1
3892 366
1
3893 291
1
3894 80
1
3895 156
1
3896 152
1
3897 80
1
3898 300
1
3899 48
1
3900 201
1
3901 166
1
3902 110
1
3903 54
1
3904 163
1
3905 255
1
3906 159
1
3907 161
1
3908 110
1
3909 146
1
3910 268
1
3911 61
1
3912 117
1
3913 223
1
3914 256
1
3915 191
1
3916 215
1
3917 136
1
3918 210
1
3919 183
1
3920 352
1
3921 271
1
3922 345
1
3923 38
1
3924 253
1
3925 289
1
3926 206
1
3927 198
1
3928 292
1
3929 256
1
3930 145
1
3931 22
1
3932 334
1
3933 349
1
3934 196
1
3935 364
1
3936 239
1
3937 117
1
3938 299
1
3939 206
1
3940 304
1
3941 324
1
3942 356
1
3943 134
1
3944 191
1
3945 333
1
3946 123
1
3947 208
1
3948 322
1
3949 142
1
3950 271
1
3951 205
1
3952 335
1
3953 176
1
3954 364
1
3955 11
1
3956 224
1
3957 236
1
3958 237
1
3959 230
1
3960 164
1
3961 51
1
3962 46
1
3963 185
1
3964 221
1
3965 172
1
3966 366
1
3967 324
1
3968 116
1
3969 14
1
3970 256
1
3971 15
1
3972 123
1
3973 356
1
3974 169
1
3975 277
1
3976 138
1
3977 334
1
3978 261
1
3979 60
1
3980 321
1
3981 335
1
3982 52
1
3983 29
1
3984 94
1
3985 280
1
3986 182
1
3987 202
1
3988 65
1
3989 363
1
3990 51
1
3991 46
1
3992 122
1
3993 32
1
3994 22
1
3995 33
1
3996 324
1
3997 210
1
3998 358
1
3999 137
1
4000 349
1
4001 252
1
4002 295
1
4003 84
1
4004 283
1
4005 225
1
4006 144
1
4007 147
1
4008 313
1
4009 283
1
4010 95
1
4011 200
1
4012 269
1
4013 149
1
4014 355
1
4015 233
1
4016 125
1
4017 149
1
4018 332
1
4019 123
1
4020 340
1
4021 165
1
4022 15
1
4023 329
1
4024 333
1
4025 21
1
4026 78
1
4027 181
1
4028 346
1
4029 242
1
4030 201
1
4031 102
1
4032 273
1
4033 263
1
4034 61
1
4035 367
1
4036 35
1
4037 325
1
4038 151
1
4039 32
1
4040 75
1
4041 303
1
4042 175
1
4043 334
1
4044 251
1
4045 352
1
4046 357
1
4047 144
1
4048 153
1
4049 332
1
4050 334
1
4051 162
1
4052 91
1
4053 244
1
4054 358
1
4055 139
1
4056 285
1
4057 74
1
4058 43
1
4059 13
1
4060 17
1
4061 237
1
4062 119
1
4063 366
1
4064 299
1
4065 238
1
4066 24
1
4067 196
1
4068 195
1
4069 183
1
4070 17
1
4071 85
1
4072 194
1
4073 31
1
4074 79
1
4075 81
1
4076 152
1
4077 18
1
4078 332
1
4079 317
0
1
4080 101
1
4081 363
1
4082 283
1
4083 239
1
4084 227
1
4085 198
1
4086 261
1
4087 78
1
4088 210
1
4089 336
1
4090 95
1
4091 54
1
4092 288
1
4093 70
1
4094 30
1
4095 65
0
1
4096 316
1
4097 112
1
4098 92
1
4099 208
1
4100 118
0
1
4101 221
1
4102 277
1
4103 103
1
4104 167
1
4105 355
1
4106 259
0
1
4107 295
0
1
4108 31
1
4109 149
1
4110 121
1
4111 296
1
4112 290
0
0
1
4113 108
0
1
4114 256
1
4115 217
1
4116 198
1
4117 147
0
1
4118 52
1
4119 351
1
4120 341
1
4121 114
1
4122 52
0
0
1
4123 93
1
4124 149
1
4125 245
1
4126 244
1
4127 196
1
4128 7
1
4129 133
1
4130 176
1
4131 96
1
4132 280
1
4133 205
1
4134 299
1
4135 93
1
4136 295
1
4137 330
1
4138 363
1
4139 128
1
4140 66
1
4141 286
1
4142 273
1
4143 16
1
4144 269
1
4145 137
1
4146 194
1
4147 159
1
4148 140
1
4149 286
1
4150 79
1
4151 359
0
0
1
4152 272
1
4153 39
1
4154 189
0
1
4155 271
1
4156 144
1
4157 95
1
4158 85
1
4159 279
1
4160 242
1
4161 180
1
4162 175
0
1
4163 140
1
4164 140
1
4165 334
1
4166 230
0
1
4167 352
1
4168 36
1
4169 307
1
4170 109
1
4171 129
1
4172 195
1
4173 287
1
4174 261
1
4175 156
1
4176 273
1
4177 226
1
4178 175
1
4179 284
1
4180 29
1
4181 269
1
4182 255
1
4183 79
1
4184 57
1
4185 268
1
4186 297
1
4187 357
1
4188 276
1
4189 5
0
0
1
4190 352
1
4191 274
1
4192 4
1
4193 82
1
4194 285
1
4195 178
1
4196 327
0
0
1
4197 292
0
1
4198 177
1
4199 146
1
4200 134
1
4201 172
0
1
4202 200
0
1
4203 88
1
4204 249
1
4205 105
0
1
4206 244
1
4207 361
1
4208 347
1
4209 95
0
1
4210 65
1
4211 35
1
4212 211
1
4213 53
1
4214 364
1
4215 76
1
4216 306
1
4217 209
1
4218 126
1
4219 287
1
4220 180
1
4221 262
0
1
4222 302
1
4223 41
1
4224 256
1
4225 227
1
4226 185
1
4227 176
1
4228 14
1
4229 196
1
4230 165
1
4231 238
0
0
1
4232 72
1
4233 55
1
4234 236
1
4235 324
1
4236 158
1
4237 278
1
4238 207
1
4239 121
1
4240 186
1
4241 228
1
4242 286
1
4243 260
1
4244 84
0
1
4245 291
1
4246 138
1
4247 222
0
0
1
4248 77
1
4249 127
1
4250 231
1
4251 149
1
4252 198
0
1
4253 294
1
4254 130
1
4255 45
1
4256 250
1
4257 300
1
4258 90
0
1
4259 112
1
4260 356
1
4261 50
1
4262 266
0
1
4263 288
1
4264 70
1
4265 192
0
1
4266 266
1
4267 287
1
4268 318
1
4269 275
1
4270 320
1
4271 77
1
4272 87
1
4273 211
1
4274 241
1
4275 184
1
4276 181
1
4277 94
1
4278 254
1
4279 68
1
4280 129
1
4281 89
1
4282 156
1
4283 282
1
4284 189
1
4285 245
1
4286 262
1
4287 362
0
1
4288 29
1
4289 231
1
4290 105
1
4291 217
1
4292 357
1
4293 274
1
4294 6
0
1
4295 157
1
4296 34
1
4297 81
1
4298 107
0
1
4299 145
0
1
4300 274
1
4301 360
1
4302 48
1
4303 75
1
4304 48
0
1
4305 328
1
4306 320
1
4307 182
1
4308 237
1
4309 268
1
4310 131
1
4311 205
1
4312 28
1
4313 126
1
4314 189
1
4315 301
0
0
1
4316 93
1
4317 338
0
0
1
4318 70
1
4319 96
1
4320 315
1
4321 191
1
4322 38
1
4323 134
0
0
1
4324 142
1
4325 131
1
4326 223
1
4327 309
1
4328 323
0
1
4329 164
1
4330 348
1
4331 109
1
4332 247
1
4333 258
1
4334 60
0
0
0
0
0
1
4335 324
1
4336 138
0
1
4337 102
1
4338 351
0
1
4339 269
0
0
1
4340 4
1
4341 314
1
4342 337
1
4343 190
1
4344 176
1
4345 70
0
1
4346 6
0
1
4347 101
1
4348 122
0
1
4349 296
1
4350 315
1
4351 135
1
4352 121
1
4353 255
1
4354 176
1
4355 20
0
1
4356 133
1
4357 242
1
4358 337
0
0
1
4359 156
0
1
4360 32
0
0
1
4361 80
1
4362 301
0
1
4363 58
1
4364 185
1
4365 21
1
4366 207
0
1
4367 151
1
4368 8
0
0
0
1
4369 55
1
4370 64
1
4371 320
0
1
4372 275
1
4373 19
0
0
1
4374 274
0
0
1
4375 321
0
1
4376 142
1
4377 365
0
1
4378 170
0
1
4379 4
1
4380 345
1
4381 21
1
4382 114
1
4383 181
1
4384 324
0
0
1
4385 49
0
1
4386 229
0
1
4387 244
1
4388 271
1
4389 70
1
4390 168
0
1
4391 235
1
4392 62
1
4393 228
0
1
4394 351
0
0
1
4395 145
1
4396 167
1
4397 183
0
1
4398 244
0
0
1
4399 215
0
1
4400 41
1
4401 4
0
1
4402 345
1
4403 352
1
4404 20
1
4405 213
1
4406 332
1
4407 15
0
1
4408 156
1
4409 82
1
4410 225
1
4411 22
0
1
4412 352
1
4413 176
0
1
4414 346
1
4415 149
1
4416 132
1
4417 209
1
4418 268
0
1
4419 180
1
4420 94
1
4421 334
0
0
0
1
4422 205
0
0
0
0
1
4423 220
1
4424 214
1
4425 186
0
1
4426 88
0
0
0
1
4427 264
1
4428 28
1
4429 170
0
1
4430 332
0
1
4431 77
1
4432 354
1
4433 113
1
4434 164
1
4435 195
0
1
4436 361
0
1
4437 203
1
4438 8
0
1
4439 147
1
4440 168
1
4441 216
0
1
4442 84
0
1
4443 191
1
4444 294
0
1
4445 256
0
1
4446 146
1
4447 89
1
4448 149
1
4449 98
1
4450 114
0
1
4451 164
1
4452 79
1
4453 253
0
0
1
4454 89
0
1
4455 363
0
1
4456 81
1
4457 121
1
4458 49
1
4459 155
1
4460 272
1
4461 339
0
0
0
0
1
4462 46
1
4463 290
0
1
4464 181
1
4465 349
0
1
4466 146
1
4467 108
1
4468 158
1
4469 202
0
1
4470 242
0
0
0
1
4471 66
0
1
4472 92
1
4473 179
0
0
0
1
4474 27
0
1
4475 166
1
4476 124
0
1
4477 50
1
4478 188
0
0
1
4479 303
0
0
0
0
0
0
1
4480 122
0
1
4481 218
0
1
4482 300
1
4483 105
0
0
0
1
4484 274
0
0
0
1
4485 141
0
0
1
4486 178
0
0
0
0
0
1
4487 32
0
1
4488 236
0
1
4489 355
0
0
1
4490 357
0
1
4491 241
0
1
4492 26
0
0
0
0
1
4493 106
1
4494 194
0
0
1
4495 321
0
0
0
0
1
4496 243
0
1
4497 238
1
4498 200
0
1
4499 350
1
4500 139
1
4501 56
0
1
4502 178
0
1
4503 210
0
1
4504 271
1
4505 161
0
1
4506 50
1
4507 64
1
4508 228
0
1
4509 297
1
4510 134
1
4511 214
1
4512 298
1
4513 13
0
0
1
4514 84
0
1
4515 93
1
4516 146
0
1
4517 340
0
0
0
0
1
4518 353
0
0
1
4519 140
0
0
1
4520 336
0
1
4521 154
1
4522 93
1
4523 205
1
4524 54
1
4525 48
0
1
4526 362
0
0
1
4527 98
1
4528 185
0
0
0
1
4529 24
0
1
4530 229
0
0
0
0
0
0
0
0
1
4531 39
0
0
0
0
1
4532 259
0
1
4533 201
1
4534 334
1
4535 222
0
1
4536 45
1
4537 133
0
1
4538 178
0
1
4539 337
1
4540 335
1
4541 294
0
1
4542 29
0
1
4543 115
1
4544 367
0
1
4545 81
1
4546 167
1
4547 74
1
4548 166
0
1
4549 271
1
4550 311
0
1
4551 197
1
4552 9
0
1
4553 190
0
0
0
0
1
4554 196
0
0
0
1
4555 39
0
1
4556 303
0
0
1
4557 251
1
4558 8
0
1
4559 189
0
0
1
4560 325
0
0
0
0
1
4561 15
0
1
4562 302
1
4563 292
1
4564 129
1
4565 156
1
4566 218
0
0
0
0
0
1
4567 318
0
0
1
4568 164
0
1
4569 266
0
0
0
0
0
0
1
4570 237
1
4571 271
1
4572 303
1
4573 252
0
1
4574 334
0
0
1
4575 285
1
4576 183
1
4577 256
0
0
1
4578 248
0
1
4579 270
0
0
0
0
1
4580 140
1
4581 189
0
0
1
4582 337
0
0
1
4583 35
1
4584 334
0
1
4585 330
0
0
0
0
1
4586 366
0
1
4587 228
0
0
0
1
4588 138
0
1
4589 194
1
4590 340
0
1
4591 199
1
4592 284
0
0
0
1
4593 127
0
0
1
4594 245
0
0
0
0
0
0
0
1
4595 18
0
1
4596 334
0
0
1
4597 205
0
1
4598 349
0
1
4599 227
0
1
4600 38
1
4601 114
1
4602 331
1
4603 316
0
0
1
4604 13
0
0
0
0
1
4605 338
1
4606 129
0
0
0
0
1
4607 57
0
1
4608 146
0
0
1
4609 272
0
0
1
4610 101
0
1
4611 189
1
4612 11
1
4613 119
1
4614 303
0
0
1
4615 88
1
4616 337
1
4617 129
0
1
4618 333
1
4619 77
1
4620 20
0
0
1
4621 152
1
4622 248
1
4623 98
0
0
0
1
4624 179
0
0
0
0
0
0
0
0
0
1
4625 268
1
4626 74
0
0
1
4627 116
0
1
4628 138
1
4629 82
0
0
0
0
1
4630 341
0
0
0
0
0
1
4631 32
0
0
0
0
1
4632 275
0
0
0
0
0
0
0
0
1
4633 98
1
4634 338
0
0
0
0
0
0
0
1
4635 266
1
4636 260
0
0
0
0
0
0
1
4637 299
0
1
4638 119
0
0
0
0
1
4639 50
0
1
4640 63
1
4641 107
0
1
4642 26
0
1
4643 12
0
1
4644 248
0
1
4645 320
0
0
0
0
0
1
4646 365
1
4647 64
0
0
0
0
0
0
1
4648 156
0
0
0
1
4649 55
1
4650 353
0
0
0
0
1
4651 139
1
4652 267
0
0
0
1
4653 229
0
0
0
0
0
0
0
1
4654 80
1
4655 339
0
1
4656 237
0
0
0
0
0
0
0
0
0
0
0
1
4657 203
0
0
0
0
1
4658 149
0
1
4659 94
0
0
1
4660 120
1
4661 177
0
1
4662 3
0
0
0
0
1
4663 200
0
0
1
4664 50
0
0
0
1
4665 57
0
0
0
0
0
0
0
0
0
0
1
4666 68
0
1
4667 274
0
0
0
1
4668 365
1
4669 229
0
0
0
0
0
0
0
0
0
0
1
4670 40
0
0
0
0
0
1
4671 323
1
4672 228
0
1
4673 72
0
0
0
1
4674 263
1
4675 364
1
4676 96
0
0
0
0
0
0
1
4677 130
1
4678 139
0
0
0
0
0
0
1
4679 225
0
0
0
1
4680 15
1
4681 21
1
4682 215
0
0
0
0
0
0
0
0
0
0
1
4683 79
0
0
0
1
4684 226
1
4685 46
0
0
0
0
0
0
0
1
4686 263
0
1
4687 307
0
0
0
0
0
0
1
4688 357
1
4689 299
0
0
0
0
0
1
4690 224
0
1
4691 197
0
0
1
4692 229
0
0
0
0
0
0
0
0
0
0
0
0
0
0
0
0
0
0
0
0
1
4693 213
0
0
0
0
0
0
0
0
0
0
0
0
0
0
0
0
1
4694 21
0
0
0
0
0
0
0
0
0
0
1
4695 277
0
0
0
0
0
0
0
0
0
0
0
0
0
0
0
0
0
0
0
0
0
0
0
0
0
0
0
0
0
0
0
0
0
0
0
0
0
0
0
0
0
0
0
1
4696 18
0
0
0
0
0
0
0
0
0
0
0
0
0
0
0
0
0
0
0
0
0
0
0
0
0
0
0
0
0
0
0
0
0
0
0
0
0
0
0
0
0
0
0
0
0
0
0
0
0
0
0
0
0
0
0
0
0
0
0
0
0
0
0
0
0
0
0
0
0
0
0
0
0
0
0
0
0
0
0
0
0
0
0
0
0
0
0
0
0
0
0
0
0
0
0
0
0
0
0
0
0
0
0
0
0
0
0
0
0
0
0
0
0
0
0
0
0
0
0
0
0
0
0
0
0
0
0
0
0
0
0
0
0
0
0
0
0
0
0
0
0
0
0
0
0
0
0
0
0
0
0
0
0
0
0
0
0
0
0
0
0
0
0
0
0
0
0
0
0
0
0
0
0
0
0
0
0
0
0
0
0
0
0
0
0
0
0
0
0
0
0
0
0
0
0
0
0
0
0
0
0
0
0
0
0
0
0
0
0
0
0
0
0
0
0
0
0
0
0
0
0
0
0
0
0
0
0
0
0
0
0
0
0
0
0
0
0
0
0
0
0
0
0
0
0
0
0
0
0
0
0
0
0
0
0
0
0
0
0
0
0
0
0
0
0
0
0
0
0
0
0
0
0
0
0
0
0
0
0
0
0
0
0
0
0
0
0
0
0
0
0
0
0
0
0
0
0
0
0
0
0
0
0
0
0
0
0
0
0
0
0
0
0
0
0
0
0
0
0
0
0
0
0
0
0
0
0
0
0
0
0
0
0
0
0
0
0
0
0
0
0
0
0
0
0
0
0
0
0
0
0
0
0
0
0
0
0
0
0
0
0
0
0
0
0
0
0
0
0
0
0
0
0
0
0
0
0
0
0
0
0
0
0
0
0
0
0
0
0
0
0
0
0
0
0
0
0
0
0
0
0
0
0
0
0
0
0
0
0
0
0
0
0
0
0
0
0
0
0
0
0
0
0
0
0
0
0
0
0
0
0
0
0
0
0
0
0
0
0
0
0
0
0
0
0
0
0
0
0
0
0
0
0
0
0
0
0
0
0
0
0
0
0
0
0
0
0
0
0
0
0
0
0
0
0
0
0
0
0
0
0
0
0
0
0
0
0
0
0
0
0
0
0
0
0
0
0
0
0
0
0
0
0
0
0
0
0
0
0
0
0
0
0
0
0
0
0
0
0
0
0
0
0
0
0
0
0
0
0
0
0
0
0
0
0
0
0
0
0
0
0
0
0
0
0
0
0
0
0
0
0
0
0
0
0
0
0
0
0
0
0
0
0
0
0
0
0
0
0
0
0
0
0
0
0
0
0
