216 364
76 38 4
127 71 3
37 152 2
2 140 2
118 178 4
12 17 4
43 116 2
202 14 3
70 211 4
164 48 2
18 27 3
207 110 2
62 10 3
147 88 2
209 202 2
106 104 3
211 183 5
175 65 4
114 135 4
76 81 4
159 141 5
151 87 5
52 165 3
12 111 3
11 88 2
11 65 4
75 201 3
159 49 3
145 216 7
207 113 5
25 157 4
20 51 4
67 166 4
2 93 2
20 135 4
46 57 3
41 46 4
7 50 2
29 178 4
122 68 3
215 153 2
212 94 3
78 172 4
24 64 5
205 148 4
171 44 3
174 200 3
196 1 3
170 191 2
63 22 4
212 189 4
120 97 2
205 77 4
20 86 4
119 28 4
155 74 2
36 186 3
95 34 4
62 45 4
88 150 4
191 175 3
133 203 4
44 200 1
141 190 3
36 138 5
137 143 4
135 184 3
55 46 4
66 48 3
166 154 3
58 170 4
13 106 4
56 3 2
13 161 3
151 74 2
32 59 4
160 98 3
47 79 3
100 64 3
38 195 4
116 130 2
89 70 4
105 114 4
140 26 3
22 9 2
86 165 4
45 10 5
195 108 3
107 125 4
4 160 2
138 199 3
100 182 4
158 157 4
46 148 3
139 114 4
105 21 3
153 52 3
129 16 2
94 124 3
3 156 4
60 87 3
37 26 3
2 37 2
83 124 4
54 215 4
140 152 3
90 196 2
158 192 4
31 193 4
181 91 3
163 63 2
119 67 4
208 113 4
216 182 5
121 137 3
88 53 2
182 75 4
13 19 2
144 162 3
102 177 4
50 33 3
103 39 4
12 82 3
21 48 2
45 1 4
79 150 1
179 202 3
66 144 3
163 120 3
92 110 4
199 186 4
203 104 3
156 157 4
82 84 2
129 124 5
69 92 3
31 62 3
15 5 4
128 197 3
209 14 3
164 162 3
130 179 2
108 122 3
41 35 5
185 199 5
15 214 2
27 139 4
123 47 3
173 181 3
184 105 4
77 123 1
49 71 6
145 73 4
143 39 2
209 99 4
69 197 2
194 92 3
177 49 4
69 128 5
75 116 4
172 186 5
215 178 4
30 132 3
90 188 3
35 148 3
208 117 2
101 47 2
104 44 4
115 206 5
180 196 5
3 81 4
139 184 2
200 82 4
213 111 4
187 166 3
84 17 2
101 123 2
115 103 3
63 9 3
138 152 3
91 216 4
210 193 3
62 15 4
118 153 3
120 126 4
95 214 1
93 26 2
192 189 5
90 54 3
171 198 4
121 168 2
112 111 3
71 102 4
96 206 5
97 109 3
47 150 2
177 190 1
29 175 4
176 136 4
173 201 4
23 208 3
39 59 3
183 214 3
26 2 2
149 136 2
8 28 2
67 8 5
212 83 4
3 210 2
57 74 2
129 185 2
118 51 3
173 162 4
23 117 2
97 203 2
66 21 3
108 68 2
167 83 3
32 96 3
179 43 3
53 150 3
80 170 3
84 198 3
120 203 3
107 157 4
90 42 3
40 33 2
81 122 3
35 204 2
154 127 3
143 32 2
61 25 3
73 64 5
56 167 3
125 205 3
100 43 3
204 55 1
53 11 1
56 210 3
213 67 3
70 183 3
127 166 6
109 13 3
164 66 2
183 34 5
106 6 5
29 118 2
6 174 3
180 195 2
194 69 3
131 65 3
193 76 3
91 201 3
16 185 2
211 214 2
146 126 3
158 156 3
57 155 3
155 151 4
159 190 3
48 27 5
89 213 3
28 78 3
19 146 3
101 79 2
60 110 5
24 202 3
93 83 3
18 134 3
16 152 5
167 189 3
160 169 2
24 14 3
104 109 4
79 77 3
85 78 3
36 199 4
121 18 3
194 207 4
1 42 3
61 107 3
142 49 3
50 40 3
56 192 4
5 138 2
187 213 4
161 19 3
55 35 3
25 68 2
87 131 3
99 39 3
86 135 3
19 72 3
10 7 3
168 27 3
141 4 4
108 61 3
128 206 4
95 211 4
103 209 3
51 134 3
47 147 2
76 180 2
187 169 3
191 58 1
182 73 4
5 140 3
125 123 3
54 42 2
30 146 4
8 85 2
84 40 2
42 52 3
72 30 3
149 204 4
215 188 3
137 130 4
8 89 3
132 72 3
30 161 2
155 136 3
197 92 3
4 159 4
85 28 3
176 151 4
142 127 5
9 181 5
134 80 2
161 132 2
86 153 3
121 80 5
59 115 3
22 126 5
38 180 2
144 116 4
149 41 4
23 113 3
34 112 4
87 176 3
154 119 5
25 122 3
137 99 3
33 7 3
98 174 4
198 165 4
63 173 5
147 101 3
188 11 3
21 133 4
131 191 4
18 80 3
31 45 5
17 40 4
52 54 3
70 85 4
93 167 4
60 206 3
58 96 4
163 133 3
168 144 4
142 169 3
6 98 4
89 112 4
171 114 3
10000
0
0
0
0
0
0
0
0
0
1
1 27
0
0
0
0
0
0
0
0
0
0
0
0
0
0
0
0
0
0
0
0
0
0
0
0
0
0
0
1
2 5
0
1
3 180
0
0
0
0
0
0
1
4 85
0
0
0
0
0
0
0
0
0
0
0
0
0
0
0
0
0
0
0
0
0
0
0
0
1
5 94
0
0
0
0
0
0
0
0
0
0
0
0
0
0
0
0
0
0
0
0
0
1
6 116
0
0
0
0
0
0
0
0
0
0
0
0
0
1
7 179
0
0
0
0
0
0
0
0
0
0
0
0
0
0
0
0
0
0
0
0
0
0
0
0
0
0
1
8 58
0
0
1
9 137
0
0
0
0
0
0
0
0
0
0
0
0
0
0
0
0
0
0
0
0
0
0
0
0
0
0
0
0
1
10 45
0
0
0
1
11 30
0
1
12 152
0
1
13 199
0
0
0
1
14 177
0
0
0
0
0
0
0
0
0
0
0
0
0
1
15 144
0
0
1
16 68
0
0
0
0
0
0
0
1
17 32
0
0
0
0
0
0
0
1
18 114
0
0
0
0
0
0
0
0
0
1
19 21
1
20 210
0
0
0
0
0
0
0
0
0
0
1
21 112
1
22 27
1
23 101
0
0
0
0
1
24 116
0
0
1
25 157
0
0
1
26 92
1
27 17
0
1
28 129
0
0
0
0
0
0
0
1
29 44
1
30 29
0
0
1
31 186
0
0
1
32 21
1
33 104
1
34 214
1
35 61
0
1
36 204
0
0
0
1
37 204
0
0
0
0
0
0
0
0
0
1
38 66
1
39 113
0
1
40 32
0
0
0
0
0
0
0
1
41 14
0
1
42 120
0
0
1
43 155
0
0
0
0
0
0
0
1
44 153
0
0
0
0
0
0
0
0
0
0
0
1
45 80
0
0
1
46 155
0
0
0
0
1
47 177
1
48 11
1
49 109
0
0
0
0
0
0
0
0
1
50 43
0
0
0
0
0
1
51 164
0
0
0
0
1
52 17
0
0
0
0
1
53 179
0
1
54 27
0
0
0
0
1
55 132
0
0
0
0
0
0
0
0
1
56 95
0
0
0
0
0
0
0
0
0
0
1
57 27
1
58 210
0
0
0
0
0
0
1
59 62
0
0
0
0
0
1
60 32
0
0
0
1
61 48
0
0
0
0
0
0
0
0
1
62 179
0
0
0
0
1
63 19
1
64 104
0
0
0
0
0
0
0
1
65 75
0
1
66 102
1
67 124
0
0
0
1
68 161
0
0
1
69 63
0
0
0
0
0
0
0
0
1
70 110
0
0
1
71 184
0
0
0
1
72 9
0
1
73 101
1
74 90
0
0
0
0
1
75 116
1
76 148
0
0
0
1
77 169
0
0
0
0
1
78 175
1
79 95
1
80 84
0
0
0
0
0
0
0
0
0
0
1
81 148
1
82 63
1
83 179
1
84 114
0
0
1
85 176
1
86 18
0
1
87 122
1
88 129
0
0
0
0
1
89 130
0
0
0
0
0
1
90 46
1
91 52
0
0
1
92 143
1
93 115
0
0
0
1
94 27
0
0
1
95 184
0
0
0
0
0
0
0
0
1
96 199
0
0
0
1
97 72
1
98 137
0
0
0
1
99 30
0
0
0
0
0
0
1
100 22
1
101 154
1
102 212
0
1
103 118
0
0
0
1
104 115
1
105 89
1
106 164
1
107 15
0
1
108 135
1
109 121
0
0
1
110 215
0
0
0
0
1
111 202
0
0
0
0
1
112 15
1
113 136
1
114 44
0
1
115 177
0
0
1
116 121
1
117 105
1
118 16
0
1
119 74
0
1
120 43
1
121 151
0
1
122 139
0
0
0
0
0
0
1
123 143
0
0
1
124 192
0
0
0
0
1
125 152
1
126 66
0
0
1
127 110
0
0
0
1
128 63
0
0
0
0
0
1
129 139
1
130 21
1
131 55
1
132 156
0
0
1
133 116
0
1
134 129
1
135 109
1
136 7
1
137 146
1
138 89
0
1
139 44
1
140 162
0
0
0
1
141 142
1
142 110
0
0
0
0
0
1
143 136
0
1
144 167
1
145 181
0
1
146 135
0
0
0
0
1
147 132
1
148 29
1
149 161
0
1
150 6
0
0
1
151 162
1
152 176
1
153 90
1
154 102
0
1
155 50
1
156 145
1
157 9
1
158 195
1
159 34
0
1
160 24
1
161 133
1
162 151
0
1
163 181
1
164 206
0
1
165 140
1
166 57
0
0
1
167 14
1
168 56
1
169 207
1
170 116
1
171 50
0
0
0
0
1
172 206
1
173 106
0
0
1
174 97
0
0
0
0
1
175 202
1
176 89
1
177 146
1
178 212
0
1
179 81
1
180 7
0
0
0
0
1
181 18
1
182 135
0
1
183 46
0
0
1
184 75
1
185 135
1
186 184
1
187 90
0
0
1
188 8
0
0
0
0
1
189 211
0
0
0
1
190 121
1
191 190
0
0
1
192 7
1
193 155
1
194 78
0
0
1
195 206
1
196 121
1
197 207
1
198 63
0
1
199 188
1
200 82
0
1
201 125
0
0
1
202 168
1
203 97
1
204 54
0
0
1
205 117
1
206 84
1
207 214
0
1
208 160
1
209 139
1
210 114
1
211 114
0
1
212 62
1
213 132
0
1
214 114
1
215 118
0
0
1
216 62
0
1
217 212
1
218 208
0
1
219 48
0
1
220 128
1
221 139
1
222 132
1
223 101
0
0
0
1
224 105
1
225 66
1
226 144
1
227 75
1
228 83
1
229 206
0
0
0
1
230 194
0
1
231 71
1
232 28
1
233 16
1
234 206
1
235 18
1
236 185
0
0
0
0
1
237 194
0
1
238 129
1
239 45
1
240 43
1
241 110
1
242 192
1
243 21
0
1
244 39
1
245 182
1
246 34
1
247 169
1
248 202
0
1
249 99
0
1
250 176
0
1
251 4
0
0
1
252 26
0
1
253 66
1
254 47
1
255 124
1
256 66
1
257 192
1
258 37
0
1
259 96
0
1
260 192
1
261 114
0
1
262 77
1
263 144
1
264 32
0
1
265 210
0
0
1
266 65
0
1
267 57
1
268 50
1
269 114
0
1
270 78
0
0
1
271 194
1
272 121
1
273 133
1
274 213
1
275 210
1
276 72
0
0
1
277 48
1
278 70
1
279 53
1
280 116
0
1
281 71
0
1
282 44
1
283 190
0
0
1
284 7
1
285 146
1
286 209
1
287 109
1
288 66
1
289 180
1
290 16
1
291 195
1
292 175
1
293 51
1
294 164
1
295 59
1
296 154
0
0
1
297 177
1
298 180
1
299 198
0
1
300 95
0
1
301 144
0
0
1
302 102
1
303 27
1
304 67
0
0
0
1
305 47
0
0
0
1
306 135
1
307 63
1
308 77
0
1
309 17
0
1
310 179
1
311 101
0
0
0
1
312 31
1
313 21
0
1
314 193
0
0
0
1
315 7
1
316 183
1
317 55
0
0
1
318 195
1
319 210
0
1
320 82
1
321 7
1
322 146
0
0
1
323 176
1
324 100
0
1
325 183
0
1
326 116
1
327 191
1
328 55
0
1
329 168
0
1
330 25
0
0
1
331 105
1
332 185
1
333 66
1
334 89
1
335 80
0
1
336 24
0
1
337 56
1
338 99
1
339 32
1
340 106
0
1
341 60
1
342 162
1
343 35
1
344 33
1
345 8
1
346 65
1
347 2
1
348 140
1
349 194
0
1
350 209
1
351 9
1
352 7
0
1
353 171
1
354 208
1
355 130
1
356 86
1
357 177
1
358 94
1
359 20
1
360 203
0
1
361 64
1
362 205
0
0
1
363 201
0
0
0
0
1
364 162
1
365 97
0
1
366 18
1
367 73
0
1
368 153
1
369 37
0
1
370 206
0
1
371 37
1
372 135
1
373 76
1
374 27
0
1
375 96
1
376 132
1
377 18
1
378 133
1
379 134
1
380 172
0
1
381 92
0
1
382 155
1
383 138
1
384 181
0
0
1
385 167
1
386 174
1
387 138
1
388 27
1
389 94
1
390 81
1
391 64
1
392 136
1
393 14
1
394 21
0
0
1
395 12
0
1
396 30
0
1
397 201
1
398 184
1
399 201
1
400 102
1
401 10
1
402 153
1
403 21
1
404 32
1
405 106
1
406 185
1
407 59
1
408 135
1
409 46
1
410 39
1
411 96
1
412 216
1
413 114
1
414 113
1
415 134
1
416 60
0
1
417 83
1
418 145
1
419 171
1
420 151
1
421 200
1
422 138
0
0
1
423 5
1
424 207
0
1
425 114
1
426 48
0
1
427 97
1
428 59
1
429 120
1
430 191
1
431 5
1
432 86
0
1
433 49
1
434 214
0
1
435 191
0
1
436 21
1
437 80
0
0
1
438 51
1
439 62
0
1
440 31
1
441 211
1
442 18
1
443 144
1
444 176
1
445 135
1
446 97
1
447 117
0
1
448 9
1
449 42
1
450 190
1
451 188
1
452 152
1
453 111
0
1
454 151
1
455 140
1
456 173
1
457 51
0
0
1
458 32
1
459 74
1
460 20
1
461 208
1
462 183
1
463 174
1
464 126
1
465 48
1
466 103
1
467 72
1
468 72
0
1
469 70
0
1
470 45
1
471 141
1
472 85
1
473 196
1
474 55
0
1
475 197
1
476 206
1
477 17
1
478 49
1
479 30
1
480 124
0
1
481 69
0
1
482 129
1
483 186
1
484 25
1
485 168
1
486 79
1
487 19
1
488 209
1
489 210
1
490 45
1
491 201
1
492 174
1
493 2
0
1
494 164
1
495 5
1
496 168
1
497 6
1
498 73
0
0
1
499 44
1
500 135
1
501 122
1
502 124
1
503 181
1
504 25
1
505 164
1
506 135
1
507 50
1
508 2
0
1
509 107
0
1
510 54
1
511 41
1
512 216
1
513 46
1
514 181
1
515 21
1
516 163
1
517 35
0
1
518 13
0
1
519 184
1
520 149
1
521 4
1
522 12
0
1
523 179
0
1
524 199
1
525 135
1
526 78
1
527 9
1
528 197
1
529 85
1
530 114
1
531 106
1
532 211
1
533 17
1
534 185
1
535 156
1
536 166
1
537 163
1
538 109
1
539 15
0
1
540 56
1
541 137
0
1
542 165
1
543 164
1
544 61
1
545 38
1
546 112
1
547 134
1
548 82
1
549 176
1
550 9
1
551 181
1
552 133
0
1
553 198
1
554 146
1
555 162
1
556 115
1
557 154
1
558 145
0
1
559 198
1
560 64
1
561 13
1
562 5
0
1
563 83
1
564 120
1
565 83
1
566 192
1
567 130
1
568 2
1
569 79
1
570 65
1
571 24
0
1
572 178
1
573 103
1
574 51
1
575 114
1
576 138
0
1
577 14
1
578 150
1
579 197
1
580 103
1
581 194
1
582 81
1
583 84
1
584 135
1
585 193
1
586 32
1
587 140
1
588 8
1
589 123
1
590 195
1
591 104
1
592 184
1
593 105
1
594 7
1
595 164
1
596 184
1
597 163
1
598 205
1
599 199
1
600 130
1
601 24
1
602 164
1
603 18
1
604 54
1
605 94
1
606 206
1
607 64
1
608 96
1
609 28
1
610 5
1
611 116
1
612 39
1
613 213
1
614 188
1
615 80
1
616 34
1
617 55
1
618 108
1
619 147
1
620 123
1
621 103
1
622 57
1
623 161
1
624 207
1
625 118
1
626 94
1
627 48
1
628 37
1
629 184
1
630 60
1
631 12
1
632 54
1
633 145
1
634 204
1
635 124
1
636 165
1
637 40
1
638 45
1
639 121
1
640 147
1
641 78
1
642 79
1
643 186
1
644 119
1
645 158
1
646 51
1
647 166
1
648 65
1
649 47
1
650 215
1
651 133
1
652 36
1
653 82
1
654 193
1
655 215
1
656 130
1
657 36
1
658 75
1
659 10
1
660 67
1
661 37
1
662 18
1
663 200
1
664 164
1
665 100
1
666 34
1
667 20
1
668 130
1
669 51
1
670 178
1
671 9
1
672 114
1
673 66
1
674 194
1
675 171
1
676 162
1
677 45
1
678 134
1
679 114
1
680 80
1
681 5
1
682 201
1
683 96
1
684 179
1
685 184
1
686 144
1
687 48
1
688 179
1
689 39
1
690 88
1
691 121
1
692 12
1
693 79
1
694 5
1
695 42
1
696 134
1
697 110
1
698 108
1
699 137
1
700 90
1
701 162
1
702 62
1
703 41
1
704 108
1
705 18
1
706 162
1
707 214
1
708 2
1
709 93
1
710 82
1
711 36
1
712 55
1
713 18
1
714 121
1
715 88
0
1
716 145
1
717 119
1
718 71
1
719 99
1
720 182
1
721 36
1
722 113
1
723 209
1
724 201
1
725 114
1
726 47
1
727 145
1
728 134
1
729 159
1
730 31
1
731 83
1
732 190
1
733 53
1
734 137
1
735 57
1
736 189
1
737 114
1
738 139
1
739 211
1
740 66
1
741 168
1
742 150
1
743 96
1
744 32
1
745 124
1
746 162
1
747 133
1
748 86
1
749 34
1
750 204
1
751 87
1
752 102
1
753 75
1
754 49
1
755 182
1
756 67
1
757 100
1
758 96
1
759 171
1
760 160
1
761 64
1
762 52
1
763 147
1
764 18
1
765 45
1
766 169
1
767 159
1
768 113
1
769 133
1
770 162
1
771 205
1
772 144
1
773 47
1
774 66
1
775 127
1
776 201
1
777 80
1
778 9
1
779 9
1
780 61
1
781 149
1
782 159
1
783 42
0
1
784 202
1
785 60
1
786 96
1
787 182
1
788 11
1
789 161
1
790 50
1
791 120
1
792 32
1
793 72
1
794 60
1
795 151
1
796 156
1
797 50
1
798 178
1
799 2
1
800 108
1
801 134
1
802 148
1
803 107
1
804 122
1
805 114
1
806 171
1
807 168
1
808 31
1
809 195
1
810 146
1
811 83
1
812 36
1
813 68
1
814 39
1
815 26
1
816 76
1
817 137
1
818 119
1
819 127
1
820 118
1
821 115
1
822 179
1
823 60
1
824 166
1
825 182
1
826 177
1
827 22
1
828 210
1
829 7
1
830 147
1
831 58
1
832 80
1
833 187
1
834 3
1
835 142
1
836 77
1
837 180
1
838 198
1
839 121
1
840 105
1
841 143
1
842 163
1
843 95
1
844 96
1
845 179
1
846 29
1
847 162
1
848 148
1
849 196
1
850 82
1
851 213
1
852 41
1
853 137
1
854 37
1
855 184
1
856 16
1
857 80
1
858 145
1
859 138
1
860 36
1
861 96
1
862 96
0
1
863 164
1
864 87
1
865 70
1
866 100
1
867 204
1
868 48
1
869 173
1
870 165
1
871 75
1
872 190
1
873 187
1
874 211
1
875 134
1
876 147
1
877 98
1
878 188
1
879 44
1
880 133
1
881 175
1
882 121
1
883 112
1
884 99
1
885 204
1
886 32
1
887 26
1
888 15
1
889 138
1
890 66
1
891 103
1
892 194
1
893 207
1
894 121
1
895 44
1
896 163
1
897 121
1
898 74
1
899 19
1
900 112
1
901 105
1
902 175
1
903 112
1
904 68
1
905 162
1
906 133
1
907 6
1
908 21
1
909 32
1
910 79
1
911 18
1
912 204
1
913 166
1
914 91
1
915 179
1
916 134
1
917 133
1
918 116
1
919 66
1
920 11
1
921 155
1
922 195
1
923 212
1
924 46
1
925 40
1
926 27
1
927 26
1
928 118
1
929 34
1
930 50
1
931 101
1
932 139
1
933 135
1
934 134
1
935 81
1
936 4
1
937 95
1
938 9
1
939 121
1
940 42
1
941 22
1
942 3
1
943 89
1
944 122
1
945 87
1
946 60
1
947 167
1
948 118
1
949 39
1
950 12
1
951 43
1
952 39
1
953 117
1
954 197
1
955 150
1
956 157
1
957 195
1
958 93
1
959 119
1
960 169
1
961 46
1
962 68
1
963 101
1
964 65
1
965 140
1
966 92
1
967 99
1
968 168
1
969 114
1
970 201
1
971 9
1
972 175
1
973 174
1
974 47
1
975 21
1
976 172
1
977 59
1
978 213
1
979 122
1
980 97
1
981 185
1
982 199
1
983 128
1
984 177
1
985 201
1
986 116
1
987 71
1
988 5
1
989 84
1
990 80
1
991 168
1
992 135
1
993 196
1
994 200
1
995 32
1
996 134
1
997 185
1
998 100
1
999 210
1
1000 66
1
1001 137
1
1002 78
1
1003 132
1
1004 191
1
1005 38
1
1006 166
1
1007 90
1
1008 121
1
1009 48
1
1010 33
1
1011 209
0
1
1012 134
1
1013 134
1
1014 63
1
1015 166
1
1016 50
1
1017 171
1
1018 8
1
1019 98
1
1020 199
1
1021 134
1
1022 207
1
1023 111
1
1024 137
1
1025 96
1
1026 81
1
1027 30
1
1028 62
1
1029 137
1
1030 150
1
1031 61
1
1032 62
1
1033 87
1
1034 196
1
1035 148
1
1036 66
1
1037 209
1
1038 18
1
1039 121
1
1040 133
1
1041 105
1
1042 111
0
1
1043 43
1
1044 65
1
1045 151
1
1046 56
1
1047 116
1
1048 148
1
1049 70
1
1050 135
1
1051 79
1
1052 116
1
1053 175
1
1054 88
1
1055 179
1
1056 10
1
1057 42
1
1058 153
1
1059 58
1
1060 80
1
1061 13
1
1062 165
1
1063 74
1
1064 128
1
1065 106
1
1066 58
1
1067 132
1
1068 162
1
1069 133
1
1070 78
1
1071 200
1
1072 89
1
1073 66
1
1074 122
1
1075 32
1
1076 202
1
1077 50
1
1078 139
1
1079 214
1
1080 176
0
1
1081 51
1
1082 124
1
1083 134
1
1084 9
1
1085 12
1
1086 195
1
1087 44
1
1088 28
1
1089 128
1
1090 16
1
1091 169
1
1092 65
1
1093 179
1
1094 215
1
1095 142
1
1096 168
1
1097 2
1
1098 36
1
1099 187
1
1100 148
1
1101 61
1
1102 80
1
1103 35
0
1
1104 27
1
1105 37
1
1106 18
0
1
1107 143
1
1108 93
1
1109 144
0
1
1110 215
1
1111 168
1
1112 68
1
1113 114
1
1114 136
1
1115 35
1
1116 23
1
1117 43
1
1118 109
1
1119 81
1
1120 185
1
1121 93
1
1122 51
1
1123 182
1
1124 37
1
1125 186
1
1126 117
1
1127 21
1
1128 24
1
1129 169
1
1130 162
1
1131 31
1
1132 74
1
1133 55
1
1134 141
0
1
1135 118
1
1136 24
1
1137 168
1
1138 32
1
1139 144
1
1140 181
1
1141 201
1
1142 163
1
1143 25
1
1144 90
1
1145 187
1
1146 78
1
1147 204
1
1148 210
1
1149 80
1
1150 59
1
1151 164
1
1152 161
1
1153 170
1
1154 94
1
1155 114
1
1156 175
1
1157 99
1
1158 143
1
1159 8
1
1160 66
1
1161 29
1
1162 194
1
1163 61
1
1164 51
1
1165 79
1
1166 137
1
1167 47
1
1168 38
1
1169 128
1
1170 178
1
1171 111
1
1172 51
1
1173 141
1
1174 33
1
1175 139
1
1176 114
1
1177 134
1
1178 21
1
1179 84
1
1180 197
1
1181 184
1
1182 20
1
1183 201
1
1184 107
1
1185 26
1
1186 174
1
1187 215
1
1188 70
1
1189 72
1
1190 164
1
1191 174
1
1192 168
1
1193 43
0
1
1194 164
1
1195 44
1
1196 3
1
1197 188
1
1198 48
1
1199 34
1
1200 109
1
1201 18
1
1202 112
1
1203 46
1
1204 94
1
1205 27
1
1206 158
1
1207 76
1
1208 158
1
1209 63
1
1210 53
1
1211 212
1
1212 134
1
1213 135
1
1214 184
1
1215 3
1
1216 99
1
1217 144
1
1218 25
1
1219 21
1
1220 184
1
1221 100
1
1222 137
1
1223 210
1
1224 25
1
1225 202
1
1226 187
1
1227 197
1
1228 117
1
1229 43
1
1230 208
1
1231 182
1
1232 20
1
1233 168
1
1234 197
1
1235 127
1
1236 180
1
1237 160
1
1238 32
1
1239 15
0
1
1240 49
0
1
1241 214
1
1242 87
1
1243 48
1
1244 27
1
1245 82
1
1246 73
1
1247 134
0
1
1248 41
1
1249 122
0
1
1250 38
1
1251 135
1
1252 82
1
1253 164
1
1254 194
1
1255 124
1
1256 202
1
1257 44
1
1258 12
1
1259 147
1
1260 37
0
1
1261 208
1
1262 152
0
1
1263 106
1
1264 114
1
1265 160
1
1266 183
1
1267 106
1
1268 121
1
1269 69
1
1270 88
1
1271 167
1
1272 87
1
1273 70
1
1274 145
1
1275 56
1
1276 3
1
1277 124
1
1278 76
1
1279 168
1
1280 56
1
1281 176
0
1
1282 166
1
1283 87
0
1
1284 130
1
1285 187
1
1286 121
1
1287 123
0
1
1288 31
1
1289 121
1
1290 210
1
1291 148
1
1292 77
1
1293 22
1
1294 55
1
1295 34
1
1296 80
1
1297 38
1
1298 107
1
1299 151
1
1300 144
1
1301 59
1
1302 90
1
1303 39
1
1304 81
1
1305 134
1
1306 23
1
1307 162
1
1308 27
1
1309 25
1
1310 195
1
1311 90
1
1312 76
1
1313 70
1
1314 67
1
1315 36
1
1316 89
0
0
1
1317 73
1
1318 127
1
1319 135
1
1320 45
1
1321 206
1
1322 136
1
1323 103
1
1324 178
1
1325 56
1
1326 91
1
1327 54
1
1328 18
1
1329 37
1
1330 71
1
1331 208
1
1332 191
1
1333 156
1
1334 135
1
1335 79
1
1336 125
1
1337 100
1
1338 13
1
1339 131
1
1340 165
1
1341 113
0
0
1
1342 118
1
1343 65
0
1
1344 95
1
1345 148
1
1346 31
1
1347 134
1
1348 103
1
1349 166
1
1350 119
1
1351 40
1
1352 190
1
1353 145
1
1354 92
1
1355 205
1
1356 137
1
1357 151
1
1358 120
1
1359 201
1
1360 124
1
1361 210
1
1362 156
1
1363 201
0
1
1364 213
1
1365 93
1
1366 133
1
1367 27
1
1368 154
1
1369 128
1
1370 156
1
1371 210
1
1372 32
1
1373 74
1
1374 92
1
1375 97
1
1376 6
1
1377 179
1
1378 78
1
1379 66
1
1380 172
1
1381 179
0
1
1382 80
1
1383 54
0
1
1384 29
1
1385 109
1
1386 104
1
1387 177
1
1388 74
1
1389 214
1
1390 39
1
1391 27
0
1
1392 110
1
1393 84
1
1394 63
0
0
1
1395 80
1
1396 167
1
1397 162
1
1398 25
0
1
1399 185
0
1
1400 114
1
1401 88
1
1402 58
1
1403 67
1
1404 41
1
1405 19
1
1406 107
1
1407 101
1
1408 12
1
1409 10
1
1410 127
1
1411 79
1
1412 149
1
1413 165
1
1414 153
0
1
1415 157
1
1416 153
1
1417 173
1
1418 137
1
1419 96
1
1420 25
0
1
1421 128
1
1422 207
1
1423 106
1
1424 135
1
1425 206
1
1426 23
1
1427 190
1
1428 87
1
1429 114
1
1430 91
1
1431 80
0
1
1432 130
1
1433 148
1
1434 193
1
1435 114
0
1
1436 63
1
1437 180
1
1438 205
1
1439 113
0
1
1440 6
1
1441 208
1
1442 175
1
1443 95
1
1444 115
1
1445 46
1
1446 32
1
1447 123
1
1448 205
1
1449 161
1
1450 181
1
1451 97
1
1452 172
1
1453 136
1
1454 160
0
1
1455 142
1
1456 202
1
1457 84
1
1458 21
1
1459 19
1
1460 164
1
1461 129
1
1462 116
1
1463 36
1
1464 15
1
1465 114
1
1466 159
0
1
1467 8
1
1468 117
1
1469 113
1
1470 185
1
1471 133
1
1472 64
1
1473 125
1
1474 153
1
1475 54
1
1476 15
1
1477 147
1
1478 188
1
1479 26
0
1
1480 7
1
1481 135
1
1482 12
1
1483 115
1
1484 32
1
1485 104
1
1486 99
1
1487 4
1
1488 58
1
1489 206
1
1490 103
1
1491 151
1
1492 106
1
1493 103
0
1
1494 211
1
1495 178
1
1496 11
1
1497 80
1
1498 16
1
1499 42
0
1
1500 209
1
1501 162
1
1502 5
0
1
1503 202
1
1504 207
1
1505 176
1
1506 156
0
1
1507 200
1
1508 58
1
1509 100
1
1510 115
0
1
1511 132
1
1512 207
1
1513 177
1
1514 9
1
1515 179
1
1516 40
1
1517 21
1
1518 172
1
1519 24
1
1520 172
1
1521 212
1
1522 169
1
1523 127
1
1524 93
1
1525 107
1
1526 126
1
1527 33
1
1528 185
1
1529 189
1
1530 86
1
1531 109
1
1532 207
1
1533 29
0
1
1534 204
1
1535 174
0
1
1536 138
1
1537 76
1
1538 40
1
1539 124
1
1540 207
1
1541 108
1
1542 63
1
1543 192
1
1544 60
1
1545 162
1
1546 31
1
1547 130
1
1548 37
1
1549 166
1
1550 152
1
1551 164
1
1552 147
1
1553 38
0
1
1554 57
0
1
1555 69
1
1556 19
1
1557 21
0
1
1558 68
1
1559 97
1
1560 78
1
1561 21
0
1
1562 126
1
1563 153
1
1564 89
1
1565 201
1
1566 180
1
1567 97
1
1568 137
1
1569 28
1
1570 206
1
1571 100
0
1
1572 141
1
1573 112
1
1574 49
1
1575 168
1
1576 103
1
1577 166
1
1578 101
1
1579 150
1
1580 53
1
1581 98
1
1582 185
1
1583 8
1
1584 57
1
1585 86
1
1586 36
1
1587 51
1
1588 116
0
1
1589 203
1
1590 135
1
1591 110
1
1592 173
1
1593 66
1
1594 128
1
1595 164
1
1596 93
1
1597 4
1
1598 63
1
1599 66
0
1
1600 68
1
1601 174
1
1602 204
1
1603 20
1
1604 63
1
1605 36
1
1606 192
1
1607 47
1
1608 6
1
1609 74
1
1610 50
1
1611 80
1
1612 173
1
1613 178
1
1614 128
1
1615 197
1
1616 54
1
1617 141
1
1618 161
1
1619 38
1
1620 29
1
1621 27
0
1
1622 49
1
1623 159
1
1624 168
1
1625 28
1
1626 178
1
1627 110
1
1628 86
0
1
1629 12
1
1630 104
1
1631 180
0
1
1632 201
0
1
1633 197
1
1634 32
1
1635 50
0
1
1636 202
1
1637 77
1
1638 114
1
1639 116
0
1
1640 75
1
1641 91
1
1642 82
1
1643 26
1
1644 112
1
1645 136
1
1646 15
1
1647 168
1
1648 98
0
1
1649 158
1
1650 51
1
1651 32
1
1652 206
1
1653 50
1
1654 69
1
1655 177
1
1656 27
1
1657 161
1
1658 121
1
1659 89
1
1660 29
0
1
1661 187
1
1662 118
1
1663 45
1
1664 61
1
1665 139
1
1666 151
1
1667 32
1
1668 35
1
1669 13
1
1670 182
0
1
1671 108
1
1672 214
1
1673 94
1
1674 117
0
1
1675 43
1
1676 21
1
1677 6
0
0
1
1678 37
1
1679 168
1
1680 183
1
1681 115
1
1682 118
1
1683 64
1
1684 21
1
1685 184
1
1686 170
1
1687 120
1
1688 101
1
1689 97
1
1690 204
1
1691 5
1
1692 37
1
1693 203
1
1694 70
0
1
1695 132
1
1696 150
1
1697 45
1
1698 2
1
1699 81
0
0
1
1700 161
1
1701 137
1
1702 18
1
1703 89
1
1704 76
1
1705 49
1
1706 195
1
1707 36
1
1708 214
0
0
1
1709 69
0
1
1710 117
1
1711 196
1
1712 69
0
1
1713 185
1
1714 129
1
1715 141
1
1716 204
1
1717 172
1
1718 191
1
1719 3
0
1
1720 32
1
1721 40
1
1722 58
1
1723 59
1
1724 151
1
1725 152
1
1726 92
1
1727 105
1
1728 4
0
1
1729 46
1
1730 133
1
1731 96
1
1732 16
1
1733 193
1
1734 128
1
1735 43
0
1
1736 158
0
1
1737 143
1
1738 14
1
1739 4
1
1740 197
1
1741 149
1
1742 157
1
1743 117
1
1744 172
1
1745 133
1
1746 169
1
1747 162
1
1748 68
1
1749 212
1
1750 137
1
1751 49
1
1752 68
1
1753 72
1
1754 110
1
1755 169
1
1756 137
1
1757 68
0
1
1758 30
1
1759 165
1
1760 44
1
1761 113
1
1762 177
1
1763 106
0
0
1
1764 149
1
1765 140
1
1766 164
1
1767 74
1
1768 8
1
1769 118
1
1770 84
1
1771 187
1
1772 130
1
1773 147
1
1774 15
1
1775 72
1
1776 72
0
1
1777 192
0
1
1778 192
0
1
1779 32
1
1780 47
1
1781 171
1
1782 11
1
1783 6
1
1784 153
1
1785 140
1
1786 20
1
1787 53
1
1788 192
1
1789 108
1
1790 192
1
1791 208
1
1792 22
1
1793 89
1
1794 190
1
1795 93
1
1796 188
1
1797 51
1
1798 113
1
1799 20
1
1800 90
1
1801 21
0
1
1802 10
1
1803 101
1
1804 52
1
1805 104
1
1806 54
1
1807 133
1
1808 47
1
1809 188
0
1
1810 57
1
1811 64
1
1812 162
0
1
1813 136
1
1814 49
1
1815 98
0
1
1816 37
1
1817 114
1
1818 109
1
1819 4
1
1820 171
1
1821 24
1
1822 85
1
1823 111
0
0
1
1824 114
0
1
1825 137
1
1826 213
1
1827 75
1
1828 84
0
1
1829 36
1
1830 114
1
1831 180
1
1832 135
0
1
1833 216
1
1834 183
1
1835 168
1
1836 73
1
1837 38
1
1838 199
1
1839 53
0
1
1840 58
1
1841 102
0
1
1842 83
1
1843 142
1
1844 31
1
1845 143
1
1846 27
1
1847 96
1
1848 129
1
1849 179
1
1850 28
1
1851 36
1
1852 132
1
1853 86
1
1854 162
1
1855 76
1
1856 51
1
1857 143
1
1858 17
0
0
1
1859 119
0
1
1860 56
1
1861 27
1
1862 41
1
1863 15
1
1864 49
1
1865 11
1
1866 138
1
1867 65
1
1868 47
1
1869 8
0
1
1870 175
1
1871 76
1
1872 17
1
1873 115
1
1874 39
1
1875 159
1
1876 57
1
1877 156
0
1
1878 66
1
1879 17
1
1880 116
1
1881 130
0
1
1882 50
1
1883 206
1
1884 129
0
1
1885 48
1
1886 187
1
1887 212
1
1888 88
1
1889 93
0
1
1890 97
0
1
1891 7
1
1892 78
1
1893 93
1
1894 205
1
1895 56
1
1896 6
0
1
1897 72
0
1
1898 25
0
1
1899 63
1
1900 116
0
1
1901 164
1
1902 168
1
1903 93
1
1904 48
1
1905 209
1
1906 104
1
1907 65
1
1908 213
0
1
1909 93
1
1910 127
1
1911 4
0
1
1912 108
0
1
1913 120
1
1914 85
1
1915 44
1
1916 126
0
1
1917 40
0
1
1918 7
1
1919 110
1
1920 105
1
1921 80
1
1922 70
0
1
1923 126
1
1924 47
1
1925 70
1
1926 46
1
1927 129
1
1928 93
1
1929 54
1
1930 54
1
1931 24
0
1
1932 83
1
1933 63
0
1
1934 91
1
1935 68
1
1936 182
1
1937 132
0
1
1938 26
1
1939 41
0
1
1940 48
1
1941 135
1
1942 169
1
1943 66
1
1944 94
1
1945 55
1
1946 47
1
1947 189
1
1948 166
1
1949 151
1
1950 118
1
1951 41
0
1
1952 134
1
1953 154
1
1954 123
0
0
0
1
1955 12
1
1956 216
0
0
1
1957 4
1
1958 89
0
0
1
1959 105
1
1960 94
1
1961 200
1
1962 32
1
1963 35
0
1
1964 10
1
1965 126
1
1966 20
1
1967 207
1
1968 209
1
1969 40
0
1
1970 169
1
1971 144
1
1972 49
0
1
1973 22
1
1974 153
0
1
1975 16
1
1976 43
1
1977 105
1
1978 108
1
1979 165
0
1
1980 103
1
1981 26
0
0
1
1982 117
1
1983 96
1
1984 124
1
1985 146
1
1986 117
1
1987 90
0
1
1988 14
1
1989 30
1
1990 172
1
1991 63
1
1992 71
1
1993 94
1
1994 51
1
1995 93
1
1996 179
1
1997 90
1
1998 100
1
1999 51
1
2000 24
1
2001 166
1
2002 27
1
2003 15
1
2004 212
1
2005 76
0
1
2006 141
1
2007 126
1
2008 162
0
1
2009 128
1
2010 192
1
2011 39
0
1
2012 124
1
2013 8
0
1
2014 203
1
2015 35
1
2016 80
1
2017 148
0
1
2018 53
0
1
2019 141
1
2020 60
1
2021 17
1
2022 91
1
2023 94
1
2024 204
1
2025 13
1
2026 173
1
2027 58
1
2028 126
1
2029 155
1
2030 170
1
2031 51
1
2032 15
1
2033 205
1
2034 127
1
2035 161
1
2036 26
0
1
2037 188
1
2038 134
0
1
2039 212
1
2040 136
1
2041 155
1
2042 29
1
2043 47
1
2044 213
1
2045 140
1
2046 87
1
2047 107
1
2048 3
1
2049 148
1
2050 98
1
2051 98
0
1
2052 152
1
2053 51
1
2054 9
0
1
2055 180
1
2056 67
1
2057 42
1
2058 109
0
1
2059 179
1
2060 92
1
2061 209
1
2062 31
1
2063 80
1
2064 172
0
1
2065 22
1
2066 99
0
1
2067 38
1
2068 42
0
0
1
2069 109
1
2070 57
1
2071 180
1
2072 14
1
2073 21
1
2074 179
1
2075 73
1
2076 19
1
2077 148
0
0
1
2078 115
1
2079 17
1
2080 51
1
2081 126
1
2082 192
1
2083 41
0
1
2084 27
0
0
1
2085 5
1
2086 139
1
2087 143
1
2088 104
1
2089 205
1
2090 124
0
1
2091 19
0
1
2092 182
1
2093 199
1
2094 42
1
2095 170
1
2096 197
1
2097 197
1
2098 77
1
2099 51
1
2100 120
1
2101 80
0
1
2102 105
1
2103 137
1
2104 114
1
2105 139
1
2106 95
0
1
2107 22
1
2108 196
1
2109 64
1
2110 89
1
2111 83
0
0
0
1
2112 144
1
2113 205
0
1
2114 130
1
2115 26
1
2116 164
1
2117 137
1
2118 52
1
2119 174
1
2120 66
1
2121 51
1
2122 30
0
1
2123 106
1
2124 152
0
0
1
2125 184
1
2126 110
1
2127 13
1
2128 34
0
1
2129 154
1
2130 27
0
1
2131 77
0
1
2132 121
1
2133 64
1
2134 183
1
2135 30
1
2136 28
1
2137 150
1
2138 99
1
2139 195
1
2140 22
1
2141 157
0
1
2142 90
1
2143 45
1
2144 203
1
2145 63
1
2146 19
1
2147 159
1
2148 105
1
2149 112
1
2150 29
1
2151 131
0
0
1
2152 100
1
2153 80
1
2154 149
1
2155 137
1
2156 182
1
2157 186
1
2158 66
1
2159 132
1
2160 144
1
2161 80
0
1
2162 55
1
2163 63
1
2164 101
1
2165 51
1
2166 146
1
2167 47
1
2168 111
1
2169 89
0
1
2170 45
1
2171 79
1
2172 200
1
2173 137
1
2174 143
0
1
2175 153
0
1
2176 34
0
0
1
2177 138
1
2178 172
0
1
2179 13
1
2180 98
1
2181 86
1
2182 168
1
2183 101
1
2184 162
1
2185 168
1
2186 160
1
2187 66
1
2188 118
0
1
2189 89
1
2190 163
0
1
2191 19
1
2192 58
1
2193 138
1
2194 51
0
0
1
2195 122
1
2196 45
1
2197 39
1
2198 121
1
2199 62
1
2200 96
1
2201 200
1
2202 100
1
2203 95
0
1
2204 207
1
2205 81
0
1
2206 188
1
2207 124
1
2208 68
1
2209 182
1
2210 113
1
2211 49
1
2212 73
1
2213 206
1
2214 17
1
2215 84
1
2216 199
0
1
2217 140
1
2218 179
1
2219 83
0
0
1
2220 156
0
1
2221 43
1
2222 5
1
2223 134
1
2224 171
0
1
2225 209
1
2226 103
1
2227 155
1
2228 207
1
2229 109
1
2230 106
0
1
2231 109
1
2232 193
1
2233 68
0
1
2234 18
1
2235 191
0
1
2236 40
0
1
2237 200
1
2238 186
1
2239 200
1
2240 191
0
1
2241 115
1
2242 139
0
1
2243 125
1
2244 101
0
1
2245 196
1
2246 195
1
2247 55
1
2248 155
1
2249 199
0
1
2250 13
1
2251 170
1
2252 8
1
2253 51
1
2254 168
1
2255 31
1
2256 186
1
2257 74
1
2258 57
1
2259 118
0
1
2260 105
0
1
2261 74
1
2262 191
1
2263 114
1
2264 98
1
2265 168
1
2266 146
1
2267 50
1
2268 51
1
2269 114
1
2270 24
1
2271 149
1
2272 84
0
1
2273 15
0
1
2274 127
1
2275 207
0
1
2276 55
0
1
2277 136
1
2278 95
1
2279 135
1
2280 52
1
2281 46
1
2282 87
0
1
2283 212
1
2284 118
1
2285 66
1
2286 184
1
2287 179
1
2288 139
1
2289 121
1
2290 183
1
2291 214
1
2292 140
1
2293 134
0
1
2294 134
1
2295 28
1
2296 144
1
2297 175
1
2298 214
0
1
2299 162
1
2300 20
1
2301 21
1
2302 190
1
2303 152
1
2304 168
1
2305 137
1
2306 93
1
2307 135
1
2308 192
1
2309 116
1
2310 66
1
2311 148
0
1
2312 208
1
2313 113
1
2314 92
1
2315 91
0
0
1
2316 121
1
2317 124
1
2318 132
0
1
2319 126
1
2320 108
0
0
0
1
2321 31
1
2322 32
1
2323 148
1
2324 136
1
2325 124
1
2326 88
0
1
2327 168
1
2328 13
1
2329 181
1
2330 182
1
2331 196
1
2332 190
1
2333 95
1
2334 86
1
2335 195
0
1
2336 50
1
2337 64
1
2338 105
1
2339 47
0
1
2340 119
1
2341 170
0
1
2342 136
1
2343 36
1
2344 77
1
2345 57
0
1
2346 66
1
2347 158
1
2348 3
1
2349 188
1
2350 130
1
2351 107
1
2352 117
0
1
2353 165
1
2354 91
1
2355 84
0
1
2356 72
1
2357 161
0
1
2358 2
1
2359 200
1
2360 159
0
1
2361 198
1
2362 179
0
0
1
2363 122
0
1
2364 195
1
2365 130
1
2366 121
1
2367 183
1
2368 161
1
2369 77
1
2370 96
0
1
2371 146
1
2372 77
1
2373 184
1
2374 80
0
1
2375 17
1
2376 185
1
2377 67
1
2378 78
1
2379 131
0
1
2380 114
1
2381 115
1
2382 101
0
1
2383 169
0
1
2384 5
1
2385 110
1
2386 32
1
2387 188
0
0
1
2388 5
1
2389 125
1
2390 133
1
2391 172
1
2392 10
1
2393 86
0
1
2394 93
1
2395 14
1
2396 24
1
2397 135
1
2398 126
1
2399 178
0
1
2400 137
1
2401 83
1
2402 61
1
2403 24
1
2404 85
1
2405 173
1
2406 163
1
2407 214
1
2408 120
1
2409 73
1
2410 213
0
0
0
1
2411 87
1
2412 101
1
2413 186
1
2414 44
0
0
0
1
2415 142
1
2416 145
1
2417 53
1
2418 214
1
2419 38
1
2420 70
1
2421 103
0
1
2422 206
1
2423 55
1
2424 176
1
2425 164
1
2426 184
1
2427 43
1
2428 146
0
1
2429 108
1
2430 27
1
2431 144
0
1
2432 60
1
2433 91
1
2434 130
1
2435 172
1
2436 203
1
2437 16
0
1
2438 69
0
0
1
2439 211
1
2440 121
0
0
1
2441 216
1
2442 42
0
1
2443 184
1
2444 102
0
1
2445 117
1
2446 55
1
2447 63
1
2448 57
1
2449 41
1
2450 4
1
2451 124
0
0
0
1
2452 11
1
2453 186
1
2454 112
0
1
2455 42
1
2456 145
0
1
2457 160
1
2458 121
0
1
2459 216
1
2460 144
1
2461 139
1
2462 139
1
2463 19
1
2464 48
1
2465 142
1
2466 45
1
2467 98
0
1
2468 103
1
2469 114
1
2470 34
1
2471 10
1
2472 3
1
2473 31
1
2474 129
1
2475 26
1
2476 202
1
2477 85
1
2478 162
1
2479 137
1
2480 179
1
2481 54
0
1
2482 205
1
2483 159
1
2484 135
0
0
1
2485 183
1
2486 26
1
2487 114
1
2488 165
1
2489 51
1
2490 88
0
1
2491 126
1
2492 203
0
1
2493 46
0
1
2494 71
1
2495 79
1
2496 210
1
2497 18
1
2498 62
1
2499 8
1
2500 116
1
2501 128
0
0
1
2502 105
1
2503 156
0
1
2504 184
1
2505 25
1
2506 166
1
2507 23
1
2508 33
1
2509 3
1
2510 66
1
2511 137
1
2512 108
1
2513 142
1
2514 183
1
2515 126
1
2516 199
1
2517 87
0
1
2518 112
1
2519 110
1
2520 189
1
2521 118
0
1
2522 185
1
2523 68
1
2524 216
1
2525 170
0
0
0
0
0
1
2526 12
0
1
2527 160
0
1
2528 158
1
2529 96
1
2530 135
1
2531 209
1
2532 200
0
1
2533 46
1
2534 25
0
1
2535 99
1
2536 100
1
2537 12
1
2538 17
1
2539 138
1
2540 135
1
2541 48
1
2542 126
1
2543 203
1
2544 63
1
2545 87
1
2546 121
1
2547 86
1
2548 198
1
2549 190
1
2550 100
1
2551 162
1
2552 114
1
2553 144
1
2554 161
1
2555 137
1
2556 178
0
1
2557 184
0
1
2558 80
1
2559 21
0
1
2560 164
1
2561 96
0
1
2562 146
1
2563 78
1
2564 42
1
2565 123
1
2566 178
0
1
2567 88
1
2568 197
1
2569 24
0
1
2570 149
1
2571 164
1
2572 139
0
1
2573 36
1
2574 72
1
2575 168
1
2576 103
1
2577 190
1
2578 159
1
2579 199
1
2580 108
1
2581 35
0
1
2582 74
1
2583 170
1
2584 51
0
0
0
1
2585 121
1
2586 98
1
2587 172
0
1
2588 36
0
1
2589 92
0
1
2590 71
1
2591 213
1
2592 182
1
2593 204
1
2594 170
1
2595 45
1
2596 73
1
2597 73
0
1
2598 207
1
2599 177
0
0
1
2600 128
1
2601 66
1
2602 176
1
2603 156
1
2604 174
1
2605 145
1
2606 8
1
2607 174
0
1
2608 123
0
1
2609 36
1
2610 210
0
1
2611 38
0
1
2612 213
0
0
1
2613 33
1
2614 159
1
2615 35
1
2616 60
1
2617 27
1
2618 101
1
2619 210
0
1
2620 3
1
2621 170
1
2622 167
1
2623 162
1
2624 142
0
0
1
2625 205
1
2626 129
1
2627 214
0
0
0
0
1
2628 110
1
2629 56
1
2630 188
1
2631 104
0
1
2632 207
1
2633 110
1
2634 142
1
2635 89
0
1
2636 67
0
1
2637 47
0
1
2638 17
0
1
2639 71
1
2640 122
1
2641 16
1
2642 181
1
2643 54
1
2644 216
1
2645 56
0
1
2646 136
1
2647 178
0
1
2648 80
1
2649 152
0
0
1
2650 6
1
2651 199
1
2652 158
1
2653 85
1
2654 98
1
2655 41
1
2656 30
1
2657 3
0
1
2658 25
1
2659 6
0
1
2660 10
1
2661 160
0
1
2662 169
1
2663 82
1
2664 93
1
2665 213
1
2666 20
1
2667 130
1
2668 187
1
2669 72
1
2670 116
0
1
2671 157
1
2672 58
0
1
2673 38
1
2674 95
1
2675 193
0
1
2676 71
1
2677 104
1
2678 121
1
2679 212
1
2680 148
1
2681 7
1
2682 156
1
2683 6
0
0
1
2684 61
1
2685 55
1
2686 13
0
1
2687 209
0
1
2688 93
0
1
2689 205
1
2690 159
0
1
2691 66
1
2692 164
1
2693 84
1
2694 9
0
1
2695 207
1
2696 10
1
2697 83
1
2698 98
1
2699 139
1
2700 191
1
2701 185
1
2702 177
1
2703 121
1
2704 51
1
2705 46
0
1
2706 52
1
2707 84
0
1
2708 135
0
1
2709 115
0
1
2710 137
0
1
2711 113
0
1
2712 20
0
1
2713 169
1
2714 121
1
2715 37
0
0
0
1
2716 215
1
2717 61
0
1
2718 193
0
0
1
2719 51
1
2720 52
1
2721 42
0
1
2722 204
1
2723 164
1
2724 104
1
2725 147
0
1
2726 173
1
2727 214
0
0
1
2728 205
1
2729 125
1
2730 157
1
2731 21
1
2732 206
1
2733 130
0
1
2734 195
1
2735 209
1
2736 81
0
0
1
2737 174
1
2738 67
0
1
2739 20
0
0
1
2740 185
0
0
0
1
2741 39
1
2742 54
1
2743 59
1
2744 143
1
2745 76
1
2746 199
1
2747 48
1
2748 20
1
2749 207
1
2750 23
1
2751 154
0
1
2752 164
1
2753 144
1
2754 168
1
2755 173
1
2756 186
1
2757 82
1
2758 29
0
1
2759 97
1
2760 62
1
2761 42
0
0
0
1
2762 149
1
2763 163
1
2764 50
1
2765 71
1
2766 216
1
2767 105
1
2768 11
1
2769 68
1
2770 79
1
2771 179
1
2772 156
1
2773 209
1
2774 154
1
2775 12
1
2776 81
1
2777 153
1
2778 186
0
1
2779 142
1
2780 42
1
2781 55
1
2782 126
0
1
2783 96
1
2784 205
1
2785 10
1
2786 173
0
1
2787 102
1
2788 3
1
2789 201
0
1
2790 83
1
2791 69
1
2792 45
0
1
2793 132
1
2794 103
1
2795 139
1
2796 104
1
2797 95
0
1
2798 105
0
1
2799 88
1
2800 122
1
2801 187
1
2802 52
0
1
2803 121
1
2804 204
1
2805 43
1
2806 139
1
2807 169
0
1
2808 82
1
2809 118
1
2810 199
1
2811 144
1
2812 183
1
2813 70
0
1
2814 76
0
0
1
2815 155
1
2816 57
1
2817 194
1
2818 196
1
2819 21
1
2820 171
1
2821 29
1
2822 107
0
1
2823 122
1
2824 135
1
2825 209
1
2826 41
1
2827 77
0
1
2828 85
0
1
2829 205
1
2830 87
1
2831 193
0
1
2832 52
1
2833 119
1
2834 128
1
2835 160
1
2836 184
0
1
2837 69
0
1
2838 142
1
2839 136
0
1
2840 52
1
2841 127
1
2842 140
0
1
2843 72
1
2844 71
1
2845 171
0
1
2846 83
1
2847 35
1
2848 157
1
2849 145
1
2850 24
0
0
1
2851 13
0
0
0
0
0
1
2852 206
1
2853 135
0
0
1
2854 166
0
0
0
1
2855 80
1
2856 42
0
0
0
1
2857 164
1
2858 165
1
2859 29
1
2860 136
0
0
1
2861 52
1
2862 62
1
2863 208
0
1
2864 35
1
2865 69
0
1
2866 6
1
2867 85
1
2868 128
0
0
1
2869 103
1
2870 101
1
2871 39
1
2872 2
1
2873 100
0
0
1
2874 183
1
2875 121
1
2876 99
1
2877 72
0
1
2878 40
1
2879 119
0
1
2880 82
1
2881 66
0
0
1
2882 148
1
2883 136
0
1
2884 77
0
1
2885 190
0
1
2886 48
1
2887 155
0
1
2888 41
1
2889 179
1
2890 206
1
2891 71
1
2892 143
0
0
0
0
0
1
2893 103
1
2894 117
1
2895 134
0
0
1
2896 81
1
2897 211
1
2898 187
0
0
1
2899 109
1
2900 174
0
1
2901 107
1
2902 22
1
2903 128
0
0
0
1
2904 80
1
2905 158
0
1
2906 33
1
2907 157
1
2908 3
1
2909 29
1
2910 8
1
2911 135
0
1
2912 99
0
1
2913 179
1
2914 129
1
2915 79
0
1
2916 192
0
1
2917 29
1
2918 105
1
2919 91
1
2920 105
0
0
1
2921 71
0
0
1
2922 145
1
2923 99
1
2924 199
1
2925 216
1
2926 32
1
2927 212
0
1
2928 65
1
2929 34
1
2930 107
1
2931 194
1
2932 97
1
2933 58
0
0
1
2934 139
0
1
2935 122
1
2936 55
1
2937 214
1
2938 121
1
2939 15
1
2940 141
1
2941 147
1
2942 188
0
1
2943 209
1
2944 53
1
2945 135
1
2946 135
1
2947 179
1
2948 74
0
0
1
2949 157
1
2950 18
0
1
2951 130
1
2952 58
1
2953 179
1
2954 204
1
2955 92
1
2956 166
0
1
2957 204
1
2958 184
1
2959 84
0
1
2960 20
0
1
2961 208
1
2962 105
1
2963 154
1
2964 34
1
2965 60
1
2966 115
1
2967 27
1
2968 16
0
0
1
2969 102
1
2970 13
1
2971 21
0
1
2972 66
0
0
1
2973 46
0
0
0
1
2974 61
0
0
0
1
2975 139
1
2976 36
1
2977 117
1
2978 162
0
1
2979 106
1
2980 95
1
2981 183
1
2982 42
1
2983 154
1
2984 62
0
0
0
1
2985 123
1
2986 183
1
2987 168
0
0
1
2988 146
1
2989 84
1
2990 171
0
1
2991 18
1
2992 52
0
0
1
2993 98
1
2994 32
0
0
1
2995 157
1
2996 153
1
2997 136
1
2998 85
1
2999 49
0
1
3000 52
0
1
3001 11
1
3002 22
0
0
1
3003 116
1
3004 39
1
3005 162
1
3006 81
1
3007 60
0
1
3008 107
1
3009 60
0
0
0
1
3010 91
0
1
3011 56
1
3012 101
0
0
1
3013 211
1
3014 99
1
3015 177
1
3016 59
1
3017 56
0
1
3018 113
1
3019 60
1
3020 6
1
3021 10
1
3022 197
0
1
3023 67
0
0
0
1
3024 52
0
1
3025 215
1
3026 32
1
3027 215
0
0
1
3028 95
1
3029 71
1
3030 85
1
3031 47
1
3032 58
1
3033 208
1
3034 12
1
3035 52
1
3036 85
0
1
3037 142
1
3038 62
0
0
1
3039 30
1
3040 114
1
3041 197
1
3042 164
0
1
3043 196
1
3044 127
1
3045 113
1
3046 49
1
3047 205
1
3048 76
0
1
3049 140
1
3050 47
1
3051 59
1
3052 9
1
3053 203
1
3054 195
1
3055 79
1
3056 69
1
3057 100
1
3058 148
1
3059 15
1
3060 99
1
3061 127
0
1
3062 142
1
3063 131
0
0
0
1
3064 113
1
3065 30
1
3066 83
0
0
0
1
3067 114
1
3068 187
1
3069 96
1
3070 19
0
0
1
3071 102
0
1
3072 97
0
0
1
3073 170
1
3074 14
1
3075 177
0
0
0
1
3076 121
0
0
1
3077 173
0
1
3078 31
0
1
3079 50
1
3080 183
1
3081 105
1
3082 213
0
1
3083 149
1
3084 73
1
3085 135
1
3086 22
1
3087 144
1
3088 188
1
3089 126
1
3090 80
1
3091 216
0
0
0
1
3092 206
1
3093 83
1
3094 177
1
3095 172
1
3096 193
1
3097 122
1
3098 139
1
3099 149
1
3100 123
1
3101 212
1
3102 32
1
3103 37
1
3104 94
1
3105 144
0
0
0
0
1
3106 27
1
3107 47
0
0
1
3108 136
1
3109 179
1
3110 47
1
3111 177
1
3112 2
0
0
1
3113 131
0
0
0
0
1
3114 66
1
3115 13
1
3116 33
1
3117 154
0
1
3118 68
1
3119 79
1
3120 191
0
0
0
1
3121 137
1
3122 15
1
3123 147
0
1
3124 66
1
3125 146
1
3126 127
1
3127 140
1
3128 214
1
3129 178
0
0
1
3130 73
1
3131 108
0
0
0
0
0
0
1
3132 17
1
3133 178
1
3134 211
1
3135 37
1
3136 35
1
3137 151
0
1
3138 180
1
3139 168
0
0
1
3140 12
1
3141 211
1
3142 116
1
3143 20
0
1
3144 215
1
3145 9
0
0
1
3146 83
1
3147 158
0
1
3148 199
0
1
3149 174
1
3150 201
0
1
3151 145
1
3152 75
0
0
0
1
3153 16
1
3154 81
1
3155 155
1
3156 215
0
1
3157 51
1
3158 165
1
3159 203
1
3160 72
1
3161 188
0
1
3162 39
1
3163 183
1
3164 65
1
3165 200
1
3166 178
1
3167 98
0
1
3168 150
0
1
3169 144
0
0
1
3170 67
0
1
3171 85
1
3172 178
0
1
3173 82
1
3174 102
1
3175 139
0
1
3176 213
0
0
1
3177 200
1
3178 178
1
3179 86
1
3180 104
0
0
0
1
3181 57
1
3182 12
1
3183 162
1
3184 131
0
1
3185 105
1
3186 55
0
1
3187 7
1
3188 202
0
1
3189 122
0
0
1
3190 139
0
0
0
0
0
0
0
1
3191 90
1
3192 67
1
3193 58
1
3194 29
1
3195 12
0
1
3196 15
1
3197 159
1
3198 172
1
3199 140
0
1
3200 38
0
1
3201 117
1
3202 68
0
1
3203 2
1
3204 132
1
3205 84
0
1
3206 144
1
3207 139
1
3208 206
0
1
3209 26
1
3210 215
0
0
0
1
3211 94
0
1
3212 80
1
3213 127
0
1
3214 82
0
1
3215 26
1
3216 99
1
3217 189
0
1
3218 139
1
3219 124
1
3220 55
0
1
3221 16
1
3222 201
0
0
1
3223 103
1
3224 95
1
3225 185
0
1
3226 45
1
3227 127
1
3228 42
1
3229 50
1
3230 32
0
0
1
3231 139
1
3232 32
0
0
0
0
1
3233 2
0
0
0
1
3234 11
1
3235 134
1
3236 6
0
1
3237 47
0
0
0
1
3238 26
1
3239 188
1
3240 133
0
1
3241 93
1
3242 58
1
3243 8
0
1
3244 37
1
3245 137
1
3246 158
1
3247 95
0
0
0
0
1
3248 60
1
3249 122
0
0
1
3250 35
1
3251 99
0
1
3252 137
0
1
3253 157
1
3254 6
1
3255 109
0
0
1
3256 199
0
0
1
3257 136
1
3258 130
1
3259 76
1
3260 8
0
0
1
3261 139
1
3262 72
1
3263 66
1
3264 4
1
3265 32
0
1
3266 103
1
3267 179
0
0
1
3268 47
1
3269 204
1
3270 3
1
3271 26
1
3272 122
0
0
1
3273 67
1
3274 42
1
3275 191
1
3276 83
0
0
0
1
3277 204
1
3278 201
0
1
3279 64
1
3280 51
1
3281 138
1
3282 4
0
1
3283 26
1
3284 161
0
0
0
0
0
1
3285 11
0
1
3286 10
1
3287 128
0
0
1
3288 81
1
3289 198
1
3290 134
1
3291 28
1
3292 202
1
3293 173
1
3294 49
1
3295 40
0
1
3296 52
0
1
3297 80
1
3298 66
1
3299 124
1
3300 151
0
1
3301 56
0
0
1
3302 116
0
1
3303 191
0
1
3304 93
0
0
1
3305 63
1
3306 187
0
1
3307 38
1
3308 157
1
3309 210
0
1
3310 30
1
3311 124
0
1
3312 61
0
1
3313 139
1
3314 100
0
0
1
3315 77
1
3316 8
1
3317 68
1
3318 153
0
1
3319 130
1
3320 212
1
3321 81
0
1
3322 159
0
0
1
3323 136
0
1
3324 53
0
0
1
3325 9
0
1
3326 198
0
1
3327 121
1
3328 94
1
3329 194
0
0
1
3330 108
1
3331 37
1
3332 194
0
1
3333 171
0
0
1
3334 168
0
0
0
1
3335 39
0
1
3336 118
0
1
3337 26
0
1
3338 80
1
3339 100
1
3340 85
0
0
1
3341 196
0
1
3342 164
1
3343 192
1
3344 44
0
0
1
3345 148
0
1
3346 5
0
0
1
3347 11
0
0
0
0
0
0
1
3348 204
0
1
3349 51
1
3350 109
1
3351 124
0
0
1
3352 23
0
0
1
3353 18
1
3354 91
1
3355 110
0
1
3356 116
1
3357 5
0
1
3358 43
1
3359 12
0
1
3360 165
1
3361 215
0
1
3362 158
1
3363 212
1
3364 163
0
0
0
0
0
1
3365 6
1
3366 47
1
3367 25
1
3368 104
1
3369 106
1
3370 206
0
0
1
3371 134
0
0
1
3372 153
1
3373 132
1
3374 79
0
0
0
0
1
3375 21
0
1
3376 120
1
3377 102
1
3378 30
0
1
3379 132
1
3380 128
1
3381 114
1
3382 64
1
3383 98
1
3384 24
0
1
3385 149
1
3386 149
0
1
3387 142
0
1
3388 125
0
0
1
3389 29
1
3390 179
0
1
3391 139
0
0
1
3392 41
1
3393 33
1
3394 82
1
3395 105
0
0
1
3396 88
0
1
3397 47
1
3398 5
1
3399 80
1
3400 183
0
1
3401 33
1
3402 130
0
0
0
0
0
0
1
3403 23
1
3404 194
1
3405 9
0
1
3406 199
1
3407 75
1
3408 32
0
0
0
0
1
3409 50
1
3410 21
1
3411 3
0
1
3412 157
1
3413 165
1
3414 203
1
3415 118
0
1
3416 83
1
3417 94
1
3418 79
0
0
0
1
3419 141
1
3420 24
1
3421 108
1
3422 15
1
3423 208
1
3424 74
0
0
1
3425 144
0
1
3426 173
1
3427 105
1
3428 145
0
0
0
0
1
3429 36
0
1
3430 48
1
3431 175
0
0
1
3432 19
0
1
3433 16
1
3434 119
0
1
3435 3
0
0
1
3436 64
1
3437 25
1
3438 173
0
1
3439 41
1
3440 135
0
1
3441 43
1
3442 127
1
3443 142
0
0
1
3444 124
1
3445 125
1
3446 48
1
3447 50
1
3448 51
0
1
3449 4
1
3450 76
1
3451 208
1
3452 184
1
3453 75
1
3454 2
0
1
3455 51
1
3456 216
0
0
1
3457 170
0
0
1
3458 43
1
3459 35
0
1
3460 5
1
3461 211
1
3462 10
1
3463 96
1
3464 75
1
3465 126
1
3466 50
0
1
3467 182
1
3468 50
0
0
0
0
0
0
0
1
3469 19
1
3470 49
1
3471 14
1
3472 9
1
3473 6
0
1
3474 168
1
3475 28
1
3476 88
0
1
3477 107
1
3478 68
0
0
1
3479 45
0
0
1
3480 203
0
0
0
1
3481 71
0
1
3482 86
0
0
1
3483 121
0
1
3484 60
0
1
3485 210
0
1
3486 156
1
3487 136
1
3488 20
0
0
1
3489 104
1
3490 130
0
1
3491 137
1
3492 108
1
3493 140
0
0
1
3494 142
0
1
3495 27
1
3496 122
0
0
1
3497 44
0
0
1
3498 42
1
3499 182
0
0
1
3500 11
0
1
3501 42
0
1
3502 174
1
3503 96
0
1
3504 50
1
3505 130
0
1
3506 104
1
3507 137
1
3508 106
0
0
0
0
1
3509 175
1
3510 45
1
3511 193
1
3512 187
0
0
1
3513 23
0
0
1
3514 200
1
3515 21
0
1
3516 119
1
3517 209
0
1
3518 121
1
3519 135
1
3520 179
0
0
1
3521 39
0
1
3522 26
1
3523 147
1
3524 125
1
3525 139
0
1
3526 117
0
0
1
3527 21
1
3528 166
0
0
1
3529 162
0
0
1
3530 214
0
1
3531 43
0
0
1
3532 92
0
0
0
0
1
3533 109
0
1
3534 26
1
3535 184
1
3536 165
1
3537 33
0
1
3538 24
1
3539 82
0
1
3540 60
0
0
0
0
1
3541 169
0
1
3542 171
0
0
1
3543 198
0
1
3544 70
0
0
1
3545 22
0
0
0
0
0
1
3546 125
1
3547 184
1
3548 17
0
1
3549 8
0
1
3550 27
0
1
3551 121
0
1
3552 122
0
1
3553 124
1
3554 21
0
1
3555 89
0
0
0
1
3556 202
1
3557 212
1
3558 41
1
3559 122
0
1
3560 197
0
1
3561 130
1
3562 27
1
3563 9
1
3564 180
0
1
3565 114
1
3566 142
0
1
3567 160
0
0
1
3568 144
1
3569 6
1
3570 43
1
3571 33
1
3572 41
0
1
3573 28
1
3574 97
1
3575 57
1
3576 141
1
3577 134
0
0
0
0
0
0
0
0
0
1
3578 143
1
3579 146
0
0
1
3580 130
0
1
3581 186
0
1
3582 120
1
3583 98
0
1
3584 50
0
1
3585 201
1
3586 207
0
0
1
3587 130
1
3588 156
0
1
3589 185
1
3590 85
0
1
3591 15
1
3592 200
1
3593 188
1
3594 74
0
0
1
3595 38
1
3596 161
1
3597 17
0
0
1
3598 126
1
3599 184
1
3600 142
0
1
3601 184
0
1
3602 75
1
3603 179
1
3604 5
1
3605 63
0
1
3606 184
0
0
1
3607 20
0
1
3608 152
1
3609 95
1
3610 97
1
3611 139
1
3612 9
1
3613 64
0
0
1
3614 126
1
3615 84
1
3616 37
1
3617 195
1
3618 31
0
0
1
3619 132
1
3620 30
0
1
3621 155
0
1
3622 30
1
3623 86
0
0
1
3624 22
1
3625 152
1
3626 6
0
0
1
3627 156
0
0
1
3628 121
0
1
3629 19
0
1
3630 215
0
1
3631 205
0
1
3632 51
0
0
0
1
3633 131
0
1
3634 124
1
3635 43
0
0
1
3636 80
0
0
0
0
1
3637 209
1
3638 105
1
3639 66
0
0
1
3640 6
1
3641 23
1
3642 120
0
1
3643 162
0
1
3644 89
0
0
1
3645 153
1
3646 123
1
3647 23
0
0
1
3648 127
1
3649 79
1
3650 120
1
3651 42
1
3652 80
1
3653 127
1
3654 131
1
3655 135
0
0
1
3656 159
1
3657 40
1
3658 104
1
3659 75
1
3660 150
0
1
3661 28
1
3662 63
0
1
3663 48
1
3664 69
1
3665 197
0
1
3666 196
0
0
1
3667 192
0
1
3668 22
0
1
3669 83
1
3670 189
0
1
3671 124
0
1
3672 16
1
3673 137
1
3674 85
0
0
0
1
3675 137
1
3676 216
1
3677 90
1
3678 105
1
3679 101
0
1
3680 179
1
3681 56
0
1
3682 175
0
0
0
0
0
0
0
1
3683 11
1
3684 121
1
3685 199
1
3686 81
1
3687 98
1
3688 67
1
3689 118
0
1
3690 155
0
0
1
3691 155
1
3692 7
1
3693 197
1
3694 8
0
0
0
1
3695 159
1
3696 81
0
1
3697 190
0
1
3698 85
0
1
3699 179
0
1
3700 177
0
0
0
0
1
3701 139
1
3702 100
1
3703 183
0
1
3704 3
0
0
0
1
3705 204
1
3706 90
0
1
3707 116
1
3708 201
1
3709 172
1
3710 15
0
1
3711 168
1
3712 48
1
3713 61
1
3714 139
1
3715 180
0
0
0
1
3716 86
1
3717 20
0
0
0
1
3718 66
1
3719 210
1
3720 116
0
0
1
3721 154
1
3722 164
1
3723 88
0
0
0
1
3724 141
0
1
3725 109
0
0
1
3726 189
1
3727 47
1
3728 169
0
0
0
0
1
3729 84
1
3730 66
0
1
3731 34
0
0
0
1
3732 126
0
1
3733 61
1
3734 68
1
3735 40
0
0
1
3736 49
0
1
3737 27
0
1
3738 51
0
1
3739 101
1
3740 23
0
0
1
3741 203
0
0
0
0
0
0
0
0
1
3742 139
0
0
0
0
0
1
3743 33
0
1
3744 32
1
3745 157
0
0
1
3746 129
1
3747 30
1
3748 137
1
3749 144
0
1
3750 29
1
3751 63
0
1
3752 7
1
3753 81
1
3754 48
0
1
3755 55
0
0
0
0
1
3756 27
0
1
3757 52
1
3758 211
0
0
1
3759 146
0
1
3760 52
1
3761 65
1
3762 193
1
3763 182
0
0
1
3764 117
0
0
0
0
0
1
3765 51
1
3766 80
1
3767 178
0
1
3768 137
0
0
1
3769 30
0
1
3770 174
1
3771 48
1
3772 212
1
3773 119
1
3774 24
0
0
0
0
1
3775 43
0
0
0
1
3776 44
1
3777 63
1
3778 152
1
3779 48
0
0
0
1
3780 126
1
3781 22
1
3782 46
0
1
3783 24
1
3784 178
0
1
3785 136
0
1
3786 73
0
1
3787 201
0
0
0
0
1
3788 119
1
3789 7
1
3790 163
0
0
1
3791 154
0
0
1
3792 216
0
0
0
0
0
0
1
3793 22
0
0
1
3794 122
1
3795 14
0
0
0
0
0
1
3796 26
1
3797 158
1
3798 19
0
0
1
3799 154
1
3800 82
1
3801 124
1
3802 41
0
0
1
3803 65
1
3804 48
1
3805 28
0
0
1
3806 93
1
3807 169
0
1
3808 193
0
0
1
3809 21
1
3810 121
1
3811 31
1
3812 211
0
1
3813 120
0
0
1
3814 40
1
3815 157
1
3816 121
0
1
3817 82
1
3818 105
0
1
3819 47
1
3820 23
1
3821 125
1
3822 203
1
3823 127
0
1
3824 12
0
1
3825 123
1
3826 133
1
3827 174
0
0
1
3828 10
1
3829 106
0
0
1
3830 193
1
3831 144
0
0
1
3832 160
1
3833 137
0
1
3834 83
0
0
0
1
3835 172
0
0
0
0
1
3836 100
0
1
3837 149
1
3838 21
1
3839 40
0
0
0
1
3840 146
0
0
0
1
3841 172
1
3842 53
1
3843 80
1
3844 162
0
1
3845 181
0
0
1
3846 5
0
0
1
3847 198
0
0
0
1
3848 74
0
1
3849 125
1
3850 71
1
3851 55
1
3852 195
0
0
0
1
3853 179
1
3854 181
1
3855 166
0
0
1
3856 24
1
3857 3
1
3858 47
0
1
3859 55
0
0
0
1
3860 174
1
3861 65
1
3862 157
1
3863 51
1
3864 52
1
3865 116
1
3866 130
1
3867 17
0
1
3868 38
1
3869 45
1
3870 184
0
0
1
3871 14
0
0
1
3872 32
1
3873 179
0
0
0
1
3874 154
0
1
3875 177
1
3876 129
1
3877 109
0
1
3878 77
1
3879 158
0
0
1
3880 152
0
0
0
1
3881 79
0
0
0
0
0
1
3882 83
0
1
3883 166
0
0
0
1
3884 94
1
3885 12
0
1
3886 188
0
1
3887 47
1
3888 99
0
1
3889 159
0
1
3890 201
1
3891 114
0
0
0
0
0
0
1
3892 46
1
3893 164
1
3894 186
1
3895 94
1
3896 43
1
3897 21
0
1
3898 152
1
3899 70
1
3900 130
0
0
0
1
3901 134
0
0
1
3902 63
0
1
3903 111
0
0
0
1
3904 175
1
3905 103
1
3906 91
0
0
0
0
0
0
0
0
1
3907 8
1
3908 207
1
3909 74
1
3910 210
0
1
3911 162
1
3912 209
0
0
0
1
3913 172
1
3914 135
1
3915 100
1
3916 207
1
3917 204
1
3918 46
0
0
1
3919 210
0
0
0
1
3920 134
1
3921 53
1
3922 103
0
0
1
3923 76
0
0
1
3924 60
1
3925 103
0
1
3926 27
0
0
1
3927 175
1
3928 165
1
3929 200
1
3930 103
0
0
0
0
0
1
3931 122
1
3932 126
0
1
3933 37
0
0
1
3934 67
1
3935 61
0
0
0
1
3936 25
0
0
0
1
3937 117
0
1
3938 159
0
0
1
3939 145
0
1
3940 168
0
1
3941 190
1
3942 210
0
1
3943 207
0
1
3944 51
0
0
1
3945 85
1
3946 114
0
0
0
0
0
1
3947 75
1
3948 143
0
0
1
3949 189
0
1
3950 144
1
3951 28
1
3952 112
0
1
3953 91
0
0
1
3954 202
0
1
3955 111
1
3956 102
1
3957 188
0
0
0
0
0
1
3958 14
1
3959 65
1
3960 113
1
3961 172
0
1
3962 20
0
1
3963 86
0
0
0
0
0
1
3964 163
1
3965 48
0
0
0
0
1
3966 32
1
3967 40
0
1
3968 80
0
0
0
1
3969 3
0
0
1
3970 161
0
0
0
0
0
0
0
0
0
1
3971 186
0
0
1
3972 116
1
3973 116
0
0
1
3974 16
1
3975 174
0
0
1
3976 130
0
1
3977 105
1
3978 33
0
1
3979 164
0
1
3980 196
1
3981 56
0
0
0
0
1
3982 161
0
1
3983 117
0
1
3984 135
0
1
3985 18
0
0
0
1
3986 55
0
0
0
1
3987 39
0
0
0
1
3988 39
1
3989 66
0
1
3990 155
1
3991 64
1
3992 167
0
0
0
0
0
0
0
1
3993 139
0
0
1
3994 117
0
0
0
1
3995 176
1
3996 176
0
0
0
1
3997 74
0
0
0
1
3998 13
1
3999 156
1
4000 109
0
0
0
0
1
4001 215
1
4002 58
0
1
4003 119
0
1
4004 122
0
1
4005 141
0
0
1
4006 130
1
4007 135
0
0
1
4008 52
1
4009 66
0
0
0
0
1
4010 35
0
1
4011 209
0
0
1
4012 105
1
4013 73
0
1
4014 5
0
0
1
4015 115
0
1
4016 207
0
1
4017 4
0
0
0
0
1
4018 91
0
0
0
1
4019 78
0
1
4020 121
0
0
0
1
4021 182
0
1
4022 24
0
0
1
4023 41
0
0
0
0
0
0
0
0
1
4024 88
0
0
1
4025 135
0
0
0
1
4026 207
1
4027 3
1
4028 55
0
0
0
1
4029 74
1
4030 196
0
1
4031 96
0
0
0
1
4032 181
1
4033 139
0
0
1
4034 167
0
1
4035 58
0
1
4036 90
0
0
1
4037 4
0
0
0
0
0
0
0
0
1
4038 17
0
0
1
4039 48
0
0
0
1
4040 161
0
0
1
4041 32
1
4042 170
0
0
1
4043 17
0
0
1
4044 131
0
1
4045 30
1
4046 207
0
0
0
0
1
4047 3
0
0
1
4048 205
0
0
1
4049 71
0
0
0
0
1
4050 81
0
0
0
0
0
0
0
1
4051 141
0
1
4052 30
0
0
0
0
1
4053 70
1
4054 67
0
0
1
4055 123
0
0
0
1
4056 58
0
0
1
4057 179
0
1
4058 210
1
4059 136
1
4060 163
1
4061 90
0
0
0
1
4062 20
0
0
0
0
1
4063 7
0
0
0
1
4064 216
0
0
1
4065 116
0
0
0
1
4066 184
1
4067 159
1
4068 196
0
0
0
0
0
1
4069 58
0
0
0
0
0
1
4070 98
0
0
0
0
0
0
0
0
0
0
1
4071 50
0
0
0
0
1
4072 132
0
1
4073 162
0
0
1
4074 137
0
1
4075 17
1
4076 166
0
1
4077 191
0
1
4078 161
0
1
4079 71
1
4080 184
1
4081 24
1
4082 134
1
4083 161
1
4084 134
0
0
0
0
0
0
0
1
4085 136
0
0
1
4086 126
1
4087 63
0
1
4088 111
1
4089 35
0
1
4090 170
0
1
4091 117
1
4092 43
0
0
1
4093 44
0
0
0
1
4094 184
0
0
0
0
0
0
0
0
0
0
0
0
0
0
0
0
0
1
4095 169
0
1
4096 99
0
1
4097 157
0
1
4098 100
0
1
4099 62
0
1
4100 7
0
0
0
0
0
1
4101 202
0
0
0
0
1
4102 34
0
0
0
1
4103 148
0
1
4104 97
0
1
4105 94
0
1
4106 45
0
0
0
1
4107 187
1
4108 203
1
4109 136
1
4110 40
0
0
1
4111 174
0
0
0
0
0
1
4112 23
0
1
4113 86
0
1
4114 28
1
4115 97
1
4116 140
0
1
4117 187
0
1
4118 206
0
1
4119 70
0
1
4120 194
1
4121 57
0
0
0
1
4122 60
1
4123 204
1
4124 135
0
0
1
4125 11
0
1
4126 5
0
1
4127 164
1
4128 189
0
1
4129 175
1
4130 7
0
1
4131 116
0
0
1
4132 40
1
4133 53
1
4134 117
0
1
4135 84
0
1
4136 146
1
4137 191
0
0
0
0
1
4138 18
1
4139 103
1
4140 129
0
0
0
0
0
0
0
0
1
4141 202
0
0
1
4142 16
1
4143 51
0
0
0
0
1
4144 29
0
1
4145 55
0
0
0
0
0
1
4146 16
0
0
0
1
4147 105
1
4148 186
1
4149 93
0
0
0
1
4150 68
0
1
4151 37
1
4152 105
0
1
4153 97
0
0
1
4154 130
0
0
0
1
4155 66
1
4156 39
0
0
0
1
4157 44
0
1
4158 157
0
0
1
4159 192
1
4160 21
0
0
0
0
0
0
1
4161 193
0
1
4162 189
1
4163 133
0
0
0
0
0
1
4164 162
1
4165 164
1
4166 175
1
4167 134
0
0
0
0
0
1
4168 95
1
4169 55
0
0
0
0
1
4170 119
1
4171 143
0
0
0
1
4172 30
0
0
0
1
4173 55
0
1
4174 88
0
0
0
0
1
4175 22
0
1
4176 55
0
1
4177 72
0
0
0
1
4178 77
0
0
0
0
0
0
1
4179 174
0
0
0
0
1
4180 134
1
4181 71
0
0
0
0
0
0
1
4182 112
0
0
1
4183 108
1
4184 108
0
1
4185 188
1
4186 206
0
1
4187 51
0
0
0
0
1
4188 27
1
4189 27
0
0
0
0
1
4190 149
0
0
0
0
1
4191 58
0
0
0
0
0
0
1
4192 199
0
0
0
1
4193 78
0
0
1
4194 28
0
0
0
0
1
4195 168
1
4196 53
0
1
4197 80
1
4198 147
0
0
1
4199 185
1
4200 207
0
0
0
0
0
1
4201 47
0
1
4202 137
1
4203 213
1
4204 10
1
4205 145
0
0
0
1
4206 167
0
1
4207 63
0
0
1
4208 159
1
4209 148
0
0
0
0
1
4210 41
0
1
4211 197
1
4212 166
1
4213 92
0
0
0
0
0
1
4214 180
1
4215 95
0
0
0
0
0
0
0
0
1
4216 134
1
4217 118
0
1
4218 128
1
4219 137
0
1
4220 41
1
4221 142
0
0
0
1
4222 173
0
0
1
4223 13
0
1
4224 71
0
0
1
4225 116
1
4226 212
0
1
4227 85
0
0
1
4228 179
1
4229 17
0
1
4230 202
1
4231 15
0
0
1
4232 71
1
4233 33
0
1
4234 198
0
0
0
1
4235 202
0
0
1
4236 40
0
0
0
0
1
4237 178
0
1
4238 134
1
4239 45
0
0
0
0
1
4240 131
0
1
4241 114
0
0
1
4242 48
0
0
0
0
0
1
4243 170
0
0
1
4244 25
0
1
4245 111
1
4246 56
0
1
4247 3
1
4248 152
0
0
0
1
4249 53
0
1
4250 144
1
4251 130
1
4252 43
1
4253 103
1
4254 116
1
4255 62
0
0
0
0
1
4256 215
0
0
1
4257 151
0
0
1
4258 149
0
0
0
1
4259 215
0
0
0
1
4260 11
1
4261 44
0
0
1
4262 5
0
1
4263 108
1
4264 162
0
1
4265 4
0
1
4266 104
1
4267 161
1
4268 148
1
4269 46
0
0
0
0
0
0
1
4270 82
0
1
4271 202
1
4272 27
1
4273 209
1
4274 64
0
0
0
0
0
1
4275 54
0
0
1
4276 147
1
4277 179
1
4278 116
1
4279 115
0
0
0
1
4280 23
0
0
0
0
0
1
4281 99
1
4282 140
0
1
4283 167
0
1
4284 21
1
4285 120
0
0
0
0
1
4286 96
0
0
0
0
0
0
0
0
1
4287 150
1
4288 113
1
4289 206
0
1
4290 139
1
4291 212
0
1
4292 55
0
1
4293 121
1
4294 79
0
1
4295 147
1
4296 100
0
1
4297 96
0
0
0
0
0
0
0
0
0
0
0
0
0
1
4298 145
0
0
0
1
4299 53
0
0
0
0
0
1
4300 163
0
0
0
0
0
1
4301 78
0
0
0
1
4302 64
0
0
1
4303 50
1
4304 110
0
0
0
1
4305 164
1
4306 21
0
0
0
0
0
0
0
0
1
4307 141
1
4308 63
0
0
1
4309 103
1
4310 154
0
0
0
0
0
1
4311 187
1
4312 116
0
0
1
4313 75
0
0
0
0
0
0
1
4314 51
0
0
1
4315 3
0
1
4316 192
1
4317 75
0
0
0
0
0
0
0
1
4318 139
0
0
1
4319 177
1
4320 186
1
4321 43
0
0
0
0
1
4322 117
1
4323 18
0
1
4324 196
1
4325 198
0
1
4326 121
0
0
0
0
0
0
0
0
0
0
1
4327 169
0
0
0
0
0
0
0
1
4328 114
0
0
1
4329 10
1
4330 195
0
0
0
1
4331 212
0
1
4332 26
1
4333 24
0
0
1
4334 160
0
0
0
1
4335 71
0
0
0
0
0
0
0
0
0
0
1
4336 130
0
0
1
4337 81
0
0
0
0
1
4338 117
1
4339 164
0
0
1
4340 26
0
0
0
0
0
1
4341 127
1
4342 179
0
1
4343 115
0
1
4344 49
0
0
0
0
0
1
4345 24
0
0
1
4346 75
0
1
4347 21
0
0
0
0
0
0
0
0
0
0
1
4348 88
0
0
0
0
0
0
1
4349 23
0
0
1
4350 42
1
4351 112
1
4352 203
0
0
0
1
4353 46
0
0
0
0
0
1
4354 103
1
4355 206
0
1
4356 194
1
4357 151
0
0
1
4358 164
1
4359 113
0
0
0
1
4360 99
1
4361 122
0
1
4362 127
0
1
4363 40
0
0
0
0
0
0
1
4364 13
0
0
0
1
4365 18
0
0
0
0
0
1
4366 105
0
0
1
4367 126
0
0
0
1
4368 153
1
4369 128
0
0
0
0
0
0
0
0
1
4370 112
1
4371 149
0
0
1
4372 111
0
0
0
0
1
4373 39
1
4374 178
1
4375 206
0
0
0
0
0
0
0
0
0
1
4376 191
0
0
0
1
4377 214
0
0
0
0
1
4378 90
0
0
0
0
0
1
4379 205
1
4380 96
0
1
4381 208
0
0
1
4382 90
0
0
1
4383 144
0
1
4384 136
0
0
0
0
1
4385 109
1
4386 180
0
0
0
1
4387 198
0
0
0
0
0
0
0
0
0
0
1
4388 129
0
1
4389 195
0
0
0
0
0
1
4390 209
0
0
0
0
1
4391 161
1
4392 211
1
4393 42
1
4394 37
1
4395 51
0
0
1
4396 53
1
4397 77
0
0
0
0
1
4398 11
0
0
0
1
4399 130
0
0
0
0
0
1
4400 39
0
1
4401 32
1
4402 145
1
4403 21
0
0
1
4404 89
0
1
4405 27
1
4406 153
1
4407 50
1
4408 158
0
1
4409 48
0
0
1
4410 45
0
0
1
4411 130
0
0
0
0
1
4412 72
0
0
1
4413 101
0
0
1
4414 121
0
0
0
0
0
0
0
0
0
0
0
1
4415 88
0
1
4416 206
1
4417 55
0
0
0
0
0
0
0
1
4418 17
0
0
0
0
0
1
4419 211
0
0
0
0
0
0
0
0
0
0
0
0
0
0
0
0
0
0
0
0
0
0
1
4420 79
0
0
1
4421 168
0
0
0
0
0
1
4422 150
0
1
4423 189
1
4424 162
0
1
4425 185
0
0
0
0
1
4426 168
1
4427 66
1
4428 128
0
1
4429 155
0
1
4430 54
0
1
4431 126
0
1
4432 88
1
4433 69
0
0
0
0
0
0
0
0
1
4434 132
0
0
0
0
0
1
4435 114
1
4436 80
0
0
0
0
0
0
0
0
0
0
0
1
4437 130
0
0
0
0
0
0
1
4438 31
0
1
4439 188
0
0
0
0
0
0
0
0
0
1
4440 71
1
4441 146
0
0
0
1
4442 103
0
0
0
0
1
4443 203
0
0
1
4444 205
0
0
0
0
0
1
4445 76
0
0
1
4446 158
0
0
1
4447 15
1
4448 48
1
4449 176
0
0
0
1
4450 141
1
4451 76
0
0
0
0
1
4452 154
0
0
1
4453 50
0
0
0
0
0
0
1
4454 52
1
4455 82
0
0
0
1
4456 34
1
4457 62
1
4458 172
0
0
0
0
0
0
1
4459 47
0
0
0
1
4460 2
0
0
0
0
1
4461 32
0
0
0
0
0
0
0
0
0
0
0
0
0
1
4462 141
0
1
4463 20
1
4464 56
1
4465 148
0
0
1
4466 214
0
0
1
4467 184
1
4468 65
1
4469 128
0
0
0
0
1
4470 94
0
0
1
4471 205
0
1
4472 40
1
4473 48
0
0
0
1
4474 163
0
0
0
0
0
0
0
0
0
0
1
4475 4
0
0
0
1
4476 23
0
0
1
4477 26
0
0
0
0
1
4478 27
0
1
4479 64
0
1
4480 114
0
1
4481 154
1
4482 30
0
0
0
0
0
0
1
4483 14
0
0
0
0
0
1
4484 208
0
0
0
0
0
1
4485 73
0
1
4486 119
1
4487 96
0
0
0
0
0
1
4488 7
0
0
1
4489 174
0
0
0
1
4490 123
1
4491 133
0
0
1
4492 104
1
4493 188
1
4494 164
1
4495 179
0
0
0
0
0
1
4496 69
0
0
1
4497 51
0
1
4498 145
0
0
0
1
4499 30
0
0
0
0
1
4500 103
1
4501 15
1
4502 60
0
1
4503 88
0
0
0
1
4504 27
1
4505 207
0
0
0
0
1
4506 13
0
0
0
0
0
0
0
0
0
0
0
0
0
0
1
4507 175
0
0
0
0
0
1
4508 98
0
0
1
4509 27
0
0
0
1
4510 42
0
0
1
4511 49
1
4512 22
0
0
0
1
4513 46
0
0
0
0
1
4514 191
1
4515 129
0
0
0
0
0
1
4516 29
1
4517 139
0
0
1
4518 194
0
0
0
0
1
4519 93
0
1
4520 32
0
1
4521 123
0
1
4522 195
1
4523 121
0
0
0
1
4524 113
0
1
4525 96
0
0
0
0
0
1
4526 167
0
1
4527 201
0
0
0
0
0
0
0
1
4528 164
0
0
1
4529 20
0
0
1
4530 215
0
0
0
0
1
4531 80
0
0
0
0
0
0
0
1
4532 188
0
1
4533 54
0
0
0
0
0
1
4534 72
0
0
0
0
0
0
0
0
0
0
0
0
0
0
1
4535 115
0
1
4536 149
1
4537 39
0
0
1
4538 17
0
0
0
0
0
0
1
4539 188
1
4540 132
0
0
0
0
1
4541 108
0
0
1
4542 178
0
0
0
0
1
4543 80
0
0
0
0
0
0
0
0
1
4544 80
0
0
0
0
0
0
0
0
1
4545 137
0
0
1
4546 100
1
4547 72
1
4548 125
0
1
4549 23
0
1
4550 144
0
1
4551 207
0
0
0
0
0
0
0
1
4552 15
0
0
0
0
0
0
0
0
0
0
0
0
0
0
0
0
0
1
4553 89
0
0
0
0
1
4554 55
0
0
0
1
4555 24
1
4556 145
0
1
4557 190
0
0
0
0
0
0
1
4558 188
0
1
4559 133
0
0
1
4560 99
1
4561 51
0
0
0
0
1
4562 162
1
4563 198
0
1
4564 5
1
4565 11
0
0
1
4566 9
1
4567 194
0
0
0
0
0
1
4568 164
0
0
0
1
4569 201
0
0
0
0
1
4570 116
0
0
0
0
0
0
0
0
0
0
0
1
4571 31
1
4572 12
1
4573 166
0
0
0
0
0
0
0
0
0
0
0
0
0
1
4574 146
1
4575 132
1
4576 188
1
4577 24
0
0
0
1
4578 132
0
0
0
0
0
0
0
1
4579 66
0
0
0
0
0
1
4580 109
0
0
0
0
1
4581 209
1
4582 30
0
0
0
0
1
4583 24
0
0
0
0
1
4584 28
0
0
0
0
0
1
4585 161
0
0
0
0
0
0
0
0
0
0
0
0
0
0
0
0
0
0
0
0
0
0
0
0
0
1
4586 168
1
4587 203
0
0
1
4588 119
0
0
1
4589 141
1
4590 20
0
0
0
1
4591 131
0
0
0
1
4592 56
0
0
0
0
0
0
1
4593 14
0
1
4594 46
0
0
0
0
0
0
1
4595 216
0
1
4596 80
0
1
4597 37
0
0
0
0
0
0
0
0
0
0
0
0
1
4598 63
0
0
0
0
1
4599 33
0
0
0
0
0
0
0
0
1
4600 79
0
0
0
1
4601 41
0
0
0
0
0
0
0
0
0
0
0
0
0
0
0
0
0
1
4602 99
0
0
0
0
1
4603 129
1
4604 139
0
0
0
0
0
0
0
0
0
0
0
0
0
0
0
1
4605 128
0
1
4606 86
0
0
0
0
1
4607 8
1
4608 194
0
0
0
0
0
0
1
4609 66
0
1
4610 159
0
0
0
0
0
0
0
0
0
0
0
0
0
0
0
0
0
0
0
0
0
0
0
0
0
0
0
0
0
0
0
0
0
1
4611 143
0
0
0
0
0
0
0
1
4612 42
0
0
0
0
1
4613 133
0
0
1
4614 6
0
0
0
1
4615 56
1
4616 52
0
0
0
1
4617 27
0
0
0
0
0
0
0
1
4618 98
0
0
0
0
0
0
1
4619 92
0
0
0
0
0
0
1
4620 77
0
0
0
0
0
0
0
1
4621 11
0
0
0
0
0
0
0
1
4622 75
0
0
0
0
0
0
0
0
0
0
0
0
0
0
1
4623 94
1
4624 109
0
0
1
4625 194
0
0
0
0
0
0
1
4626 203
1
4627 168
0
1
4628 106
1
4629 79
0
0
0
0
0
0
0
0
0
0
0
0
0
0
0
0
0
1
4630 9
0
0
0
0
0
0
1
4631 114
0
0
0
0
0
0
0
0
1
4632 14
0
0
0
0
0
0
1
4633 206
0
0
1
4634 32
0
1
4635 39
0
0
0
0
0
0
0
0
0
1
4636 43
0
0
0
0
0
0
0
0
0
0
0
0
0
0
0
0
0
1
4637 29
0
0
1
4638 118
0
0
0
0
0
0
1
4639 144
0
0
0
0
0
0
1
4640 130
0
0
0
0
0
0
0
0
0
0
1
4641 142
0
0
0
0
0
0
0
0
1
4642 47
0
0
0
0
0
0
1
4643 164
0
0
1
4644 200
0
0
0
0
0
0
1
4645 117
0
1
4646 168
0
0
0
0
0
0
0
0
1
4647 29
1
4648 30
0
0
0
0
0
0
0
0
1
4649 27
0
0
0
0
1
4650 182
0
0
1
4651 102
0
0
0
0
0
0
0
0
0
0
0
0
0
1
4652 170
0
0
0
0
0
0
1
4653 140
1
4654 107
0
0
0
0
0
0
0
0
0
0
0
0
0
1
4655 190
0
0
0
0
0
0
1
4656 134
0
0
0
0
0
1
4657 57
0
0
0
0
0
0
0
0
0
0
1
4658 124
0
0
1
4659 153
0
0
1
4660 155
0
0
1
4661 184
0
0
1
4662 74
1
4663 129
0
1
4664 26
0
0
1
4665 142
1
4666 92
0
0
0
0
0
0
0
0
1
4667 35
1
4668 205
0
0
0
0
1
4669 179
0
0
1
4670 45
0
0
0
0
0
0
0
0
0
0
0
0
0
0
1
4671 211
0
0
0
1
4672 12
0
1
4673 54
1
4674 105
0
0
0
0
0
0
0
0
0
1
4675 141
0
0
0
0
0
0
1
4676 212
0
1
4677 166
0
1
4678 134
1
4679 43
0
1
4680 162
0
0
0
0
0
0
0
0
0
0
0
0
0
0
1
4681 117
0
0
0
0
0
0
0
0
0
1
4682 17
0
0
0
0
1
4683 22
0
0
0
1
4684 182
0
0
0
0
0
0
0
0
0
0
0
0
1
4685 163
0
1
4686 118
0
0
0
0
0
0
0
0
0
0
0
0
0
0
0
0
0
0
0
0
0
0
0
0
0
0
0
0
0
0
0
0
0
1
4687 17
0
0
0
0
0
0
0
0
0
0
0
0
0
0
1
4688 97
0
0
0
0
0
0
0
0
0
0
0
1
4689 150
0
0
0
0
0
0
0
0
0
0
0
0
0
0
0
0
0
0
0
0
0
0
0
1
4690 169
0
0
0
0
0
0
0
1
4691 110
1
4692 134
0
0
0
0
0
0
0
0
1
4693 95
1
4694 182
0
0
0
0
0
0
0
0
0
1
4695 58
0
0
0
0
0
0
0
0
0
0
0
0
0
0
0
0
0
0
0
0
1
4696 66
0
1
4697 172
0
1
4698 48
1
4699 142
0
0
0
0
0
0
0
0
0
0
0
0
0
0
0
0
0
1
4700 78
0
0
0
1
4701 133
0
0
0
0
0
0
0
0
0
0
0
0
1
4702 186
0
0
0
0
0
0
0
0
0
0
0
1
4703 164
0
0
0
0
0
0
0
0
0
0
0
0
0
0
0
0
0
1
4704 121
0
0
0
0
0
0
0
0
0
0
0
0
0
0
0
0
0
0
0
0
0
0
0
0
0
0
0
0
0
0
0
0
0
0
0
0
0
0
0
0
0
0
0
1
4705 158
0
1
4706 25
0
0
0
0
0
0
0
0
0
0
0
0
0
0
0
0
0
0
0
0
0
0
0
0
0
0
0
0
0
1
4707 6
0
0
0
0
0
0
0
0
0
0
0
0
0
0
0
1
4708 150
0
0
0
0
1
4709 111
0
0
0
0
0
0
0
0
1
4710 213
0
0
0
0
0
0
0
1
4711 26
0
0
0
0
0
0
0
0
0
0
0
1
4712 42
0
0
0
0
0
0
0
0
0
0
0
0
0
1
4713 115
0
0
0
0
1
4714 207
0
0
0
0
0
0
0
0
0
0
1
4715 179
0
0
0
0
0
0
0
0
0
0
0
0
0
0
0
0
0
1
4716 155
0
1
4717 201
1
4718 147
0
0
0
0
0
0
0
0
0
0
0
0
1
4719 200
1
4720 60
0
0
0
0
0
0
0
0
1
4721 135
0
0
0
0
0
0
0
0
0
0
0
0
0
0
0
0
0
0
0
0
1
4722 18
0
0
0
0
0
0
0
1
4723 125
0
0
0
0
0
0
0
0
0
0
0
0
0
0
0
0
0
0
0
0
0
0
0
0
0
0
0
0
0
0
0
0
0
0
0
0
1
4724 30
0
0
0
0
0
0
0
0
0
0
1
4725 215
0
0
0
0
0
0
0
0
0
0
0
0
0
0
0
0
0
0
0
0
0
0
0
0
0
0
0
0
0
0
0
0
0
0
0
0
0
0
0
0
0
0
0
0
0
1
4726 89
0
0
0
0
0
0
0
0
0
1
4727 57
1
4728 111
0
0
0
0
0
0
0
0
0
0
0
0
0
0
0
0
0
0
0
0
0
0
0
1
4729 125
0
0
0
0
0
0
0
0
1
4730 192
0
0
0
0
1
4731 2
1
4732 36
0
0
0
0
0
0
0
0
0
0
1
4733 178
0
0
0
0
1
4734 63
0
0
0
0
0
0
0
0
0
0
0
0
0
0
0
1
4735 58
0
0
0
0
0
0
0
0
0
0
0
0
0
0
0
0
0
0
0
0
0
0
0
0
0
0
0
0
0
0
0
0
0
0
0
0
0
0
0
0
0
1
4736 66
0
0
0
0
0
0
0
0
0
0
0
0
0
0
0
0
0
0
0
0
0
1
4737 169
0
0
0
0
0
0
0
1
4738 4
1
4739 170
0
0
0
0
0
0
0
0
0
0
0
0
0
0
0
0
0
0
0
0
0
0
0
0
0
0
0
0
0
0
0
0
0
0
1
4740 168
0
0
0
0
1
4741 203
0
0
0
0
0
0
0
0
0
0
0
0
0
0
0
0
0
0
0
1
4742 133
0
0
0
0
0
0
0
0
0
1
4743 25
0
0
0
0
0
0
0
0
0
0
0
0
0
0
0
0
0
0
0
0
0
0
1
4744 188
0
0
0
0
0
0
0
0
0
0
0
0
0
0
0
0
0
0
0
0
0
0
0
0
0
0
0
0
0
0
0
0
0
0
0
0
0
0
0
0
0
0
0
0
0
0
0
0
0
0
0
0
0
0
0
0
0
0
0
0
0
0
0
0
0
0
0
0
0
0
0
0
0
0
0
0
0
0
0
1
4745 49
0
0
0
0
0
0
0
0
0
0
0
0
0
0
0
0
0
0
0
0
0
0
0
0
0
0
0
0
0
0
0
0
0
0
0
0
0
0
0
0
0
0
0
0
0
0
0
0
0
0
0
0
0
0
0
0
0
0
0
0
0
0
0
0
0
0
0
0
0
0
0
1
4746 148
0
0
0
0
0
0
0
0
0
0
0
0
0
0
0
0
0
0
0
0
0
0
0
0
0
0
0
0
0
0
0
0
0
0
0
0
0
0
0
0
0
0
0
0
0
0
0
0
0
0
0
0
0
0
0
0
0
0
0
0
0
0
0
0
0
0
0
0
0
0
0
0
0
0
0
0
0
0
0
0
0
0
0
0
0
0
0
0
0
0
0
0
0
0
0
0
0
0
0
0
0
0
0
0
0
0
0
0
0
0
0
0
0
0
0
0
0
0
0
0
0
0
0
0
0
0
0
0
0
0
0
0
0
0
0
0
0
0
0
0
0
0
0
0
0
0
0
0
0
0
0
0
0
0
0
0
0
0
0
0
0
0
0
0
0
0
0
0
0
0
0
0
0
0
0
0
0
0
0
0
0
0
0
0
0
0
0
0
0
0
0
0
0
0
0
0
0
0
0
0
0
0
0
0
0
0
0
0
0
0
0
0
0
0
0
0
0
0
0
0
0
0
0
0
0
0
0
0
0
0
0
0
0
0
0
0
0
0
0
0
0
0
0
0
0
0
0
0
0
0
0
0
0
0
0
0
0
0
0
0
0
0
0
0
0
0
0
0
0
0
0
0
0
0
0
0
0
0
0
0
0
0
0
0
0
0
0
0
0
0
0
0
0
0
0
0
0
0
0
0
0
0
0
0
0
0
0
0
0
0
0
0
0
0
0
0
0
0
0
0
0
0
0
0
0
0
0
0
0
0
0
0
0
0
0
0
0
0
0
0
0
0
0
0
0
0
0
0
0
0
0
0
0
0
0
0
0
0
0
0
0
0
0
0
0
0
0
0
0
0
0
0
0
0
0
0
0
0
0
0
0
0
0
0
0
0
0
0
0
0
0
0
0
0
0
0
0
0
0
0
0
0
0
0
0
0
0
0
0
0
0
0
0
0
0
0
0
0
0
0
0
0
0
0
0
0
0
0
0
0
0
0
0
0
0
0
0
0
0
0
0
0
0
0
0
0
0
0
0
0
0
0
0
0
0
0
0
0
0
0
0
0
0
0
0
0
0
0
0
0
0
0
0
0
0
0
0
0
0
0
0
0
0
0
0
0
0
0
0
0
0
0
0
0
0
0
0
0
0
0
0
0
0
0
0
0
0
0
0
0
0
0
0
0
0
0
0
0
0
0
0
0
0
0
0
0
0
0
0
0
0
0
0
0
0
0
0
0
0
0
0
0
0
0
0
0
0
0
0
0
0
0
0
0
0
0
0
0
0
0
0
0
0
