222 429
82 145 3
170 103 3
14 219 3
86 103 3
154 159 3
58 100 2
109 95 3
21 212 3
46 33 2
19 121 2
192 205 4
56 173 4
184 62 3
110 148 4
203 207 3
38 161 3
53 113 3
78 179 3
9 98 4
5 100 2
178 139 3
87 147 3
21 199 4
53 39 3
188 211 3
113 9 4
201 205 3
54 206 3
185 210 3
114 126 3
32 164 3
120 60 3
180 153 3
91 49 3
73 169 3
158 108 3
174 123 4
73 29 2
1 221 2
88 102 3
120 163 4
22 35 4
114 206 3
106 55 5
48 40 4
10 157 5
176 198 3
181 198 2
155 82 5
177 34 4
177 73 4
72 210 4
132 125 5
17 132 2
43 71 5
175 213 4
125 64 3
209 21 3
67 114 2
172 118 2
222 191 2
128 158 4
123 127 3
199 110 2
22 214 2
219 167 2
186 45 5
195 213 3
192 32 3
159 42 3
56 18 5
124 33 3
104 93 4
137 35 3
180 186 3
50 147 4
34 85 3
103 55 4
81 101 3
71 60 4
46 130 3
155 7 5
67 126 3
124 214 5
170 200 2
153 43 4
22 39 3
167 20 2
24 125 3
196 1 3
219 126 3
133 2 2
6 57 1
66 51 3
165 10 4
49 190 3
109 69 4
211 176 3
35 18 2
175 121 4
66 152 6
158 162 3
138 137 3
22 216 5
178 52 2
75 20 3
7 209 4
89 122 3
160 196 4
119 111 4
19 175 4
179 88 3
121 75 2
41 146 4
171 45 4
190 92 3
49 4 2
179 163 1
91 68 3
63 182 4
34 83 3
39 118 2
79 9 4
71 83 3
37 97 4
143 110 3
163 88 4
96 168 4
42 210 3
12 144 3
116 194 4
131 57 4
82 162 4
2 194 4
118 141 2
91 174 1
66 145 2
75 100 4
180 148 4
62 52 2
6 133 3
45 116 3
220 20 3
76 51 4
222 1 3
31 150 3
44 148 3
216 18 3
157 78 4
91 123 2
12 93 4
54 23 3
26 169 4
7 193 4
194 131 5
84 101 3
84 217 2
156 61 3
221 200 2
62 178 2
141 172 3
69 122 3
212 63 3
133 202 3
95 129 2
112 76 3
112 207 3
217 81 2
193 182 2
21 193 2
127 189 5
204 40 4
136 179 1
79 155 4
182 197 3
40 133 4
164 106 5
196 104 3
99 81 3
108 128 3
38 3 2
134 130 3
191 15 4
153 102 2
131 116 3
36 111 2
176 151 3
210 27 2
199 45 3
135 140 4
207 108 3
197 150 3
52 130 3
172 24 4
48 111 3
117 12 3
205 32 3
74 215 4
161 172 4
148 102 3
68 81 3
125 152 3
129 173 3
90 76 5
77 65 5
28 195 3
66 155 3
31 181 2
46 98 4
171 197 3
61 219 3
158 145 2
105 115 3
16 100 5
138 23 4
217 4 3
90 181 3
205 108 4
99 142 3
204 2 3
94 114 2
189 32 2
134 149 4
196 8 4
211 31 5
80 67 3
90 191 3
97 166 3
141 24 2
137 80 2
72 10 3
70 61 4
70 175 2
75 47 3
188 8 3
142 101 2
3 172 3
221 104 3
39 141 4
94 124 3
6 180 2
25 144 3
15 222 3
108 201 4
208 101 2
139 13 4
85 50 2
123 59 4
151 31 2
220 167 2
142 208 3
152 53 5
8 222 5
216 3 3
30 215 2
14 121 4
191 188 4
112 51 4
120 135 4
17 92 1
72 149 5
154 58 3
119 194 4
60 88 4
69 129 3
70 19 2
113 98 3
41 202 4
136 163 1
84 68 4
58 5 3
116 150 2
149 195 4
25 93 3
151 111 3
52 184 3
42 16 3
44 78 4
96 99 3
19 42 3
146 202 3
10 139 3
162 128 2
58 65 3
109 89 3
220 14 3
219 220 2
197 76 3
213 149 3
166 142 3
70 213 2
215 27 4
115 11 4
115 146 3
43 50 3
63 197 4
212 182 3
151 36 5
107 209 3
36 48 4
202 204 3
199 107 3
136 135 4
55 144 4
13 44 3
54 137 3
35 206 4
157 136 2
97 208 3
89 129 3
77 154 5
26 105 4
5 75 3
25 117 4
146 29 4
92 59 2
97 122 4
90 15 3
183 184 4
187 193 2
140 30 4
57 186 2
218 79 4
209 183 3
184 107 5
87 85 4
124 46 4
178 134 4
158 207 5
195 70 2
200 203 3
203 170 3
109 168 4
93 200 1
57 2 3
94 156 3
95 38 4
79 152 3
121 47 2
34 73 3
63 51 2
13 78 5
36 211 4
174 190 3
86 170 3
166 208 3
161 96 3
95 56 4
25 103 4
64 162 5
16 47 3
61 14 5
77 74 2
11 41 2
64 59 3
3 96 4
5 16 3
168 142 4
139 134 4
105 87 2
50 83 2
29 169 3
92 127 4
99 84 4
28 33 2
138 173 2
69 89 3
168 38 5
1 15 4
114 156 3
218 183 3
212 187 2
6 131 2
11 146 3
171 150 3
9 183 4
13 157 3
106 86 3
29 177 3
17 64 4
14 47 2
218 113 2
187 199 3
115 41 2
41 40 3
59 132 2
80 206 4
26 147 6
165 140 5
154 16 4
86 192 4
164 189 3
122 37 3
153 177 4
145 128 2
214 53 3
4 68 4
87 169 3
143 107 3
185 72 3
28 130 3
159 74 4
156 126 2
98 124 2
203 201 4
164 192 2
43 34 3
185 165 3
103 200 4
143 62 4
170 201 3
174 4 3
23 80 2
204 119 3
198 151 2
186 131 4
54 67 3
30 185 3
171 187 3
122 166 3
28 94 4
185 27 4
159 27 3
216 118 4
44 143 3
181 176 2
117 160 4
93 160 4
132 190 3
10000
0
0
1
1 104
0
0
0
0
0
0
0
0
0
0
0
0
0
0
0
0
0
0
0
0
0
0
0
0
0
0
1
2 212
0
0
0
0
0
0
1
3 101
0
0
0
0
0
0
1
4 9
0
0
0
0
0
0
0
0
0
0
0
0
0
0
0
0
0
0
0
0
0
0
0
0
0
1
5 46
0
1
6 195
0
0
0
0
0
0
0
0
0
0
0
1
7 179
0
0
0
0
0
0
0
0
1
8 178
0
0
0
0
0
0
0
0
0
0
0
0
0
0
1
9 169
0
1
10 167
0
0
0
0
0
0
1
11 155
0
0
1
12 110
0
1
13 26
0
0
0
0
0
0
0
0
0
0
1
14 66
0
0
0
0
0
0
1
15 113
0
0
0
0
1
16 72
1
17 206
1
18 131
0
0
0
0
1
19 186
0
1
20 100
0
0
0
0
0
0
0
1
21 72
0
0
0
0
0
0
0
0
0
0
0
1
22 128
0
0
0
0
1
23 159
0
0
0
0
0
0
0
0
1
24 144
0
0
0
0
0
0
1
25 16
0
1
26 37
1
27 41
0
0
0
0
0
1
28 179
0
0
1
29 36
0
1
30 93
0
0
0
0
0
0
0
0
0
1
31 152
0
0
1
32 118
0
0
0
0
1
33 75
0
0
1
34 131
0
1
35 124
0
0
0
0
1
36 10
0
0
0
0
0
0
1
37 121
0
0
1
38 46
1
39 70
1
40 3
0
1
41 32
0
1
42 18
1
43 112
1
44 10
1
45 46
0
1
46 134
1
47 195
0
0
0
1
48 126
1
49 149
0
0
0
1
50 82
0
1
51 169
0
0
1
52 149
0
1
53 139
0
0
1
54 93
1
55 104
0
1
56 183
0
0
0
0
1
57 184
0
0
1
58 169
1
59 72
1
60 163
1
61 162
0
1
62 53
0
0
1
63 206
0
1
64 97
1
65 47
1
66 138
0
0
1
67 136
0
0
0
1
68 104
1
69 197
1
70 111
1
71 80
0
1
72 163
0
0
1
73 100
1
74 218
1
75 49
0
1
76 156
1
77 95
1
78 151
1
79 173
1
80 20
0
0
0
1
81 111
0
0
1
82 218
1
83 156
0
0
0
1
84 9
1
85 191
0
1
86 155
0
0
0
1
87 4
0
1
88 168
0
1
89 35
0
1
90 139
0
0
0
1
91 44
1
92 35
1
93 80
1
94 22
0
0
1
95 29
0
1
96 137
1
97 18
0
1
98 66
1
99 39
0
1
100 154
0
0
1
101 97
0
0
0
0
0
1
102 104
1
103 19
0
0
1
104 126
1
105 92
1
106 60
0
1
107 210
1
108 36
0
1
109 72
0
1
110 36
0
1
111 189
1
112 58
0
1
113 9
0
0
0
0
0
0
1
114 220
0
1
115 55
0
1
116 36
0
0
0
1
117 94
1
118 53
1
119 202
1
120 188
0
1
121 57
1
122 147
1
123 94
0
1
124 207
0
1
125 149
1
126 119
1
127 94
0
1
128 155
0
0
1
129 185
1
130 85
0
1
131 201
1
132 110
1
133 202
0
1
134 215
1
135 9
0
1
136 11
1
137 148
1
138 21
1
139 65
1
140 96
0
0
0
0
1
141 56
0
1
142 181
1
143 113
1
144 146
1
145 80
0
1
146 26
1
147 38
1
148 178
1
149 52
1
150 89
1
151 87
1
152 146
1
153 46
1
154 188
0
1
155 206
1
156 115
1
157 28
1
158 98
0
1
159 78
1
160 101
1
161 217
1
162 196
1
163 15
1
164 124
1
165 143
0
0
1
166 145
1
167 218
1
168 21
1
169 105
1
170 44
0
0
1
171 163
1
172 86
0
1
173 77
1
174 192
1
175 191
1
176 169
0
1
177 159
0
1
178 101
1
179 206
1
180 24
1
181 169
1
182 123
1
183 207
0
1
184 219
1
185 141
1
186 162
1
187 203
1
188 98
1
189 126
1
190 155
1
191 162
1
192 142
1
193 46
1
194 83
1
195 30
1
196 61
1
197 199
1
198 42
0
1
199 174
1
200 71
0
1
201 158
0
0
1
202 6
1
203 55
1
204 84
1
205 166
1
206 20
1
207 202
1
208 73
1
209 116
1
210 116
1
211 172
1
212 99
1
213 50
1
214 80
1
215 38
0
1
216 205
1
217 59
1
218 66
0
1
219 178
0
1
220 155
1
221 166
1
222 161
1
223 113
0
1
224 178
1
225 43
1
226 221
1
227 177
1
228 184
1
229 222
0
1
230 158
1
231 80
1
232 50
1
233 71
1
234 18
0
1
235 16
1
236 28
1
237 114
1
238 121
0
1
239 33
1
240 150
1
241 83
0
1
242 46
1
243 98
1
244 68
1
245 39
0
1
246 16
1
247 195
1
248 184
1
249 192
0
1
250 192
0
1
251 8
1
252 115
1
253 199
0
1
254 87
1
255 84
1
256 33
1
257 94
1
258 105
1
259 59
1
260 166
1
261 141
1
262 190
1
263 215
1
264 87
1
265 123
0
1
266 10
1
267 79
0
1
268 178
1
269 79
1
270 25
1
271 165
1
272 173
1
273 218
1
274 55
1
275 111
1
276 123
1
277 15
1
278 56
1
279 85
1
280 170
0
1
281 41
1
282 119
1
283 192
1
284 46
1
285 47
1
286 50
1
287 59
1
288 121
1
289 125
1
290 150
1
291 57
1
292 183
1
293 184
1
294 72
1
295 109
1
296 20
1
297 35
1
298 82
1
299 155
1
300 7
1
301 71
1
302 164
1
303 32
1
304 106
0
1
305 153
0
1
306 133
1
307 170
1
308 72
1
309 90
1
310 195
1
311 195
1
312 214
1
313 155
1
314 33
1
315 35
1
316 150
0
1
317 126
1
318 180
1
319 218
1
320 149
1
321 92
0
1
322 127
1
323 62
1
324 187
1
325 221
1
326 189
1
327 104
1
328 64
1
329 178
1
330 94
1
331 37
1
332 116
1
333 193
1
334 102
1
335 206
1
336 50
1
337 54
1
338 150
1
339 33
1
340 143
1
341 222
1
342 51
1
343 106
1
344 124
1
345 79
1
346 81
1
347 214
1
348 82
1
349 180
1
350 135
1
351 44
1
352 92
1
353 18
1
354 199
1
355 181
1
356 64
1
357 37
1
358 185
1
359 37
1
360 134
1
361 78
1
362 169
1
363 111
1
364 165
1
365 137
1
366 161
1
367 133
1
368 182
1
369 89
1
370 104
1
371 140
1
372 114
1
373 180
1
374 6
1
375 3
1
376 144
1
377 132
1
378 116
1
379 200
1
380 129
1
381 66
1
382 83
1
383 172
1
384 57
1
385 100
1
386 94
1
387 156
1
388 12
1
389 18
1
390 155
1
391 52
1
392 70
1
393 35
1
394 51
1
395 86
1
396 143
1
397 142
1
398 217
1
399 115
1
400 206
1
401 168
1
402 211
1
403 117
1
404 166
1
405 207
1
406 39
1
407 30
1
408 17
1
409 50
1
410 126
1
411 135
1
412 37
1
413 165
1
414 187
1
415 148
1
416 110
1
417 123
1
418 173
1
419 34
1
420 43
1
421 183
1
422 145
1
423 118
1
424 180
1
425 170
1
426 77
1
427 70
1
428 94
1
429 152
1
430 20
1
431 156
1
432 206
1
433 31
1
434 24
1
435 205
1
436 146
1
437 53
1
438 128
1
439 196
1
440 3
1
441 142
1
442 103
1
443 107
1
444 46
1
445 160
1
446 221
1
447 70
1
448 126
1
449 126
1
450 19
1
451 121
1
452 186
1
453 196
1
454 193
1
455 136
1
456 166
1
457 124
1
458 181
1
459 189
1
460 97
1
461 57
1
462 106
1
463 178
1
464 28
1
465 87
1
466 98
1
467 72
1
468 132
1
469 127
1
470 166
1
471 178
1
472 23
1
473 133
1
474 196
1
475 196
1
476 79
1
477 178
1
478 80
1
479 187
1
480 2
1
481 100
1
482 75
1
483 200
1
484 185
1
485 221
1
486 65
1
487 160
1
488 68
1
489 171
1
490 11
1
491 20
1
492 170
1
493 154
1
494 188
1
495 23
1
496 199
1
497 177
1
498 109
1
499 38
1
500 197
1
501 34
1
502 80
1
503 86
1
504 222
1
505 177
1
506 80
1
507 173
1
508 80
1
509 83
1
510 9
1
511 147
1
512 172
1
513 193
1
514 130
1
515 62
0
1
516 39
1
517 178
1
518 183
1
519 151
1
520 62
1
521 87
1
522 188
1
523 80
1
524 18
1
525 23
1
526 186
1
527 117
1
528 146
1
529 78
1
530 6
1
531 147
1
532 121
1
533 202
1
534 220
1
535 79
0
1
536 48
1
537 185
1
538 10
1
539 116
1
540 124
1
541 87
1
542 14
1
543 143
1
544 165
1
545 218
1
546 83
1
547 22
1
548 214
1
549 74
1
550 219
1
551 118
1
552 42
1
553 80
1
554 213
1
555 182
1
556 176
1
557 182
1
558 76
1
559 125
1
560 194
1
561 71
0
1
562 129
1
563 218
1
564 7
1
565 28
1
566 81
1
567 42
1
568 46
1
569 163
1
570 105
1
571 2
1
572 153
1
573 76
1
574 71
1
575 218
1
576 79
0
1
577 53
1
578 93
1
579 142
1
580 9
1
581 78
1
582 194
1
583 124
1
584 134
1
585 144
1
586 60
1
587 31
1
588 198
1
589 132
1
590 25
1
591 103
1
592 50
1
593 38
1
594 43
1
595 9
1
596 33
1
597 161
1
598 40
1
599 70
1
600 153
1
601 40
1
602 28
1
603 33
1
604 128
1
605 13
1
606 103
1
607 83
1
608 88
1
609 138
1
610 63
1
611 195
1
612 196
1
613 222
1
614 39
1
615 194
1
616 57
1
617 142
1
618 40
1
619 172
1
620 214
1
621 150
1
622 80
1
623 188
1
624 220
1
625 164
1
626 71
1
627 195
1
628 98
1
629 84
1
630 55
1
631 217
1
632 39
1
633 204
1
634 125
1
635 124
1
636 102
1
637 2
1
638 9
1
639 97
1
640 88
1
641 143
1
642 69
1
643 123
1
644 171
1
645 44
1
646 183
1
647 41
1
648 162
1
649 29
1
650 135
1
651 162
1
652 183
1
653 110
0
1
654 71
0
0
1
655 165
1
656 130
0
1
657 116
1
658 215
1
659 183
1
660 72
1
661 148
1
662 37
1
663 210
1
664 39
1
665 2
1
666 70
1
667 178
1
668 30
1
669 54
1
670 28
1
671 188
1
672 6
1
673 149
1
674 220
1
675 6
1
676 218
1
677 164
1
678 155
1
679 220
1
680 203
1
681 101
1
682 14
0
1
683 24
1
684 80
1
685 27
1
686 37
1
687 156
1
688 41
1
689 178
1
690 124
1
691 88
1
692 150
1
693 37
1
694 107
1
695 134
1
696 54
1
697 31
1
698 157
1
699 201
1
700 73
1
701 131
1
702 156
1
703 52
1
704 65
1
705 199
1
706 99
1
707 213
1
708 85
1
709 207
1
710 130
1
711 214
1
712 27
1
713 90
1
714 108
1
715 3
1
716 149
1
717 122
1
718 37
1
719 199
1
720 121
1
721 17
1
722 8
1
723 82
1
724 60
1
725 75
1
726 107
1
727 102
1
728 52
1
729 170
1
730 189
1
731 110
1
732 216
1
733 53
1
734 10
1
735 56
1
736 22
1
737 83
1
738 204
1
739 94
1
740 147
1
741 8
1
742 55
1
743 13
1
744 183
1
745 127
1
746 220
1
747 111
1
748 158
1
749 96
1
750 18
1
751 94
1
752 221
1
753 156
1
754 215
0
1
755 111
0
1
756 46
0
1
757 182
1
758 150
1
759 155
1
760 94
1
761 11
1
762 127
1
763 102
1
764 215
1
765 65
1
766 166
1
767 90
1
768 162
1
769 109
1
770 29
1
771 128
1
772 141
1
773 126
1
774 152
1
775 75
1
776 206
1
777 70
1
778 214
1
779 2
1
780 211
0
1
781 85
1
782 189
1
783 93
1
784 198
1
785 23
1
786 27
1
787 176
1
788 56
1
789 184
1
790 125
1
791 210
1
792 8
1
793 145
1
794 14
1
795 146
1
796 112
1
797 117
1
798 48
1
799 99
1
800 20
1
801 48
1
802 79
1
803 46
1
804 8
1
805 185
1
806 52
1
807 87
1
808 80
1
809 131
1
810 170
1
811 14
1
812 101
1
813 140
1
814 156
1
815 59
1
816 71
1
817 31
1
818 88
1
819 174
1
820 43
1
821 147
1
822 169
1
823 14
1
824 96
1
825 208
1
826 157
1
827 157
1
828 154
1
829 141
1
830 177
1
831 214
1
832 21
1
833 151
1
834 44
1
835 2
1
836 121
1
837 152
1
838 195
1
839 169
1
840 32
1
841 80
1
842 4
1
843 97
0
1
844 179
1
845 148
1
846 64
1
847 206
1
848 137
1
849 7
1
850 22
1
851 91
1
852 158
1
853 210
1
854 93
1
855 124
1
856 187
1
857 103
1
858 93
1
859 117
1
860 178
1
861 158
1
862 19
1
863 99
1
864 34
1
865 2
1
866 105
1
867 94
1
868 122
1
869 99
1
870 63
1
871 122
1
872 5
1
873 144
1
874 132
1
875 13
1
876 40
1
877 73
1
878 69
1
879 104
1
880 159
1
881 56
1
882 51
1
883 126
1
884 182
1
885 205
1
886 154
1
887 170
1
888 174
1
889 85
1
890 36
1
891 156
1
892 92
1
893 114
1
894 9
1
895 66
0
1
896 154
1
897 100
0
1
898 176
1
899 120
1
900 85
1
901 208
1
902 65
1
903 208
1
904 123
1
905 144
1
906 111
0
1
907 16
1
908 196
1
909 68
1
910 62
1
911 59
1
912 152
1
913 43
1
914 197
1
915 93
1
916 97
1
917 104
1
918 144
1
919 75
1
920 2
1
921 210
1
922 75
0
1
923 194
1
924 71
1
925 22
0
1
926 117
1
927 212
1
928 187
1
929 141
1
930 133
1
931 80
1
932 149
1
933 56
1
934 221
1
935 63
1
936 33
1
937 22
1
938 124
1
939 27
1
940 7
1
941 113
1
942 68
1
943 188
0
0
1
944 67
1
945 110
1
946 78
1
947 164
1
948 189
1
949 203
1
950 79
1
951 198
1
952 172
1
953 190
1
954 69
1
955 79
1
956 146
1
957 99
1
958 164
1
959 62
1
960 35
1
961 115
1
962 221
1
963 145
1
964 179
1
965 207
1
966 144
1
967 37
1
968 41
1
969 116
1
970 40
1
971 177
1
972 170
1
973 136
1
974 30
1
975 8
1
976 190
1
977 39
1
978 156
1
979 86
1
980 191
1
981 136
1
982 115
1
983 207
1
984 189
1
985 61
1
986 183
1
987 210
0
0
1
988 190
1
989 140
1
990 118
1
991 214
1
992 218
1
993 105
1
994 123
1
995 39
1
996 108
1
997 31
1
998 192
1
999 39
0
1
1000 167
1
1001 13
1
1002 196
1
1003 158
1
1004 218
1
1005 221
1
1006 105
1
1007 215
1
1008 56
1
1009 70
1
1010 210
0
1
1011 23
1
1012 206
1
1013 172
1
1014 194
1
1015 135
1
1016 113
1
1017 30
1
1018 84
0
1
1019 114
1
1020 142
0
1
1021 94
1
1022 98
1
1023 196
0
1
1024 84
1
1025 130
1
1026 79
1
1027 45
1
1028 87
1
1029 130
1
1030 164
1
1031 47
1
1032 142
0
1
1033 95
1
1034 19
1
1035 209
1
1036 208
1
1037 9
1
1038 95
1
1039 117
1
1040 161
1
1041 28
0
1
1042 222
1
1043 213
1
1044 17
1
1045 72
1
1046 149
1
1047 26
1
1048 82
1
1049 185
1
1050 195
1
1051 94
1
1052 155
1
1053 105
1
1054 181
1
1055 64
1
1056 66
1
1057 47
1
1058 45
1
1059 151
1
1060 208
1
1061 87
1
1062 44
1
1063 100
1
1064 141
1
1065 101
1
1066 46
0
1
1067 78
1
1068 26
1
1069 151
1
1070 66
1
1071 140
1
1072 24
1
1073 90
1
1074 114
0
1
1075 220
1
1076 41
1
1077 16
1
1078 122
1
1079 177
1
1080 55
1
1081 36
1
1082 99
1
1083 74
1
1084 184
1
1085 214
1
1086 195
1
1087 82
1
1088 102
1
1089 180
1
1090 49
1
1091 169
1
1092 215
1
1093 102
1
1094 33
1
1095 62
1
1096 103
1
1097 20
1
1098 74
1
1099 6
1
1100 221
1
1101 142
1
1102 138
1
1103 4
1
1104 136
1
1105 211
1
1106 155
1
1107 127
1
1108 15
1
1109 188
1
1110 45
1
1111 3
1
1112 200
1
1113 199
1
1114 16
1
1115 175
1
1116 169
0
1
1117 54
1
1118 207
1
1119 202
1
1120 123
1
1121 62
0
1
1122 149
1
1123 120
1
1124 75
1
1125 196
1
1126 130
1
1127 171
0
1
1128 33
1
1129 30
1
1130 145
0
1
1131 200
1
1132 2
1
1133 88
1
1134 94
1
1135 77
1
1136 62
1
1137 137
1
1138 176
1
1139 178
1
1140 104
1
1141 65
1
1142 64
1
1143 103
1
1144 68
1
1145 39
1
1146 22
1
1147 14
0
1
1148 145
1
1149 52
1
1150 195
1
1151 64
1
1152 2
1
1153 193
1
1154 42
1
1155 206
1
1156 118
0
1
1157 45
1
1158 28
1
1159 140
1
1160 141
1
1161 162
1
1162 116
1
1163 142
1
1164 48
1
1165 57
0
1
1166 193
1
1167 7
1
1168 45
0
0
1
1169 15
1
1170 152
1
1171 182
1
1172 133
1
1173 65
1
1174 215
1
1175 98
1
1176 212
1
1177 149
1
1178 19
1
1179 82
1
1180 135
1
1181 211
1
1182 30
1
1183 144
1
1184 69
1
1185 72
1
1186 78
0
1
1187 7
1
1188 42
1
1189 28
1
1190 181
1
1191 129
1
1192 16
1
1193 12
1
1194 143
1
1195 110
1
1196 136
1
1197 116
1
1198 133
1
1199 13
1
1200 196
1
1201 82
1
1202 68
1
1203 139
1
1204 138
1
1205 217
1
1206 188
1
1207 165
1
1208 103
1
1209 81
1
1210 193
1
1211 184
1
1212 70
1
1213 124
1
1214 28
1
1215 105
0
1
1216 27
1
1217 126
1
1218 175
1
1219 126
1
1220 166
1
1221 189
1
1222 60
1
1223 23
0
1
1224 195
1
1225 85
1
1226 149
1
1227 221
1
1228 94
1
1229 174
0
1
1230 191
0
1
1231 21
1
1232 25
0
1
1233 69
1
1234 144
1
1235 52
1
1236 78
1
1237 205
0
1
1238 180
1
1239 154
0
1
1240 149
1
1241 171
1
1242 77
1
1243 218
1
1244 90
1
1245 20
1
1246 206
1
1247 218
1
1248 64
1
1249 212
0
1
1250 193
1
1251 4
1
1252 111
1
1253 114
1
1254 20
1
1255 66
1
1256 130
1
1257 172
1
1258 90
1
1259 192
0
1
1260 183
1
1261 28
1
1262 131
1
1263 34
1
1264 187
1
1265 184
1
1266 29
1
1267 101
1
1268 219
1
1269 80
1
1270 2
1
1271 79
1
1272 62
1
1273 154
1
1274 99
1
1275 171
1
1276 54
1
1277 149
1
1278 175
0
1
1279 22
1
1280 206
0
1
1281 13
1
1282 185
1
1283 63
1
1284 183
1
1285 200
1
1286 140
0
1
1287 182
1
1288 198
1
1289 188
1
1290 21
0
1
1291 183
1
1292 107
1
1293 135
1
1294 83
1
1295 189
1
1296 206
1
1297 103
1
1298 143
1
1299 149
1
1300 208
1
1301 130
1
1302 34
0
0
0
0
1
1303 122
1
1304 95
1
1305 12
1
1306 55
1
1307 91
1
1308 13
1
1309 173
1
1310 208
1
1311 70
1
1312 218
1
1313 114
1
1314 101
0
1
1315 156
1
1316 182
0
1
1317 68
1
1318 44
1
1319 75
1
1320 13
1
1321 23
1
1322 149
0
1
1323 126
1
1324 92
1
1325 52
1
1326 197
1
1327 68
1
1328 135
1
1329 173
1
1330 33
1
1331 141
1
1332 187
1
1333 3
0
0
1
1334 42
1
1335 131
0
1
1336 117
0
0
1
1337 187
1
1338 87
0
1
1339 87
1
1340 207
1
1341 69
1
1342 105
1
1343 65
0
1
1344 166
1
1345 46
1
1346 204
1
1347 152
1
1348 162
1
1349 72
1
1350 112
1
1351 88
1
1352 158
1
1353 94
1
1354 202
1
1355 140
1
1356 143
1
1357 178
1
1358 31
1
1359 208
1
1360 194
1
1361 118
1
1362 53
0
1
1363 74
1
1364 103
1
1365 183
1
1366 146
1
1367 27
1
1368 139
0
1
1369 141
1
1370 47
1
1371 43
1
1372 54
1
1373 111
1
1374 9
1
1375 166
1
1376 164
1
1377 10
1
1378 201
1
1379 14
1
1380 217
1
1381 186
1
1382 70
1
1383 221
1
1384 41
1
1385 118
1
1386 94
1
1387 160
0
1
1388 37
1
1389 199
0
1
1390 128
0
1
1391 170
0
1
1392 54
1
1393 83
1
1394 63
1
1395 66
0
1
1396 203
1
1397 121
1
1398 7
1
1399 67
0
1
1400 149
1
1401 26
1
1402 121
1
1403 206
1
1404 73
1
1405 91
1
1406 119
1
1407 185
1
1408 66
1
1409 206
1
1410 161
1
1411 74
1
1412 79
1
1413 192
1
1414 15
0
1
1415 200
1
1416 86
1
1417 3
1
1418 133
1
1419 151
1
1420 218
0
1
1421 4
1
1422 160
1
1423 107
1
1424 217
1
1425 200
1
1426 33
1
1427 160
1
1428 218
1
1429 221
1
1430 136
1
1431 158
1
1432 15
1
1433 208
0
1
1434 10
1
1435 33
1
1436 193
1
1437 113
1
1438 20
0
0
1
1439 47
1
1440 104
1
1441 41
1
1442 29
1
1443 98
0
1
1444 126
1
1445 63
0
1
1446 74
0
1
1447 11
1
1448 48
1
1449 21
1
1450 32
0
1
1451 35
1
1452 6
1
1453 187
1
1454 156
1
1455 195
1
1456 16
1
1457 65
1
1458 169
1
1459 73
1
1460 136
1
1461 112
1
1462 152
1
1463 72
1
1464 21
0
1
1465 18
1
1466 154
0
1
1467 194
1
1468 17
1
1469 123
1
1470 201
1
1471 101
1
1472 138
1
1473 188
1
1474 198
1
1475 159
1
1476 158
1
1477 114
1
1478 195
1
1479 195
1
1480 220
0
0
1
1481 121
1
1482 115
1
1483 170
1
1484 15
1
1485 100
1
1486 126
1
1487 46
1
1488 64
0
0
1
1489 97
1
1490 35
1
1491 93
1
1492 195
1
1493 14
0
1
1494 47
1
1495 146
1
1496 128
1
1497 15
1
1498 128
0
1
1499 89
1
1500 179
1
1501 150
1
1502 122
1
1503 17
1
1504 214
1
1505 33
1
1506 208
0
1
1507 171
1
1508 133
1
1509 14
1
1510 82
1
1511 183
1
1512 28
1
1513 137
1
1514 159
1
1515 103
1
1516 72
1
1517 96
1
1518 196
1
1519 55
1
1520 96
1
1521 133
1
1522 7
1
1523 18
1
1524 108
1
1525 86
1
1526 190
1
1527 178
1
1528 207
0
1
1529 134
1
1530 131
0
1
1531 172
1
1532 195
0
0
1
1533 122
1
1534 189
1
1535 113
1
1536 217
1
1537 149
1
1538 215
1
1539 144
1
1540 87
1
1541 166
1
1542 156
0
1
1543 138
1
1544 102
1
1545 182
1
1546 64
1
1547 87
1
1548 150
1
1549 15
1
1550 131
1
1551 139
1
1552 70
0
0
1
1553 64
1
1554 188
0
1
1555 4
1
1556 67
1
1557 196
1
1558 155
1
1559 41
1
1560 92
1
1561 130
1
1562 164
0
1
1563 155
1
1564 98
1
1565 70
1
1566 174
1
1567 179
1
1568 206
1
1569 42
1
1570 125
1
1571 60
1
1572 138
1
1573 167
1
1574 134
1
1575 6
0
1
1576 96
0
1
1577 154
1
1578 189
1
1579 106
1
1580 86
1
1581 184
0
1
1582 213
1
1583 214
1
1584 120
1
1585 124
1
1586 210
0
1
1587 122
1
1588 122
1
1589 52
1
1590 101
0
1
1591 116
1
1592 185
1
1593 107
0
1
1594 126
1
1595 14
1
1596 93
1
1597 194
0
1
1598 183
1
1599 100
1
1600 94
0
1
1601 129
0
0
1
1602 218
1
1603 55
0
0
0
0
0
0
0
1
1604 26
1
1605 76
1
1606 178
1
1607 112
1
1608 215
1
1609 124
1
1610 117
1
1611 122
1
1612 187
1
1613 82
1
1614 46
1
1615 117
1
1616 105
1
1617 193
1
1618 122
1
1619 62
0
1
1620 181
1
1621 127
1
1622 46
1
1623 126
1
1624 101
0
1
1625 23
1
1626 211
1
1627 188
1
1628 116
1
1629 73
1
1630 7
1
1631 124
1
1632 209
1
1633 76
1
1634 189
1
1635 68
1
1636 33
1
1637 115
1
1638 110
1
1639 91
1
1640 112
0
1
1641 114
0
1
1642 199
1
1643 195
0
1
1644 198
1
1645 95
1
1646 206
1
1647 81
1
1648 171
1
1649 25
1
1650 199
1
1651 114
0
1
1652 182
1
1653 2
1
1654 193
1
1655 17
1
1656 69
1
1657 184
1
1658 92
1
1659 30
0
1
1660 124
1
1661 216
1
1662 80
1
1663 124
1
1664 213
1
1665 215
1
1666 78
1
1667 115
1
1668 125
1
1669 8
1
1670 48
1
1671 122
1
1672 99
1
1673 98
0
1
1674 164
1
1675 63
1
1676 193
1
1677 202
1
1678 83
1
1679 193
0
1
1680 54
1
1681 20
1
1682 28
1
1683 137
0
1
1684 32
1
1685 110
1
1686 150
1
1687 123
1
1688 214
1
1689 170
1
1690 26
1
1691 218
1
1692 134
1
1693 161
1
1694 86
1
1695 62
1
1696 190
1
1697 204
1
1698 26
1
1699 2
0
0
1
1700 56
1
1701 119
1
1702 130
1
1703 110
1
1704 218
1
1705 187
1
1706 208
1
1707 87
1
1708 143
1
1709 155
1
1710 27
1
1711 52
1
1712 142
1
1713 163
1
1714 126
1
1715 110
1
1716 78
1
1717 192
0
0
1
1718 27
1
1719 158
1
1720 73
1
1721 60
1
1722 150
0
0
1
1723 98
1
1724 12
1
1725 209
1
1726 135
1
1727 124
0
1
1728 156
1
1729 94
1
1730 120
1
1731 36
1
1732 69
0
1
1733 57
0
1
1734 198
1
1735 29
1
1736 130
1
1737 201
1
1738 158
1
1739 42
1
1740 62
1
1741 158
1
1742 202
1
1743 12
1
1744 219
1
1745 147
1
1746 149
1
1747 182
0
1
1748 156
1
1749 98
1
1750 206
1
1751 202
1
1752 201
1
1753 221
1
1754 127
0
1
1755 59
0
0
1
1756 26
1
1757 63
1
1758 219
1
1759 54
0
1
1760 6
1
1761 200
1
1762 46
1
1763 8
1
1764 72
1
1765 29
1
1766 75
0
1
1767 148
1
1768 10
1
1769 110
0
1
1770 209
1
1771 33
1
1772 130
1
1773 213
0
1
1774 67
1
1775 6
1
1776 130
1
1777 221
1
1778 112
1
1779 130
0
1
1780 214
1
1781 16
1
1782 84
1
1783 48
0
1
1784 96
1
1785 21
1
1786 143
1
1787 96
1
1788 47
0
1
1789 24
0
1
1790 76
1
1791 71
0
1
1792 44
1
1793 221
1
1794 178
1
1795 212
1
1796 77
1
1797 91
1
1798 48
1
1799 215
0
1
1800 119
1
1801 101
1
1802 144
1
1803 47
1
1804 198
1
1805 13
1
1806 51
0
0
1
1807 164
1
1808 142
0
1
1809 137
1
1810 97
0
1
1811 214
1
1812 45
1
1813 146
1
1814 23
1
1815 38
1
1816 50
1
1817 203
1
1818 94
1
1819 169
0
1
1820 221
1
1821 149
1
1822 195
1
1823 217
1
1824 91
1
1825 51
1
1826 10
1
1827 141
1
1828 123
0
1
1829 120
1
1830 126
0
1
1831 207
1
1832 178
1
1833 117
1
1834 92
1
1835 109
1
1836 62
1
1837 86
1
1838 214
1
1839 134
1
1840 72
1
1841 68
1
1842 33
1
1843 151
1
1844 179
1
1845 56
1
1846 178
0
1
1847 94
1
1848 98
1
1849 96
1
1850 32
1
1851 105
1
1852 13
0
1
1853 4
1
1854 47
1
1855 157
1
1856 162
1
1857 38
1
1858 123
1
1859 204
1
1860 132
1
1861 169
0
1
1862 26
0
1
1863 208
1
1864 11
1
1865 132
1
1866 73
0
1
1867 29
1
1868 17
0
0
0
1
1869 6
0
1
1870 198
1
1871 169
1
1872 177
0
1
1873 131
0
1
1874 13
1
1875 221
1
1876 148
1
1877 130
1
1878 201
1
1879 161
1
1880 18
1
1881 85
0
1
1882 17
1
1883 166
1
1884 35
1
1885 147
0
0
1
1886 204
1
1887 30
1
1888 52
1
1889 74
1
1890 148
1
1891 120
1
1892 147
0
1
1893 28
1
1894 132
1
1895 112
1
1896 86
1
1897 28
1
1898 116
1
1899 111
1
1900 214
1
1901 69
1
1902 215
1
1903 195
1
1904 86
0
1
1905 45
1
1906 183
1
1907 94
1
1908 99
1
1909 37
1
1910 195
0
1
1911 71
1
1912 161
1
1913 123
1
1914 86
1
1915 158
1
1916 12
1
1917 129
1
1918 14
0
1
1919 194
1
1920 17
1
1921 57
0
0
1
1922 180
1
1923 78
1
1924 201
0
1
1925 90
0
1
1926 106
0
1
1927 119
0
0
1
1928 158
1
1929 81
1
1930 32
1
1931 80
0
0
0
1
1932 16
1
1933 17
1
1934 145
1
1935 149
1
1936 80
1
1937 139
0
1
1938 187
0
1
1939 155
1
1940 28
1
1941 121
1
1942 76
1
1943 164
1
1944 53
1
1945 58
1
1946 103
0
0
1
1947 83
0
1
1948 117
1
1949 30
1
1950 29
0
1
1951 170
0
1
1952 103
0
1
1953 45
1
1954 70
1
1955 172
1
1956 27
1
1957 124
1
1958 23
1
1959 67
1
1960 163
0
1
1961 28
0
0
1
1962 162
1
1963 8
1
1964 196
1
1965 87
0
1
1966 62
1
1967 72
1
1968 57
1
1969 151
0
1
1970 135
1
1971 102
1
1972 178
1
1973 172
1
1974 127
1
1975 148
1
1976 195
0
1
1977 32
1
1978 114
1
1979 138
1
1980 158
1
1981 208
1
1982 170
1
1983 195
1
1984 128
0
1
1985 218
1
1986 67
0
1
1987 54
1
1988 118
0
1
1989 82
1
1990 136
0
1
1991 76
1
1992 52
1
1993 44
0
1
1994 135
1
1995 79
0
1
1996 20
1
1997 211
1
1998 86
0
1
1999 19
1
2000 100
1
2001 131
1
2002 141
1
2003 8
1
2004 44
0
1
2005 187
0
1
2006 85
0
1
2007 126
1
2008 49
1
2009 11
0
1
2010 196
1
2011 152
1
2012 54
1
2013 108
1
2014 145
1
2015 194
1
2016 164
1
2017 69
1
2018 205
1
2019 26
0
1
2020 123
1
2021 30
1
2022 176
1
2023 72
1
2024 99
1
2025 220
0
1
2026 191
1
2027 131
1
2028 132
1
2029 216
1
2030 192
1
2031 9
1
2032 63
1
2033 87
0
1
2034 103
1
2035 151
0
0
1
2036 155
0
1
2037 79
1
2038 16
1
2039 17
1
2040 130
1
2041 203
0
1
2042 124
1
2043 218
1
2044 157
1
2045 5
1
2046 30
0
1
2047 99
1
2048 92
1
2049 94
1
2050 29
1
2051 10
1
2052 90
1
2053 204
1
2054 33
1
2055 96
1
2056 135
1
2057 108
1
2058 135
1
2059 123
0
1
2060 106
1
2061 136
0
1
2062 163
1
2063 131
1
2064 72
1
2065 85
1
2066 160
0
0
1
2067 156
1
2068 73
1
2069 19
0
1
2070 46
0
0
1
2071 18
1
2072 116
1
2073 216
1
2074 107
0
1
2075 103
1
2076 80
1
2077 68
1
2078 186
1
2079 71
1
2080 124
1
2081 64
1
2082 217
1
2083 210
1
2084 99
1
2085 83
1
2086 106
1
2087 157
1
2088 165
1
2089 132
1
2090 110
1
2091 98
0
1
2092 120
1
2093 204
1
2094 33
1
2095 41
1
2096 112
1
2097 146
1
2098 164
0
1
2099 221
1
2100 77
0
1
2101 88
1
2102 160
1
2103 22
1
2104 120
1
2105 191
0
1
2106 203
0
1
2107 124
1
2108 71
0
0
1
2109 209
1
2110 140
0
1
2111 30
0
0
1
2112 219
0
0
1
2113 67
1
2114 104
1
2115 207
1
2116 25
0
1
2117 101
1
2118 205
1
2119 166
1
2120 75
1
2121 214
1
2122 219
1
2123 145
0
0
1
2124 67
1
2125 83
1
2126 108
1
2127 124
0
0
1
2128 40
1
2129 59
1
2130 122
1
2131 15
1
2132 88
1
2133 9
0
1
2134 3
1
2135 24
1
2136 116
1
2137 156
1
2138 94
1
2139 169
1
2140 168
1
2141 77
1
2142 100
1
2143 24
1
2144 165
1
2145 184
1
2146 91
1
2147 33
1
2148 145
1
2149 64
0
1
2150 59
1
2151 135
1
2152 166
1
2153 185
1
2154 100
1
2155 156
0
1
2156 65
1
2157 194
1
2158 149
0
1
2159 178
0
1
2160 181
1
2161 211
1
2162 205
1
2163 204
1
2164 7
0
1
2165 160
0
1
2166 168
1
2167 66
1
2168 8
0
1
2169 201
1
2170 120
0
1
2171 149
1
2172 194
0
1
2173 93
1
2174 151
1
2175 126
1
2176 149
1
2177 194
1
2178 148
0
1
2179 211
0
1
2180 10
0
0
1
2181 221
1
2182 212
1
2183 115
1
2184 196
1
2185 33
1
2186 65
0
1
2187 136
0
1
2188 216
1
2189 172
1
2190 29
1
2191 139
1
2192 77
1
2193 107
0
0
1
2194 122
1
2195 184
1
2196 40
1
2197 207
1
2198 184
1
2199 194
1
2200 156
1
2201 211
1
2202 69
1
2203 2
0
1
2204 181
1
2205 89
1
2206 103
1
2207 184
1
2208 96
1
2209 121
1
2210 72
1
2211 55
1
2212 63
1
2213 77
1
2214 141
0
1
2215 88
1
2216 204
1
2217 177
1
2218 215
1
2219 182
1
2220 89
1
2221 146
1
2222 57
1
2223 149
1
2224 82
0
1
2225 60
1
2226 172
1
2227 25
1
2228 74
1
2229 32
1
2230 7
1
2231 149
1
2232 73
1
2233 21
1
2234 157
1
2235 53
1
2236 212
1
2237 178
1
2238 193
1
2239 76
1
2240 130
1
2241 76
1
2242 23
1
2243 147
1
2244 71
0
1
2245 48
1
2246 171
1
2247 160
1
2248 218
1
2249 164
1
2250 26
0
0
1
2251 155
1
2252 63
0
0
1
2253 80
1
2254 202
1
2255 104
1
2256 28
1
2257 79
1
2258 136
0
1
2259 190
1
2260 34
1
2261 52
1
2262 196
1
2263 30
1
2264 98
1
2265 99
1
2266 170
1
2267 160
0
1
2268 66
0
0
1
2269 9
1
2270 3
1
2271 212
1
2272 143
1
2273 134
1
2274 124
1
2275 54
0
1
2276 29
0
1
2277 177
1
2278 183
0
1
2279 63
1
2280 44
0
1
2281 142
1
2282 160
0
1
2283 189
1
2284 79
0
1
2285 101
1
2286 156
0
1
2287 215
0
1
2288 46
1
2289 143
0
0
1
2290 91
1
2291 97
0
0
1
2292 149
1
2293 118
1
2294 47
1
2295 204
1
2296 169
1
2297 207
1
2298 98
1
2299 5
1
2300 122
1
2301 193
1
2302 21
1
2303 26
1
2304 115
0
1
2305 168
1
2306 194
1
2307 108
1
2308 32
1
2309 167
0
1
2310 207
1
2311 86
1
2312 108
1
2313 33
1
2314 14
1
2315 193
0
1
2316 198
1
2317 84
0
0
1
2318 207
1
2319 116
1
2320 210
1
2321 69
1
2322 141
1
2323 203
1
2324 208
0
1
2325 198
0
1
2326 151
1
2327 100
1
2328 167
0
1
2329 192
1
2330 41
1
2331 131
0
1
2332 111
1
2333 60
0
1
2334 94
1
2335 162
1
2336 138
1
2337 148
1
2338 107
0
0
1
2339 145
1
2340 70
1
2341 156
1
2342 123
1
2343 103
0
0
0
0
1
2344 95
1
2345 59
1
2346 70
1
2347 4
1
2348 202
1
2349 47
0
1
2350 149
1
2351 215
0
0
1
2352 75
1
2353 28
0
1
2354 147
1
2355 72
0
1
2356 128
1
2357 61
0
1
2358 201
1
2359 39
1
2360 130
1
2361 83
1
2362 205
1
2363 59
1
2364 121
1
2365 124
0
1
2366 89
1
2367 79
1
2368 98
1
2369 217
1
2370 176
0
1
2371 118
1
2372 98
0
1
2373 165
1
2374 12
1
2375 207
1
2376 196
1
2377 89
0
0
1
2378 64
1
2379 101
1
2380 153
1
2381 147
1
2382 161
1
2383 217
1
2384 178
1
2385 102
1
2386 220
1
2387 61
1
2388 178
0
1
2389 82
0
1
2390 133
1
2391 177
0
1
2392 175
0
1
2393 130
1
2394 169
1
2395 184
1
2396 46
1
2397 58
1
2398 62
0
0
1
2399 160
1
2400 71
1
2401 26
1
2402 75
1
2403 28
1
2404 154
1
2405 196
0
0
1
2406 129
0
0
0
0
1
2407 87
1
2408 84
1
2409 60
1
2410 17
1
2411 21
1
2412 83
1
2413 98
1
2414 97
0
1
2415 206
1
2416 135
0
1
2417 116
1
2418 141
0
1
2419 31
0
1
2420 102
1
2421 182
1
2422 133
1
2423 71
1
2424 146
0
1
2425 129
1
2426 16
1
2427 20
1
2428 125
1
2429 95
1
2430 195
1
2431 56
0
1
2432 186
1
2433 115
0
1
2434 46
1
2435 67
1
2436 140
1
2437 167
1
2438 126
0
1
2439 164
0
1
2440 72
1
2441 17
1
2442 167
1
2443 14
1
2444 134
1
2445 216
1
2446 211
0
0
1
2447 203
1
2448 64
1
2449 88
0
1
2450 124
1
2451 138
0
1
2452 76
0
1
2453 26
0
0
1
2454 221
0
1
2455 185
1
2456 123
1
2457 7
1
2458 82
1
2459 142
1
2460 101
1
2461 134
1
2462 102
0
1
2463 12
1
2464 28
1
2465 218
1
2466 103
0
1
2467 85
1
2468 98
1
2469 25
1
2470 24
1
2471 110
0
0
1
2472 31
0
1
2473 22
1
2474 136
1
2475 120
1
2476 134
1
2477 77
1
2478 72
1
2479 9
1
2480 65
1
2481 15
1
2482 4
1
2483 94
1
2484 172
0
1
2485 15
1
2486 173
1
2487 93
1
2488 73
0
0
0
1
2489 123
0
1
2490 34
0
1
2491 161
1
2492 52
0
1
2493 110
1
2494 46
1
2495 94
1
2496 201
1
2497 179
1
2498 17
0
1
2499 49
1
2500 170
1
2501 175
0
1
2502 178
1
2503 198
1
2504 165
1
2505 65
1
2506 59
1
2507 3
1
2508 164
1
2509 53
0
1
2510 194
0
0
0
0
0
1
2511 137
1
2512 52
0
1
2513 86
1
2514 148
1
2515 46
1
2516 214
1
2517 193
0
0
1
2518 6
0
0
1
2519 45
1
2520 24
1
2521 166
1
2522 164
1
2523 2
1
2524 222
1
2525 201
1
2526 198
0
1
2527 178
0
0
1
2528 122
1
2529 25
0
0
1
2530 22
1
2531 159
0
0
1
2532 131
1
2533 89
1
2534 216
1
2535 210
1
2536 149
0
1
2537 125
0
1
2538 178
1
2539 41
0
1
2540 189
1
2541 162
1
2542 83
1
2543 97
1
2544 133
1
2545 72
1
2546 51
1
2547 183
0
1
2548 211
1
2549 202
1
2550 33
0
1
2551 117
1
2552 33
0
1
2553 206
1
2554 122
1
2555 100
1
2556 61
1
2557 28
1
2558 70
0
1
2559 26
1
2560 82
1
2561 220
0
1
2562 170
1
2563 80
1
2564 147
1
2565 134
1
2566 72
1
2567 98
1
2568 128
1
2569 145
1
2570 172
0
1
2571 98
0
1
2572 129
1
2573 75
1
2574 178
1
2575 184
0
0
0
1
2576 142
1
2577 100
0
1
2578 100
0
1
2579 115
1
2580 141
0
1
2581 130
1
2582 70
0
1
2583 186
0
0
1
2584 172
1
2585 142
1
2586 60
1
2587 53
1
2588 134
1
2589 2
1
2590 113
0
1
2591 98
0
1
2592 117
1
2593 199
0
1
2594 99
0
1
2595 166
1
2596 114
1
2597 80
1
2598 39
1
2599 44
1
2600 136
0
0
0
0
0
1
2601 97
1
2602 149
1
2603 46
1
2604 136
1
2605 175
1
2606 155
0
1
2607 137
0
1
2608 26
1
2609 188
1
2610 186
1
2611 107
0
0
1
2612 92
1
2613 124
1
2614 121
1
2615 39
1
2616 108
1
2617 60
1
2618 64
0
1
2619 210
1
2620 50
1
2621 214
1
2622 39
1
2623 147
1
2624 22
1
2625 79
1
2626 216
1
2627 39
1
2628 179
0
1
2629 195
1
2630 28
1
2631 164
0
0
1
2632 65
1
2633 80
1
2634 98
0
1
2635 211
0
1
2636 46
1
2637 52
1
2638 7
1
2639 177
1
2640 196
1
2641 217
0
1
2642 33
0
1
2643 167
0
0
0
1
2644 206
1
2645 178
1
2646 126
1
2647 182
1
2648 32
1
2649 199
1
2650 13
1
2651 104
0
0
1
2652 84
1
2653 206
1
2654 24
1
2655 165
0
1
2656 216
1
2657 179
0
0
1
2658 32
1
2659 130
1
2660 126
0
0
1
2661 98
1
2662 106
1
2663 18
0
1
2664 47
1
2665 100
0
0
1
2666 143
1
2667 48
1
2668 14
1
2669 25
0
1
2670 44
1
2671 167
0
0
0
1
2672 161
1
2673 189
1
2674 140
1
2675 178
1
2676 42
1
2677 121
1
2678 31
0
1
2679 74
0
1
2680 164
1
2681 214
1
2682 60
0
0
1
2683 75
1
2684 213
1
2685 146
1
2686 118
1
2687 94
1
2688 221
1
2689 6
1
2690 192
1
2691 140
1
2692 175
1
2693 100
0
1
2694 91
0
0
0
1
2695 24
0
1
2696 33
1
2697 189
0
1
2698 219
1
2699 203
1
2700 199
1
2701 143
1
2702 134
0
0
1
2703 197
1
2704 21
1
2705 177
0
0
1
2706 40
1
2707 111
1
2708 31
0
1
2709 3
1
2710 54
0
1
2711 46
1
2712 210
0
0
1
2713 14
1
2714 41
1
2715 43
1
2716 172
1
2717 90
1
2718 24
1
2719 178
1
2720 53
1
2721 135
1
2722 124
1
2723 27
1
2724 111
1
2725 4
1
2726 51
1
2727 12
0
1
2728 131
0
1
2729 49
1
2730 123
1
2731 52
1
2732 51
1
2733 212
1
2734 99
0
1
2735 143
0
1
2736 9
0
1
2737 68
1
2738 165
1
2739 158
1
2740 220
0
1
2741 73
1
2742 72
0
0
1
2743 91
1
2744 71
1
2745 36
1
2746 148
1
2747 85
1
2748 9
1
2749 207
0
1
2750 159
1
2751 76
1
2752 22
1
2753 78
1
2754 54
1
2755 137
1
2756 40
1
2757 10
1
2758 86
0
1
2759 114
1
2760 117
1
2761 149
1
2762 85
1
2763 127
0
1
2764 73
1
2765 149
1
2766 209
1
2767 141
0
1
2768 53
1
2769 47
0
0
1
2770 203
0
1
2771 26
1
2772 195
1
2773 108
1
2774 218
1
2775 150
0
1
2776 200
0
0
1
2777 93
0
0
0
1
2778 149
0
1
2779 120
0
1
2780 106
1
2781 6
1
2782 60
1
2783 100
0
1
2784 216
1
2785 149
1
2786 161
1
2787 172
1
2788 91
1
2789 183
1
2790 210
1
2791 130
1
2792 78
1
2793 15
1
2794 104
0
1
2795 3
1
2796 108
1
2797 22
1
2798 149
1
2799 69
1
2800 52
1
2801 59
0
1
2802 133
0
1
2803 107
0
0
1
2804 24
1
2805 163
0
1
2806 195
1
2807 117
1
2808 49
1
2809 92
0
1
2810 214
0
1
2811 23
1
2812 45
1
2813 156
1
2814 106
0
0
1
2815 125
0
0
0
1
2816 119
1
2817 178
1
2818 145
1
2819 52
1
2820 80
0
0
1
2821 144
1
2822 61
1
2823 14
1
2824 206
1
2825 19
1
2826 34
1
2827 12
0
1
2828 167
0
1
2829 70
0
1
2830 195
0
0
1
2831 214
0
0
1
2832 117
1
2833 79
0
1
2834 201
0
1
2835 188
1
2836 156
1
2837 12
1
2838 131
1
2839 203
1
2840 80
0
1
2841 180
1
2842 214
1
2843 52
0
0
1
2844 98
1
2845 221
0
1
2846 94
1
2847 56
1
2848 24
0
0
1
2849 52
1
2850 118
0
1
2851 77
1
2852 123
0
0
1
2853 155
1
2854 178
1
2855 196
0
1
2856 61
0
1
2857 72
1
2858 131
0
1
2859 179
0
1
2860 6
1
2861 104
1
2862 47
1
2863 183
1
2864 217
0
1
2865 109
0
1
2866 70
1
2867 129
0
1
2868 112
1
2869 8
1
2870 147
0
1
2871 180
1
2872 196
0
0
1
2873 149
0
1
2874 69
1
2875 94
1
2876 33
0
1
2877 13
1
2878 20
0
0
1
2879 173
1
2880 151
1
2881 199
1
2882 112
0
1
2883 222
0
0
1
2884 167
1
2885 12
1
2886 180
1
2887 114
1
2888 108
1
2889 110
1
2890 213
1
2891 120
0
1
2892 120
0
1
2893 140
0
0
1
2894 126
1
2895 124
1
2896 48
0
1
2897 7
1
2898 32
1
2899 203
0
0
1
2900 185
0
1
2901 166
0
1
2902 43
1
2903 97
1
2904 191
0
1
2905 158
1
2906 213
0
1
2907 68
0
1
2908 10
1
2909 193
1
2910 78
0
0
0
1
2911 71
1
2912 210
1
2913 156
0
0
1
2914 149
0
0
1
2915 156
1
2916 212
0
0
0
0
0
1
2917 61
1
2918 11
1
2919 8
1
2920 121
1
2921 73
1
2922 134
1
2923 76
0
0
1
2924 87
1
2925 202
1
2926 44
0
1
2927 92
0
0
1
2928 93
1
2929 107
0
1
2930 98
1
2931 126
0
1
2932 126
0
1
2933 64
1
2934 171
1
2935 104
0
1
2936 171
0
1
2937 180
0
1
2938 104
1
2939 43
1
2940 12
1
2941 149
1
2942 79
0
1
2943 160
0
1
2944 118
1
2945 197
1
2946 189
1
2947 113
0
1
2948 159
1
2949 8
0
0
0
0
1
2950 7
0
1
2951 38
0
1
2952 30
1
2953 113
1
2954 135
1
2955 109
1
2956 94
0
1
2957 183
1
2958 13
1
2959 84
1
2960 67
0
0
1
2961 58
1
2962 158
1
2963 122
1
2964 189
1
2965 33
1
2966 26
0
1
2967 151
1
2968 8
0
0
1
2969 51
1
2970 180
1
2971 23
1
2972 11
0
1
2973 135
0
1
2974 79
1
2975 180
0
1
2976 155
0
1
2977 15
0
1
2978 134
0
1
2979 26
0
0
1
2980 149
1
2981 175
1
2982 195
1
2983 182
1
2984 116
1
2985 192
1
2986 82
1
2987 5
1
2988 94
1
2989 68
0
1
2990 95
0
0
1
2991 98
1
2992 122
0
1
2993 17
1
2994 212
1
2995 183
1
2996 44
1
2997 198
0
1
2998 98
0
1
2999 112
1
3000 207
0
0
1
3001 185
0
0
1
3002 176
1
3003 52
1
3004 53
1
3005 161
1
3006 220
1
3007 153
0
0
1
3008 147
0
1
3009 208
1
3010 60
0
0
0
0
1
3011 93
0
0
1
3012 13
1
3013 135
1
3014 104
1
3015 98
0
0
1
3016 112
1
3017 47
1
3018 57
1
3019 9
1
3020 115
1
3021 75
1
3022 179
0
0
1
3023 12
1
3024 222
1
3025 54
1
3026 183
1
3027 209
0
1
3028 80
1
3029 11
0
1
3030 175
1
3031 181
1
3032 93
1
3033 62
0
1
3034 183
0
0
1
3035 150
1
3036 66
1
3037 71
1
3038 7
1
3039 65
0
1
3040 186
0
1
3041 170
1
3042 42
1
3043 143
1
3044 190
0
1
3045 15
1
3046 6
0
1
3047 23
1
3048 58
0
1
3049 58
0
1
3050 25
1
3051 107
1
3052 132
0
1
3053 154
1
3054 3
1
3055 34
1
3056 54
1
3057 20
1
3058 213
1
3059 101
0
0
0
1
3060 162
1
3061 8
1
3062 76
1
3063 30
0
1
3064 149
1
3065 143
1
3066 7
1
3067 63
0
0
1
3068 88
1
3069 202
0
1
3070 6
1
3071 11
1
3072 196
1
3073 178
1
3074 24
1
3075 145
1
3076 19
0
0
1
3077 85
0
0
0
0
1
3078 22
0
1
3079 156
0
1
3080 94
0
1
3081 5
0
0
1
3082 7
0
0
1
3083 219
1
3084 189
0
0
1
3085 149
0
1
3086 126
0
1
3087 196
0
0
1
3088 28
1
3089 213
0
1
3090 168
0
1
3091 184
0
1
3092 183
1
3093 192
0
0
1
3094 129
1
3095 10
1
3096 131
1
3097 219
1
3098 154
1
3099 135
1
3100 116
1
3101 125
1
3102 73
1
3103 10
0
0
1
3104 42
1
3105 17
1
3106 160
1
3107 199
0
0
1
3108 192
1
3109 184
1
3110 213
1
3111 155
1
3112 17
0
0
0
1
3113 143
0
0
0
1
3114 30
1
3115 153
0
1
3116 108
1
3117 102
1
3118 14
1
3119 150
0
1
3120 114
1
3121 134
1
3122 17
1
3123 218
0
1
3124 33
1
3125 96
1
3126 222
1
3127 73
1
3128 126
0
0
0
0
1
3129 97
1
3130 122
1
3131 63
1
3132 171
1
3133 130
1
3134 17
1
3135 36
0
0
1
3136 113
0
1
3137 208
0
1
3138 98
1
3139 156
0
0
0
1
3140 159
0
0
0
1
3141 90
0
1
3142 166
1
3143 77
0
0
1
3144 161
0
0
1
3145 6
1
3146 150
0
1
3147 208
0
0
0
1
3148 13
1
3149 98
1
3150 155
1
3151 7
1
3152 214
1
3153 116
0
0
1
3154 74
0
0
1
3155 34
1
3156 23
1
3157 161
0
1
3158 156
1
3159 96
1
3160 92
1
3161 181
0
1
3162 68
0
0
0
1
3163 147
0
0
1
3164 58
0
1
3165 152
0
1
3166 13
0
0
1
3167 217
1
3168 131
1
3169 61
1
3170 85
1
3171 151
1
3172 40
1
3173 103
0
1
3174 204
1
3175 219
0
0
1
3176 35
0
1
3177 183
1
3178 22
1
3179 138
1
3180 57
1
3181 217
0
0
1
3182 183
0
1
3183 96
0
0
0
1
3184 154
0
0
1
3185 185
1
3186 207
0
1
3187 149
1
3188 40
1
3189 221
1
3190 134
0
1
3191 107
1
3192 158
1
3193 116
1
3194 79
0
0
0
0
0
0
1
3195 114
0
1
3196 168
0
0
1
3197 165
1
3198 87
1
3199 95
1
3200 26
1
3201 195
1
3202 152
1
3203 159
1
3204 87
1
3205 75
1
3206 9
1
3207 87
1
3208 15
1
3209 166
1
3210 125
1
3211 218
0
0
1
3212 32
1
3213 85
0
0
1
3214 119
1
3215 90
0
1
3216 134
1
3217 98
0
1
3218 214
0
1
3219 93
0
0
0
1
3220 71
1
3221 87
1
3222 100
0
1
3223 173
0
1
3224 10
1
3225 191
1
3226 11
1
3227 38
0
1
3228 94
0
1
3229 46
1
3230 218
0
1
3231 127
0
0
1
3232 8
1
3233 217
0
0
0
1
3234 214
0
1
3235 140
1
3236 9
0
1
3237 203
0
1
3238 33
1
3239 9
1
3240 36
0
1
3241 215
1
3242 33
0
0
1
3243 147
0
0
1
3244 11
1
3245 130
1
3246 50
0
1
3247 95
1
3248 124
0
0
1
3249 174
1
3250 160
1
3251 103
0
1
3252 32
0
1
3253 47
1
3254 46
0
0
1
3255 163
0
0
1
3256 49
1
3257 205
1
3258 139
1
3259 79
0
0
1
3260 30
1
3261 217
1
3262 62
1
3263 176
1
3264 88
1
3265 39
1
3266 93
0
0
0
0
1
3267 98
0
1
3268 15
1
3269 179
1
3270 141
0
1
3271 56
1
3272 10
1
3273 217
0
0
0
0
1
3274 31
1
3275 89
1
3276 119
0
1
3277 167
0
0
1
3278 53
1
3279 190
1
3280 95
1
3281 222
1
3282 196
0
1
3283 159
0
1
3284 118
1
3285 124
1
3286 128
0
1
3287 2
1
3288 11
1
3289 88
1
3290 180
1
3291 122
1
3292 199
1
3293 202
1
3294 114
0
1
3295 74
1
3296 101
1
3297 97
0
1
3298 170
0
1
3299 211
1
3300 117
1
3301 219
1
3302 38
1
3303 98
1
3304 216
1
3305 80
0
0
1
3306 184
0
1
3307 19
1
3308 4
0
1
3309 160
1
3310 9
1
3311 28
1
3312 137
0
0
0
1
3313 52
1
3314 193
1
3315 141
1
3316 123
1
3317 79
1
3318 169
0
0
0
0
1
3319 148
1
3320 81
1
3321 21
1
3322 165
1
3323 39
0
0
0
1
3324 136
0
0
1
3325 168
0
0
1
3326 135
1
3327 203
1
3328 179
1
3329 33
0
1
3330 29
1
3331 121
1
3332 101
1
3333 115
1
3334 26
1
3335 154
1
3336 92
0
1
3337 220
0
0
0
0
0
0
1
3338 2
1
3339 85
0
0
0
0
1
3340 158
1
3341 110
0
0
1
3342 196
0
1
3343 168
0
1
3344 52
1
3345 192
0
1
3346 111
0
1
3347 208
1
3348 168
0
1
3349 80
0
0
0
1
3350 80
0
1
3351 190
0
1
3352 191
1
3353 112
1
3354 56
1
3355 10
1
3356 96
1
3357 11
1
3358 119
0
0
1
3359 198
0
1
3360 73
0
0
0
1
3361 186
0
1
3362 27
1
3363 43
0
1
3364 211
1
3365 138
1
3366 51
1
3367 19
0
1
3368 147
1
3369 180
1
3370 129
0
0
1
3371 59
1
3372 182
1
3373 52
0
1
3374 99
1
3375 52
0
1
3376 120
1
3377 94
1
3378 180
1
3379 195
1
3380 204
1
3381 28
1
3382 111
1
3383 143
1
3384 147
1
3385 13
1
3386 139
0
0
0
1
3387 37
1
3388 6
0
1
3389 165
1
3390 150
1
3391 214
0
1
3392 71
1
3393 23
1
3394 57
1
3395 195
1
3396 30
1
3397 114
0
1
3398 191
1
3399 89
0
0
0
1
3400 54
1
3401 42
1
3402 32
1
3403 168
1
3404 205
0
1
3405 3
1
3406 13
1
3407 159
1
3408 50
0
0
0
1
3409 80
0
0
1
3410 35
0
0
0
1
3411 164
1
3412 168
0
1
3413 177
0
1
3414 55
0
1
3415 123
1
3416 98
1
3417 196
0
0
1
3418 143
0
0
1
3419 119
0
1
3420 48
1
3421 106
1
3422 190
1
3423 52
0
1
3424 15
1
3425 39
1
3426 128
0
1
3427 194
0
1
3428 89
1
3429 13
0
1
3430 159
0
0
1
3431 216
0
1
3432 164
0
1
3433 197
0
1
3434 11
0
0
1
3435 170
1
3436 184
1
3437 114
0
0
0
0
0
1
3438 47
0
1
3439 88
1
3440 164
1
3441 165
0
0
0
1
3442 22
1
3443 77
0
1
3444 8
1
3445 221
1
3446 93
1
3447 129
0
1
3448 141
0
0
1
3449 208
0
1
3450 85
1
3451 162
1
3452 28
0
0
0
0
1
3453 176
0
1
3454 157
0
0
1
3455 72
1
3456 130
1
3457 103
1
3458 108
0
1
3459 159
1
3460 48
1
3461 174
0
1
3462 61
1
3463 155
1
3464 158
1
3465 221
0
1
3466 216
1
3467 215
1
3468 86
0
0
1
3469 148
1
3470 181
1
3471 50
1
3472 150
1
3473 46
0
0
0
0
1
3474 6
1
3475 209
1
3476 141
0
1
3477 139
1
3478 46
1
3479 102
0
1
3480 45
1
3481 80
1
3482 209
1
3483 22
1
3484 144
1
3485 206
0
0
1
3486 197
1
3487 206
1
3488 19
1
3489 206
1
3490 18
1
3491 73
1
3492 78
1
3493 160
0
0
1
3494 87
1
3495 39
1
3496 211
1
3497 19
1
3498 178
0
1
3499 156
0
0
0
1
3500 59
1
3501 105
1
3502 209
0
0
1
3503 44
0
1
3504 18
0
1
3505 88
1
3506 196
1
3507 71
0
1
3508 129
1
3509 62
0
1
3510 65
0
0
0
1
3511 107
0
0
1
3512 103
1
3513 184
0
0
1
3514 105
0
1
3515 156
0
1
3516 96
1
3517 89
1
3518 42
1
3519 110
0
0
0
1
3520 198
0
0
1
3521 162
0
1
3522 140
1
3523 204
1
3524 178
1
3525 78
1
3526 194
1
3527 193
1
3528 61
1
3529 133
1
3530 143
1
3531 218
1
3532 121
0
1
3533 144
0
0
0
0
0
1
3534 215
1
3535 174
0
1
3536 123
1
3537 17
0
0
1
3538 7
0
1
3539 149
0
0
1
3540 107
1
3541 183
1
3542 82
1
3543 91
0
1
3544 112
0
1
3545 188
1
3546 190
1
3547 67
0
0
0
1
3548 6
1
3549 101
1
3550 42
0
1
3551 134
0
0
1
3552 158
1
3553 119
0
1
3554 216
1
3555 219
1
3556 106
0
1
3557 34
0
1
3558 19
1
3559 181
0
1
3560 133
1
3561 171
1
3562 134
0
0
0
0
0
1
3563 24
0
1
3564 141
1
3565 215
1
3566 175
1
3567 220
0
0
1
3568 123
0
1
3569 202
0
0
0
1
3570 33
1
3571 49
0
1
3572 177
0
0
1
3573 52
0
1
3574 148
1
3575 156
0
0
1
3576 25
0
0
1
3577 138
0
0
1
3578 197
0
0
1
3579 139
0
0
0
1
3580 127
1
3581 45
0
1
3582 50
1
3583 52
0
0
0
0
1
3584 19
0
1
3585 157
1
3586 165
0
0
1
3587 119
1
3588 28
0
0
1
3589 124
0
1
3590 80
1
3591 220
0
0
1
3592 9
0
1
3593 125
1
3594 99
0
0
0
1
3595 216
0
1
3596 144
1
3597 77
0
0
0
1
3598 49
0
1
3599 58
1
3600 131
1
3601 144
0
0
1
3602 174
1
3603 67
1
3604 9
1
3605 207
0
0
0
1
3606 113
1
3607 157
1
3608 52
1
3609 62
0
0
1
3610 186
1
3611 127
0
0
0
0
1
3612 118
0
0
0
0
0
1
3613 43
0
0
0
0
1
3614 170
1
3615 205
1
3616 113
0
1
3617 179
0
1
3618 130
0
1
3619 102
1
3620 51
0
1
3621 200
0
0
0
0
1
3622 195
0
0
1
3623 74
0
1
3624 132
0
1
3625 113
1
3626 55
0
1
3627 19
0
0
0
0
1
3628 13
0
0
0
1
3629 8
1
3630 79
0
0
1
3631 138
0
0
1
3632 17
1
3633 92
1
3634 81
0
0
0
0
0
0
1
3635 131
0
1
3636 125
0
0
0
1
3637 162
1
3638 126
0
1
3639 213
0
0
0
1
3640 115
1
3641 105
0
0
0
0
0
0
0
0
1
3642 52
0
1
3643 12
1
3644 219
0
1
3645 176
1
3646 83
0
1
3647 52
0
0
1
3648 164
0
0
0
0
0
0
0
0
0
1
3649 142
0
1
3650 105
1
3651 189
1
3652 18
0
1
3653 116
0
0
1
3654 124
0
1
3655 11
1
3656 103
0
0
1
3657 169
1
3658 199
0
1
3659 96
1
3660 201
1
3661 184
1
3662 97
0
0
0
0
1
3663 145
1
3664 134
0
0
0
1
3665 152
0
0
0
1
3666 77
0
0
0
1
3667 91
1
3668 206
1
3669 54
0
1
3670 29
0
0
1
3671 140
0
1
3672 142
0
1
3673 206
0
0
0
0
1
3674 164
0
0
1
3675 180
1
3676 163
0
0
1
3677 18
1
3678 106
1
3679 83
0
0
1
3680 192
0
0
1
3681 69
1
3682 45
0
1
3683 24
0
1
3684 119
0
1
3685 211
1
3686 133
0
1
3687 166
0
1
3688 150
1
3689 33
1
3690 183
1
3691 221
1
3692 80
1
3693 182
1
3694 71
1
3695 170
0
0
1
3696 7
0
1
3697 181
1
3698 133
0
1
3699 126
0
1
3700 170
0
1
3701 216
1
3702 201
1
3703 161
0
0
0
0
0
0
1
3704 186
1
3705 37
1
3706 66
1
3707 87
0
0
1
3708 116
1
3709 135
1
3710 64
0
0
1
3711 52
0
1
3712 207
0
0
0
0
1
3713 95
1
3714 107
1
3715 124
1
3716 32
1
3717 81
0
0
0
0
1
3718 217
1
3719 35
0
1
3720 130
1
3721 222
0
0
1
3722 156
1
3723 55
1
3724 64
0
0
1
3725 82
0
1
3726 140
1
3727 48
1
3728 158
0
1
3729 221
0
1
3730 18
1
3731 140
0
0
0
0
0
0
1
3732 155
1
3733 89
0
1
3734 171
0
0
1
3735 117
1
3736 31
0
0
1
3737 82
1
3738 126
0
1
3739 122
0
0
0
1
3740 71
0
0
0
1
3741 11
0
0
0
1
3742 196
0
1
3743 139
1
3744 188
0
1
3745 45
0
1
3746 170
1
3747 117
1
3748 107
0
1
3749 24
0
1
3750 190
0
0
0
1
3751 82
0
1
3752 100
0
0
0
0
0
0
1
3753 212
1
3754 113
0
1
3755 87
1
3756 201
0
0
0
0
1
3757 119
1
3758 65
1
3759 128
1
3760 213
1
3761 218
0
1
3762 28
0
1
3763 28
1
3764 204
0
1
3765 124
0
0
1
3766 112
1
3767 8
1
3768 66
1
3769 103
0
0
0
0
1
3770 134
1
3771 214
1
3772 41
0
1
3773 186
1
3774 55
0
0
0
0
1
3775 5
0
0
0
1
3776 117
0
0
0
0
0
1
3777 106
0
1
3778 170
1
3779 177
0
1
3780 209
1
3781 46
0
0
0
0
0
0
0
1
3782 134
1
3783 40
1
3784 79
0
1
3785 203
1
3786 61
1
3787 53
0
0
1
3788 143
0
0
0
1
3789 57
0
0
0
0
0
1
3790 171
1
3791 180
1
3792 130
1
3793 100
1
3794 151
0
0
0
0
1
3795 205
1
3796 118
1
3797 117
0
0
0
0
1
3798 43
0
0
1
3799 173
0
0
0
0
1
3800 152
1
3801 122
1
3802 51
1
3803 59
1
3804 143
0
0
1
3805 220
1
3806 28
0
0
1
3807 206
0
1
3808 146
0
1
3809 104
0
0
0
1
3810 112
1
3811 64
0
1
3812 118
0
1
3813 15
0
0
1
3814 53
1
3815 188
1
3816 10
1
3817 117
1
3818 167
0
1
3819 19
0
1
3820 162
0
1
3821 195
0
0
0
1
3822 111
1
3823 38
0
1
3824 133
1
3825 90
0
0
0
1
3826 10
0
0
0
1
3827 55
1
3828 23
1
3829 5
0
1
3830 95
1
3831 21
1
3832 200
0
1
3833 201
1
3834 123
1
3835 162
1
3836 86
1
3837 40
1
3838 65
1
3839 156
0
1
3840 49
1
3841 143
1
3842 135
0
1
3843 67
0
0
0
1
3844 170
0
0
1
3845 208
1
3846 35
0
0
0
1
3847 187
1
3848 109
1
3849 166
1
3850 42
1
3851 162
0
0
0
0
0
1
3852 210
0
0
0
0
0
1
3853 142
0
0
1
3854 171
0
0
1
3855 218
0
0
0
1
3856 119
0
0
0
0
0
0
0
1
3857 139
1
3858 184
1
3859 143
0
0
1
3860 145
1
3861 37
1
3862 39
0
0
0
1
3863 20
1
3864 31
1
3865 218
1
3866 155
1
3867 21
0
0
1
3868 131
1
3869 21
1
3870 10
1
3871 79
0
0
1
3872 133
1
3873 84
0
0
0
0
0
0
1
3874 69
1
3875 214
0
1
3876 189
0
1
3877 4
0
1
3878 40
1
3879 71
1
3880 32
0
1
3881 115
0
1
3882 195
0
1
3883 84
1
3884 124
1
3885 29
0
0
1
3886 107
0
0
0
1
3887 12
1
3888 129
1
3889 17
1
3890 134
0
0
0
1
3891 3
1
3892 32
0
0
0
0
0
1
3893 174
0
1
3894 34
0
1
3895 16
0
0
1
3896 69
1
3897 56
1
3898 222
1
3899 35
0
0
1
3900 211
0
1
3901 135
0
0
1
3902 111
0
1
3903 132
1
3904 158
0
0
0
0
1
3905 76
0
1
3906 132
0
0
0
1
3907 65
0
1
3908 152
1
3909 112
1
3910 144
1
3911 52
0
1
3912 70
0
1
3913 46
1
3914 113
0
1
3915 34
1
3916 190
0
0
0
0
0
1
3917 199
1
3918 83
0
0
1
3919 61
0
1
3920 219
0
1
3921 183
1
3922 105
0
0
1
3923 46
1
3924 155
1
3925 16
0
0
1
3926 22
0
1
3927 56
1
3928 37
0
0
0
0
0
0
0
0
0
0
1
3929 60
0
0
0
1
3930 211
0
0
0
0
0
0
0
0
0
1
3931 42
0
0
1
3932 72
1
3933 73
0
0
0
1
3934 141
1
3935 32
1
3936 6
0
0
1
3937 184
0
0
0
1
3938 109
0
0
0
1
3939 196
0
0
1
3940 163
0
0
1
3941 124
0
1
3942 66
0
0
1
3943 8
1
3944 111
1
3945 25
0
0
0
0
1
3946 86
0
0
0
0
1
3947 35
1
3948 62
0
0
1
3949 95
0
0
1
3950 30
0
1
3951 76
0
0
0
0
0
0
1
3952 185
0
0
1
3953 30
1
3954 115
0
1
3955 182
1
3956 63
1
3957 183
0
1
3958 56
0
0
0
0
0
0
0
0
0
1
3959 72
1
3960 183
0
0
0
0
0
0
0
0
1
3961 61
0
1
3962 138
0
1
3963 86
0
1
3964 27
0
1
3965 192
1
3966 57
1
3967 134
1
3968 102
0
1
3969 3
1
3970 95
0
1
3971 63
1
3972 115
0
0
0
1
3973 105
1
3974 44
0
1
3975 41
0
0
1
3976 217
0
0
0
0
0
0
0
0
0
1
3977 163
1
3978 40
1
3979 74
0
0
0
0
0
1
3980 101
0
0
1
3981 175
1
3982 66
0
0
0
0
0
1
3983 75
0
0
0
0
1
3984 152
0
0
0
0
1
3985 4
0
1
3986 86
0
0
1
3987 67
1
3988 71
0
0
0
1
3989 189
0
0
1
3990 130
0
0
0
0
0
1
3991 85
0
0
1
3992 219
1
3993 143
0
1
3994 44
1
3995 68
0
0
0
1
3996 100
0
0
0
1
3997 173
0
1
3998 122
0
0
0
1
3999 117
1
4000 173
0
0
0
0
1
4001 30
0
0
0
0
0
1
4002 44
1
4003 72
1
4004 219
1
4005 206
1
4006 153
1
4007 85
0
1
4008 111
0
0
1
4009 7
1
4010 170
0
1
4011 188
0
0
0
0
1
4012 67
0
0
1
4013 87
1
4014 218
0
0
1
4015 149
1
4016 147
1
4017 212
0
0
0
1
4018 209
0
0
0
0
1
4019 10
0
0
1
4020 162
0
0
1
4021 159
1
4022 96
0
0
0
0
1
4023 38
0
0
1
4024 168
0
0
1
4025 97
0
0
1
4026 80
1
4027 144
0
1
4028 93
1
4029 33
0
0
0
0
0
0
0
1
4030 102
1
4031 28
1
4032 44
0
0
1
4033 219
0
1
4034 195
1
4035 72
0
0
0
0
0
0
0
0
0
1
4036 33
1
4037 72
0
0
0
0
1
4038 22
1
4039 16
0
0
0
1
4040 51
0
0
1
4041 96
1
4042 36
0
0
1
4043 32
1
4044 155
1
4045 148
0
0
0
0
1
4046 184
1
4047 151
0
0
1
4048 177
1
4049 184
0
0
0
0
1
4050 103
0
0
0
0
0
0
0
1
4051 185
0
0
1
4052 49
0
0
0
0
1
4053 197
1
4054 113
0
1
4055 62
0
0
0
0
1
4056 43
0
0
0
0
1
4057 104
0
0
1
4058 113
0
0
0
1
4059 94
0
1
4060 130
1
4061 103
0
1
4062 5
0
0
1
4063 72
0
0
0
1
4064 220
0
1
4065 11
1
4066 68
0
0
0
1
4067 214
0
0
1
4068 140
0
0
0
0
1
4069 211
0
0
1
4070 127
1
4071 107
0
1
4072 204
0
0
0
1
4073 9
0
0
0
0
0
1
4074 11
1
4075 98
0
0
0
0
0
0
0
1
4076 38
0
0
0
1
4077 98
0
1
4078 184
0
0
1
4079 46
0
0
0
0
0
0
1
4080 42
1
4081 184
0
1
4082 37
0
0
0
1
4083 93
0
0
0
0
1
4084 136
0
0
0
1
4085 45
0
1
4086 195
1
4087 183
0
0
0
0
0
1
4088 150
0
1
4089 178
0
0
1
4090 206
1
4091 135
0
0
0
0
1
4092 7
0
0
0
1
4093 52
1
4094 49
0
0
0
1
4095 135
0
0
0
1
4096 72
1
4097 140
1
4098 139
1
4099 109
1
4100 35
0
1
4101 10
1
4102 89
0
0
1
4103 76
1
4104 180
0
0
0
0
0
0
1
4105 184
0
0
1
4106 5
0
0
0
1
4107 123
1
4108 64
1
4109 122
0
0
1
4110 149
1
4111 10
0
0
1
4112 140
1
4113 55
0
0
0
0
0
0
1
4114 131
0
0
0
1
4115 218
0
1
4116 212
1
4117 123
1
4118 99
1
4119 15
0
0
0
1
4120 195
0
0
0
0
0
0
0
0
1
4121 203
0
0
1
4122 151
0
0
1
4123 98
0
0
0
1
4124 128
0
0
1
4125 66
1
4126 34
0
1
4127 170
0
0
0
0
0
0
0
1
4128 139
0
1
4129 83
1
4130 93
0
1
4131 65
0
0
1
4132 153
0
0
0
1
4133 134
0
1
4134 168
0
1
4135 107
0
1
4136 189
0
0
0
0
0
0
0
0
0
0
0
0
1
4137 158
0
0
0
0
0
0
0
0
0
0
1
4138 70
1
4139 84
1
4140 113
1
4141 189
0
1
4142 11
0
1
4143 36
0
1
4144 92
0
0
0
0
0
0
0
0
0
1
4145 107
1
4146 178
0
0
1
4147 104
0
0
0
0
0
0
0
1
4148 5
0
0
1
4149 55
0
1
4150 12
0
0
1
4151 213
0
1
4152 108
0
0
0
0
1
4153 25
0
0
0
1
4154 40
0
1
4155 104
0
0
1
4156 167
0
0
0
1
4157 30
0
1
4158 137
0
0
1
4159 188
0
1
4160 185
0
1
4161 210
0
0
0
1
4162 41
0
0
0
0
1
4163 107
0
0
0
1
4164 168
0
0
0
1
4165 61
1
4166 76
0
1
4167 184
0
1
4168 222
0
0
0
0
0
0
0
1
4169 187
0
0
1
4170 57
1
4171 136
0
0
0
0
1
4172 38
1
4173 141
1
4174 177
1
4175 160
1
4176 17
0
0
1
4177 162
1
4178 138
0
0
1
4179 191
0
0
1
4180 184
0
0
0
1
4181 29
0
0
0
1
4182 14
0
1
4183 108
0
1
4184 171
0
0
0
1
4185 176
0
0
0
0
0
1
4186 172
1
4187 60
1
4188 70
1
4189 100
0
0
1
4190 58
0
1
4191 178
0
0
0
0
0
0
0
0
0
0
0
0
0
1
4192 122
0
1
4193 203
0
0
0
0
0
1
4194 77
0
0
0
0
0
0
1
4195 47
0
0
0
0
0
0
0
0
1
4196 16
1
4197 35
0
1
4198 137
0
0
0
1
4199 32
0
0
0
0
0
0
0
0
0
0
1
4200 119
1
4201 157
0
0
1
4202 88
0
1
4203 13
1
4204 159
0
0
0
0
1
4205 37
1
4206 76
1
4207 151
1
4208 7
0
0
1
4209 97
0
0
0
0
0
1
4210 104
0
0
0
0
1
4211 128
1
4212 4
0
0
1
4213 52
0
1
4214 113
1
4215 77
0
0
1
4216 79
0
0
0
1
4217 58
0
0
0
1
4218 169
0
0
0
0
0
0
0
1
4219 52
0
0
0
0
1
4220 32
1
4221 95
0
1
4222 141
0
1
4223 197
0
1
4224 218
0
0
0
0
1
4225 80
0
0
0
1
4226 14
0
1
4227 91
0
1
4228 58
0
1
4229 134
1
4230 114
1
4231 215
0
0
0
0
1
4232 7
1
4233 171
1
4234 163
0
1
4235 214
0
0
0
0
1
4236 170
0
0
1
4237 167
0
0
0
0
1
4238 46
0
0
0
1
4239 100
0
0
0
0
0
1
4240 79
0
1
4241 148
0
1
4242 40
0
1
4243 2
0
0
0
0
0
0
0
0
0
1
4244 84
1
4245 126
1
4246 134
0
1
4247 136
0
1
4248 142
1
4249 54
0
0
0
0
0
1
4250 130
0
1
4251 2
0
0
0
0
0
0
1
4252 49
1
4253 221
0
0
0
0
0
0
1
4254 102
1
4255 99
0
0
0
1
4256 87
0
1
4257 214
0
1
4258 157
1
4259 131
0
1
4260 156
1
4261 76
1
4262 192
0
0
1
4263 64
0
1
4264 191
0
0
1
4265 144
0
0
0
0
0
0
0
0
0
1
4266 178
0
0
0
0
1
4267 181
0
0
0
1
4268 13
0
0
1
4269 17
0
1
4270 215
1
4271 218
0
0
0
0
0
0
0
1
4272 191
1
4273 201
0
1
4274 103
0
1
4275 53
0
0
1
4276 45
1
4277 90
0
0
0
0
0
0
1
4278 151
0
1
4279 88
0
0
0
0
1
4280 199
1
4281 141
0
1
4282 8
0
0
1
4283 74
1
4284 21
0
0
0
1
4285 103
0
0
0
1
4286 193
0
0
1
4287 214
0
0
1
4288 209
0
0
1
4289 216
0
0
0
1
4290 159
1
4291 213
0
0
0
0
0
0
1
4292 42
1
4293 12
0
0
0
0
0
0
0
1
4294 55
1
4295 40
0
0
0
0
1
4296 190
1
4297 98
1
4298 110
0
1
4299 44
0
0
0
0
1
4300 166
0
0
0
0
0
0
1
4301 193
1
4302 206
0
1
4303 78
0
0
0
1
4304 81
0
0
0
1
4305 34
0
1
4306 21
0
1
4307 105
0
0
1
4308 46
1
4309 183
0
1
4310 189
1
4311 204
0
0
1
4312 158
0
1
4313 15
1
4314 95
0
0
0
0
0
0
0
0
0
0
0
0
0
0
1
4315 136
0
0
0
1
4316 216
0
0
0
0
0
1
4317 41
0
0
0
0
1
4318 115
1
4319 184
1
4320 184
0
0
1
4321 176
1
4322 107
0
0
0
0
0
0
0
0
0
0
1
4323 53
1
4324 165
0
0
0
0
1
4325 173
0
0
0
0
0
0
0
1
4326 120
0
0
1
4327 202
0
0
0
0
0
0
0
0
0
0
0
1
4328 54
0
0
0
1
4329 185
0
1
4330 162
0
0
1
4331 90
0
0
1
4332 149
0
0
1
4333 25
1
4334 159
0
0
0
1
4335 159
1
4336 129
0
0
0
1
4337 67
1
4338 138
0
0
0
0
0
0
0
0
0
0
0
1
4339 146
0
0
0
0
0
0
0
0
0
0
0
0
0
1
4340 75
0
1
4341 4
1
4342 215
0
0
0
0
0
0
0
0
0
0
1
4343 53
0
0
0
1
4344 30
1
4345 176
0
0
0
1
4346 79
1
4347 109
0
0
0
1
4348 116
1
4349 124
1
4350 106
0
0
0
0
1
4351 6
1
4352 13
0
0
0
1
4353 9
0
0
1
4354 187
0
0
0
1
4355 33
0
0
0
0
0
1
4356 57
0
0
0
1
4357 151
1
4358 195
0
0
0
0
1
4359 98
0
0
0
0
0
1
4360 23
0
0
1
4361 72
0
0
0
0
1
4362 10
1
4363 46
0
0
0
0
0
0
0
0
1
4364 92
0
0
1
4365 52
0
1
4366 84
0
0
0
0
1
4367 88
0
0
0
0
0
1
4368 11
0
0
0
0
0
1
4369 183
0
0
1
4370 126
0
0
0
0
0
0
0
0
1
4371 48
0
0
1
4372 73
0
0
0
0
1
4373 121
1
4374 148
0
0
0
0
0
1
4375 140
0
0
1
4376 185
0
0
0
0
1
4377 218
0
0
1
4378 187
0
1
4379 33
0
0
1
4380 23
0
0
0
0
0
0
0
0
0
0
0
0
0
1
4381 63
0
0
1
4382 108
0
0
1
4383 115
0
0
1
4384 17
0
0
0
1
4385 128
0
0
0
1
4386 196
0
0
1
4387 38
1
4388 153
0
0
1
4389 218
1
4390 169
0
0
0
0
1
4391 90
0
1
4392 200
0
0
0
0
1
4393 161
1
4394 73
0
0
0
1
4395 214
0
0
0
0
0
0
0
1
4396 182
0
0
1
4397 101
0
0
0
0
0
0
0
1
4398 187
0
0
0
0
1
4399 61
1
4400 139
0
0
0
0
0
0
0
1
4401 54
0
1
4402 55
1
4403 14
0
0
0
0
0
0
0
0
1
4404 195
1
4405 211
0
0
0
1
4406 31
0
0
0
1
4407 150
0
0
0
0
1
4408 54
0
0
0
0
0
1
4409 48
0
1
4410 108
0
0
0
0
0
0
0
0
0
0
0
0
1
4411 218
0
0
0
0
0
0
0
0
1
4412 23
0
1
4413 204
0
0
1
4414 169
1
4415 204
0
0
0
0
1
4416 108
1
4417 110
0
0
0
1
4418 136
0
0
1
4419 161
0
0
0
0
0
0
0
1
4420 94
0
0
0
0
1
4421 191
0
0
0
1
4422 147
0
0
0
1
4423 183
0
0
0
1
4424 176
0
0
0
1
4425 191
0
0
0
1
4426 46
0
0
1
4427 142
1
4428 154
0
0
0
0
0
0
0
0
1
4429 198
0
0
1
4430 111
0
0
0
1
4431 24
0
0
0
1
4432 137
0
1
4433 133
0
0
0
0
1
4434 71
0
0
0
0
1
4435 208
0
0
1
4436 8
0
1
4437 72
0
0
0
0
0
0
0
0
0
0
0
0
0
0
0
0
0
0
0
0
0
0
0
0
1
4438 205
0
0
0
0
0
1
4439 196
0
0
1
4440 145
0
0
0
0
0
0
1
4441 42
0
0
0
0
0
1
4442 200
0
1
4443 78
0
0
1
4444 214
0
0
0
0
0
0
0
0
0
0
0
0
0
0
0
1
4445 103
0
0
1
4446 194
0
1
4447 55
1
4448 176
1
4449 80
1
4450 3
0
1
4451 51
1
4452 10
0
0
0
0
0
0
0
0
1
4453 31
0
0
0
0
0
0
1
4454 130
0
0
0
1
4455 64
0
1
4456 83
0
0
0
1
4457 156
0
1
4458 21
1
4459 105
0
0
0
0
0
0
0
0
0
0
0
0
0
0
0
0
1
4460 170
1
4461 31
0
0
0
0
0
0
0
1
4462 176
0
0
1
4463 107
0
0
0
0
0
0
0
0
1
4464 38
0
0
1
4465 95
0
0
0
0
0
0
0
0
0
0
0
0
1
4466 140
0
1
4467 72
0
0
0
0
0
0
0
1
4468 44
0
1
4469 119
0
0
0
0
0
0
0
1
4470 198
0
1
4471 43
0
0
1
4472 113
1
4473 88
0
0
0
0
0
0
1
4474 141
0
1
4475 203
0
0
0
1
4476 179
0
0
0
0
0
0
0
0
1
4477 171
0
1
4478 98
0
0
0
0
0
1
4479 52
1
4480 179
0
0
1
4481 134
0
0
0
0
0
0
0
0
0
0
1
4482 170
0
0
0
0
0
0
0
0
0
0
0
0
0
0
0
1
4483 102
0
0
0
0
0
1
4484 98
0
0
1
4485 200
0
0
0
0
0
0
0
0
1
4486 179
1
4487 159
0
0
0
0
0
1
4488 17
0
0
0
0
0
0
0
0
0
0
0
0
0
0
0
0
0
0
0
1
4489 130
1
4490 205
1
4491 57
0
1
4492 135
1
4493 191
1
4494 116
1
4495 26
1
4496 193
0
0
0
0
1
4497 57
0
0
0
0
0
0
1
4498 42
0
0
1
4499 189
0
0
0
0
0
1
4500 47
0
1
4501 30
0
0
0
0
0
0
1
4502 180
0
1
4503 205
1
4504 64
0
0
0
0
0
0
1
4505 190
0
0
0
0
0
0
0
0
0
0
0
0
0
1
4506 98
0
1
4507 220
0
0
0
0
1
4508 162
0
0
0
1
4509 42
0
0
0
0
0
1
4510 185
0
0
0
0
1
4511 42
0
0
0
0
0
0
1
4512 94
0
0
0
0
0
0
0
0
1
4513 79
0
1
4514 89
0
0
1
4515 86
1
4516 26
0
0
0
0
1
4517 136
1
4518 124
0
0
1
4519 120
1
4520 130
0
0
0
0
1
4521 95
1
4522 125
0
1
4523 46
1
4524 26
0
0
0
0
0
0
0
0
0
0
0
0
0
1
4525 98
0
0
0
0
0
0
1
4526 58
0
0
0
0
1
4527 60
0
1
4528 12
1
4529 33
0
0
0
0
1
4530 162
0
0
0
0
0
0
0
0
1
4531 21
1
4532 171
1
4533 134
0
0
0
0
0
1
4534 16
0
1
4535 95
0
1
4536 23
1
4537 119
0
0
0
0
0
0
0
1
4538 184
0
0
0
0
1
4539 28
0
0
0
0
1
4540 4
1
4541 148
0
1
4542 61
0
0
0
0
1
4543 149
0
0
0
1
4544 22
0
0
1
4545 195
0
0
0
0
1
4546 137
0
1
4547 206
0
1
4548 102
1
4549 88
0
0
0
1
4550 117
0
0
0
1
4551 33
0
0
1
4552 88
0
0
0
0
0
0
1
4553 197
0
0
0
1
4554 161
0
0
0
0
0
0
0
0
0
0
0
0
0
0
0
1
4555 154
0
0
0
0
0
1
4556 219
0
1
4557 32
0
1
4558 195
0
1
4559 56
0
0
0
0
0
0
0
0
0
0
1
4560 126
0
1
4561 187
1
4562 103
0
0
0
0
0
0
0
1
4563 53
0
0
0
1
4564 205
0
0
0
1
4565 134
0
0
0
0
0
0
0
0
1
4566 150
0
0
0
0
0
0
0
0
0
0
0
0
0
1
4567 46
0
0
1
4568 111
0
0
0
0
0
0
0
0
0
0
0
0
0
0
0
1
4569 19
0
1
4570 221
0
0
0
0
0
0
0
0
0
0
1
4571 66
0
0
0
1
4572 29
0
0
0
0
0
0
0
0
0
0
0
1
4573 135
0
0
1
4574 100
0
1
4575 17
0
0
0
0
1
4576 194
0
0
0
0
0
0
0
1
4577 21
0
0
0
0
0
1
4578 101
1
4579 14
0
0
0
1
4580 26
0
0
1
4581 119
0
0
1
4582 113
0
0
1
4583 40
0
0
0
1
4584 127
0
0
0
0
0
0
1
4585 74
0
0
1
4586 52
0
0
0
1
4587 31
0
0
0
0
0
0
1
4588 25
0
0
0
0
0
0
1
4589 19
0
1
4590 219
0
0
0
0
0
0
0
0
0
0
0
0
0
0
0
1
4591 183
1
4592 194
0
1
4593 45
0
0
1
4594 162
0
0
1
4595 184
0
0
1
4596 35
0
0
1
4597 22
0
0
0
0
0
1
4598 213
0
1
4599 216
0
0
1
4600 183
0
1
4601 132
0
0
0
1
4602 6
0
0
0
0
1
4603 146
0
0
0
0
1
4604 8
0
0
0
0
0
0
0
0
0
0
0
0
0
0
0
0
0
0
0
0
0
0
0
0
0
0
0
0
0
1
4605 195
0
0
0
1
4606 108
0
0
0
0
0
0
0
0
0
0
0
0
0
0
0
0
0
0
0
0
0
0
0
0
0
0
0
0
0
0
0
0
0
0
0
0
0
0
0
0
1
4607 163
0
0
0
0
0
0
0
1
4608 6
0
0
0
0
0
0
0
1
4609 37
0
0
0
1
4610 178
0
0
0
0
0
0
0
1
4611 211
0
0
1
4612 150
0
0
0
0
0
0
0
0
0
0
0
0
0
0
1
4613 149
0
0
0
0
0
0
0
1
4614 28
1
4615 42
0
0
0
1
4616 89
0
0
0
1
4617 152
0
0
0
0
0
1
4618 91
0
0
1
4619 24
0
0
0
0
0
0
0
0
1
4620 44
0
1
4621 86
0
0
0
1
4622 25
0
0
0
0
0
0
0
0
0
0
0
0
1
4623 217
0
0
0
0
1
4624 15
0
0
0
1
4625 169
0
0
0
0
0
0
0
0
0
0
0
1
4626 165
0
0
0
0
0
0
0
1
4627 138
0
0
1
4628 111
1
4629 80
1
4630 145
0
0
0
1
4631 122
0
0
0
0
0
1
4632 61
0
0
0
1
4633 183
0
0
0
0
0
0
0
0
0
0
0
0
0
0
0
0
0
0
0
0
0
0
0
0
1
4634 130
0
0
0
0
0
0
1
4635 177
0
0
0
0
0
0
0
0
0
1
4636 79
1
4637 177
0
0
1
4638 74
0
0
0
0
0
0
0
0
1
4639 202
0
0
0
0
0
0
0
0
0
0
0
1
4640 61
0
0
0
0
0
0
0
0
0
0
0
0
0
0
0
0
1
4641 165
0
0
0
0
1
4642 70
0
0
0
0
0
0
0
0
0
1
4643 65
0
0
0
0
0
0
0
0
0
1
4644 124
0
0
0
0
0
0
0
0
0
1
4645 165
0
0
0
0
0
1
4646 144
1
4647 203
0
0
0
0
0
0
0
0
0
0
1
4648 14
0
1
4649 14
0
0
0
0
0
0
0
0
1
4650 100
0
0
0
0
0
0
0
0
0
0
0
0
0
0
0
0
1
4651 126
0
0
0
0
0
0
0
0
0
0
0
0
0
0
0
0
0
0
0
0
0
0
0
0
0
0
0
0
0
0
0
0
0
0
0
0
0
1
4652 98
0
0
0
0
0
1
4653 75
0
1
4654 152
0
0
0
0
0
0
0
0
0
0
0
0
0
0
0
0
0
0
0
0
0
0
0
0
0
0
0
0
0
0
0
0
0
0
0
0
0
0
0
0
0
0
0
0
0
0
0
0
1
4655 221
0
0
1
4656 9
1
4657 143
0
0
0
0
0
0
0
0
0
0
0
1
4658 76
0
0
1
4659 178
0
0
0
0
1
4660 59
0
0
0
0
0
0
0
0
0
1
4661 65
0
0
1
4662 206
0
0
0
0
0
0
0
0
0
0
0
0
0
0
0
0
0
0
0
0
0
0
0
0
0
0
0
0
0
0
0
0
0
0
0
0
0
0
0
0
0
0
0
0
0
0
0
0
0
0
0
0
0
0
0
0
0
0
0
0
1
4663 53
0
0
0
0
0
0
0
0
0
0
0
0
0
0
0
0
0
0
0
0
0
1
4664 42
0
0
0
0
0
1
4665 221
0
0
0
0
0
0
0
0
0
0
0
0
0
0
0
0
0
0
0
1
4666 99
0
0
0
0
0
0
0
0
0
0
0
0
1
4667 62
0
0
0
0
0
0
0
0
0
0
0
0
0
0
0
0
0
0
0
0
0
0
0
0
0
0
0
0
0
0
0
0
0
0
1
4668 52
0
0
1
4669 156
0
0
0
0
0
0
0
0
0
1
4670 80
0
0
0
0
0
0
0
0
1
4671 9
0
0
0
0
0
0
0
0
0
0
0
0
0
0
0
0
0
0
0
0
0
0
0
0
0
0
0
0
0
1
4672 219
0
0
0
0
0
0
0
0
0
0
0
0
0
1
4673 18
0
0
0
0
1
4674 160
0
1
4675 98
0
1
4676 205
0
0
0
0
0
0
0
0
0
0
0
0
0
0
0
0
0
0
0
0
0
0
0
0
0
0
1
4677 137
0
0
0
0
0
0
0
0
0
1
4678 158
0
0
0
0
0
0
1
4679 184
0
0
0
0
0
1
4680 20
0
0
0
1
4681 68
0
0
0
0
0
0
0
0
0
0
0
0
0
0
0
0
0
0
0
0
0
0
0
0
0
0
0
0
0
0
0
0
0
0
0
0
0
0
0
0
0
0
0
0
1
4682 91
0
0
0
0
1
4683 150
0
0
0
0
0
0
0
0
0
0
0
0
0
0
0
0
0
0
0
0
0
0
0
0
0
0
0
0
0
0
0
0
0
0
0
0
0
0
0
0
0
0
0
0
0
0
0
1
4684 37
0
0
0
0
0
0
0
0
0
0
0
0
0
0
1
4685 162
0
0
0
0
0
0
0
0
0
0
0
0
0
0
0
0
0
0
0
0
0
0
0
0
0
0
0
0
0
0
0
0
0
0
0
0
0
0
0
0
0
0
0
0
0
0
0
0
0
0
0
0
0
0
0
0
0
0
0
0
0
0
0
0
0
0
0
0
0
0
0
0
0
0
0
0
0
0
0
0
0
0
0
0
0
0
0
0
0
0
0
0
0
0
0
0
0
0
0
0
0
0
0
0
0
0
0
0
0
0
0
0
0
0
0
0
0
0
0
0
0
0
0
0
0
0
0
0
0
0
0
0
0
0
0
0
0
0
0
0
0
0
0
0
0
0
0
0
0
0
0
0
0
0
0
0
0
0
0
0
0
0
0
0
0
0
0
0
0
0
0
0
0
0
0
0
0
0
0
0
0
0
0
0
0
0
0
0
0
0
0
0
0
0
0
0
0
0
0
0
0
0
0
0
0
0
0
0
0
0
0
0
0
0
0
0
0
0
0
0
0
0
0
0
0
0
0
0
0
0
0
0
0
0
0
0
0
0
0
0
0
0
0
0
0
0
0
0
0
0
0
0
0
0
0
0
0
0
0
0
0
0
0
0
0
0
0
0
0
0
0
0
0
0
0
0
0
0
0
0
0
0
0
0
0
0
0
0
0
0
0
0
1
4686 88
0
0
0
0
0
0
0
0
0
0
0
0
0
0
0
0
0
0
0
0
0
0
0
0
0
0
0
0
0
0
0
0
0
0
0
0
0
0
0
0
0
0
0
0
0
0
0
0
0
0
0
0
0
0
0
0
0
0
0
0
0
0
0
0
0
0
0
0
0
0
0
0
0
0
0
0
0
0
0
0
0
0
0
0
0
0
0
0
0
0
0
0
0
0
0
0
0
0
0
0
0
0
0
0
0
0
0
0
0
0
0
0
0
0
0
0
0
0
0
0
0
0
0
0
0
0
0
0
0
0
0
0
0
0
0
0
0
0
0
0
0
0
0
0
0
0
0
0
0
0
0
0
0
0
0
0
0
0
0
0
0
0
0
0
0
0
0
0
0
0
0
0
0
0
0
0
0
0
0
0
0
0
0
0
0
0
0
0
0
0
0
0
0
0
0
0
0
0
0
0
0
0
0
0
0
0
0
0
0
0
0
0
0
0
0
0
0
0
0
0
0
0
0
0
0
0
0
0
0
0
0
0
0
0
0
0
0
0
0
0
0
0
0
0
0
0
0
0
0
0
0
0
0
0
0
0
0
0
0
0
0
0
0
0
0
0
0
0
0
0
0
0
0
0
0
0
0
0
0
0
0
0
0
0
0
0
0
0
0
0
0
0
0
0
0
0
0
0
0
0
0
0
0
0
0
0
0
0
0
0
0
0
0
0
0
0
0
0
0
0
0
0
0
0
0
0
0
0
0
0
0
0
0
0
0
0
0
0
0
0
0
0
0
0
0
0
0
0
0
0
0
0
0
0
0
0
0
0
0
0
0
0
0
0
0
0
0
0
0
0
0
0
0
0
0
0
0
0
0
0
0
0
0
0
0
0
0
0
0
0
0
0
0
0
0
0
0
0
0
0
0
0
0
0
0
0
0
0
0
0
0
0
0
0
0
0
0
0
0
0
0
0
0
0
0
0
0
0
0
0
0
0
0
0
0
0
0
0
0
0
0
0
0
0
0
0
0
0
0
0
0
0
0
0
0
0
0
0
0
0
0
0
0
0
0
0
0
0
0
0
0
0
0
0
0
0
0
0
0
0
0
0
0
0
0
0
0
0
0
0
0
0
0
0
0
0
0
0
0
0
0
0
0
0
0
0
0
0
0
0
0
0
0
0
0
0
0
0
0
0
0
0
0
0
0
0
0
0
0
0
0
0
0
0
0
0
0
0
0
0
0
0
0
0
0
0
0
0
0
0
0
0
0
0
0
0
0
0
0
0
0
0
0
0
0
0
0
0
0
0
0
0
0
0
0
0
0
0
0
0
0
0
0
0
0
0
0
0
0
0
0
0
0
0
0
0
0
0
0
0
0
0
0
0
0
0
0
0
0
0
0
0
0
0
0
0
0
0
0
0
0
0
0
0
0
0
0
0
0
0
0
