381 630
381 238 4
123 2 3
36 323 3
292 149 5
164 71 2
81 374 3
237 54 2
139 166 3
301 175 3
169 177 5
322 286 3
251 96 3
68 125 4
337 121 3
112 228 4
141 309 2
153 253 3
314 250 4
115 279 5
260 232 4
266 177 6
250 287 3
303 58 4
314 205 2
5 208 3
268 289 2
30 130 3
148 303 3
215 213 3
129 117 2
270 312 3
44 181 3
256 32 4
109 290 4
33 19 3
131 282 4
345 144 3
146 323 3
194 358 3
41 34 2
30 35 4
210 129 5
7 159 3
321 361 4
133 341 5
289 297 3
249 47 3
75 12 2
115 218 3
261 244 4
196 13 3
103 377 3
230 56 3
18 14 3
348 39 3
309 158 5
117 240 3
290 336 2
43 151 2
267 110 3
370 4 4
299 362 4
361 376 4
278 59 4
358 357 3
246 171 3
8 10 5
221 98 4
240 212 3
176 62 4
60 199 4
56 106 2
199 162 5
173 257 2
348 329 3
265 252 3
350 303 4
20 276 3
188 122 3
338 182 3
34 380 4
73 271 3
76 171 3
221 20 4
149 45 2
367 330 3
167 298 5
170 147 4
277 156 4
200 146 4
219 56 3
29 170 4
174 211 4
164 37 2
128 265 3
102 13 3
371 148 4
94 188 3
292 288 3
225 21 3
269 255 4
79 160 4
327 25 4
184 237 4
26 356 3
230 306 3
203 239 2
17 172 2
150 25 4
341 233 2
15 63 3
232 75 4
27 109 3
253 96 3
332 227 2
163 14 2
258 342 4
166 78 2
147 136 3
351 264 3
197 226 4
247 70 3
281 211 1
291 208 4
174 71 3
325 214 3
151 133 5
218 302 3
67 20 3
171 262 3
216 372 3
278 275 3
338 145 4
273 110 4
69 82 3
282 250 2
79 343 3
60 190 4
2 238 3
301 31 4
360 363 2
67 313 4
214 285 4
208 24 3
27 191 3
284 320 3
319 15 4
224 117 4
293 43 1
375 311 3
263 371 5
144 367 3
53 108 4
184 65 4
155 85 3
290 73 2
206 320 3
113 364 1
345 280 2
293 142 4
73 336 2
118 185 3
10 270 4
297 339 2
236 212 3
225 7 4
292 269 4
342 376 3
317 140 4
205 165 5
51 157 4
267 124 4
80 186 4
110 354 3
190 300 4
204 340 3
217 367 4
221 81 4
132 348 2
145 1 5
147 220 3
321 342 5
135 244 3
76 322 5
154 242 4
64 318 6
157 112 4
310 318 4
135 101 3
84 192 3
372 92 5
300 57 3
201 325 4
40 113 2
66 226 3
191 61 3
300 168 4
148 104 4
169 25 3
265 256 2
24 135 3
182 3 2
269 245 4
205 282 3
299 140 2
295 318 3
98 210 3
6 248 3
194 195 4
37 33 3
124 317 3
374 343 4
51 329 4
87 49 3
370 12 3
120 96 2
89 360 4
178 369 3
82 352 3
116 275 4
344 272 3
58 173 3
372 253 4
172 104 4
213 80 5
284 360 3
198 159 3
104 366 3
230 219 2
240 129 2
293 8 3
139 77 2
94 145 4
107 143 3
272 185 3
90 186 5
52 142 3
62 247 4
303 373 3
38 124 3
294 161 4
40 364 2
354 273 3
49 9 3
314 53 5
50 130 3
203 265 4
27 298 3
115 150 3
56 15 4
243 234 2
32 363 3
182 193 3
63 308 4
235 54 2
31 276 3
350 366 4
68 276 1
334 202 3
85 332 5
9 87 4
179 229 5
304 142 4
5 135 5
128 331 5
341 319 3
289 204 4
43 8 4
67 207 3
235 237 2
192 114 3
218 279 2
12 260 2
308 189 2
178 353 2
306 304 1
234 34 3
113 50 4
49 247 2
187 73 2
187 336 2
307 161 4
193 380 4
274 145 3
361 102 2
76 109 3
340 268 3
371 373 3
365 283 3
223 38 3
55 237 2
231 127 3
24 180 3
228 269 3
254 31 4
127 328 4
310 88 3
310 141 3
116 239 5
331 59 3
224 111 3
168 198 5
327 220 2
99 177 3
260 138 2
381 123 3
7 89 3
23 356 3
337 272 4
294 42 3
349 126 3
64 88 4
124 216 6
108 368 2
211 320 3
189 341 5
348 185 2
163 327 3
279 242 2
45 19 3
72 120 3
154 105 3
69 3 5
95 174 2
235 214 5
72 251 4
35 47 2
272 132 3
326 218 2
356 315 2
86 196 2
319 308 5
301 22 4
100 264 5
18 46 2
234 346 3
317 38 4
359 316 3
164 33 3
297 257 3
266 232 4
142 151 3
83 29 2
45 121 2
153 353 2
313 210 4
141 295 5
324 38 3
302 207 2
197 379 3
354 42 4
359 192 6
87 70 2
30 91 2
105 280 3
155 286 2
108 296 2
370 311 4
252 156 3
256 206 3
149 288 4
23 262 4
306 52 3
207 326 4
16 217 5
53 122 3
157 82 4
258 134 4
346 97 5
132 185 3
378 4 3
333 194 4
362 287 4
285 201 2
131 165 2
1 94 3
126 200 3
2 217 4
223 324 3
219 106 4
264 379 4
160 159 3
302 326 3
322 298 4
128 203 3
149 11 4
157 3 4
344 118 4
41 39 5
103 307 2
154 137 2
283 379 3
55 365 4
98 81 3
2 144 3
13 376 4
236 54 4
107 204 2
262 26 4
283 351 1
9 70 2
105 254 3
312 52 2
234 41 2
277 58 3
19 337 3
352 255 2
129 212 2
39 329 2
180 86 3
370 305 3
125 22 4
118 116 4
164 344 4
191 167 4
165 362 4
197 351 3
251 97 3
115 99 5
363 284 2
309 355 2
69 127 3
281 95 3
243 278 4
178 153 2
239 128 4
264 93 4
241 170 5
300 198 3
55 11 3
224 93 3
217 202 3
74 302 4
104 17 2
213 378 3
184 11 4
28 32 4
190 89 4
64 183 2
66 197 5
10 181 3
58 350 3
231 209 3
258 13 4
50 155 4
281 48 4
126 261 2
91 130 2
37 71 3
93 197 3
71 66 5
268 107 3
236 65 3
311 305 4
222 189 3
375 212 5
144 175 2
349 334 4
243 41 2
241 136 6
373 28 4
62 227 3
111 81 3
378 215 4
238 345 4
339 366 3
74 242 4
51 182 3
363 206 3
357 173 4
271 263 3
4 260 4
324 229 2
158 352 3
23 86 3
46 119 2
176 227 4
310 355 3
223 152 4
241 83 3
123 16 3
85 176 3
313 347 3
137 105 4
296 6 3
184 55 4
333 103 3
288 45 3
267 354 2
244 101 4
337 112 4
26 187 4
378 138 3
163 150 3
78 83 2
131 287 3
176 332 3
249 40 5
216 294 4
209 295 3
226 21 2
380 248 3
291 84 4
215 90 3
274 231 4
349 202 2
143 257 3
199 263 3
66 37 3
172 191 4
143 340 1
35 91 2
339 350 2
146 168 3
160 225 4
201 186 2
97 314 4
188 6 5
127 274 2
369 353 2
21 111 4
236 375 3
232 99 3
321 47 5
95 211 3
338 274 2
340 357 1
166 381 4
286 130 3
133 88 4
61 27 3
74 125 4
210 117 3
65 100 2
68 74 3
284 89 2
266 138 3
194 161 4
75 347 4
12 311 2
246 196 3
209 328 4
233 183 3
330 175 2
57 60 4
248 108 3
84 114 3
268 204 2
77 29 4
360 162 3
277 257 4
285 186 4
323 330 4
134 359 5
315 335 4
231 1 3
42 110 3
181 312 4
17 271 3
289 87 3
14 119 3
305 375 4
249 30 3
347 207 2
146 79 4
245 255 3
111 226 4
223 229 2
78 139 3
332 167 3
183 133 4
120 140 3
92 369 4
90 106 4
270 44 1
334 291 3
193 6 3
374 221 3
335 244 3
358 333 3
334 126 3
343 36 4
92 307 4
358 195 3
249 35 4
102 246 4
22 254 2
292 245 3
280 137 3
80 325 2
296 368 2
316 202 4
195 273 3
380 368 3
121 228 2
8 355 4
179 152 3
61 109 3
101 335 2
72 299 5
328 158 3
52 44 3
77 78 4
134 114 5
28 252 4
48 7 4
48 21 3
365 100 3
32 162 3
63 304 5
377 259 5
200 261 3
57 315 3
4 138 3
377 156 3
289 9 2
16 316 4
262 196 2
259 59 2
5 180 1
119 18 3
121 288 3
233 222 2
296 122 5
36 301 4
46 220 4
152 324 4
143 357 2
259 331 3
293 151 3
10000
0
0
0
0
0
0
0
0
0
0
0
0
0
0
0
0
0
0
0
0
0
0
0
0
0
0
0
0
0
0
0
0
0
0
0
0
0
0
0
0
0
0
0
0
0
0
0
0
0
0
0
0
0
0
0
0
0
0
0
0
0
0
0
0
0
0
0
0
0
0
0
0
0
0
0
0
0
0
0
0
0
0
0
0
0
0
0
0
0
0
0
0
0
0
0
1
1 74
0
0
0
0
0
0
0
0
0
0
0
0
0
0
0
0
0
0
0
0
0
0
0
0
0
0
0
0
0
0
0
0
0
0
0
0
0
0
0
0
0
0
0
0
0
0
0
0
0
0
0
0
0
0
0
0
0
0
0
1
2 244
0
0
0
0
0
0
0
0
0
0
0
0
0
0
0
0
0
0
0
0
0
0
0
0
0
0
0
0
0
0
0
0
1
3 42
0
1
4 265
0
0
0
0
0
0
0
0
0
0
0
0
0
0
0
0
0
0
0
0
0
0
0
0
0
0
0
0
0
0
0
0
0
0
0
0
0
0
0
0
0
0
0
0
0
0
0
0
0
0
0
0
0
0
0
0
0
0
0
0
0
0
0
0
0
0
0
0
0
0
0
0
0
0
0
0
1
5 358
0
0
0
0
0
0
0
0
0
0
0
0
0
0
0
0
0
0
0
0
0
0
0
0
0
1
6 147
0
0
0
0
0
0
0
0
0
0
0
0
0
0
0
0
0
0
0
0
0
0
0
0
0
0
0
0
0
0
0
0
0
0
0
0
0
0
0
0
0
0
1
7 123
0
1
8 268
0
0
0
0
0
0
0
0
0
0
0
0
0
0
0
0
0
0
0
0
0
0
0
0
0
0
0
0
0
0
0
0
0
0
0
0
0
0
0
0
0
0
0
0
0
0
0
0
0
0
0
0
0
0
0
0
0
0
0
0
0
0
0
0
0
0
0
0
0
0
0
0
0
0
0
0
0
0
0
0
0
0
0
0
0
0
0
0
0
0
0
0
0
0
0
0
0
0
1
9 342
0
0
0
0
0
0
0
0
0
0
0
0
0
0
0
0
0
0
0
0
0
0
0
0
1
10 61
0
0
0
0
0
0
0
0
0
0
0
0
0
0
1
11 272
0
0
0
0
0
0
0
0
0
0
0
0
0
0
0
0
0
1
12 295
0
0
0
0
0
1
13 273
0
0
0
0
0
0
0
0
0
1
14 302
0
0
0
0
0
0
0
1
15 286
0
0
0
0
0
0
0
1
16 51
0
0
0
0
0
1
17 294
0
0
0
0
1
18 182
0
0
0
0
0
1
19 249
0
0
1
20 345
0
0
0
0
0
0
0
0
0
0
0
0
0
0
0
0
0
0
0
0
0
0
0
0
0
0
0
0
0
0
0
0
0
0
0
0
0
0
0
1
21 188
0
1
22 101
0
0
0
0
0
0
0
1
23 116
0
0
0
0
0
0
1
24 160
0
0
0
0
0
0
0
0
1
25 74
1
26 291
0
0
0
0
0
0
0
0
0
0
0
0
0
0
0
0
0
0
0
1
27 247
0
0
0
0
0
0
0
0
0
0
0
0
0
0
0
0
0
0
0
0
0
0
0
0
0
0
0
0
0
0
0
0
0
0
0
0
0
0
0
0
0
0
0
0
1
28 264
0
0
0
0
0
0
0
0
0
0
0
0
0
0
0
0
1
29 300
1
30 42
0
0
0
0
0
0
1
31 180
0
0
0
0
0
0
0
0
1
32 361
0
1
33 223
0
0
0
0
0
0
0
0
0
0
0
0
0
0
0
0
0
0
1
34 78
0
0
0
0
0
0
0
0
0
0
0
1
35 265
0
0
0
0
0
0
1
36 358
0
0
0
0
0
0
0
0
0
0
0
0
0
0
1
37 256
0
0
0
0
0
0
0
0
0
0
0
0
0
0
0
1
38 343
0
0
0
0
0
0
0
0
0
0
0
0
0
0
0
0
0
0
0
0
0
0
0
0
0
0
0
1
39 331
1
40 95
0
0
0
0
1
41 336
0
0
0
0
0
0
0
0
0
0
0
0
0
0
0
0
0
0
0
0
0
1
42 252
0
1
43 109
0
0
0
0
0
0
0
0
0
0
0
0
1
44 381
0
0
0
0
1
45 50
0
0
0
0
0
0
0
0
0
1
46 236
0
0
1
47 121
0
0
0
0
0
0
0
0
0
0
0
0
0
0
0
0
0
0
0
0
0
0
0
0
0
0
0
0
0
0
0
0
1
48 28
0
0
0
0
0
0
0
1
49 114
0
0
0
1
50 301
0
0
0
0
0
0
0
0
0
1
51 332
0
0
1
52 54
0
0
1
53 276
0
0
0
0
0
1
54 371
0
0
0
0
1
55 132
0
0
0
0
0
0
0
0
0
0
0
1
56 273
0
0
0
0
0
0
0
0
0
0
0
0
0
0
0
0
1
57 105
0
1
58 61
0
0
0
1
59 259
0
0
0
1
60 144
0
0
0
0
0
0
0
0
0
1
61 140
0
0
0
0
0
1
62 122
0
0
0
0
0
0
0
1
63 346
0
0
0
0
0
0
0
0
0
0
0
0
0
0
1
64 360
1
65 142
0
0
0
0
0
0
0
0
0
0
0
0
0
0
1
66 374
0
0
0
0
1
67 185
0
0
0
0
0
0
0
0
0
0
1
68 380
0
0
0
0
0
0
0
0
1
69 342
0
0
0
0
0
0
1
70 213
0
0
0
0
0
1
71 45
0
0
0
0
0
1
72 195
0
0
0
0
1
73 124
0
0
0
0
0
0
1
74 216
0
0
0
0
0
0
1
75 239
0
0
0
1
76 284
0
0
0
1
77 28
0
0
0
0
0
0
0
0
1
78 240
1
79 369
0
0
0
0
0
0
1
80 313
1
81 324
0
0
0
0
0
0
1
82 107
0
0
0
0
0
0
0
0
0
0
1
83 102
0
0
0
0
0
0
0
0
0
0
0
0
0
0
0
0
0
0
1
84 236
0
0
0
0
0
0
1
85 301
0
0
0
1
86 199
1
87 3
1
88 305
0
1
89 336
0
0
0
1
90 318
0
0
1
91 132
0
0
0
1
92 195
0
0
0
1
93 138
0
0
0
0
1
94 83
0
1
95 83
0
0
0
0
1
96 127
0
1
97 93
0
0
0
0
1
98 379
0
0
0
0
0
0
0
1
99 108
0
0
0
0
0
1
100 237
0
0
0
0
0
0
0
1
101 381
0
0
0
0
0
0
0
0
0
0
1
102 267
0
0
0
0
0
0
0
0
0
0
0
0
0
1
103 128
0
0
0
0
0
0
0
0
0
0
0
0
0
1
104 346
0
0
0
0
0
0
0
1
105 187
0
0
0
0
1
106 39
0
0
0
0
0
0
0
0
1
107 175
0
0
0
1
108 227
0
0
0
0
0
0
0
0
0
0
0
0
0
0
1
109 139
0
0
0
0
0
0
0
0
0
1
110 182
0
0
0
0
1
111 231
0
0
0
0
0
1
112 302
0
0
0
0
0
1
113 186
0
0
0
0
0
0
0
0
0
0
1
114 166
0
0
0
0
0
0
0
0
1
115 349
0
0
0
1
116 241
0
0
0
0
0
0
0
0
0
1
117 268
0
0
0
1
118 342
0
0
0
0
0
0
0
0
1
119 302
1
120 19
0
0
0
0
0
0
0
0
0
1
121 280
0
1
122 252
0
0
0
0
0
0
0
1
123 112
0
0
0
0
1
124 365
1
125 127
1
126 334
0
1
127 333
0
1
128 314
0
1
129 134
0
0
0
1
130 286
0
0
1
131 344
0
0
0
0
0
1
132 172
0
0
0
0
1
133 82
0
0
0
1
134 298
0
0
0
0
0
0
0
0
0
0
0
0
0
0
0
0
0
0
0
1
135 77
0
0
0
0
0
0
0
0
0
0
0
0
0
0
0
1
136 19
0
0
0
1
137 355
1
138 220
0
0
0
0
1
139 278
0
0
1
140 96
0
0
0
0
0
1
141 158
0
0
0
0
0
1
142 377
0
0
0
0
0
0
0
0
0
0
0
0
0
0
0
0
1
143 280
0
0
0
1
144 347
1
145 380
1
146 271
0
0
0
0
0
0
0
0
0
0
0
0
0
0
0
1
147 54
1
148 375
0
0
1
149 336
0
0
0
1
150 80
0
0
0
0
0
1
151 90
0
0
1
152 347
1
153 228
1
154 259
0
1
155 206
0
0
1
156 277
0
0
0
1
157 186
0
0
0
0
0
0
0
0
1
158 88
1
159 346
0
1
160 77
0
0
0
0
0
0
0
1
161 115
1
162 165
0
0
0
0
0
0
1
163 149
1
164 253
0
0
1
165 185
0
0
0
0
0
0
1
166 275
1
167 335
0
0
0
1
168 238
0
0
1
169 247
1
170 76
0
0
0
0
0
0
0
0
0
0
0
0
0
0
1
171 329
0
1
172 164
0
0
0
0
1
173 202
0
0
0
1
174 44
0
0
0
0
1
175 150
0
1
176 270
0
0
1
177 157
0
0
1
178 377
0
0
0
0
0
1
179 198
0
0
0
0
1
180 355
0
0
0
1
181 334
0
0
0
1
182 379
0
0
0
1
183 101
0
0
0
0
0
0
0
0
1
184 321
0
0
0
1
185 278
0
1
186 171
0
0
0
0
0
0
1
187 308
1
188 121
0
0
1
189 260
0
0
1
190 216
0
0
0
0
0
0
0
0
0
1
191 139
0
0
1
192 232
0
1
193 203
0
0
1
194 363
1
195 126
0
0
0
1
196 313
0
0
0
0
0
0
0
1
197 122
0
0
0
0
0
1
198 128
0
0
0
0
0
0
0
0
0
0
0
0
0
0
0
0
1
199 65
1
200 221
0
0
0
0
0
0
0
0
0
0
0
0
0
0
0
0
0
0
0
0
0
0
1
201 370
0
0
0
0
0
0
0
0
1
202 52
0
0
0
0
1
203 176
0
0
0
0
0
0
0
1
204 259
1
205 371
0
0
0
0
0
0
1
206 294
1
207 27
1
208 24
0
0
0
0
0
0
0
0
0
0
0
1
209 81
0
1
210 309
0
0
0
1
211 61
0
0
0
1
212 197
1
213 159
0
1
214 335
1
215 47
0
0
0
0
0
0
1
216 176
0
0
0
0
0
0
1
217 320
1
218 129
1
219 261
0
0
1
220 190
0
0
0
0
0
0
1
221 234
0
0
0
0
0
0
0
0
0
1
222 285
0
0
0
0
0
0
0
0
0
0
0
0
0
0
0
0
0
0
1
223 248
0
0
0
0
0
0
0
0
0
0
0
0
0
0
0
0
0
0
1
224 136
0
0
0
0
0
0
0
0
1
225 278
0
0
0
0
1
226 310
0
0
0
1
227 64
0
1
228 371
0
1
229 72
1
230 163
0
0
0
0
0
0
0
0
0
0
0
1
231 169
0
1
232 133
1
233 268
1
234 231
0
0
0
1
235 306
0
1
236 263
0
0
0
0
0
0
0
0
0
0
0
0
0
1
237 311
0
0
1
238 78
0
1
239 327
0
0
0
0
0
1
240 226
0
0
1
241 342
0
0
0
0
0
0
0
1
242 185
0
1
243 256
0
1
244 134
1
245 93
1
246 172
0
0
0
1
247 159
0
0
0
0
1
248 340
0
0
0
0
0
1
249 176
0
1
250 344
0
0
1
251 249
0
0
0
1
252 70
1
253 275
0
0
0
0
0
0
0
1
254 168
0
1
255 166
0
0
0
0
1
256 355
0
0
1
257 158
0
1
258 120
0
0
0
0
1
259 255
1
260 139
0
0
0
0
0
0
0
0
1
261 199
0
0
0
0
0
1
262 343
0
1
263 204
1
264 126
0
0
0
0
0
0
0
0
0
1
265 158
0
0
0
1
266 29
0
0
1
267 226
0
1
268 8
0
1
269 178
0
0
0
0
0
0
0
0
0
0
1
270 341
0
0
0
0
1
271 321
0
0
0
0
0
0
0
0
0
0
0
0
1
272 131
0
0
1
273 95
0
0
0
0
0
0
1
274 83
1
275 5
0
0
0
0
0
0
0
1
276 7
0
0
0
0
0
0
0
1
277 190
0
1
278 21
1
279 290
0
0
1
280 48
0
1
281 285
0
1
282 233
0
0
0
0
0
1
283 313
0
0
1
284 117
1
285 198
0
0
0
0
1
286 307
0
0
1
287 71
0
0
0
0
0
0
0
1
288 376
0
0
0
0
0
0
0
1
289 63
0
0
0
0
0
0
0
0
1
290 7
1
291 145
0
0
0
1
292 308
0
1
293 242
0
1
294 296
0
0
0
1
295 94
0
1
296 318
0
0
0
0
1
297 55
0
0
0
1
298 158
0
0
0
0
0
0
0
0
0
1
299 246
1
300 281
0
1
301 188
0
0
0
0
0
1
302 230
1
303 7
0
0
0
0
0
0
0
1
304 200
0
0
0
0
0
0
0
0
0
0
0
0
0
1
305 93
0
1
306 219
0
0
1
307 363
1
308 6
0
1
309 369
0
0
0
1
310 11
0
1
311 336
0
0
0
0
1
312 106
1
313 119
0
0
0
0
0
0
0
0
1
314 8
0
0
0
0
1
315 69
0
0
1
316 124
1
317 11
0
1
318 357
0
1
319 132
1
320 328
1
321 74
0
0
0
0
0
0
1
322 67
0
0
1
323 220
1
324 87
0
1
325 261
1
326 83
0
1
327 252
1
328 176
0
0
0
0
0
0
1
329 42
0
0
0
0
0
0
0
0
0
1
330 235
0
0
1
331 215
1
332 111
0
0
0
0
0
0
1
333 211
0
0
1
334 236
0
1
335 26
1
336 310
0
0
1
337 158
1
338 317
1
339 29
0
0
0
0
1
340 163
1
341 150
0
0
0
0
1
342 64
1
343 276
0
0
0
1
344 294
0
1
345 71
0
0
0
0
0
1
346 105
0
1
347 131
0
1
348 191
0
0
1
349 288
0
0
1
350 281
0
1
351 33
1
352 208
0
0
1
353 312
0
0
0
0
0
0
1
354 245
0
1
355 237
1
356 48
0
0
0
0
0
1
357 117
0
0
0
0
0
0
1
358 159
0
0
0
0
0
1
359 325
1
360 8
0
0
0
0
1
361 7
0
1
362 64
0
0
1
363 51
0
1
364 154
1
365 237
1
366 340
0
1
367 131
0
1
368 278
1
369 89
1
370 325
0
0
1
371 284
1
372 143
1
373 169
0
0
1
374 99
1
375 329
0
0
0
1
376 186
1
377 137
1
378 137
1
379 222
0
0
0
0
0
0
0
0
0
0
0
0
0
1
380 92
1
381 224
0
0
0
0
0
0
0
0
1
382 192
1
383 347
0
1
384 7
0
0
0
0
0
0
1
385 225
0
0
0
1
386 340
0
0
0
0
1
387 52
1
388 128
1
389 23
0
0
0
0
0
1
390 366
0
1
391 163
0
0
0
0
0
0
0
1
392 346
1
393 299
0
0
1
394 363
0
0
0
0
0
0
0
0
1
395 176
0
0
0
0
1
396 133
0
1
397 155
1
398 138
1
399 62
1
400 30
0
0
1
401 226
0
0
0
0
0
0
1
402 25
0
1
403 374
0
1
404 77
0
1
405 343
0
0
0
0
0
1
406 358
1
407 247
0
0
1
408 112
1
409 343
0
1
410 273
1
411 251
0
0
0
1
412 162
0
1
413 281
0
0
1
414 171
0
1
415 241
0
1
416 24
1
417 343
0
0
1
418 128
1
419 371
0
0
0
0
0
0
1
420 19
0
0
1
421 109
0
1
422 306
1
423 173
0
1
424 275
0
0
0
0
0
0
0
0
1
425 180
0
1
426 208
0
1
427 143
1
428 150
0
0
0
0
0
0
1
429 149
0
1
430 373
1
431 177
1
432 216
1
433 142
0
0
1
434 299
0
1
435 358
0
0
0
0
1
436 95
1
437 101
0
0
1
438 62
0
1
439 137
0
0
0
0
0
0
0
0
0
1
440 256
1
441 48
0
0
0
0
0
1
442 308
1
443 29
0
0
0
0
0
0
0
0
0
0
1
444 358
0
0
0
0
1
445 231
0
0
1
446 346
0
0
1
447 295
1
448 7
1
449 211
0
1
450 156
0
1
451 272
0
1
452 71
1
453 241
0
0
0
0
1
454 141
0
1
455 162
0
1
456 132
1
457 79
0
1
458 142
1
459 156
0
1
460 318
0
1
461 226
0
0
0
0
0
0
1
462 255
0
0
1
463 128
1
464 41
0
0
0
0
0
0
0
0
0
0
1
465 174
1
466 64
0
0
1
467 269
0
0
0
0
1
468 5
0
1
469 7
1
470 84
1
471 265
0
0
0
0
0
0
0
0
1
472 225
1
473 42
1
474 65
0
1
475 93
0
0
1
476 346
0
0
0
1
477 322
0
1
478 126
0
0
0
0
0
0
1
479 336
0
0
0
0
0
1
480 78
0
0
1
481 307
1
482 313
0
1
483 252
1
484 276
1
485 44
0
0
1
486 104
1
487 245
0
0
0
0
0
0
0
0
0
0
1
488 371
1
489 248
1
490 327
0
0
0
0
1
491 155
0
1
492 226
0
0
1
493 27
1
494 124
0
0
1
495 320
0
1
496 32
0
1
497 182
0
0
0
0
0
1
498 252
1
499 85
1
500 177
1
501 187
0
1
502 151
1
503 148
0
0
0
1
504 74
1
505 281
0
0
0
0
1
506 220
0
0
0
0
0
1
507 60
0
0
1
508 300
0
1
509 162
0
0
1
510 29
0
1
511 32
0
1
512 86
0
1
513 148
1
514 164
1
515 81
1
516 40
0
0
0
0
1
517 23
1
518 280
0
1
519 283
0
0
0
1
520 74
0
0
0
0
0
0
0
0
0
1
521 238
0
1
522 350
0
1
523 145
1
524 305
0
1
525 131
1
526 88
0
0
1
527 57
0
1
528 108
0
0
0
0
1
529 119
0
0
1
530 238
0
0
0
1
531 19
0
0
0
1
532 226
1
533 159
0
0
0
0
0
0
1
534 110
1
535 92
1
536 279
0
1
537 47
1
538 30
0
0
0
0
0
0
0
0
1
539 107
1
540 224
0
1
541 127
0
1
542 300
0
0
1
543 221
1
544 117
0
0
1
545 114
0
1
546 197
0
0
0
1
547 308
0
1
548 159
0
0
0
0
1
549 116
0
0
1
550 147
0
1
551 256
0
1
552 51
0
0
0
0
1
553 148
1
554 89
0
0
0
0
0
0
0
0
1
555 19
0
0
1
556 145
0
0
1
557 229
0
0
0
1
558 153
1
559 260
0
0
0
0
0
0
1
560 341
0
0
0
1
561 230
1
562 139
1
563 156
1
564 132
0
1
565 192
1
566 17
0
0
1
567 90
1
568 361
0
0
1
569 228
0
1
570 260
0
0
1
571 126
0
0
0
1
572 367
0
0
1
573 35
0
1
574 243
1
575 299
1
576 85
1
577 23
0
1
578 211
1
579 284
0
0
1
580 103
0
0
0
0
0
0
0
1
581 316
1
582 31
0
0
0
0
0
0
0
1
583 38
1
584 325
1
585 95
0
0
1
586 10
1
587 272
1
588 304
1
589 346
0
0
0
0
0
1
590 66
1
591 15
0
1
592 186
0
0
1
593 160
0
1
594 201
0
0
1
595 322
1
596 189
1
597 192
1
598 344
0
1
599 302
0
1
600 99
0
0
0
0
1
601 174
0
0
1
602 211
1
603 336
1
604 185
0
1
605 308
0
0
1
606 163
1
607 344
0
0
0
0
0
0
1
608 79
0
0
0
0
1
609 366
1
610 183
0
0
0
0
0
0
0
0
0
0
0
0
0
1
611 279
1
612 341
0
0
0
0
0
0
0
1
613 105
0
0
0
1
614 184
0
1
615 343
0
1
616 337
1
617 47
0
0
0
1
618 148
0
0
0
1
619 273
0
1
620 317
1
621 107
1
622 167
0
0
0
1
623 10
0
0
1
624 272
0
0
0
1
625 213
0
1
626 300
1
627 361
0
1
628 93
0
0
1
629 312
1
630 3
0
0
1
631 283
1
632 267
1
633 260
0
1
634 323
0
0
1
635 129
1
636 134
0
0
0
0
1
637 3
1
638 257
0
0
0
1
639 256
0
0
0
1
640 340
1
641 339
1
642 344
0
1
643 176
0
0
0
0
1
644 355
0
0
0
0
0
1
645 203
0
1
646 78
0
0
0
1
647 156
0
1
648 217
0
0
0
0
0
1
649 293
1
650 220
0
1
651 89
0
0
1
652 369
0
0
1
653 90
0
0
1
654 170
0
0
0
1
655 288
1
656 184
0
1
657 119
1
658 137
0
1
659 97
0
0
1
660 327
0
0
1
661 174
0
1
662 132
0
1
663 197
0
0
1
664 217
0
1
665 277
0
0
0
0
0
0
1
666 343
0
1
667 156
1
668 56
0
0
1
669 262
0
0
0
1
670 132
1
671 5
0
0
0
0
1
672 269
0
1
673 164
0
0
1
674 232
0
1
675 144
0
0
1
676 35
1
677 181
0
1
678 39
1
679 265
0
1
680 370
1
681 309
1
682 103
1
683 185
1
684 175
1
685 28
1
686 210
0
1
687 61
1
688 230
0
0
0
1
689 348
1
690 378
0
0
1
691 258
1
692 368
1
693 192
0
1
694 146
1
695 224
0
0
0
0
0
0
1
696 213
0
1
697 133
0
0
0
0
0
0
1
698 56
1
699 32
0
0
0
1
700 11
0
1
701 109
0
0
0
1
702 213
0
1
703 210
0
1
704 249
0
0
0
1
705 352
1
706 37
0
1
707 227
1
708 51
0
0
1
709 353
1
710 176
0
0
1
711 263
1
712 10
1
713 153
1
714 239
1
715 343
0
0
0
1
716 373
0
0
1
717 32
1
718 323
1
719 351
0
1
720 252
1
721 128
1
722 211
0
1
723 321
0
0
0
1
724 108
0
0
0
0
1
725 166
1
726 89
0
1
727 274
1
728 368
0
1
729 4
1
730 264
1
731 295
0
1
732 220
0
0
0
1
733 264
1
734 105
1
735 120
1
736 351
0
1
737 159
1
738 37
0
1
739 252
1
740 150
0
0
0
0
1
741 324
1
742 364
1
743 124
0
0
0
1
744 259
1
745 301
0
0
0
0
0
1
746 140
0
0
0
0
0
0
1
747 222
1
748 15
0
1
749 16
1
750 259
0
0
0
1
751 244
0
0
1
752 214
1
753 248
0
1
754 8
1
755 167
1
756 170
0
0
0
0
0
1
757 86
0
0
1
758 145
0
0
0
1
759 324
0
0
1
760 93
0
1
761 124
0
1
762 31
0
0
0
0
1
763 183
1
764 120
0
0
1
765 184
1
766 4
0
0
1
767 145
1
768 96
0
0
1
769 95
1
770 167
0
0
1
771 254
0
0
0
1
772 50
1
773 277
0
0
1
774 5
0
0
1
775 319
1
776 373
0
0
0
0
1
777 164
1
778 83
0
0
1
779 254
0
1
780 352
1
781 125
0
1
782 298
1
783 369
0
1
784 164
0
0
0
0
1
785 80
0
0
0
0
1
786 323
1
787 170
1
788 238
1
789 262
0
1
790 93
1
791 297
0
0
0
1
792 363
0
1
793 11
1
794 24
0
0
1
795 149
1
796 132
1
797 175
1
798 196
0
0
0
0
1
799 271
1
800 164
0
0
1
801 19
1
802 116
1
803 170
1
804 256
1
805 173
0
0
0
1
806 52
0
1
807 23
0
1
808 4
1
809 176
1
810 207
0
1
811 258
0
0
0
0
1
812 71
0
1
813 218
0
1
814 337
1
815 10
0
1
816 351
0
1
817 209
1
818 167
0
0
0
0
0
0
1
819 11
0
0
1
820 220
0
0
1
821 362
1
822 295
1
823 226
0
1
824 49
0
1
825 93
1
826 281
0
0
0
0
1
827 254
1
828 174
0
1
829 154
1
830 57
0
0
0
0
0
0
1
831 112
0
0
0
0
0
0
0
0
1
832 49
0
1
833 253
1
834 21
1
835 326
1
836 43
0
0
1
837 181
0
0
0
1
838 40
0
0
1
839 14
0
0
1
840 265
0
0
0
1
841 96
1
842 246
1
843 49
1
844 107
0
1
845 117
1
846 52
1
847 123
1
848 197
1
849 146
0
0
0
0
1
850 24
1
851 183
1
852 270
0
0
1
853 61
1
854 28
1
855 212
0
0
0
0
0
0
1
856 214
1
857 209
1
858 91
1
859 183
1
860 209
1
861 179
0
0
1
862 119
1
863 208
0
0
0
1
864 367
1
865 285
0
1
866 37
0
0
0
1
867 243
1
868 300
0
1
869 164
1
870 244
1
871 46
1
872 132
0
1
873 116
0
0
0
0
1
874 312
1
875 373
1
876 40
1
877 93
0
0
0
0
0
0
0
1
878 166
1
879 218
0
1
880 205
1
881 4
0
0
1
882 259
1
883 87
1
884 177
1
885 352
0
0
0
0
1
886 7
0
1
887 56
1
888 323
1
889 95
0
0
1
890 55
0
1
891 260
0
1
892 323
0
1
893 88
0
1
894 312
1
895 303
0
1
896 286
0
1
897 365
0
0
0
0
1
898 24
0
1
899 211
0
1
900 112
1
901 84
1
902 314
0
1
903 176
1
904 321
1
905 302
0
1
906 278
0
1
907 92
0
0
1
908 359
1
909 300
0
1
910 183
0
0
1
911 327
1
912 111
0
0
1
913 105
0
1
914 146
0
1
915 170
0
0
0
0
1
916 128
0
0
0
0
0
1
917 232
0
1
918 7
0
0
1
919 186
0
1
920 177
0
0
0
1
921 358
1
922 42
0
1
923 7
1
924 218
0
1
925 317
0
0
0
1
926 66
0
0
1
927 203
1
928 364
1
929 159
0
1
930 299
0
1
931 24
0
1
932 54
1
933 247
0
0
0
1
934 239
0
0
1
935 46
0
1
936 356
0
1
937 311
1
938 44
0
0
0
0
1
939 98
1
940 328
1
941 325
0
1
942 61
1
943 370
1
944 199
0
1
945 373
1
946 241
0
1
947 51
1
948 76
1
949 45
0
0
1
950 95
0
1
951 112
0
1
952 45
0
0
1
953 246
0
0
1
954 362
0
1
955 124
1
956 19
0
0
0
1
957 247
0
1
958 288
1
959 159
0
1
960 134
0
1
961 329
1
962 85
1
963 257
0
0
0
1
964 344
1
965 322
0
0
0
1
966 273
1
967 233
1
968 302
1
969 118
0
0
0
1
970 75
1
971 21
0
0
0
1
972 280
1
973 186
1
974 51
1
975 190
1
976 244
0
0
1
977 226
1
978 203
0
1
979 373
1
980 111
0
0
0
1
981 89
1
982 44
1
983 346
0
1
984 223
0
1
985 298
1
986 265
1
987 186
1
988 5
0
0
0
1
989 181
0
1
990 161
0
1
991 45
1
992 224
1
993 136
1
994 45
0
0
0
1
995 180
1
996 195
0
1
997 34
0
1
998 60
1
999 109
1
1000 135
0
1
1001 218
1
1002 325
0
0
1
1003 162
1
1004 175
0
1
1005 294
1
1006 188
1
1007 287
1
1008 16
0
0
0
0
0
0
0
1
1009 341
0
1
1010 28
1
1011 15
1
1012 218
0
1
1013 240
0
0
0
0
1
1014 33
0
1
1015 164
0
1
1016 180
0
1
1017 66
0
1
1018 61
0
1
1019 330
0
0
1
1020 265
1
1021 210
0
1
1022 51
0
1
1023 8
0
1
1024 142
0
1
1025 198
0
0
1
1026 71
1
1027 356
0
0
0
0
1
1028 316
1
1029 191
1
1030 225
1
1031 206
1
1032 332
1
1033 366
0
1
1034 95
0
0
0
1
1035 320
0
1
1036 118
0
1
1037 259
1
1038 244
1
1039 241
0
1
1040 96
1
1041 309
0
0
1
1042 356
0
1
1043 298
0
0
0
0
1
1044 43
1
1045 291
1
1046 369
1
1047 301
1
1048 349
0
0
1
1049 331
1
1050 176
1
1051 366
0
1
1052 164
1
1053 129
0
0
0
1
1054 359
0
0
1
1055 314
1
1056 193
1
1057 42
1
1058 179
0
0
1
1059 26
1
1060 97
0
1
1061 331
0
1
1062 245
1
1063 17
0
1
1064 124
1
1065 229
0
1
1066 225
1
1067 89
0
0
1
1068 56
1
1069 271
1
1070 99
1
1071 370
1
1072 58
1
1073 69
0
0
0
1
1074 379
1
1075 300
0
0
0
0
0
1
1076 278
0
0
0
0
1
1077 281
1
1078 82
0
1
1079 190
0
1
1080 337
1
1081 36
0
1
1082 181
1
1083 344
1
1084 124
0
0
0
1
1085 53
1
1086 303
0
1
1087 325
1
1088 146
1
1089 338
0
1
1090 73
1
1091 269
0
0
1
1092 48
0
1
1093 81
1
1094 378
1
1095 59
1
1096 103
0
1
1097 147
0
0
0
0
1
1098 161
1
1099 263
1
1100 222
0
1
1101 95
1
1102 344
1
1103 89
1
1104 352
1
1105 300
0
1
1106 159
0
1
1107 94
0
1
1108 121
0
0
1
1109 250
1
1110 218
1
1111 99
0
0
0
0
0
0
1
1112 27
1
1113 162
0
0
0
0
0
0
0
0
0
1
1114 225
1
1115 303
1
1116 281
0
1
1117 208
0
1
1118 174
0
0
0
1
1119 199
1
1120 252
1
1121 164
0
0
0
1
1122 105
1
1123 346
1
1124 347
1
1125 141
1
1126 148
1
1127 284
1
1128 323
0
1
1129 317
1
1130 256
0
0
0
0
1
1131 110
1
1132 225
1
1133 71
1
1134 356
1
1135 228
1
1136 175
1
1137 65
0
0
0
0
0
1
1138 263
1
1139 39
0
1
1140 97
0
0
0
1
1141 128
1
1142 187
1
1143 310
0
1
1144 37
1
1145 91
1
1146 239
1
1147 346
0
1
1148 342
1
1149 212
1
1150 350
1
1151 198
0
0
1
1152 176
0
0
1
1153 93
1
1154 46
0
1
1155 164
1
1156 168
1
1157 263
1
1158 275
0
0
1
1159 300
0
1
1160 44
0
1
1161 265
1
1162 225
1
1163 316
1
1164 227
1
1165 277
1
1166 7
0
0
1
1167 138
1
1168 130
1
1169 335
1
1170 71
0
0
0
0
1
1171 178
0
1
1172 323
0
0
0
0
0
0
1
1173 205
1
1174 163
0
0
1
1175 375
0
0
1
1176 157
1
1177 254
1
1178 51
1
1179 182
0
0
1
1180 229
0
0
1
1181 159
1
1182 135
1
1183 90
0
1
1184 158
0
0
1
1185 301
0
1
1186 365
1
1187 148
0
1
1188 59
1
1189 149
1
1190 331
1
1191 272
0
0
1
1192 366
0
1
1193 350
0
0
0
1
1194 9
0
1
1195 323
1
1196 13
1
1197 121
0
1
1198 267
0
1
1199 279
1
1200 93
0
0
1
1201 192
0
0
1
1202 14
0
1
1203 364
1
1204 46
1
1205 3
1
1206 220
0
1
1207 205
0
1
1208 34
1
1209 227
0
0
0
1
1210 248
0
1
1211 327
0
0
1
1212 295
0
1
1213 349
1
1214 291
0
0
0
1
1215 251
1
1216 102
0
0
0
0
1
1217 287
0
1
1218 351
1
1219 38
1
1220 252
1
1221 17
0
1
1222 241
0
1
1223 319
0
1
1224 120
0
0
0
1
1225 220
1
1226 291
0
1
1227 362
0
0
1
1228 171
0
1
1229 348
1
1230 296
1
1231 374
1
1232 207
1
1233 281
0
1
1234 233
0
1
1235 371
0
1
1236 35
0
1
1237 357
1
1238 226
0
1
1239 210
1
1240 52
1
1241 286
0
1
1242 164
0
1
1243 46
0
0
1
1244 21
1
1245 88
0
0
0
1
1246 356
0
0
0
0
0
0
0
1
1247 62
1
1248 25
0
0
1
1249 229
0
0
1
1250 373
1
1251 318
1
1252 300
1
1253 183
0
1
1254 320
0
1
1255 223
0
0
0
1
1256 307
1
1257 136
1
1258 167
0
0
0
0
0
1
1259 362
1
1260 359
1
1261 330
0
0
0
0
1
1262 323
1
1263 149
1
1264 207
0
1
1265 213
0
0
1
1266 102
0
0
1
1267 218
0
1
1268 102
1
1269 66
1
1270 354
1
1271 240
0
1
1272 296
1
1273 338
0
0
1
1274 186
0
1
1275 235
0
1
1276 246
0
1
1277 334
1
1278 8
0
0
0
1
1279 254
0
1
1280 88
0
0
1
1281 168
0
0
1
1282 108
0
0
1
1283 27
1
1284 341
1
1285 5
1
1286 109
1
1287 319
0
1
1288 34
0
1
1289 281
1
1290 266
0
1
1291 179
1
1292 364
0
1
1293 269
1
1294 128
1
1295 75
0
1
1296 33
0
0
1
1297 150
1
1298 259
0
0
0
1
1299 323
0
0
0
1
1300 330
1
1301 291
1
1302 321
1
1303 116
0
1
1304 207
0
0
0
1
1305 337
1
1306 354
0
1
1307 240
0
1
1308 239
0
1
1309 273
1
1310 24
1
1311 295
1
1312 225
1
1313 363
0
0
0
1
1314 211
0
1
1315 307
1
1316 325
1
1317 297
0
0
1
1318 297
1
1319 89
1
1320 121
0
1
1321 375
1
1322 164
0
1
1323 313
1
1324 45
1
1325 260
1
1326 265
1
1327 267
0
1
1328 174
1
1329 329
0
1
1330 75
0
1
1331 145
1
1332 128
1
1333 116
0
1
1334 48
1
1335 257
1
1336 352
1
1337 185
0
1
1338 11
0
0
1
1339 307
0
1
1340 111
1
1341 124
0
1
1342 296
1
1343 191
1
1344 178
1
1345 373
0
1
1346 117
0
0
0
0
0
1
1347 249
1
1348 213
0
0
1
1349 219
0
1
1350 247
1
1351 314
1
1352 57
0
1
1353 208
0
0
1
1354 338
0
0
1
1355 172
0
1
1356 207
1
1357 361
0
1
1358 286
1
1359 169
1
1360 187
1
1361 131
0
0
1
1362 344
0
0
1
1363 45
1
1364 158
0
0
0
0
1
1365 357
1
1366 60
1
1367 92
1
1368 29
1
1369 212
0
0
1
1370 331
0
0
1
1371 60
1
1372 153
1
1373 14
1
1374 258
0
1
1375 343
0
1
1376 243
0
1
1377 154
0
0
0
0
1
1378 351
0
1
1379 350
1
1380 43
0
0
0
1
1381 43
1
1382 298
1
1383 210
0
1
1384 201
1
1385 354
1
1386 369
0
0
1
1387 347
0
1
1388 246
1
1389 35
1
1390 160
0
1
1391 127
1
1392 339
0
0
1
1393 360
1
1394 216
0
1
1395 224
1
1396 2
0
0
0
0
0
1
1397 151
1
1398 315
0
1
1399 84
1
1400 54
0
1
1401 373
1
1402 375
0
1
1403 8
1
1404 337
0
1
1405 235
0
1
1406 220
0
0
1
1407 273
1
1408 369
1
1409 340
1
1410 28
1
1411 206
0
0
1
1412 211
1
1413 100
1
1414 319
1
1415 74
1
1416 163
0
1
1417 348
1
1418 164
1
1419 305
1
1420 344
1
1421 57
0
0
1
1422 145
1
1423 373
1
1424 225
0
0
0
0
1
1425 158
1
1426 129
1
1427 275
0
0
0
1
1428 245
1
1429 25
1
1430 212
1
1431 99
1
1432 121
0
0
1
1433 284
1
1434 156
0
0
1
1435 270
1
1436 351
0
1
1437 321
1
1438 111
0
1
1439 165
1
1440 288
1
1441 239
1
1442 164
0
0
0
0
1
1443 78
1
1444 193
1
1445 317
1
1446 225
0
0
1
1447 253
1
1448 105
1
1449 210
1
1450 265
1
1451 372
1
1452 27
1
1453 155
0
1
1454 145
1
1455 191
1
1456 147
1
1457 90
1
1458 288
1
1459 138
1
1460 295
1
1461 353
1
1462 375
1
1463 105
0
0
0
1
1464 320
0
1
1465 173
1
1466 102
1
1467 53
1
1468 21
1
1469 201
0
0
0
0
1
1470 350
1
1471 190
0
1
1472 13
0
0
0
1
1473 197
0
1
1474 342
1
1475 42
0
1
1476 380
1
1477 53
0
1
1478 169
1
1479 369
1
1480 26
1
1481 353
1
1482 7
1
1483 174
1
1484 221
1
1485 209
0
1
1486 237
1
1487 378
1
1488 147
1
1489 101
0
1
1490 49
1
1491 320
1
1492 105
0
0
1
1493 25
1
1494 152
1
1495 131
1
1496 228
1
1497 129
0
1
1498 285
1
1499 8
1
1500 241
1
1501 293
0
1
1502 344
1
1503 176
0
1
1504 159
0
0
0
1
1505 307
0
0
1
1506 53
0
1
1507 301
1
1508 121
1
1509 9
0
0
0
1
1510 164
1
1511 328
0
1
1512 247
0
0
1
1513 141
0
1
1514 304
1
1515 249
1
1516 252
1
1517 46
1
1518 284
1
1519 109
0
1
1520 7
1
1521 111
0
1
1522 261
1
1523 223
1
1524 345
0
1
1525 48
1
1526 154
1
1527 291
1
1528 184
1
1529 197
0
1
1530 43
0
1
1531 298
1
1532 158
1
1533 263
1
1534 9
0
0
1
1535 351
0
1
1536 179
1
1537 321
1
1538 102
1
1539 7
0
0
1
1540 226
1
1541 184
1
1542 320
1
1543 242
0
1
1544 331
0
1
1545 192
1
1546 218
0
0
1
1547 30
1
1548 252
1
1549 134
1
1550 227
1
1551 14
1
1552 319
1
1553 249
1
1554 13
0
1
1555 54
0
1
1556 351
1
1557 239
0
1
1558 291
0
0
0
0
1
1559 321
0
0
1
1560 146
0
1
1561 374
1
1562 373
0
1
1563 311
1
1564 320
0
1
1565 241
0
1
1566 337
0
1
1567 240
0
1
1568 320
0
1
1569 72
0
1
1570 283
1
1571 162
1
1572 371
1
1573 303
1
1574 366
0
1
1575 73
1
1576 270
0
0
1
1577 63
1
1578 38
1
1579 305
1
1580 181
1
1581 312
1
1582 176
1
1583 53
1
1584 34
1
1585 4
1
1586 117
1
1587 19
1
1588 251
0
1
1589 128
0
1
1590 334
1
1591 162
1
1592 13
1
1593 138
0
0
0
0
0
0
0
1
1594 9
0
0
1
1595 225
1
1596 103
1
1597 103
1
1598 218
0
0
0
1
1599 268
1
1600 82
1
1601 351
1
1602 217
0
1
1603 260
1
1604 361
0
1
1605 296
1
1606 89
1
1607 272
1
1608 278
0
1
1609 369
1
1610 374
0
1
1611 7
0
1
1612 255
1
1613 294
1
1614 97
1
1615 107
0
1
1616 158
1
1617 303
1
1618 295
1
1619 262
1
1620 330
1
1621 55
0
1
1622 115
0
1
1623 366
1
1624 346
1
1625 159
1
1626 224
0
1
1627 173
0
0
1
1628 7
1
1629 20
0
0
0
0
1
1630 175
0
0
1
1631 219
1
1632 139
0
1
1633 108
0
1
1634 131
0
0
0
1
1635 310
1
1636 111
1
1637 342
1
1638 45
1
1639 354
0
0
1
1640 68
0
1
1641 288
0
0
1
1642 324
0
1
1643 224
0
1
1644 373
1
1645 33
1
1646 29
1
1647 43
0
1
1648 245
1
1649 310
0
1
1650 109
1
1651 93
0
0
0
1
1652 184
1
1653 62
0
0
0
0
1
1654 373
0
1
1655 15
1
1656 376
1
1657 270
1
1658 45
1
1659 292
1
1660 116
0
1
1661 373
0
0
1
1662 365
1
1663 256
0
1
1664 149
0
1
1665 111
0
1
1666 140
0
1
1667 182
1
1668 225
1
1669 156
1
1670 38
0
1
1671 296
1
1672 379
1
1673 216
1
1674 338
1
1675 198
1
1676 333
0
1
1677 48
1
1678 363
1
1679 322
0
1
1680 94
1
1681 65
1
1682 209
0
1
1683 155
1
1684 5
1
1685 38
1
1686 69
1
1687 201
1
1688 75
0
1
1689 116
0
1
1690 264
1
1691 186
1
1692 222
1
1693 277
1
1694 93
1
1695 132
1
1696 344
0
0
1
1697 325
1
1698 188
1
1699 185
0
0
1
1700 179
1
1701 19
1
1702 238
0
1
1703 363
0
0
0
0
1
1704 33
0
1
1705 285
1
1706 373
0
1
1707 219
1
1708 355
1
1709 369
0
0
1
1710 222
0
1
1711 331
1
1712 42
1
1713 188
0
0
0
1
1714 52
0
1
1715 62
1
1716 17
1
1717 260
1
1718 46
0
0
1
1719 347
0
1
1720 128
0
1
1721 351
0
0
1
1722 227
1
1723 73
1
1724 255
1
1725 3
1
1726 211
0
0
1
1727 172
1
1728 74
0
1
1729 206
0
0
1
1730 367
1
1731 192
1
1732 196
1
1733 58
1
1734 322
1
1735 115
1
1736 88
1
1737 355
0
0
1
1738 212
0
0
0
1
1739 218
1
1740 363
1
1741 354
1
1742 55
1
1743 50
1
1744 157
0
1
1745 285
1
1746 189
1
1747 159
1
1748 27
0
1
1749 138
1
1750 10
0
1
1751 41
1
1752 296
1
1753 7
1
1754 142
1
1755 290
1
1756 367
1
1757 233
1
1758 326
1
1759 78
1
1760 91
1
1761 193
1
1762 238
0
1
1763 89
0
1
1764 7
0
1
1765 197
1
1766 226
0
1
1767 266
0
0
0
0
0
1
1768 9
0
1
1769 132
1
1770 323
1
1771 197
1
1772 252
1
1773 51
1
1774 253
0
1
1775 17
1
1776 88
1
1777 165
1
1778 132
1
1779 296
0
1
1780 95
1
1781 19
0
1
1782 25
0
0
1
1783 132
1
1784 379
1
1785 247
1
1786 37
1
1787 349
0
1
1788 178
0
1
1789 52
0
1
1790 81
1
1791 205
0
1
1792 339
0
0
0
1
1793 89
1
1794 17
1
1795 326
1
1796 151
1
1797 379
1
1798 244
1
1799 219
1
1800 226
0
0
1
1801 278
1
1802 121
1
1803 157
0
1
1804 197
0
1
1805 349
1
1806 59
0
0
1
1807 200
1
1808 108
0
1
1809 360
0
0
1
1810 268
1
1811 159
0
1
1812 104
1
1813 284
0
1
1814 82
1
1815 362
0
1
1816 244
1
1817 284
1
1818 127
1
1819 77
0
1
1820 104
0
1
1821 202
1
1822 13
1
1823 270
1
1824 153
1
1825 247
1
1826 263
1
1827 281
1
1828 183
0
0
1
1829 82
1
1830 63
1
1831 365
1
1832 210
1
1833 110
1
1834 165
1
1835 126
1
1836 290
1
1837 164
0
0
1
1838 108
0
1
1839 348
0
1
1840 253
0
0
0
1
1841 76
1
1842 185
1
1843 20
1
1844 184
0
0
1
1845 284
0
1
1846 366
1
1847 33
0
1
1848 281
1
1849 50
1
1850 247
1
1851 63
1
1852 44
1
1853 282
1
1854 311
0
1
1855 218
0
0
1
1856 189
0
0
1
1857 31
1
1858 238
0
1
1859 128
0
1
1860 246
1
1861 125
1
1862 342
0
1
1863 45
1
1864 281
1
1865 363
1
1866 312
1
1867 276
1
1868 150
1
1869 248
0
0
1
1870 279
1
1871 113
0
1
1872 182
0
1
1873 133
1
1874 350
0
0
0
0
0
1
1875 124
1
1876 25
0
0
1
1877 315
0
1
1878 29
0
1
1879 117
1
1880 96
1
1881 287
1
1882 187
1
1883 14
1
1884 226
1
1885 309
1
1886 37
0
1
1887 254
1
1888 48
1
1889 312
1
1890 25
1
1891 109
1
1892 150
1
1893 351
0
1
1894 116
1
1895 122
0
1
1896 129
1
1897 374
0
0
1
1898 64
1
1899 239
1
1900 103
1
1901 75
0
0
0
1
1902 377
1
1903 132
0
1
1904 373
1
1905 220
1
1906 74
0
1
1907 122
0
1
1908 283
1
1909 352
0
1
1910 54
0
1
1911 360
1
1912 143
1
1913 5
1
1914 130
0
1
1915 215
0
1
1916 304
1
1917 176
1
1918 283
1
1919 304
1
1920 123
1
1921 144
0
1
1922 370
0
0
1
1923 113
1
1924 168
0
0
1
1925 57
1
1926 295
0
1
1927 98
1
1928 349
0
1
1929 369
0
0
0
1
1930 13
0
0
1
1931 374
1
1932 175
1
1933 109
1
1934 334
1
1935 66
1
1936 14
0
1
1937 287
1
1938 344
1
1939 206
1
1940 149
1
1941 84
1
1942 332
0
1
1943 63
1
1944 139
0
1
1945 294
1
1946 372
1
1947 19
1
1948 100
1
1949 105
1
1950 115
1
1951 79
0
1
1952 179
0
1
1953 28
1
1954 84
1
1955 101
1
1956 201
0
0
1
1957 9
1
1958 236
1
1959 215
1
1960 151
1
1961 160
0
1
1962 54
1
1963 66
1
1964 233
1
1965 354
1
1966 162
1
1967 160
1
1968 209
1
1969 36
1
1970 71
0
1
1971 305
1
1972 99
1
1973 272
1
1974 119
0
1
1975 378
1
1976 286
1
1977 269
1
1978 226
0
1
1979 272
1
1980 318
1
1981 24
0
1
1982 31
1
1983 259
1
1984 234
1
1985 204
1
1986 294
0
0
1
1987 258
0
1
1988 159
1
1989 342
1
1990 67
0
1
1991 80
0
0
1
1992 153
1
1993 207
1
1994 121
1
1995 288
1
1996 183
1
1997 265
1
1998 280
1
1999 21
1
2000 115
0
1
2001 95
0
1
2002 263
1
2003 98
1
2004 334
1
2005 352
0
0
1
2006 257
1
2007 207
1
2008 143
0
0
1
2009 180
0
1
2010 194
1
2011 268
1
2012 202
1
2013 183
1
2014 335
0
1
2015 281
0
1
2016 161
1
2017 91
1
2018 212
0
1
2019 202
1
2020 180
1
2021 235
0
1
2022 251
1
2023 80
0
0
1
2024 371
1
2025 379
1
2026 205
1
2027 268
1
2028 46
0
1
2029 302
1
2030 344
0
1
2031 5
1
2032 14
1
2033 204
1
2034 230
1
2035 256
1
2036 243
1
2037 195
1
2038 371
1
2039 215
1
2040 276
1
2041 54
1
2042 96
1
2043 81
1
2044 45
1
2045 155
1
2046 102
1
2047 173
0
0
1
2048 186
1
2049 131
1
2050 201
1
2051 275
0
1
2052 331
1
2053 207
1
2054 259
1
2055 78
1
2056 294
1
2057 46
0
0
0
1
2058 226
1
2059 311
1
2060 366
1
2061 379
1
2062 89
0
1
2063 34
1
2064 376
1
2065 16
1
2066 281
1
2067 280
1
2068 185
0
1
2069 367
1
2070 6
1
2071 318
1
2072 330
1
2073 62
1
2074 353
1
2075 269
1
2076 8
0
1
2077 185
1
2078 295
1
2079 16
0
0
1
2080 128
1
2081 94
1
2082 358
0
1
2083 198
1
2084 260
1
2085 281
0
1
2086 274
1
2087 376
0
1
2088 73
1
2089 297
1
2090 354
1
2091 275
0
1
2092 61
1
2093 262
0
0
1
2094 31
1
2095 211
1
2096 370
1
2097 134
1
2098 135
1
2099 278
0
0
0
1
2100 214
1
2101 245
1
2102 24
1
2103 379
1
2104 317
1
2105 232
1
2106 145
1
2107 37
1
2108 85
1
2109 95
1
2110 372
1
2111 257
1
2112 19
1
2113 141
0
1
2114 320
1
2115 373
1
2116 237
1
2117 107
0
1
2118 346
1
2119 268
1
2120 380
1
2121 199
1
2122 111
0
0
1
2123 2
1
2124 46
1
2125 7
1
2126 364
1
2127 344
0
1
2128 3
1
2129 370
1
2130 145
1
2131 15
0
1
2132 48
0
1
2133 30
1
2134 367
1
2135 56
0
1
2136 337
1
2137 79
1
2138 171
1
2139 182
1
2140 162
1
2141 166
1
2142 197
1
2143 236
1
2144 188
1
2145 193
1
2146 289
0
1
2147 22
0
1
2148 367
0
0
1
2149 357
1
2150 376
1
2151 93
1
2152 89
0
1
2153 20
0
1
2154 149
1
2155 281
0
1
2156 191
1
2157 78
1
2158 182
1
2159 92
1
2160 160
0
0
1
2161 58
0
0
1
2162 163
0
0
0
0
1
2163 53
0
1
2164 8
0
1
2165 143
0
1
2166 25
1
2167 125
0
1
2168 175
1
2169 40
0
1
2170 251
1
2171 150
1
2172 83
1
2173 169
1
2174 381
0
1
2175 177
0
1
2176 116
1
2177 174
1
2178 365
1
2179 233
1
2180 159
1
2181 370
1
2182 206
1
2183 64
1
2184 373
1
2185 78
1
2186 329
0
1
2187 119
1
2188 320
1
2189 249
1
2190 121
1
2191 232
1
2192 211
1
2193 235
1
2194 248
0
0
0
0
1
2195 171
1
2196 243
1
2197 331
1
2198 137
0
0
1
2199 204
0
1
2200 372
1
2201 167
1
2202 97
0
0
0
1
2203 379
0
1
2204 273
1
2205 231
0
1
2206 273
0
1
2207 306
1
2208 134
1
2209 156
1
2210 368
1
2211 104
1
2212 103
0
1
2213 171
1
2214 53
0
0
1
2215 101
1
2216 188
0
1
2217 44
0
0
0
1
2218 100
1
2219 376
1
2220 160
1
2221 26
1
2222 318
1
2223 377
1
2224 141
1
2225 246
1
2226 371
1
2227 177
1
2228 33
1
2229 71
1
2230 142
1
2231 47
0
1
2232 112
1
2233 267
1
2234 85
1
2235 189
1
2236 85
1
2237 339
1
2238 278
1
2239 165
1
2240 219
0
1
2241 278
0
0
1
2242 200
1
2243 81
0
1
2244 205
0
1
2245 90
1
2246 49
1
2247 380
1
2248 280
1
2249 113
1
2250 135
1
2251 344
1
2252 380
1
2253 228
1
2254 88
1
2255 245
1
2256 227
0
1
2257 226
0
1
2258 92
0
1
2259 307
1
2260 197
1
2261 328
1
2262 104
1
2263 125
1
2264 197
1
2265 274
1
2266 193
1
2267 119
0
1
2268 208
1
2269 111
1
2270 363
0
1
2271 164
1
2272 202
1
2273 56
0
1
2274 175
1
2275 83
0
1
2276 318
1
2277 259
1
2278 78
1
2279 167
0
1
2280 283
1
2281 218
1
2282 206
1
2283 281
1
2284 37
0
1
2285 151
1
2286 135
1
2287 146
0
1
2288 91
1
2289 132
1
2290 343
1
2291 138
1
2292 379
0
1
2293 70
1
2294 256
0
1
2295 266
1
2296 146
1
2297 56
1
2298 67
1
2299 130
0
1
2300 167
1
2301 336
1
2302 258
1
2303 217
0
1
2304 354
0
1
2305 129
0
1
2306 239
1
2307 118
1
2308 68
0
1
2309 241
1
2310 197
1
2311 83
1
2312 103
1
2313 40
1
2314 206
1
2315 203
1
2316 96
1
2317 358
0
1
2318 74
1
2319 120
1
2320 59
1
2321 256
0
0
1
2322 265
1
2323 121
1
2324 304
1
2325 143
0
1
2326 271
1
2327 20
0
1
2328 240
1
2329 21
1
2330 41
1
2331 328
1
2332 226
1
2333 134
1
2334 252
1
2335 307
1
2336 75
1
2337 369
1
2338 116
1
2339 331
1
2340 342
0
1
2341 157
1
2342 234
1
2343 239
1
2344 190
1
2345 258
1
2346 116
1
2347 13
1
2348 145
1
2349 76
0
1
2350 18
1
2351 273
1
2352 82
1
2353 267
1
2354 159
1
2355 188
1
2356 167
1
2357 339
1
2358 290
1
2359 271
1
2360 303
1
2361 214
1
2362 33
0
1
2363 17
1
2364 313
1
2365 298
1
2366 7
1
2367 135
1
2368 178
0
1
2369 226
1
2370 379
1
2371 32
0
1
2372 48
1
2373 333
1
2374 116
1
2375 232
1
2376 263
1
2377 191
1
2378 45
1
2379 184
1
2380 369
1
2381 80
1
2382 281
1
2383 94
1
2384 65
0
1
2385 187
1
2386 351
1
2387 159
1
2388 173
1
2389 225
1
2390 108
0
1
2391 228
1
2392 278
1
2393 228
0
1
2394 338
1
2395 340
1
2396 378
1
2397 32
1
2398 360
1
2399 212
0
1
2400 345
1
2401 320
1
2402 26
1
2403 35
1
2404 248
1
2405 206
1
2406 117
1
2407 54
1
2408 94
1
2409 278
1
2410 19
1
2411 267
1
2412 66
1
2413 81
0
0
1
2414 225
1
2415 128
1
2416 42
1
2417 64
1
2418 363
1
2419 290
1
2420 111
1
2421 347
1
2422 332
1
2423 43
1
2424 216
1
2425 323
1
2426 371
0
1
2427 192
0
1
2428 181
0
1
2429 314
1
2430 66
1
2431 339
1
2432 234
1
2433 78
1
2434 365
1
2435 7
0
0
1
2436 78
1
2437 69
1
2438 213
0
1
2439 279
1
2440 43
1
2441 378
1
2442 134
1
2443 175
0
1
2444 149
1
2445 108
1
2446 272
1
2447 359
1
2448 162
1
2449 250
1
2450 259
1
2451 145
1
2452 146
0
1
2453 148
1
2454 153
1
2455 81
1
2456 4
0
1
2457 111
0
0
1
2458 320
1
2459 197
1
2460 78
1
2461 13
0
1
2462 294
1
2463 123
1
2464 24
1
2465 17
1
2466 267
1
2467 349
1
2468 278
1
2469 34
0
1
2470 377
1
2471 278
1
2472 166
1
2473 174
1
2474 303
1
2475 169
1
2476 334
1
2477 14
1
2478 340
1
2479 89
0
1
2480 296
1
2481 7
0
1
2482 141
1
2483 352
1
2484 259
1
2485 229
0
1
2486 45
1
2487 265
0
1
2488 263
0
1
2489 256
1
2490 118
1
2491 185
0
0
1
2492 117
1
2493 13
1
2494 245
1
2495 189
1
2496 361
0
1
2497 267
0
1
2498 195
0
1
2499 157
1
2500 295
1
2501 27
1
2502 369
1
2503 135
1
2504 380
1
2505 262
1
2506 113
1
2507 273
1
2508 305
1
2509 225
0
1
2510 326
1
2511 162
0
1
2512 48
1
2513 93
1
2514 128
1
2515 225
1
2516 144
1
2517 60
1
2518 368
0
1
2519 189
1
2520 186
1
2521 292
1
2522 224
1
2523 157
1
2524 59
1
2525 33
1
2526 151
1
2527 304
1
2528 72
1
2529 21
1
2530 203
1
2531 369
1
2532 197
0
1
2533 104
1
2534 141
1
2535 347
0
1
2536 293
1
2537 160
1
2538 369
1
2539 281
1
2540 164
1
2541 33
1
2542 115
1
2543 177
1
2544 26
1
2545 260
1
2546 276
1
2547 65
1
2548 210
0
1
2549 304
1
2550 65
1
2551 104
1
2552 49
1
2553 228
1
2554 100
1
2555 220
1
2556 354
0
0
1
2557 185
1
2558 6
1
2559 381
1
2560 282
0
1
2561 191
0
1
2562 23
1
2563 283
1
2564 300
1
2565 343
0
1
2566 374
1
2567 61
0
1
2568 57
0
1
2569 70
1
2570 293
1
2571 185
1
2572 36
1
2573 80
1
2574 30
1
2575 381
1
2576 60
1
2577 181
1
2578 149
0
1
2579 25
1
2580 226
1
2581 43
0
1
2582 2
1
2583 75
0
1
2584 197
1
2585 172
1
2586 30
1
2587 239
1
2588 78
1
2589 158
0
1
2590 328
1
2591 68
1
2592 113
1
2593 90
1
2594 359
0
1
2595 265
1
2596 322
1
2597 318
1
2598 363
1
2599 103
1
2600 174
0
1
2601 213
1
2602 337
1
2603 277
1
2604 30
1
2605 82
1
2606 379
0
1
2607 142
1
2608 324
1
2609 239
1
2610 162
1
2611 206
1
2612 24
1
2613 243
1
2614 206
1
2615 45
0
1
2616 208
1
2617 208
1
2618 284
0
1
2619 243
1
2620 92
1
2621 341
0
1
2622 142
1
2623 278
1
2624 154
1
2625 165
1
2626 219
1
2627 339
0
1
2628 37
1
2629 344
1
2630 278
1
2631 23
1
2632 131
1
2633 183
1
2634 329
1
2635 212
1
2636 237
0
1
2637 374
1
2638 83
1
2639 378
0
1
2640 334
1
2641 111
1
2642 369
1
2643 37
1
2644 328
1
2645 191
1
2646 278
1
2647 81
1
2648 275
1
2649 321
1
2650 70
1
2651 280
0
1
2652 225
1
2653 53
1
2654 122
1
2655 252
1
2656 126
1
2657 40
1
2658 309
1
2659 367
1
2660 189
1
2661 227
1
2662 206
1
2663 269
1
2664 33
1
2665 118
1
2666 264
1
2667 2
1
2668 309
1
2669 150
1
2670 198
1
2671 303
1
2672 19
1
2673 119
1
2674 197
1
2675 228
1
2676 365
1
2677 281
0
1
2678 343
1
2679 344
1
2680 243
1
2681 153
1
2682 8
1
2683 250
1
2684 321
1
2685 103
1
2686 18
1
2687 194
1
2688 221
1
2689 127
1
2690 80
0
0
1
2691 226
1
2692 187
1
2693 288
1
2694 373
1
2695 224
1
2696 224
0
1
2697 375
1
2698 340
1
2699 220
1
2700 70
1
2701 75
1
2702 281
1
2703 243
1
2704 159
1
2705 226
1
2706 334
0
1
2707 331
1
2708 361
1
2709 342
1
2710 196
1
2711 156
1
2712 45
1
2713 89
1
2714 345
1
2715 234
1
2716 298
1
2717 247
1
2718 243
1
2719 127
0
1
2720 266
1
2721 171
1
2722 142
0
1
2723 117
0
0
1
2724 89
0
1
2725 202
1
2726 237
1
2727 23
1
2728 307
1
2729 258
1
2730 281
1
2731 335
1
2732 296
0
1
2733 76
1
2734 350
1
2735 6
0
1
2736 222
1
2737 4
1
2738 348
1
2739 100
1
2740 285
1
2741 167
0
1
2742 220
1
2743 242
1
2744 137
1
2745 120
1
2746 67
1
2747 44
1
2748 31
1
2749 249
1
2750 79
1
2751 5
1
2752 190
1
2753 203
1
2754 213
1
2755 226
1
2756 43
0
1
2757 92
0
1
2758 358
1
2759 141
1
2760 56
1
2761 99
1
2762 373
1
2763 300
1
2764 37
1
2765 169
1
2766 40
1
2767 161
1
2768 127
1
2769 27
1
2770 93
1
2771 146
1
2772 115
1
2773 238
0
1
2774 226
0
1
2775 67
0
1
2776 130
0
1
2777 54
1
2778 362
1
2779 196
1
2780 341
1
2781 210
0
1
2782 117
1
2783 32
1
2784 132
1
2785 198
1
2786 52
1
2787 110
1
2788 153
0
1
2789 265
1
2790 272
1
2791 245
1
2792 293
1
2793 365
1
2794 73
1
2795 66
1
2796 26
1
2797 324
1
2798 272
1
2799 174
1
2800 221
1
2801 50
0
1
2802 266
1
2803 319
1
2804 212
0
1
2805 52
1
2806 25
1
2807 363
1
2808 351
1
2809 344
1
2810 74
1
2811 202
1
2812 184
1
2813 144
1
2814 171
1
2815 288
1
2816 319
1
2817 214
1
2818 54
1
2819 373
1
2820 332
1
2821 356
1
2822 353
1
2823 380
1
2824 66
1
2825 289
1
2826 97
0
1
2827 209
1
2828 28
1
2829 211
1
2830 244
1
2831 61
1
2832 315
1
2833 146
1
2834 87
1
2835 150
1
2836 206
1
2837 289
1
2838 242
1
2839 338
1
2840 275
1
2841 276
1
2842 250
1
2843 160
1
2844 10
1
2845 75
1
2846 76
1
2847 206
1
2848 361
0
1
2849 310
1
2850 241
1
2851 380
1
2852 24
1
2853 86
1
2854 289
1
2855 268
1
2856 99
1
2857 273
1
2858 58
1
2859 378
1
2860 351
1
2861 237
1
2862 142
1
2863 345
1
2864 245
1
2865 204
1
2866 190
1
2867 33
1
2868 305
1
2869 15
1
2870 297
1
2871 42
1
2872 329
1
2873 351
1
2874 162
1
2875 148
1
2876 28
0
1
2877 373
1
2878 100
1
2879 268
1
2880 209
1
2881 320
1
2882 349
1
2883 337
1
2884 267
1
2885 9
1
2886 254
0
1
2887 353
1
2888 281
0
1
2889 353
1
2890 304
1
2891 52
1
2892 197
1
2893 306
1
2894 232
1
2895 69
0
0
1
2896 141
0
1
2897 341
1
2898 66
1
2899 17
1
2900 130
1
2901 101
1
2902 122
1
2903 312
1
2904 323
1
2905 49
1
2906 367
1
2907 42
1
2908 166
1
2909 360
1
2910 63
1
2911 28
1
2912 351
1
2913 8
0
1
2914 376
1
2915 291
0
1
2916 128
1
2917 127
1
2918 179
1
2919 22
1
2920 296
1
2921 375
1
2922 168
1
2923 37
1
2924 326
1
2925 365
1
2926 375
1
2927 283
1
2928 234
0
1
2929 313
0
1
2930 252
1
2931 19
1
2932 222
1
2933 304
1
2934 332
1
2935 127
1
2936 21
1
2937 2
1
2938 79
1
2939 276
1
2940 370
1
2941 140
1
2942 190
0
1
2943 220
1
2944 336
0
1
2945 371
1
2946 306
1
2947 306
1
2948 121
1
2949 149
1
2950 262
1
2951 130
1
2952 120
1
2953 330
1
2954 301
1
2955 115
1
2956 7
1
2957 4
1
2958 62
0
1
2959 7
1
2960 302
1
2961 94
1
2962 49
1
2963 28
1
2964 152
1
2965 203
1
2966 180
1
2967 290
1
2968 35
1
2969 281
1
2970 27
1
2971 168
1
2972 160
1
2973 363
1
2974 139
0
1
2975 259
1
2976 334
1
2977 164
1
2978 190
1
2979 12
1
2980 54
1
2981 162
1
2982 201
1
2983 91
1
2984 372
1
2985 79
1
2986 184
1
2987 175
1
2988 215
1
2989 370
1
2990 33
0
1
2991 258
1
2992 45
1
2993 179
1
2994 211
1
2995 228
0
1
2996 342
0
0
1
2997 142
1
2998 235
1
2999 367
0
1
3000 238
0
1
3001 326
1
3002 111
1
3003 379
1
3004 291
1
3005 368
1
3006 322
1
3007 240
0
0
1
3008 154
1
3009 344
0
1
3010 128
1
3011 352
1
3012 238
1
3013 80
1
3014 354
0
1
3015 140
1
3016 160
0
0
1
3017 4
1
3018 162
1
3019 308
1
3020 321
1
3021 111
0
1
3022 21
1
3023 283
1
3024 273
1
3025 124
1
3026 111
1
3027 109
1
3028 67
1
3029 107
1
3030 338
1
3031 72
1
3032 45
1
3033 95
1
3034 306
1
3035 174
0
0
0
1
3036 262
1
3037 158
0
1
3038 280
1
3039 123
0
0
1
3040 224
1
3041 26
1
3042 15
1
3043 37
0
1
3044 140
0
1
3045 143
1
3046 184
1
3047 241
1
3048 172
0
1
3049 183
1
3050 131
1
3051 78
1
3052 33
0
1
3053 329
1
3054 240
1
3055 101
1
3056 34
1
3057 157
1
3058 75
1
3059 144
1
3060 379
1
3061 49
1
3062 126
1
3063 250
1
3064 288
1
3065 366
1
3066 277
1
3067 140
1
3068 114
1
3069 79
1
3070 177
1
3071 62
1
3072 7
0
1
3073 186
1
3074 277
1
3075 319
1
3076 158
1
3077 61
1
3078 227
1
3079 32
1
3080 360
1
3081 194
1
3082 70
1
3083 32
0
1
3084 238
0
1
3085 4
1
3086 4
1
3087 290
1
3088 316
1
3089 89
0
1
3090 265
1
3091 344
1
3092 207
1
3093 300
1
3094 160
1
3095 76
1
3096 203
1
3097 96
1
3098 71
1
3099 306
1
3100 217
1
3101 93
0
1
3102 158
0
1
3103 126
1
3104 219
1
3105 328
1
3106 211
1
3107 171
0
1
3108 354
1
3109 340
1
3110 341
1
3111 29
1
3112 61
1
3113 292
1
3114 138
1
3115 57
1
3116 100
1
3117 164
1
3118 378
1
3119 24
1
3120 132
1
3121 320
1
3122 302
1
3123 161
1
3124 267
1
3125 132
1
3126 121
1
3127 163
1
3128 140
1
3129 347
1
3130 361
1
3131 120
1
3132 133
1
3133 116
1
3134 238
1
3135 15
1
3136 345
1
3137 145
1
3138 358
1
3139 371
1
3140 188
1
3141 33
1
3142 166
1
3143 158
1
3144 363
1
3145 74
1
3146 116
1
3147 297
1
3148 297
1
3149 320
1
3150 338
1
3151 121
1
3152 378
1
3153 33
1
3154 336
1
3155 233
1
3156 287
1
3157 62
1
3158 54
1
3159 282
1
3160 328
1
3161 188
1
3162 164
1
3163 336
1
3164 125
0
1
3165 167
1
3166 147
1
3167 186
1
3168 32
1
3169 113
1
3170 283
1
3171 261
1
3172 372
1
3173 276
1
3174 358
1
3175 47
1
3176 67
1
3177 377
1
3178 238
1
3179 289
1
3180 279
1
3181 144
1
3182 178
1
3183 4
1
3184 202
1
3185 380
1
3186 102
1
3187 47
1
3188 360
1
3189 203
0
1
3190 262
1
3191 350
1
3192 251
1
3193 144
1
3194 18
1
3195 282
1
3196 110
1
3197 152
1
3198 250
1
3199 111
1
3200 120
1
3201 132
0
1
3202 211
1
3203 78
1
3204 159
1
3205 29
1
3206 63
1
3207 276
1
3208 264
1
3209 81
1
3210 133
1
3211 278
1
3212 12
1
3213 341
1
3214 255
1
3215 58
1
3216 250
0
1
3217 257
1
3218 264
0
1
3219 75
0
1
3220 135
1
3221 237
1
3222 47
1
3223 3
1
3224 133
1
3225 145
1
3226 43
1
3227 203
1
3228 197
1
3229 360
1
3230 366
1
3231 298
1
3232 338
1
3233 183
1
3234 181
1
3235 129
1
3236 47
1
3237 62
1
3238 40
0
1
3239 92
1
3240 347
1
3241 355
1
3242 223
1
3243 340
1
3244 102
1
3245 169
1
3246 140
1
3247 121
1
3248 263
1
3249 331
1
3250 181
1
3251 4
1
3252 60
1
3253 215
1
3254 233
1
3255 20
1
3256 66
1
3257 120
1
3258 48
1
3259 353
1
3260 265
1
3261 19
1
3262 277
1
3263 205
1
3264 179
1
3265 99
0
1
3266 291
1
3267 277
1
3268 198
1
3269 365
1
3270 376
1
3271 312
1
3272 111
0
1
3273 7
1
3274 17
1
3275 128
0
1
3276 20
1
3277 112
1
3278 306
1
3279 239
1
3280 287
1
3281 37
0
1
3282 201
1
3283 251
1
3284 329
1
3285 111
1
3286 5
1
3287 75
1
3288 204
1
3289 204
1
3290 381
1
3291 299
1
3292 371
1
3293 197
1
3294 285
1
3295 253
1
3296 226
1
3297 175
1
3298 199
1
3299 360
1
3300 2
1
3301 99
0
1
3302 228
1
3303 246
1
3304 108
1
3305 213
1
3306 197
1
3307 180
1
3308 35
1
3309 114
1
3310 4
1
3311 373
1
3312 47
1
3313 297
1
3314 358
1
3315 75
1
3316 101
1
3317 25
1
3318 343
1
3319 270
1
3320 25
1
3321 221
1
3322 243
1
3323 61
1
3324 109
1
3325 277
1
3326 21
1
3327 272
1
3328 142
1
3329 115
1
3330 127
1
3331 117
0
0
1
3332 312
1
3333 257
1
3334 194
0
1
3335 82
1
3336 192
0
1
3337 46
1
3338 131
1
3339 278
1
3340 32
0
0
1
3341 377
1
3342 105
1
3343 40
1
3344 83
1
3345 160
1
3346 317
1
3347 218
1
3348 242
0
1
3349 16
1
3350 56
1
3351 119
1
3352 35
1
3353 249
1
3354 112
1
3355 196
1
3356 346
1
3357 93
1
3358 19
1
3359 63
1
3360 119
1
3361 153
1
3362 4
1
3363 247
1
3364 245
1
3365 136
1
3366 263
1
3367 170
1
3368 97
1
3369 157
1
3370 235
1
3371 364
1
3372 31
1
3373 363
1
3374 28
1
3375 322
1
3376 245
1
3377 86
1
3378 143
1
3379 295
1
3380 308
1
3381 217
1
3382 305
1
3383 43
1
3384 367
1
3385 12
1
3386 105
1
3387 19
1
3388 301
1
3389 279
1
3390 4
1
3391 97
1
3392 310
1
3393 91
1
3394 310
1
3395 353
1
3396 63
1
3397 149
1
3398 25
1
3399 286
1
3400 199
1
3401 128
1
3402 61
1
3403 225
1
3404 97
1
3405 119
1
3406 356
1
3407 75
1
3408 48
1
3409 2
1
3410 197
1
3411 351
1
3412 353
0
1
3413 356
1
3414 288
1
3415 301
1
3416 59
1
3417 69
1
3418 55
1
3419 50
1
3420 318
1
3421 332
1
3422 271
1
3423 235
1
3424 275
1
3425 225
1
3426 33
1
3427 192
1
3428 28
1
3429 94
1
3430 319
1
3431 196
1
3432 123
1
3433 134
1
3434 226
1
3435 358
1
3436 285
1
3437 209
1
3438 288
1
3439 72
1
3440 164
1
3441 113
1
3442 46
1
3443 31
1
3444 161
1
3445 282
1
3446 93
1
3447 123
1
3448 185
1
3449 89
1
3450 180
1
3451 359
1
3452 281
1
3453 86
1
3454 79
1
3455 353
1
3456 102
1
3457 12
1
3458 14
0
1
3459 212
1
3460 281
1
3461 10
1
3462 160
1
3463 188
1
3464 357
1
3465 108
1
3466 175
1
3467 138
1
3468 118
1
3469 280
1
3470 258
1
3471 163
1
3472 287
1
3473 183
1
3474 88
1
3475 358
0
1
3476 319
1
3477 3
1
3478 149
1
3479 255
1
3480 8
1
3481 171
0
1
3482 87
1
3483 20
1
3484 73
1
3485 173
1
3486 30
1
3487 80
1
3488 57
1
3489 69
1
3490 157
1
3491 39
1
3492 291
1
3493 378
1
3494 223
0
0
0
1
3495 227
1
3496 334
1
3497 335
1
3498 32
1
3499 100
1
3500 242
1
3501 379
1
3502 210
1
3503 267
1
3504 16
0
1
3505 128
1
3506 48
1
3507 146
1
3508 319
1
3509 101
1
3510 376
1
3511 250
1
3512 239
1
3513 86
1
3514 92
0
1
3515 211
1
3516 64
1
3517 39
1
3518 273
1
3519 191
1
3520 295
1
3521 316
1
3522 212
1
3523 305
1
3524 329
1
3525 217
1
3526 48
1
3527 244
0
1
3528 173
1
3529 76
1
3530 363
1
3531 53
1
3532 326
1
3533 133
1
3534 42
1
3535 141
1
3536 287
1
3537 111
1
3538 367
1
3539 343
1
3540 36
1
3541 360
1
3542 90
1
3543 315
1
3544 24
1
3545 338
1
3546 220
1
3547 304
1
3548 44
1
3549 50
1
3550 129
1
3551 45
1
3552 264
1
3553 379
1
3554 95
1
3555 22
1
3556 173
1
3557 177
1
3558 102
1
3559 50
1
3560 273
1
3561 175
1
3562 128
1
3563 96
1
3564 73
1
3565 94
1
3566 227
1
3567 89
1
3568 367
1
3569 316
1
3570 23
1
3571 223
1
3572 184
1
3573 43
1
3574 288
1
3575 11
1
3576 155
1
3577 208
1
3578 136
1
3579 186
1
3580 202
1
3581 8
1
3582 225
1
3583 159
1
3584 198
1
3585 196
1
3586 184
1
3587 118
1
3588 371
1
3589 311
1
3590 164
1
3591 350
1
3592 291
1
3593 275
1
3594 136
0
1
3595 67
1
3596 109
1
3597 210
1
3598 272
1
3599 338
1
3600 71
1
3601 109
1
3602 218
1
3603 151
1
3604 379
1
3605 162
1
3606 31
1
3607 17
1
3608 218
1
3609 137
1
3610 242
1
3611 93
1
3612 334
1
3613 329
1
3614 136
1
3615 190
1
3616 326
1
3617 19
1
3618 270
1
3619 7
1
3620 337
1
3621 155
1
3622 174
1
3623 59
1
3624 263
1
3625 245
1
3626 165
1
3627 48
1
3628 277
1
3629 158
1
3630 45
1
3631 156
1
3632 213
1
3633 159
1
3634 39
1
3635 119
1
3636 235
1
3637 255
1
3638 373
1
3639 14
1
3640 56
1
3641 204
1
3642 218
1
3643 294
1
3644 368
1
3645 239
1
3646 96
1
3647 201
1
3648 170
1
3649 28
1
3650 156
1
3651 227
1
3652 11
1
3653 77
1
3654 307
1
3655 50
1
3656 264
1
3657 363
1
3658 347
1
3659 117
1
3660 272
1
3661 14
1
3662 377
1
3663 243
1
3664 265
1
3665 39
1
3666 346
1
3667 226
1
3668 304
1
3669 181
1
3670 151
1
3671 213
1
3672 45
1
3673 181
1
3674 83
1
3675 221
1
3676 185
1
3677 226
1
3678 24
1
3679 120
1
3680 28
1
3681 214
1
3682 178
1
3683 343
1
3684 163
1
3685 45
1
3686 184
1
3687 256
1
3688 373
1
3689 249
1
3690 320
1
3691 104
1
3692 12
1
3693 326
1
3694 144
1
3695 263
1
3696 162
1
3697 223
1
3698 29
1
3699 6
1
3700 190
1
3701 55
1
3702 34
1
3703 312
1
3704 152
1
3705 223
1
3706 295
1
3707 150
1
3708 333
1
3709 58
1
3710 15
1
3711 277
1
3712 159
1
3713 263
0
1
3714 146
1
3715 352
1
3716 275
1
3717 369
1
3718 157
1
3719 105
1
3720 365
1
3721 96
1
3722 142
1
3723 331
1
3724 92
1
3725 29
1
3726 375
1
3727 248
1
3728 281
1
3729 132
1
3730 275
1
3731 59
1
3732 184
1
3733 354
1
3734 269
1
3735 322
1
3736 14
1
3737 138
1
3738 19
1
3739 25
1
3740 290
1
3741 280
1
3742 182
1
3743 12
1
3744 258
1
3745 258
1
3746 300
1
3747 236
1
3748 29
1
3749 280
1
3750 28
1
3751 58
1
3752 320
1
3753 278
1
3754 201
1
3755 45
1
3756 289
1
3757 69
1
3758 178
1
3759 34
1
3760 114
1
3761 49
1
3762 220
1
3763 307
1
3764 318
1
3765 12
1
3766 304
1
3767 344
1
3768 196
1
3769 338
1
3770 138
1
3771 90
1
3772 41
1
3773 367
1
3774 342
1
3775 269
1
3776 175
1
3777 75
1
3778 318
1
3779 21
1
3780 351
1
3781 7
1
3782 143
1
3783 8
1
3784 246
1
3785 121
1
3786 32
1
3787 320
1
3788 260
1
3789 367
1
3790 371
1
3791 174
1
3792 377
1
3793 349
1
3794 381
1
3795 31
1
3796 60
1
3797 242
1
3798 51
1
3799 314
1
3800 203
1
3801 315
1
3802 55
1
3803 332
1
3804 372
1
3805 232
1
3806 6
1
3807 251
1
3808 225
1
3809 244
1
3810 245
1
3811 358
1
3812 183
1
3813 99
1
3814 42
1
3815 106
1
3816 344
1
3817 42
1
3818 328
1
3819 185
1
3820 102
1
3821 3
1
3822 56
1
3823 307
1
3824 159
1
3825 171
1
3826 355
1
3827 116
1
3828 113
1
3829 231
0
1
3830 244
1
3831 45
1
3832 63
1
3833 206
1
3834 292
1
3835 81
1
3836 170
1
3837 29
1
3838 335
1
3839 279
1
3840 322
1
3841 380
1
3842 298
1
3843 365
1
3844 233
1
3845 321
1
3846 233
1
3847 136
1
3848 199
1
3849 49
1
3850 162
1
3851 342
1
3852 206
1
3853 345
1
3854 95
1
3855 369
0
1
3856 202
1
3857 20
1
3858 196
1
3859 370
1
3860 101
1
3861 8
1
3862 83
1
3863 37
1
3864 323
1
3865 315
1
3866 334
1
3867 44
1
3868 42
1
3869 211
1
3870 76
1
3871 33
1
3872 231
1
3873 284
1
3874 45
1
3875 326
1
3876 356
1
3877 185
1
3878 300
1
3879 299
1
3880 56
1
3881 164
1
3882 286
1
3883 134
1
3884 240
1
3885 168
1
3886 162
1
3887 256
1
3888 169
1
3889 190
1
3890 342
1
3891 238
1
3892 286
1
3893 290
1
3894 200
1
3895 24
1
3896 189
1
3897 263
1
3898 101
1
3899 98
1
3900 273
1
3901 15
1
3902 329
1
3903 12
1
3904 172
1
3905 17
1
3906 260
1
3907 14
1
3908 194
0
1
3909 60
1
3910 173
1
3911 120
1
3912 26
1
3913 291
1
3914 301
1
3915 117
0
1
3916 274
1
3917 331
1
3918 124
1
3919 242
1
3920 21
1
3921 124
1
3922 301
1
3923 69
1
3924 87
1
3925 62
1
3926 309
1
3927 165
1
3928 178
1
3929 233
1
3930 18
1
3931 148
1
3932 3
1
3933 37
0
1
3934 64
1
3935 239
1
3936 241
1
3937 56
1
3938 355
1
3939 296
1
3940 74
0
1
3941 128
1
3942 37
1
3943 203
1
3944 336
0
1
3945 50
1
3946 119
1
3947 124
1
3948 27
1
3949 107
1
3950 366
1
3951 86
1
3952 307
1
3953 35
1
3954 30
1
3955 152
1
3956 357
1
3957 115
1
3958 302
1
3959 276
1
3960 111
1
3961 252
1
3962 157
1
3963 222
1
3964 209
1
3965 101
1
3966 259
1
3967 220
1
3968 275
1
3969 366
1
3970 239
1
3971 343
1
3972 223
1
3973 260
1
3974 88
1
3975 123
1
3976 11
1
3977 165
1
3978 316
1
3979 78
1
3980 287
1
3981 111
1
3982 144
1
3983 28
1
3984 247
1
3985 307
1
3986 266
1
3987 110
1
3988 338
1
3989 199
1
3990 126
1
3991 337
1
3992 245
1
3993 177
1
3994 99
0
1
3995 287
1
3996 134
1
3997 71
1
3998 162
1
3999 345
1
4000 313
1
4001 69
1
4002 226
1
4003 48
1
4004 81
1
4005 252
1
4006 163
1
4007 169
1
4008 196
1
4009 330
0
0
1
4010 84
0
1
4011 132
1
4012 34
1
4013 185
1
4014 208
1
4015 116
0
1
4016 102
0
1
4017 284
1
4018 262
1
4019 329
0
0
1
4020 343
1
4021 119
1
4022 185
1
4023 288
1
4024 83
1
4025 144
1
4026 174
1
4027 342
1
4028 241
1
4029 313
1
4030 151
1
4031 88
0
1
4032 49
1
4033 292
1
4034 285
0
1
4035 13
1
4036 297
0
1
4037 74
1
4038 30
1
4039 265
1
4040 170
1
4041 189
1
4042 266
1
4043 86
0
1
4044 63
1
4045 71
1
4046 67
1
4047 184
1
4048 334
1
4049 112
1
4050 66
1
4051 59
1
4052 191
0
1
4053 176
1
4054 82
1
4055 53
0
0
1
4056 27
1
4057 168
1
4058 91
1
4059 48
1
4060 206
1
4061 300
1
4062 265
1
4063 60
1
4064 187
1
4065 303
1
4066 370
1
4067 184
0
0
1
4068 341
1
4069 128
1
4070 371
1
4071 134
1
4072 74
1
4073 6
1
4074 38
0
0
0
1
4075 58
1
4076 262
1
4077 165
1
4078 244
1
4079 378
1
4080 162
0
1
4081 185
1
4082 39
1
4083 41
1
4084 194
1
4085 308
0
1
4086 344
1
4087 251
1
4088 22
1
4089 114
1
4090 69
1
4091 177
1
4092 118
1
4093 157
1
4094 215
1
4095 178
1
4096 204
1
4097 175
0
0
1
4098 87
0
1
4099 242
1
4100 184
1
4101 369
0
1
4102 349
1
4103 204
1
4104 240
1
4105 267
1
4106 154
1
4107 87
0
1
4108 149
0
1
4109 274
1
4110 30
1
4111 370
1
4112 363
1
4113 142
1
4114 101
1
4115 170
1
4116 356
1
4117 111
1
4118 24
0
0
1
4119 37
1
4120 179
1
4121 34
1
4122 308
1
4123 264
1
4124 144
1
4125 350
0
0
0
1
4126 379
1
4127 132
0
1
4128 288
1
4129 315
0
1
4130 350
1
4131 239
1
4132 209
1
4133 239
0
1
4134 38
1
4135 198
1
4136 135
1
4137 5
0
1
4138 175
1
4139 20
0
1
4140 191
1
4141 363
0
1
4142 85
0
0
1
4143 307
0
1
4144 236
1
4145 339
1
4146 262
1
4147 19
1
4148 30
1
4149 162
0
1
4150 193
1
4151 365
1
4152 33
1
4153 283
1
4154 6
1
4155 297
1
4156 28
1
4157 309
0
0
1
4158 217
1
4159 48
1
4160 275
1
4161 223
1
4162 112
0
1
4163 73
0
0
1
4164 68
0
1
4165 68
1
4166 121
0
1
4167 14
1
4168 239
0
1
4169 113
1
4170 329
0
0
1
4171 302
0
1
4172 24
0
1
4173 120
1
4174 313
1
4175 142
1
4176 183
0
0
0
0
1
4177 21
1
4178 365
1
4179 373
0
1
4180 302
1
4181 379
0
0
1
4182 180
0
1
4183 343
1
4184 205
0
1
4185 194
1
4186 270
0
1
4187 96
1
4188 351
0
0
1
4189 375
1
4190 295
1
4191 231
1
4192 134
1
4193 222
1
4194 371
1
4195 11
1
4196 43
1
4197 107
1
4198 57
1
4199 107
0
0
1
4200 142
1
4201 73
1
4202 50
1
4203 213
0
1
4204 335
1
4205 256
0
1
4206 281
1
4207 198
1
4208 179
1
4209 252
1
4210 101
1
4211 211
1
4212 272
0
1
4213 167
0
1
4214 37
1
4215 211
0
1
4216 349
0
0
1
4217 278
1
4218 123
0
0
1
4219 280
1
4220 108
1
4221 221
0
0
1
4222 360
1
4223 225
1
4224 211
1
4225 73
1
4226 339
1
4227 362
1
4228 377
1
4229 312
1
4230 54
0
1
4231 146
1
4232 359
1
4233 306
1
4234 190
1
4235 51
0
0
1
4236 331
1
4237 359
1
4238 328
0
0
1
4239 31
0
1
4240 217
0
1
4241 316
0
0
0
1
4242 168
1
4243 29
1
4244 182
0
0
1
4245 129
1
4246 2
1
4247 196
1
4248 347
1
4249 319
0
0
1
4250 327
1
4251 48
1
4252 155
1
4253 5
1
4254 379
1
4255 7
0
0
1
4256 22
1
4257 214
1
4258 219
1
4259 278
1
4260 135
1
4261 215
0
0
1
4262 344
0
0
1
4263 56
0
0
0
0
0
1
4264 257
0
0
1
4265 356
1
4266 122
1
4267 350
1
4268 219
1
4269 364
1
4270 95
1
4271 131
1
4272 82
1
4273 275
1
4274 259
1
4275 282
0
1
4276 276
1
4277 332
1
4278 243
1
4279 51
1
4280 141
1
4281 253
0
1
4282 99
0
1
4283 84
1
4284 123
1
4285 370
1
4286 307
1
4287 335
1
4288 180
1
4289 226
1
4290 132
0
1
4291 96
1
4292 123
1
4293 66
0
1
4294 365
1
4295 244
1
4296 88
0
0
1
4297 373
0
0
1
4298 161
0
1
4299 8
0
0
0
1
4300 173
1
4301 234
0
0
1
4302 266
1
4303 330
1
4304 89
0
0
1
4305 56
0
1
4306 33
1
4307 198
1
4308 89
1
4309 162
0
0
0
0
0
1
4310 71
1
4311 378
0
1
4312 369
1
4313 104
1
4314 44
1
4315 71
0
0
1
4316 320
1
4317 56
1
4318 303
0
1
4319 119
1
4320 148
0
1
4321 331
1
4322 284
1
4323 308
1
4324 187
1
4325 253
1
4326 146
1
4327 219
0
0
1
4328 258
0
0
1
4329 56
1
4330 213
1
4331 169
1
4332 131
0
0
1
4333 58
1
4334 221
0
1
4335 102
0
0
1
4336 288
0
1
4337 37
1
4338 45
1
4339 108
0
1
4340 22
1
4341 154
1
4342 148
0
1
4343 159
1
4344 275
1
4345 333
0
0
1
4346 71
0
1
4347 75
1
4348 108
0
1
4349 27
1
4350 357
0
0
1
4351 92
1
4352 303
0
0
1
4353 114
0
1
4354 311
1
4355 93
1
4356 224
1
4357 19
1
4358 92
1
4359 293
1
4360 111
1
4361 231
1
4362 361
1
4363 183
0
1
4364 25
0
0
1
4365 93
1
4366 344
1
4367 198
1
4368 20
1
4369 96
0
1
4370 167
1
4371 134
0
0
0
0
0
0
1
4372 5
0
1
4373 164
0
1
4374 2
0
1
4375 41
0
0
0
0
1
4376 377
0
1
4377 33
1
4378 300
0
0
1
4379 350
1
4380 79
1
4381 111
1
4382 199
0
1
4383 365
0
0
0
0
1
4384 159
0
1
4385 151
0
0
0
0
1
4386 365
0
0
1
4387 182
0
0
0
1
4388 216
0
1
4389 205
1
4390 115
0
1
4391 45
1
4392 340
0
0
0
1
4393 58
0
1
4394 138
0
0
1
4395 370
1
4396 136
0
0
0
0
0
1
4397 24
1
4398 238
1
4399 29
0
0
0
1
4400 292
0
0
0
1
4401 144
1
4402 173
1
4403 139
0
0
0
0
0
0
0
1
4404 40
1
4405 34
0
1
4406 39
1
4407 26
1
4408 309
1
4409 267
0
1
4410 368
1
4411 229
1
4412 62
0
0
0
0
1
4413 16
0
0
0
1
4414 66
0
0
0
0
0
1
4415 257
0
0
0
1
4416 379
1
4417 329
0
1
4418 270
1
4419 50
1
4420 173
0
0
1
4421 237
1
4422 71
0
0
1
4423 217
0
0
1
4424 286
0
1
4425 311
0
0
1
4426 367
1
4427 108
0
1
4428 186
0
1
4429 33
0
1
4430 38
1
4431 173
1
4432 116
0
0
1
4433 255
0
1
4434 121
0
0
1
4435 25
0
0
0
0
0
0
1
4436 134
0
0
0
1
4437 163
0
1
4438 127
0
1
4439 234
1
4440 53
0
1
4441 164
0
1
4442 195
0
0
0
1
4443 260
1
4444 43
0
1
4445 344
1
4446 184
0
0
1
4447 170
0
1
4448 297
1
4449 318
1
4450 269
1
4451 165
0
1
4452 70
1
4453 65
1
4454 239
1
4455 131
0
0
0
0
1
4456 213
1
4457 223
0
0
1
4458 294
1
4459 299
0
0
0
0
1
4460 155
0
0
1
4461 44
1
4462 125
0
0
1
4463 198
0
1
4464 73
1
4465 225
0
0
0
0
1
4466 239
1
4467 55
1
4468 301
0
0
1
4469 149
1
4470 305
1
4471 185
0
1
4472 268
1
4473 259
1
4474 278
1
4475 45
1
4476 226
0
1
4477 277
0
0
0
0
0
1
4478 130
0
0
0
0
1
4479 31
1
4480 111
0
1
4481 280
1
4482 34
0
1
4483 328
0
0
0
0
0
1
4484 233
0
0
0
1
4485 56
0
0
1
4486 299
1
4487 344
1
4488 358
0
0
1
4489 308
1
4490 236
0
0
0
1
4491 297
1
4492 296
0
0
0
1
4493 227
0
1
4494 46
1
4495 19
0
0
1
4496 207
0
1
4497 178
0
1
4498 93
0
0
0
0
1
4499 142
1
4500 139
0
1
4501 214
0
0
1
4502 153
1
4503 101
0
1
4504 224
0
0
0
0
0
1
4505 304
1
4506 381
1
4507 111
1
4508 278
0
0
1
4509 149
1
4510 311
1
4511 4
0
1
4512 322
0
1
4513 217
1
4514 127
0
1
4515 86
0
0
1
4516 189
0
0
0
0
1
4517 242
1
4518 341
0
0
1
4519 38
1
4520 73
0
1
4521 215
1
4522 280
1
4523 153
1
4524 325
0
1
4525 329
0
1
4526 216
0
0
1
4527 70
1
4528 24
0
0
0
0
0
0
1
4529 113
0
0
0
1
4530 220
0
1
4531 181
0
0
0
1
4532 100
1
4533 51
0
0
0
1
4534 112
0
0
0
0
0
0
0
0
0
0
1
4535 296
0
1
4536 313
0
1
4537 92
1
4538 369
1
4539 101
0
0
0
1
4540 8
0
1
4541 33
0
0
0
0
0
1
4542 97
0
0
1
4543 113
0
0
1
4544 353
0
0
0
0
0
0
1
4545 83
0
0
0
1
4546 79
0
0
0
1
4547 175
0
1
4548 211
0
0
0
0
1
4549 240
0
0
0
0
0
0
0
1
4550 19
1
4551 59
0
1
4552 191
0
0
0
0
0
1
4553 135
1
4554 164
0
0
1
4555 116
0
0
0
1
4556 232
0
0
0
1
4557 167
0
1
4558 348
0
0
0
0
0
0
0
1
4559 265
0
0
0
0
0
0
0
0
0
0
0
1
4560 14
0
0
0
0
0
1
4561 95
0
0
1
4562 245
0
0
0
0
1
4563 114
0
1
4564 331
0
1
4565 266
0
0
0
1
4566 42
1
4567 137
0
1
4568 370
0
0
0
1
4569 82
1
4570 259
0
0
1
4571 342
1
4572 198
1
4573 254
0
0
1
4574 103
0
0
1
4575 85
0
0
1
4576 320
0
1
4577 112
0
0
0
0
0
0
0
0
0
0
0
0
0
0
0
0
1
4578 292
0
1
4579 308
0
0
0
0
1
4580 266
0
0
0
1
4581 96
0
1
4582 98
0
0
1
4583 242
0
0
0
1
4584 140
0
0
1
4585 381
1
4586 323
0
0
0
0
1
4587 362
0
0
0
1
4588 38
0
0
0
0
1
4589 217
1
4590 5
0
0
0
0
1
4591 249
0
0
0
0
1
4592 62
0
1
4593 33
0
0
0
0
0
0
1
4594 179
0
0
0
1
4595 67
1
4596 296
0
0
1
4597 345
0
0
0
0
0
0
0
0
1
4598 298
0
1
4599 170
0
0
0
0
0
1
4600 9
0
0
0
0
0
0
0
0
0
0
0
0
0
0
0
0
0
0
0
0
0
1
4601 119
0
0
0
0
1
4602 364
0
1
4603 138
0
0
1
4604 107
0
1
4605 121
0
0
0
0
0
0
0
0
0
1
4606 273
0
0
1
4607 66
1
4608 26
0
0
0
0
0
0
0
0
0
0
1
4609 263
0
1
4610 164
0
0
1
4611 380
0
0
0
0
0
0
1
4612 260
1
4613 246
1
4614 324
0
0
0
0
0
1
4615 118
0
0
0
0
1
4616 108
0
0
0
0
0
1
4617 176
0
0
0
0
0
0
0
0
0
1
4618 200
0
0
0
1
4619 45
0
0
0
0
0
0
0
0
1
4620 358
0
0
0
1
4621 73
0
0
0
0
0
1
4622 299
0
0
0
0
0
0
0
0
0
0
0
0
0
0
1
4623 89
0
0
0
0
0
0
0
0
1
4624 362
0
0
0
0
0
0
0
0
0
0
1
4625 114
0
0
0
0
0
0
0
1
4626 244
0
0
0
0
0
0
0
0
0
0
0
0
0
1
4627 193
0
0
1
4628 141
0
0
0
0
1
4629 59
0
0
0
0
1
4630 282
0
0
0
0
0
0
0
0
0
0
1
4631 307
0
0
0
0
0
0
0
0
0
0
0
0
0
1
4632 207
1
4633 115
0
0
0
0
0
0
0
0
0
0
0
0
0
0
0
0
0
0
0
0
0
0
0
0
0
0
0
0
0
0
0
0
0
0
0
0
0
0
0
1
4634 211
0
0
0
0
0
0
0
0
0
0
0
0
0
0
0
0
0
0
0
0
0
0
0
0
0
0
0
0
0
0
0
0
0
0
0
0
0
0
0
0
0
0
0
0
0
0
0
0
0
0
0
0
0
0
0
0
0
0
0
0
0
0
0
0
0
0
0
0
0
0
0
0
0
0
0
0
0
0
0
0
0
0
0
0
0
0
0
0
0
0
0
0
0
0
0
0
0
0
0
0
0
0
0
0
0
0
0
0
0
0
0
0
0
0
0
0
0
0
0
0
0
0
0
0
0
0
0
0
0
0
0
0
0
0
0
0
0
0
0
0
0
0
0
0
0
0
0
0
0
0
0
0
0
0
0
0
0
0
0
0
0
0
0
0
0
0
0
0
0
0
0
0
0
0
0
0
0
0
0
0
0
0
0
0
0
0
0
0
0
0
0
0
0
0
0
0
0
0
0
0
0
0
0
0
0
0
0
0
0
0
0
0
0
0
0
0
0
0
0
0
0
0
0
0
0
0
0
0
0
0
0
0
0
0
0
0
0
0
0
0
0
0
0
0
0
0
0
0
0
0
0
0
0
0
0
0
0
0
0
0
0
0
0
0
0
0
0
0
0
0
0
0
0
0
0
0
0
0
0
0
0
0
0
0
0
0
0
0
0
0
0
0
0
0
0
0
0
0
0
0
0
0
0
0
0
0
0
0
0
0
0
0
0
0
0
0
0
0
0
0
0
0
0
0
0
0
0
0
0
0
0
0
0
0
0
0
0
0
0
0
0
0
0
0
0
0
0
0
0
0
0
0
0
0
0
0
0
0
0
0
0
0
0
0
0
0
0
0
0
0
0
0
0
0
0
0
0
0
0
0
0
0
0
0
0
0
0
0
0
0
0
0
0
0
0
0
0
0
0
0
0
0
0
0
0
0
0
0
0
0
0
0
0
0
0
0
0
0
0
0
0
0
0
0
0
0
0
0
0
0
0
0
0
0
0
0
0
0
0
0
0
0
0
0
0
0
0
0
0
0
0
0
0
0
0
0
0
0
0
0
0
0
0
0
0
0
0
0
0
0
0
0
0
0
0
0
0
0
0
0
0
0
0
0
0
0
0
0
0
0
0
0
0
0
0
0
0
0
0
0
0
0
0
0
0
0
0
0
0
0
0
0
0
0
0
0
0
0
0
0
0
0
0
0
0
0
0
0
0
0
0
0
0
0
0
0
0
0
0
0
0
0
0
0
0
0
0
0
0
0
0
0
0
0
0
0
0
0
0
0
0
0
0
0
0
0
0
0
0
0
0
0
0
0
0
0
0
0
0
0
0
0
0
0
0
0
0
0
0
0
