206 375
138 98 3
200 128 3
33 85 4
163 100 2
143 183 2
127 188 3
123 65 5
111 59 3
174 170 3
88 106 4
38 205 3
152 71 4
106 14 4
113 8 3
182 100 3
128 206 4
13 126 5
148 191 4
73 7 2
69 49 3
127 82 3
120 76 4
178 103 3
35 74 2
112 63 3
184 167 3
146 116 3
19 93 5
39 90 2
173 20 3
53 135 3
80 89 5
42 196 3
185 150 5
15 44 4
95 198 5
87 67 5
68 178 3
37 87 4
54 133 4
46 121 3
106 62 3
47 86 2
100 127 3
167 65 4
40 191 4
46 147 2
22 114 4
186 2 4
120 3 3
25 178 3
105 172 3
5 156 4
141 145 3
66 157 5
170 204 2
175 23 4
181 196 3
122 194 3
189 178 4
188 58 4
182 52 3
155 135 4
49 84 4
13 69 4
70 183 3
91 19 1
177 53 3
202 2 2
109 37 1
83 29 4
181 42 4
126 176 3
70 146 3
46 81 3
181 179 3
140 2 3
145 73 2
193 72 1
185 44 4
205 172 3
67 148 4
16 159 4
195 131 4
20 45 1
163 182 3
98 8 4
115 92 5
154 198 4
164 28 4
104 21 3
77 89 4
73 30 3
100 96 3
34 111 4
105 6 2
78 7 3
27 55 1
79 130 4
92 67 4
123 99 3
171 86 4
66 136 5
34 4 2
131 86 4
171 111 2
36 16 4
82 151 4
49 13 3
135 41 3
60 84 4
197 58 4
188 195 4
134 43 4
108 166 4
12 151 3
54 176 3
46 59 3
110 137 3
137 108 2
174 42 5
75 94 2
50 199 3
135 51 3
32 158 3
175 159 2
105 195 3
53 155 3
140 24 2
164 104 2
5 89 4
184 61 5
136 36 5
170 50 4
44 190 3
71 118 3
26 33 3
201 187 4
125 29 2
22 41 5
99 138 3
130 150 2
136 57 4
189 103 4
56 52 2
170 120 3
40 204 3
117 3 3
41 157 3
22 23 4
107 194 2
198 35 2
1 38 3
159 162 5
25 28 3
6 172 3
12 1 3
59 144 4
15 190 3
98 198 2
148 31 3
206 18 3
83 125 3
31 76 3
77 99 2
199 132 3
28 168 4
132 188 3
129 165 4
149 32 3
43 122 3
55 15 4
143 70 2
42 114 3
63 183 2
193 139 3
116 112 3
132 149 3
24 202 4
158 8 3
25 189 3
69 54 4
144 147 2
194 88 2
1 82 3
154 138 3
81 64 4
130 45 3
48 154 3
123 118 4
119 122 3
191 76 4
160 34 3
56 169 3
90 187 3
192 21 2
97 147 4
178 153 3
80 95 3
97 81 3
56 203 2
145 110 3
117 109 4
62 194 5
174 181 3
179 85 4
155 51 2
124 33 5
186 83 2
47 6 4
142 41 4
91 39 3
70 63 3
107 88 3
164 21 3
10 60 3
46 144 3
157 36 2
113 138 4
118 152 4
27 15 2
43 183 3
60 94 3
18 200 5
193 69 3
204 12 3
169 78 2
163 52 3
110 108 4
74 104 4
142 53 4
141 7 4
190 60 4
16 11 4
78 133 4
48 35 3
195 38 3
93 9 5
63 146 5
142 57 5
74 192 2
5 61 3
202 201 4
141 101 4
23 159 3
94 73 2
58 149 4
4 59 3
161 38 3
47 200 4
165 90 3
175 22 3
196 85 3
156 61 5
68 189 3
37 31 1
199 151 4
44 71 3
73 75 4
171 96 5
26 179 5
160 4 3
26 117 3
83 187 4
116 102 3
125 115 3
201 186 4
116 203 4
150 20 3
32 168 1
205 161 4
95 48 1
75 7 4
45 185 3
28 158 2
13 133 3
72 113 4
64 119 4
146 17 4
143 14 4
124 177 3
43 88 5
90 91 3
155 124 4
86 172 4
153 21 3
20 167 3
180 173 5
48 11 3
123 113 3
72 54 2
144 171 2
30 94 3
176 149 3
37 148 4
169 126 4
134 160 4
162 192 3
49 139 4
161 201 3
24 2 3
40 161 5
15 185 3
61 65 3
109 31 1
11 162 4
176 197 4
9 67 1
98 74 3
204 76 2
129 140 5
131 96 4
145 30 3
112 203 4
173 130 3
163 197 4
68 174 3
166 137 3
75 84 3
80 154 4
134 119 3
50 68 3
27 10 1
104 35 3
104 192 1
168 132 4
180 156 3
102 78 4
166 14 2
190 10 3
96 182 4
133 126 2
45 184 4
107 62 3
9 115 3
57 177 3
71 167 4
184 173 5
51 196 3
197 169 3
110 101 3
152 139 2
92 191 4
165 39 2
18 202 4
4 121 3
24 206 3
102 56 4
66 142 3
60 55 3
118 139 2
9 125 3
112 34 3
122 107 3
40 12 4
152 84 3
17 101 2
29 19 4
93 87 3
180 79 4
17 108 3
61 77 3
17 137 4
105 205 3
65 99 3
55 10 1
103 175 3
134 183 5
25 153 2
179 3 2
97 128 3
187 129 3
164 153 4
114 51 3
64 121 2
10000
0
0
0
0
0
0
0
0
0
0
0
0
0
0
0
0
0
0
0
0
0
0
0
0
0
0
1
1 156
0
0
0
0
0
0
0
0
0
0
0
0
0
0
0
0
0
0
0
0
0
0
0
0
0
0
0
0
0
0
0
0
0
0
0
0
0
0
0
0
0
0
0
0
0
0
0
0
0
0
0
0
0
0
0
0
0
0
0
0
0
0
0
0
0
0
0
0
0
0
0
0
0
0
0
0
0
0
0
0
0
0
0
0
0
0
0
0
0
0
0
0
0
0
0
0
0
0
0
0
0
0
0
0
0
0
0
0
0
0
0
0
0
0
0
0
0
0
0
1
2 182
0
0
0
0
0
0
0
0
0
1
3 137
0
0
0
0
0
0
0
0
0
0
0
0
0
0
0
0
0
0
0
0
0
0
0
0
0
0
0
0
0
0
0
0
0
0
0
0
0
0
0
0
0
1
4 204
0
0
0
0
0
0
0
0
0
0
0
0
0
0
0
0
0
0
0
0
0
0
0
0
0
0
0
0
0
0
1
5 95
1
6 109
0
0
0
0
0
0
1
7 141
0
0
0
0
0
0
0
0
0
0
0
0
0
0
0
0
0
0
0
0
0
0
0
0
0
0
0
0
0
0
0
0
0
0
0
0
0
0
0
0
0
0
0
0
1
8 48
0
0
0
0
0
0
0
0
1
9 127
0
0
0
0
0
0
0
0
0
0
0
0
0
0
0
0
0
0
1
10 100
0
0
0
0
0
0
0
0
0
0
0
0
0
0
0
0
1
11 117
0
0
0
0
0
0
0
1
12 168
0
0
0
0
0
0
0
0
0
0
0
0
0
0
0
1
13 18
0
0
0
0
0
0
0
0
0
0
0
0
0
0
0
0
0
0
0
0
0
0
0
0
0
0
0
0
0
1
14 143
0
0
0
0
0
0
0
1
15 68
0
0
0
0
0
0
0
0
0
0
0
0
0
0
0
0
0
0
0
0
0
0
0
0
0
0
0
1
16 181
0
0
0
1
17 108
0
0
0
0
0
0
0
0
0
0
0
0
0
0
0
0
0
0
0
0
0
0
0
0
0
0
0
1
18 56
0
0
0
0
0
0
0
0
0
0
0
0
0
0
0
0
0
0
0
0
0
0
0
1
19 133
0
0
0
0
0
0
0
0
0
0
0
0
0
0
0
0
0
0
0
0
1
20 54
0
0
0
0
0
1
21 148
0
0
0
0
0
0
0
0
0
0
0
0
0
0
0
0
0
0
1
22 170
0
0
0
0
0
0
0
0
0
0
0
0
0
0
0
0
0
0
0
0
0
0
0
1
23 65
0
0
0
0
0
0
0
1
24 172
0
0
0
0
0
0
0
0
0
0
0
0
0
0
0
0
0
0
0
0
0
1
25 45
0
0
0
0
0
0
0
0
0
0
0
1
26 16
0
0
0
0
0
0
0
0
0
1
27 175
0
0
0
0
0
0
0
0
1
28 149
0
0
0
0
0
0
0
0
0
0
0
0
0
0
0
0
0
0
1
29 53
0
0
0
1
30 75
0
0
0
0
0
0
0
0
0
0
0
0
0
0
1
31 179
0
0
0
0
0
0
0
0
0
0
0
0
1
32 136
0
0
0
0
0
0
0
1
33 89
0
1
34 120
0
0
0
0
1
35 135
0
0
0
0
0
0
0
0
0
0
0
1
36 155
0
0
0
0
0
0
0
0
0
0
0
0
0
0
0
0
0
0
0
0
0
0
0
0
0
0
0
0
0
0
0
0
0
0
0
0
1
37 21
0
0
1
38 91
1
39 35
0
0
0
0
0
0
0
0
0
0
0
0
0
0
0
0
0
0
0
1
40 136
1
41 146
0
0
0
0
0
0
0
0
0
0
0
0
0
0
0
0
1
42 195
0
0
0
0
0
0
0
0
0
0
0
0
0
0
1
43 4
0
0
0
0
1
44 145
0
0
0
0
0
1
45 30
0
0
0
0
0
0
0
0
0
0
0
0
0
0
1
46 84
0
0
0
0
0
0
0
0
0
0
0
1
47 79
0
0
0
1
48 112
1
49 58
0
0
0
0
0
0
0
0
0
0
0
0
0
0
0
1
50 169
0
0
0
0
0
1
51 188
0
0
0
0
0
1
52 95
0
0
0
0
0
1
53 56
0
0
0
0
0
0
0
0
0
0
0
0
0
0
0
0
0
0
1
54 58
0
0
0
0
0
0
0
0
0
0
0
0
0
0
0
0
0
1
55 130
0
0
0
0
0
0
0
0
0
0
0
0
0
0
1
56 206
0
1
57 92
0
0
0
0
0
0
0
0
1
58 61
0
0
1
59 143
0
0
0
0
1
60 188
0
0
0
0
0
0
0
0
0
0
1
61 33
0
0
1
62 7
0
0
0
0
0
0
0
0
0
1
63 163
1
64 81
0
0
1
65 34
1
66 130
0
0
0
1
67 102
0
0
1
68 30
0
0
0
0
0
0
0
0
1
69 205
0
0
1
70 7
0
0
0
0
0
0
0
1
71 143
0
0
0
0
0
0
0
0
0
0
1
72 139
1
73 54
0
0
0
0
0
1
74 197
1
75 30
0
0
0
0
0
0
0
0
0
0
0
0
0
1
76 125
0
0
0
0
0
0
0
0
0
0
0
0
0
0
0
0
0
0
0
0
0
0
0
0
0
0
0
0
0
0
0
0
0
0
0
0
0
1
77 8
0
0
0
0
1
78 121
0
1
79 56
0
0
0
1
80 56
0
1
81 104
0
0
0
0
0
0
0
0
0
0
0
0
1
82 173
0
0
1
83 52
0
0
0
0
0
0
0
0
1
84 132
0
0
0
0
1
85 102
0
0
1
86 188
0
1
87 144
0
0
0
1
88 141
0
1
89 10
0
0
0
0
1
90 47
0
0
0
0
0
0
0
1
91 56
0
0
0
0
0
0
0
0
0
0
0
0
0
0
0
0
0
0
0
0
1
92 145
0
1
93 58
1
94 133
0
0
0
0
0
0
0
0
0
0
0
0
0
0
0
0
0
0
1
95 108
0
0
0
1
96 166
0
0
0
0
0
0
0
0
0
0
0
0
0
0
0
0
0
0
0
0
0
0
0
0
0
0
0
0
0
0
0
0
0
0
0
0
0
1
97 74
0
0
0
0
0
0
0
0
0
0
0
0
0
0
0
0
1
98 143
0
0
1
99 198
0
0
0
0
0
0
1
100 130
0
0
1
101 123
0
0
0
0
0
0
0
0
0
0
0
0
0
0
1
102 80
0
0
0
0
0
0
0
0
0
0
0
0
0
0
0
0
0
0
0
1
103 60
0
0
0
1
104 154
0
0
0
1
105 85
0
0
0
0
0
0
1
106 181
1
107 137
0
0
0
0
0
0
0
1
108 163
0
0
1
109 33
0
0
0
0
0
1
110 60
0
0
0
0
0
0
0
1
111 74
0
0
0
0
1
112 145
0
0
0
0
1
113 10
0
0
0
0
1
114 33
0
0
1
115 83
0
0
0
1
116 91
0
1
117 205
0
0
0
1
118 112
0
0
1
119 120
0
0
0
1
120 168
0
0
0
0
0
1
121 54
0
1
122 25
0
0
0
0
1
123 177
0
1
124 204
0
0
1
125 46
0
0
1
126 162
0
1
127 200
0
0
0
1
128 36
0
0
0
0
0
0
1
129 100
0
0
0
0
0
1
130 34
1
131 79
0
0
0
0
0
1
132 182
0
0
0
0
1
133 16
1
134 42
0
0
0
0
0
1
135 37
1
136 193
1
137 158
1
138 156
1
139 71
1
140 153
0
0
0
0
0
0
1
141 52
1
142 66
0
0
0
0
0
0
1
143 29
1
144 13
0
0
0
1
145 29
0
0
0
0
0
0
0
0
0
0
0
1
146 25
0
0
1
147 88
0
0
1
148 201
0
0
1
149 130
0
0
0
0
0
0
0
0
0
0
0
0
0
0
0
0
0
0
0
0
0
0
0
0
0
0
0
0
0
0
0
1
150 66
0
0
0
0
0
0
0
0
1
151 111
0
1
152 73
0
0
0
1
153 19
1
154 18
1
155 88
1
156 182
0
0
0
1
157 73
0
0
0
0
0
0
0
0
0
1
158 2
0
0
0
0
0
1
159 34
1
160 53
0
0
1
161 96
1
162 178
1
163 126
1
164 100
0
0
0
1
165 40
0
0
1
166 100
0
0
0
0
0
0
0
1
167 74
0
1
168 138
0
0
1
169 111
1
170 137
0
0
0
0
0
1
171 180
0
0
1
172 190
0
0
0
0
0
0
1
173 112
0
0
0
0
1
174 130
0
0
0
0
1
175 173
0
0
0
0
0
0
0
0
0
1
176 133
1
177 157
0
1
178 193
0
0
1
179 10
0
1
180 133
0
0
0
0
0
0
0
1
181 13
0
0
1
182 118
1
183 47
0
0
0
0
1
184 83
0
0
1
185 123
1
186 133
0
1
187 48
0
1
188 166
0
0
0
0
1
189 79
1
190 141
0
0
0
0
0
1
191 81
0
1
192 102
0
0
0
0
0
0
0
1
193 15
1
194 159
0
1
195 180
0
0
0
1
196 194
0
0
1
197 39
0
1
198 141
0
1
199 50
0
0
0
0
1
200 57
0
0
0
0
0
1
201 113
0
1
202 193
0
0
0
1
203 129
1
204 25
0
0
0
1
205 53
1
206 200
0
1
207 9
0
1
208 113
0
0
0
0
1
209 203
0
0
0
0
0
0
0
0
0
0
0
0
0
0
0
0
0
0
1
210 121
0
0
0
1
211 56
0
0
0
0
0
1
212 8
0
0
0
1
213 151
0
0
0
0
0
0
1
214 129
0
0
0
1
215 82
1
216 113
0
0
0
0
0
0
1
217 118
0
0
0
0
0
0
0
0
0
0
0
0
1
218 52
0
0
0
0
0
0
1
219 143
0
1
220 140
0
0
0
0
0
0
0
0
0
0
0
0
0
0
0
0
0
0
0
0
0
1
221 101
1
222 50
0
0
0
0
0
0
0
1
223 116
0
1
224 182
0
0
0
0
0
0
0
0
1
225 100
1
226 3
0
0
1
227 135
0
0
0
1
228 165
0
1
229 100
0
0
1
230 122
0
0
0
0
1
231 148
0
1
232 17
0
0
0
0
1
233 68
0
0
0
0
1
234 112
1
235 131
0
0
0
1
236 97
0
0
0
0
0
0
0
0
0
0
1
237 147
0
0
0
1
238 112
0
1
239 38
1
240 67
0
0
1
241 32
0
0
0
0
1
242 13
0
0
0
0
1
243 190
0
0
1
244 183
1
245 57
0
0
0
0
0
0
0
1
246 103
0
0
0
0
0
0
0
0
1
247 80
0
1
248 89
0
0
0
0
0
0
0
0
1
249 186
0
1
250 27
0
0
0
0
1
251 168
0
0
0
1
252 58
1
253 73
0
0
0
1
254 88
0
0
0
0
0
0
0
0
0
0
0
0
0
1
255 139
0
0
1
256 133
0
0
0
0
0
0
0
0
1
257 129
0
0
0
0
1
258 159
0
1
259 13
1
260 56
1
261 18
1
262 191
1
263 66
0
1
264 167
1
265 121
0
0
0
0
0
1
266 26
1
267 176
0
0
0
1
268 147
1
269 69
0
1
270 101
1
271 126
0
0
1
272 37
1
273 162
1
274 31
0
1
275 35
0
1
276 71
1
277 5
0
1
278 149
0
0
0
0
0
1
279 35
0
0
0
0
0
0
0
1
280 167
0
0
0
1
281 119
1
282 165
0
1
283 177
0
1
284 164
0
0
0
0
0
0
1
285 163
1
286 61
0
0
0
0
1
287 51
1
288 169
1
289 176
1
290 179
1
291 175
1
292 120
0
0
0
0
0
0
0
0
0
0
1
293 41
0
1
294 163
0
0
0
0
1
295 53
1
296 106
0
1
297 162
0
1
298 183
1
299 26
0
0
0
0
1
300 94
0
0
1
301 8
0
0
0
0
0
1
302 121
0
0
0
0
1
303 140
0
0
0
0
1
304 138
0
1
305 81
0
0
0
0
0
0
0
0
0
0
0
0
0
1
306 15
1
307 85
1
308 70
1
309 112
0
1
310 142
0
0
0
1
311 128
0
0
1
312 112
1
313 115
0
1
314 3
1
315 161
0
1
316 84
0
0
1
317 169
0
1
318 172
1
319 72
0
0
0
0
0
1
320 29
1
321 142
0
0
1
322 85
1
323 133
1
324 63
1
325 27
1
326 197
1
327 28
0
0
0
0
0
0
1
328 39
1
329 32
0
1
330 117
1
331 199
0
0
1
332 129
1
333 66
1
334 151
1
335 144
1
336 163
1
337 191
0
0
0
0
0
0
1
338 174
0
0
0
0
1
339 49
1
340 189
0
1
341 66
0
0
1
342 163
0
0
0
0
0
0
0
0
0
0
0
0
0
0
0
0
0
0
1
343 187
0
0
0
0
0
0
0
0
0
0
0
0
0
0
0
1
344 135
0
1
345 47
0
0
0
1
346 82
0
1
347 82
1
348 30
1
349 145
0
0
0
0
0
1
350 166
0
0
1
351 164
0
0
0
1
352 64
1
353 40
0
0
1
354 29
1
355 126
0
0
0
0
1
356 144
0
1
357 157
1
358 149
0
1
359 40
0
0
0
0
0
0
0
0
0
0
0
0
0
0
1
360 56
1
361 78
0
0
0
0
0
1
362 38
0
0
0
1
363 164
1
364 135
1
365 150
0
0
0
0
1
366 11
0
0
1
367 129
0
0
0
0
0
0
1
368 145
0
1
369 57
0
0
0
1
370 105
1
371 78
0
1
372 183
0
0
0
0
1
373 58
0
0
0
1
374 203
0
0
1
375 45
0
0
0
0
1
376 83
1
377 177
0
1
378 25
0
0
0
0
1
379 15
0
0
1
380 26
0
1
381 7
1
382 188
1
383 35
0
0
0
1
384 67
0
0
0
0
1
385 174
0
0
0
0
0
0
0
0
0
1
386 96
0
0
0
0
0
0
0
1
387 104
1
388 128
1
389 116
1
390 202
0
0
0
0
0
0
0
0
1
391 11
1
392 4
0
1
393 37
0
0
0
0
1
394 51
0
1
395 84
1
396 135
0
0
0
0
0
0
0
0
0
0
0
1
397 116
0
0
1
398 43
1
399 25
0
0
1
400 139
1
401 154
1
402 126
0
0
0
1
403 150
1
404 138
0
0
0
1
405 25
0
0
1
406 73
0
0
0
0
0
0
1
407 36
0
1
408 7
1
409 140
1
410 52
1
411 200
1
412 34
0
0
1
413 17
1
414 157
1
415 126
1
416 121
1
417 102
0
0
0
1
418 134
0
1
419 132
0
1
420 49
1
421 41
0
1
422 159
0
0
0
1
423 81
0
0
1
424 188
0
0
0
0
0
1
425 92
1
426 5
0
1
427 116
0
0
1
428 34
1
429 59
0
0
0
1
430 165
0
0
0
0
0
0
0
0
0
0
0
0
0
0
0
1
431 23
1
432 162
0
0
1
433 154
0
0
0
0
0
0
1
434 104
1
435 179
0
1
436 131
1
437 124
0
1
438 60
0
1
439 200
1
440 32
1
441 127
0
0
0
1
442 134
1
443 41
0
1
444 32
1
445 202
0
0
1
446 112
1
447 197
0
0
0
1
448 170
0
1
449 197
1
450 126
0
0
1
451 94
1
452 47
0
0
0
0
0
0
0
0
0
1
453 110
0
1
454 160
1
455 112
0
1
456 38
0
0
0
0
0
0
0
0
1
457 56
0
0
0
1
458 38
0
0
0
0
0
0
1
459 62
0
1
460 99
0
1
461 160
0
0
0
1
462 178
1
463 192
0
1
464 75
0
0
0
0
0
0
0
1
465 136
0
1
466 9
0
0
1
467 187
1
468 54
0
1
469 108
0
0
0
1
470 18
0
1
471 120
0
1
472 112
0
1
473 74
0
0
0
1
474 69
1
475 117
1
476 168
1
477 123
1
478 31
0
0
0
0
0
0
1
479 197
0
1
480 151
1
481 90
0
1
482 20
0
0
1
483 21
0
0
0
1
484 101
0
0
1
485 56
0
1
486 127
1
487 159
0
0
0
1
488 126
0
0
1
489 119
0
1
490 147
1
491 17
0
0
0
0
1
492 100
0
0
0
1
493 37
0
0
0
0
1
494 110
1
495 15
1
496 182
1
497 15
0
0
1
498 38
1
499 66
1
500 34
0
0
0
0
1
501 115
1
502 163
0
1
503 37
1
504 75
0
0
1
505 91
1
506 54
1
507 132
1
508 53
0
1
509 90
0
0
0
0
0
0
1
510 53
0
1
511 169
1
512 120
0
0
0
0
0
1
513 2
1
514 82
0
0
0
1
515 36
0
1
516 133
0
0
0
0
1
517 41
0
1
518 61
0
0
1
519 194
1
520 32
1
521 192
0
0
0
0
1
522 14
0
0
0
0
0
0
1
523 195
1
524 163
1
525 143
0
0
1
526 22
0
1
527 90
0
1
528 104
1
529 112
1
530 76
0
1
531 173
1
532 58
1
533 15
0
0
1
534 161
1
535 92
0
1
536 110
1
537 180
0
0
1
538 176
0
1
539 2
1
540 52
1
541 14
0
1
542 7
0
0
0
1
543 42
1
544 12
1
545 91
0
0
0
1
546 16
1
547 39
0
1
548 173
1
549 58
0
1
550 164
1
551 147
1
552 160
0
0
0
1
553 89
0
0
1
554 58
0
1
555 189
1
556 96
1
557 119
0
0
0
1
558 62
0
0
0
1
559 157
1
560 187
0
0
0
0
0
0
1
561 171
0
1
562 188
0
1
563 58
1
564 54
0
0
0
0
1
565 196
0
0
0
0
0
0
0
0
0
1
566 38
0
1
567 65
1
568 8
0
0
0
1
569 128
1
570 21
1
571 100
1
572 30
1
573 164
0
1
574 86
0
0
0
0
1
575 140
0
1
576 91
0
1
577 50
0
0
1
578 130
0
1
579 80
1
580 112
0
0
0
0
0
1
581 112
1
582 149
1
583 128
0
0
0
1
584 38
0
0
1
585 40
1
586 60
1
587 112
0
1
588 204
0
0
1
589 24
0
0
0
1
590 67
0
0
1
591 92
0
0
1
592 81
0
1
593 161
0
0
1
594 15
0
1
595 62
0
0
1
596 79
0
0
0
0
1
597 109
0
1
598 100
0
0
0
1
599 81
0
1
600 134
0
0
0
1
601 50
0
1
602 118
0
1
603 54
1
604 135
0
0
1
605 85
0
1
606 121
1
607 100
1
608 67
1
609 25
1
610 54
1
611 146
0
0
0
0
1
612 67
0
0
0
1
613 78
0
0
0
1
614 29
0
1
615 86
0
1
616 39
0
1
617 26
1
618 84
0
0
0
1
619 88
0
1
620 165
0
1
621 118
0
1
622 67
1
623 62
0
0
0
0
0
1
624 171
0
0
1
625 103
1
626 127
0
0
0
0
1
627 171
0
1
628 82
1
629 116
1
630 117
0
1
631 164
1
632 96
1
633 50
1
634 28
0
0
1
635 62
1
636 197
1
637 73
0
0
0
0
0
0
1
638 185
0
0
0
0
0
0
1
639 9
1
640 146
0
1
641 22
0
0
0
1
642 77
0
1
643 3
0
0
1
644 158
0
0
0
0
0
1
645 74
1
646 132
0
1
647 205
1
648 71
1
649 53
0
0
1
650 176
0
0
0
0
0
1
651 55
0
1
652 33
0
0
1
653 189
1
654 180
0
0
1
655 96
0
0
0
0
1
656 130
0
0
1
657 30
0
0
0
0
1
658 73
0
1
659 73
1
660 187
0
1
661 104
0
0
0
0
0
0
1
662 176
0
0
1
663 75
1
664 36
0
1
665 204
0
1
666 5
0
0
0
0
0
1
667 3
0
1
668 153
1
669 63
0
1
670 164
0
0
0
0
1
671 28
0
0
0
1
672 54
0
0
0
1
673 130
0
0
0
1
674 110
0
0
0
1
675 2
1
676 15
1
677 37
0
0
1
678 80
0
0
0
0
0
1
679 178
0
0
0
0
0
0
1
680 83
0
0
1
681 58
0
0
0
1
682 72
0
0
0
0
0
0
1
683 127
0
0
0
0
0
0
0
1
684 17
0
0
0
1
685 88
0
0
0
0
1
686 101
0
1
687 33
0
0
1
688 201
0
1
689 56
1
690 202
1
691 32
1
692 40
1
693 47
0
0
0
1
694 68
0
0
1
695 96
0
0
1
696 62
1
697 34
0
0
1
698 7
1
699 40
1
700 28
0
0
1
701 25
0
0
1
702 8
1
703 203
1
704 172
0
1
705 10
0
1
706 28
0
0
1
707 110
0
1
708 147
0
1
709 129
0
0
1
710 39
0
1
711 176
0
0
1
712 144
1
713 182
1
714 110
0
0
0
1
715 188
0
1
716 39
0
0
0
1
717 149
0
0
0
0
0
0
0
0
1
718 140
0
0
1
719 146
1
720 193
1
721 81
0
1
722 187
0
1
723 118
0
1
724 16
1
725 87
0
0
1
726 156
0
1
727 92
0
0
0
0
1
728 204
1
729 40
0
0
0
0
1
730 51
0
0
0
0
1
731 100
1
732 107
1
733 44
0
0
1
734 7
1
735 81
1
736 43
0
0
0
1
737 2
0
1
738 116
0
1
739 29
1
740 163
1
741 180
0
1
742 72
0
0
0
0
1
743 114
0
0
1
744 76
0
1
745 195
1
746 140
0
0
1
747 97
1
748 149
1
749 203
1
750 165
0
0
1
751 97
1
752 96
0
0
1
753 27
1
754 39
0
1
755 54
1
756 52
0
0
1
757 125
1
758 181
0
0
0
0
0
0
1
759 140
0
1
760 49
1
761 55
0
1
762 193
1
763 108
1
764 183
1
765 19
0
0
0
1
766 161
0
1
767 187
0
0
1
768 104
1
769 195
1
770 93
0
0
1
771 130
0
0
0
1
772 188
0
0
1
773 168
0
1
774 110
1
775 74
0
0
0
0
0
0
1
776 58
0
0
0
1
777 79
1
778 141
0
0
1
779 29
1
780 193
0
1
781 80
0
1
782 62
1
783 23
0
0
1
784 19
0
1
785 159
1
786 149
0
1
787 203
0
1
788 117
0
1
789 52
1
790 71
1
791 156
0
0
0
1
792 66
1
793 203
0
1
794 98
1
795 25
1
796 73
0
1
797 76
0
1
798 160
0
0
0
0
0
1
799 203
1
800 15
1
801 139
1
802 150
0
0
1
803 99
1
804 32
1
805 80
0
0
1
806 113
0
0
1
807 127
0
0
0
0
0
0
0
0
1
808 13
1
809 157
0
0
0
0
1
810 107
0
1
811 34
0
0
0
0
0
0
0
1
812 85
0
0
0
1
813 147
0
0
1
814 47
0
0
1
815 197
0
1
816 104
1
817 151
0
1
818 121
1
819 173
0
0
0
0
0
0
0
0
1
820 100
1
821 15
1
822 203
1
823 55
0
0
0
1
824 38
1
825 55
0
1
826 143
0
0
0
0
0
0
1
827 116
0
0
1
828 10
1
829 31
1
830 91
0
1
831 186
1
832 126
1
833 123
0
0
1
834 135
1
835 63
1
836 16
1
837 102
1
838 158
0
1
839 37
1
840 85
1
841 159
1
842 74
1
843 81
1
844 32
0
0
0
1
845 21
0
1
846 183
0
1
847 70
0
0
0
0
1
848 149
0
0
0
1
849 94
0
0
1
850 112
0
1
851 82
1
852 39
0
0
0
0
1
853 193
0
0
0
1
854 120
0
1
855 70
0
0
1
856 206
0
1
857 32
0
1
858 80
0
1
859 174
1
860 105
1
861 24
1
862 161
0
0
1
863 95
1
864 128
0
1
865 166
0
1
866 111
1
867 171
0
0
0
0
1
868 21
1
869 185
0
0
0
1
870 61
1
871 56
1
872 197
0
0
1
873 122
1
874 100
1
875 79
0
0
0
1
876 52
1
877 36
1
878 117
1
879 73
1
880 33
1
881 161
1
882 102
0
0
0
0
1
883 30
0
1
884 165
1
885 2
1
886 156
0
1
887 115
1
888 122
1
889 83
0
0
0
0
0
1
890 197
1
891 131
0
0
0
1
892 87
1
893 20
1
894 22
1
895 194
0
0
0
1
896 112
0
1
897 102
0
1
898 120
0
1
899 155
0
1
900 173
0
1
901 163
0
0
1
902 124
0
1
903 165
0
1
904 189
1
905 126
0
1
906 88
0
1
907 46
1
908 32
1
909 175
1
910 36
0
0
1
911 77
0
0
1
912 204
1
913 98
0
0
0
0
1
914 171
1
915 22
0
0
0
1
916 170
0
0
0
1
917 116
0
0
0
1
918 59
1
919 68
1
920 18
1
921 20
1
922 200
1
923 2
1
924 56
1
925 170
0
0
1
926 75
1
927 90
1
928 27
1
929 153
0
0
1
930 152
1
931 103
1
932 147
1
933 203
1
934 94
1
935 96
1
936 92
1
937 141
1
938 147
0
0
1
939 115
1
940 176
0
0
1
941 53
1
942 97
1
943 25
0
0
1
944 12
1
945 147
1
946 96
0
1
947 204
1
948 121
0
0
1
949 26
0
0
1
950 70
0
1
951 82
1
952 168
0
1
953 159
1
954 153
1
955 154
0
1
956 204
0
0
0
0
1
957 20
0
1
958 91
1
959 37
1
960 9
1
961 73
1
962 187
0
0
0
0
0
0
0
1
963 205
1
964 200
1
965 138
1
966 133
1
967 203
1
968 203
1
969 51
0
0
1
970 156
1
971 149
0
0
1
972 116
1
973 22
1
974 48
0
0
0
0
0
1
975 163
1
976 123
1
977 31
1
978 169
1
979 39
1
980 26
1
981 101
0
1
982 4
1
983 21
1
984 104
1
985 133
0
1
986 164
1
987 82
1
988 53
0
1
989 50
1
990 112
0
0
1
991 135
1
992 109
0
1
993 61
1
994 64
0
0
1
995 135
1
996 100
1
997 18
0
1
998 31
0
1
999 134
1
1000 26
0
0
1
1001 25
1
1002 196
0
1
1003 176
1
1004 13
0
1
1005 130
1
1006 154
1
1007 53
0
0
1
1008 37
1
1009 122
1
1010 96
0
1
1011 123
1
1012 35
1
1013 64
1
1014 104
0
0
1
1015 193
0
0
0
0
1
1016 94
0
1
1017 13
1
1018 140
1
1019 50
1
1020 154
0
0
0
1
1021 198
0
1
1022 155
0
0
0
1
1023 193
1
1024 203
1
1025 58
0
0
1
1026 76
1
1027 205
0
0
1
1028 98
0
1
1029 205
0
1
1030 156
0
0
1
1031 2
1
1032 17
1
1033 31
0
1
1034 193
0
0
1
1035 174
1
1036 96
0
0
0
0
1
1037 149
1
1038 41
1
1039 79
1
1040 124
0
0
1
1041 20
0
0
1
1042 52
0
1
1043 2
1
1044 15
0
1
1045 92
1
1046 165
0
1
1047 178
0
1
1048 43
0
1
1049 135
1
1050 94
0
0
1
1051 24
0
0
0
1
1052 192
1
1053 62
0
1
1054 82
1
1055 151
1
1056 70
0
0
0
1
1057 94
0
1
1058 196
1
1059 122
1
1060 188
1
1061 164
1
1062 158
1
1063 196
1
1064 147
0
1
1065 85
0
1
1066 102
0
1
1067 126
0
1
1068 11
1
1069 75
0
0
0
0
1
1070 24
0
0
1
1071 30
1
1072 32
0
1
1073 194
0
1
1074 95
1
1075 102
1
1076 56
0
0
0
1
1077 171
1
1078 136
1
1079 155
0
1
1080 60
1
1081 129
1
1082 7
1
1083 84
1
1084 136
0
1
1085 54
1
1086 111
1
1087 13
0
0
1
1088 113
1
1089 119
1
1090 111
0
1
1091 107
0
0
0
1
1092 147
0
0
1
1093 69
1
1094 157
0
0
0
0
1
1095 106
1
1096 166
0
1
1097 19
1
1098 100
0
1
1099 173
1
1100 91
0
1
1101 149
0
1
1102 48
1
1103 144
1
1104 67
1
1105 152
1
1106 106
0
1
1107 30
1
1108 138
1
1109 141
1
1110 205
1
1111 137
1
1112 51
0
1
1113 126
1
1114 165
0
1
1115 114
1
1116 143
0
1
1117 200
1
1118 202
1
1119 114
0
0
1
1120 86
0
1
1121 199
0
0
0
0
0
1
1122 105
1
1123 116
0
1
1124 102
1
1125 33
1
1126 133
1
1127 23
0
0
0
1
1128 155
0
0
0
1
1129 94
1
1130 35
1
1131 87
1
1132 8
1
1133 120
0
0
0
0
0
0
0
1
1134 133
0
1
1135 18
1
1136 204
0
0
0
0
0
1
1137 125
1
1138 38
0
1
1139 48
1
1140 112
0
1
1141 107
0
0
1
1142 66
1
1143 163
1
1144 37
1
1145 108
1
1146 202
0
1
1147 80
0
0
1
1148 11
1
1149 154
0
1
1150 169
1
1151 95
1
1152 89
0
1
1153 20
0
0
1
1154 51
1
1155 169
1
1156 40
1
1157 37
0
0
1
1158 175
1
1159 30
1
1160 182
1
1161 189
1
1162 101
1
1163 149
1
1164 160
0
1
1165 43
1
1166 116
0
0
1
1167 60
1
1168 112
0
1
1169 7
1
1170 182
1
1171 104
0
1
1172 58
0
0
1
1173 25
0
1
1174 78
1
1175 94
0
1
1176 9
0
1
1177 191
1
1178 113
1
1179 16
0
0
1
1180 49
0
1
1181 46
0
1
1182 14
0
1
1183 52
1
1184 164
1
1185 7
1
1186 37
1
1187 59
1
1188 11
1
1189 23
1
1190 133
1
1191 206
1
1192 145
0
0
1
1193 6
1
1194 105
0
1
1195 133
0
1
1196 164
1
1197 121
0
1
1198 92
0
1
1199 133
1
1200 120
1
1201 166
1
1202 79
1
1203 186
0
0
0
0
1
1204 111
0
1
1205 168
1
1206 45
0
1
1207 29
0
0
0
1
1208 27
0
1
1209 165
1
1210 176
0
0
0
0
1
1211 3
1
1212 59
1
1213 7
1
1214 129
1
1215 89
1
1216 107
1
1217 53
1
1218 55
0
0
1
1219 3
1
1220 122
1
1221 174
0
0
1
1222 13
0
0
1
1223 175
0
1
1224 18
1
1225 202
1
1226 96
1
1227 7
0
0
1
1228 55
0
1
1229 156
1
1230 54
0
1
1231 156
1
1232 159
1
1233 5
0
1
1234 90
0
0
0
1
1235 147
1
1236 10
1
1237 163
1
1238 119
1
1239 152
0
0
0
1
1240 185
1
1241 41
1
1242 33
1
1243 51
1
1244 176
1
1245 118
0
1
1246 86
1
1247 149
0
1
1248 110
0
0
0
0
1
1249 80
0
0
1
1250 157
0
0
1
1251 36
1
1252 46
1
1253 188
1
1254 47
1
1255 100
1
1256 139
1
1257 94
0
1
1258 197
0
1
1259 47
0
1
1260 31
1
1261 52
1
1262 82
1
1263 100
1
1264 153
1
1265 3
1
1266 182
0
0
1
1267 173
1
1268 19
0
1
1269 192
0
1
1270 120
1
1271 195
1
1272 100
1
1273 132
1
1274 176
0
0
1
1275 131
0
0
1
1276 76
1
1277 132
1
1278 102
1
1279 14
0
0
1
1280 26
1
1281 52
1
1282 100
0
0
1
1283 94
1
1284 69
0
1
1285 173
1
1286 23
0
1
1287 75
1
1288 153
0
0
1
1289 102
1
1290 128
1
1291 17
1
1292 22
1
1293 71
0
1
1294 195
1
1295 98
1
1296 52
0
1
1297 160
0
1
1298 203
1
1299 9
1
1300 204
0
1
1301 85
0
0
1
1302 180
0
1
1303 67
1
1304 115
0
0
1
1305 197
1
1306 87
0
0
0
1
1307 27
0
1
1308 183
1
1309 138
0
0
1
1310 19
1
1311 42
0
1
1312 42
0
0
1
1313 83
0
0
0
1
1314 71
1
1315 200
1
1316 13
0
1
1317 99
1
1318 15
0
1
1319 176
1
1320 59
1
1321 126
1
1322 132
1
1323 49
0
0
1
1324 161
1
1325 105
1
1326 129
1
1327 35
0
1
1328 119
0
0
0
1
1329 59
0
0
1
1330 65
1
1331 202
0
0
0
1
1332 51
1
1333 101
1
1334 56
1
1335 96
0
1
1336 66
1
1337 127
0
0
0
0
1
1338 70
1
1339 186
0
1
1340 118
1
1341 116
1
1342 73
1
1343 185
1
1344 126
0
0
0
0
0
0
1
1345 175
1
1346 195
1
1347 100
0
1
1348 188
1
1349 15
0
0
0
1
1350 148
1
1351 13
0
1
1352 163
0
1
1353 55
0
0
0
1
1354 80
0
0
0
1
1355 10
1
1356 182
1
1357 31
1
1358 78
1
1359 201
0
1
1360 197
0
0
1
1361 12
0
0
1
1362 59
1
1363 203
1
1364 171
1
1365 141
1
1366 57
0
1
1367 149
0
0
1
1368 91
0
0
1
1369 63
0
0
1
1370 48
1
1371 197
0
1
1372 144
1
1373 153
1
1374 182
0
1
1375 104
1
1376 15
1
1377 202
0
1
1378 204
1
1379 147
0
1
1380 57
1
1381 52
1
1382 79
0
0
0
0
1
1383 146
0
1
1384 41
0
0
1
1385 78
0
0
0
1
1386 187
0
1
1387 175
0
1
1388 194
0
1
1389 37
1
1390 31
1
1391 8
0
0
0
0
1
1392 161
1
1393 16
1
1394 155
1
1395 66
1
1396 102
0
0
0
1
1397 145
0
1
1398 159
0
0
1
1399 167
1
1400 33
0
0
0
1
1401 68
1
1402 182
0
1
1403 152
0
1
1404 167
0
0
1
1405 90
0
0
1
1406 200
0
0
1
1407 191
0
0
1
1408 122
1
1409 190
0
0
1
1410 126
0
0
1
1411 63
1
1412 101
1
1413 126
0
1
1414 177
0
0
1
1415 170
1
1416 112
0
1
1417 58
1
1418 50
0
1
1419 94
1
1420 94
0
1
1421 164
0
1
1422 75
0
1
1423 54
1
1424 78
1
1425 75
1
1426 203
1
1427 40
0
0
1
1428 8
0
0
1
1429 186
1
1430 137
0
1
1431 8
0
0
1
1432 94
0
1
1433 40
1
1434 4
1
1435 170
1
1436 138
0
0
0
0
0
0
0
1
1437 56
1
1438 79
1
1439 174
0
1
1440 16
0
1
1441 87
1
1442 21
1
1443 134
0
1
1444 176
0
1
1445 10
0
0
0
0
1
1446 102
0
1
1447 13
1
1448 163
1
1449 96
1
1450 170
0
1
1451 150
0
1
1452 10
0
1
1453 196
1
1454 100
0
1
1455 70
0
1
1456 66
1
1457 94
1
1458 36
1
1459 28
1
1460 94
1
1461 40
1
1462 151
1
1463 177
1
1464 139
0
0
1
1465 96
0
1
1466 62
0
0
0
1
1467 116
0
1
1468 141
1
1469 130
1
1470 197
0
1
1471 137
1
1472 29
1
1473 32
0
0
0
1
1474 161
0
1
1475 126
0
0
0
1
1476 171
1
1477 100
1
1478 59
0
1
1479 59
1
1480 64
0
1
1481 101
1
1482 109
1
1483 156
0
1
1484 36
1
1485 58
1
1486 8
1
1487 95
1
1488 119
0
0
0
0
1
1489 183
0
0
1
1490 102
0
0
1
1491 184
1
1492 118
1
1493 12
1
1494 182
1
1495 13
1
1496 201
1
1497 102
1
1498 178
0
1
1499 104
0
1
1500 98
1
1501 200
1
1502 35
1
1503 130
1
1504 97
0
0
1
1505 115
1
1506 112
1
1507 58
1
1508 102
0
1
1509 172
0
0
0
0
1
1510 161
1
1511 23
0
0
1
1512 17
1
1513 200
1
1514 25
1
1515 126
1
1516 175
1
1517 64
1
1518 90
1
1519 46
0
1
1520 97
1
1521 148
1
1522 192
1
1523 182
0
0
1
1524 170
0
1
1525 140
1
1526 16
1
1527 20
0
0
1
1528 57
0
0
1
1529 195
1
1530 87
1
1531 190
1
1532 139
1
1533 43
1
1534 27
1
1535 9
1
1536 174
1
1537 187
0
1
1538 30
1
1539 16
1
1540 144
0
1
1541 122
1
1542 16
1
1543 129
1
1544 51
1
1545 146
1
1546 122
1
1547 91
1
1548 4
1
1549 58
0
1
1550 98
0
1
1551 137
1
1552 155
1
1553 14
1
1554 80
0
0
1
1555 74
0
0
1
1556 7
0
1
1557 197
1
1558 135
1
1559 125
0
0
0
0
1
1560 107
1
1561 177
0
1
1562 75
1
1563 92
1
1564 112
1
1565 75
1
1566 123
1
1567 176
1
1568 57
1
1569 38
1
1570 49
0
0
1
1571 73
0
0
1
1572 132
0
1
1573 56
1
1574 176
1
1575 56
1
1576 116
1
1577 128
1
1578 103
1
1579 51
0
1
1580 12
1
1581 102
0
1
1582 119
0
1
1583 96
1
1584 203
1
1585 47
0
1
1586 45
0
1
1587 98
1
1588 136
1
1589 172
1
1590 79
1
1591 141
1
1592 162
0
0
0
0
0
0
1
1593 152
0
1
1594 90
0
0
0
1
1595 76
1
1596 139
1
1597 165
0
0
0
1
1598 15
0
0
0
0
0
0
1
1599 78
1
1600 81
1
1601 167
0
1
1602 153
0
1
1603 117
0
1
1604 39
0
1
1605 203
0
1
1606 133
1
1607 43
1
1608 22
1
1609 79
0
0
1
1610 13
0
1
1611 19
1
1612 150
1
1613 91
1
1614 141
0
1
1615 83
1
1616 163
0
1
1617 103
0
0
1
1618 5
0
1
1619 58
1
1620 192
1
1621 152
1
1622 132
1
1623 113
1
1624 131
1
1625 12
0
1
1626 93
1
1627 126
1
1628 8
1
1629 200
1
1630 141
1
1631 175
1
1632 206
1
1633 73
0
1
1634 75
1
1635 75
1
1636 10
1
1637 51
0
0
1
1638 102
1
1639 145
1
1640 72
0
1
1641 58
1
1642 33
1
1643 107
0
1
1644 202
1
1645 59
1
1646 149
1
1647 37
0
0
1
1648 100
1
1649 56
1
1650 160
1
1651 90
1
1652 19
1
1653 3
1
1654 66
0
1
1655 64
0
1
1656 145
1
1657 171
1
1658 4
0
1
1659 182
1
1660 66
0
1
1661 98
1
1662 4
1
1663 32
1
1664 188
1
1665 128
1
1666 151
0
0
0
0
0
1
1667 91
0
0
1
1668 52
0
1
1669 164
1
1670 102
1
1671 24
1
1672 131
1
1673 55
1
1674 186
1
1675 119
0
0
0
0
1
1676 89
1
1677 163
0
0
1
1678 199
0
1
1679 37
0
0
0
1
1680 133
1
1681 97
0
0
1
1682 125
1
1683 97
1
1684 17
1
1685 151
0
1
1686 173
1
1687 37
1
1688 141
0
0
0
1
1689 163
1
1690 22
1
1691 148
1
1692 103
0
1
1693 31
1
1694 42
0
1
1695 41
1
1696 204
1
1697 159
1
1698 169
1
1699 146
1
1700 152
1
1701 188
0
1
1702 89
1
1703 162
1
1704 22
1
1705 173
0
0
1
1706 182
1
1707 139
1
1708 86
0
1
1709 38
1
1710 72
0
0
1
1711 170
0
1
1712 100
1
1713 89
1
1714 199
1
1715 9
0
1
1716 182
1
1717 56
1
1718 105
0
1
1719 40
1
1720 128
1
1721 22
0
1
1722 198
0
1
1723 90
1
1724 102
1
1725 28
0
1
1726 35
1
1727 201
1
1728 191
1
1729 133
1
1730 8
0
1
1731 183
0
1
1732 12
1
1733 192
1
1734 50
1
1735 107
1
1736 43
1
1737 131
1
1738 25
0
0
1
1739 168
1
1740 191
1
1741 2
1
1742 87
1
1743 159
1
1744 159
0
0
1
1745 148
0
1
1746 115
0
1
1747 88
1
1748 163
1
1749 206
1
1750 147
1
1751 203
1
1752 144
0
0
1
1753 59
1
1754 63
1
1755 49
1
1756 25
0
1
1757 54
1
1758 204
0
1
1759 98
1
1760 48
0
1
1761 3
1
1762 23
1
1763 29
0
1
1764 14
0
1
1765 163
1
1766 30
1
1767 73
1
1768 86
1
1769 121
0
0
0
1
1770 197
1
1771 136
1
1772 75
0
1
1773 140
1
1774 89
1
1775 69
1
1776 30
1
1777 44
0
1
1778 121
0
1
1779 98
0
1
1780 115
0
1
1781 73
1
1782 96
1
1783 192
1
1784 55
1
1785 203
1
1786 19
1
1787 42
1
1788 93
1
1789 204
0
1
1790 129
1
1791 11
0
1
1792 5
1
1793 184
1
1794 174
1
1795 44
1
1796 145
1
1797 29
1
1798 82
1
1799 114
1
1800 26
1
1801 187
0
1
1802 55
0
1
1803 169
1
1804 74
0
1
1805 95
1
1806 176
1
1807 172
1
1808 7
1
1809 44
0
0
0
1
1810 84
0
1
1811 121
0
1
1812 116
0
0
1
1813 94
1
1814 70
0
1
1815 115
0
1
1816 102
1
1817 7
0
1
1818 116
0
0
1
1819 60
1
1820 172
1
1821 62
1
1822 188
1
1823 152
1
1824 3
1
1825 180
1
1826 134
1
1827 206
1
1828 47
1
1829 31
0
0
0
1
1830 105
1
1831 101
0
0
0
1
1832 63
1
1833 72
1
1834 90
1
1835 116
0
0
1
1836 14
1
1837 176
0
0
1
1838 204
1
1839 19
1
1840 52
1
1841 90
1
1842 54
1
1843 18
1
1844 126
0
1
1845 76
1
1846 92
0
0
0
1
1847 13
1
1848 197
1
1849 58
0
0
1
1850 157
0
1
1851 127
1
1852 126
1
1853 32
0
0
1
1854 139
1
1855 178
1
1856 141
1
1857 3
1
1858 64
0
1
1859 199
1
1860 195
0
1
1861 97
0
0
1
1862 56
1
1863 152
1
1864 67
1
1865 188
1
1866 73
1
1867 18
0
0
1
1868 149
1
1869 77
1
1870 141
0
0
0
1
1871 32
0
1
1872 38
1
1873 25
1
1874 13
1
1875 90
1
1876 25
0
1
1877 61
1
1878 6
1
1879 139
0
1
1880 80
1
1881 163
0
1
1882 149
1
1883 18
0
0
1
1884 7
1
1885 91
1
1886 129
0
0
1
1887 179
1
1888 138
0
1
1889 89
0
1
1890 26
1
1891 155
1
1892 84
0
1
1893 7
0
1
1894 121
1
1895 148
1
1896 158
1
1897 133
1
1898 71
1
1899 149
0
1
1900 166
1
1901 194
1
1902 200
1
1903 180
1
1904 146
0
0
0
1
1905 203
1
1906 21
1
1907 124
0
1
1908 61
1
1909 123
1
1910 96
1
1911 134
1
1912 82
0
1
1913 52
1
1914 125
0
1
1915 174
0
0
1
1916 202
0
1
1917 137
1
1918 105
0
1
1919 167
1
1920 77
0
1
1921 65
0
1
1922 142
1
1923 83
0
0
1
1924 163
1
1925 82
1
1926 194
1
1927 66
1
1928 143
1
1929 191
1
1930 162
0
0
1
1931 89
1
1932 90
0
0
0
0
0
1
1933 57
0
1
1934 182
1
1935 5
0
1
1936 186
1
1937 176
1
1938 198
1
1939 188
1
1940 132
1
1941 49
1
1942 169
1
1943 173
1
1944 61
0
0
1
1945 129
1
1946 199
1
1947 43
1
1948 54
1
1949 75
0
1
1950 138
1
1951 17
1
1952 169
1
1953 188
1
1954 181
1
1955 116
1
1956 71
1
1957 4
0
1
1958 56
0
0
0
1
1959 151
1
1960 29
1
1961 142
0
1
1962 94
1
1963 70
1
1964 72
1
1965 206
1
1966 86
1
1967 41
1
1968 202
1
1969 75
1
1970 20
1
1971 194
1
1972 203
1
1973 38
0
0
1
1974 50
1
1975 152
1
1976 158
1
1977 126
0
1
1978 137
0
1
1979 123
1
1980 3
1
1981 19
1
1982 95
1
1983 49
0
0
0
1
1984 181
1
1985 181
1
1986 25
1
1987 60
1
1988 190
1
1989 134
1
1990 51
1
1991 180
1
1992 31
1
1993 129
1
1994 62
1
1995 35
1
1996 4
1
1997 133
1
1998 54
0
0
1
1999 14
0
1
2000 193
1
2001 46
0
1
2002 171
1
2003 9
1
2004 51
1
2005 33
1
2006 203
0
1
2007 57
0
1
2008 70
1
2009 13
1
2010 13
1
2011 119
0
1
2012 104
0
1
2013 124
1
2014 76
0
0
1
2015 162
1
2016 169
0
1
2017 157
1
2018 133
1
2019 3
0
1
2020 22
1
2021 91
0
1
2022 161
1
2023 196
0
0
1
2024 36
1
2025 198
1
2026 135
0
1
2027 58
1
2028 158
0
1
2029 7
1
2030 126
0
1
2031 141
0
1
2032 124
1
2033 17
0
0
0
1
2034 10
1
2035 169
1
2036 152
0
0
1
2037 111
1
2038 77
1
2039 184
1
2040 54
1
2041 64
1
2042 90
0
1
2043 33
1
2044 7
0
1
2045 160
0
1
2046 49
1
2047 42
1
2048 122
1
2049 195
1
2050 85
0
0
0
1
2051 143
1
2052 141
1
2053 186
1
2054 71
1
2055 180
1
2056 6
0
1
2057 35
1
2058 5
0
1
2059 197
1
2060 150
1
2061 187
0
0
1
2062 149
0
1
2063 64
1
2064 92
1
2065 100
1
2066 133
1
2067 84
1
2068 172
0
1
2069 182
1
2070 200
0
1
2071 172
0
1
2072 127
0
1
2073 171
1
2074 151
1
2075 173
1
2076 53
0
1
2077 100
0
0
1
2078 101
0
1
2079 95
0
1
2080 110
1
2081 84
0
1
2082 7
1
2083 195
0
1
2084 188
1
2085 167
1
2086 150
1
2087 149
0
0
0
1
2088 26
1
2089 90
0
1
2090 102
0
1
2091 121
1
2092 2
1
2093 74
1
2094 167
1
2095 105
1
2096 157
1
2097 67
1
2098 42
1
2099 63
1
2100 144
1
2101 138
1
2102 17
1
2103 69
1
2104 125
1
2105 191
0
1
2106 183
0
1
2107 29
1
2108 5
1
2109 56
0
1
2110 81
1
2111 124
1
2112 77
1
2113 73
1
2114 206
0
1
2115 197
0
1
2116 180
1
2117 27
1
2118 196
1
2119 109
0
1
2120 130
1
2121 55
1
2122 95
1
2123 65
0
0
1
2124 198
1
2125 13
1
2126 73
0
1
2127 201
1
2128 20
1
2129 139
1
2130 175
1
2131 82
1
2132 201
1
2133 175
0
1
2134 109
0
1
2135 103
1
2136 149
1
2137 75
0
1
2138 4
1
2139 192
1
2140 14
0
0
0
1
2141 100
1
2142 83
1
2143 195
1
2144 183
1
2145 41
1
2146 133
1
2147 86
1
2148 199
1
2149 78
1
2150 123
1
2151 196
1
2152 15
1
2153 100
1
2154 149
1
2155 150
0
0
0
1
2156 145
1
2157 86
1
2158 109
1
2159 197
1
2160 176
1
2161 59
0
0
1
2162 39
0
0
0
1
2163 150
0
1
2164 58
1
2165 22
1
2166 13
1
2167 189
1
2168 70
1
2169 188
1
2170 138
0
1
2171 190
1
2172 163
0
1
2173 183
0
1
2174 46
1
2175 131
1
2176 12
0
0
1
2177 3
1
2178 157
1
2179 117
1
2180 120
0
0
1
2181 106
1
2182 161
1
2183 54
1
2184 104
1
2185 158
1
2186 190
0
1
2187 3
1
2188 72
1
2189 164
1
2190 103
1
2191 89
1
2192 87
1
2193 157
0
0
1
2194 108
1
2195 63
1
2196 149
0
0
1
2197 176
1
2198 205
0
1
2199 187
1
2200 116
1
2201 101
0
0
1
2202 28
1
2203 60
0
0
1
2204 104
1
2205 54
1
2206 94
1
2207 172
1
2208 33
1
2209 58
1
2210 31
1
2211 185
1
2212 182
1
2213 176
1
2214 137
1
2215 13
1
2216 9
1
2217 173
1
2218 3
0
0
0
1
2219 13
0
1
2220 19
1
2221 126
0
1
2222 36
1
2223 169
1
2224 46
1
2225 36
1
2226 34
1
2227 102
1
2228 88
1
2229 99
1
2230 11
1
2231 141
1
2232 62
1
2233 66
0
0
1
2234 156
1
2235 37
0
1
2236 78
1
2237 89
1
2238 122
1
2239 116
1
2240 139
1
2241 205
1
2242 73
0
1
2243 193
0
0
1
2244 25
0
1
2245 125
0
0
1
2246 20
1
2247 193
1
2248 32
1
2249 107
1
2250 50
0
1
2251 173
1
2252 196
1
2253 3
1
2254 135
0
0
1
2255 163
1
2256 123
0
0
1
2257 30
0
1
2258 41
1
2259 53
1
2260 160
0
0
1
2261 183
1
2262 94
1
2263 49
1
2264 175
1
2265 87
1
2266 146
1
2267 25
1
2268 176
0
1
2269 13
1
2270 161
1
2271 176
1
2272 186
1
2273 160
1
2274 145
1
2275 60
0
0
1
2276 25
0
1
2277 106
0
1
2278 151
0
1
2279 160
1
2280 80
1
2281 116
1
2282 105
1
2283 191
1
2284 13
1
2285 184
1
2286 130
1
2287 36
0
1
2288 32
0
1
2289 137
1
2290 25
1
2291 73
1
2292 196
1
2293 150
0
0
0
1
2294 129
1
2295 112
1
2296 17
1
2297 49
1
2298 192
1
2299 10
0
1
2300 35
1
2301 62
1
2302 76
0
1
2303 204
1
2304 75
1
2305 111
0
1
2306 52
1
2307 103
0
1
2308 124
1
2309 52
0
1
2310 204
1
2311 75
1
2312 183
1
2313 107
1
2314 126
1
2315 36
0
1
2316 66
1
2317 67
0
1
2318 64
1
2319 196
1
2320 95
1
2321 78
1
2322 75
0
1
2323 146
0
1
2324 86
1
2325 60
1
2326 199
1
2327 58
0
1
2328 7
0
1
2329 173
1
2330 16
1
2331 51
1
2332 165
1
2333 23
1
2334 45
1
2335 111
1
2336 59
0
1
2337 116
1
2338 39
1
2339 157
1
2340 91
1
2341 5
1
2342 179
1
2343 12
1
2344 116
1
2345 172
1
2346 64
0
1
2347 191
1
2348 4
1
2349 129
1
2350 29
1
2351 203
1
2352 141
1
2353 143
1
2354 65
1
2355 165
0
1
2356 85
0
1
2357 173
1
2358 79
1
2359 190
0
0
0
1
2360 18
0
0
1
2361 96
1
2362 78
1
2363 27
1
2364 190
0
0
0
1
2365 12
1
2366 163
1
2367 5
0
1
2368 162
1
2369 141
1
2370 153
1
2371 32
1
2372 37
1
2373 160
0
0
1
2374 160
1
2375 24
1
2376 25
0
1
2377 67
1
2378 6
1
2379 190
1
2380 147
1
2381 21
1
2382 94
0
1
2383 74
1
2384 63
1
2385 148
1
2386 54
1
2387 7
1
2388 142
1
2389 86
1
2390 174
1
2391 166
1
2392 94
1
2393 6
1
2394 124
0
1
2395 34
0
1
2396 13
1
2397 147
1
2398 81
0
1
2399 115
1
2400 196
1
2401 204
1
2402 155
0
1
2403 93
1
2404 48
0
1
2405 68
1
2406 142
1
2407 89
1
2408 189
1
2409 202
1
2410 100
1
2411 119
1
2412 117
1
2413 126
1
2414 41
1
2415 20
1
2416 14
1
2417 175
1
2418 166
1
2419 65
1
2420 149
0
0
1
2421 194
1
2422 118
0
1
2423 58
1
2424 163
0
1
2425 179
1
2426 141
1
2427 133
1
2428 94
1
2429 168
0
0
0
0
0
1
2430 108
0
1
2431 149
1
2432 173
1
2433 43
0
1
2434 69
1
2435 16
1
2436 161
1
2437 111
1
2438 160
1
2439 188
1
2440 15
1
2441 195
0
1
2442 180
0
1
2443 116
1
2444 35
1
2445 49
1
2446 75
1
2447 175
1
2448 83
1
2449 119
1
2450 176
1
2451 72
1
2452 70
1
2453 4
1
2454 77
0
1
2455 137
1
2456 112
1
2457 143
1
2458 185
1
2459 65
1
2460 75
1
2461 18
1
2462 161
0
1
2463 47
1
2464 123
0
1
2465 28
1
2466 127
1
2467 59
0
1
2468 11
0
1
2469 176
1
2470 197
0
1
2471 60
1
2472 169
1
2473 43
1
2474 9
1
2475 162
1
2476 157
1
2477 170
0
1
2478 141
1
2479 94
1
2480 26
1
2481 13
0
0
1
2482 54
1
2483 202
1
2484 38
1
2485 117
1
2486 82
1
2487 74
1
2488 194
1
2489 185
1
2490 112
1
2491 3
1
2492 127
1
2493 83
1
2494 196
1
2495 205
1
2496 75
1
2497 27
1
2498 173
0
0
1
2499 119
1
2500 191
1
2501 63
1
2502 144
1
2503 197
0
1
2504 18
1
2505 87
1
2506 33
1
2507 199
1
2508 108
0
1
2509 112
1
2510 155
0
1
2511 19
1
2512 22
1
2513 13
0
1
2514 93
1
2515 26
1
2516 146
1
2517 126
1
2518 159
1
2519 123
1
2520 73
1
2521 61
0
1
2522 19
0
1
2523 204
1
2524 68
1
2525 137
1
2526 118
1
2527 62
1
2528 6
1
2529 63
1
2530 43
1
2531 197
1
2532 34
1
2533 129
1
2534 169
1
2535 100
1
2536 59
1
2537 119
1
2538 173
0
0
1
2539 54
0
1
2540 87
1
2541 45
1
2542 54
0
1
2543 24
1
2544 78
1
2545 30
1
2546 135
1
2547 174
1
2548 103
0
0
1
2549 190
1
2550 201
1
2551 113
1
2552 200
1
2553 120
0
1
2554 197
1
2555 126
1
2556 101
1
2557 7
1
2558 40
1
2559 176
1
2560 59
1
2561 110
1
2562 102
1
2563 198
1
2564 73
1
2565 122
1
2566 169
0
1
2567 88
1
2568 56
1
2569 127
1
2570 180
1
2571 50
1
2572 85
1
2573 85
1
2574 14
0
1
2575 134
1
2576 150
1
2577 163
0
1
2578 161
1
2579 192
1
2580 175
1
2581 84
1
2582 122
1
2583 195
1
2584 43
0
1
2585 52
1
2586 195
0
1
2587 203
1
2588 5
1
2589 19
1
2590 129
1
2591 104
1
2592 11
1
2593 7
1
2594 185
1
2595 68
1
2596 118
1
2597 97
1
2598 138
1
2599 58
1
2600 75
1
2601 166
1
2602 77
1
2603 177
1
2604 90
1
2605 98
1
2606 162
0
1
2607 125
1
2608 97
1
2609 112
1
2610 156
1
2611 12
0
1
2612 58
1
2613 12
1
2614 201
1
2615 35
1
2616 32
1
2617 166
1
2618 150
1
2619 169
0
1
2620 56
0
1
2621 134
1
2622 170
1
2623 59
1
2624 21
1
2625 78
0
0
1
2626 103
1
2627 192
1
2628 33
1
2629 43
1
2630 203
1
2631 201
0
1
2632 36
0
1
2633 204
0
1
2634 154
1
2635 188
1
2636 57
1
2637 174
1
2638 188
1
2639 8
1
2640 118
1
2641 153
0
1
2642 8
1
2643 115
0
1
2644 23
1
2645 136
1
2646 53
1
2647 23
1
2648 84
1
2649 176
1
2650 174
1
2651 44
1
2652 108
1
2653 185
1
2654 113
1
2655 127
0
0
1
2656 137
0
1
2657 18
1
2658 42
1
2659 130
1
2660 141
1
2661 28
0
1
2662 26
1
2663 187
0
1
2664 148
1
2665 170
1
2666 119
1
2667 100
1
2668 149
1
2669 33
1
2670 13
0
1
2671 37
1
2672 75
1
2673 189
0
1
2674 110
1
2675 187
1
2676 25
1
2677 180
1
2678 106
1
2679 168
1
2680 108
1
2681 146
0
1
2682 182
1
2683 111
1
2684 154
1
2685 100
1
2686 198
1
2687 89
1
2688 30
1
2689 141
1
2690 149
1
2691 99
1
2692 54
0
1
2693 182
1
2694 189
1
2695 53
1
2696 133
1
2697 190
1
2698 196
1
2699 151
1
2700 24
1
2701 54
1
2702 165
1
2703 42
1
2704 73
0
1
2705 203
1
2706 19
1
2707 140
1
2708 154
1
2709 138
1
2710 7
1
2711 90
1
2712 57
0
1
2713 105
1
2714 79
1
2715 55
0
0
1
2716 201
0
1
2717 31
1
2718 136
1
2719 199
1
2720 66
1
2721 129
1
2722 26
1
2723 58
1
2724 197
1
2725 101
1
2726 46
0
1
2727 181
1
2728 111
1
2729 176
1
2730 138
1
2731 118
1
2732 203
1
2733 141
1
2734 53
1
2735 134
1
2736 21
1
2737 176
1
2738 133
1
2739 78
1
2740 40
1
2741 58
1
2742 167
1
2743 132
1
2744 99
1
2745 29
1
2746 181
1
2747 94
1
2748 201
1
2749 179
1
2750 147
0
0
1
2751 192
0
1
2752 154
1
2753 64
1
2754 35
1
2755 133
1
2756 165
1
2757 99
1
2758 68
1
2759 26
0
1
2760 98
1
2761 177
1
2762 38
1
2763 176
1
2764 93
0
1
2765 108
1
2766 117
0
1
2767 52
0
1
2768 182
1
2769 106
1
2770 17
1
2771 6
0
1
2772 116
1
2773 17
1
2774 165
1
2775 105
1
2776 78
1
2777 102
1
2778 157
1
2779 97
1
2780 122
1
2781 81
1
2782 26
0
1
2783 173
1
2784 123
1
2785 41
1
2786 58
1
2787 144
1
2788 82
1
2789 180
1
2790 64
0
1
2791 48
1
2792 172
1
2793 132
1
2794 182
1
2795 6
1
2796 61
1
2797 9
1
2798 46
1
2799 197
1
2800 22
1
2801 3
1
2802 197
1
2803 91
0
0
0
1
2804 53
1
2805 16
1
2806 89
1
2807 133
1
2808 26
1
2809 138
1
2810 145
1
2811 48
1
2812 53
1
2813 40
1
2814 82
1
2815 19
1
2816 109
1
2817 52
1
2818 39
1
2819 35
1
2820 126
1
2821 59
1
2822 112
0
1
2823 3
0
1
2824 110
1
2825 9
1
2826 130
0
1
2827 161
0
1
2828 123
1
2829 202
1
2830 178
1
2831 162
1
2832 116
0
1
2833 205
1
2834 38
1
2835 66
1
2836 143
1
2837 30
0
1
2838 57
0
1
2839 57
1
2840 132
1
2841 27
1
2842 165
1
2843 44
1
2844 96
1
2845 44
1
2846 141
1
2847 176
0
1
2848 188
1
2849 34
1
2850 121
1
2851 83
1
2852 165
1
2853 126
1
2854 159
1
2855 129
0
1
2856 73
1
2857 190
1
2858 94
1
2859 143
1
2860 78
0
1
2861 127
1
2862 202
1
2863 194
1
2864 136
1
2865 128
1
2866 74
1
2867 14
1
2868 52
1
2869 148
1
2870 132
1
2871 155
1
2872 23
1
2873 87
1
2874 120
1
2875 199
1
2876 24
1
2877 5
1
2878 112
1
2879 169
1
2880 192
1
2881 100
1
2882 8
1
2883 201
1
2884 57
1
2885 38
1
2886 56
1
2887 25
1
2888 72
1
2889 203
1
2890 102
1
2891 206
1
2892 189
1
2893 106
0
1
2894 34
0
1
2895 68
1
2896 64
1
2897 13
0
1
2898 92
1
2899 53
1
2900 148
1
2901 76
0
1
2902 80
1
2903 73
1
2904 61
1
2905 137
0
1
2906 73
1
2907 28
1
2908 37
1
2909 128
1
2910 114
1
2911 172
1
2912 46
1
2913 178
1
2914 158
1
2915 173
1
2916 200
1
2917 174
1
2918 82
1
2919 168
1
2920 42
1
2921 176
1
2922 202
1
2923 88
1
2924 53
1
2925 113
1
2926 52
1
2927 96
1
2928 25
1
2929 106
1
2930 176
0
1
2931 68
1
2932 83
1
2933 87
1
2934 187
1
2935 97
1
2936 167
1
2937 54
1
2938 9
1
2939 140
1
2940 8
0
1
2941 170
0
1
2942 103
1
2943 129
1
2944 2
0
1
2945 185
1
2946 112
1
2947 54
1
2948 142
0
1
2949 176
0
1
2950 149
1
2951 133
1
2952 81
1
2953 5
1
2954 127
1
2955 116
1
2956 28
1
2957 204
0
1
2958 133
1
2959 201
1
2960 204
1
2961 150
1
2962 141
0
0
1
2963 159
1
2964 192
1
2965 188
1
2966 142
1
2967 194
0
1
2968 148
1
2969 71
1
2970 134
0
1
2971 69
0
1
2972 185
1
2973 70
1
2974 46
1
2975 35
1
2976 148
1
2977 92
1
2978 10
1
2979 24
1
2980 75
1
2981 22
0
0
1
2982 96
1
2983 164
0
1
2984 101
1
2985 161
1
2986 165
1
2987 94
1
2988 52
1
2989 121
1
2990 177
1
2991 53
0
1
2992 115
1
2993 118
0
1
2994 55
1
2995 7
1
2996 204
1
2997 65
1
2998 14
1
2999 75
1
3000 57
1
3001 122
1
3002 13
1
3003 125
1
3004 201
1
3005 11
1
3006 72
0
1
3007 149
1
3008 35
1
3009 69
0
0
1
3010 141
1
3011 68
1
3012 52
1
3013 116
1
3014 29
1
3015 52
1
3016 147
1
3017 150
1
3018 29
1
3019 205
1
3020 83
1
3021 23
1
3022 199
1
3023 21
1
3024 98
1
3025 53
1
3026 8
1
3027 148
1
3028 112
1
3029 170
1
3030 40
0
0
0
1
3031 4
1
3032 206
1
3033 52
0
1
3034 45
1
3035 91
1
3036 65
1
3037 169
1
3038 60
1
3039 74
1
3040 181
1
3041 203
1
3042 135
1
3043 41
1
3044 189
1
3045 157
1
3046 25
1
3047 45
1
3048 102
1
3049 52
1
3050 23
1
3051 82
1
3052 73
1
3053 200
1
3054 131
1
3055 13
1
3056 150
1
3057 54
1
3058 171
1
3059 171
1
3060 27
1
3061 27
1
3062 124
1
3063 97
0
1
3064 149
0
1
3065 148
1
3066 29
1
3067 37
1
3068 136
1
3069 117
1
3070 156
1
3071 90
1
3072 139
1
3073 4
0
1
3074 56
1
3075 112
1
3076 174
1
3077 36
1
3078 102
1
3079 200
0
1
3080 156
1
3081 3
1
3082 68
1
3083 206
1
3084 79
1
3085 146
0
1
3086 137
1
3087 174
0
1
3088 133
1
3089 131
1
3090 141
1
3091 10
1
3092 84
1
3093 17
1
3094 141
1
3095 173
0
1
3096 133
1
3097 55
1
3098 56
1
3099 58
1
3100 46
1
3101 116
1
3102 26
1
3103 40
0
1
3104 169
1
3105 174
1
3106 147
0
1
3107 145
1
3108 199
1
3109 174
1
3110 179
1
3111 56
1
3112 155
1
3113 40
0
1
3114 113
1
3115 137
1
3116 200
1
3117 41
1
3118 102
1
3119 130
1
3120 15
1
3121 180
1
3122 201
1
3123 27
1
3124 89
1
3125 81
1
3126 180
0
0
1
3127 204
1
3128 205
1
3129 162
0
1
3130 203
1
3131 96
1
3132 112
1
3133 65
1
3134 66
1
3135 41
1
3136 11
1
3137 36
1
3138 108
1
3139 11
1
3140 202
1
3141 68
1
3142 101
1
3143 19
1
3144 133
1
3145 158
1
3146 55
1
3147 7
1
3148 112
1
3149 16
1
3150 47
0
1
3151 176
1
3152 133
1
3153 73
1
3154 60
1
3155 94
0
1
3156 81
1
3157 186
1
3158 115
1
3159 196
1
3160 26
1
3161 6
1
3162 73
1
3163 25
1
3164 27
1
3165 132
1
3166 149
1
3167 141
1
3168 138
1
3169 67
1
3170 96
1
3171 156
1
3172 27
1
3173 9
1
3174 183
1
3175 44
1
3176 135
1
3177 100
1
3178 41
1
3179 99
1
3180 125
1
3181 114
1
3182 128
1
3183 113
1
3184 68
1
3185 39
1
3186 196
1
3187 50
1
3188 102
0
1
3189 125
1
3190 166
1
3191 60
1
3192 164
0
0
1
3193 34
1
3194 169
1
3195 2
1
3196 91
1
3197 91
1
3198 18
0
0
1
3199 111
1
3200 124
1
3201 21
1
3202 76
1
3203 150
0
1
3204 203
1
3205 199
1
3206 30
1
3207 40
1
3208 75
1
3209 200
1
3210 83
1
3211 60
1
3212 112
1
3213 106
1
3214 141
1
3215 33
1
3216 67
1
3217 199
1
3218 185
1
3219 44
1
3220 106
1
3221 197
1
3222 125
1
3223 3
0
1
3224 53
1
3225 148
1
3226 83
1
3227 34
1
3228 139
1
3229 184
1
3230 42
1
3231 52
1
3232 79
0
1
3233 112
1
3234 117
1
3235 3
1
3236 116
1
3237 4
1
3238 43
1
3239 144
1
3240 122
1
3241 138
1
3242 21
1
3243 94
1
3244 99
1
3245 205
1
3246 2
1
3247 87
1
3248 110
1
3249 142
1
3250 30
1
3251 110
1
3252 111
1
3253 188
1
3254 139
1
3255 52
1
3256 15
1
3257 107
1
3258 44
1
3259 7
1
3260 102
1
3261 32
1
3262 50
1
3263 162
1
3264 203
1
3265 22
1
3266 22
1
3267 67
1
3268 26
1
3269 74
1
3270 162
1
3271 10
1
3272 78
1
3273 198
1
3274 53
1
3275 90
0
1
3276 38
1
3277 111
1
3278 52
1
3279 194
1
3280 17
1
3281 147
1
3282 126
1
3283 169
1
3284 29
1
3285 134
1
3286 116
1
3287 78
1
3288 94
1
3289 46
1
3290 152
0
1
3291 120
1
3292 112
1
3293 12
1
3294 9
1
3295 112
1
3296 10
1
3297 78
1
3298 99
1
3299 59
1
3300 201
1
3301 163
1
3302 173
1
3303 45
1
3304 51
1
3305 29
1
3306 112
1
3307 86
1
3308 177
1
3309 37
0
1
3310 7
1
3311 165
1
3312 10
0
1
3313 206
1
3314 173
1
3315 130
1
3316 31
1
3317 159
1
3318 102
0
1
3319 125
1
3320 115
1
3321 104
1
3322 86
1
3323 119
1
3324 174
1
3325 72
1
3326 130
1
3327 3
1
3328 97
1
3329 41
1
3330 11
1
3331 33
1
3332 155
1
3333 52
1
3334 105
1
3335 43
1
3336 156
1
3337 116
1
3338 197
1
3339 120
1
3340 20
1
3341 108
0
1
3342 117
1
3343 36
1
3344 203
1
3345 174
1
3346 52
1
3347 109
1
3348 199
1
3349 6
1
3350 90
1
3351 65
1
3352 109
1
3353 107
1
3354 181
1
3355 9
1
3356 138
1
3357 26
0
0
1
3358 170
1
3359 69
1
3360 193
1
3361 20
1
3362 98
1
3363 57
1
3364 116
1
3365 76
1
3366 126
1
3367 133
1
3368 18
1
3369 174
0
1
3370 150
1
3371 126
1
3372 151
1
3373 39
1
3374 108
1
3375 72
1
3376 141
1
3377 40
1
3378 148
1
3379 100
1
3380 200
1
3381 167
1
3382 94
1
3383 79
1
3384 110
1
3385 14
1
3386 90
1
3387 134
1
3388 109
0
1
3389 193
1
3390 11
1
3391 169
1
3392 52
1
3393 51
1
3394 104
1
3395 52
1
3396 42
1
3397 182
1
3398 159
1
3399 90
1
3400 181
1
3401 112
1
3402 136
0
1
3403 205
1
3404 149
0
1
3405 174
1
3406 189
1
3407 35
1
3408 73
1
3409 184
0
0
1
3410 112
1
3411 79
1
3412 64
1
3413 112
1
3414 57
1
3415 13
1
3416 108
1
3417 155
0
1
3418 197
1
3419 103
1
3420 32
1
3421 130
1
3422 182
1
3423 8
1
3424 7
0
1
3425 184
1
3426 112
1
3427 42
1
3428 106
1
3429 165
1
3430 66
1
3431 58
1
3432 183
1
3433 8
1
3434 170
1
3435 119
1
3436 86
1
3437 134
1
3438 30
1
3439 3
1
3440 199
1
3441 31
1
3442 101
1
3443 13
1
3444 123
1
3445 176
1
3446 47
1
3447 201
1
3448 148
1
3449 2
0
1
3450 19
1
3451 69
1
3452 21
1
3453 81
1
3454 78
1
3455 167
1
3456 53
1
3457 111
1
3458 149
1
3459 56
1
3460 91
1
3461 173
1
3462 46
1
3463 174
1
3464 65
1
3465 63
1
3466 196
1
3467 53
1
3468 164
1
3469 174
1
3470 196
1
3471 38
1
3472 185
1
3473 23
1
3474 25
1
3475 109
1
3476 121
1
3477 167
1
3478 13
1
3479 141
1
3480 205
1
3481 52
1
3482 131
1
3483 102
1
3484 197
1
3485 120
1
3486 188
1
3487 76
1
3488 114
0
0
1
3489 15
1
3490 132
1
3491 121
1
3492 90
1
3493 204
1
3494 19
1
3495 130
1
3496 105
1
3497 203
1
3498 196
1
3499 73
1
3500 95
1
3501 188
1
3502 61
1
3503 197
1
3504 204
1
3505 204
1
3506 142
1
3507 97
1
3508 170
1
3509 103
1
3510 144
1
3511 116
1
3512 45
0
0
0
1
3513 89
1
3514 109
1
3515 112
1
3516 181
1
3517 196
1
3518 13
1
3519 169
1
3520 72
1
3521 17
1
3522 142
1
3523 127
1
3524 181
0
1
3525 90
1
3526 50
1
3527 201
1
3528 82
0
1
3529 196
0
1
3530 88
1
3531 24
1
3532 106
1
3533 10
1
3534 14
1
3535 5
1
3536 97
1
3537 163
1
3538 62
1
3539 156
1
3540 132
1
3541 152
1
3542 150
1
3543 180
1
3544 182
1
3545 74
1
3546 92
1
3547 150
1
3548 29
1
3549 137
1
3550 147
1
3551 206
1
3552 43
1
3553 4
1
3554 130
1
3555 132
1
3556 149
1
3557 63
1
3558 31
0
1
3559 147
0
1
3560 132
1
3561 3
1
3562 37
1
3563 75
1
3564 4
1
3565 79
1
3566 89
1
3567 93
1
3568 163
1
3569 109
1
3570 129
1
3571 165
1
3572 171
1
3573 172
1
3574 100
1
3575 6
1
3576 9
1
3577 196
1
3578 105
0
0
1
3579 85
1
3580 141
1
3581 56
1
3582 176
1
3583 69
1
3584 72
1
3585 81
1
3586 197
1
3587 86
1
3588 121
1
3589 100
1
3590 93
1
3591 169
1
3592 140
1
3593 205
1
3594 133
1
3595 189
1
3596 16
1
3597 7
1
3598 179
1
3599 3
1
3600 118
1
3601 12
1
3602 147
1
3603 87
0
0
1
3604 169
1
3605 139
1
3606 44
1
3607 173
1
3608 80
1
3609 185
1
3610 41
1
3611 31
1
3612 3
1
3613 53
1
3614 81
1
3615 74
1
3616 171
1
3617 201
1
3618 203
1
3619 194
1
3620 50
1
3621 89
1
3622 100
1
3623 143
1
3624 156
1
3625 49
1
3626 201
1
3627 184
1
3628 52
1
3629 49
1
3630 61
1
3631 200
1
3632 135
1
3633 60
1
3634 94
1
3635 18
1
3636 161
1
3637 76
1
3638 93
1
3639 191
1
3640 55
1
3641 20
1
3642 142
1
3643 129
1
3644 51
1
3645 172
1
3646 56
1
3647 73
0
1
3648 126
1
3649 162
1
3650 133
1
3651 200
1
3652 123
0
1
3653 197
1
3654 112
1
3655 136
1
3656 16
1
3657 100
1
3658 108
1
3659 16
1
3660 196
1
3661 117
1
3662 95
1
3663 123
1
3664 149
1
3665 59
1
3666 201
0
1
3667 47
1
3668 58
1
3669 196
1
3670 48
1
3671 26
1
3672 191
1
3673 93
1
3674 131
1
3675 161
1
3676 179
1
3677 125
1
3678 101
1
3679 34
1
3680 131
1
3681 188
1
3682 203
1
3683 120
1
3684 40
1
3685 115
1
3686 113
1
3687 61
1
3688 81
1
3689 153
1
3690 154
1
3691 161
0
1
3692 150
1
3693 165
1
3694 173
1
3695 65
1
3696 176
1
3697 197
1
3698 141
1
3699 78
1
3700 58
1
3701 24
1
3702 37
1
3703 24
1
3704 6
1
3705 95
1
3706 4
1
3707 151
1
3708 13
1
3709 182
1
3710 124
1
3711 38
1
3712 58
1
3713 206
1
3714 122
1
3715 195
1
3716 92
0
1
3717 54
1
3718 161
1
3719 163
1
3720 188
1
3721 116
1
3722 97
1
3723 80
1
3724 2
1
3725 168
1
3726 168
1
3727 34
1
3728 79
1
3729 184
1
3730 78
1
3731 78
1
3732 114
1
3733 111
1
3734 139
1
3735 148
1
3736 3
1
3737 25
1
3738 43
1
3739 173
1
3740 162
1
3741 157
1
3742 94
1
3743 4
1
3744 164
1
3745 69
0
1
3746 152
1
3747 29
1
3748 148
1
3749 170
1
3750 169
1
3751 58
1
3752 199
1
3753 95
1
3754 97
1
3755 106
1
3756 155
1
3757 17
1
3758 19
1
3759 95
1
3760 190
1
3761 202
1
3762 34
0
1
3763 21
1
3764 175
1
3765 94
1
3766 68
1
3767 32
1
3768 7
1
3769 167
1
3770 205
1
3771 40
1
3772 82
1
3773 44
1
3774 47
1
3775 179
1
3776 184
1
3777 40
1
3778 160
1
3779 17
1
3780 196
1
3781 166
1
3782 81
1
3783 154
1
3784 170
1
3785 81
1
3786 51
1
3787 20
1
3788 32
1
3789 12
1
3790 133
1
3791 30
1
3792 149
1
3793 116
1
3794 24
1
3795 193
1
3796 37
1
3797 13
1
3798 30
1
3799 16
1
3800 174
1
3801 46
1
3802 27
1
3803 203
1
3804 135
1
3805 18
1
3806 127
1
3807 131
1
3808 124
1
3809 107
1
3810 19
1
3811 40
1
3812 56
1
3813 143
1
3814 71
1
3815 74
1
3816 28
1
3817 67
1
3818 53
1
3819 53
1
3820 41
1
3821 144
1
3822 133
1
3823 141
1
3824 148
1
3825 24
1
3826 2
1
3827 172
1
3828 58
1
3829 116
1
3830 84
1
3831 181
1
3832 43
1
3833 87
1
3834 5
1
3835 121
1
3836 204
1
3837 66
0
1
3838 42
1
3839 33
1
3840 23
1
3841 205
1
3842 61
1
3843 203
1
3844 121
1
3845 182
1
3846 177
1
3847 22
1
3848 109
1
3849 120
1
3850 186
1
3851 12
1
3852 111
1
3853 74
1
3854 136
1
3855 185
1
3856 46
1
3857 163
1
3858 45
1
3859 100
1
3860 13
1
3861 96
1
3862 137
1
3863 40
1
3864 77
1
3865 101
1
3866 24
1
3867 89
1
3868 54
1
3869 97
1
3870 59
1
3871 50
1
3872 104
1
3873 167
1
3874 166
1
3875 25
1
3876 116
1
3877 156
1
3878 104
1
3879 120
1
3880 76
1
3881 19
1
3882 186
1
3883 35
1
3884 16
1
3885 142
1
3886 75
1
3887 91
1
3888 122
1
3889 55
1
3890 16
1
3891 30
1
3892 96
1
3893 156
1
3894 162
1
3895 116
1
3896 175
1
3897 140
1
3898 92
1
3899 64
1
3900 29
1
3901 85
1
3902 148
1
3903 16
1
3904 171
1
3905 6
1
3906 161
1
3907 70
1
3908 33
1
3909 100
1
3910 200
1
3911 117
1
3912 57
1
3913 55
1
3914 169
1
3915 35
1
3916 146
1
3917 87
1
3918 24
1
3919 16
1
3920 159
1
3921 75
1
3922 26
1
3923 116
1
3924 101
1
3925 191
1
3926 71
1
3927 164
1
3928 180
1
3929 133
1
3930 120
1
3931 9
1
3932 202
1
3933 78
1
3934 202
1
3935 115
1
3936 51
1
3937 186
1
3938 190
1
3939 121
1
3940 154
1
3941 198
1
3942 75
1
3943 95
1
3944 108
1
3945 24
1
3946 9
1
3947 93
1
3948 170
1
3949 124
1
3950 61
1
3951 6
1
3952 173
1
3953 115
1
3954 197
1
3955 63
1
3956 6
1
3957 205
1
3958 63
1
3959 38
1
3960 187
1
3961 41
1
3962 123
1
3963 72
1
3964 160
1
3965 17
1
3966 188
1
3967 16
1
3968 169
1
3969 110
1
3970 34
1
3971 163
1
3972 141
1
3973 184
1
3974 123
1
3975 49
1
3976 101
1
3977 37
1
3978 97
1
3979 153
1
3980 133
1
3981 61
1
3982 115
1
3983 116
1
3984 141
1
3985 43
1
3986 68
1
3987 137
1
3988 103
1
3989 176
1
3990 206
1
3991 100
1
3992 165
1
3993 109
1
3994 71
1
3995 62
1
3996 163
1
3997 128
1
3998 165
1
3999 182
1
4000 137
1
4001 149
1
4002 179
1
4003 73
1
4004 182
1
4005 102
1
4006 53
1
4007 149
1
4008 68
1
4009 52
1
4010 27
1
4011 141
1
4012 23
1
4013 141
1
4014 175
1
4015 20
1
4016 122
1
4017 172
1
4018 192
1
4019 128
1
4020 203
1
4021 129
1
4022 72
1
4023 154
1
4024 92
1
4025 15
1
4026 76
1
4027 176
1
4028 23
1
4029 197
1
4030 98
1
4031 202
1
4032 157
1
4033 155
1
4034 11
0
0
1
4035 176
1
4036 11
1
4037 112
1
4038 67
1
4039 47
1
4040 197
1
4041 97
1
4042 70
1
4043 185
0
1
4044 122
1
4045 22
1
4046 119
1
4047 173
1
4048 64
1
4049 124
1
4050 96
1
4051 189
1
4052 176
1
4053 198
1
4054 19
1
4055 86
1
4056 86
1
4057 198
1
4058 96
1
4059 32
1
4060 13
1
4061 27
1
4062 65
1
4063 196
1
4064 181
1
4065 113
1
4066 133
1
4067 131
1
4068 21
0
1
4069 16
1
4070 56
0
1
4071 201
1
4072 76
1
4073 176
0
1
4074 200
1
4075 190
1
4076 134
1
4077 197
1
4078 133
1
4079 88
1
4080 96
1
4081 195
1
4082 7
1
4083 42
1
4084 52
1
4085 75
1
4086 73
1
4087 141
1
4088 62
1
4089 58
1
4090 38
1
4091 170
1
4092 35
1
4093 88
1
4094 129
1
4095 23
1
4096 87
0
1
4097 17
1
4098 51
1
4099 170
1
4100 107
1
4101 185
0
1
4102 47
1
4103 46
1
4104 73
0
1
4105 15
1
4106 155
1
4107 94
1
4108 155
1
4109 175
1
4110 133
1
4111 167
1
4112 153
1
4113 42
1
4114 197
0
1
4115 15
0
1
4116 102
1
4117 6
1
4118 185
1
4119 120
1
4120 56
1
4121 200
0
1
4122 62
1
4123 32
1
4124 87
1
4125 7
1
4126 169
1
4127 111
1
4128 178
1
4129 191
1
4130 91
1
4131 39
1
4132 175
1
4133 75
1
4134 158
1
4135 34
1
4136 33
1
4137 184
1
4138 129
1
4139 93
0
1
4140 72
1
4141 75
1
4142 73
1
4143 45
1
4144 82
1
4145 94
1
4146 62
1
4147 84
0
0
1
4148 96
1
4149 42
0
1
4150 35
0
1
4151 72
1
4152 175
1
4153 52
1
4154 79
1
4155 139
0
1
4156 49
1
4157 11
1
4158 134
0
0
1
4159 2
1
4160 197
0
1
4161 88
1
4162 123
1
4163 133
1
4164 173
1
4165 149
1
4166 182
1
4167 9
1
4168 47
1
4169 193
0
0
1
4170 184
1
4171 80
1
4172 8
0
1
4173 29
1
4174 112
1
4175 16
1
4176 100
1
4177 50
1
4178 188
1
4179 102
0
1
4180 118
1
4181 200
0
1
4182 116
1
4183 43
1
4184 121
1
4185 104
1
4186 130
1
4187 78
1
4188 100
1
4189 7
1
4190 3
1
4191 53
0
1
4192 198
1
4193 72
0
1
4194 99
0
1
4195 204
1
4196 141
1
4197 147
0
1
4198 55
1
4199 102
1
4200 88
1
4201 100
1
4202 106
1
4203 167
1
4204 141
1
4205 99
1
4206 158
1
4207 156
1
4208 128
1
4209 153
1
4210 54
1
4211 141
0
1
4212 57
1
4213 98
1
4214 97
0
1
4215 143
1
4216 93
0
1
4217 185
1
4218 165
1
4219 107
0
1
4220 84
1
4221 191
1
4222 94
1
4223 111
1
4224 121
1
4225 60
1
4226 182
1
4227 145
1
4228 133
1
4229 45
0
0
1
4230 97
1
4231 28
1
4232 135
1
4233 62
1
4234 101
1
4235 63
1
4236 175
1
4237 118
0
1
4238 113
1
4239 98
1
4240 102
1
4241 164
1
4242 54
1
4243 76
1
4244 76
0
1
4245 151
1
4246 46
1
4247 202
1
4248 163
0
0
0
0
1
4249 4
1
4250 24
0
1
4251 127
1
4252 14
1
4253 90
1
4254 144
1
4255 8
0
1
4256 146
1
4257 109
1
4258 28
0
1
4259 14
1
4260 151
1
4261 96
1
4262 110
1
4263 75
1
4264 199
0
1
4265 178
1
4266 116
1
4267 78
0
1
4268 52
1
4269 202
0
1
4270 150
1
4271 104
1
4272 44
1
4273 34
1
4274 160
1
4275 60
1
4276 159
1
4277 45
1
4278 107
1
4279 163
1
4280 197
1
4281 113
0
0
1
4282 162
1
4283 46
0
1
4284 149
0
1
4285 8
1
4286 39
1
4287 193
1
4288 169
1
4289 130
1
4290 36
1
4291 22
1
4292 147
0
0
1
4293 159
0
1
4294 102
0
1
4295 30
1
4296 149
1
4297 68
1
4298 96
1
4299 68
1
4300 173
1
4301 35
1
4302 53
1
4303 119
1
4304 174
1
4305 34
1
4306 169
1
4307 168
1
4308 12
1
4309 36
0
1
4310 189
1
4311 22
1
4312 9
1
4313 189
0
1
4314 199
0
1
4315 41
1
4316 112
1
4317 183
1
4318 52
1
4319 191
1
4320 155
0
1
4321 204
1
4322 174
1
4323 58
1
4324 46
1
4325 155
1
4326 18
1
4327 206
1
4328 5
0
0
1
4329 151
1
4330 38
1
4331 100
0
0
0
1
4332 37
1
4333 58
1
4334 126
1
4335 68
1
4336 30
0
1
4337 166
1
4338 44
1
4339 183
1
4340 149
0
1
4341 35
1
4342 150
1
4343 56
1
4344 75
1
4345 42
1
4346 172
1
4347 148
1
4348 45
0
1
4349 66
1
4350 85
1
4351 57
1
4352 21
0
0
1
4353 14
1
4354 96
1
4355 140
0
1
4356 9
1
4357 119
1
4358 80
1
4359 126
0
1
4360 82
1
4361 141
0
1
4362 177
1
4363 113
1
4364 121
0
1
4365 160
0
1
4366 179
0
1
4367 48
1
4368 6
0
1
4369 7
1
4370 156
0
0
1
4371 146
1
4372 134
0
1
4373 158
1
4374 7
1
4375 108
1
4376 133
1
4377 3
0
1
4378 18
1
4379 98
1
4380 85
1
4381 181
1
4382 185
1
4383 204
1
4384 5
1
4385 162
1
4386 45
0
1
4387 114
1
4388 20
1
4389 139
0
1
4390 205
1
4391 27
1
4392 53
1
4393 174
0
1
4394 73
1
4395 66
1
4396 16
1
4397 198
0
1
4398 76
1
4399 80
1
4400 102
0
1
4401 193
1
4402 58
1
4403 114
0
1
4404 166
0
1
4405 31
1
4406 81
1
4407 136
1
4408 129
1
4409 74
1
4410 82
1
4411 181
1
4412 181
0
1
4413 162
1
4414 172
1
4415 47
1
4416 27
0
1
4417 22
1
4418 206
1
4419 25
1
4420 52
1
4421 80
0
0
0
1
4422 197
0
1
4423 24
1
4424 204
0
0
0
1
4425 12
0
1
4426 133
1
4427 176
1
4428 192
0
0
0
1
4429 149
1
4430 203
1
4431 93
1
4432 64
1
4433 202
1
4434 52
0
0
0
0
0
1
4435 72
1
4436 158
0
1
4437 126
1
4438 125
1
4439 58
1
4440 76
0
0
1
4441 41
1
4442 122
1
4443 99
0
0
1
4444 54
0
1
4445 197
1
4446 56
1
4447 58
1
4448 19
1
4449 84
1
4450 109
1
4451 36
1
4452 76
1
4453 62
0
0
1
4454 89
1
4455 25
1
4456 77
1
4457 111
1
4458 196
1
4459 111
1
4460 112
1
4461 169
0
1
4462 132
0
0
1
4463 7
1
4464 56
0
1
4465 155
1
4466 166
0
1
4467 78
0
0
0
1
4468 142
1
4469 126
1
4470 128
1
4471 176
1
4472 135
1
4473 107
0
1
4474 65
1
4475 105
1
4476 51
0
1
4477 199
1
4478 75
1
4479 151
0
0
1
4480 56
0
1
4481 124
1
4482 99
1
4483 28
1
4484 146
0
0
1
4485 95
1
4486 119
1
4487 78
0
0
1
4488 56
1
4489 81
1
4490 177
0
1
4491 161
0
1
4492 54
1
4493 48
1
4494 102
0
0
1
4495 93
1
4496 163
0
1
4497 96
1
4498 116
0
1
4499 200
1
4500 203
1
4501 58
1
4502 118
0
0
0
0
1
4503 106
0
0
0
1
4504 194
0
0
1
4505 152
0
1
4506 114
0
0
1
4507 188
1
4508 188
1
4509 205
1
4510 118
0
1
4511 96
1
4512 89
1
4513 74
0
1
4514 86
1
4515 52
1
4516 195
0
1
4517 77
0
0
0
1
4518 84
1
4519 159
1
4520 62
1
4521 55
0
1
4522 153
0
1
4523 58
1
4524 188
0
1
4525 163
0
1
4526 100
1
4527 43
0
0
0
1
4528 71
0
0
0
0
1
4529 170
1
4530 141
0
1
4531 203
1
4532 7
1
4533 61
0
1
4534 177
1
4535 194
0
1
4536 110
1
4537 30
1
4538 108
0
1
4539 173
1
4540 37
0
1
4541 69
1
4542 200
0
1
4543 84
0
0
0
0
1
4544 149
1
4545 188
0
1
4546 93
0
1
4547 105
1
4548 191
1
4549 61
0
0
0
1
4550 92
0
0
1
4551 16
0
1
4552 52
0
1
4553 180
0
1
4554 50
0
1
4555 134
0
0
1
4556 128
1
4557 130
0
1
4558 68
1
4559 2
0
1
4560 183
0
1
4561 14
1
4562 124
1
4563 169
1
4564 82
0
1
4565 152
1
4566 143
1
4567 54
1
4568 76
1
4569 132
0
1
4570 71
0
1
4571 90
1
4572 66
0
0
1
4573 78
0
1
4574 193
1
4575 149
1
4576 83
1
4577 106
0
0
1
4578 65
0
0
0
0
1
4579 125
1
4580 205
1
4581 32
1
4582 111
0
1
4583 176
0
1
4584 154
1
4585 33
0
1
4586 2
1
4587 12
0
0
1
4588 149
0
0
1
4589 53
1
4590 95
1
4591 150
1
4592 132
0
1
4593 200
0
1
4594 168
0
0
1
4595 83
0
0
1
4596 54
0
0
1
4597 88
0
0
1
4598 106
1
4599 58
1
4600 47
0
0
0
0
0
0
0
0
1
4601 161
1
4602 117
1
4603 99
1
4604 107
1
4605 153
1
4606 47
1
4607 35
1
4608 73
1
4609 184
0
1
4610 14
0
0
1
4611 169
0
1
4612 95
0
0
1
4613 114
0
0
1
4614 96
1
4615 107
1
4616 122
0
1
4617 48
0
1
4618 7
1
4619 101
0
0
0
0
0
1
4620 161
0
1
4621 142
0
0
1
4622 96
0
1
4623 77
1
4624 150
1
4625 67
0
1
4626 70
1
4627 113
1
4628 78
0
0
1
4629 169
1
4630 198
1
4631 188
0
1
4632 100
1
4633 177
0
1
4634 118
1
4635 106
0
0
0
0
0
0
0
0
0
1
4636 122
0
1
4637 114
0
0
0
0
1
4638 145
0
0
0
1
4639 97
0
0
1
4640 45
0
0
1
4641 42
1
4642 200
0
0
1
4643 105
0
1
4644 163
1
4645 80
1
4646 102
0
0
0
0
1
4647 100
0
0
1
4648 197
0
0
0
0
0
0
1
4649 43
0
1
4650 100
1
4651 73
0
1
4652 130
1
4653 97
1
4654 169
0
0
0
0
0
0
1
4655 163
0
1
4656 88
0
1
4657 52
0
0
1
4658 191
0
1
4659 57
0
0
0
0
0
0
0
0
1
4660 133
1
4661 32
0
1
4662 139
1
4663 160
0
0
1
4664 96
0
0
1
4665 25
0
1
4666 34
1
4667 106
0
0
0
0
0
0
1
4668 24
1
4669 84
0
0
0
0
0
1
4670 52
1
4671 157
0
0
0
1
4672 103
0
1
4673 88
0
0
0
1
4674 77
1
4675 55
0
1
4676 81
0
0
1
4677 198
1
4678 97
0
0
0
1
4679 28
0
0
1
4680 136
0
0
0
0
0
0
0
0
0
0
0
0
0
0
0
0
0
0
0
1
4681 43
1
4682 179
0
1
4683 31
0
1
4684 180
0
0
0
0
0
1
4685 7
0
0
0
0
0
1
4686 203
0
0
0
1
4687 155
0
0
0
0
1
4688 166
1
4689 2
1
4690 148
1
4691 40
0
1
4692 168
0
0
0
0
0
1
4693 57
1
4694 180
1
4695 52
0
0
0
0
0
0
0
1
4696 105
0
1
4697 163
0
1
4698 147
0
0
0
0
0
0
1
4699 131
1
4700 152
0
0
1
4701 124
0
0
0
0
0
1
4702 205
1
4703 120
0
0
1
4704 112
0
0
1
4705 204
1
4706 164
0
0
1
4707 37
1
4708 132
0
0
1
4709 73
1
4710 87
0
0
0
0
0
0
1
4711 80
0
0
1
4712 14
0
0
0
1
4713 120
0
0
0
0
0
0
1
4714 60
1
4715 94
0
0
0
0
1
4716 121
0
0
0
0
0
0
0
1
4717 168
0
0
1
4718 122
0
0
0
0
1
4719 33
0
0
1
4720 52
1
4721 59
0
1
4722 82
0
0
1
4723 136
0
1
4724 35
0
0
0
1
4725 9
1
4726 173
0
1
4727 132
0
0
0
0
1
4728 54
0
1
4729 91
1
4730 32
1
4731 114
0
0
0
1
4732 78
0
0
0
1
4733 78
0
0
0
1
4734 70
0
0
0
0
1
4735 139
1
4736 165
0
0
1
4737 136
0
1
4738 65
0
0
0
0
1
4739 164
0
0
1
4740 108
1
4741 32
0
1
4742 114
0
0
0
0
0
1
4743 113
1
4744 147
0
0
0
1
4745 94
0
0
0
0
0
0
0
1
4746 143
0
0
0
0
0
0
0
0
1
4747 81
0
1
4748 83
0
0
0
0
1
4749 52
0
1
4750 169
0
0
0
0
0
0
0
0
1
4751 159
1
4752 117
0
1
4753 197
0
1
4754 130
1
4755 163
0
0
1
4756 68
0
0
0
0
0
0
0
0
0
0
0
0
1
4757 32
0
0
0
1
4758 187
1
4759 134
1
4760 3
0
0
0
0
0
0
0
0
0
0
0
0
0
0
0
1
4761 194
0
0
0
0
0
1
4762 179
0
0
0
0
0
0
1
4763 139
1
4764 133
0
0
0
0
0
0
0
0
0
0
1
4765 38
1
4766 125
0
0
0
0
0
1
4767 36
0
0
1
4768 17
0
0
1
4769 137
0
0
0
1
4770 167
0
0
1
4771 113
0
0
0
1
4772 85
0
0
0
1
4773 57
0
0
1
4774 104
0
0
0
0
0
0
0
1
4775 191
0
0
0
0
0
1
4776 14
0
0
0
0
0
0
0
0
1
4777 183
0
0
0
1
4778 102
0
0
0
1
4779 193
0
1
4780 131
0
0
0
0
0
0
0
0
0
0
0
0
1
4781 97
0
0
0
0
0
0
1
4782 66
0
0
0
0
0
0
0
0
0
1
4783 42
0
0
0
1
4784 135
0
0
0
0
0
0
0
0
0
0
0
0
0
0
0
0
0
0
0
0
0
0
1
4785 75
0
0
0
1
4786 70
0
0
0
0
0
1
4787 43
0
0
0
1
4788 170
0
0
0
1
4789 178
1
4790 66
0
0
0
0
0
1
4791 75
0
0
0
0
1
4792 192
0
1
4793 62
0
0
0
0
1
4794 132
0
1
4795 147
0
0
0
0
0
0
0
0
0
0
0
0
0
0
0
0
0
0
0
0
0
0
0
0
0
0
1
4796 168
0
0
0
0
0
0
1
4797 126
0
0
0
0
0
0
0
0
0
0
0
0
0
1
4798 16
0
1
4799 81
0
0
0
0
0
0
0
0
0
0
0
0
0
0
0
0
0
0
1
4800 110
0
0
1
4801 8
0
0
0
0
0
0
0
0
0
0
0
0
0
0
0
0
0
0
0
0
0
0
0
0
0
0
0
0
0
0
0
0
0
0
0
0
0
0
0
0
0
0
0
0
0
0
0
0
0
0
0
0
0
0
0
0
0
0
0
0
0
0
0
0
0
0
0
0
0
0
0
1
4802 120
0
0
0
0
0
0
0
0
0
0
0
0
0
0
0
0
0
0
0
0
0
0
0
0
0
0
1
4803 149
0
0
0
0
0
0
0
0
0
0
0
0
0
0
0
0
0
0
0
0
0
0
0
0
0
0
0
0
0
0
0
0
0
0
0
0
0
0
0
0
0
0
0
0
0
0
0
0
0
0
0
0
0
0
0
0
0
0
0
0
0
0
0
0
0
0
0
0
0
0
0
0
0
0
0
0
0
0
0
0
0
0
0
0
0
0
0
0
0
0
0
0
0
0
0
0
0
0
0
0
0
0
0
0
0
0
0
0
0
0
0
0
0
0
0
0
0
0
0
0
0
0
0
0
0
0
0
0
0
0
0
0
0
0
0
0
0
0
0
0
0
0
0
0
0
0
0
0
0
0
0
0
0
0
0
0
0
0
0
0
0
0
0
0
0
0
0
0
0
0
0
0
0
0
0
0
0
0
0
0
0
0
0
0
0
0
0
0
0
0
0
0
0
0
0
0
0
0
0
0
0
0
0
0
0
0
0
0
0
0
0
0
0
0
0
0
0
0
0
0
0
0
0
0
0
0
0
0
0
0
0
0
0
0
0
0
0
0
0
0
0
0
0
0
0
0
0
0
0
0
0
0
0
0
0
0
0
0
0
0
0
0
0
0
0
0
0
0
0
0
0
0
0
0
0
0
0
0
0
0
0
0
0
0
0
0
0
0
0
0
0
0
0
0
0
0
0
0
0
0
0
0
0
0
0
0
0
0
0
0
0
0
0
0
0
0
0
0
0
0
0
0
0
0
0
0
0
0
0
0
0
0
0
0
0
0
0
0
0
0
0
0
0
0
0
0
0
0
0
0
0
0
0
0
0
0
0
0
0
0
0
0
0
0
0
0
0
0
0
0
0
0
0
0
0
0
0
0
0
0
0
0
0
0
0
0
0
0
0
0
0
0
0
0
0
0
0
0
0
0
0
0
0
0
0
0
0
0
0
0
0
0
0
0
0
0
0
0
0
0
0
0
0
0
0
0
0
0
0
0
0
0
0
0
0
0
0
0
0
0
0
0
0
0
0
0
0
0
0
0
0
0
0
0
0
0
0
0
0
0
0
0
0
0
0
0
0
0
0
0
0
0
0
0
0
0
0
0
0
0
0
0
0
0
0
0
0
0
0
0
0
0
0
0
0
0
0
0
0
0
0
0
0
0
0
0
0
0
0
0
0
0
0
0
0
0
0
0
0
0
0
0
0
0
0
0
0
0
0
0
0
0
0
0
0
0
0
0
0
0
0
0
0
0
0
0
0
0
0
0
0
0
