346 645
244 3 3
162 312 4
38 239 4
326 57 3
201 180 4
243 89 3
191 72 3
195 204 4
198 305 3
199 123 2
47 298 4
326 15 4
303 98 1
328 6 3
19 256 3
64 119 2
190 195 2
329 24 3
10 133 4
8 185 3
303 65 3
45 188 2
34 54 3
194 169 3
167 123 3
64 140 2
169 234 3
66 110 3
62 249 3
226 270 3
219 50 3
168 319 3
343 108 2
311 260 3
231 20 4
255 68 4
163 41 3
205 43 3
294 129 2
211 292 4
330 111 3
15 291 3
77 21 4
25 126 2
83 334 3
254 343 3
146 206 4
238 240 3
111 132 3
125 166 3
110 95 3
13 266 3
192 222 3
338 50 4
169 286 4
256 7 4
54 265 3
20 214 5
105 168 4
220 279 3
204 150 4
209 31 4
315 313 3
174 38 3
318 269 4
102 155 4
146 52 3
117 151 3
164 114 3
56 230 5
116 212 3
175 70 3
85 328 4
253 23 4
246 86 3
325 74 4
105 223 3
151 192 3
50 337 2
16 346 3
162 17 4
107 284 3
115 225 2
297 267 4
282 79 2
26 175 3
18 80 3
135 318 3
110 152 3
46 210 3
317 73 4
173 321 4
249 179 5
177 186 4
250 302 4
327 233 4
210 274 4
269 339 2
120 97 2
208 103 3
54 220 4
33 194 3
166 114 3
257 270 3
322 314 4
336 235 3
88 43 2
104 323 3
248 328 3
122 247 4
108 254 4
98 106 5
59 190 3
202 291 4
69 215 2
224 261 3
335 260 4
64 177 4
224 228 4
34 329 4
291 57 3
205 40 4
69 265 4
171 19 3
134 237 3
297 11 5
303 133 5
338 113 2
250 116 2
9 135 3
324 214 4
158 62 3
147 209 4
191 119 3
228 12 3
197 335 4
186 319 2
147 206 5
84 60 4
240 6 2
336 93 4
156 186 3
233 35 3
307 152 4
89 124 3
242 35 2
340 315 3
226 322 4
91 162 3
223 88 3
264 299 2
255 144 3
270 125 3
315 171 1
274 96 3
48 3 3
12 15 3
298 142 4
46 227 4
77 170 3
181 314 4
227 279 3
105 241 4
264 246 2
160 138 4
79 252 4
232 189 4
212 273 4
187 100 2
185 44 3
188 317 3
166 270 4
209 53 3
148 245 3
180 151 3
311 268 3
303 10 3
124 305 4
4 185 3
262 98 4
45 310 3
56 281 4
215 217 3
124 112 3
268 221 2
27 19 4
269 9 2
123 202 3
280 233 3
76 84 4
263 13 2
189 253 2
130 316 3
41 36 2
164 68 4
293 267 4
285 165 5
10 149 5
178 92 3
5 118 2
265 295 3
109 260 3
197 288 3
331 77 5
214 58 5
264 290 2
170 238 3
48 189 5
137 56 4
299 242 4
59 204 3
37 150 3
226 166 3
97 1 3
26 59 3
78 283 2
224 47 3
48 294 3
288 109 2
22 299 3
198 86 3
122 289 3
298 271 6
82 153 4
57 55 4
280 292 3
278 319 4
316 129 4
201 103 4
104 227 3
6 120 3
127 30 2
188 310 3
313 171 2
168 172 2
200 208 3
323 304 3
229 87 3
245 129 2
336 247 4
140 223 4
202 136 2
2 227 3
75 95 2
346 39 3
142 143 4
254 249 2
252 102 4
19 333 4
33 218 3
296 65 3
268 149 4
86 305 5
324 196 3
90 213 3
280 35 2
142 345 1
117 188 4
127 143 3
89 159 3
251 42 5
205 137 5
320 78 5
135 339 3
10 221 3
161 294 3
9 206 3
237 258 5
104 248 2
195 65 3
76 81 4
255 60 3
72 284 4
205 63 3
46 2 2
235 24 4
239 101 4
118 162 2
321 17 3
223 172 3
157 94 6
338 254 3
36 169 4
258 229 3
321 203 2
250 184 3
174 275 4
136 16 3
42 167 4
344 199 3
127 345 4
8 309 5
49 125 3
48 130 2
67 13 3
93 51 3
27 196 3
274 220 3
67 266 4
20 259 3
276 74 4
130 244 3
39 248 5
234 194 4
313 231 4
174 102 3
290 246 3
272 1 4
226 342 2
230 5 4
238 272 3
217 34 4
284 193 3
155 95 3
99 275 3
200 159 4
96 210 5
256 333 3
340 106 3
129 219 3
108 50 4
38 295 4
160 99 3
71 182 4
195 49 3
232 22 3
154 331 3
231 92 4
121 180 3
178 187 4
147 269 3
128 318 3
332 153 3
23 148 4
140 168 3
221 14 5
80 112 1
73 243 3
316 245 4
117 40 4
16 167 3
45 40 4
70 122 4
5 124 3
37 21 4
216 236 4
198 131 3
282 29 3
32 116 3
341 17 3
114 342 4
94 234 3
311 14 3
301 156 3
262 178 3
218 339 4
111 101 3
27 333 3
56 63 3
47 74 4
38 11 4
131 61 4
337 219 3
274 115 2
128 218 3
118 18 3
41 33 3
139 234 3
266 213 2
320 259 4
207 327 3
58 259 4
271 345 3
302 183 3
158 343 5
282 25 3
294 316 2
276 31 4
90 343 3
170 154 4
281 230 3
28 266 2
18 5 3
66 75 3
63 310 3
32 87 3
289 59 3
320 100 3
10 106 3
301 300 4
150 71 2
30 209 3
344 57 3
67 198 5
287 135 4
323 328 5
210 1 3
245 176 3
158 145 1
85 6 3
166 342 3
151 222 2
286 94 5
100 92 3
158 176 3
309 75 3
341 80 3
44 8 5
235 96 3
342 334 4
29 155 3
307 216 3
178 313 3
295 252 3
31 127 4
307 95 3
265 11 3
101 11 3
334 181 3
192 117 3
126 144 2
59 49 2
80 162 4
295 79 3
196 171 3
125 289 2
337 108 2
128 300 3
247 24 3
213 121 2
273 184 3
255 217 4
112 165 3
213 28 4
199 136 3
261 138 3
283 258 3
193 62 3
121 103 3
93 235 3
322 134 2
113 84 3
83 82 4
90 145 3
15 55 5
55 344 3
346 42 3
228 138 3
163 33 4
60 144 3
52 191 4
44 141 2
1 93 3
157 139 4
21 190 5
119 277 4
86 131 4
60 126 3
305 165 5
203 211 3
335 109 3
297 54 3
152 179 3
109 311 3
17 312 2
207 341 3
283 229 2
308 9 4
72 241 2
149 7 2
70 26 4
132 12 3
99 325 3
288 256 2
83 68 2
193 179 3
290 61 4
237 130 4
67 28 3
107 52 3
212 250 3
251 39 2
336 51 3
160 111 3
212 184 4
136 167 2
179 66 3
300 318 3
139 301 4
308 146 2
132 138 2
133 182 4
247 175 4
344 293 3
238 154 3
36 194 2
302 58 3
231 315 3
145 121 3
108 113 2
157 156 3
71 296 5
75 102 3
30 147 3
273 22 3
208 317 2
215 144 3
333 197 3
65 257 5
312 173 7
120 2 3
55 291 1
332 161 4
202 16 2
272 170 5
181 82 3
78 258 2
300 287 3
285 341 4
84 153 3
97 240 1
242 273 3
216 308 3
85 97 3
64 319 5
276 4 3
324 20 3
243 281 2
339 30 5
207 285 4
4 325 4
207 211 3
51 272 4
18 91 4
29 25 2
225 279 4
164 122 4
88 40 5
43 172 5
177 128 3
185 53 2
53 141 2
262 187 3
206 141 5
317 200 2
340 7 3
271 143 6
244 314 4
244 332 3
35 184 3
8 325 3
96 329 3
278 64 2
34 69 3
201 151 4
76 338 4
241 284 3
260 288 2
331 37 3
115 46 3
159 208 3
49 257 2
193 236 5
26 289 4
177 156 5
222 201 3
282 215 3
31 142 4
182 14 5
181 332 3
141 308 3
337 113 3
103 180 4
81 29 4
299 61 2
159 305 3
69 79 1
263 148 2
2 85 4
330 326 3
313 340 2
287 218 2
306 259 2
261 160 5
189 23 3
309 174 3
326 132 4
116 183 3
232 253 3
123 323 3
327 292 3
3 229 3
304 248 4
131 290 3
232 87 4
296 133 5
92 187 2
200 28 3
72 277 5
91 312 5
225 220 4
222 241 3
236 107 3
25 81 2
7 268 3
137 63 3
306 183 5
58 306 3
242 233 3
191 277 3
278 140 3
119 278 3
267 330 3
256 149 3
293 225 3
3 237 3
78 306 3
283 183 3
112 118 3
12 261 3
73 310 3
61 253 3
239 275 3
82 161 4
249 343 2
277 105 3
32 22 4
100 134 5
114 83 4
257 98 3
203 285 5
176 90 4
76 113 4
66 307 2
161 219 1
163 143 3
164 255 2
276 47 6
304 251 5
279 115 3
334 314 4
294 244 2
267 101 3
263 23 2
204 190 3
10000
0
0
0
0
0
0
0
0
0
0
0
0
0
0
0
0
0
0
0
0
0
0
0
0
0
0
0
0
0
0
0
0
0
0
0
0
0
0
0
0
0
0
0
0
0
0
0
0
0
0
0
0
0
0
1
1 208
0
0
0
0
0
0
0
0
0
0
0
0
0
1
2 157
0
0
0
0
0
0
0
0
0
0
0
0
0
0
1
3 21
0
0
0
0
0
0
0
0
0
0
0
0
0
0
0
0
0
0
0
0
0
0
1
4 174
0
0
0
0
0
0
0
1
5 91
0
0
0
0
0
0
1
6 62
0
1
7 148
0
0
0
0
0
0
0
0
0
0
0
1
8 267
0
0
0
0
0
0
0
0
0
0
0
0
0
0
1
9 183
0
0
0
0
0
0
0
0
0
0
1
10 75
0
0
0
0
0
0
0
0
1
11 319
0
0
1
12 241
1
13 275
0
0
0
1
14 265
0
0
0
0
0
0
0
1
15 200
0
0
0
0
1
16 180
0
1
17 44
0
0
0
0
1
18 165
1
19 115
0
0
0
0
0
1
20 130
1
21 20
1
22 51
0
0
0
0
0
0
0
0
0
0
0
0
0
0
1
23 252
0
1
24 55
1
25 200
1
26 261
0
0
0
0
0
0
0
1
27 8
1
28 188
0
1
29 282
0
0
0
1
30 133
0
0
1
31 295
0
0
0
0
1
32 176
1
33 38
0
1
34 319
0
0
0
0
0
0
0
0
1
35 95
1
36 2
1
37 200
0
0
0
0
0
1
38 327
1
39 182
0
1
40 331
0
0
0
0
0
0
1
41 170
0
0
0
1
42 75
1
43 69
1
44 273
0
1
45 247
0
1
46 287
1
47 142
0
1
48 213
0
0
0
0
1
49 94
0
0
0
0
0
0
0
0
0
0
0
1
50 106
0
1
51 225
0
0
0
1
52 109
0
0
0
0
0
0
1
53 285
0
0
1
54 32
0
0
1
55 256
0
1
56 328
0
1
57 187
0
0
1
58 62
0
1
59 112
0
1
60 240
0
1
61 276
0
0
1
62 125
1
63 111
1
64 260
1
65 229
1
66 289
1
67 35
1
68 91
0
0
0
0
1
69 208
0
0
0
1
70 306
0
0
1
71 59
0
0
1
72 100
0
1
73 52
1
74 299
1
75 86
0
1
76 61
0
0
1
77 102
0
0
0
0
1
78 49
1
79 193
0
1
80 128
0
1
81 29
0
0
0
1
82 227
1
83 9
0
1
84 81
0
0
0
0
0
0
1
85 119
1
86 220
1
87 230
1
88 4
0
0
1
89 10
1
90 48
1
91 236
1
92 96
1
93 317
0
0
0
1
94 308
0
1
95 256
1
96 115
0
0
0
1
97 54
1
98 325
1
99 66
0
1
100 70
0
1
101 83
1
102 160
0
1
103 281
1
104 79
0
0
0
0
0
1
105 256
0
0
0
0
0
0
0
1
106 303
1
107 234
0
0
0
1
108 90
0
0
0
1
109 196
1
110 27
1
111 47
0
1
112 93
1
113 110
1
114 52
1
115 257
0
1
116 143
1
117 166
0
0
0
0
1
118 10
1
119 278
0
1
120 256
1
121 282
0
1
122 185
0
1
123 271
0
0
0
1
124 27
0
1
125 285
1
126 79
0
1
127 270
0
1
128 330
0
0
0
1
129 166
1
130 245
0
1
131 273
0
1
132 309
1
133 53
1
134 222
0
0
0
1
135 168
0
1
136 27
0
0
0
1
137 169
1
138 116
0
1
139 129
0
1
140 46
0
1
141 163
0
1
142 100
1
143 230
0
0
1
144 129
0
0
0
1
145 28
1
146 33
1
147 315
1
148 150
1
149 152
1
150 175
1
151 275
0
1
152 268
0
1
153 176
1
154 185
0
1
155 88
0
0
0
1
156 202
1
157 274
1
158 135
1
159 299
1
160 11
1
161 124
0
1
162 205
0
1
163 29
0
0
0
0
1
164 194
1
165 105
1
166 131
1
167 208
1
168 238
1
169 92
0
1
170 303
1
171 147
1
172 59
0
0
0
1
173 242
0
0
0
1
174 55
1
175 71
1
176 195
1
177 244
0
1
178 239
1
179 50
1
180 147
1
181 309
1
182 129
1
183 321
0
0
1
184 204
1
185 88
1
186 214
1
187 327
0
1
188 211
1
189 290
0
1
190 334
0
0
1
191 293
1
192 109
1
193 131
0
0
1
194 127
0
1
195 235
0
1
196 247
1
197 335
1
198 142
0
0
1
199 299
1
200 13
0
1
201 5
1
202 180
1
203 232
1
204 314
1
205 21
1
206 260
1
207 244
0
0
1
208 174
0
0
1
209 52
0
0
0
1
210 97
1
211 308
0
1
212 64
1
213 95
1
214 140
1
215 98
0
1
216 307
1
217 110
1
218 269
1
219 225
0
1
220 97
0
1
221 254
0
0
1
222 156
1
223 185
1
224 17
1
225 43
1
226 172
1
227 37
1
228 127
1
229 174
0
0
1
230 310
1
231 2
1
232 166
1
233 173
1
234 258
1
235 184
1
236 211
1
237 254
1
238 148
0
1
239 119
1
240 261
0
0
1
241 133
1
242 292
1
243 185
1
244 194
1
245 54
1
246 180
1
247 317
1
248 40
1
249 71
0
1
250 277
1
251 256
1
252 195
1
253 12
1
254 103
0
1
255 325
1
256 257
1
257 168
1
258 104
1
259 13
1
260 274
1
261 95
1
262 234
1
263 29
1
264 219
0
0
1
265 5
0
1
266 86
1
267 58
1
268 60
1
269 240
1
270 189
0
1
271 41
1
272 271
1
273 289
1
274 50
1
275 279
1
276 21
1
277 264
1
278 330
1
279 333
1
280 112
1
281 249
1
282 220
1
283 284
1
284 111
0
1
285 29
1
286 277
1
287 68
1
288 295
1
289 246
1
290 112
1
291 317
0
1
292 43
1
293 305
1
294 140
1
295 206
1
296 340
1
297 36
1
298 221
1
299 227
1
300 48
1
301 46
1
302 197
0
1
303 327
1
304 257
1
305 44
1
306 245
1
307 86
1
308 147
1
309 154
1
310 95
1
311 160
1
312 261
0
1
313 210
1
314 262
1
315 295
1
316 72
1
317 287
1
318 154
1
319 160
1
320 269
1
321 73
1
322 186
1
323 330
1
324 53
1
325 324
1
326 209
1
327 143
1
328 256
0
1
329 309
1
330 50
1
331 344
1
332 122
1
333 143
1
334 172
1
335 123
1
336 11
1
337 295
1
338 330
0
1
339 181
1
340 11
0
1
341 152
1
342 163
1
343 336
1
344 94
1
345 73
1
346 219
1
347 4
1
348 156
1
349 308
0
1
350 51
1
351 332
1
352 344
1
353 129
1
354 7
1
355 194
1
356 75
1
357 224
1
358 12
1
359 104
1
360 314
1
361 211
1
362 8
1
363 162
1
364 153
1
365 338
1
366 268
1
367 115
1
368 12
1
369 236
1
370 339
1
371 325
1
372 258
1
373 135
1
374 146
1
375 145
0
1
376 122
1
377 272
0
1
378 202
0
1
379 193
0
1
380 121
1
381 33
1
382 287
1
383 287
1
384 18
1
385 81
1
386 322
0
1
387 335
1
388 69
1
389 139
1
390 239
1
391 216
1
392 337
1
393 236
1
394 269
1
395 259
1
396 252
1
397 144
1
398 14
1
399 267
1
400 141
1
401 307
0
1
402 177
1
403 320
1
404 230
1
405 17
1
406 242
1
407 55
1
408 308
1
409 110
1
410 275
1
411 91
1
412 134
1
413 317
1
414 254
1
415 51
1
416 20
1
417 33
1
418 55
1
419 284
1
420 206
0
1
421 332
1
422 302
1
423 124
1
424 13
1
425 186
0
1
426 79
1
427 308
1
428 115
1
429 212
1
430 258
1
431 165
1
432 33
1
433 339
1
434 195
1
435 288
1
436 33
1
437 5
1
438 93
1
439 77
1
440 325
1
441 78
1
442 262
1
443 93
1
444 47
1
445 166
1
446 14
1
447 83
1
448 247
1
449 218
1
450 322
1
451 304
1
452 127
1
453 26
1
454 35
1
455 277
1
456 197
1
457 266
1
458 167
1
459 219
1
460 190
1
461 60
1
462 13
1
463 75
1
464 224
1
465 100
1
466 342
1
467 29
1
468 274
1
469 188
1
470 171
1
471 108
1
472 156
1
473 264
1
474 171
1
475 165
1
476 77
1
477 312
1
478 3
1
479 32
1
480 60
1
481 200
1
482 44
1
483 46
1
484 331
1
485 256
1
486 77
1
487 76
1
488 40
1
489 183
1
490 290
1
491 128
1
492 123
1
493 82
1
494 92
1
495 134
1
496 235
1
497 4
1
498 156
1
499 308
1
500 343
1
501 285
1
502 197
1
503 256
1
504 203
1
505 256
1
506 60
1
507 180
1
508 292
1
509 96
1
510 85
1
511 68
1
512 131
1
513 268
1
514 166
1
515 198
1
516 2
1
517 53
1
518 194
1
519 175
1
520 211
1
521 43
1
522 122
1
523 202
1
524 149
1
525 311
1
526 290
1
527 104
1
528 234
1
529 218
1
530 104
1
531 188
1
532 47
0
1
533 210
1
534 50
1
535 66
1
536 27
1
537 38
1
538 70
1
539 64
1
540 93
1
541 333
1
542 300
1
543 345
1
544 89
1
545 85
1
546 143
1
547 51
1
548 32
1
549 187
1
550 313
1
551 226
1
552 94
1
553 53
1
554 243
1
555 284
1
556 107
1
557 172
1
558 162
1
559 87
1
560 102
1
561 197
1
562 186
1
563 16
1
564 159
1
565 71
1
566 133
1
567 275
1
568 325
1
569 158
1
570 99
1
571 256
1
572 109
1
573 236
1
574 93
1
575 307
1
576 298
1
577 50
1
578 187
1
579 227
1
580 218
1
581 179
1
582 156
1
583 193
1
584 291
1
585 51
1
586 90
1
587 262
1
588 205
1
589 267
1
590 126
1
591 322
1
592 33
1
593 323
1
594 149
1
595 169
1
596 29
1
597 151
1
598 117
1
599 95
1
600 126
1
601 194
1
602 47
1
603 309
1
604 76
1
605 199
1
606 160
1
607 270
1
608 132
1
609 77
1
610 265
1
611 106
1
612 5
1
613 242
1
614 56
1
615 157
1
616 53
1
617 267
1
618 150
1
619 41
1
620 338
1
621 38
1
622 272
1
623 21
1
624 150
1
625 278
1
626 334
1
627 316
1
628 160
1
629 70
1
630 239
1
631 20
1
632 195
1
633 151
1
634 304
1
635 324
1
636 42
1
637 54
1
638 66
1
639 114
1
640 223
1
641 312
1
642 8
1
643 28
1
644 163
1
645 230
1
646 122
1
647 63
1
648 227
1
649 78
1
650 311
1
651 176
1
652 218
1
653 47
1
654 29
1
655 20
1
656 298
1
657 26
1
658 248
1
659 315
1
660 334
1
661 228
1
662 318
1
663 45
1
664 19
1
665 337
1
666 239
1
667 47
1
668 96
1
669 37
1
670 66
1
671 80
1
672 5
1
673 344
1
674 50
1
675 102
1
676 345
1
677 28
1
678 314
1
679 43
1
680 309
1
681 178
1
682 26
1
683 277
0
1
684 147
1
685 194
1
686 76
1
687 343
1
688 212
1
689 290
1
690 73
1
691 188
1
692 173
1
693 325
1
694 63
1
695 163
1
696 88
1
697 174
1
698 11
1
699 276
1
700 76
1
701 276
1
702 109
1
703 260
1
704 273
0
1
705 189
1
706 153
1
707 155
1
708 166
1
709 259
1
710 291
1
711 218
1
712 70
1
713 60
1
714 90
1
715 209
1
716 342
1
717 7
1
718 8
1
719 16
1
720 315
1
721 36
1
722 85
1
723 144
1
724 324
1
725 249
1
726 41
1
727 219
1
728 341
1
729 246
1
730 5
1
731 139
1
732 141
1
733 26
1
734 275
1
735 191
1
736 295
1
737 181
1
738 236
1
739 129
1
740 45
1
741 158
1
742 165
1
743 29
0
1
744 174
1
745 8
1
746 249
1
747 206
1
748 116
1
749 204
1
750 217
1
751 3
1
752 69
1
753 108
1
754 87
1
755 114
1
756 19
1
757 307
1
758 85
1
759 147
1
760 78
1
761 27
1
762 141
1
763 115
1
764 331
1
765 133
1
766 54
1
767 308
0
1
768 29
1
769 335
1
770 315
1
771 102
1
772 75
1
773 256
1
774 94
1
775 38
1
776 141
1
777 33
1
778 143
1
779 140
1
780 306
1
781 328
1
782 301
1
783 89
1
784 34
1
785 183
1
786 112
0
1
787 201
1
788 265
1
789 121
1
790 49
0
1
791 27
1
792 85
1
793 321
1
794 291
1
795 211
1
796 334
1
797 297
1
798 179
1
799 256
1
800 216
1
801 76
1
802 222
1
803 283
1
804 182
1
805 346
1
806 267
0
1
807 8
1
808 328
1
809 306
1
810 95
0
1
811 123
1
812 160
1
813 143
1
814 88
1
815 4
1
816 265
1
817 90
1
818 241
1
819 130
1
820 19
1
821 170
0
1
822 127
1
823 267
1
824 22
1
825 126
1
826 31
1
827 128
1
828 265
1
829 239
1
830 176
1
831 286
1
832 97
1
833 113
1
834 295
1
835 248
1
836 227
1
837 129
1
838 339
1
839 169
1
840 112
1
841 57
1
842 209
1
843 228
1
844 54
1
845 323
1
846 26
1
847 316
1
848 196
1
849 84
1
850 231
1
851 272
1
852 175
0
1
853 189
1
854 83
1
855 75
1
856 4
1
857 265
1
858 183
1
859 256
1
860 120
1
861 72
1
862 264
1
863 94
1
864 69
1
865 48
1
866 278
1
867 334
1
868 211
1
869 23
1
870 206
1
871 223
1
872 124
1
873 258
1
874 95
1
875 231
1
876 203
1
877 239
1
878 65
1
879 299
1
880 201
1
881 85
0
1
882 95
1
883 124
1
884 158
1
885 295
1
886 271
1
887 253
1
888 220
1
889 88
1
890 196
1
891 262
1
892 220
1
893 30
1
894 93
1
895 326
1
896 324
1
897 225
1
898 277
0
1
899 156
1
900 272
1
901 208
1
902 111
1
903 287
1
904 337
1
905 246
1
906 27
1
907 22
0
0
1
908 79
1
909 141
1
910 38
1
911 122
1
912 318
1
913 38
1
914 163
1
915 246
1
916 198
1
917 176
1
918 13
1
919 335
1
920 95
1
921 173
1
922 30
1
923 11
1
924 57
1
925 250
1
926 87
0
1
927 216
1
928 161
1
929 165
1
930 107
0
0
1
931 126
1
932 214
0
1
933 135
1
934 208
1
935 66
1
936 105
1
937 5
1
938 42
1
939 312
1
940 28
1
941 8
1
942 287
1
943 87
1
944 26
1
945 242
1
946 232
1
947 8
1
948 121
1
949 261
0
1
950 44
1
951 342
1
952 218
1
953 325
1
954 95
1
955 327
1
956 88
1
957 95
1
958 345
1
959 332
1
960 272
1
961 307
1
962 150
1
963 222
1
964 320
0
1
965 167
1
966 138
1
967 134
1
968 53
1
969 79
1
970 332
0
1
971 157
1
972 205
1
973 26
1
974 55
1
975 21
1
976 122
1
977 29
1
978 333
1
979 119
1
980 74
1
981 215
1
982 63
1
983 147
1
984 69
1
985 95
1
986 105
1
987 134
0
0
1
988 191
1
989 149
1
990 145
0
1
991 245
1
992 256
1
993 153
1
994 134
1
995 93
1
996 154
1
997 65
1
998 222
1
999 4
1
1000 131
1
1001 209
1
1002 97
1
1003 230
1
1004 126
1
1005 168
1
1006 3
1
1007 190
1
1008 201
1
1009 146
1
1010 120
1
1011 308
1
1012 12
1
1013 84
1
1014 106
1
1015 92
1
1016 324
1
1017 35
1
1018 325
1
1019 107
1
1020 166
1
1021 216
0
1
1022 9
1
1023 279
1
1024 341
1
1025 170
1
1026 324
1
1027 22
1
1028 53
1
1029 178
1
1030 117
1
1031 239
1
1032 95
1
1033 27
0
1
1034 108
1
1035 89
1
1036 17
1
1037 225
1
1038 259
1
1039 139
1
1040 290
1
1041 151
1
1042 302
1
1043 133
1
1044 319
1
1045 339
1
1046 204
0
1
1047 96
0
1
1048 90
1
1049 190
1
1050 308
1
1051 127
1
1052 321
1
1053 111
1
1054 27
1
1055 88
1
1056 119
1
1057 102
1
1058 203
0
1
1059 303
1
1060 243
1
1061 76
1
1062 80
1
1063 132
1
1064 257
1
1065 173
1
1066 214
1
1067 46
1
1068 80
1
1069 252
1
1070 218
1
1071 29
0
1
1072 2
1
1073 307
1
1074 219
1
1075 184
1
1076 217
1
1077 186
1
1078 15
1
1079 201
1
1080 196
1
1081 40
0
1
1082 152
1
1083 14
1
1084 110
1
1085 245
1
1086 327
1
1087 67
0
1
1088 99
1
1089 225
1
1090 277
1
1091 222
1
1092 118
0
1
1093 154
1
1094 274
1
1095 35
1
1096 103
1
1097 2
1
1098 183
1
1099 298
1
1100 241
1
1101 17
0
1
1102 338
1
1103 31
1
1104 83
0
1
1105 39
1
1106 317
1
1107 39
1
1108 54
1
1109 292
1
1110 95
1
1111 118
1
1112 150
1
1113 342
1
1114 107
1
1115 229
1
1116 99
1
1117 64
1
1118 263
1
1119 47
1
1120 238
1
1121 44
1
1122 324
0
1
1123 338
1
1124 179
1
1125 134
1
1126 266
1
1127 48
1
1128 127
1
1129 44
1
1130 22
1
1131 4
1
1132 247
1
1133 62
1
1134 79
1
1135 12
1
1136 35
1
1137 270
1
1138 298
1
1139 216
1
1140 341
1
1141 219
1
1142 38
1
1143 62
1
1144 337
1
1145 11
1
1146 293
1
1147 329
1
1148 201
1
1149 151
1
1150 147
0
1
1151 83
1
1152 41
1
1153 311
1
1154 310
1
1155 129
1
1156 173
1
1157 60
1
1158 189
1
1159 167
0
1
1160 238
1
1161 336
1
1162 39
0
1
1163 227
1
1164 141
1
1165 185
1
1166 317
1
1167 96
1
1168 75
1
1169 302
1
1170 329
1
1171 114
1
1172 34
1
1173 2
1
1174 196
1
1175 121
1
1176 19
1
1177 249
1
1178 310
1
1179 272
1
1180 323
1
1181 219
1
1182 76
1
1183 73
1
1184 191
1
1185 245
1
1186 179
0
1
1187 136
1
1188 308
1
1189 334
1
1190 204
1
1191 278
1
1192 141
1
1193 137
1
1194 265
1
1195 70
1
1196 205
1
1197 130
1
1198 341
1
1199 46
1
1200 275
1
1201 29
1
1202 175
0
1
1203 34
1
1204 36
0
1
1205 132
1
1206 218
1
1207 302
1
1208 51
1
1209 259
1
1210 180
0
1
1211 281
1
1212 178
1
1213 65
1
1214 153
1
1215 53
1
1216 84
0
1
1217 52
1
1218 215
1
1219 159
1
1220 161
1
1221 4
1
1222 145
0
1
1223 251
1
1224 9
1
1225 141
1
1226 170
1
1227 200
1
1228 216
1
1229 106
1
1230 339
1
1231 26
1
1232 34
1
1233 169
1
1234 266
1
1235 218
1
1236 222
1
1237 192
0
1
1238 183
1
1239 29
1
1240 294
1
1241 102
1
1242 237
1
1243 342
1
1244 142
0
1
1245 344
1
1246 192
1
1247 204
1
1248 2
1
1249 32
1
1250 260
1
1251 80
0
1
1252 186
1
1253 51
0
1
1254 263
1
1255 295
1
1256 46
1
1257 214
1
1258 333
1
1259 192
1
1260 310
1
1261 288
1
1262 200
1
1263 304
1
1264 248
0
1
1265 147
1
1266 101
1
1267 312
1
1268 24
1
1269 75
1
1270 270
1
1271 210
1
1272 253
1
1273 221
0
1
1274 68
1
1275 281
1
1276 117
1
1277 233
1
1278 159
1
1279 157
1
1280 256
1
1281 299
1
1282 98
1
1283 86
1
1284 53
1
1285 44
1
1286 346
0
1
1287 265
1
1288 310
1
1289 66
1
1290 26
1
1291 327
1
1292 72
1
1293 139
1
1294 123
1
1295 30
0
1
1296 201
0
1
1297 86
1
1298 332
1
1299 265
1
1300 62
1
1301 84
1
1302 70
1
1303 280
1
1304 82
1
1305 265
1
1306 268
1
1307 51
1
1308 9
1
1309 324
1
1310 153
1
1311 194
1
1312 223
0
1
1313 249
1
1314 65
1
1315 155
1
1316 17
1
1317 344
0
1
1318 146
1
1319 237
1
1320 143
1
1321 274
1
1322 171
1
1323 121
0
1
1324 311
1
1325 194
0
1
1326 127
1
1327 10
1
1328 283
1
1329 103
1
1330 245
1
1331 303
0
1
1332 130
1
1333 110
1
1334 161
1
1335 275
1
1336 106
1
1337 193
1
1338 155
0
1
1339 44
1
1340 330
1
1341 325
1
1342 239
1
1343 285
1
1344 191
1
1345 285
1
1346 116
1
1347 152
1
1348 164
1
1349 169
0
1
1350 215
1
1351 147
1
1352 114
1
1353 183
1
1354 3
1
1355 110
1
1356 314
1
1357 135
1
1358 151
1
1359 219
1
1360 93
1
1361 89
1
1362 2
1
1363 133
1
1364 79
1
1365 173
1
1366 247
1
1367 72
0
1
1368 275
1
1369 75
1
1370 346
1
1371 53
1
1372 341
0
1
1373 265
1
1374 225
1
1375 326
1
1376 146
1
1377 79
1
1378 252
1
1379 119
1
1380 344
1
1381 206
1
1382 213
1
1383 297
1
1384 237
1
1385 245
1
1386 140
1
1387 38
1
1388 216
1
1389 130
1
1390 170
1
1391 205
1
1392 247
1
1393 204
1
1394 120
1
1395 320
0
0
1
1396 207
1
1397 308
1
1398 252
1
1399 252
1
1400 169
1
1401 246
0
1
1402 256
0
1
1403 345
1
1404 67
1
1405 302
1
1406 154
1
1407 209
0
1
1408 295
1
1409 318
1
1410 292
0
1
1411 294
1
1412 45
1
1413 125
1
1414 102
1
1415 3
1
1416 314
1
1417 285
1
1418 328
1
1419 313
1
1420 83
0
1
1421 39
1
1422 237
1
1423 267
1
1424 258
1
1425 276
1
1426 307
1
1427 167
0
1
1428 60
1
1429 286
1
1430 105
1
1431 342
1
1432 222
0
1
1433 54
1
1434 64
1
1435 263
1
1436 327
1
1437 28
1
1438 229
1
1439 287
0
1
1440 141
1
1441 172
1
1442 145
1
1443 231
1
1444 62
1
1445 110
1
1446 147
1
1447 63
1
1448 244
1
1449 120
1
1450 224
0
1
1451 177
0
1
1452 126
1
1453 96
0
0
1
1454 232
1
1455 114
1
1456 195
1
1457 242
1
1458 344
1
1459 74
1
1460 274
1
1461 220
1
1462 252
0
1
1463 125
1
1464 236
1
1465 30
1
1466 130
0
1
1467 161
1
1468 289
1
1469 288
1
1470 5
1
1471 238
1
1472 245
1
1473 201
1
1474 269
1
1475 173
1
1476 15
1
1477 86
1
1478 280
1
1479 280
1
1480 142
1
1481 316
1
1482 330
1
1483 95
1
1484 63
1
1485 102
0
1
1486 309
1
1487 138
1
1488 102
1
1489 150
1
1490 167
1
1491 10
1
1492 103
1
1493 290
1
1494 214
1
1495 43
1
1496 188
1
1497 4
0
1
1498 313
1
1499 205
1
1500 154
1
1501 95
1
1502 287
1
1503 333
1
1504 243
1
1505 144
1
1506 223
1
1507 156
1
1508 23
1
1509 217
1
1510 308
1
1511 143
0
1
1512 276
1
1513 216
1
1514 335
1
1515 141
1
1516 242
1
1517 341
1
1518 264
1
1519 239
1
1520 137
1
1521 29
1
1522 69
1
1523 4
1
1524 166
1
1525 53
1
1526 24
1
1527 291
1
1528 179
0
1
1529 28
1
1530 128
0
1
1531 272
1
1532 95
1
1533 5
1
1534 95
0
1
1535 309
0
1
1536 200
1
1537 122
0
1
1538 129
1
1539 170
1
1540 39
1
1541 267
1
1542 167
1
1543 285
1
1544 72
1
1545 164
0
1
1546 214
1
1547 278
1
1548 125
1
1549 148
1
1550 271
0
1
1551 280
1
1552 345
0
1
1553 201
0
1
1554 343
1
1555 7
0
1
1556 175
1
1557 263
1
1558 315
0
1
1559 7
1
1560 268
1
1561 150
1
1562 269
1
1563 108
0
0
1
1564 26
1
1565 295
1
1566 7
1
1567 262
1
1568 203
1
1569 92
1
1570 46
1
1571 340
1
1572 332
1
1573 170
1
1574 179
1
1575 129
1
1576 298
1
1577 258
1
1578 8
1
1579 330
1
1580 173
1
1581 322
0
0
1
1582 229
1
1583 69
1
1584 51
1
1585 218
1
1586 53
1
1587 3
0
1
1588 307
1
1589 134
0
1
1590 16
1
1591 162
1
1592 221
0
1
1593 7
1
1594 71
0
1
1595 193
1
1596 159
1
1597 5
1
1598 139
1
1599 42
1
1600 201
1
1601 269
0
1
1602 229
1
1603 312
1
1604 86
1
1605 174
1
1606 123
1
1607 309
1
1608 76
1
1609 341
1
1610 175
1
1611 98
1
1612 229
1
1613 240
1
1614 53
1
1615 268
1
1616 241
1
1617 33
0
1
1618 76
1
1619 235
1
1620 213
1
1621 293
1
1622 131
1
1623 121
1
1624 93
1
1625 278
1
1626 163
1
1627 241
1
1628 104
0
1
1629 179
1
1630 157
1
1631 137
1
1632 206
1
1633 262
1
1634 141
1
1635 141
1
1636 147
1
1637 323
0
1
1638 300
1
1639 331
1
1640 214
1
1641 280
1
1642 189
1
1643 80
0
1
1644 163
1
1645 166
1
1646 192
1
1647 198
1
1648 282
1
1649 3
1
1650 61
0
1
1651 143
1
1652 16
1
1653 285
1
1654 70
0
1
1655 124
1
1656 148
1
1657 200
1
1658 322
1
1659 267
1
1660 121
1
1661 317
1
1662 325
1
1663 105
0
1
1664 96
1
1665 277
1
1666 274
0
1
1667 303
1
1668 314
1
1669 61
1
1670 151
1
1671 275
1
1672 118
1
1673 268
1
1674 302
1
1675 54
1
1676 60
0
1
1677 148
1
1678 251
1
1679 4
1
1680 252
1
1681 69
1
1682 269
1
1683 40
1
1684 325
0
1
1685 76
1
1686 221
1
1687 154
1
1688 49
1
1689 289
1
1690 20
1
1691 298
1
1692 72
1
1693 297
1
1694 191
1
1695 297
1
1696 155
1
1697 175
1
1698 165
1
1699 267
1
1700 38
1
1701 100
1
1702 283
1
1703 24
1
1704 134
1
1705 45
1
1706 125
0
1
1707 189
1
1708 28
1
1709 83
0
1
1710 44
1
1711 68
1
1712 65
1
1713 217
1
1714 104
1
1715 342
1
1716 287
1
1717 325
1
1718 241
1
1719 82
1
1720 67
0
1
1721 299
0
1
1722 272
1
1723 132
1
1724 307
1
1725 337
1
1726 32
1
1727 179
1
1728 99
1
1729 297
1
1730 290
0
1
1731 28
1
1732 181
1
1733 332
1
1734 316
1
1735 103
1
1736 136
1
1737 329
1
1738 2
1
1739 282
1
1740 265
1
1741 20
1
1742 143
1
1743 84
1
1744 184
1
1745 185
1
1746 151
1
1747 210
1
1748 143
0
1
1749 164
1
1750 202
1
1751 135
1
1752 215
1
1753 153
1
1754 97
1
1755 288
1
1756 57
1
1757 134
1
1758 276
1
1759 95
1
1760 21
1
1761 261
1
1762 250
1
1763 101
1
1764 129
1
1765 325
1
1766 197
1
1767 80
1
1768 128
1
1769 286
1
1770 159
1
1771 199
1
1772 332
0
1
1773 336
1
1774 100
1
1775 114
1
1776 135
1
1777 29
1
1778 7
1
1779 251
1
1780 110
1
1781 321
1
1782 254
1
1783 100
1
1784 32
1
1785 43
1
1786 97
1
1787 66
0
1
1788 61
1
1789 19
1
1790 5
1
1791 121
1
1792 137
1
1793 114
1
1794 267
1
1795 206
1
1796 139
1
1797 65
1
1798 54
1
1799 241
1
1800 185
1
1801 231
1
1802 86
1
1803 275
1
1804 95
0
1
1805 123
1
1806 193
0
1
1807 141
1
1808 113
0
1
1809 209
0
1
1810 189
1
1811 332
0
0
1
1812 169
1
1813 233
1
1814 73
1
1815 228
0
0
0
1
1816 299
1
1817 307
0
1
1818 64
0
1
1819 249
0
0
1
1820 119
1
1821 68
1
1822 182
0
1
1823 131
1
1824 23
1
1825 189
1
1826 149
1
1827 142
1
1828 29
1
1829 149
1
1830 2
0
0
1
1831 62
1
1832 307
1
1833 218
1
1834 282
1
1835 102
1
1836 140
1
1837 85
1
1838 338
0
1
1839 49
1
1840 129
1
1841 252
1
1842 95
1
1843 272
1
1844 95
1
1845 86
1
1846 11
1
1847 244
1
1848 42
1
1849 45
1
1850 113
1
1851 61
1
1852 79
0
1
1853 181
1
1854 76
1
1855 49
1
1856 179
1
1857 331
1
1858 283
1
1859 141
1
1860 104
0
1
1861 281
1
1862 14
1
1863 216
1
1864 246
1
1865 242
1
1866 331
1
1867 185
1
1868 173
1
1869 275
1
1870 196
1
1871 140
1
1872 248
0
0
0
1
1873 257
1
1874 247
1
1875 100
1
1876 252
1
1877 243
1
1878 206
1
1879 340
1
1880 140
1
1881 236
1
1882 155
1
1883 23
0
1
1884 181
1
1885 187
1
1886 35
1
1887 53
1
1888 30
1
1889 76
0
1
1890 337
1
1891 195
1
1892 136
1
1893 322
1
1894 218
1
1895 263
1
1896 332
1
1897 10
1
1898 141
1
1899 125
1
1900 243
1
1901 231
1
1902 36
0
1
1903 161
1
1904 89
1
1905 54
1
1906 88
1
1907 200
1
1908 314
1
1909 115
1
1910 72
1
1911 79
1
1912 282
1
1913 140
1
1914 279
1
1915 246
1
1916 194
0
1
1917 198
1
1918 294
1
1919 130
1
1920 254
0
1
1921 220
1
1922 151
1
1923 128
1
1924 20
1
1925 256
0
1
1926 162
1
1927 245
1
1928 137
1
1929 78
1
1930 151
1
1931 244
1
1932 275
1
1933 62
1
1934 290
1
1935 34
1
1936 50
1
1937 131
0
1
1938 62
1
1939 192
1
1940 48
0
0
1
1941 24
1
1942 61
1
1943 66
1
1944 201
0
1
1945 119
1
1946 338
1
1947 21
1
1948 261
1
1949 100
0
1
1950 20
0
0
1
1951 256
0
1
1952 2
0
1
1953 245
1
1954 143
1
1955 139
1
1956 235
1
1957 4
1
1958 284
1
1959 78
0
1
1960 117
1
1961 272
1
1962 276
0
1
1963 303
1
1964 79
1
1965 318
1
1966 228
1
1967 88
1
1968 324
1
1969 70
1
1970 66
1
1971 272
1
1972 153
0
1
1973 189
0
1
1974 320
1
1975 116
0
1
1976 78
1
1977 47
0
1
1978 30
1
1979 159
1
1980 256
0
1
1981 261
1
1982 206
1
1983 258
1
1984 158
0
0
1
1985 98
1
1986 20
0
0
0
1
1987 216
1
1988 258
1
1989 305
0
1
1990 306
1
1991 188
0
1
1992 121
1
1993 303
1
1994 202
1
1995 238
1
1996 189
1
1997 234
1
1998 261
1
1999 158
0
1
2000 281
1
2001 240
1
2002 276
0
1
2003 155
1
2004 342
1
2005 120
1
2006 30
1
2007 24
1
2008 141
1
2009 62
1
2010 254
0
1
2011 255
0
0
1
2012 218
1
2013 222
1
2014 342
1
2015 165
1
2016 228
1
2017 146
1
2018 23
1
2019 181
1
2020 70
1
2021 179
1
2022 16
0
1
2023 286
1
2024 341
0
0
1
2025 210
0
1
2026 114
1
2027 202
1
2028 219
1
2029 100
1
2030 224
1
2031 4
1
2032 145
1
2033 133
1
2034 316
1
2035 17
0
1
2036 339
0
1
2037 192
1
2038 311
1
2039 82
1
2040 51
1
2041 107
0
1
2042 118
1
2043 252
1
2044 37
1
2045 236
1
2046 200
1
2047 143
1
2048 309
0
1
2049 179
1
2050 298
1
2051 60
1
2052 25
1
2053 237
1
2054 280
1
2055 343
0
0
1
2056 312
1
2057 289
0
1
2058 284
0
1
2059 103
1
2060 35
1
2061 73
0
1
2062 158
1
2063 295
0
1
2064 42
0
1
2065 51
1
2066 102
0
1
2067 15
1
2068 167
1
2069 22
1
2070 281
1
2071 322
1
2072 341
1
2073 209
0
1
2074 112
1
2075 66
0
1
2076 157
1
2077 270
1
2078 11
1
2079 248
1
2080 71
1
2081 79
0
1
2082 127
1
2083 267
1
2084 73
1
2085 116
0
1
2086 276
1
2087 42
1
2088 201
1
2089 78
1
2090 18
1
2091 343
1
2092 224
1
2093 68
1
2094 27
0
1
2095 141
1
2096 286
0
1
2097 85
1
2098 69
1
2099 8
1
2100 299
1
2101 346
1
2102 98
1
2103 301
1
2104 89
1
2105 318
0
1
2106 250
1
2107 236
0
1
2108 318
1
2109 341
1
2110 145
1
2111 177
1
2112 16
1
2113 75
1
2114 345
1
2115 101
1
2116 33
1
2117 109
1
2118 26
1
2119 163
1
2120 265
1
2121 182
1
2122 234
1
2123 271
1
2124 276
1
2125 42
1
2126 198
0
1
2127 39
1
2128 263
0
1
2129 174
1
2130 73
1
2131 247
0
1
2132 8
1
2133 69
1
2134 287
1
2135 147
0
1
2136 53
1
2137 310
0
1
2138 31
1
2139 283
0
1
2140 8
1
2141 87
0
1
2142 260
0
0
1
2143 174
0
1
2144 195
1
2145 216
1
2146 142
1
2147 59
1
2148 290
1
2149 174
1
2150 55
0
0
1
2151 272
1
2152 139
1
2153 128
1
2154 241
1
2155 9
0
0
1
2156 131
1
2157 343
1
2158 192
1
2159 317
1
2160 23
1
2161 80
1
2162 219
1
2163 156
1
2164 269
1
2165 200
1
2166 184
1
2167 319
1
2168 75
1
2169 145
0
1
2170 56
0
1
2171 289
1
2172 101
1
2173 90
1
2174 297
1
2175 271
1
2176 154
1
2177 37
1
2178 37
1
2179 45
1
2180 118
1
2181 155
1
2182 313
1
2183 129
0
0
1
2184 143
0
0
1
2185 245
1
2186 231
1
2187 164
1
2188 133
1
2189 163
1
2190 346
0
0
1
2191 291
1
2192 318
1
2193 13
0
0
1
2194 248
1
2195 195
1
2196 76
1
2197 243
1
2198 346
1
2199 275
0
1
2200 87
0
0
1
2201 4
1
2202 314
1
2203 142
1
2204 31
1
2205 215
1
2206 205
0
1
2207 76
1
2208 285
0
1
2209 240
1
2210 310
1
2211 341
1
2212 315
1
2213 196
1
2214 110
0
1
2215 154
1
2216 66
1
2217 310
1
2218 327
0
0
1
2219 33
1
2220 298
1
2221 310
1
2222 165
1
2223 246
0
1
2224 48
0
0
1
2225 117
1
2226 235
0
1
2227 265
1
2228 40
1
2229 309
1
2230 24
1
2231 107
1
2232 143
1
2233 206
1
2234 18
0
1
2235 145
1
2236 319
1
2237 24
1
2238 308
1
2239 257
0
1
2240 172
1
2241 266
1
2242 135
1
2243 276
1
2244 110
1
2245 168
0
0
1
2246 140
0
0
1
2247 38
1
2248 98
1
2249 146
0
1
2250 236
1
2251 184
1
2252 102
1
2253 308
1
2254 164
1
2255 32
0
0
0
1
2256 235
0
1
2257 289
1
2258 71
0
1
2259 118
0
1
2260 36
1
2261 92
1
2262 280
1
2263 268
1
2264 146
0
1
2265 304
1
2266 91
1
2267 158
1
2268 271
1
2269 250
1
2270 102
1
2271 31
1
2272 81
1
2273 78
1
2274 64
1
2275 275
1
2276 123
1
2277 228
0
1
2278 153
1
2279 3
0
1
2280 218
0
1
2281 204
0
1
2282 341
1
2283 115
1
2284 5
1
2285 95
1
2286 39
1
2287 225
1
2288 194
1
2289 184
1
2290 127
0
0
0
0
1
2291 340
1
2292 82
1
2293 264
0
1
2294 167
1
2295 308
1
2296 119
0
1
2297 307
0
1
2298 174
0
1
2299 43
1
2300 105
1
2301 239
0
1
2302 234
0
1
2303 223
1
2304 125
1
2305 252
1
2306 333
1
2307 276
1
2308 219
0
1
2309 259
1
2310 113
1
2311 169
1
2312 11
0
0
1
2313 114
1
2314 108
1
2315 342
1
2316 323
1
2317 174
1
2318 213
0
0
1
2319 191
0
1
2320 100
1
2321 206
0
1
2322 325
1
2323 302
1
2324 2
0
1
2325 178
1
2326 140
0
1
2327 296
1
2328 4
1
2329 140
1
2330 310
0
1
2331 125
1
2332 326
1
2333 234
0
1
2334 218
1
2335 183
1
2336 333
1
2337 88
0
0
1
2338 174
1
2339 239
1
2340 236
1
2341 239
1
2342 288
1
2343 65
1
2344 340
1
2345 145
0
0
1
2346 240
1
2347 247
1
2348 286
0
1
2349 100
1
2350 67
1
2351 332
1
2352 341
1
2353 201
1
2354 162
1
2355 54
1
2356 227
0
0
1
2357 164
1
2358 257
1
2359 19
0
1
2360 3
1
2361 73
1
2362 233
1
2363 65
0
0
1
2364 272
1
2365 335
1
2366 210
0
1
2367 224
1
2368 195
1
2369 121
1
2370 201
1
2371 144
0
1
2372 63
1
2373 344
1
2374 345
1
2375 195
1
2376 312
1
2377 279
1
2378 238
0
1
2379 94
0
0
1
2380 165
0
1
2381 31
1
2382 289
1
2383 307
1
2384 94
0
0
1
2385 316
1
2386 44
1
2387 129
1
2388 293
1
2389 202
1
2390 102
0
1
2391 81
1
2392 160
1
2393 185
1
2394 110
1
2395 61
0
0
1
2396 305
1
2397 248
1
2398 62
1
2399 8
0
1
2400 27
1
2401 48
1
2402 69
1
2403 294
0
1
2404 78
1
2405 202
1
2406 289
1
2407 204
1
2408 130
0
1
2409 39
1
2410 328
1
2411 183
0
0
1
2412 66
0
0
1
2413 103
1
2414 76
0
1
2415 20
1
2416 120
0
0
0
1
2417 318
0
0
1
2418 284
1
2419 109
1
2420 11
1
2421 204
0
1
2422 265
1
2423 338
1
2424 61
1
2425 270
0
1
2426 3
0
1
2427 269
1
2428 12
0
0
1
2429 21
0
0
1
2430 319
0
1
2431 50
1
2432 275
1
2433 39
1
2434 285
1
2435 4
1
2436 139
1
2437 192
0
1
2438 343
0
1
2439 220
0
1
2440 4
1
2441 147
0
0
0
1
2442 256
1
2443 114
1
2444 75
1
2445 49
1
2446 210
1
2447 26
0
1
2448 175
1
2449 210
1
2450 62
1
2451 242
0
1
2452 128
1
2453 56
1
2454 112
0
0
0
1
2455 190
1
2456 259
1
2457 154
1
2458 236
0
1
2459 176
0
1
2460 8
0
1
2461 260
1
2462 316
1
2463 346
1
2464 309
1
2465 230
1
2466 105
1
2467 293
1
2468 81
1
2469 59
1
2470 37
0
1
2471 255
1
2472 288
1
2473 176
1
2474 266
1
2475 331
0
1
2476 287
1
2477 203
0
1
2478 132
1
2479 221
1
2480 41
0
1
2481 42
1
2482 70
1
2483 3
1
2484 95
1
2485 150
1
2486 252
1
2487 215
1
2488 125
1
2489 38
1
2490 46
1
2491 57
1
2492 206
1
2493 321
1
2494 80
1
2495 143
1
2496 343
1
2497 3
1
2498 166
1
2499 256
1
2500 97
0
0
1
2501 268
1
2502 226
1
2503 6
1
2504 119
1
2505 243
1
2506 19
1
2507 309
0
0
1
2508 226
1
2509 296
1
2510 216
1
2511 62
1
2512 311
0
1
2513 28
0
1
2514 301
0
1
2515 211
1
2516 307
1
2517 46
1
2518 41
1
2519 194
0
1
2520 239
1
2521 242
0
1
2522 130
0
1
2523 245
0
0
1
2524 120
1
2525 340
1
2526 228
1
2527 146
1
2528 243
0
1
2529 29
0
1
2530 202
1
2531 69
1
2532 102
1
2533 209
1
2534 309
1
2535 339
1
2536 127
1
2537 102
1
2538 66
1
2539 135
1
2540 83
0
1
2541 83
0
1
2542 233
0
0
1
2543 83
1
2544 21
1
2545 275
1
2546 177
1
2547 203
0
1
2548 46
1
2549 313
0
1
2550 52
0
1
2551 87
1
2552 312
1
2553 321
1
2554 72
1
2555 73
0
1
2556 306
1
2557 103
1
2558 141
1
2559 313
0
1
2560 181
1
2561 219
1
2562 301
1
2563 316
1
2564 324
1
2565 258
1
2566 111
0
0
1
2567 26
0
0
1
2568 57
1
2569 308
0
1
2570 199
1
2571 4
1
2572 308
1
2573 255
1
2574 276
1
2575 85
0
1
2576 271
0
1
2577 325
0
0
1
2578 5
1
2579 90
1
2580 261
1
2581 19
0
1
2582 276
1
2583 153
0
0
1
2584 137
0
1
2585 90
1
2586 197
1
2587 214
1
2588 221
1
2589 247
1
2590 69
1
2591 152
1
2592 209
1
2593 133
1
2594 259
1
2595 5
1
2596 40
1
2597 204
1
2598 36
1
2599 211
1
2600 269
1
2601 210
1
2602 98
1
2603 36
1
2604 179
1
2605 95
1
2606 204
0
0
1
2607 98
0
1
2608 58
1
2609 147
1
2610 88
0
0
1
2611 240
1
2612 110
1
2613 112
1
2614 174
1
2615 325
1
2616 219
1
2617 56
0
1
2618 165
1
2619 278
1
2620 220
0
1
2621 45
1
2622 268
1
2623 8
1
2624 242
0
1
2625 122
1
2626 107
1
2627 98
0
1
2628 341
0
0
0
1
2629 308
0
1
2630 315
1
2631 260
1
2632 95
1
2633 295
1
2634 232
1
2635 247
1
2636 99
1
2637 251
1
2638 296
0
1
2639 309
0
0
1
2640 273
0
1
2641 251
1
2642 61
1
2643 133
1
2644 23
1
2645 48
0
1
2646 100
1
2647 7
0
1
2648 23
1
2649 208
1
2650 80
1
2651 40
0
1
2652 75
1
2653 156
1
2654 114
1
2655 5
0
0
1
2656 308
0
1
2657 86
0
1
2658 237
1
2659 345
1
2660 325
1
2661 228
0
1
2662 210
1
2663 26
1
2664 324
1
2665 176
1
2666 218
1
2667 6
1
2668 167
1
2669 13
0
1
2670 334
1
2671 235
1
2672 101
1
2673 82
1
2674 154
1
2675 14
1
2676 22
1
2677 126
1
2678 78
1
2679 242
1
2680 171
1
2681 335
1
2682 127
1
2683 342
1
2684 170
1
2685 309
1
2686 211
1
2687 239
1
2688 262
1
2689 106
1
2690 3
1
2691 54
1
2692 204
1
2693 191
0
1
2694 95
1
2695 29
0
0
0
0
1
2696 272
1
2697 152
1
2698 279
1
2699 59
1
2700 316
1
2701 307
0
1
2702 159
1
2703 72
1
2704 93
1
2705 25
1
2706 259
1
2707 307
1
2708 287
1
2709 30
0
1
2710 105
1
2711 39
0
1
2712 252
0
0
1
2713 325
0
1
2714 8
0
0
0
0
1
2715 122
1
2716 334
1
2717 308
0
1
2718 103
0
1
2719 264
0
1
2720 9
0
0
0
0
1
2721 135
0
0
0
1
2722 106
0
1
2723 115
0
1
2724 185
1
2725 236
1
2726 263
0
1
2727 19
1
2728 84
1
2729 336
1
2730 230
0
0
1
2731 49
1
2732 105
1
2733 221
1
2734 144
1
2735 161
1
2736 232
1
2737 238
1
2738 8
0
1
2739 14
1
2740 139
1
2741 245
1
2742 13
1
2743 138
0
1
2744 261
1
2745 84
0
1
2746 200
1
2747 176
1
2748 298
1
2749 275
1
2750 234
0
1
2751 138
0
1
2752 175
1
2753 11
1
2754 189
0
0
1
2755 39
0
1
2756 5
1
2757 301
1
2758 53
0
1
2759 346
1
2760 254
1
2761 6
1
2762 261
1
2763 332
1
2764 168
1
2765 221
0
0
1
2766 84
1
2767 201
1
2768 241
1
2769 122
0
1
2770 21
1
2771 248
1
2772 94
1
2773 159
1
2774 140
0
1
2775 146
1
2776 54
1
2777 274
1
2778 275
1
2779 313
1
2780 95
1
2781 309
0
1
2782 247
0
0
1
2783 179
0
0
1
2784 177
1
2785 259
1
2786 236
0
1
2787 29
1
2788 83
0
1
2789 85
1
2790 201
1
2791 308
0
0
0
1
2792 194
1
2793 48
0
1
2794 250
1
2795 26
0
1
2796 37
1
2797 169
0
0
1
2798 65
1
2799 325
1
2800 333
1
2801 309
0
1
2802 264
0
1
2803 258
1
2804 236
0
1
2805 168
0
1
2806 11
1
2807 121
1
2808 262
1
2809 115
1
2810 166
1
2811 52
1
2812 178
1
2813 140
1
2814 344
0
1
2815 311
1
2816 169
1
2817 247
1
2818 306
0
1
2819 273
1
2820 75
1
2821 46
1
2822 323
1
2823 13
0
1
2824 286
1
2825 46
1
2826 110
1
2827 29
1
2828 344
1
2829 257
1
2830 284
0
1
2831 301
0
1
2832 74
0
0
0
0
1
2833 68
1
2834 311
0
1
2835 208
1
2836 219
1
2837 79
1
2838 236
1
2839 33
1
2840 151
1
2841 110
1
2842 295
0
1
2843 309
1
2844 236
0
0
1
2845 325
1
2846 155
1
2847 321
1
2848 26
0
0
0
1
2849 155
1
2850 192
0
1
2851 100
1
2852 293
0
1
2853 146
1
2854 193
0
1
2855 115
1
2856 278
1
2857 182
0
1
2858 78
1
2859 16
0
1
2860 58
1
2861 202
0
1
2862 168
1
2863 61
1
2864 117
1
2865 252
1
2866 237
1
2867 243
0
0
0
1
2868 147
0
1
2869 271
1
2870 41
1
2871 284
0
1
2872 300
1
2873 190
1
2874 185
1
2875 306
1
2876 94
1
2877 302
1
2878 259
0
0
0
1
2879 297
1
2880 104
0
1
2881 15
1
2882 38
1
2883 6
0
0
1
2884 110
1
2885 135
1
2886 79
1
2887 206
0
0
1
2888 259
0
1
2889 159
1
2890 198
0
0
1
2891 200
1
2892 92
1
2893 290
1
2894 88
1
2895 240
1
2896 115
1
2897 334
1
2898 4
1
2899 215
1
2900 158
0
1
2901 193
0
0
0
0
1
2902 262
1
2903 143
1
2904 147
1
2905 254
1
2906 224
1
2907 170
1
2908 63
1
2909 257
1
2910 280
1
2911 217
1
2912 181
1
2913 53
1
2914 306
1
2915 284
1
2916 159
1
2917 86
0
1
2918 167
1
2919 308
1
2920 205
1
2921 180
1
2922 109
1
2923 199
1
2924 19
0
1
2925 298
0
0
0
0
1
2926 150
1
2927 79
0
1
2928 209
1
2929 249
0
0
0
1
2930 314
1
2931 173
1
2932 66
1
2933 218
0
0
0
1
2934 253
1
2935 309
0
1
2936 7
0
0
0
1
2937 146
1
2938 190
1
2939 239
1
2940 167
0
1
2941 47
0
1
2942 129
1
2943 28
1
2944 85
0
1
2945 42
1
2946 100
1
2947 236
1
2948 239
0
1
2949 217
1
2950 163
1
2951 4
1
2952 207
0
1
2953 180
1
2954 139
1
2955 148
0
1
2956 331
1
2957 208
1
2958 44
1
2959 303
0
0
0
1
2960 239
1
2961 159
1
2962 158
0
1
2963 11
0
1
2964 292
1
2965 262
0
0
0
1
2966 144
0
0
0
0
1
2967 324
0
1
2968 339
0
1
2969 115
1
2970 337
0
1
2971 305
1
2972 248
0
1
2973 50
0
1
2974 100
1
2975 24
0
0
0
1
2976 301
1
2977 289
1
2978 290
1
2979 214
0
0
1
2980 6
0
1
2981 270
1
2982 256
1
2983 114
1
2984 35
1
2985 146
1
2986 302
1
2987 159
0
1
2988 43
1
2989 317
1
2990 74
1
2991 74
1
2992 153
0
0
1
2993 272
1
2994 43
1
2995 329
1
2996 147
1
2997 238
1
2998 290
0
1
2999 155
1
3000 309
0
0
1
3001 25
1
3002 4
1
3003 331
1
3004 174
0
0
0
1
3005 121
1
3006 266
1
3007 4
0
0
1
3008 183
0
1
3009 194
0
1
3010 275
0
0
1
3011 153
1
3012 295
1
3013 50
1
3014 37
1
3015 5
0
0
0
0
1
3016 105
1
3017 237
1
3018 17
1
3019 337
1
3020 50
1
3021 270
1
3022 91
1
3023 282
1
3024 282
1
3025 289
0
1
3026 18
0
0
1
3027 254
1
3028 258
0
0
1
3029 54
1
3030 127
0
0
0
0
1
3031 67
1
3032 66
1
3033 257
1
3034 115
0
0
1
3035 6
1
3036 314
1
3037 335
1
3038 335
0
1
3039 199
0
0
0
0
1
3040 106
0
1
3041 19
1
3042 203
1
3043 301
1
3044 107
0
1
3045 310
1
3046 273
1
3047 46
1
3048 301
1
3049 212
0
1
3050 92
0
0
1
3051 295
1
3052 102
1
3053 199
0
1
3054 88
1
3055 77
1
3056 30
1
3057 105
1
3058 316
1
3059 116
1
3060 162
1
3061 240
1
3062 264
0
1
3063 221
1
3064 314
1
3065 137
0
1
3066 222
1
3067 318
1
3068 222
0
0
0
0
1
3069 66
1
3070 140
1
3071 276
0
0
0
0
0
1
3072 156
0
1
3073 268
1
3074 126
1
3075 299
1
3076 56
1
3077 339
0
1
3078 311
0
1
3079 44
1
3080 38
1
3081 293
1
3082 91
1
3083 333
1
3084 119
1
3085 271
1
3086 336
1
3087 295
1
3088 288
1
3089 276
1
3090 292
1
3091 161
0
1
3092 310
1
3093 243
1
3094 184
1
3095 327
0
0
0
1
3096 315
1
3097 134
0
1
3098 287
1
3099 160
0
0
0
1
3100 140
1
3101 98
1
3102 108
0
1
3103 151
0
1
3104 152
1
3105 254
1
3106 87
1
3107 247
0
0
1
3108 336
1
3109 105
1
3110 274
0
1
3111 95
1
3112 188
1
3113 175
1
3114 134
0
1
3115 188
0
0
1
3116 275
1
3117 299
1
3118 285
1
3119 101
1
3120 90
1
3121 336
0
0
0
0
1
3122 265
1
3123 18
0
0
0
0
1
3124 61
1
3125 195
1
3126 275
1
3127 69
1
3128 256
0
0
0
0
1
3129 245
0
0
0
1
3130 132
1
3131 179
0
1
3132 17
1
3133 312
1
3134 14
1
3135 309
1
3136 282
0
1
3137 49
1
3138 306
0
1
3139 299
0
0
0
0
0
1
3140 240
1
3141 74
1
3142 124
1
3143 61
0
1
3144 214
1
3145 237
1
3146 167
1
3147 251
0
0
0
0
1
3148 307
0
0
1
3149 228
0
1
3150 332
0
0
0
1
3151 75
1
3152 89
0
1
3153 6
1
3154 185
0
0
0
1
3155 210
1
3156 23
1
3157 333
1
3158 31
0
0
1
3159 338
1
3160 79
1
3161 234
0
0
1
3162 290
1
3163 10
1
3164 259
0
0
1
3165 215
1
3166 55
0
0
0
1
3167 288
0
0
0
1
3168 299
1
3169 254
1
3170 107
0
1
3171 209
1
3172 66
1
3173 149
0
0
0
1
3174 38
1
3175 44
1
3176 325
0
1
3177 141
1
3178 217
1
3179 145
0
1
3180 95
1
3181 256
0
0
1
3182 81
0
0
1
3183 74
0
0
1
3184 147
1
3185 168
0
0
0
1
3186 204
1
3187 176
0
0
0
0
1
3188 322
1
3189 218
0
1
3190 97
1
3191 214
1
3192 44
1
3193 263
1
3194 141
1
3195 75
0
1
3196 173
0
0
0
0
0
1
3197 98
1
3198 266
0
1
3199 298
0
1
3200 234
1
3201 79
0
0
1
3202 145
1
3203 207
0
0
1
3204 188
1
3205 141
1
3206 25
0
1
3207 14
0
1
3208 57
1
3209 208
1
3210 295
1
3211 32
1
3212 63
0
1
3213 55
1
3214 333
1
3215 124
0
1
3216 94
1
3217 120
1
3218 149
1
3219 154
1
3220 251
1
3221 151
1
3222 61
1
3223 294
0
1
3224 19
1
3225 76
1
3226 251
1
3227 255
1
3228 39
1
3229 302
0
0
1
3230 243
0
1
3231 20
1
3232 2
1
3233 308
1
3234 324
1
3235 155
0
1
3236 104
0
0
1
3237 138
1
3238 12
0
1
3239 55
0
1
3240 221
1
3241 247
1
3242 80
1
3243 49
0
0
1
3244 55
1
3245 92
0
0
0
1
3246 267
0
0
1
3247 53
1
3248 79
0
0
1
3249 253
0
0
1
3250 147
1
3251 67
0
1
3252 108
1
3253 131
0
0
0
0
1
3254 104
1
3255 124
1
3256 306
1
3257 341
1
3258 214
0
0
0
1
3259 311
0
1
3260 128
1
3261 323
1
3262 314
0
1
3263 205
0
0
0
1
3264 14
1
3265 293
0
1
3266 62
1
3267 44
1
3268 131
0
1
3269 100
0
1
3270 202
1
3271 311
1
3272 108
1
3273 204
1
3274 232
0
1
3275 310
1
3276 313
0
1
3277 71
1
3278 292
1
3279 325
0
0
1
3280 74
0
0
1
3281 130
0
1
3282 305
0
1
3283 103
0
1
3284 149
1
3285 95
1
3286 224
1
3287 76
1
3288 268
1
3289 214
0
0
1
3290 323
1
3291 35
1
3292 214
0
0
1
3293 116
0
1
3294 103
1
3295 130
1
3296 179
1
3297 177
0
1
3298 66
0
0
0
0
1
3299 37
1
3300 94
1
3301 4
1
3302 325
0
1
3303 90
0
1
3304 315
1
3305 206
1
3306 140
0
1
3307 95
0
1
3308 67
1
3309 117
0
1
3310 182
1
3311 32
1
3312 225
1
3313 177
0
0
0
1
3314 240
0
0
0
1
3315 270
0
1
3316 243
0
1
3317 66
0
0
0
1
3318 182
0
1
3319 120
1
3320 126
0
0
1
3321 119
0
1
3322 92
0
1
3323 181
0
1
3324 277
0
1
3325 193
1
3326 169
0
1
3327 246
1
3328 233
1
3329 3
1
3330 138
1
3331 8
0
1
3332 24
1
3333 136
0
1
3334 148
1
3335 236
1
3336 72
1
3337 2
1
3338 252
0
0
1
3339 3
0
1
3340 346
0
1
3341 18
1
3342 185
1
3343 53
1
3344 38
1
3345 114
1
3346 5
0
0
1
3347 285
1
3348 278
1
3349 342
1
3350 118
0
1
3351 198
0
0
1
3352 53
1
3353 167
1
3354 175
1
3355 79
0
0
1
3356 14
1
3357 126
1
3358 201
1
3359 299
1
3360 225
0
1
3361 102
1
3362 126
1
3363 86
1
3364 282
1
3365 200
1
3366 253
1
3367 40
1
3368 271
1
3369 242
1
3370 66
1
3371 275
0
0
0
1
3372 297
1
3373 22
1
3374 132
1
3375 252
1
3376 164
0
0
1
3377 298
0
0
0
0
1
3378 245
0
0
0
1
3379 212
0
0
0
1
3380 244
0
0
0
1
3381 73
1
3382 173
1
3383 231
1
3384 246
0
1
3385 325
1
3386 268
1
3387 279
0
1
3388 112
1
3389 58
0
0
1
3390 117
1
3391 165
1
3392 50
1
3393 147
0
1
3394 66
1
3395 7
0
1
3396 225
1
3397 147
0
1
3398 8
0
0
0
0
0
1
3399 304
0
1
3400 127
1
3401 18
1
3402 282
0
0
1
3403 66
1
3404 280
1
3405 64
1
3406 127
0
1
3407 315
0
0
0
0
1
3408 4
1
3409 184
1
3410 261
0
0
0
0
0
0
1
3411 21
1
3412 164
0
0
0
0
0
1
3413 302
1
3414 166
1
3415 280
0
1
3416 243
1
3417 38
0
0
1
3418 9
0
1
3419 138
0
1
3420 116
1
3421 155
1
3422 191
0
0
0
1
3423 55
1
3424 266
1
3425 125
1
3426 258
0
1
3427 329
0
1
3428 268
1
3429 174
1
3430 295
0
0
0
0
1
3431 342
1
3432 191
1
3433 182
0
0
0
0
0
0
0
0
1
3434 317
0
0
0
0
1
3435 253
1
3436 41
0
0
1
3437 322
1
3438 217
0
1
3439 207
0
0
0
0
0
1
3440 63
1
3441 173
1
3442 182
0
0
0
1
3443 248
0
0
1
3444 273
0
1
3445 152
0
1
3446 266
1
3447 166
0
0
0
1
3448 318
0
1
3449 88
1
3450 322
1
3451 243
0
1
3452 150
1
3453 263
1
3454 209
0
1
3455 128
1
3456 159
0
0
0
0
1
3457 200
0
0
0
0
0
1
3458 171
1
3459 246
1
3460 345
1
3461 10
1
3462 326
0
1
3463 113
1
3464 76
1
3465 2
1
3466 66
1
3467 48
0
0
0
1
3468 278
1
3469 235
0
0
0
1
3470 199
0
0
1
3471 48
0
0
0
1
3472 91
1
3473 269
1
3474 216
0
0
0
0
1
3475 282
1
3476 231
0
1
3477 3
0
0
0
1
3478 75
0
0
0
0
1
3479 194
1
3480 267
0
1
3481 192
1
3482 103
1
3483 226
1
3484 234
1
3485 220
1
3486 239
0
0
1
3487 293
1
3488 140
0
0
1
3489 102
0
0
1
3490 58
1
3491 220
1
3492 24
1
3493 213
0
1
3494 132
1
3495 137
0
0
1
3496 85
1
3497 111
0
0
1
3498 263
0
1
3499 82
0
1
3500 82
1
3501 153
0
0
1
3502 193
1
3503 226
0
1
3504 309
0
1
3505 88
0
1
3506 113
1
3507 156
1
3508 252
1
3509 214
1
3510 5
1
3511 265
0
1
3512 128
1
3513 26
0
1
3514 300
0
0
1
3515 168
0
1
3516 57
0
0
1
3517 111
0
1
3518 102
1
3519 166
0
1
3520 215
1
3521 289
0
0
1
3522 43
1
3523 171
0
0
0
0
1
3524 217
1
3525 141
1
3526 30
1
3527 89
1
3528 114
0
0
1
3529 78
0
1
3530 51
0
1
3531 101
1
3532 79
1
3533 328
1
3534 294
1
3535 98
1
3536 174
0
0
1
3537 240
1
3538 105
0
0
0
0
0
1
3539 29
0
1
3540 327
0
1
3541 100
0
1
3542 338
1
3543 311
1
3544 337
0
0
1
3545 66
0
0
1
3546 251
1
3547 76
0
0
1
3548 339
0
0
1
3549 185
0
1
3550 94
1
3551 342
0
1
3552 77
0
1
3553 251
1
3554 147
1
3555 95
0
0
1
3556 79
0
1
3557 246
1
3558 172
0
0
1
3559 272
0
1
3560 192
1
3561 264
1
3562 35
1
3563 337
0
0
1
3564 71
1
3565 124
0
0
1
3566 307
1
3567 17
1
3568 244
0
1
3569 102
1
3570 344
1
3571 301
1
3572 152
1
3573 344
0
0
1
3574 146
1
3575 268
0
1
3576 262
1
3577 248
1
3578 224
1
3579 339
1
3580 248
0
0
0
1
3581 279
0
0
1
3582 78
0
0
1
3583 95
1
3584 2
0
1
3585 80
1
3586 174
1
3587 279
1
3588 146
0
1
3589 216
1
3590 176
1
3591 64
1
3592 239
1
3593 252
1
3594 47
1
3595 311
1
3596 201
0
0
1
3597 209
1
3598 294
1
3599 269
1
3600 74
1
3601 186
1
3602 115
0
1
3603 223
1
3604 87
0
1
3605 9
1
3606 196
0
0
0
0
1
3607 275
0
0
0
1
3608 101
0
1
3609 95
1
3610 19
0
1
3611 267
0
1
3612 162
1
3613 296
1
3614 117
0
0
0
0
0
1
3615 330
0
0
0
0
0
1
3616 204
0
0
1
3617 233
0
0
1
3618 89
0
0
1
3619 105
1
3620 247
0
1
3621 197
0
1
3622 190
0
0
0
1
3623 318
1
3624 147
0
0
1
3625 132
0
0
0
0
1
3626 205
1
3627 260
0
0
0
1
3628 190
1
3629 261
0
1
3630 231
0
0
0
0
0
1
3631 74
1
3632 227
0
1
3633 209
1
3634 33
1
3635 306
0
0
1
3636 342
0
1
3637 328
0
0
1
3638 261
0
0
1
3639 210
0
1
3640 341
0
0
0
0
0
1
3641 214
1
3642 63
0
0
0
0
1
3643 119
1
3644 292
1
3645 271
0
0
0
1
3646 221
1
3647 168
0
1
3648 257
1
3649 291
0
0
1
3650 55
1
3651 309
1
3652 19
1
3653 321
1
3654 73
1
3655 174
0
1
3656 126
1
3657 29
1
3658 120
0
1
3659 231
1
3660 305
0
0
0
1
3661 325
1
3662 46
0
1
3663 219
0
1
3664 96
1
3665 313
0
1
3666 223
1
3667 72
1
3668 253
0
0
0
1
3669 93
0
0
1
3670 298
0
0
0
0
0
1
3671 6
1
3672 151
0
1
3673 44
0
1
3674 105
0
1
3675 48
0
1
3676 212
1
3677 51
1
3678 160
1
3679 90
0
1
3680 16
0
1
3681 307
1
3682 155
0
1
3683 76
1
3684 19
1
3685 269
1
3686 95
1
3687 73
1
3688 211
0
1
3689 268
1
3690 4
0
0
0
0
1
3691 5
0
0
0
1
3692 18
1
3693 32
0
0
1
3694 255
0
1
3695 274
0
1
3696 67
0
0
0
0
0
0
1
3697 50
1
3698 342
1
3699 180
0
1
3700 67
0
1
3701 334
0
0
1
3702 2
0
0
1
3703 308
1
3704 50
0
1
3705 346
0
1
3706 209
0
1
3707 291
1
3708 276
0
1
3709 301
0
1
3710 25
1
3711 232
0
1
3712 305
1
3713 154
0
1
3714 187
1
3715 149
1
3716 152
0
0
0
0
0
1
3717 236
1
3718 255
1
3719 130
0
0
1
3720 215
1
3721 86
1
3722 309
0
1
3723 32
0
0
1
3724 28
0
1
3725 38
1
3726 204
1
3727 165
1
3728 301
0
1
3729 222
0
1
3730 192
0
1
3731 172
1
3732 226
0
0
1
3733 163
1
3734 27
0
0
1
3735 239
0
0
0
0
0
0
0
1
3736 288
1
3737 304
0
1
3738 300
1
3739 183
0
1
3740 136
1
3741 192
1
3742 224
0
0
0
1
3743 25
1
3744 252
1
3745 312
1
3746 252
1
3747 228
0
1
3748 153
0
1
3749 289
1
3750 315
0
0
0
1
3751 157
0
1
3752 100
0
1
3753 89
1
3754 191
0
0
0
1
3755 337
0
0
0
0
0
0
0
1
3756 341
1
3757 231
1
3758 258
0
1
3759 115
0
1
3760 226
1
3761 344
0
1
3762 8
0
1
3763 247
1
3764 226
0
0
1
3765 239
0
1
3766 146
1
3767 216
0
0
1
3768 32
0
1
3769 288
1
3770 236
1
3771 57
0
1
3772 113
0
0
1
3773 100
1
3774 282
0
1
3775 324
0
0
0
0
0
0
0
0
1
3776 154
0
1
3777 185
0
1
3778 37
0
0
1
3779 169
0
1
3780 137
1
3781 197
0
1
3782 14
0
1
3783 147
0
1
3784 185
0
0
0
0
0
0
0
0
0
0
1
3785 190
1
3786 13
0
0
1
3787 240
0
0
1
3788 114
1
3789 159
1
3790 144
1
3791 59
1
3792 29
0
1
3793 159
0
0
0
0
1
3794 226
0
1
3795 215
1
3796 282
1
3797 212
1
3798 47
1
3799 42
1
3800 265
1
3801 178
1
3802 11
0
0
1
3803 333
1
3804 279
0
1
3805 76
0
1
3806 141
1
3807 325
0
1
3808 255
1
3809 329
0
1
3810 300
0
0
0
1
3811 169
0
0
0
0
0
0
1
3812 26
1
3813 39
0
1
3814 269
0
0
0
0
1
3815 278
1
3816 76
0
0
0
0
0
0
0
0
1
3817 107
1
3818 105
0
0
1
3819 42
0
0
1
3820 308
0
0
0
1
3821 90
1
3822 143
1
3823 48
1
3824 94
0
1
3825 62
0
0
1
3826 79
0
1
3827 209
0
0
0
0
0
1
3828 15
0
1
3829 281
1
3830 139
0
0
0
1
3831 167
1
3832 310
0
0
1
3833 276
0
0
0
0
1
3834 152
1
3835 336
0
1
3836 54
1
3837 277
1
3838 46
0
1
3839 136
0
1
3840 251
1
3841 54
1
3842 51
0
0
1
3843 94
0
1
3844 147
0
0
1
3845 176
0
1
3846 215
1
3847 252
1
3848 159
0
0
0
0
0
0
1
3849 136
1
3850 216
0
0
1
3851 272
0
1
3852 192
1
3853 278
0
0
1
3854 200
0
1
3855 86
1
3856 154
0
1
3857 235
0
0
0
1
3858 53
1
3859 27
0
1
3860 125
1
3861 51
0
1
3862 116
0
1
3863 151
0
0
0
1
3864 317
0
1
3865 344
0
1
3866 29
1
3867 34
0
0
1
3868 76
0
0
0
1
3869 9
0
1
3870 238
0
0
0
1
3871 284
1
3872 301
1
3873 102
1
3874 180
0
0
0
1
3875 20
0
0
0
1
3876 254
0
0
1
3877 295
0
1
3878 215
0
0
0
0
1
3879 12
1
3880 330
0
0
0
1
3881 94
0
0
0
0
0
1
3882 343
1
3883 123
1
3884 328
0
1
3885 69
1
3886 195
1
3887 182
0
1
3888 96
1
3889 19
1
3890 8
0
1
3891 115
0
0
0
0
0
1
3892 312
1
3893 87
1
3894 27
0
0
0
0
0
0
0
1
3895 129
0
0
0
1
3896 227
0
1
3897 220
0
0
0
1
3898 269
1
3899 67
0
1
3900 216
1
3901 250
1
3902 213
1
3903 41
0
1
3904 337
1
3905 225
1
3906 62
1
3907 69
1
3908 142
0
1
3909 236
1
3910 342
0
0
1
3911 109
0
0
1
3912 210
0
1
3913 110
0
1
3914 307
1
3915 310
0
1
3916 221
1
3917 321
1
3918 112
0
1
3919 85
1
3920 103
0
1
3921 11
0
0
1
3922 258
0
1
3923 75
1
3924 69
0
0
1
3925 293
1
3926 265
0
1
3927 115
0
1
3928 298
0
1
3929 295
1
3930 215
0
1
3931 146
0
1
3932 346
0
1
3933 305
1
3934 300
1
3935 281
0
0
0
1
3936 137
0
0
1
3937 237
0
0
0
1
3938 147
1
3939 147
1
3940 297
0
0
0
0
1
3941 234
0
1
3942 176
0
0
1
3943 115
1
3944 133
0
0
0
0
0
1
3945 160
0
0
1
3946 292
1
3947 171
0
0
1
3948 346
0
0
1
3949 249
0
0
1
3950 279
1
3951 40
1
3952 20
0
1
3953 122
1
3954 75
1
3955 200
1
3956 142
1
3957 233
0
0
0
1
3958 100
1
3959 114
0
1
3960 302
1
3961 202
0
1
3962 66
0
0
0
1
3963 214
0
1
3964 89
1
3965 147
1
3966 108
1
3967 57
0
0
1
3968 104
0
0
0
1
3969 318
0
0
1
3970 238
1
3971 333
0
1
3972 317
1
3973 115
0
0
1
3974 80
0
0
0
1
3975 31
0
0
1
3976 8
0
1
3977 29
0
0
0
0
0
0
0
0
0
0
0
1
3978 38
0
1
3979 166
1
3980 6
0
0
0
0
0
1
3981 154
1
3982 257
0
0
1
3983 258
0
1
3984 70
0
0
1
3985 335
1
3986 80
0
0
0
0
1
3987 163
0
0
0
1
3988 328
1
3989 90
1
3990 74
1
3991 288
0
1
3992 281
1
3993 184
0
1
3994 196
0
1
3995 50
1
3996 17
1
3997 26
1
3998 178
1
3999 310
1
4000 30
0
0
0
1
4001 174
0
1
4002 49
0
0
1
4003 328
1
4004 324
1
4005 201
1
4006 6
1
4007 284
1
4008 40
0
0
0
1
4009 53
1
4010 315
0
0
0
1
4011 338
1
4012 174
0
0
1
4013 275
0
1
4014 178
1
4015 50
1
4016 54
1
4017 69
0
0
0
0
0
0
1
4018 102
1
4019 21
0
0
1
4020 327
0
0
1
4021 102
0
0
1
4022 30
0
1
4023 345
1
4024 212
0
1
4025 62
0
0
0
0
1
4026 130
0
1
4027 29
0
0
0
0
0
0
0
1
4028 8
0
0
1
4029 226
0
0
0
0
0
0
0
0
1
4030 280
1
4031 212
0
0
0
0
0
1
4032 116
0
1
4033 205
1
4034 340
1
4035 94
0
0
0
1
4036 227
0
0
1
4037 331
1
4038 282
1
4039 252
0
0
1
4040 110
0
1
4041 198
0
0
1
4042 76
0
0
0
0
0
0
0
1
4043 152
0
1
4044 339
1
4045 85
1
4046 38
1
4047 245
0
0
1
4048 128
1
4049 275
0
0
0
0
0
0
1
4050 21
0
0
0
1
4051 166
0
0
1
4052 291
0
0
0
0
1
4053 276
0
1
4054 254
0
0
0
0
1
4055 280
0
0
1
4056 12
0
1
4057 251
1
4058 43
0
0
0
0
1
4059 56
0
1
4060 209
0
0
0
0
1
4061 269
0
0
1
4062 132
1
4063 63
0
0
1
4064 150
0
1
4065 299
0
1
4066 195
0
0
0
0
0
1
4067 344
0
0
0
0
0
0
0
1
4068 208
0
0
1
4069 318
1
4070 300
0
1
4071 19
0
0
1
4072 18
1
4073 223
0
1
4074 329
0
0
1
4075 43
0
0
1
4076 195
0
1
4077 15
1
4078 44
0
1
4079 325
1
4080 68
1
4081 98
0
1
4082 115
0
0
1
4083 285
1
4084 164
0
0
1
4085 265
0
1
4086 176
0
0
0
0
0
0
0
1
4087 234
0
1
4088 36
1
4089 299
0
1
4090 109
1
4091 323
0
1
4092 119
0
0
1
4093 2
0
0
1
4094 190
0
1
4095 12
0
1
4096 67
0
1
4097 141
1
4098 109
1
4099 215
1
4100 27
0
0
1
4101 26
1
4102 33
1
4103 282
1
4104 42
0
1
4105 190
1
4106 122
1
4107 28
1
4108 175
0
1
4109 187
0
0
0
1
4110 268
0
1
4111 4
0
0
0
0
1
4112 5
0
1
4113 72
0
0
0
0
0
0
0
0
0
0
0
0
0
1
4114 57
0
0
1
4115 174
0
0
1
4116 16
0
0
0
1
4117 276
0
0
0
1
4118 226
0
1
4119 165
0
1
4120 91
0
0
0
0
0
1
4121 110
1
4122 93
0
0
1
4123 304
1
4124 30
0
0
1
4125 268
0
0
0
1
4126 50
0
0
1
4127 295
1
4128 229
1
4129 132
1
4130 299
0
1
4131 233
1
4132 58
1
4133 123
1
4134 168
0
0
0
0
1
4135 60
0
1
4136 98
0
1
4137 256
0
1
4138 267
0
0
0
0
0
0
0
1
4139 119
1
4140 122
0
0
0
0
0
0
1
4141 118
0
0
1
4142 84
1
4143 144
1
4144 119
1
4145 266
1
4146 9
0
1
4147 101
0
1
4148 179
1
4149 102
1
4150 322
1
4151 24
1
4152 55
1
4153 316
1
4154 310
1
4155 304
0
0
0
0
1
4156 167
1
4157 57
0
0
1
4158 234
1
4159 297
1
4160 330
0
0
1
4161 119
1
4162 35
0
0
0
0
0
1
4163 142
0
1
4164 209
0
1
4165 66
0
1
4166 309
0
0
0
0
1
4167 112
0
1
4168 236
1
4169 47
0
0
0
0
1
4170 10
0
0
0
1
4171 203
1
4172 285
0
0
1
4173 26
0
0
1
4174 86
0
1
4175 266
1
4176 174
0
1
4177 321
1
4178 95
1
4179 155
0
0
0
0
0
0
0
1
4180 76
0
0
1
4181 215
0
0
0
0
0
1
4182 141
0
0
0
1
4183 229
0
1
4184 223
1
4185 100
0
1
4186 252
0
0
0
1
4187 332
0
1
4188 302
0
1
4189 29
0
0
0
0
1
4190 167
1
4191 181
1
4192 253
0
1
4193 219
1
4194 98
1
4195 118
1
4196 200
0
0
1
4197 279
0
0
1
4198 184
0
1
4199 119
0
1
4200 201
0
0
0
0
1
4201 52
0
0
0
0
0
0
0
0
0
0
0
0
0
0
1
4202 142
0
1
4203 62
0
1
4204 59
0
0
1
4205 330
0
1
4206 341
1
4207 60
0
1
4208 164
0
0
0
1
4209 252
0
1
4210 78
1
4211 180
0
1
4212 248
0
0
0
1
4213 283
0
0
0
0
0
0
1
4214 174
1
4215 48
0
0
0
0
0
0
0
0
0
1
4216 209
1
4217 339
1
4218 242
0
0
0
0
1
4219 19
0
1
4220 95
1
4221 176
0
1
4222 66
0
0
0
0
0
0
0
0
0
1
4223 114
0
1
4224 227
0
0
1
4225 298
1
4226 205
0
0
0
0
0
0
0
1
4227 53
0
0
0
1
4228 224
0
0
0
1
4229 242
1
4230 44
0
0
1
4231 4
1
4232 196
0
1
4233 35
1
4234 54
0
0
1
4235 139
0
1
4236 132
0
0
1
4237 53
0
1
4238 295
0
1
4239 231
0
0
0
1
4240 53
0
1
4241 248
0
1
4242 323
0
0
0
0
1
4243 7
0
0
0
0
1
4244 73
0
1
4245 154
0
0
1
4246 318
1
4247 278
0
1
4248 96
0
0
0
0
0
0
0
0
1
4249 192
0
0
0
0
1
4250 206
1
4251 109
0
1
4252 272
1
4253 220
0
1
4254 191
1
4255 230
0
1
4256 334
1
4257 3
0
0
0
1
4258 138
0
1
4259 27
1
4260 38
0
0
0
0
0
0
0
1
4261 344
0
0
0
1
4262 252
0
1
4263 164
0
0
0
0
1
4264 212
0
0
1
4265 108
0
1
4266 146
0
1
4267 264
1
4268 300
0
0
0
0
0
0
0
0
0
0
0
0
0
0
1
4269 316
0
1
4270 18
0
0
1
4271 25
0
0
0
0
0
0
0
1
4272 247
0
0
0
1
4273 255
0
1
4274 174
1
4275 308
0
0
1
4276 324
0
0
0
0
0
0
1
4277 103
0
0
0
0
1
4278 156
0
0
1
4279 63
0
0
0
0
0
1
4280 119
0
0
0
0
0
0
0
1
4281 79
0
1
4282 236
0
0
1
4283 161
0
1
4284 86
1
4285 318
0
0
0
0
1
4286 283
1
4287 160
0
0
0
0
1
4288 206
0
0
0
0
1
4289 114
1
4290 209
1
4291 327
0
0
0
0
1
4292 179
1
4293 28
0
0
1
4294 346
1
4295 170
0
0
0
0
0
0
0
0
0
1
4296 295
0
0
0
1
4297 340
0
0
0
1
4298 139
1
4299 166
0
1
4300 247
0
1
4301 288
0
1
4302 28
0
0
0
0
1
4303 63
1
4304 308
1
4305 196
0
1
4306 214
0
0
1
4307 187
0
0
0
0
0
1
4308 43
0
1
4309 231
0
0
1
4310 218
0
0
0
1
4311 312
0
1
4312 239
0
0
0
1
4313 8
0
1
4314 158
0
1
4315 141
1
4316 170
0
1
4317 83
0
1
4318 71
0
0
0
0
0
1
4319 142
1
4320 150
0
0
1
4321 329
0
0
1
4322 179
0
0
1
4323 197
0
0
1
4324 249
1
4325 163
0
0
0
0
1
4326 72
0
1
4327 204
1
4328 61
0
1
4329 317
0
0
0
0
0
1
4330 275
0
0
0
0
0
0
1
4331 186
1
4332 68
0
0
0
1
4333 59
1
4334 322
0
0
0
0
0
0
0
0
1
4335 285
1
4336 125
1
4337 136
1
4338 301
0
1
4339 306
1
4340 56
0
0
0
0
0
1
4341 223
0
0
0
0
0
1
4342 298
0
0
1
4343 342
0
1
4344 256
0
0
0
0
1
4345 50
0
1
4346 53
1
4347 178
0
0
0
0
0
1
4348 303
0
0
0
1
4349 86
1
4350 24
1
4351 261
0
0
0
1
4352 219
0
1
4353 307
1
4354 296
1
4355 3
0
1
4356 11
1
4357 309
1
4358 56
1
4359 165
0
0
1
4360 115
0
1
4361 186
0
0
1
4362 22
1
4363 224
0
0
0
0
0
0
1
4364 282
0
0
0
0
0
0
0
1
4365 11
0
0
0
0
0
1
4366 48
0
0
1
4367 139
0
0
0
1
4368 77
1
4369 53
0
0
0
1
4370 76
1
4371 229
0
0
0
1
4372 318
0
0
0
0
0
1
4373 51
0
0
0
0
0
1
4374 92
0
0
1
4375 3
0
0
0
0
0
0
0
1
4376 190
0
0
0
1
4377 18
1
4378 110
0
0
0
1
4379 181
1
4380 311
0
1
4381 250
1
4382 321
0
0
1
4383 212
1
4384 277
0
0
0
0
0
1
4385 256
1
4386 166
0
1
4387 122
0
0
0
0
0
1
4388 62
0
0
0
1
4389 72
0
0
1
4390 207
0
0
0
1
4391 268
1
4392 48
0
1
4393 236
1
4394 294
0
0
0
1
4395 100
1
4396 307
0
1
4397 123
0
0
0
0
0
0
0
0
0
0
1
4398 333
1
4399 282
1
4400 168
1
4401 131
1
4402 259
0
0
0
1
4403 155
1
4404 66
1
4405 250
0
0
0
0
0
0
0
0
0
1
4406 85
0
1
4407 17
0
1
4408 15
0
0
0
1
4409 209
0
1
4410 142
0
0
1
4411 159
1
4412 282
0
0
0
0
1
4413 285
0
0
0
0
0
1
4414 174
0
0
0
1
4415 75
0
0
0
0
0
0
0
0
0
1
4416 84
1
4417 4
0
0
1
4418 37
0
0
0
1
4419 142
1
4420 90
1
4421 277
0
0
0
0
0
0
0
0
0
0
1
4422 8
0
0
0
0
0
0
0
0
0
0
0
0
1
4423 312
0
0
0
0
0
0
1
4424 159
0
1
4425 325
0
0
0
0
0
0
0
0
0
0
0
0
0
0
1
4426 291
0
1
4427 135
0
1
4428 79
0
0
0
0
0
0
1
4429 104
0
0
1
4430 238
0
0
0
0
0
0
1
4431 189
0
1
4432 192
0
0
0
1
4433 295
1
4434 30
0
0
0
1
4435 114
0
1
4436 174
0
0
1
4437 15
0
0
0
0
0
0
0
0
0
1
4438 320
0
1
4439 88
0
0
0
0
0
0
1
4440 283
0
0
0
0
1
4441 9
1
4442 255
0
0
0
0
1
4443 137
0
0
0
0
1
4444 243
0
0
0
0
1
4445 299
1
4446 219
0
0
0
0
0
0
1
4447 314
1
4448 57
0
1
4449 172
0
0
0
0
0
0
0
0
1
4450 38
0
0
0
0
0
1
4451 143
0
0
0
0
0
0
0
0
0
0
0
0
0
0
1
4452 228
1
4453 122
0
0
0
1
4454 332
0
0
0
1
4455 205
0
1
4456 229
0
0
0
0
0
0
0
0
0
0
1
4457 36
0
0
1
4458 32
0
0
0
0
1
4459 216
1
4460 239
0
0
0
1
4461 200
1
4462 76
0
0
0
0
0
0
1
4463 51
1
4464 234
0
0
0
0
1
4465 174
1
4466 51
0
0
0
0
0
0
0
0
0
0
1
4467 192
0
0
0
0
1
4468 19
0
0
0
1
4469 6
0
1
4470 173
1
4471 70
0
0
0
0
1
4472 268
0
0
1
4473 53
1
4474 249
0
1
4475 312
0
1
4476 313
0
0
1
4477 73
0
0
0
0
0
1
4478 20
0
0
0
0
0
0
0
0
1
4479 92
1
4480 309
1
4481 162
0
0
0
1
4482 235
1
4483 209
0
0
0
1
4484 330
0
0
0
0
0
0
0
0
0
0
0
1
4485 68
0
0
0
0
0
0
0
0
1
4486 16
0
1
4487 50
0
0
0
0
0
0
0
1
4488 79
0
0
0
1
4489 21
0
0
0
0
0
0
0
0
0
0
0
1
4490 192
0
0
1
4491 158
0
1
4492 10
0
1
4493 112
0
0
0
0
0
0
0
0
0
0
0
0
0
1
4494 208
0
0
1
4495 201
0
0
0
0
0
0
0
1
4496 29
0
1
4497 156
0
0
0
0
0
0
0
0
0
0
0
0
0
1
4498 182
0
1
4499 44
0
0
0
0
1
4500 216
0
0
1
4501 191
0
1
4502 211
0
1
4503 14
1
4504 172
0
0
0
0
0
0
0
0
0
0
0
0
1
4505 76
0
1
4506 160
0
0
0
0
0
0
0
0
0
0
1
4507 206
0
0
0
0
0
1
4508 172
0
1
4509 250
0
1
4510 216
0
0
0
0
0
1
4511 184
1
4512 254
0
0
1
4513 294
0
0
0
0
0
0
0
0
0
0
0
0
1
4514 63
0
0
0
0
0
0
0
0
0
0
0
1
4515 342
1
4516 178
0
1
4517 291
1
4518 341
0
0
0
0
0
0
1
4519 159
0
0
0
0
0
0
0
0
1
4520 221
0
1
4521 247
0
1
4522 320
1
4523 192
0
0
1
4524 136
1
4525 257
0
0
0
0
0
0
0
0
0
0
0
1
4526 58
1
4527 49
0
1
4528 312
0
0
0
1
4529 183
0
0
1
4530 90
1
4531 265
0
1
4532 40
0
0
0
0
1
4533 295
0
0
1
4534 202
0
0
0
0
0
1
4535 217
0
1
4536 257
0
0
1
4537 49
0
0
0
0
0
1
4538 275
0
1
4539 220
1
4540 4
0
0
0
0
0
1
4541 222
0
1
4542 143
0
0
0
0
1
4543 27
1
4544 282
0
1
4545 155
1
4546 71
0
0
0
1
4547 267
0
0
0
1
4548 31
0
0
0
0
0
0
0
1
4549 303
0
0
0
0
0
0
0
0
0
0
0
0
0
1
4550 227
0
0
1
4551 77
1
4552 141
0
0
0
0
1
4553 238
0
1
4554 295
0
1
4555 206
1
4556 109
0
0
0
0
0
0
0
0
0
0
1
4557 62
1
4558 314
0
0
0
0
0
0
0
0
0
1
4559 307
0
1
4560 233
0
0
0
1
4561 141
0
1
4562 16
1
4563 122
0
0
0
0
0
1
4564 238
0
0
1
4565 298
0
0
0
0
0
0
0
0
0
0
0
1
4566 11
0
0
1
4567 325
0
0
1
4568 40
0
0
0
0
0
0
0
0
0
0
0
0
1
4569 81
0
0
0
0
1
4570 41
0
0
0
0
1
4571 164
0
0
0
0
0
1
4572 157
1
4573 111
0
0
1
4574 210
0
0
0
0
0
0
0
0
1
4575 256
0
0
0
1
4576 113
1
4577 148
0
0
0
0
0
0
0
1
4578 334
0
0
0
0
0
0
0
0
0
0
0
0
0
0
1
4579 267
0
0
0
0
0
0
0
0
0
0
0
0
0
1
4580 239
0
1
4581 276
0
0
1
4582 158
0
0
0
0
0
0
0
0
0
0
0
1
4583 313
0
0
0
1
4584 11
0
0
1
4585 89
0
0
0
0
0
0
0
1
4586 249
0
0
0
0
0
0
0
0
1
4587 248
0
0
0
0
0
0
0
0
0
0
0
0
0
1
4588 308
0
1
4589 277
1
4590 90
1
4591 321
0
0
0
0
0
0
1
4592 208
0
0
0
0
0
0
0
0
0
0
0
1
4593 112
0
0
0
0
1
4594 114
0
0
0
0
0
0
0
0
0
0
0
0
0
0
0
0
0
1
4595 185
0
0
0
0
0
0
0
0
0
0
0
0
0
1
4596 309
0
0
0
0
0
0
0
0
0
0
0
0
0
1
4597 127
0
0
0
0
0
0
0
0
0
0
1
4598 236
0
0
0
0
0
0
0
0
0
0
0
1
4599 36
0
0
0
0
0
0
0
0
0
0
1
4600 153
1
4601 237
1
4602 76
0
0
0
0
0
0
1
4603 186
1
4604 326
0
0
0
0
0
0
0
1
4605 331
0
0
0
0
0
0
0
0
0
1
4606 46
0
0
0
0
0
0
0
0
0
0
0
0
0
0
0
0
0
0
0
0
1
4607 311
0
0
0
0
0
0
0
0
0
1
4608 251
0
0
0
1
4609 40
0
0
0
0
0
0
0
0
0
1
4610 110
0
1
4611 43
0
0
0
0
0
0
0
1
4612 229
0
0
0
0
0
0
1
4613 66
0
0
0
1
4614 141
0
0
0
0
0
0
0
0
1
4615 170
0
1
4616 140
0
0
0
0
1
4617 130
0
0
0
0
0
0
0
0
0
1
4618 102
0
0
0
0
0
0
0
0
1
4619 295
0
1
4620 119
0
0
0
0
0
0
0
0
0
0
0
0
0
0
0
1
4621 153
1
4622 19
1
4623 196
0
0
1
4624 28
0
0
0
0
0
0
0
0
0
0
1
4625 132
0
1
4626 183
0
0
0
1
4627 15
0
1
4628 275
1
4629 121
0
1
4630 211
0
0
0
0
0
0
0
0
0
0
0
0
1
4631 115
0
0
0
0
1
4632 340
0
0
1
4633 158
0
0
0
1
4634 239
0
0
1
4635 148
0
0
0
0
0
0
0
1
4636 85
0
0
0
0
0
0
0
0
0
0
0
0
0
0
0
0
0
0
0
0
1
4637 293
0
0
0
1
4638 285
0
0
0
1
4639 284
0
0
0
0
0
0
0
0
1
4640 55
1
4641 133
0
0
0
0
0
0
0
0
1
4642 110
0
0
0
0
0
1
4643 127
0
0
0
0
0
0
0
0
0
1
4644 141
1
4645 5
0
0
0
0
0
0
0
1
4646 12
1
4647 150
0
0
0
0
0
0
0
0
0
0
0
0
0
1
4648 111
0
0
0
0
0
0
1
4649 33
0
0
0
0
0
0
0
0
0
0
0
1
4650 72
0
0
0
0
0
0
0
0
0
0
0
0
1
4651 13
0
0
0
1
4652 32
0
0
0
0
0
0
1
4653 283
0
0
0
0
0
0
0
0
1
4654 55
0
0
0
0
0
0
0
0
1
4655 22
0
0
0
1
4656 4
1
4657 260
0
0
0
0
0
0
0
0
0
0
0
0
0
0
0
0
1
4658 6
0
0
0
0
1
4659 102
0
0
0
0
0
0
0
0
0
0
0
0
0
0
0
0
0
0
1
4660 265
0
0
0
0
0
0
0
0
0
0
0
1
4661 126
0
0
0
1
4662 290
1
4663 308
0
0
0
0
0
0
1
4664 126
0
0
0
0
0
0
0
1
4665 110
0
1
4666 65
0
0
0
0
0
0
0
1
4667 23
0
0
0
0
0
0
0
0
0
0
0
0
0
0
0
0
0
0
0
0
1
4668 167
0
0
0
0
0
1
4669 207
0
0
0
0
0
0
0
0
0
0
0
0
0
0
0
0
1
4670 122
0
0
0
0
0
0
0
0
0
0
0
0
0
0
0
0
1
4671 172
0
1
4672 175
0
0
0
0
0
0
0
0
0
0
0
0
0
0
0
0
1
4673 222
1
4674 217
0
0
0
0
0
0
0
0
0
0
0
0
1
4675 129
0
1
4676 163
0
1
4677 179
0
0
0
0
0
0
0
0
0
1
4678 9
0
1
4679 107
0
0
0
0
0
0
0
0
0
1
4680 87
0
0
0
1
4681 246
0
0
0
1
4682 167
0
0
0
0
0
0
0
0
0
0
0
0
0
0
0
0
0
0
1
4683 211
1
4684 15
0
0
0
0
0
0
0
0
0
0
1
4685 270
0
0
0
0
0
0
0
0
1
4686 304
0
0
0
0
0
1
4687 215
0
0
0
0
0
1
4688 316
0
1
4689 276
0
0
0
0
0
0
0
0
0
0
0
0
0
0
0
0
0
0
0
0
0
0
0
0
0
1
4690 100
0
0
0
0
0
0
0
0
1
4691 253
0
0
0
0
0
1
4692 279
0
0
0
0
0
0
0
0
0
0
0
0
0
0
0
0
1
4693 245
0
0
0
0
1
4694 233
0
1
4695 212
0
0
0
0
0
0
0
0
0
0
0
0
0
0
0
0
0
0
0
0
0
0
0
0
0
0
0
0
0
0
0
0
0
0
0
0
0
0
0
0
0
0
0
0
1
4696 59
0
0
0
0
0
0
0
1
4697 176
0
0
0
0
1
4698 238
0
0
0
0
0
0
0
0
0
0
0
1
4699 78
0
0
0
0
0
0
1
4700 113
0
0
0
0
0
0
0
0
0
0
0
0
0
0
0
0
0
0
0
0
0
0
0
0
0
0
0
1
4701 131
0
0
0
0
0
0
0
1
4702 197
0
1
4703 190
0
1
4704 47
0
0
0
0
0
0
0
0
0
0
0
0
0
0
0
0
0
0
1
4705 82
0
0
0
0
0
0
0
0
0
0
0
0
0
0
0
0
0
0
0
0
0
1
4706 273
0
0
0
0
0
0
0
0
0
0
0
0
0
0
0
0
0
0
0
0
0
1
4707 276
0
0
0
0
0
0
0
0
0
0
0
0
0
0
0
0
0
0
0
0
0
0
0
0
1
4708 135
0
0
0
0
0
0
0
0
0
0
0
0
0
0
0
0
0
0
0
0
0
1
4709 35
0
0
0
0
0
1
4710 102
1
4711 234
0
0
0
0
0
0
0
0
0
0
0
0
0
0
0
0
0
0
0
0
0
0
0
0
0
1
4712 101
0
0
1
4713 140
0
1
4714 67
0
0
1
4715 38
1
4716 273
0
0
0
0
0
0
0
0
0
0
0
0
1
4717 331
0
0
0
0
0
0
0
1
4718 235
0
0
0
1
4719 270
0
0
1
4720 206
0
0
0
0
0
0
0
0
0
0
0
0
0
0
0
0
0
0
0
0
0
0
0
0
0
1
4721 319
0
1
4722 172
0
0
0
0
0
1
4723 100
0
0
0
0
0
0
0
0
0
0
0
0
1
4724 315
0
0
0
0
0
0
0
0
0
0
0
0
0
0
0
0
1
4725 108
0
0
0
0
0
0
0
1
4726 169
0
0
0
0
0
0
0
0
0
0
0
0
0
0
0
0
0
0
0
0
0
0
0
0
0
0
0
0
0
1
4727 327
0
0
0
0
0
0
0
0
0
0
0
0
0
0
0
0
0
0
0
0
0
0
0
0
0
0
0
0
0
0
0
0
0
0
0
0
0
1
4728 31
0
0
0
0
0
0
0
0
0
0
0
0
0
0
0
0
0
0
0
0
0
0
0
0
1
4729 112
0
0
0
0
0
0
0
0
0
0
0
0
0
0
0
0
0
0
0
0
0
0
0
0
0
0
0
0
0
0
1
4730 250
0
0
0
0
0
0
0
0
0
0
0
0
0
0
0
0
0
0
0
0
0
0
0
0
0
0
0
0
0
0
0
0
0
0
0
0
0
0
0
0
0
0
0
0
0
0
0
1
4731 204
0
0
0
0
0
0
0
0
0
0
0
0
0
0
0
0
0
0
0
0
0
0
0
0
0
0
0
0
0
0
0
0
0
0
0
0
0
0
0
0
0
0
0
0
0
0
0
0
0
0
0
0
0
0
0
0
0
0
0
0
0
1
4732 154
0
0
0
0
0
0
0
0
0
0
0
0
0
0
0
0
0
0
0
0
0
0
0
0
0
0
0
0
0
0
0
0
0
1
4733 103
0
0
0
0
0
0
0
0
0
0
0
0
0
0
0
0
0
0
0
0
0
0
0
0
0
0
0
0
0
0
0
0
0
0
0
1
4734 328
0
0
0
0
0
0
0
0
0
0
0
0
0
0
0
0
0
0
0
1
4735 222
0
0
0
0
0
0
0
0
0
0
0
0
0
0
0
0
0
0
0
0
0
0
0
0
0
0
0
0
0
0
0
0
0
0
0
0
0
0
0
0
0
0
0
0
0
0
0
0
0
0
0
0
0
0
0
0
0
0
0
0
0
0
0
0
0
0
0
0
0
0
0
0
0
0
0
0
0
0
0
0
0
0
0
0
0
0
0
0
0
0
0
0
0
0
0
0
0
0
0
0
0
0
0
0
0
0
0
0
0
0
0
0
0
0
0
0
0
0
0
0
0
0
0
0
0
0
0
0
0
0
0
0
0
0
0
0
0
0
0
0
0
0
0
0
0
0
0
0
0
0
0
0
0
0
0
0
0
0
0
0
0
0
0
0
0
0
0
0
0
0
0
0
0
0
0
0
0
0
0
0
0
0
0
0
0
0
0
0
0
0
0
0
0
0
0
0
0
0
0
0
0
0
0
0
0
0
0
0
0
0
0
0
0
0
0
0
0
0
0
0
0
0
0
0
0
0
0
0
0
0
0
0
0
0
0
0
0
0
0
0
0
0
0
0
0
0
0
0
0
0
0
0
0
0
0
0
0
0
0
0
0
0
0
0
0
0
0
0
0
0
0
0
0
0
0
0
0
0
0
0
0
0
0
0
0
0
0
0
0
0
0
0
0
0
0
0
0
0
0
0
0
0
0
0
0
0
0
0
0
0
0
0
0
0
0
0
0
0
0
0
0
0
0
0
0
0
0
0
0
0
0
0
0
0
0
0
0
0
0
0
0
0
0
0
0
0
0
0
0
0
0
0
0
0
0
0
0
0
0
0
0
0
0
0
0
0
0
0
0
0
0
0
0
0
0
0
0
0
0
0
0
0
0
0
0
0
0
0
0
0
0
0
0
0
0
0
0
0
0
0
0
0
0
0
0
0
0
0
0
0
0
0
0
0
0
0
0
0
0
0
0
0
0
0
0
0
0
0
0
0
0
0
0
0
0
0
0
0
0
0
0
0
0
0
0
0
0
0
0
0
0
0
0
0
0
0
0
0
0
0
0
0
0
0
0
0
0
0
0
0
0
0
0
0
0
0
0
0
0
0
0
0
0
0
0
0
0
0
0
0
0
0
0
0
0
0
0
0
0
0
0
0
0
0
0
0
0
0
0
0
0
0
0
0
0
0
0
0
0
0
0
0
0
0
0
0
0
0
0
0
0
0
0
0
0
0
0
0
0
0
0
0
0
0
0
0
0
0
0
0
0
0
0
0
0
0
0
0
0
