220 437
75 25 4
179 170 2
151 202 4
196 209 3
27 126 2
52 140 4
178 94 2
48 62 4
33 99 4
196 202 3
149 13 5
86 67 3
200 114 4
129 150 4
100 41 3
118 187 3
86 161 3
94 2 3
1 207 2
173 29 3
16 111 4
67 106 3
169 90 4
71 60 2
77 220 2
135 9 3
172 115 3
106 161 3
35 13 3
131 92 3
121 214 3
56 88 3
129 168 3
141 40 3
76 41 5
81 175 3
15 16 1
18 131 4
70 180 3
58 195 4
65 79 3
208 18 3
155 55 4
49 176 4
149 61 2
219 84 3
83 26 1
98 181 4
168 200 3
130 176 3
177 113 2
144 59 4
24 14 4
211 143 3
197 71 4
206 34 1
174 197 2
207 124 3
78 131 3
189 181 3
17 112 3
130 111 3
197 163 3
153 61 4
38 109 3
193 33 4
21 218 5
51 72 3
96 159 1
11 104 3
201 132 3
167 2 4
215 64 2
214 182 4
10 127 3
115 140 3
82 87 4
134 28 4
218 125 4
153 170 4
57 47 6
146 102 1
191 77 3
31 3 5
103 42 3
97 137 4
142 204 4
30 148 5
210 54 4
105 83 3
73 143 3
155 96 4
192 88 3
6 107 2
78 207 4
163 43 3
21 55 4
53 164 3
149 51 4
41 37 3
128 140 5
148 59 3
140 64 4
150 40 2
160 137 2
162 60 3
57 122 3
20 45 3
62 38 2
108 146 3
190 162 2
122 133 3
106 32 2
213 8 4
43 211 3
214 143 3
129 40 2
68 28 3
176 174 3
34 119 4
216 26 4
65 172 5
163 156 3
144 66 3
147 200 3
75 91 4
31 185 2
153 149 4
120 70 4
60 127 3
213 99 4
201 183 3
10 181 3
90 139 3
203 206 3
13 69 3
211 60 3
78 150 3
177 204 5
189 76 4
105 102 3
164 121 4
182 135 4
218 155 3
16 25 4
160 110 4
48 14 3
51 103 4
183 45 4
172 52 3
120 42 2
96 72 1
186 150 3
24 189 4
62 145 3
101 20 4
163 182 4
106 205 3
1 156 3
188 13 3
30 74 3
121 209 3
193 123 3
82 148 4
129 147 2
173 9 3
203 119 3
154 101 4
123 8 3
94 167 3
131 124 2
54 90 3
101 157 3
210 62 3
117 177 3
100 189 4
75 112 4
190 60 3
61 206 3
81 50 4
95 72 3
119 179 3
191 220 4
164 186 3
120 63 2
148 144 4
145 14 3
144 74 3
187 199 5
155 95 4
46 9 3
5 180 2
63 13 4
170 61 3
64 22 3
136 145 1
193 3 4
157 20 4
109 27 4
27 71 2
116 86 4
139 169 3
145 38 3
135 29 3
69 63 5
213 22 3
156 121 2
72 159 2
15 75 3
141 114 4
205 213 3
141 131 4
220 184 3
90 14 3
32 58 4
86 144 3
6 178 3
11 87 3
208 77 3
97 81 3
59 66 2
4 28 5
92 23 2
158 87 4
193 216 3
134 114 3
61 179 1
4 191 2
199 118 5
63 35 3
50 100 5
117 113 5
56 184 3
217 143 4
152 88 4
58 161 4
191 133 3
113 89 3
180 79 4
146 39 3
37 50 4
116 70 3
190 27 3
168 147 2
208 124 2
211 10 3
63 180 3
3 99 2
152 111 2
89 39 4
151 94 3
195 52 2
98 73 2
142 39 5
105 108 3
8 19 3
105 154 4
162 127 4
141 18 2
96 206 3
171 4 1
80 50 3
8 99 3
217 73 4
115 195 3
194 31 2
92 207 2
154 39 3
171 133 3
203 179 3
46 30 3
156 196 3
129 74 3
109 190 2
178 107 2
93 45 3
133 220 3
30 173 4
53 40 3
6 167 2
217 175 2
188 153 5
49 130 4
45 68 4
184 47 4
71 190 3
15 192 3
160 46 3
104 103 3
205 128 3
201 36 4
25 85 3
81 98 3
138 56 5
72 34 3
12 130 3
160 87 3
212 46 3
134 208 2
44 113 3
187 152 3
136 62 2
35 120 3
132 4 2
195 32 3
85 112 3
43 156 3
26 33 3
34 159 3
105 146 3
77 118 3
203 170 3
12 199 5
86 59 2
124 18 2
36 157 4
176 167 3
138 17 4
80 84 3
80 97 3
137 9 4
214 43 2
76 169 4
201 20 2
59 116 4
198 168 3
55 159 3
28 200 3
19 198 4
54 48 2
217 182 3
138 85 6
162 38 2
111 199 4
112 192 3
93 216 3
108 102 4
198 147 2
69 5 3
17 88 3
107 91 4
35 42 4
126 151 3
165 84 3
128 215 4
15 152 2
196 174 4
122 184 3
158 104 4
106 8 5
191 171 3
118 12 4
70 5 2
26 68 2
95 104 4
126 109 2
209 92 1
166 107 3
161 116 3
185 215 6
14 210 4
29 164 3
1 23 2
174 2 3
7 142 4
69 79 1
204 89 3
45 101 3
117 44 4
7 102 2
65 5 3
44 215 3
128 22 2
219 21 4
166 130 4
132 183 2
36 57 4
175 73 3
73 181 3
166 178 4
219 165 2
24 139 3
139 76 2
136 127 4
74 186 4
19 123 3
162 136 3
23 49 3
187 56 2
10 24 4
188 79 3
89 7 2
25 192 5
175 135 5
103 95 3
94 6 2
58 52 3
185 194 4
110 158 3
11 110 2
146 7 3
11 218 3
18 134 4
132 133 5
110 212 3
98 100 4
197 202 4
165 21 3
93 68 2
185 22 5
82 66 2
183 20 2
186 173 3
137 212 2
67 19 2
209 1 2
138 47 3
53 78 4
66 158 3
53 150 3
124 23 3
28 216 3
194 117 3
219 125 3
212 80 3
171 132 3
2 202 2
108 83 3
84 37 5
80 125 2
205 32 2
210 48 2
196 23 3
83 93 2
91 16 4
165 125 3
167 166 3
10000
0
0
0
0
0
0
0
0
0
0
0
0
0
0
0
0
0
0
0
0
0
0
0
0
0
0
0
0
0
0
0
0
0
0
0
0
0
0
0
0
0
0
0
0
0
0
0
0
0
0
0
0
0
0
0
1
1 59
0
0
0
0
0
0
0
0
0
0
0
0
0
0
0
0
0
0
0
0
0
0
0
0
0
0
0
0
1
2 95
0
0
0
0
0
0
0
0
0
0
0
0
0
0
0
0
0
0
0
0
0
0
0
0
0
0
0
0
0
0
0
0
0
0
0
0
0
0
0
0
0
0
0
0
0
0
0
0
0
0
0
0
0
0
0
0
0
0
0
1
3 175
0
0
0
0
0
0
0
0
0
0
0
0
0
0
0
0
0
0
0
0
0
0
0
0
0
0
0
0
0
0
0
0
0
0
0
0
0
0
0
0
0
0
1
4 67
0
0
0
0
0
0
0
0
0
0
0
0
0
0
0
0
0
0
0
0
0
0
0
0
0
0
0
0
0
0
0
0
0
0
0
0
0
0
0
0
0
0
0
0
0
0
0
0
0
0
0
0
0
0
0
0
0
0
0
0
0
0
0
0
0
0
0
0
0
0
0
0
0
0
0
0
0
0
0
0
0
0
0
0
0
0
0
0
0
0
0
0
0
0
0
0
0
0
0
0
0
0
0
0
0
0
0
0
0
0
0
0
0
0
0
0
0
0
0
0
0
1
5 178
0
1
6 31
0
0
0
0
0
0
0
0
0
0
0
0
0
1
7 126
0
0
0
0
0
0
0
0
0
0
0
0
0
0
0
0
0
0
0
0
0
0
0
0
0
0
1
8 93
0
0
0
0
0
0
0
0
0
0
0
0
0
0
0
0
0
0
0
0
0
0
0
0
0
0
0
0
0
1
9 207
0
0
0
0
0
0
0
0
0
0
0
0
0
0
0
0
0
0
0
0
0
0
0
0
0
0
0
0
0
0
0
0
0
0
0
0
0
0
0
1
10 28
0
0
0
0
0
0
0
0
0
0
0
0
0
0
0
0
0
0
0
0
0
0
0
0
0
0
0
0
0
0
1
11 196
1
12 90
0
0
0
0
0
0
1
13 36
0
0
0
0
0
0
0
0
0
0
0
0
0
0
0
1
14 42
1
15 17
0
0
0
0
0
0
0
0
0
0
0
0
0
0
0
0
0
0
0
0
0
0
0
0
0
0
0
0
0
0
0
0
0
0
0
0
0
0
0
0
0
0
0
0
0
0
0
0
0
0
0
0
0
0
0
0
0
1
16 198
0
0
0
0
0
0
0
0
0
0
0
0
0
0
0
0
0
0
0
0
0
0
0
0
0
0
0
0
0
0
0
0
0
0
0
0
0
0
0
1
17 192
0
0
1
18 70
0
0
0
0
0
0
0
0
0
0
0
1
19 29
0
0
0
0
0
1
20 20
0
0
0
0
0
1
21 153
0
0
0
0
0
0
0
0
0
0
0
0
0
0
0
0
0
0
0
0
0
0
0
0
0
0
0
0
0
0
1
22 185
0
0
0
0
0
0
0
0
0
1
23 102
0
0
0
0
0
0
1
24 147
0
0
0
0
0
0
0
0
0
0
0
0
0
0
0
0
0
0
0
0
0
0
0
0
0
0
0
0
0
0
0
0
0
0
0
0
0
0
1
25 90
0
0
0
0
0
0
0
0
0
0
0
0
0
0
0
0
0
0
0
0
0
0
0
0
0
0
0
0
0
1
26 187
0
0
0
0
0
0
0
1
27 50
0
0
0
0
0
0
0
0
0
0
0
0
0
0
0
0
0
0
0
0
0
0
0
0
0
0
0
0
0
0
1
28 195
0
0
0
0
0
0
0
0
0
0
0
0
0
0
0
0
0
0
0
0
0
0
0
0
0
0
0
0
0
0
0
0
0
0
0
0
0
0
0
0
0
0
0
1
29 154
0
0
0
0
0
0
0
0
0
0
0
0
0
0
0
0
0
0
0
0
0
0
0
0
0
0
0
0
0
0
0
0
0
0
0
0
0
0
0
0
0
0
0
0
0
0
0
0
0
0
0
0
0
0
0
0
0
0
0
0
0
0
0
1
30 180
0
0
0
0
0
0
0
0
0
1
31 196
0
0
0
0
1
32 69
0
0
0
0
0
0
0
0
0
0
0
0
0
0
0
0
0
0
0
1
33 115
0
0
0
0
0
1
34 83
0
0
0
0
0
0
0
0
0
0
0
0
1
35 204
0
1
36 218
1
37 24
0
0
0
0
0
0
0
0
0
0
0
0
0
0
0
0
0
0
0
0
0
0
0
0
0
0
0
0
0
1
38 126
0
0
1
39 210
0
0
0
0
0
0
0
0
0
0
0
0
0
0
0
0
0
0
0
0
0
0
0
0
0
0
0
0
0
0
1
40 98
0
0
0
0
0
0
0
0
0
0
0
0
0
0
0
0
0
0
0
0
0
0
0
0
0
1
41 167
0
1
42 13
0
0
0
0
0
0
0
0
1
43 150
1
44 13
1
45 204
1
46 156
0
0
0
0
0
0
0
0
0
0
0
0
0
0
0
0
0
1
47 185
0
0
0
0
0
0
0
0
0
0
0
0
0
1
48 4
0
0
0
0
0
1
49 23
0
0
0
0
0
0
0
0
0
0
1
50 37
0
0
0
0
0
0
0
0
0
0
0
0
0
0
0
1
51 57
0
0
0
1
52 159
0
0
0
0
1
53 66
0
0
0
0
0
0
1
54 208
0
1
55 48
0
0
0
0
0
0
1
56 116
0
0
1
57 210
0
0
1
58 23
0
1
59 119
0
0
0
0
0
0
0
0
0
0
0
0
0
0
0
0
0
0
0
0
0
0
0
0
1
60 10
0
0
0
0
0
0
0
0
0
0
0
0
0
0
0
0
0
0
0
0
0
0
0
0
1
61 94
1
62 193
0
0
0
0
0
1
63 70
0
0
0
0
0
0
0
0
1
64 171
0
0
0
0
0
0
1
65 72
0
0
1
66 33
0
0
0
0
0
0
1
67 23
0
0
0
0
0
0
0
0
0
0
0
0
0
0
0
0
0
1
68 120
1
69 82
0
0
1
70 201
0
0
1
71 137
0
1
72 143
0
1
73 62
0
0
0
0
0
0
0
0
0
0
1
74 67
0
0
0
0
0
0
1
75 149
0
0
0
0
0
0
0
0
0
0
0
0
0
0
0
0
0
0
0
0
0
0
0
0
1
76 127
0
0
0
0
0
0
0
0
0
0
0
0
0
0
0
0
0
1
77 144
0
0
0
0
0
0
0
1
78 7
0
0
1
79 90
0
1
80 89
0
0
0
0
0
0
0
0
0
0
0
0
0
0
0
0
0
0
0
0
0
0
0
0
0
0
0
0
0
0
0
0
0
0
0
0
0
0
0
0
0
0
0
0
0
0
0
0
0
1
81 21
0
0
0
0
0
0
0
0
0
0
0
0
0
0
0
0
0
0
0
0
0
0
0
0
0
0
1
82 156
0
0
0
0
1
83 203
0
0
0
0
0
0
0
1
84 61
0
0
0
0
1
85 62
0
0
0
0
0
1
86 215
0
1
87 22
0
0
0
0
0
0
0
1
88 18
0
0
0
1
89 12
0
0
0
0
0
0
0
0
1
90 116
0
0
0
0
0
0
0
1
91 34
0
0
0
0
0
0
0
0
1
92 139
1
93 97
0
0
0
0
0
1
94 68
0
0
0
0
0
1
95 158
0
0
0
0
0
0
0
0
0
0
0
0
0
0
0
0
0
0
0
0
0
0
0
0
0
0
0
1
96 82
0
1
97 19
0
0
1
98 217
1
99 104
0
0
0
0
1
100 201
0
0
0
0
0
0
1
101 145
0
0
0
0
0
0
1
102 86
0
0
1
103 80
0
0
0
0
0
0
0
0
0
0
0
0
0
0
0
0
0
0
0
0
0
1
104 216
0
0
0
1
105 183
0
0
0
0
0
0
0
0
1
106 88
0
0
0
0
1
107 55
0
0
0
0
0
0
0
0
0
0
0
0
0
1
108 156
1
109 82
0
0
0
1
110 29
0
0
0
1
111 37
0
0
0
0
0
0
0
0
1
112 85
0
0
0
0
0
0
1
113 171
0
0
1
114 151
0
1
115 89
0
0
1
116 86
0
0
0
0
0
0
0
0
0
0
0
0
0
0
0
0
0
0
1
117 90
1
118 105
1
119 104
0
0
1
120 9
0
0
0
0
0
1
121 81
0
0
0
1
122 214
0
1
123 22
0
0
0
1
124 125
0
0
0
0
0
0
0
1
125 44
0
1
126 130
0
0
0
0
0
0
0
0
1
127 63
0
0
0
1
128 10
0
0
0
0
0
0
1
129 105
0
0
0
1
130 31
1
131 91
1
132 148
1
133 90
0
1
134 119
1
135 146
0
0
0
0
0
0
0
1
136 43
0
1
137 5
0
0
0
1
138 215
0
0
0
0
0
1
139 129
0
0
0
1
140 68
0
1
141 58
0
0
0
1
142 70
0
1
143 201
0
0
0
0
0
0
0
0
0
0
0
1
144 193
0
1
145 135
0
1
146 132
0
0
0
0
0
1
147 132
0
1
148 150
0
0
0
0
0
0
0
0
0
0
0
1
149 75
0
0
0
0
1
150 103
0
0
0
0
0
1
151 137
0
1
152 157
0
0
1
153 63
0
0
0
0
0
0
0
0
0
0
0
0
0
1
154 154
1
155 42
0
0
1
156 129
1
157 83
0
0
1
158 204
0
0
0
0
0
1
159 104
0
0
0
0
0
0
0
0
1
160 18
0
0
1
161 169
1
162 131
0
0
0
0
0
0
0
0
0
0
0
0
0
0
0
0
0
0
0
0
1
163 183
0
0
0
0
0
0
0
1
164 171
0
0
0
1
165 24
0
0
0
0
0
1
166 161
0
0
0
0
0
0
0
1
167 55
0
0
0
0
1
168 43
0
0
0
0
0
0
0
0
1
169 193
0
0
0
0
0
0
0
0
1
170 131
0
0
0
0
0
1
171 168
1
172 125
0
0
1
173 116
0
1
174 42
0
0
0
1
175 207
0
0
0
0
0
0
0
0
0
0
0
0
0
0
0
0
0
0
0
0
0
1
176 149
0
1
177 200
0
0
0
0
0
0
0
0
1
178 148
1
179 37
0
1
180 127
0
0
0
0
0
0
0
0
1
181 158
1
182 136
0
1
183 47
0
1
184 211
0
0
0
0
0
0
0
0
0
0
1
185 106
1
186 89
0
0
0
0
0
1
187 198
0
0
0
0
0
0
0
0
0
0
1
188 218
0
0
1
189 58
0
0
0
1
190 105
0
1
191 98
0
0
0
0
1
192 114
0
0
1
193 119
1
194 70
0
0
1
195 120
0
1
196 190
0
0
0
0
0
0
0
0
0
0
0
0
0
0
0
1
197 171
0
0
0
0
0
0
0
0
0
0
0
0
1
198 215
1
199 100
0
0
0
0
0
1
200 217
0
0
1
201 195
0
0
0
0
0
1
202 20
0
0
0
1
203 131
0
1
204 58
0
0
0
1
205 180
0
0
0
0
1
206 115
1
207 42
1
208 81
0
0
0
0
0
0
0
0
0
1
209 84
0
0
0
0
0
1
210 205
0
0
0
0
0
0
0
0
0
1
211 141
1
212 67
0
0
0
0
0
0
1
213 181
1
214 149
0
0
0
0
0
0
0
0
0
0
0
0
0
0
1
215 74
1
216 131
0
1
217 152
0
1
218 188
0
1
219 218
0
0
0
1
220 161
0
0
0
0
0
1
221 83
0
1
222 153
0
1
223 120
1
224 190
0
0
0
1
225 202
0
0
1
226 99
0
0
0
0
0
0
0
1
227 14
0
1
228 68
1
229 23
1
230 126
0
0
0
0
0
0
0
0
0
0
1
231 16
0
0
0
1
232 193
1
233 125
0
0
0
1
234 125
0
0
0
0
0
0
0
0
0
1
235 209
0
1
236 218
1
237 96
0
1
238 2
0
1
239 132
0
0
0
0
0
1
240 10
0
0
0
0
0
0
0
1
241 214
0
1
242 151
0
1
243 142
0
0
1
244 58
1
245 22
0
0
1
246 115
1
247 129
0
0
1
248 180
0
0
0
0
0
1
249 74
0
0
0
1
250 151
0
1
251 80
0
0
1
252 142
1
253 42
1
254 167
0
0
0
0
0
1
255 177
0
0
0
0
0
0
0
0
1
256 87
0
0
0
0
0
1
257 202
0
0
1
258 91
0
0
1
259 12
0
1
260 91
0
0
0
0
1
261 117
1
262 70
1
263 203
0
1
264 142
0
0
0
0
1
265 188
1
266 132
1
267 146
0
0
0
0
0
1
268 200
0
1
269 204
0
0
0
1
270 5
1
271 143
0
0
0
0
0
1
272 86
0
1
273 212
1
274 17
0
1
275 203
0
0
0
0
0
0
0
0
1
276 219
0
0
0
0
0
0
0
0
0
0
1
277 206
0
1
278 156
0
0
0
0
0
0
0
0
0
0
0
1
279 35
0
1
280 171
0
0
0
0
0
1
281 128
1
282 197
0
0
0
0
1
283 42
1
284 194
0
0
0
0
0
0
0
0
0
0
0
0
1
285 80
0
0
1
286 103
0
0
1
287 216
0
0
0
1
288 87
0
1
289 59
0
0
0
0
0
0
0
1
290 174
1
291 66
0
0
0
0
0
1
292 82
0
0
1
293 38
0
0
0
0
0
0
0
1
294 206
0
0
0
1
295 77
0
0
0
0
0
0
0
0
0
0
0
0
0
1
296 14
0
0
1
297 96
1
298 118
0
0
0
0
0
1
299 98
0
0
1
300 81
0
0
0
1
301 131
1
302 184
0
0
0
0
1
303 182
0
0
0
0
0
0
0
1
304 66
0
0
0
1
305 28
0
0
0
0
1
306 214
1
307 191
0
0
0
1
308 15
0
0
1
309 186
0
0
1
310 9
1
311 136
0
1
312 15
1
313 149
0
0
0
0
0
0
1
314 50
0
0
0
0
0
0
1
315 140
1
316 60
0
1
317 115
1
318 207
0
1
319 63
1
320 208
0
1
321 34
0
0
0
0
0
1
322 124
1
323 6
0
1
324 4
1
325 126
1
326 207
1
327 145
1
328 140
0
1
329 45
0
0
0
0
0
0
0
0
1
330 176
0
0
0
1
331 82
0
1
332 5
1
333 142
0
0
0
0
1
334 59
1
335 213
0
1
336 82
0
0
0
0
0
0
0
1
337 194
0
0
1
338 43
0
1
339 33
1
340 35
0
0
0
0
1
341 74
0
0
0
1
342 204
0
1
343 70
1
344 157
0
1
345 206
0
0
1
346 197
0
0
0
1
347 109
0
0
0
0
1
348 220
0
0
0
0
0
0
1
349 28
1
350 133
0
1
351 144
1
352 150
0
0
0
0
1
353 43
0
1
354 197
0
0
0
0
0
0
0
0
1
355 82
0
0
0
0
1
356 42
0
0
1
357 203
0
1
358 15
1
359 98
0
1
360 103
0
0
0
1
361 150
1
362 106
0
1
363 116
0
0
1
364 158
0
0
1
365 56
1
366 26
0
0
1
367 190
0
0
0
1
368 59
0
0
0
0
1
369 12
0
0
0
0
1
370 218
1
371 166
0
0
0
0
1
372 98
0
0
0
0
0
0
0
0
0
1
373 84
0
0
1
374 196
0
0
0
0
1
375 160
0
0
0
0
0
1
376 13
0
0
0
0
0
1
377 212
0
0
0
0
0
1
378 139
0
0
0
0
1
379 3
1
380 139
1
381 39
0
0
0
0
0
0
0
0
0
0
0
0
0
1
382 188
0
1
383 220
0
1
384 155
0
0
1
385 52
0
0
1
386 13
1
387 196
0
0
0
0
0
0
0
0
0
1
388 22
1
389 102
0
0
1
390 126
0
0
0
1
391 116
1
392 85
0
1
393 115
0
0
0
0
0
0
0
0
0
1
394 49
1
395 159
0
0
0
1
396 102
0
1
397 13
0
0
0
0
0
0
0
0
0
1
398 116
0
0
0
1
399 209
0
0
0
0
1
400 101
0
0
0
1
401 162
1
402 136
0
0
0
1
403 201
0
0
0
0
0
0
1
404 31
0
1
405 37
0
0
0
0
0
1
406 53
1
407 47
0
0
0
0
1
408 84
0
1
409 73
0
0
0
0
0
1
410 177
0
1
411 13
1
412 170
0
0
0
1
413 52
0
0
1
414 96
1
415 74
0
0
0
0
0
0
1
416 78
0
1
417 176
0
0
1
418 70
0
1
419 196
1
420 104
0
0
1
421 146
1
422 161
0
0
0
0
0
0
1
423 17
1
424 111
0
1
425 52
0
0
0
0
0
0
0
0
1
426 83
0
0
0
0
0
0
1
427 99
0
0
0
0
0
0
0
0
1
428 116
0
1
429 204
0
1
430 82
0
0
1
431 122
0
0
0
0
1
432 158
1
433 177
0
0
0
1
434 75
1
435 90
1
436 41
1
437 28
1
438 175
0
0
1
439 188
0
0
0
0
0
0
0
0
0
0
0
0
0
1
440 138
1
441 70
0
0
0
0
0
0
1
442 138
0
0
1
443 161
1
444 142
0
1
445 33
0
0
1
446 213
1
447 200
0
0
0
0
0
1
448 126
0
1
449 119
1
450 107
0
1
451 66
0
0
0
1
452 211
0
0
0
0
0
0
1
453 187
1
454 180
0
0
1
455 89
0
0
1
456 203
1
457 29
0
0
0
0
1
458 155
0
0
0
0
0
0
1
459 171
0
0
0
0
1
460 87
0
0
0
0
0
0
0
0
0
1
461 79
0
0
0
1
462 40
0
1
463 133
0
0
0
0
0
1
464 115
1
465 34
0
0
0
1
466 62
0
0
0
0
1
467 18
0
1
468 35
0
0
1
469 161
0
0
0
0
0
0
1
470 60
0
0
1
471 132
1
472 211
0
1
473 138
0
1
474 110
0
0
1
475 61
0
1
476 106
0
1
477 10
0
1
478 143
0
1
479 105
1
480 166
0
0
0
0
0
1
481 215
1
482 168
0
1
483 98
0
0
1
484 220
0
0
0
1
485 86
0
1
486 74
0
1
487 160
1
488 117
0
0
0
0
1
489 135
1
490 152
0
1
491 54
0
0
1
492 153
1
493 139
1
494 14
0
0
0
0
0
1
495 75
1
496 30
0
0
0
1
497 20
0
0
1
498 119
0
1
499 94
1
500 18
1
501 50
0
1
502 74
0
1
503 75
1
504 86
1
505 42
1
506 44
1
507 201
0
0
0
0
0
0
0
1
508 5
0
1
509 200
1
510 97
0
1
511 14
0
1
512 48
0
1
513 140
1
514 112
1
515 63
0
0
0
0
1
516 142
0
1
517 158
1
518 161
1
519 40
1
520 94
0
0
0
0
0
0
1
521 129
0
1
522 29
0
0
0
1
523 57
0
1
524 57
0
1
525 43
0
1
526 138
1
527 51
0
0
1
528 207
1
529 129
1
530 163
0
1
531 82
1
532 86
1
533 11
0
0
1
534 17
1
535 145
1
536 86
1
537 75
0
0
0
1
538 157
0
0
0
0
0
0
0
0
0
0
0
0
1
539 184
0
1
540 120
0
0
1
541 10
0
1
542 108
0
1
543 61
0
0
1
544 69
0
1
545 211
1
546 7
1
547 174
0
0
0
0
1
548 141
0
0
0
0
0
1
549 55
0
0
1
550 63
0
0
0
1
551 136
0
0
1
552 167
0
0
1
553 176
0
0
0
0
1
554 68
0
0
0
0
0
0
1
555 38
0
0
0
0
1
556 36
0
0
0
0
0
0
1
557 64
1
558 64
0
0
0
1
559 54
0
0
1
560 37
1
561 33
1
562 104
1
563 137
0
0
0
0
0
0
0
1
564 151
1
565 179
0
0
0
1
566 86
0
1
567 66
1
568 12
0
1
569 128
1
570 70
0
0
1
571 125
1
572 70
0
1
573 6
0
0
0
0
1
574 28
0
1
575 172
1
576 5
0
0
0
0
0
0
0
1
577 123
0
1
578 16
0
0
1
579 196
0
1
580 139
0
0
1
581 160
1
582 13
0
0
0
0
0
0
1
583 72
0
0
0
0
0
0
1
584 20
0
0
1
585 121
1
586 58
0
0
1
587 96
1
588 218
0
0
0
1
589 43
0
0
0
0
1
590 72
0
0
0
0
0
0
0
1
591 137
0
1
592 192
0
0
0
0
0
0
1
593 125
0
1
594 208
0
0
0
0
0
1
595 131
0
0
1
596 79
0
0
1
597 41
0
1
598 50
0
1
599 26
1
600 150
1
601 186
0
0
0
0
0
0
1
602 93
0
0
0
1
603 187
0
0
0
0
1
604 190
1
605 32
0
0
0
0
0
0
0
0
1
606 59
1
607 64
0
1
608 5
0
1
609 5
1
610 156
1
611 36
0
0
0
1
612 65
0
0
0
1
613 130
0
0
0
0
0
0
1
614 119
0
1
615 115
1
616 116
0
0
1
617 53
0
0
0
0
0
1
618 70
0
1
619 33
0
0
1
620 23
0
1
621 13
1
622 119
0
0
1
623 86
0
0
0
0
1
624 179
1
625 207
0
0
0
0
1
626 23
0
0
1
627 75
0
0
1
628 12
1
629 103
0
0
0
0
0
0
0
1
630 198
1
631 26
0
1
632 12
0
1
633 8
0
0
0
0
1
634 214
0
0
0
0
0
0
1
635 139
0
0
0
1
636 138
0
1
637 86
1
638 34
1
639 70
0
0
1
640 170
1
641 74
1
642 220
1
643 171
0
0
1
644 171
1
645 114
1
646 42
0
1
647 68
0
0
0
1
648 114
1
649 13
0
0
1
650 104
1
651 90
1
652 176
1
653 113
0
0
0
1
654 174
0
0
0
1
655 135
1
656 74
1
657 150
1
658 142
1
659 96
0
1
660 150
0
0
0
0
0
0
0
0
1
661 148
1
662 13
1
663 135
0
0
0
0
0
1
664 131
0
1
665 199
0
0
1
666 167
1
667 178
1
668 133
1
669 162
1
670 143
1
671 201
1
672 16
0
1
673 120
1
674 6
1
675 103
1
676 191
1
677 190
1
678 191
1
679 125
0
1
680 206
0
0
0
0
0
0
1
681 4
0
0
0
1
682 189
0
0
1
683 31
0
1
684 178
1
685 136
0
0
1
686 44
0
1
687 56
0
1
688 137
1
689 123
0
0
0
1
690 23
0
1
691 131
1
692 21
1
693 174
1
694 113
0
0
1
695 45
0
0
1
696 145
0
1
697 100
0
0
0
0
1
698 35
1
699 89
1
700 166
0
1
701 197
0
1
702 82
1
703 118
1
704 148
0
1
705 129
0
1
706 180
0
0
0
1
707 141
0
0
1
708 198
0
0
0
1
709 131
0
0
0
0
1
710 190
0
0
0
1
711 190
0
1
712 25
0
0
1
713 77
1
714 161
1
715 177
0
1
716 88
1
717 178
0
0
0
0
0
0
0
1
718 22
1
719 12
1
720 78
0
0
1
721 75
1
722 212
0
0
0
0
1
723 87
0
1
724 86
0
0
1
725 200
0
0
1
726 96
1
727 57
0
1
728 17
1
729 21
0
1
730 5
0
0
0
1
731 142
0
1
732 10
1
733 174
0
1
734 56
1
735 104
1
736 195
1
737 33
1
738 127
0
1
739 171
0
1
740 67
1
741 86
0
1
742 193
0
0
1
743 134
0
0
0
1
744 180
0
0
0
0
0
1
745 219
0
1
746 212
1
747 188
0
0
0
0
0
1
748 29
0
0
0
0
0
1
749 190
1
750 190
0
0
1
751 170
1
752 169
0
0
0
1
753 171
1
754 133
0
1
755 122
0
0
1
756 203
1
757 33
0
0
0
0
1
758 183
1
759 80
1
760 134
1
761 81
1
762 34
0
1
763 167
0
1
764 122
0
1
765 179
1
766 71
0
0
1
767 193
1
768 4
1
769 30
0
1
770 152
0
1
771 57
1
772 50
1
773 85
0
1
774 18
1
775 178
0
1
776 104
1
777 17
0
0
1
778 138
0
1
779 55
0
0
0
0
0
1
780 109
0
1
781 178
0
0
0
1
782 92
0
1
783 65
0
0
0
0
0
1
784 138
0
0
0
0
0
0
0
1
785 204
1
786 30
0
0
0
1
787 9
1
788 122
0
0
0
0
0
0
1
789 86
0
0
0
0
1
790 214
0
1
791 184
1
792 66
1
793 22
1
794 24
1
795 18
1
796 174
0
0
0
0
0
0
1
797 67
0
1
798 128
1
799 114
1
800 131
1
801 87
1
802 134
0
0
1
803 94
0
0
1
804 35
1
805 44
1
806 86
0
1
807 184
0
0
0
1
808 27
0
0
1
809 165
0
0
0
0
0
1
810 93
1
811 170
1
812 42
0
0
0
0
0
0
1
813 113
0
0
0
0
1
814 120
0
1
815 174
0
0
1
816 183
1
817 82
1
818 94
0
0
0
0
1
819 82
0
0
1
820 83
0
0
1
821 181
1
822 116
1
823 35
0
0
1
824 17
1
825 24
0
1
826 103
0
0
0
0
1
827 67
1
828 174
0
0
1
829 106
0
0
0
0
0
0
1
830 167
1
831 180
1
832 65
0
0
0
1
833 66
1
834 195
0
0
0
0
0
0
0
1
835 69
1
836 120
0
1
837 165
1
838 167
0
0
1
839 42
0
0
1
840 87
0
0
1
841 177
1
842 87
0
1
843 208
0
0
0
1
844 213
1
845 143
0
0
0
0
0
1
846 211
1
847 79
1
848 107
1
849 7
1
850 123
1
851 148
0
0
0
0
0
1
852 205
1
853 114
0
1
854 142
0
0
0
1
855 206
1
856 87
0
0
1
857 13
0
0
0
0
1
858 118
1
859 126
0
0
0
0
1
860 78
0
1
861 99
1
862 70
0
1
863 83
0
0
0
1
864 54
1
865 43
0
0
0
1
866 143
0
1
867 61
1
868 34
0
0
0
0
1
869 147
1
870 194
0
0
0
0
1
871 129
0
1
872 48
0
0
1
873 31
0
0
1
874 202
1
875 21
0
0
0
1
876 80
0
0
1
877 158
0
0
1
878 126
0
1
879 113
1
880 111
1
881 142
1
882 87
1
883 114
0
0
0
1
884 96
1
885 95
0
0
1
886 20
1
887 162
0
1
888 150
0
1
889 220
0
1
890 131
1
891 5
0
0
0
1
892 67
0
1
893 109
1
894 192
1
895 218
1
896 35
0
1
897 188
1
898 196
1
899 56
0
1
900 116
0
1
901 166
1
902 71
1
903 145
0
0
0
0
0
1
904 195
0
0
1
905 95
0
0
1
906 162
0
0
0
0
1
907 190
0
0
1
908 31
1
909 165
0
1
910 190
1
911 121
0
1
912 180
0
1
913 87
0
1
914 81
0
1
915 170
0
1
916 220
1
917 165
1
918 144
1
919 77
0
0
0
0
1
920 142
1
921 63
0
0
0
0
1
922 200
0
1
923 75
0
1
924 55
0
1
925 59
1
926 37
0
1
927 73
0
0
1
928 14
0
1
929 67
0
1
930 187
0
1
931 202
1
932 27
0
0
1
933 95
0
1
934 89
0
1
935 7
1
936 67
1
937 102
0
0
0
1
938 103
0
0
0
1
939 196
0
1
940 133
1
941 66
1
942 210
0
0
0
1
943 78
1
944 120
1
945 54
0
0
0
0
1
946 26
0
1
947 179
0
0
1
948 96
1
949 175
0
0
0
0
1
950 121
0
0
1
951 61
0
1
952 79
0
1
953 142
0
1
954 114
0
1
955 121
1
956 73
0
1
957 175
0
1
958 95
1
959 214
0
0
0
1
960 155
1
961 14
1
962 146
0
1
963 65
0
0
0
1
964 113
0
0
1
965 75
0
0
0
1
966 180
0
0
1
967 6
0
0
1
968 137
1
969 173
1
970 87
0
1
971 42
0
0
0
1
972 29
1
973 42
0
0
1
974 158
0
1
975 142
1
976 135
0
0
0
0
1
977 175
0
0
1
978 59
1
979 65
1
980 161
1
981 133
1
982 76
1
983 79
1
984 12
1
985 88
0
1
986 131
0
1
987 7
1
988 54
0
1
989 5
0
0
0
0
1
990 59
0
1
991 30
0
1
992 83
1
993 4
1
994 189
1
995 63
0
1
996 207
1
997 132
0
1
998 65
0
1
999 95
1
1000 120
1
1001 128
1
1002 14
1
1003 180
0
0
1
1004 158
0
0
0
1
1005 132
1
1006 120
1
1007 181
1
1008 168
0
0
0
1
1009 131
0
0
0
1
1010 22
1
1011 216
1
1012 86
0
1
1013 80
1
1014 205
0
1
1015 46
0
0
0
1
1016 138
1
1017 101
0
0
1
1018 150
0
1
1019 9
1
1020 190
1
1021 60
1
1022 53
1
1023 190
0
0
1
1024 4
1
1025 63
0
0
0
0
1
1026 118
1
1027 48
1
1028 24
0
0
1
1029 161
1
1030 130
0
1
1031 70
0
1
1032 152
0
0
1
1033 59
1
1034 5
0
1
1035 170
0
0
1
1036 139
0
0
1
1037 105
0
1
1038 23
1
1039 129
1
1040 83
1
1041 201
0
1
1042 66
0
1
1043 59
1
1044 9
0
0
1
1045 87
1
1046 120
0
0
0
0
0
0
1
1047 195
1
1048 11
0
1
1049 11
0
0
0
1
1050 11
0
1
1051 148
0
1
1052 200
1
1053 178
1
1054 188
1
1055 72
0
1
1056 66
1
1057 196
1
1058 101
0
1
1059 5
0
0
0
0
1
1060 124
0
1
1061 53
0
1
1062 70
0
0
0
0
1
1063 61
0
1
1064 14
1
1065 152
1
1066 116
1
1067 59
1
1068 67
1
1069 114
1
1070 150
1
1071 164
0
0
0
0
0
1
1072 170
1
1073 71
0
0
0
1
1074 13
0
1
1075 104
1
1076 111
1
1077 83
0
0
0
1
1078 157
0
0
0
1
1079 146
0
0
1
1080 212
0
0
0
0
0
1
1081 169
0
0
1
1082 103
1
1083 100
1
1084 207
1
1085 32
0
1
1086 120
1
1087 137
1
1088 145
0
0
1
1089 197
0
1
1090 56
0
1
1091 167
1
1092 206
1
1093 58
0
1
1094 49
1
1095 138
0
0
1
1096 152
0
1
1097 18
0
1
1098 180
0
0
1
1099 195
0
1
1100 201
0
1
1101 181
0
1
1102 107
1
1103 137
1
1104 78
0
0
1
1105 196
1
1106 197
1
1107 104
0
0
0
1
1108 174
0
0
0
1
1109 93
0
1
1110 40
0
1
1111 162
0
1
1112 202
0
1
1113 59
1
1114 48
0
1
1115 62
0
1
1116 147
1
1117 143
0
0
0
0
1
1118 200
0
1
1119 100
0
1
1120 162
1
1121 180
0
0
1
1122 72
0
0
0
1
1123 131
0
1
1124 170
1
1125 70
1
1126 146
0
0
0
1
1127 11
1
1128 168
1
1129 109
1
1130 131
1
1131 145
1
1132 30
1
1133 189
1
1134 145
0
1
1135 212
0
0
1
1136 220
1
1137 165
0
0
0
1
1138 83
0
0
0
0
0
1
1139 204
0
1
1140 14
1
1141 52
0
0
0
0
0
1
1142 156
0
0
0
0
0
1
1143 43
0
1
1144 16
1
1145 42
0
0
0
0
1
1146 92
0
0
0
0
0
1
1147 200
0
0
1
1148 85
0
0
0
1
1149 69
1
1150 45
0
0
1
1151 79
1
1152 73
1
1153 48
0
1
1154 212
1
1155 132
1
1156 103
0
0
1
1157 100
0
1
1158 188
0
1
1159 41
1
1160 207
0
1
1161 163
0
0
0
1
1162 193
1
1163 66
1
1164 133
1
1165 166
0
1
1166 19
0
0
0
0
0
1
1167 100
0
0
0
0
1
1168 208
1
1169 148
1
1170 173
1
1171 53
1
1172 180
1
1173 213
0
0
0
0
0
0
0
1
1174 92
1
1175 138
1
1176 72
1
1177 113
1
1178 84
0
0
0
1
1179 13
0
0
1
1180 83
1
1181 69
1
1182 139
1
1183 161
0
1
1184 53
0
0
1
1185 14
1
1186 3
0
1
1187 57
1
1188 195
0
1
1189 188
0
1
1190 18
0
1
1191 117
1
1192 152
1
1193 120
1
1194 205
0
0
0
0
1
1195 43
0
1
1196 214
1
1197 22
1
1198 207
1
1199 122
1
1200 91
0
1
1201 213
1
1202 154
1
1203 209
0
0
0
0
1
1204 95
0
1
1205 113
0
0
1
1206 98
0
1
1207 26
0
0
0
0
0
0
1
1208 95
0
0
1
1209 35
1
1210 26
1
1211 154
1
1212 122
1
1213 160
1
1214 188
1
1215 117
0
0
1
1216 19
0
0
0
0
0
1
1217 114
0
1
1218 82
1
1219 183
1
1220 105
0
1
1221 202
0
0
1
1222 210
1
1223 59
1
1224 74
1
1225 182
0
0
0
0
1
1226 197
0
0
0
1
1227 90
0
0
0
0
1
1228 95
1
1229 46
0
1
1230 204
1
1231 171
1
1232 81
1
1233 37
1
1234 81
1
1235 117
0
1
1236 176
1
1237 203
0
1
1238 48
1
1239 156
0
0
1
1240 185
0
0
0
0
0
0
1
1241 148
0
1
1242 58
0
1
1243 81
0
1
1244 154
0
0
1
1245 190
0
1
1246 207
1
1247 217
0
0
0
0
1
1248 192
0
1
1249 61
1
1250 132
1
1251 7
0
1
1252 105
0
0
0
0
0
1
1253 218
0
1
1254 155
1
1255 108
0
0
0
1
1256 26
0
0
1
1257 209
1
1258 31
1
1259 171
1
1260 73
1
1261 157
1
1262 93
1
1263 61
0
1
1264 13
1
1265 146
0
1
1266 88
0
1
1267 200
0
1
1268 106
0
0
0
0
1
1269 179
1
1270 50
1
1271 138
1
1272 178
1
1273 195
0
1
1274 87
0
1
1275 5
0
0
1
1276 109
1
1277 54
1
1278 173
0
1
1279 83
0
1
1280 105
1
1281 35
0
1
1282 146
0
1
1283 105
1
1284 79
0
1
1285 220
1
1286 172
1
1287 35
0
0
0
1
1288 217
0
1
1289 195
1
1290 109
0
1
1291 62
1
1292 38
0
1
1293 211
0
1
1294 98
1
1295 49
1
1296 201
0
1
1297 140
0
1
1298 19
0
1
1299 10
0
1
1300 34
0
1
1301 112
1
1302 177
1
1303 155
0
0
1
1304 94
1
1305 43
0
0
0
0
0
0
1
1306 8
1
1307 26
0
0
1
1308 26
0
0
0
1
1309 143
1
1310 84
0
0
0
0
1
1311 117
0
1
1312 120
0
1
1313 65
1
1314 79
0
0
0
0
1
1315 210
0
0
0
1
1316 58
0
0
1
1317 66
1
1318 9
1
1319 67
1
1320 150
1
1321 197
0
1
1322 74
0
1
1323 126
1
1324 81
0
0
1
1325 30
0
0
1
1326 148
1
1327 61
1
1328 208
0
1
1329 170
0
1
1330 182
1
1331 141
1
1332 130
1
1333 210
0
1
1334 21
0
0
0
1
1335 162
0
1
1336 108
0
0
1
1337 166
1
1338 134
1
1339 28
0
0
1
1340 19
0
0
0
1
1341 84
0
1
1342 186
0
0
1
1343 180
1
1344 65
1
1345 120
0
0
0
0
0
0
1
1346 91
1
1347 18
0
0
0
1
1348 76
1
1349 55
1
1350 167
0
1
1351 3
0
1
1352 16
1
1353 77
1
1354 219
1
1355 95
0
1
1356 74
0
1
1357 36
0
1
1358 33
0
1
1359 213
1
1360 190
1
1361 195
0
1
1362 44
0
0
1
1363 105
1
1364 108
0
0
0
0
1
1365 147
1
1366 51
0
1
1367 83
1
1368 39
1
1369 190
0
1
1370 156
1
1371 108
1
1372 39
1
1373 189
1
1374 35
0
1
1375 69
1
1376 77
0
1
1377 62
0
0
1
1378 194
1
1379 121
0
0
1
1380 212
0
0
0
0
1
1381 141
1
1382 86
1
1383 150
0
0
1
1384 14
0
0
1
1385 161
1
1386 107
1
1387 15
0
1
1388 122
0
0
1
1389 127
0
1
1390 134
1
1391 207
0
1
1392 123
0
0
0
0
1
1393 15
1
1394 200
1
1395 52
1
1396 206
1
1397 47
1
1398 70
0
1
1399 170
0
0
0
1
1400 160
1
1401 62
0
0
1
1402 72
1
1403 105
1
1404 130
0
1
1405 72
1
1406 126
1
1407 71
0
1
1408 193
0
0
0
0
0
0
1
1409 40
1
1410 31
1
1411 171
1
1412 66
1
1413 143
1
1414 131
1
1415 59
0
1
1416 94
0
1
1417 158
1
1418 110
1
1419 183
1
1420 34
1
1421 55
1
1422 124
1
1423 31
1
1424 172
0
1
1425 138
0
1
1426 5
1
1427 13
0
1
1428 192
1
1429 45
0
0
0
1
1430 161
0
1
1431 198
0
0
0
0
0
1
1432 98
0
0
1
1433 131
1
1434 157
0
1
1435 104
0
1
1436 199
0
1
1437 73
0
0
1
1438 40
0
1
1439 86
1
1440 161
1
1441 80
1
1442 95
0
1
1443 182
1
1444 80
1
1445 47
1
1446 88
1
1447 149
0
1
1448 12
1
1449 160
0
0
1
1450 88
1
1451 32
1
1452 144
1
1453 25
0
0
0
0
0
1
1454 17
1
1455 17
0
1
1456 210
1
1457 77
0
0
1
1458 86
1
1459 15
0
0
1
1460 108
1
1461 112
0
1
1462 198
1
1463 3
1
1464 107
1
1465 90
1
1466 38
0
0
0
0
1
1467 163
1
1468 121
1
1469 123
1
1470 6
0
0
0
1
1471 151
1
1472 100
0
1
1473 63
1
1474 127
0
1
1475 74
1
1476 92
1
1477 91
1
1478 104
0
1
1479 177
1
1480 97
0
0
0
0
1
1481 19
1
1482 94
1
1483 9
0
0
1
1484 38
1
1485 9
0
0
1
1486 180
1
1487 136
0
0
0
1
1488 25
0
1
1489 18
1
1490 169
1
1491 108
1
1492 217
1
1493 112
1
1494 32
0
1
1495 27
1
1496 175
0
0
0
1
1497 80
1
1498 208
1
1499 75
1
1500 50
1
1501 193
0
0
1
1502 202
0
1
1503 48
1
1504 180
1
1505 119
0
1
1506 97
1
1507 37
1
1508 127
0
1
1509 64
0
1
1510 63
1
1511 171
1
1512 83
0
1
1513 125
1
1514 204
0
0
1
1515 107
1
1516 179
1
1517 82
1
1518 31
0
1
1519 122
1
1520 29
0
1
1521 107
1
1522 42
1
1523 61
1
1524 211
0
1
1525 74
1
1526 112
1
1527 59
1
1528 208
1
1529 87
1
1530 75
0
0
1
1531 99
0
1
1532 80
0
1
1533 183
0
1
1534 100
0
0
1
1535 51
0
0
1
1536 72
1
1537 146
0
1
1538 197
1
1539 119
1
1540 122
0
0
1
1541 183
0
1
1542 90
0
0
1
1543 95
0
1
1544 96
1
1545 150
1
1546 43
1
1547 126
1
1548 133
1
1549 165
0
1
1550 158
1
1551 120
1
1552 141
1
1553 155
0
0
0
0
0
0
1
1554 62
1
1555 80
1
1556 24
1
1557 5
0
0
1
1558 42
0
1
1559 131
1
1560 26
1
1561 116
1
1562 93
0
0
0
0
0
1
1563 219
1
1564 136
1
1565 30
0
0
1
1566 79
1
1567 56
1
1568 201
1
1569 116
1
1570 41
1
1571 65
1
1572 131
0
0
1
1573 149
1
1574 92
1
1575 199
1
1576 191
1
1577 125
1
1578 146
0
1
1579 22
1
1580 73
1
1581 30
0
0
0
1
1582 144
0
0
0
1
1583 188
1
1584 163
1
1585 110
1
1586 84
1
1587 105
1
1588 53
1
1589 185
1
1590 9
1
1591 109
0
0
1
1592 32
0
1
1593 51
1
1594 42
0
1
1595 113
0
1
1596 101
1
1597 114
1
1598 95
1
1599 4
0
1
1600 123
1
1601 173
1
1602 203
1
1603 217
1
1604 202
1
1605 125
1
1606 19
1
1607 184
1
1608 37
0
1
1609 213
1
1610 4
1
1611 42
1
1612 47
1
1613 83
1
1614 105
1
1615 7
0
1
1616 54
1
1617 31
0
1
1618 212
0
0
0
0
0
0
1
1619 180
1
1620 144
0
1
1621 171
1
1622 202
1
1623 66
1
1624 101
0
1
1625 141
1
1626 146
1
1627 190
1
1628 104
0
1
1629 137
0
0
1
1630 42
1
1631 161
0
0
0
0
0
1
1632 118
1
1633 38
1
1634 47
1
1635 164
0
0
1
1636 150
1
1637 17
1
1638 75
0
1
1639 5
0
0
1
1640 104
0
0
1
1641 176
0
0
1
1642 148
1
1643 214
1
1644 151
0
1
1645 202
1
1646 13
0
1
1647 74
1
1648 186
0
1
1649 130
1
1650 29
1
1651 177
1
1652 52
1
1653 171
0
1
1654 116
1
1655 86
1
1656 96
0
1
1657 196
1
1658 173
1
1659 141
0
1
1660 150
1
1661 21
1
1662 104
0
1
1663 116
1
1664 202
1
1665 38
1
1666 95
1
1667 117
0
1
1668 134
0
0
0
1
1669 171
1
1670 29
0
1
1671 32
0
1
1672 159
1
1673 202
0
0
1
1674 5
1
1675 120
0
0
1
1676 178
1
1677 186
0
1
1678 86
0
0
1
1679 31
0
1
1680 6
1
1681 211
1
1682 80
1
1683 46
0
0
1
1684 175
1
1685 74
0
0
0
0
0
0
1
1686 31
1
1687 180
1
1688 120
0
0
0
1
1689 56
1
1690 97
1
1691 71
1
1692 51
1
1693 98
0
1
1694 220
1
1695 144
1
1696 150
0
1
1697 74
0
1
1698 170
0
0
1
1699 83
0
0
0
1
1700 44
0
0
1
1701 158
1
1702 138
1
1703 185
1
1704 4
0
1
1705 66
0
1
1706 53
0
0
1
1707 88
1
1708 147
1
1709 69
1
1710 49
1
1711 73
1
1712 58
1
1713 31
1
1714 105
0
1
1715 74
1
1716 137
0
0
1
1717 113
1
1718 71
1
1719 18
1
1720 165
1
1721 27
1
1722 37
1
1723 161
1
1724 75
1
1725 161
1
1726 125
0
1
1727 180
1
1728 132
0
0
0
1
1729 182
1
1730 31
1
1731 100
0
0
1
1732 185
1
1733 175
0
0
1
1734 120
1
1735 105
0
1
1736 127
1
1737 22
1
1738 66
1
1739 26
0
1
1740 160
1
1741 13
1
1742 24
0
1
1743 89
1
1744 39
1
1745 110
0
0
1
1746 67
1
1747 162
1
1748 95
1
1749 181
0
1
1750 128
0
1
1751 204
0
1
1752 180
0
1
1753 107
0
1
1754 44
0
0
1
1755 206
0
1
1756 10
1
1757 77
1
1758 118
1
1759 170
1
1760 184
1
1761 7
1
1762 152
1
1763 163
1
1764 29
1
1765 198
0
1
1766 36
1
1767 59
0
1
1768 214
0
1
1769 181
0
0
0
1
1770 179
1
1771 44
0
1
1772 133
1
1773 138
0
1
1774 7
1
1775 194
0
0
0
1
1776 21
1
1777 120
0
1
1778 98
0
0
0
0
1
1779 84
1
1780 177
0
1
1781 116
0
1
1782 152
1
1783 219
1
1784 175
1
1785 194
0
1
1786 165
1
1787 161
0
0
0
0
1
1788 85
1
1789 15
0
0
0
1
1790 62
0
1
1791 37
1
1792 9
1
1793 53
0
0
0
1
1794 177
0
1
1795 13
1
1796 163
1
1797 144
0
0
0
0
0
1
1798 201
0
1
1799 191
1
1800 100
1
1801 176
0
1
1802 33
1
1803 152
0
0
1
1804 25
0
1
1805 25
1
1806 42
0
1
1807 214
1
1808 117
0
1
1809 109
0
1
1810 4
1
1811 201
1
1812 158
0
1
1813 14
1
1814 66
1
1815 173
0
1
1816 12
1
1817 116
1
1818 44
1
1819 163
0
1
1820 110
1
1821 51
1
1822 144
1
1823 192
1
1824 128
0
0
0
0
1
1825 5
1
1826 5
1
1827 91
1
1828 143
1
1829 217
1
1830 72
1
1831 15
1
1832 90
0
0
1
1833 103
0
0
1
1834 40
1
1835 205
0
1
1836 5
1
1837 66
0
1
1838 100
1
1839 132
1
1840 173
0
1
1841 103
0
1
1842 95
1
1843 193
1
1844 95
0
0
0
1
1845 66
0
0
1
1846 104
1
1847 3
1
1848 219
1
1849 65
1
1850 207
1
1851 146
0
1
1852 159
1
1853 217
1
1854 180
0
0
0
0
0
1
1855 5
1
1856 115
0
1
1857 13
1
1858 21
0
1
1859 100
1
1860 49
1
1861 86
1
1862 12
1
1863 26
1
1864 140
0
1
1865 161
1
1866 102
0
1
1867 86
1
1868 50
1
1869 34
1
1870 41
1
1871 193
0
1
1872 99
1
1873 72
1
1874 119
1
1875 54
1
1876 31
1
1877 219
1
1878 205
0
1
1879 127
1
1880 135
0
0
1
1881 135
0
1
1882 181
1
1883 28
0
1
1884 80
0
1
1885 96
1
1886 61
1
1887 85
0
0
1
1888 205
1
1889 195
1
1890 220
0
1
1891 206
0
1
1892 68
0
1
1893 168
0
1
1894 161
1
1895 89
1
1896 79
1
1897 93
0
1
1898 122
1
1899 35
1
1900 170
1
1901 8
0
1
1902 82
1
1903 89
1
1904 120
0
1
1905 180
1
1906 131
0
1
1907 170
0
1
1908 169
0
0
0
1
1909 79
1
1910 155
0
1
1911 41
1
1912 139
0
1
1913 207
1
1914 127
1
1915 26
1
1916 31
0
0
1
1917 88
1
1918 90
1
1919 67
0
1
1920 100
1
1921 206
1
1922 207
1
1923 68
1
1924 75
0
0
0
1
1925 28
1
1926 212
1
1927 3
1
1928 173
1
1929 13
1
1930 83
1
1931 34
0
1
1932 141
0
1
1933 45
1
1934 172
1
1935 161
1
1936 124
0
1
1937 2
1
1938 118
1
1939 59
0
1
1940 76
1
1941 97
1
1942 179
1
1943 178
0
1
1944 206
1
1945 137
0
1
1946 42
1
1947 214
0
1
1948 124
1
1949 10
1
1950 52
1
1951 65
1
1952 194
1
1953 36
0
1
1954 81
1
1955 156
1
1956 17
0
0
0
1
1957 127
1
1958 42
1
1959 14
0
1
1960 210
1
1961 51
1
1962 30
1
1963 204
1
1964 194
1
1965 144
1
1966 20
1
1967 53
1
1968 83
1
1969 208
1
1970 170
0
1
1971 76
0
0
0
1
1972 104
1
1973 50
1
1974 124
1
1975 80
0
0
0
0
1
1976 102
1
1977 98
0
1
1978 126
1
1979 109
1
1980 118
0
1
1981 207
0
0
1
1982 174
1
1983 168
0
0
1
1984 126
1
1985 55
0
0
1
1986 185
1
1987 2
1
1988 104
1
1989 191
0
0
0
1
1990 147
1
1991 107
0
0
1
1992 102
0
0
1
1993 200
0
0
1
1994 81
1
1995 166
0
1
1996 150
1
1997 7
1
1998 216
1
1999 66
1
2000 73
0
0
1
2001 34
1
2002 72
1
2003 56
1
2004 17
1
2005 58
1
2006 158
1
2007 7
1
2008 2
1
2009 120
1
2010 52
1
2011 104
1
2012 152
1
2013 218
1
2014 206
1
2015 220
1
2016 151
0
0
0
1
2017 105
1
2018 13
0
0
1
2019 203
1
2020 134
1
2021 85
1
2022 15
1
2023 5
1
2024 160
1
2025 37
1
2026 129
1
2027 35
1
2028 64
1
2029 81
1
2030 106
1
2031 122
1
2032 213
0
1
2033 51
1
2034 35
1
2035 26
1
2036 163
0
1
2037 11
1
2038 200
1
2039 103
1
2040 116
0
1
2041 79
1
2042 208
0
1
2043 48
0
1
2044 161
1
2045 192
1
2046 61
1
2047 55
1
2048 82
0
1
2049 183
0
1
2050 93
1
2051 120
0
1
2052 102
0
1
2053 219
1
2054 67
1
2055 50
1
2056 111
0
1
2057 126
1
2058 58
0
1
2059 146
1
2060 186
1
2061 202
1
2062 165
1
2063 29
0
0
1
2064 80
1
2065 168
0
1
2066 113
1
2067 43
0
1
2068 34
1
2069 183
0
1
2070 35
1
2071 114
1
2072 95
1
2073 133
1
2074 6
1
2075 163
1
2076 139
1
2077 71
0
1
2078 116
1
2079 182
1
2080 114
1
2081 43
1
2082 83
1
2083 118
1
2084 16
1
2085 143
1
2086 35
1
2087 71
0
0
1
2088 122
1
2089 48
0
1
2090 6
1
2091 25
1
2092 47
1
2093 28
1
2094 100
1
2095 144
0
0
1
2096 131
1
2097 186
0
1
2098 176
1
2099 59
0
0
0
0
1
2100 21
1
2101 117
0
1
2102 116
1
2103 140
1
2104 8
0
1
2105 34
1
2106 88
1
2107 82
1
2108 100
1
2109 59
1
2110 76
1
2111 87
1
2112 96
1
2113 45
1
2114 101
1
2115 82
0
1
2116 142
1
2117 77
0
0
1
2118 170
1
2119 144
0
0
1
2120 200
0
1
2121 151
1
2122 161
1
2123 204
0
1
2124 40
1
2125 206
1
2126 143
1
2127 61
1
2128 75
0
0
1
2129 151
1
2130 109
1
2131 77
0
0
1
2132 47
1
2133 212
1
2134 86
1
2135 55
1
2136 43
1
2137 216
0
0
0
1
2138 60
0
1
2139 116
1
2140 187
0
1
2141 93
1
2142 8
1
2143 17
1
2144 177
1
2145 185
1
2146 160
0
0
1
2147 48
1
2148 106
1
2149 54
1
2150 124
1
2151 147
1
2152 147
0
1
2153 44
1
2154 176
1
2155 90
1
2156 110
0
1
2157 58
1
2158 98
0
1
2159 93
1
2160 180
1
2161 216
0
1
2162 191
0
1
2163 139
0
1
2164 63
1
2165 188
1
2166 39
0
1
2167 77
0
1
2168 130
0
1
2169 89
0
0
1
2170 63
0
1
2171 86
1
2172 73
1
2173 137
0
0
1
2174 171
1
2175 199
0
1
2176 143
1
2177 160
0
0
0
0
0
0
1
2178 199
0
0
0
1
2179 121
1
2180 8
1
2181 57
0
1
2182 160
0
0
1
2183 166
0
1
2184 42
1
2185 11
1
2186 68
1
2187 80
1
2188 24
1
2189 213
1
2190 92
0
1
2191 136
0
1
2192 78
0
1
2193 25
1
2194 168
0
0
1
2195 41
1
2196 208
1
2197 100
1
2198 59
0
1
2199 121
1
2200 199
1
2201 58
1
2202 62
1
2203 8
1
2204 33
0
0
1
2205 43
1
2206 70
0
1
2207 104
1
2208 18
1
2209 97
0
1
2210 143
1
2211 30
1
2212 41
1
2213 58
0
1
2214 164
1
2215 59
1
2216 136
0
0
1
2217 144
1
2218 12
1
2219 58
1
2220 144
1
2221 87
0
1
2222 208
0
0
1
2223 120
1
2224 165
1
2225 106
0
1
2226 13
1
2227 17
1
2228 92
1
2229 52
1
2230 83
1
2231 66
1
2232 169
0
0
1
2233 104
1
2234 175
1
2235 11
1
2236 55
1
2237 154
1
2238 125
1
2239 104
1
2240 66
0
0
1
2241 21
0
1
2242 20
0
1
2243 77
1
2244 68
1
2245 169
1
2246 22
1
2247 52
1
2248 160
1
2249 187
1
2250 15
0
1
2251 160
0
1
2252 121
0
1
2253 70
1
2254 146
1
2255 5
1
2256 120
0
1
2257 70
0
1
2258 218
0
1
2259 76
0
0
0
1
2260 52
1
2261 9
0
1
2262 101
1
2263 172
0
1
2264 97
0
0
0
0
0
1
2265 122
1
2266 176
1
2267 132
1
2268 67
1
2269 197
1
2270 106
1
2271 53
1
2272 151
0
1
2273 205
1
2274 100
1
2275 115
1
2276 96
0
1
2277 199
1
2278 42
0
1
2279 135
1
2280 56
1
2281 56
0
1
2282 7
1
2283 146
1
2284 15
1
2285 45
0
1
2286 141
0
1
2287 122
0
1
2288 205
1
2289 66
0
1
2290 207
1
2291 190
1
2292 218
1
2293 155
1
2294 169
1
2295 177
1
2296 86
0
1
2297 9
0
0
1
2298 41
0
1
2299 116
1
2300 152
1
2301 63
0
1
2302 136
0
1
2303 70
0
1
2304 25
1
2305 84
1
2306 57
0
0
1
2307 216
1
2308 180
1
2309 4
1
2310 88
1
2311 77
1
2312 204
0
0
1
2313 87
1
2314 28
1
2315 144
0
1
2316 176
1
2317 167
1
2318 28
1
2319 210
1
2320 169
1
2321 156
0
0
1
2322 157
1
2323 195
0
0
0
1
2324 126
0
1
2325 63
1
2326 119
1
2327 40
1
2328 120
0
1
2329 82
1
2330 154
1
2331 119
1
2332 116
0
1
2333 16
1
2334 11
1
2335 133
1
2336 30
0
0
0
1
2337 220
0
0
0
1
2338 103
1
2339 18
1
2340 59
1
2341 216
1
2342 36
1
2343 149
1
2344 28
0
1
2345 195
1
2346 120
1
2347 153
0
1
2348 50
0
1
2349 68
0
0
1
2350 49
1
2351 6
1
2352 189
1
2353 112
1
2354 201
1
2355 91
1
2356 34
0
1
2357 40
1
2358 50
0
1
2359 82
0
1
2360 149
1
2361 8
0
0
1
2362 82
1
2363 155
0
1
2364 158
1
2365 15
1
2366 117
1
2367 195
1
2368 18
0
1
2369 148
0
1
2370 121
0
1
2371 72
1
2372 193
1
2373 33
1
2374 46
0
1
2375 151
0
1
2376 9
0
1
2377 188
0
1
2378 132
0
1
2379 35
1
2380 90
0
1
2381 66
1
2382 155
1
2383 63
1
2384 201
0
0
1
2385 121
0
1
2386 63
1
2387 189
1
2388 180
1
2389 116
0
0
1
2390 23
1
2391 56
1
2392 173
1
2393 95
0
0
1
2394 172
1
2395 21
1
2396 148
1
2397 138
0
1
2398 160
1
2399 211
0
1
2400 164
1
2401 105
1
2402 117
1
2403 83
0
1
2404 131
1
2405 209
0
1
2406 52
0
1
2407 175
1
2408 43
1
2409 35
1
2410 10
1
2411 17
1
2412 46
1
2413 158
1
2414 104
1
2415 107
1
2416 40
1
2417 63
1
2418 99
0
1
2419 182
0
1
2420 216
1
2421 161
1
2422 129
1
2423 178
0
1
2424 187
1
2425 29
0
1
2426 219
1
2427 55
0
1
2428 100
1
2429 110
0
0
1
2430 65
1
2431 72
0
0
1
2432 141
0
1
2433 170
1
2434 56
0
1
2435 76
0
1
2436 111
0
1
2437 2
0
1
2438 206
1
2439 136
0
0
0
1
2440 16
0
1
2441 92
0
1
2442 202
1
2443 204
1
2444 111
0
0
1
2445 218
1
2446 199
1
2447 61
1
2448 169
1
2449 5
0
0
0
1
2450 132
1
2451 13
1
2452 24
1
2453 114
1
2454 166
0
1
2455 164
0
1
2456 3
1
2457 48
1
2458 205
1
2459 181
1
2460 179
1
2461 92
1
2462 121
1
2463 12
1
2464 148
0
0
1
2465 180
1
2466 167
0
0
1
2467 162
1
2468 155
1
2469 56
1
2470 22
1
2471 214
1
2472 220
1
2473 39
1
2474 74
0
0
1
2475 64
1
2476 5
0
1
2477 126
1
2478 167
1
2479 119
0
1
2480 146
1
2481 19
1
2482 56
0
1
2483 59
0
0
0
1
2484 108
0
1
2485 152
1
2486 55
0
1
2487 216
0
1
2488 79
1
2489 186
0
0
0
0
1
2490 44
0
1
2491 62
1
2492 102
1
2493 90
1
2494 100
0
1
2495 210
1
2496 37
0
1
2497 91
1
2498 87
1
2499 38
1
2500 8
1
2501 168
1
2502 120
1
2503 128
0
1
2504 44
1
2505 89
0
1
2506 39
1
2507 113
1
2508 169
0
1
2509 106
0
0
1
2510 161
0
1
2511 104
1
2512 82
1
2513 63
1
2514 70
1
2515 129
1
2516 136
0
1
2517 87
1
2518 108
0
1
2519 83
1
2520 54
0
1
2521 171
1
2522 175
1
2523 201
0
1
2524 63
1
2525 53
0
1
2526 12
1
2527 202
1
2528 96
0
1
2529 13
1
2530 102
1
2531 184
1
2532 18
1
2533 61
1
2534 59
1
2535 81
1
2536 61
0
0
1
2537 97
1
2538 81
1
2539 106
1
2540 16
1
2541 199
1
2542 128
0
0
1
2543 98
1
2544 87
1
2545 157
1
2546 202
0
0
1
2547 109
1
2548 9
1
2549 94
1
2550 165
1
2551 67
1
2552 216
0
0
1
2553 211
0
1
2554 213
1
2555 14
1
2556 5
1
2557 66
0
1
2558 158
1
2559 159
1
2560 76
0
0
0
1
2561 29
0
1
2562 143
1
2563 102
1
2564 34
1
2565 70
1
2566 117
0
1
2567 179
1
2568 101
0
1
2569 119
0
1
2570 203
1
2571 114
1
2572 199
1
2573 45
1
2574 89
0
1
2575 121
0
1
2576 55
0
1
2577 121
1
2578 32
0
0
1
2579 27
1
2580 193
1
2581 144
1
2582 121
1
2583 69
1
2584 104
0
1
2585 101
0
0
1
2586 165
1
2587 45
1
2588 171
0
1
2589 127
1
2590 188
1
2591 125
1
2592 35
1
2593 90
1
2594 148
1
2595 59
1
2596 133
1
2597 94
0
1
2598 143
1
2599 95
0
0
0
1
2600 77
1
2601 193
1
2602 13
1
2603 158
0
1
2604 106
1
2605 120
1
2606 73
1
2607 72
1
2608 20
1
2609 53
0
0
1
2610 89
0
1
2611 181
0
1
2612 102
1
2613 14
1
2614 74
1
2615 151
1
2616 85
1
2617 196
1
2618 178
0
0
0
0
1
2619 213
1
2620 199
0
1
2621 33
1
2622 17
1
2623 169
0
1
2624 8
1
2625 116
1
2626 139
1
2627 66
1
2628 38
1
2629 59
0
1
2630 148
0
0
0
0
1
2631 88
0
1
2632 96
1
2633 5
1
2634 99
1
2635 68
1
2636 93
1
2637 188
0
1
2638 186
1
2639 4
0
0
1
2640 175
1
2641 87
0
1
2642 102
1
2643 100
0
1
2644 197
1
2645 4
0
1
2646 124
1
2647 61
0
1
2648 35
1
2649 63
1
2650 172
1
2651 186
1
2652 53
1
2653 181
1
2654 66
1
2655 195
1
2656 148
1
2657 65
1
2658 72
1
2659 67
1
2660 105
1
2661 197
0
1
2662 158
1
2663 158
1
2664 158
1
2665 188
1
2666 204
1
2667 199
0
1
2668 47
1
2669 16
1
2670 191
1
2671 100
0
0
0
1
2672 114
1
2673 209
1
2674 168
0
1
2675 106
1
2676 61
1
2677 152
1
2678 201
0
1
2679 145
1
2680 195
1
2681 7
0
1
2682 21
1
2683 48
1
2684 218
1
2685 71
1
2686 43
0
1
2687 11
1
2688 209
1
2689 58
0
1
2690 143
1
2691 39
1
2692 215
0
1
2693 156
1
2694 155
1
2695 9
0
1
2696 58
1
2697 49
1
2698 44
1
2699 87
1
2700 86
1
2701 168
0
0
1
2702 94
1
2703 105
1
2704 120
1
2705 131
0
0
0
0
1
2706 26
1
2707 161
0
1
2708 111
1
2709 77
1
2710 20
1
2711 142
1
2712 130
1
2713 55
1
2714 150
1
2715 49
1
2716 70
1
2717 190
1
2718 59
0
1
2719 15
1
2720 180
1
2721 83
1
2722 153
1
2723 33
1
2724 63
1
2725 138
1
2726 177
1
2727 92
1
2728 185
1
2729 167
1
2730 217
1
2731 210
1
2732 196
1
2733 34
1
2734 75
1
2735 120
0
1
2736 5
1
2737 165
0
1
2738 217
1
2739 200
1
2740 85
1
2741 121
1
2742 61
1
2743 116
1
2744 103
1
2745 218
0
0
1
2746 149
0
1
2747 209
1
2748 143
1
2749 175
1
2750 86
1
2751 51
1
2752 50
1
2753 209
1
2754 86
1
2755 132
1
2756 147
1
2757 8
1
2758 141
1
2759 133
1
2760 111
1
2761 214
1
2762 188
1
2763 120
1
2764 191
0
1
2765 108
1
2766 38
0
0
1
2767 213
1
2768 140
0
1
2769 206
0
1
2770 72
1
2771 135
1
2772 106
1
2773 193
1
2774 66
1
2775 143
1
2776 50
1
2777 154
0
1
2778 65
1
2779 26
1
2780 158
0
0
1
2781 176
1
2782 27
1
2783 109
1
2784 82
1
2785 99
0
1
2786 64
1
2787 102
1
2788 158
0
1
2789 39
1
2790 217
1
2791 82
1
2792 75
0
1
2793 165
1
2794 43
0
1
2795 124
1
2796 91
1
2797 12
1
2798 186
0
1
2799 116
1
2800 212
1
2801 30
0
1
2802 106
1
2803 121
1
2804 176
1
2805 207
1
2806 10
1
2807 152
1
2808 170
1
2809 90
1
2810 17
1
2811 210
0
1
2812 27
1
2813 122
1
2814 71
1
2815 150
1
2816 171
1
2817 186
1
2818 78
1
2819 120
1
2820 77
1
2821 74
1
2822 92
1
2823 136
1
2824 200
1
2825 183
0
1
2826 5
0
0
1
2827 172
0
1
2828 142
1
2829 152
1
2830 64
1
2831 181
0
1
2832 126
0
1
2833 120
1
2834 60
1
2835 160
1
2836 112
1
2837 33
1
2838 88
1
2839 62
1
2840 123
1
2841 75
0
0
0
0
1
2842 175
1
2843 82
1
2844 131
1
2845 7
0
0
1
2846 22
1
2847 75
1
2848 197
1
2849 28
0
1
2850 101
1
2851 180
1
2852 11
0
1
2853 49
1
2854 173
1
2855 159
1
2856 20
1
2857 109
0
1
2858 102
0
1
2859 68
1
2860 112
0
1
2861 169
1
2862 9
1
2863 47
1
2864 140
1
2865 91
1
2866 13
0
0
1
2867 192
1
2868 162
1
2869 211
1
2870 154
1
2871 77
0
1
2872 63
1
2873 95
1
2874 60
1
2875 172
1
2876 176
1
2877 160
1
2878 25
0
0
0
1
2879 72
0
0
1
2880 116
0
1
2881 45
1
2882 214
0
1
2883 219
1
2884 188
1
2885 127
1
2886 120
1
2887 59
1
2888 138
0
1
2889 103
1
2890 15
1
2891 210
0
1
2892 54
1
2893 193
1
2894 207
1
2895 133
1
2896 62
1
2897 217
1
2898 39
1
2899 116
1
2900 172
1
2901 43
1
2902 173
0
1
2903 219
1
2904 122
1
2905 5
0
1
2906 171
1
2907 40
1
2908 163
1
2909 176
1
2910 125
1
2911 116
1
2912 144
0
1
2913 10
1
2914 125
0
1
2915 5
1
2916 59
1
2917 136
1
2918 19
1
2919 2
1
2920 72
1
2921 208
0
1
2922 116
1
2923 142
0
1
2924 11
1
2925 125
1
2926 208
0
0
1
2927 211
1
2928 65
1
2929 78
1
2930 74
0
1
2931 118
1
2932 23
0
1
2933 87
1
2934 39
0
0
1
2935 88
1
2936 149
0
1
2937 63
1
2938 67
1
2939 93
1
2940 99
1
2941 117
1
2942 118
0
1
2943 32
1
2944 20
0
0
1
2945 210
1
2946 89
1
2947 212
1
2948 216
1
2949 31
1
2950 97
1
2951 148
1
2952 90
0
1
2953 146
1
2954 211
1
2955 87
1
2956 35
0
0
1
2957 66
0
1
2958 72
1
2959 139
1
2960 125
0
1
2961 172
1
2962 104
1
2963 217
1
2964 157
0
0
1
2965 74
1
2966 130
1
2967 59
1
2968 35
0
1
2969 78
1
2970 116
1
2971 10
1
2972 4
1
2973 168
1
2974 34
1
2975 20
1
2976 6
0
1
2977 168
1
2978 99
1
2979 62
1
2980 88
0
0
1
2981 33
1
2982 104
1
2983 54
1
2984 195
0
1
2985 208
1
2986 184
1
2987 56
1
2988 16
1
2989 196
1
2990 153
1
2991 130
1
2992 185
1
2993 152
1
2994 84
1
2995 151
1
2996 94
1
2997 163
1
2998 87
1
2999 110
1
3000 36
1
3001 49
0
1
3002 129
1
3003 103
1
3004 132
1
3005 77
1
3006 131
1
3007 183
0
1
3008 113
1
3009 180
1
3010 55
1
3011 202
1
3012 114
1
3013 94
1
3014 22
1
3015 2
1
3016 43
1
3017 160
1
3018 118
1
3019 197
1
3020 36
1
3021 105
0
1
3022 179
1
3023 131
1
3024 73
1
3025 173
1
3026 53
0
0
1
3027 189
1
3028 120
0
1
3029 195
0
1
3030 11
1
3031 120
1
3032 177
1
3033 137
1
3034 111
1
3035 133
1
3036 83
1
3037 184
1
3038 145
1
3039 17
1
3040 63
1
3041 19
1
3042 82
0
1
3043 170
1
3044 190
0
1
3045 175
1
3046 80
1
3047 192
0
1
3048 62
1
3049 207
1
3050 70
0
0
1
3051 146
1
3052 32
1
3053 144
1
3054 13
1
3055 86
1
3056 154
0
1
3057 190
1
3058 100
0
0
0
1
3059 203
1
3060 55
1
3061 190
1
3062 129
1
3063 88
1
3064 54
1
3065 176
1
3066 43
1
3067 85
1
3068 5
1
3069 140
0
0
1
3070 40
1
3071 86
1
3072 70
0
1
3073 66
1
3074 38
1
3075 214
1
3076 57
0
1
3077 47
1
3078 42
1
3079 125
1
3080 134
1
3081 200
0
1
3082 83
1
3083 146
1
3084 189
0
0
1
3085 52
1
3086 65
1
3087 190
1
3088 144
1
3089 27
1
3090 40
1
3091 35
1
3092 43
1
3093 143
0
1
3094 102
0
1
3095 168
1
3096 94
0
1
3097 70
1
3098 183
0
1
3099 101
1
3100 152
1
3101 145
1
3102 158
0
0
1
3103 21
1
3104 59
1
3105 23
1
3106 165
1
3107 66
1
3108 113
1
3109 29
1
3110 219
1
3111 128
1
3112 152
1
3113 149
1
3114 95
1
3115 180
1
3116 46
0
1
3117 102
0
1
3118 88
1
3119 190
0
1
3120 123
0
1
3121 24
0
1
3122 151
1
3123 65
0
1
3124 91
1
3125 144
1
3126 192
1
3127 88
1
3128 40
1
3129 148
1
3130 86
1
3131 70
0
1
3132 56
1
3133 113
1
3134 68
1
3135 63
1
3136 10
0
1
3137 39
1
3138 11
1
3139 120
1
3140 23
1
3141 218
1
3142 59
1
3143 14
1
3144 90
1
3145 160
0
0
1
3146 179
0
1
3147 197
1
3148 13
1
3149 58
0
1
3150 133
1
3151 206
1
3152 169
1
3153 61
1
3154 55
1
3155 5
1
3156 59
1
3157 105
1
3158 177
1
3159 87
1
3160 12
1
3161 190
1
3162 5
0
1
3163 32
1
3164 203
0
0
0
1
3165 165
1
3166 64
1
3167 174
1
3168 182
1
3169 106
1
3170 151
1
3171 86
1
3172 161
1
3173 104
1
3174 73
1
3175 180
1
3176 13
1
3177 197
1
3178 59
1
3179 151
1
3180 110
1
3181 118
1
3182 112
1
3183 74
1
3184 213
1
3185 59
1
3186 61
1
3187 53
1
3188 133
1
3189 101
1
3190 191
0
1
3191 173
0
1
3192 180
1
3193 56
1
3194 44
1
3195 81
1
3196 82
1
3197 51
1
3198 109
1
3199 146
0
1
3200 161
1
3201 104
1
3202 171
1
3203 114
1
3204 5
1
3205 110
1
3206 77
1
3207 128
1
3208 60
1
3209 196
1
3210 136
1
3211 153
1
3212 13
0
1
3213 210
1
3214 163
1
3215 98
1
3216 36
1
3217 8
0
1
3218 37
1
3219 21
1
3220 170
1
3221 4
1
3222 211
1
3223 123
1
3224 50
1
3225 105
1
3226 100
1
3227 151
1
3228 52
1
3229 34
1
3230 125
1
3231 20
1
3232 10
1
3233 96
1
3234 163
1
3235 95
1
3236 54
1
3237 46
0
1
3238 179
1
3239 5
1
3240 163
1
3241 89
1
3242 133
0
0
1
3243 31
1
3244 63
1
3245 148
1
3246 192
1
3247 27
0
1
3248 22
1
3249 49
1
3250 158
1
3251 104
0
1
3252 44
1
3253 174
1
3254 129
1
3255 182
1
3256 102
1
3257 208
1
3258 119
1
3259 71
1
3260 137
1
3261 6
1
3262 44
1
3263 81
1
3264 41
1
3265 63
1
3266 46
1
3267 104
0
1
3268 81
1
3269 137
1
3270 13
1
3271 74
1
3272 198
1
3273 172
1
3274 34
1
3275 207
1
3276 194
1
3277 215
1
3278 13
0
1
3279 201
1
3280 99
0
1
3281 92
1
3282 178
1
3283 170
1
3284 46
1
3285 194
1
3286 81
1
3287 21
1
3288 207
0
1
3289 83
1
3290 119
1
3291 114
1
3292 202
1
3293 172
1
3294 42
1
3295 116
1
3296 169
0
1
3297 172
1
3298 14
1
3299 208
1
3300 55
0
1
3301 99
1
3302 29
1
3303 212
0
1
3304 118
1
3305 127
1
3306 55
1
3307 26
0
1
3308 181
0
1
3309 2
1
3310 141
1
3311 110
1
3312 176
1
3313 53
1
3314 28
1
3315 143
1
3316 206
1
3317 84
0
1
3318 204
1
3319 101
1
3320 157
1
3321 77
1
3322 180
1
3323 104
1
3324 63
0
1
3325 75
1
3326 8
1
3327 125
1
3328 87
1
3329 73
1
3330 155
1
3331 95
1
3332 143
1
3333 208
1
3334 155
1
3335 143
1
3336 147
1
3337 141
0
1
3338 95
1
3339 158
0
1
3340 92
1
3341 218
1
3342 79
1
3343 5
0
0
1
3344 144
1
3345 143
1
3346 129
1
3347 170
1
3348 158
1
3349 18
1
3350 17
0
1
3351 150
1
3352 202
0
1
3353 25
1
3354 110
1
3355 13
1
3356 158
1
3357 174
1
3358 60
1
3359 212
1
3360 5
0
1
3361 148
1
3362 121
1
3363 76
1
3364 199
1
3365 45
1
3366 142
1
3367 63
0
1
3368 198
1
3369 84
1
3370 186
0
1
3371 63
0
1
3372 143
1
3373 22
1
3374 199
1
3375 142
1
3376 10
1
3377 158
1
3378 188
1
3379 47
1
3380 87
1
3381 122
0
1
3382 121
1
3383 180
1
3384 164
0
1
3385 151
1
3386 50
1
3387 74
1
3388 65
0
1
3389 116
1
3390 54
1
3391 43
1
3392 153
1
3393 128
1
3394 48
1
3395 108
1
3396 56
1
3397 220
1
3398 107
1
3399 21
0
1
3400 21
1
3401 5
1
3402 127
1
3403 44
1
3404 99
1
3405 67
1
3406 105
0
1
3407 123
1
3408 179
1
3409 202
1
3410 69
0
1
3411 212
1
3412 128
1
3413 167
1
3414 148
1
3415 89
1
3416 162
1
3417 134
1
3418 208
1
3419 106
1
3420 131
1
3421 108
1
3422 129
1
3423 136
0
1
3424 59
0
1
3425 87
1
3426 129
1
3427 161
0
0
1
3428 25
1
3429 80
1
3430 78
1
3431 155
1
3432 116
1
3433 104
1
3434 24
1
3435 15
0
1
3436 47
1
3437 104
1
3438 155
0
1
3439 65
1
3440 176
1
3441 162
0
1
3442 12
1
3443 15
0
1
3444 72
1
3445 161
1
3446 122
1
3447 152
1
3448 149
1
3449 175
1
3450 34
1
3451 13
1
3452 59
1
3453 210
1
3454 68
1
3455 189
1
3456 155
1
3457 55
1
3458 28
1
3459 185
1
3460 173
1
3461 20
1
3462 57
1
3463 123
1
3464 108
1
3465 81
0
1
3466 109
1
3467 158
1
3468 111
1
3469 200
1
3470 212
1
3471 167
1
3472 46
1
3473 30
1
3474 211
1
3475 77
1
3476 115
1
3477 195
1
3478 163
1
3479 204
1
3480 151
1
3481 40
0
1
3482 18
1
3483 165
1
3484 53
1
3485 196
1
3486 153
1
3487 174
0
1
3488 180
1
3489 150
1
3490 167
1
3491 148
1
3492 32
1
3493 63
1
3494 189
1
3495 182
1
3496 213
1
3497 116
1
3498 140
1
3499 152
1
3500 59
1
3501 86
1
3502 18
0
1
3503 136
1
3504 191
1
3505 159
1
3506 71
1
3507 163
1
3508 179
1
3509 6
1
3510 205
0
1
3511 135
1
3512 93
1
3513 134
1
3514 14
1
3515 144
1
3516 166
1
3517 164
1
3518 217
0
1
3519 28
1
3520 41
1
3521 164
1
3522 95
1
3523 22
1
3524 43
1
3525 178
1
3526 86
1
3527 159
1
3528 86
1
3529 158
1
3530 121
1
3531 10
1
3532 50
1
3533 115
1
3534 95
1
3535 8
1
3536 13
1
3537 95
1
3538 164
1
3539 70
0
1
3540 82
1
3541 74
1
3542 89
0
1
3543 5
1
3544 199
1
3545 171
1
3546 148
1
3547 58
1
3548 70
1
3549 17
1
3550 22
1
3551 164
1
3552 24
1
3553 69
0
1
3554 154
1
3555 78
1
3556 95
1
3557 31
1
3558 46
1
3559 161
1
3560 143
0
0
1
3561 205
1
3562 52
1
3563 7
1
3564 97
1
3565 200
1
3566 186
1
3567 74
1
3568 67
1
3569 80
1
3570 13
1
3571 61
1
3572 142
0
1
3573 183
1
3574 116
1
3575 61
1
3576 66
0
1
3577 71
1
3578 117
1
3579 208
1
3580 102
1
3581 198
1
3582 166
1
3583 91
1
3584 151
1
3585 106
1
3586 114
1
3587 123
0
1
3588 220
1
3589 136
1
3590 59
1
3591 35
1
3592 41
1
3593 80
1
3594 150
1
3595 85
1
3596 178
1
3597 161
1
3598 170
1
3599 42
0
1
3600 116
1
3601 63
1
3602 47
1
3603 20
1
3604 86
1
3605 70
1
3606 62
1
3607 108
1
3608 121
1
3609 153
1
3610 183
1
3611 165
1
3612 84
0
1
3613 128
1
3614 215
1
3615 84
1
3616 144
0
1
3617 132
1
3618 23
1
3619 56
1
3620 116
0
0
1
3621 63
1
3622 35
1
3623 191
0
1
3624 202
1
3625 18
1
3626 127
1
3627 117
1
3628 200
1
3629 103
1
3630 94
1
3631 30
1
3632 21
1
3633 110
1
3634 15
1
3635 43
1
3636 142
1
3637 24
1
3638 197
1
3639 139
1
3640 82
1
3641 18
0
1
3642 136
1
3643 53
0
1
3644 104
1
3645 131
1
3646 34
1
3647 51
1
3648 101
1
3649 34
1
3650 112
1
3651 88
1
3652 148
1
3653 9
1
3654 58
1
3655 109
1
3656 103
1
3657 130
1
3658 51
1
3659 180
1
3660 38
1
3661 63
1
3662 187
1
3663 200
1
3664 106
1
3665 108
1
3666 184
1
3667 63
1
3668 143
1
3669 46
1
3670 151
0
0
1
3671 105
1
3672 82
1
3673 63
1
3674 53
1
3675 35
1
3676 207
1
3677 87
1
3678 190
1
3679 86
1
3680 101
1
3681 50
1
3682 179
1
3683 184
1
3684 55
1
3685 142
1
3686 138
1
3687 16
1
3688 67
1
3689 63
1
3690 142
1
3691 173
1
3692 130
1
3693 125
1
3694 60
1
3695 14
1
3696 114
1
3697 10
0
1
3698 18
1
3699 198
1
3700 100
1
3701 174
1
3702 158
0
1
3703 145
1
3704 78
1
3705 158
1
3706 67
1
3707 131
1
3708 47
1
3709 34
1
3710 220
1
3711 77
1
3712 36
1
3713 105
1
3714 173
1
3715 197
1
3716 97
0
1
3717 55
1
3718 172
1
3719 113
0
1
3720 66
1
3721 103
1
3722 4
1
3723 214
1
3724 106
0
1
3725 62
1
3726 120
1
3727 79
1
3728 43
1
3729 186
0
1
3730 161
1
3731 145
1
3732 102
0
1
3733 171
1
3734 86
1
3735 69
1
3736 97
1
3737 93
1
3738 116
1
3739 26
1
3740 155
1
3741 52
1
3742 115
0
1
3743 12
1
3744 82
0
1
3745 137
1
3746 204
1
3747 58
1
3748 209
1
3749 132
0
1
3750 114
1
3751 114
1
3752 42
1
3753 215
1
3754 134
1
3755 134
1
3756 66
1
3757 27
1
3758 58
1
3759 141
1
3760 144
0
1
3761 81
0
1
3762 207
1
3763 90
1
3764 99
1
3765 83
1
3766 16
1
3767 197
1
3768 142
1
3769 32
1
3770 142
1
3771 5
1
3772 86
1
3773 161
1
3774 153
1
3775 23
1
3776 157
1
3777 158
1
3778 66
1
3779 70
1
3780 98
0
1
3781 113
1
3782 174
1
3783 212
1
3784 157
1
3785 129
1
3786 143
0
1
3787 12
1
3788 3
1
3789 164
1
3790 219
1
3791 195
0
1
3792 93
1
3793 132
1
3794 173
1
3795 142
1
3796 49
1
3797 198
1
3798 93
1
3799 166
1
3800 128
1
3801 175
1
3802 184
1
3803 48
1
3804 87
1
3805 134
1
3806 44
1
3807 97
1
3808 212
1
3809 153
0
1
3810 22
1
3811 42
1
3812 63
1
3813 118
1
3814 24
1
3815 200
1
3816 176
1
3817 142
1
3818 193
1
3819 104
1
3820 109
1
3821 27
1
3822 116
1
3823 70
1
3824 194
1
3825 57
1
3826 39
1
3827 114
1
3828 205
1
3829 87
1
3830 137
1
3831 196
1
3832 165
1
3833 144
1
3834 135
1
3835 132
1
3836 182
1
3837 190
1
3838 71
1
3839 94
1
3840 3
1
3841 166
1
3842 96
1
3843 220
1
3844 47
1
3845 34
1
3846 74
0
1
3847 42
1
3848 93
1
3849 207
1
3850 54
1
3851 119
1
3852 13
1
3853 113
0
1
3854 74
0
1
3855 143
1
3856 29
1
3857 220
1
3858 100
1
3859 77
1
3860 119
1
3861 105
1
3862 181
0
1
3863 219
1
3864 16
1
3865 7
1
3866 132
1
3867 192
1
3868 32
1
3869 102
0
1
3870 98
1
3871 147
1
3872 176
1
3873 134
1
3874 25
1
3875 134
1
3876 4
1
3877 161
1
3878 24
1
3879 213
1
3880 4
1
3881 72
1
3882 161
1
3883 18
1
3884 14
1
3885 188
0
1
3886 197
1
3887 32
1
3888 56
1
3889 161
1
3890 119
1
3891 58
1
3892 187
1
3893 101
1
3894 205
1
3895 123
0
1
3896 99
1
3897 171
1
3898 115
1
3899 121
1
3900 188
1
3901 164
1
3902 184
1
3903 20
1
3904 93
1
3905 73
1
3906 34
1
3907 99
1
3908 153
1
3909 28
1
3910 178
1
3911 9
1
3912 133
1
3913 76
1
3914 86
1
3915 34
1
3916 78
1
3917 180
1
3918 127
1
3919 38
1
3920 63
0
0
1
3921 70
1
3922 16
1
3923 22
1
3924 187
1
3925 45
1
3926 7
1
3927 102
1
3928 18
1
3929 25
1
3930 49
1
3931 114
1
3932 76
1
3933 201
1
3934 97
1
3935 115
1
3936 186
1
3937 3
1
3938 35
1
3939 118
1
3940 173
1
3941 75
1
3942 74
1
3943 154
1
3944 44
1
3945 53
1
3946 104
1
3947 185
0
1
3948 59
1
3949 138
1
3950 94
1
3951 144
1
3952 158
0
0
1
3953 163
1
3954 147
1
3955 154
0
1
3956 218
1
3957 147
1
3958 34
0
1
3959 155
1
3960 33
1
3961 213
1
3962 114
1
3963 108
1
3964 208
1
3965 204
0
0
1
3966 57
1
3967 151
1
3968 123
1
3969 92
1
3970 120
1
3971 182
1
3972 74
1
3973 119
1
3974 190
1
3975 181
1
3976 178
1
3977 79
1
3978 27
1
3979 40
1
3980 62
1
3981 210
1
3982 95
1
3983 40
1
3984 7
1
3985 4
1
3986 99
0
1
3987 59
1
3988 135
1
3989 51
1
3990 135
1
3991 215
1
3992 36
1
3993 116
1
3994 168
1
3995 33
1
3996 72
1
3997 26
1
3998 110
1
3999 120
1
4000 11
0
1
4001 139
1
4002 210
1
4003 192
1
4004 218
1
4005 216
1
4006 74
1
4007 66
1
4008 65
1
4009 126
1
4010 39
1
4011 93
1
4012 103
1
4013 88
1
4014 45
1
4015 97
1
4016 26
1
4017 13
1
4018 111
1
4019 6
1
4020 172
1
4021 51
1
4022 10
1
4023 160
1
4024 31
1
4025 216
1
4026 100
1
4027 71
0
1
4028 193
1
4029 98
1
4030 187
1
4031 220
1
4032 25
1
4033 70
1
4034 50
1
4035 102
1
4036 182
1
4037 167
1
4038 148
1
4039 65
1
4040 163
1
4041 212
1
4042 177
1
4043 59
0
1
4044 123
1
4045 76
0
1
4046 29
1
4047 27
1
4048 81
1
4049 138
1
4050 149
1
4051 12
1
4052 64
1
4053 116
1
4054 32
1
4055 127
1
4056 165
1
4057 140
1
4058 51
1
4059 3
1
4060 116
1
4061 157
0
1
4062 208
0
1
4063 175
1
4064 69
1
4065 63
1
4066 92
1
4067 104
1
4068 109
0
1
4069 180
1
4070 141
1
4071 66
1
4072 192
1
4073 41
1
4074 95
1
4075 73
1
4076 95
1
4077 201
1
4078 199
1
4079 37
1
4080 153
1
4081 4
1
4082 156
1
4083 28
1
4084 82
1
4085 178
1
4086 86
1
4087 120
1
4088 104
1
4089 177
1
4090 39
1
4091 152
1
4092 153
1
4093 23
1
4094 43
1
4095 12
1
4096 180
1
4097 167
1
4098 130
1
4099 206
1
4100 212
1
4101 86
1
4102 89
1
4103 207
1
4104 104
1
4105 73
1
4106 55
1
4107 59
1
4108 166
1
4109 18
1
4110 138
1
4111 170
1
4112 81
0
1
4113 42
1
4114 160
1
4115 65
1
4116 86
1
4117 148
1
4118 153
1
4119 119
1
4120 5
1
4121 90
1
4122 181
1
4123 96
1
4124 158
1
4125 162
1
4126 187
1
4127 130
1
4128 50
1
4129 82
1
4130 208
0
1
4131 57
1
4132 107
1
4133 95
1
4134 196
1
4135 196
1
4136 149
1
4137 103
1
4138 4
1
4139 218
1
4140 142
1
4141 82
1
4142 109
1
4143 135
1
4144 210
1
4145 220
1
4146 13
1
4147 149
1
4148 66
1
4149 36
1
4150 180
1
4151 126
1
4152 90
0
1
4153 140
1
4154 191
1
4155 190
1
4156 48
1
4157 165
1
4158 22
1
4159 120
1
4160 44
1
4161 15
1
4162 201
1
4163 140
1
4164 5
1
4165 155
1
4166 125
1
4167 75
1
4168 42
1
4169 86
1
4170 104
1
4171 57
0
1
4172 124
1
4173 174
1
4174 211
1
4175 165
1
4176 72
0
1
4177 9
1
4178 130
1
4179 204
1
4180 130
1
4181 95
1
4182 143
1
4183 36
1
4184 127
1
4185 98
1
4186 156
1
4187 66
1
4188 103
0
0
1
4189 58
1
4190 82
1
4191 29
1
4192 138
1
4193 35
1
4194 29
1
4195 138
1
4196 23
1
4197 205
1
4198 42
1
4199 100
1
4200 201
1
4201 148
1
4202 144
1
4203 217
1
4204 16
1
4205 26
1
4206 56
0
1
4207 46
1
4208 123
1
4209 140
0
1
4210 127
1
4211 91
1
4212 157
1
4213 131
1
4214 161
1
4215 17
1
4216 182
1
4217 189
1
4218 3
1
4219 62
1
4220 120
1
4221 165
1
4222 135
1
4223 145
1
4224 81
1
4225 208
1
4226 114
1
4227 76
1
4228 54
1
4229 115
1
4230 148
1
4231 20
1
4232 81
0
1
4233 32
1
4234 20
1
4235 97
1
4236 92
1
4237 37
1
4238 202
1
4239 207
1
4240 212
1
4241 43
1
4242 200
1
4243 77
1
4244 165
1
4245 98
1
4246 36
1
4247 105
1
4248 54
0
1
4249 205
1
4250 75
1
4251 146
1
4252 121
1
4253 125
1
4254 164
1
4255 157
1
4256 110
1
4257 88
1
4258 201
1
4259 149
1
4260 75
1
4261 164
1
4262 57
1
4263 155
1
4264 35
1
4265 80
0
1
4266 38
1
4267 193
1
4268 194
1
4269 56
1
4270 107
1
4271 71
1
4272 35
1
4273 110
1
4274 163
1
4275 126
1
4276 109
1
4277 77
1
4278 179
1
4279 51
1
4280 9
1
4281 86
1
4282 33
1
4283 134
1
4284 176
0
1
4285 80
1
4286 99
0
1
4287 201
1
4288 103
1
4289 214
1
4290 213
1
4291 74
1
4292 89
1
4293 162
1
4294 185
1
4295 144
1
4296 132
1
4297 148
1
4298 126
1
4299 18
1
4300 42
1
4301 74
1
4302 53
0
1
4303 190
1
4304 107
1
4305 22
1
4306 66
1
4307 172
1
4308 220
1
4309 139
1
4310 196
1
4311 51
1
4312 158
1
4313 125
1
4314 3
1
4315 189
1
4316 60
1
4317 150
1
4318 206
1
4319 46
1
4320 82
1
4321 205
1
4322 129
1
4323 33
1
4324 144
1
4325 98
1
4326 94
1
4327 193
1
4328 35
1
4329 167
1
4330 59
1
4331 186
1
4332 131
1
4333 153
1
4334 169
1
4335 104
1
4336 171
1
4337 104
1
4338 64
1
4339 5
1
4340 49
1
4341 86
1
4342 71
1
4343 108
1
4344 30
1
4345 116
1
4346 106
1
4347 134
1
4348 125
1
4349 35
1
4350 144
1
4351 210
1
4352 117
1
4353 161
1
4354 98
1
4355 192
1
4356 153
1
4357 104
1
4358 220
1
4359 68
1
4360 18
1
4361 178
0
1
4362 30
1
4363 46
1
4364 161
1
4365 5
1
4366 144
1
4367 131
1
4368 12
1
4369 144
1
4370 48
1
4371 63
1
4372 217
1
4373 196
1
4374 48
1
4375 68
1
4376 160
1
4377 206
1
4378 153
1
4379 175
1
4380 128
1
4381 12
1
4382 157
1
4383 120
1
4384 131
1
4385 31
1
4386 64
1
4387 163
1
4388 190
1
4389 203
1
4390 8
1
4391 106
1
4392 95
1
4393 202
1
4394 86
0
1
4395 125
1
4396 42
1
4397 143
1
4398 197
1
4399 104
1
4400 113
1
4401 173
1
4402 165
1
4403 99
1
4404 195
1
4405 164
1
4406 13
1
4407 72
1
4408 107
0
1
4409 81
1
4410 168
1
4411 14
1
4412 132
1
4413 72
1
4414 45
1
4415 211
1
4416 128
1
4417 93
1
4418 123
1
4419 138
1
4420 89
1
4421 199
1
4422 123
1
4423 68
1
4424 43
1
4425 208
1
4426 54
1
4427 97
1
4428 183
1
4429 31
1
4430 119
1
4431 194
1
4432 27
1
4433 36
1
4434 24
1
4435 100
1
4436 69
1
4437 61
1
4438 93
1
4439 152
1
4440 201
1
4441 55
1
4442 10
1
4443 160
1
4444 31
1
4445 146
1
4446 20
1
4447 118
1
4448 31
1
4449 58
1
4450 218
1
4451 18
1
4452 98
1
4453 64
1
4454 210
1
4455 70
1
4456 218
1
4457 106
1
4458 123
1
4459 5
1
4460 9
1
4461 19
1
4462 193
0
1
4463 39
1
4464 56
1
4465 206
1
4466 56
1
4467 165
1
4468 212
1
4469 87
1
4470 136
1
4471 26
1
4472 138
1
4473 205
1
4474 183
1
4475 47
1
4476 204
1
4477 48
1
4478 6
1
4479 16
1
4480 167
1
4481 87
1
4482 83
1
4483 102
1
4484 59
1
4485 128
1
4486 175
1
4487 196
1
4488 87
1
4489 152
1
4490 192
1
4491 93
1
4492 182
1
4493 32
1
4494 19
1
4495 70
1
4496 177
1
4497 132
1
4498 168
1
4499 53
1
4500 58
1
4501 110
1
4502 218
1
4503 62
1
4504 212
1
4505 136
1
4506 36
1
4507 66
1
4508 146
0
1
4509 188
1
4510 66
1
4511 209
1
4512 151
1
4513 28
1
4514 42
1
4515 35
1
4516 218
1
4517 152
1
4518 62
1
4519 147
1
4520 6
1
4521 170
1
4522 128
1
4523 181
1
4524 19
1
4525 137
1
4526 7
1
4527 89
1
4528 57
1
4529 173
1
4530 82
1
4531 104
1
4532 164
1
4533 174
1
4534 129
1
4535 25
1
4536 98
1
4537 111
1
4538 2
1
4539 194
1
4540 11
1
4541 58
1
4542 38
1
4543 113
1
4544 198
1
4545 8
1
4546 86
1
4547 194
1
4548 165
1
4549 101
1
4550 9
1
4551 98
1
4552 89
1
4553 146
1
4554 134
1
4555 150
1
4556 35
1
4557 208
1
4558 2
1
4559 58
1
4560 42
1
4561 145
1
4562 217
1
4563 127
1
4564 117
1
4565 201
1
4566 50
1
4567 66
1
4568 37
1
4569 185
1
4570 102
1
4571 66
1
4572 77
1
4573 96
1
4574 182
1
4575 101
1
4576 168
1
4577 67
1
4578 12
1
4579 81
1
4580 142
0
1
4581 195
1
4582 190
1
4583 101
1
4584 180
1
4585 37
1
4586 196
1
4587 144
1
4588 88
1
4589 59
1
4590 123
1
4591 192
1
4592 151
1
4593 80
1
4594 191
1
4595 109
1
4596 95
1
4597 97
1
4598 2
1
4599 149
1
4600 13
1
4601 177
1
4602 130
1
4603 79
1
4604 32
1
4605 24
1
4606 20
1
4607 139
1
4608 58
1
4609 85
1
4610 201
1
4611 26
1
4612 218
1
4613 154
1
4614 56
1
4615 6
1
4616 165
1
4617 197
1
4618 39
1
4619 66
1
4620 133
1
4621 65
1
4622 40
1
4623 102
1
4624 171
1
4625 58
1
4626 84
1
4627 217
1
4628 77
1
4629 18
1
4630 107
1
4631 182
1
4632 180
1
4633 107
1
4634 211
1
4635 5
1
4636 155
1
4637 179
1
4638 176
1
4639 100
1
4640 181
1
4641 196
1
4642 45
1
4643 210
1
4644 174
1
4645 125
1
4646 80
1
4647 219
1
4648 49
1
4649 159
1
4650 158
1
4651 36
1
4652 142
1
4653 35
1
4654 5
1
4655 120
1
4656 108
1
4657 195
1
4658 85
1
4659 182
1
4660 10
1
4661 164
1
4662 165
1
4663 142
1
4664 212
1
4665 54
1
4666 17
1
4667 140
1
4668 176
1
4669 80
1
4670 50
1
4671 13
1
4672 199
1
4673 102
1
4674 6
0
0
1
4675 157
1
4676 144
1
4677 53
0
1
4678 91
0
1
4679 33
0
1
4680 94
1
4681 58
1
4682 138
0
1
4683 36
1
4684 95
1
4685 195
1
4686 49
1
4687 164
1
4688 101
1
4689 39
1
4690 185
0
1
4691 40
1
4692 177
1
4693 58
0
1
4694 14
0
0
0
0
0
0
1
4695 143
0
1
4696 66
0
1
4697 15
1
4698 97
1
4699 113
1
4700 71
0
1
4701 95
1
4702 129
1
4703 192
1
4704 113
1
4705 187
0
0
0
1
4706 20
1
4707 208
1
4708 114
0
0
1
4709 148
0
0
0
1
4710 194
1
4711 22
0
0
1
4712 200
0
0
1
4713 218
1
4714 161
0
1
4715 10
1
4716 38
0
1
4717 59
0
0
0
0
1
4718 18
1
4719 169
0
0
1
4720 96
1
4721 35
0
0
0
1
4722 171
0
0
0
0
0
0
0
0
0
1
4723 103
0
0
0
0
0
0
0
0
0
0
0
0
0
0
0
0
0
0
0
0
0
0
0
0
0
1
4724 30
0
0
0
0
0
0
0
0
0
0
0
0
0
0
0
0
0
0
0
0
0
0
0
0
0
0
0
0
0
0
0
0
0
0
0
0
0
0
0
0
0
0
0
0
0
0
0
0
0
0
0
0
0
0
0
0
0
0
0
0
0
0
0
0
0
0
0
0
0
0
0
0
0
0
0
0
0
0
0
0
0
0
0
0
0
0
0
0
0
0
0
0
0
0
0
0
0
0
0
0
0
0
0
0
0
0
0
0
0
0
0
0
0
0
0
0
0
0
0
0
0
0
0
0
0
0
0
0
0
0
0
0
0
0
0
0
0
0
0
0
0
0
0
0
0
0
0
0
0
0
0
0
0
0
0
0
0
0
0
0
0
0
0
0
0
0
0
0
0
0
0
0
0
0
0
0
0
0
0
0
0
0
0
0
0
0
0
0
0
0
0
0
0
0
0
0
0
0
0
0
0
0
0
0
0
0
0
0
0
0
0
0
0
0
0
0
0
0
0
0
0
0
0
0
0
0
0
0
0
0
0
0
0
0
0
0
0
0
0
0
0
0
0
0
0
0
0
0
0
0
0
0
0
0
0
0
0
0
0
0
0
0
0
0
0
0
0
0
0
0
0
0
0
0
0
0
0
0
0
0
0
0
0
0
0
0
0
0
0
0
0
0
0
0
0
0
0
0
0
0
0
0
0
0
0
0
0
0
0
0
0
0
0
0
0
0
0
0
0
0
0
0
0
0
0
0
0
0
0
0
0
0
0
0
0
0
0
0
0
0
0
0
0
0
0
0
0
0
0
0
0
0
0
0
0
0
0
0
0
0
0
0
0
0
0
0
0
0
0
0
0
0
0
0
0
0
0
0
0
0
0
0
0
0
0
0
0
0
0
0
0
0
0
0
0
0
0
0
0
0
0
0
0
0
0
0
0
0
0
0
0
0
0
0
0
0
0
0
0
0
0
0
0
0
0
0
0
0
0
0
0
0
0
0
0
0
0
0
0
0
0
0
0
0
0
0
0
0
0
0
0
0
0
0
0
0
0
0
0
0
0
0
0
0
0
0
0
0
0
0
0
0
0
0
0
0
0
0
0
0
0
0
0
0
0
0
0
0
0
0
0
0
0
0
0
0
0
0
0
0
0
0
0
0
0
0
0
