213 372
148 35 2
102 145 2
125 116 3
161 144 2
212 112 3
193 28 3
34 110 3
39 206 3
72 172 5
5 12 2
147 63 3
52 189 2
102 27 4
60 209 3
161 176 4
57 39 4
73 18 2
165 188 3
52 4 3
44 77 3
35 30 2
167 196 4
200 11 4
74 146 4
148 111 3
85 131 3
137 132 2
113 176 3
79 149 3
101 184 3
143 35 2
194 75 2
84 155 3
183 185 2
115 2 3
45 176 2
29 161 2
92 158 4
138 129 4
62 97 2
141 59 2
154 128 3
204 43 4
54 67 2
8 193 2
177 154 3
17 107 4
31 120 3
42 126 2
20 55 3
63 135 4
44 155 3
46 33 5
21 147 3
164 204 4
16 97 3
106 133 3
88 178 2
22 30 3
90 136 2
148 75 4
47 91 4
170 89 3
197 117 3
172 1 2
89 113 2
80 87 3
107 164 3
158 212 2
8 205 4
81 84 2
159 145 4
128 49 4
112 99 5
141 175 4
17 24 2
72 181 3
168 122 4
163 152 4
28 8 3
138 10 3
143 137 3
111 84 3
81 175 3
122 169 3
165 57 3
174 82 4
7 170 4
195 95 3
29 144 2
71 36 3
14 140 3
71 65 2
74 160 5
122 158 3
108 134 3
82 211 3
50 80 3
139 114 3
132 6 3
118 41 3
61 34 3
127 186 3
196 153 4
160 40 2
15 199 2
197 76 3
116 120 3
19 44 3
3 131 2
150 117 3
184 53 3
56 103 5
180 192 3
21 114 3
56 6 2
116 25 3
136 86 3
129 32 4
59 111 3
64 212 3
155 80 4
126 180 3
177 26 5
25 168 3
69 96 4
170 61 3
192 74 3
89 45 3
56 121 5
102 68 4
46 53 4
3 208 3
116 157 2
128 124 3
137 94 4
205 135 2
101 48 2
162 29 3
89 34 4
47 38 4
55 195 4
140 42 3
213 171 3
172 65 3
145 201 2
57 202 4
159 201 2
101 42 3
118 83 3
5 133 3
99 212 1
210 143 4
100 147 3
154 23 5
192 70 3
104 96 4
94 151 3
181 108 4
40 12 4
99 64 2
19 77 2
83 76 3
86 6 4
201 125 3
87 103 4
141 118 5
9 18 4
37 64 5
11 83 4
25 157 4
127 4 2
88 87 3
180 43 5
209 208 4
190 203 3
71 190 4
92 122 2
142 37 5
188 202 2
198 85 3
165 78 4
175 19 3
195 58 5
50 44 3
28 187 4
27 104 3
104 60 3
213 16 5
155 175 3
6 67 4
45 210 4
182 65 4
26 153 3
120 182 4
179 139 3
32 9 3
133 40 4
140 48 5
166 108 3
109 143 3
13 41 2
26 170 2
177 208 3
50 77 3
5 97 3
187 62 4
93 142 4
148 30 1
24 14 3
169 66 4
56 54 3
178 130 4
135 123 4
105 202 3
168 66 3
126 192 3
86 121 3
144 45 3
142 169 4
154 26 5
49 23 3
36 31 4
146 70 3
75 22 3
99 158 4
9 105 3
61 59 3
53 179 3
150 134 3
16 183 5
22 194 2
69 27 1
77 98 6
35 109 2
15 8 2
211 127 3
10 197 5
43 156 4
81 59 2
64 174 4
96 60 2
38 33 3
185 4 4
209 3 4
166 131 2
132 22 2
119 123 3
182 36 3
90 94 2
167 179 5
42 180 2
149 195 3
115 156 3
54 121 3
49 167 3
117 32 5
210 109 3
188 105 5
114 100 3
13 10 5
153 110 3
16 171 4
166 198 3
202 206 3
24 107 3
197 32 3
173 130 4
178 103 4
38 14 3
207 37 3
193 63 3
46 162 3
60 69 3
111 81 3
177 209 3
58 47 3
33 162 1
114 51 1
106 171 4
51 100 2
211 52 4
82 207 3
17 164 2
88 103 2
163 2 3
73 9 3
91 17 4
112 189 3
189 174 4
205 119 4
106 160 3
173 80 4
73 129 5
97 100 3
206 18 5
156 2 3
78 72 4
123 104 3
203 1 4
115 152 5
46 140 3
174 52 3
204 115 4
15 135 3
55 79 4
181 172 3
137 194 2
3 85 2
7 118 3
78 1 3
200 134 2
98 138 4
139 184 3
125 31 3
201 92 3
188 150 3
196 34 3
149 94 6
151 136 3
58 20 1
107 43 5
157 190 3
25 125 2
63 28 3
53 48 4
13 98 3
51 21 2
113 61 4
158 66 3
159 199 3
87 130 2
93 207 3
187 185 3
119 68 3
15 193 2
200 166 3
205 199 2
120 36 3
67 121 3
186 185 3
203 72 5
11 131 3
208 7 4
156 70 2
161 110 4
150 105 4
146 163 3
102 182 3
145 68 3
20 95 4
213 186 4
88 173 4
79 95 4
41 76 3
126 12 3
181 1 2
196 110 4
30 75 2
91 20 3
70 2 3
90 151 3
194 132 2
13 76 3
108 191 4
23 124 1
51 139 5
191 198 4
65 191 3
62 183 5
199 68 3
21 124 3
10000
0
0
0
0
0
0
0
0
0
0
0
0
0
0
0
0
0
0
0
0
0
0
0
0
0
0
0
0
0
0
0
1
1 61
0
0
0
0
0
0
0
0
1
2 174
0
0
0
0
0
0
0
0
0
0
0
0
0
0
1
3 201
0
0
0
0
0
0
0
0
0
0
0
0
0
0
0
0
0
0
1
4 142
0
0
0
0
0
0
0
1
5 124
1
6 125
0
0
0
0
0
0
0
0
0
0
1
7 51
0
0
0
0
0
1
8 83
0
0
0
0
0
0
0
0
1
9 63
0
0
0
1
10 69
1
11 32
0
0
0
1
12 70
1
13 125
0
1
14 202
0
0
1
15 147
1
16 96
0
0
1
17 3
0
0
0
1
18 66
0
1
19 51
0
0
0
0
0
1
20 130
0
0
0
0
0
0
1
21 96
0
1
22 122
1
23 191
0
0
1
24 107
0
0
1
25 154
0
0
0
1
26 119
0
0
1
27 208
0
1
28 91
0
0
0
0
0
0
0
1
29 98
0
0
1
30 205
1
31 52
0
0
0
0
0
1
32 170
1
33 110
1
34 145
0
0
0
0
1
35 158
0
0
0
0
1
36 59
0
0
0
0
0
0
1
37 15
0
0
1
38 101
0
1
39 73
0
0
1
40 55
1
41 124
1
42 200
1
43 180
0
0
1
44 160
1
45 98
0
0
1
46 37
0
1
47 58
0
1
48 117
1
49 144
0
0
0
1
50 140
1
51 42
0
0
0
1
52 7
0
0
1
53 72
0
1
54 18
1
55 90
0
1
56 75
0
0
1
57 98
1
58 156
1
59 25
0
1
60 68
0
0
0
0
0
1
61 58
1
62 138
0
0
1
63 148
0
0
0
1
64 210
1
65 173
1
66 72
0
0
1
67 97
1
68 196
0
0
0
0
1
69 121
1
70 185
0
1
71 88
1
72 199
1
73 170
0
0
0
0
0
0
1
74 117
0
0
1
75 104
1
76 199
1
77 139
1
78 124
0
0
0
1
79 201
1
80 41
0
0
1
81 193
1
82 51
1
83 112
1
84 57
0
0
1
85 123
0
0
0
0
0
1
86 22
0
0
1
87 25
1
88 114
1
89 26
0
1
90 44
1
91 209
0
1
92 168
0
1
93 138
0
1
94 28
0
1
95 53
0
0
0
0
0
1
96 133
1
97 173
1
98 143
0
0
1
99 186
1
100 98
1
101 36
1
102 183
1
103 181
1
104 41
0
1
105 203
1
106 96
0
0
1
107 160
1
108 207
1
109 164
1
110 31
1
111 121
1
112 10
0
1
113 39
0
1
114 127
1
115 77
0
1
116 147
1
117 26
0
1
118 151
0
1
119 181
0
0
1
120 106
1
121 8
0
0
1
122 51
1
123 13
0
1
124 135
1
125 151
1
126 200
0
1
127 46
0
0
1
128 16
0
0
1
129 37
0
1
130 151
0
0
1
131 210
1
132 185
1
133 145
1
134 78
1
135 132
1
136 115
0
0
1
137 91
1
138 134
1
139 24
0
1
140 190
1
141 186
0
1
142 123
1
143 171
1
144 8
1
145 183
1
146 126
0
1
147 123
1
148 144
0
1
149 139
1
150 54
0
1
151 157
0
1
152 86
0
1
153 123
1
154 142
1
155 191
1
156 55
1
157 46
1
158 16
0
1
159 66
1
160 12
1
161 88
1
162 113
1
163 65
1
164 178
0
0
0
0
0
1
165 206
1
166 75
1
167 65
1
168 92
0
1
169 93
1
170 58
1
171 100
1
172 69
1
173 182
0
1
174 97
1
175 190
0
1
176 47
0
1
177 123
0
1
178 171
1
179 110
1
180 47
0
1
181 135
1
182 15
0
1
183 124
1
184 196
0
0
1
185 69
0
1
186 155
1
187 69
1
188 42
1
189 6
0
1
190 204
1
191 183
1
192 128
1
193 9
1
194 213
1
195 148
1
196 34
1
197 144
1
198 160
1
199 199
1
200 15
1
201 28
1
202 163
0
1
203 171
1
204 178
1
205 205
1
206 112
0
1
207 105
1
208 169
0
1
209 50
1
210 81
1
211 65
1
212 30
1
213 188
1
214 135
1
215 71
1
216 8
1
217 149
1
218 97
1
219 185
1
220 181
1
221 7
1
222 34
1
223 102
1
224 191
0
1
225 19
1
226 144
1
227 32
1
228 11
1
229 151
1
230 77
1
231 94
1
232 43
1
233 186
1
234 48
0
1
235 182
0
1
236 11
0
1
237 148
0
1
238 23
1
239 84
1
240 110
1
241 171
1
242 100
1
243 157
1
244 40
1
245 192
1
246 213
1
247 62
1
248 74
0
1
249 97
1
250 58
1
251 152
1
252 69
1
253 98
1
254 156
1
255 62
1
256 28
1
257 124
0
1
258 14
0
0
1
259 141
1
260 29
0
1
261 162
1
262 139
1
263 15
1
264 155
1
265 142
1
266 201
1
267 99
1
268 211
1
269 187
0
0
1
270 90
1
271 210
1
272 165
1
273 179
1
274 195
1
275 76
1
276 68
1
277 48
1
278 200
1
279 182
1
280 51
1
281 83
1
282 157
1
283 4
1
284 66
1
285 52
1
286 5
1
287 11
1
288 207
1
289 67
0
1
290 171
0
1
291 183
1
292 96
1
293 19
1
294 95
1
295 162
1
296 5
1
297 110
1
298 39
1
299 193
1
300 19
1
301 112
1
302 120
1
303 45
1
304 21
1
305 100
0
1
306 181
1
307 206
1
308 13
1
309 124
1
310 150
1
311 54
1
312 12
1
313 90
1
314 176
1
315 101
1
316 159
1
317 155
0
1
318 83
1
319 187
1
320 64
1
321 96
1
322 83
1
323 154
1
324 55
1
325 149
1
326 193
1
327 29
1
328 156
1
329 92
1
330 58
1
331 52
1
332 172
1
333 198
1
334 96
1
335 114
1
336 114
1
337 72
1
338 94
1
339 146
1
340 156
1
341 63
1
342 2
1
343 189
1
344 99
1
345 88
1
346 19
1
347 95
1
348 112
1
349 113
1
350 34
1
351 135
1
352 185
1
353 39
1
354 208
1
355 133
1
356 75
1
357 139
1
358 144
1
359 71
1
360 52
1
361 38
1
362 53
1
363 211
1
364 17
1
365 113
1
366 158
1
367 184
1
368 115
1
369 94
1
370 166
1
371 42
1
372 95
1
373 66
1
374 154
1
375 194
1
376 80
1
377 48
1
378 96
1
379 3
1
380 37
1
381 123
1
382 186
1
383 21
1
384 53
1
385 135
1
386 84
1
387 68
1
388 71
1
389 186
1
390 210
1
391 205
1
392 97
1
393 113
1
394 185
1
395 195
1
396 8
1
397 128
1
398 180
1
399 123
1
400 146
1
401 114
1
402 74
1
403 208
1
404 205
1
405 131
1
406 100
1
407 51
1
408 47
1
409 202
1
410 129
0
1
411 8
1
412 204
1
413 55
1
414 151
1
415 159
1
416 97
1
417 188
1
418 148
1
419 64
1
420 151
1
421 103
1
422 61
1
423 200
1
424 19
1
425 62
0
1
426 85
1
427 211
1
428 69
1
429 15
1
430 174
1
431 124
1
432 128
1
433 196
1
434 119
1
435 119
1
436 45
1
437 97
1
438 26
1
439 135
1
440 55
1
441 167
1
442 106
1
443 63
1
444 43
1
445 106
1
446 29
1
447 136
1
448 155
1
449 89
1
450 133
1
451 162
1
452 213
1
453 82
1
454 109
1
455 183
1
456 201
1
457 123
1
458 180
1
459 200
1
460 146
1
461 84
1
462 91
1
463 164
1
464 64
1
465 80
1
466 121
1
467 27
1
468 144
1
469 51
1
470 205
1
471 96
1
472 29
1
473 34
1
474 108
1
475 119
1
476 98
1
477 13
1
478 114
1
479 187
1
480 156
1
481 182
1
482 18
1
483 151
1
484 206
1
485 26
1
486 130
1
487 71
1
488 211
1
489 12
1
490 111
1
491 25
1
492 80
1
493 161
1
494 118
1
495 5
1
496 154
1
497 180
1
498 172
1
499 8
1
500 115
1
501 6
1
502 151
1
503 190
1
504 177
1
505 89
1
506 140
1
507 113
1
508 189
1
509 204
1
510 144
1
511 66
1
512 147
1
513 17
0
1
514 121
1
515 105
1
516 131
1
517 182
1
518 104
1
519 160
1
520 73
1
521 123
1
522 181
1
523 185
1
524 199
1
525 32
1
526 163
1
527 183
1
528 27
1
529 97
1
530 13
1
531 22
1
532 65
1
533 112
1
534 162
1
535 13
1
536 4
1
537 177
1
538 158
1
539 199
1
540 56
1
541 209
1
542 63
1
543 94
1
544 81
1
545 19
1
546 18
1
547 184
1
548 170
1
549 144
1
550 146
1
551 37
1
552 102
1
553 20
1
554 205
1
555 187
1
556 37
1
557 126
1
558 63
1
559 211
1
560 85
1
561 118
1
562 20
1
563 211
1
564 23
1
565 8
1
566 10
0
1
567 94
1
568 185
1
569 198
1
570 102
1
571 174
1
572 172
1
573 58
1
574 141
1
575 60
1
576 119
1
577 169
1
578 91
1
579 30
1
580 5
1
581 118
1
582 156
1
583 16
1
584 155
1
585 69
1
586 10
1
587 132
1
588 82
1
589 25
1
590 180
1
591 116
1
592 208
1
593 212
1
594 145
1
595 47
1
596 212
1
597 54
1
598 29
1
599 96
1
600 143
1
601 177
1
602 60
1
603 97
1
604 186
1
605 158
1
606 187
1
607 91
1
608 44
1
609 185
1
610 170
1
611 96
1
612 63
1
613 190
1
614 36
1
615 51
1
616 40
1
617 163
1
618 137
1
619 190
1
620 117
1
621 116
1
622 163
1
623 43
1
624 153
1
625 8
1
626 103
1
627 187
1
628 137
1
629 84
1
630 211
1
631 40
1
632 69
1
633 99
1
634 51
1
635 30
1
636 163
1
637 52
1
638 76
1
639 149
1
640 127
1
641 114
1
642 58
1
643 193
1
644 161
1
645 120
1
646 66
1
647 171
1
648 96
1
649 79
1
650 199
1
651 115
1
652 56
1
653 81
1
654 46
1
655 2
1
656 128
1
657 137
1
658 63
1
659 15
1
660 24
1
661 209
1
662 112
1
663 166
1
664 128
1
665 77
1
666 40
1
667 107
1
668 70
1
669 37
1
670 190
1
671 79
1
672 171
1
673 88
1
674 28
1
675 165
1
676 64
0
1
677 65
1
678 35
1
679 39
1
680 50
1
681 136
1
682 13
1
683 19
1
684 199
1
685 139
1
686 186
1
687 73
1
688 86
1
689 180
1
690 69
1
691 99
1
692 21
1
693 121
1
694 22
1
695 190
1
696 189
1
697 194
1
698 20
1
699 192
1
700 143
1
701 193
1
702 201
1
703 127
1
704 3
1
705 176
1
706 76
1
707 96
1
708 4
1
709 49
1
710 32
1
711 24
1
712 62
1
713 172
1
714 103
1
715 200
0
1
716 138
1
717 116
1
718 102
1
719 128
1
720 95
1
721 14
1
722 112
1
723 68
1
724 129
1
725 158
1
726 97
1
727 57
1
728 91
1
729 209
1
730 109
1
731 206
1
732 30
1
733 171
1
734 113
1
735 110
1
736 212
1
737 100
1
738 124
1
739 173
1
740 97
1
741 133
1
742 195
1
743 210
1
744 120
1
745 192
1
746 62
1
747 196
1
748 11
1
749 112
1
750 77
1
751 145
1
752 142
1
753 16
1
754 56
1
755 130
1
756 131
1
757 183
1
758 63
1
759 143
1
760 43
0
1
761 24
1
762 52
1
763 155
1
764 128
1
765 31
1
766 90
1
767 46
1
768 193
1
769 59
1
770 24
1
771 64
1
772 169
1
773 204
1
774 177
1
775 155
1
776 35
1
777 121
1
778 132
1
779 3
1
780 54
1
781 141
1
782 129
1
783 133
1
784 21
1
785 190
1
786 32
1
787 92
1
788 8
1
789 63
1
790 205
1
791 183
1
792 28
1
793 37
1
794 188
1
795 182
1
796 153
1
797 26
1
798 123
1
799 152
1
800 68
1
801 193
1
802 24
1
803 164
1
804 187
1
805 136
1
806 98
1
807 121
1
808 110
1
809 205
1
810 66
1
811 205
1
812 206
1
813 24
1
814 204
1
815 18
1
816 52
1
817 204
1
818 79
1
819 175
1
820 187
1
821 179
1
822 120
1
823 21
1
824 81
1
825 109
1
826 173
0
1
827 138
1
828 129
1
829 184
1
830 64
1
831 175
1
832 21
1
833 69
1
834 180
1
835 138
1
836 74
1
837 65
1
838 107
1
839 42
1
840 65
1
841 65
1
842 147
1
843 100
1
844 13
1
845 73
0
1
846 110
1
847 147
1
848 121
1
849 154
1
850 122
1
851 68
1
852 62
1
853 115
1
854 16
1
855 190
1
856 34
1
857 197
1
858 88
1
859 208
1
860 21
1
861 113
1
862 122
1
863 99
1
864 22
1
865 17
1
866 131
1
867 32
1
868 4
1
869 2
1
870 113
0
1
871 67
0
1
872 51
1
873 15
1
874 155
1
875 200
1
876 114
1
877 146
1
878 66
1
879 45
1
880 55
1
881 147
1
882 15
1
883 206
1
884 185
1
885 76
1
886 130
1
887 123
1
888 166
1
889 57
0
1
890 48
1
891 20
1
892 106
1
893 85
1
894 39
1
895 200
1
896 211
1
897 102
1
898 112
1
899 8
1
900 44
1
901 132
1
902 37
1
903 92
1
904 202
1
905 181
1
906 174
1
907 19
1
908 20
1
909 19
1
910 186
1
911 167
1
912 86
1
913 2
1
914 178
1
915 189
1
916 52
1
917 40
1
918 11
1
919 153
1
920 129
1
921 186
1
922 147
1
923 136
1
924 211
1
925 108
1
926 182
1
927 20
1
928 128
1
929 76
1
930 194
0
1
931 146
1
932 194
1
933 80
1
934 144
1
935 142
1
936 164
1
937 65
1
938 13
1
939 110
1
940 14
0
0
0
1
941 153
1
942 24
1
943 122
1
944 8
1
945 84
1
946 176
1
947 75
0
1
948 198
1
949 42
1
950 77
1
951 90
1
952 8
1
953 82
1
954 126
1
955 8
1
956 105
1
957 56
1
958 27
1
959 131
1
960 157
1
961 123
1
962 136
1
963 204
1
964 112
1
965 125
0
1
966 100
1
967 7
1
968 27
1
969 35
1
970 18
1
971 108
1
972 119
1
973 68
1
974 72
1
975 133
1
976 135
1
977 137
1
978 114
1
979 66
1
980 187
1
981 183
1
982 3
1
983 191
1
984 72
1
985 157
1
986 17
1
987 163
1
988 133
1
989 149
1
990 202
1
991 170
1
992 66
1
993 101
1
994 145
0
1
995 201
1
996 78
1
997 12
1
998 141
1
999 29
1
1000 8
1
1001 165
1
1002 123
1
1003 210
1
1004 180
1
1005 91
1
1006 8
0
1
1007 135
1
1008 90
1
1009 115
1
1010 129
1
1011 105
1
1012 156
1
1013 148
1
1014 30
1
1015 29
1
1016 184
1
1017 170
1
1018 79
1
1019 205
1
1020 165
1
1021 191
1
1022 8
1
1023 62
1
1024 133
1
1025 175
1
1026 139
1
1027 191
1
1028 138
1
1029 115
1
1030 176
1
1031 80
0
1
1032 99
1
1033 177
1
1034 20
1
1035 183
1
1036 23
1
1037 160
0
1
1038 77
1
1039 202
1
1040 77
1
1041 95
1
1042 184
1
1043 29
1
1044 124
1
1045 25
1
1046 158
1
1047 43
1
1048 107
1
1049 108
0
1
1050 90
1
1051 210
1
1052 200
1
1053 149
1
1054 83
1
1055 194
1
1056 99
1
1057 128
1
1058 128
1
1059 106
1
1060 184
1
1061 146
1
1062 39
1
1063 148
1
1064 102
1
1065 61
0
1
1066 129
1
1067 51
1
1068 71
1
1069 112
1
1070 6
1
1071 147
1
1072 123
1
1073 80
1
1074 160
1
1075 24
1
1076 34
0
1
1077 32
1
1078 189
1
1079 17
1
1080 112
1
1081 28
1
1082 98
1
1083 38
1
1084 184
1
1085 154
1
1086 77
1
1087 165
1
1088 152
1
1089 144
1
1090 125
0
1
1091 77
1
1092 120
1
1093 146
1
1094 199
1
1095 164
1
1096 114
1
1097 178
1
1098 97
1
1099 80
1
1100 148
1
1101 200
1
1102 3
1
1103 144
1
1104 110
1
1105 134
1
1106 133
1
1107 122
1
1108 97
1
1109 136
1
1110 151
1
1111 68
1
1112 133
1
1113 28
0
1
1114 155
0
1
1115 9
1
1116 206
1
1117 100
0
1
1118 123
1
1119 96
1
1120 56
0
1
1121 14
1
1122 154
1
1123 43
0
1
1124 3
1
1125 123
0
1
1126 18
1
1127 9
0
1
1128 63
1
1129 16
1
1130 95
1
1131 90
1
1132 200
1
1133 210
1
1134 177
1
1135 179
1
1136 146
1
1137 202
1
1138 195
1
1139 24
1
1140 105
1
1141 65
1
1142 188
1
1143 200
1
1144 121
1
1145 179
1
1146 178
1
1147 149
1
1148 159
0
1
1149 94
1
1150 196
0
1
1151 199
1
1152 205
1
1153 145
1
1154 51
0
1
1155 115
1
1156 135
1
1157 179
1
1158 4
1
1159 33
0
1
1160 193
1
1161 73
1
1162 109
1
1163 33
1
1164 146
1
1165 97
1
1166 205
1
1167 125
1
1168 123
1
1169 142
1
1170 185
1
1171 161
1
1172 64
0
1
1173 105
0
1
1174 52
0
1
1175 13
0
1
1176 13
1
1177 194
1
1178 64
1
1179 71
1
1180 133
0
1
1181 164
0
1
1182 57
1
1183 5
1
1184 103
1
1185 183
1
1186 176
0
1
1187 61
1
1188 188
1
1189 13
1
1190 50
1
1191 45
1
1192 67
1
1193 108
0
1
1194 209
1
1195 4
1
1196 177
1
1197 137
1
1198 11
0
1
1199 45
1
1200 198
0
1
1201 137
0
1
1202 160
1
1203 13
1
1204 63
1
1205 111
1
1206 84
1
1207 152
1
1208 112
1
1209 151
1
1210 17
1
1211 155
0
0
1
1212 4
1
1213 128
1
1214 200
1
1215 56
0
1
1216 195
1
1217 28
1
1218 61
1
1219 102
1
1220 43
1
1221 207
1
1222 83
1
1223 40
1
1224 22
1
1225 46
1
1226 129
0
1
1227 182
1
1228 83
1
1229 186
1
1230 36
0
1
1231 175
1
1232 80
1
1233 194
1
1234 201
0
1
1235 119
1
1236 91
1
1237 24
1
1238 188
1
1239 199
1
1240 179
1
1241 38
1
1242 85
1
1243 201
1
1244 13
1
1245 193
1
1246 95
1
1247 114
1
1248 81
1
1249 162
1
1250 195
1
1251 84
1
1252 182
1
1253 69
1
1254 144
1
1255 199
1
1256 140
1
1257 178
0
1
1258 15
1
1259 111
1
1260 209
1
1261 51
1
1262 56
1
1263 175
1
1264 51
1
1265 137
1
1266 49
1
1267 155
1
1268 21
1
1269 78
1
1270 207
0
1
1271 195
1
1272 90
1
1273 183
1
1274 3
1
1275 49
1
1276 3
0
1
1277 122
1
1278 53
1
1279 187
1
1280 5
1
1281 187
1
1282 108
1
1283 56
1
1284 192
1
1285 73
1
1286 93
1
1287 81
1
1288 185
1
1289 138
1
1290 89
1
1291 70
1
1292 7
1
1293 124
1
1294 178
1
1295 98
0
1
1296 124
1
1297 127
1
1298 198
1
1299 63
1
1300 85
1
1301 63
1
1302 146
1
1303 85
1
1304 153
1
1305 172
1
1306 57
1
1307 166
1
1308 29
1
1309 211
1
1310 98
1
1311 100
1
1312 95
1
1313 41
1
1314 67
1
1315 186
1
1316 121
1
1317 147
1
1318 138
1
1319 194
1
1320 97
1
1321 79
1
1322 61
0
1
1323 202
1
1324 209
1
1325 70
1
1326 53
1
1327 122
1
1328 31
0
1
1329 28
1
1330 107
1
1331 143
1
1332 158
1
1333 160
1
1334 170
1
1335 146
1
1336 66
1
1337 124
1
1338 186
1
1339 173
1
1340 46
1
1341 119
1
1342 108
1
1343 30
1
1344 158
0
1
1345 198
1
1346 105
1
1347 69
0
1
1348 130
1
1349 184
1
1350 80
1
1351 124
0
1
1352 186
1
1353 207
1
1354 2
1
1355 204
1
1356 6
1
1357 126
0
1
1358 193
1
1359 38
0
0
0
1
1360 196
1
1361 90
1
1362 34
0
1
1363 94
1
1364 120
1
1365 90
1
1366 55
1
1367 110
1
1368 92
1
1369 77
1
1370 210
1
1371 71
1
1372 158
0
1
1373 153
1
1374 199
1
1375 129
1
1376 185
1
1377 191
1
1378 199
1
1379 98
1
1380 137
1
1381 2
1
1382 2
1
1383 79
1
1384 51
1
1385 72
0
1
1386 100
1
1387 103
1
1388 93
1
1389 131
1
1390 154
1
1391 26
1
1392 22
1
1393 28
1
1394 158
1
1395 179
1
1396 128
1
1397 67
1
1398 114
1
1399 105
1
1400 205
0
1
1401 12
1
1402 185
1
1403 112
1
1404 75
1
1405 114
1
1406 194
1
1407 87
1
1408 100
1
1409 8
0
1
1410 105
1
1411 84
0
1
1412 82
1
1413 133
1
1414 20
1
1415 147
0
1
1416 102
1
1417 180
1
1418 153
1
1419 208
1
1420 170
1
1421 17
1
1422 192
0
1
1423 145
1
1424 61
1
1425 64
1
1426 82
1
1427 109
0
0
1
1428 69
1
1429 121
1
1430 213
1
1431 123
1
1432 107
1
1433 17
1
1434 52
1
1435 172
1
1436 79
1
1437 7
1
1438 68
1
1439 51
1
1440 179
1
1441 146
1
1442 193
0
1
1443 41
1
1444 199
1
1445 144
1
1446 128
1
1447 199
0
1
1448 119
1
1449 23
1
1450 36
1
1451 83
1
1452 3
0
1
1453 138
1
1454 60
1
1455 144
1
1456 43
1
1457 37
1
1458 155
1
1459 45
1
1460 59
0
1
1461 208
1
1462 13
1
1463 88
1
1464 19
1
1465 188
1
1466 83
0
1
1467 131
1
1468 39
1
1469 174
1
1470 87
0
1
1471 112
1
1472 51
1
1473 52
1
1474 213
1
1475 116
1
1476 161
1
1477 127
1
1478 106
1
1479 155
1
1480 115
1
1481 97
1
1482 62
1
1483 15
1
1484 139
1
1485 86
1
1486 91
1
1487 161
1
1488 145
1
1489 91
1
1490 157
1
1491 187
1
1492 35
0
1
1493 49
1
1494 205
1
1495 162
1
1496 201
1
1497 62
1
1498 105
0
1
1499 31
1
1500 35
1
1501 164
0
1
1502 207
1
1503 73
1
1504 155
1
1505 150
1
1506 62
0
1
1507 19
1
1508 185
1
1509 101
1
1510 142
0
1
1511 48
1
1512 167
1
1513 167
0
1
1514 183
1
1515 54
1
1516 199
1
1517 89
1
1518 123
1
1519 128
0
1
1520 68
1
1521 205
0
1
1522 72
1
1523 103
1
1524 5
1
1525 39
1
1526 51
1
1527 167
0
1
1528 34
1
1529 74
1
1530 69
1
1531 70
1
1532 117
1
1533 120
1
1534 121
1
1535 157
1
1536 40
1
1537 35
1
1538 73
0
1
1539 117
0
1
1540 205
1
1541 191
1
1542 199
0
1
1543 79
0
1
1544 46
1
1545 75
1
1546 79
1
1547 32
1
1548 62
1
1549 21
1
1550 138
0
1
1551 101
1
1552 56
1
1553 193
1
1554 134
1
1555 54
1
1556 180
1
1557 171
1
1558 19
1
1559 206
1
1560 185
1
1561 33
1
1562 132
1
1563 115
1
1564 84
1
1565 62
1
1566 141
1
1567 30
1
1568 131
1
1569 209
1
1570 11
1
1571 145
1
1572 52
1
1573 168
1
1574 62
1
1575 90
1
1576 3
1
1577 114
1
1578 183
1
1579 137
1
1580 89
1
1581 99
1
1582 134
1
1583 145
1
1584 81
1
1585 169
0
1
1586 185
1
1587 143
0
1
1588 59
1
1589 33
1
1590 174
1
1591 177
1
1592 145
1
1593 99
1
1594 156
1
1595 180
1
1596 172
1
1597 80
1
1598 181
1
1599 27
0
1
1600 178
1
1601 32
1
1602 90
0
0
1
1603 119
1
1604 8
1
1605 59
0
1
1606 151
1
1607 116
1
1608 161
1
1609 117
0
0
1
1610 38
1
1611 89
0
1
1612 91
1
1613 155
1
1614 85
1
1615 84
1
1616 186
1
1617 60
1
1618 157
1
1619 164
1
1620 139
0
1
1621 124
1
1622 159
0
1
1623 94
1
1624 99
1
1625 199
1
1626 42
0
1
1627 26
1
1628 66
1
1629 166
1
1630 133
1
1631 202
1
1632 110
1
1633 56
1
1634 139
1
1635 71
1
1636 64
1
1637 163
1
1638 174
1
1639 147
1
1640 62
1
1641 10
1
1642 155
0
1
1643 206
1
1644 151
1
1645 97
1
1646 67
1
1647 191
1
1648 124
1
1649 193
1
1650 196
1
1651 69
1
1652 79
1
1653 41
1
1654 157
1
1655 111
0
1
1656 102
1
1657 138
0
1
1658 53
1
1659 75
1
1660 112
1
1661 6
0
1
1662 51
1
1663 26
1
1664 22
1
1665 61
1
1666 107
1
1667 171
0
1
1668 102
1
1669 53
1
1670 185
1
1671 186
0
1
1672 15
1
1673 211
1
1674 213
1
1675 47
0
1
1676 182
0
1
1677 62
0
1
1678 134
1
1679 8
1
1680 88
1
1681 59
1
1682 197
1
1683 44
1
1684 147
1
1685 22
0
1
1686 211
1
1687 15
1
1688 51
1
1689 128
0
1
1690 137
1
1691 106
1
1692 123
1
1693 124
1
1694 180
0
1
1695 74
0
1
1696 199
1
1697 156
0
1
1698 129
0
1
1699 145
0
1
1700 156
1
1701 48
1
1702 185
0
1
1703 105
0
1
1704 5
1
1705 87
1
1706 105
1
1707 58
1
1708 87
0
1
1709 4
1
1710 44
1
1711 144
1
1712 6
1
1713 8
1
1714 135
1
1715 9
1
1716 177
1
1717 81
1
1718 61
1
1719 212
1
1720 105
1
1721 54
1
1722 182
1
1723 110
1
1724 19
1
1725 189
1
1726 149
1
1727 131
1
1728 76
1
1729 37
0
1
1730 135
1
1731 125
1
1732 56
1
1733 130
1
1734 39
0
1
1735 121
1
1736 18
1
1737 14
1
1738 148
1
1739 124
1
1740 163
1
1741 9
1
1742 61
1
1743 67
1
1744 105
1
1745 199
0
1
1746 14
0
1
1747 82
1
1748 200
1
1749 185
0
1
1750 8
1
1751 88
1
1752 137
1
1753 160
1
1754 5
1
1755 89
1
1756 192
1
1757 202
1
1758 91
1
1759 64
1
1760 142
1
1761 163
1
1762 39
1
1763 97
1
1764 158
1
1765 205
1
1766 159
1
1767 114
1
1768 179
1
1769 26
1
1770 179
1
1771 9
1
1772 69
1
1773 31
1
1774 211
1
1775 146
0
1
1776 27
1
1777 24
1
1778 176
1
1779 130
1
1780 92
1
1781 88
1
1782 167
0
1
1783 23
1
1784 54
0
1
1785 113
1
1786 5
1
1787 44
1
1788 94
1
1789 156
0
1
1790 42
1
1791 185
1
1792 52
1
1793 55
0
1
1794 24
1
1795 207
1
1796 17
1
1797 151
1
1798 103
1
1799 51
1
1800 60
1
1801 165
1
1802 6
1
1803 49
0
0
1
1804 202
1
1805 192
1
1806 52
1
1807 155
1
1808 117
0
1
1809 182
0
1
1810 73
1
1811 23
1
1812 157
1
1813 187
1
1814 46
1
1815 168
1
1816 107
1
1817 75
1
1818 172
1
1819 162
1
1820 164
1
1821 85
1
1822 193
0
1
1823 137
1
1824 104
1
1825 94
1
1826 11
1
1827 187
1
1828 180
0
1
1829 119
1
1830 29
1
1831 112
1
1832 152
0
1
1833 15
1
1834 124
1
1835 183
1
1836 98
1
1837 162
1
1838 59
1
1839 10
0
0
0
0
0
1
1840 64
1
1841 80
0
1
1842 163
1
1843 11
1
1844 128
0
0
1
1845 208
1
1846 11
1
1847 120
1
1848 91
0
1
1849 54
1
1850 52
1
1851 183
1
1852 73
1
1853 39
1
1854 185
1
1855 35
1
1856 118
1
1857 157
1
1858 181
1
1859 15
1
1860 131
1
1861 202
0
0
0
0
1
1862 157
1
1863 47
1
1864 90
1
1865 38
0
1
1866 148
1
1867 58
1
1868 126
0
1
1869 45
1
1870 177
1
1871 195
0
0
0
1
1872 51
1
1873 86
1
1874 202
1
1875 161
1
1876 184
0
1
1877 173
1
1878 161
1
1879 199
0
0
1
1880 31
0
1
1881 156
1
1882 27
1
1883 40
1
1884 128
1
1885 35
1
1886 138
1
1887 112
1
1888 123
1
1889 78
0
1
1890 51
0
0
1
1891 133
1
1892 32
1
1893 135
1
1894 97
1
1895 74
1
1896 108
1
1897 65
0
1
1898 8
1
1899 80
0
1
1900 121
1
1901 32
1
1902 146
1
1903 55
1
1904 152
1
1905 7
1
1906 21
1
1907 200
0
1
1908 84
1
1909 142
0
1
1910 185
1
1911 135
0
0
0
0
1
1912 133
1
1913 48
1
1914 125
1
1915 181
1
1916 144
0
1
1917 189
0
1
1918 191
1
1919 18
0
0
1
1920 185
1
1921 125
1
1922 97
1
1923 86
1
1924 201
1
1925 69
0
1
1926 146
1
1927 199
1
1928 176
1
1929 27
1
1930 137
0
1
1931 196
1
1932 123
1
1933 23
1
1934 75
1
1935 2
0
1
1936 109
1
1937 17
0
1
1938 62
1
1939 186
1
1940 42
1
1941 173
1
1942 114
1
1943 160
0
1
1944 35
1
1945 119
0
1
1946 52
0
1
1947 56
1
1948 44
1
1949 18
0
0
1
1950 83
1
1951 8
1
1952 79
0
1
1953 95
1
1954 53
0
1
1955 171
0
0
1
1956 57
1
1957 119
1
1958 71
0
1
1959 23
1
1960 120
1
1961 32
1
1962 109
1
1963 19
1
1964 100
1
1965 181
1
1966 138
0
1
1967 47
1
1968 111
1
1969 26
0
1
1970 210
0
1
1971 165
1
1972 17
1
1973 91
1
1974 165
1
1975 51
1
1976 119
1
1977 84
1
1978 75
0
0
1
1979 168
1
1980 187
1
1981 81
1
1982 16
0
1
1983 52
1
1984 31
1
1985 56
1
1986 61
0
1
1987 119
1
1988 154
0
1
1989 207
1
1990 94
1
1991 154
1
1992 28
1
1993 65
1
1994 146
1
1995 99
1
1996 74
1
1997 75
1
1998 117
1
1999 97
0
0
1
2000 57
1
2001 24
1
2002 76
1
2003 87
0
1
2004 111
1
2005 112
1
2006 139
1
2007 35
1
2008 44
0
1
2009 204
1
2010 147
1
2011 55
0
1
2012 145
1
2013 147
0
1
2014 25
1
2015 102
1
2016 177
1
2017 5
0
1
2018 43
1
2019 119
1
2020 169
1
2021 124
1
2022 164
1
2023 11
1
2024 110
1
2025 24
1
2026 17
1
2027 114
0
1
2028 73
1
2029 147
1
2030 154
1
2031 141
1
2032 198
1
2033 125
1
2034 177
0
1
2035 126
1
2036 144
1
2037 151
1
2038 182
1
2039 38
1
2040 56
1
2041 149
1
2042 111
0
1
2043 137
1
2044 88
0
1
2045 121
1
2046 2
1
2047 41
1
2048 49
0
1
2049 68
1
2050 45
1
2051 55
1
2052 36
0
1
2053 209
1
2054 144
1
2055 197
1
2056 30
1
2057 73
1
2058 57
1
2059 72
1
2060 18
1
2061 47
1
2062 186
1
2063 210
1
2064 201
1
2065 50
0
0
1
2066 189
1
2067 170
1
2068 187
0
1
2069 163
1
2070 60
1
2071 112
1
2072 135
0
1
2073 16
1
2074 19
1
2075 82
1
2076 39
1
2077 4
1
2078 46
1
2079 118
1
2080 111
1
2081 152
1
2082 114
1
2083 186
1
2084 91
1
2085 180
1
2086 153
1
2087 130
1
2088 19
1
2089 147
0
0
1
2090 114
1
2091 4
1
2092 114
1
2093 106
1
2094 29
1
2095 60
0
0
1
2096 79
1
2097 163
1
2098 51
0
1
2099 106
1
2100 74
0
1
2101 40
0
0
1
2102 121
0
1
2103 185
1
2104 193
0
0
0
0
0
0
1
2105 122
1
2106 38
0
0
1
2107 193
1
2108 164
1
2109 124
1
2110 75
1
2111 3
1
2112 30
0
1
2113 191
1
2114 138
0
1
2115 112
1
2116 97
1
2117 70
1
2118 132
1
2119 73
0
1
2120 24
0
1
2121 192
0
0
1
2122 71
1
2123 55
1
2124 197
1
2125 170
1
2126 96
1
2127 148
1
2128 35
1
2129 96
0
0
1
2130 62
1
2131 161
1
2132 126
1
2133 44
1
2134 177
1
2135 207
1
2136 36
1
2137 62
1
2138 159
0
0
1
2139 18
1
2140 118
1
2141 23
1
2142 128
1
2143 159
1
2144 212
1
2145 61
1
2146 95
1
2147 205
1
2148 124
1
2149 84
1
2150 28
1
2151 188
1
2152 110
0
1
2153 86
1
2154 203
0
1
2155 159
1
2156 62
1
2157 172
1
2158 212
1
2159 173
1
2160 56
0
1
2161 9
1
2162 131
0
0
1
2163 209
1
2164 212
0
0
1
2165 210
1
2166 196
1
2167 185
0
0
1
2168 50
1
2169 14
1
2170 54
1
2171 106
1
2172 16
1
2173 123
1
2174 20
1
2175 184
0
1
2176 193
1
2177 74
1
2178 6
1
2179 58
1
2180 203
0
1
2181 6
1
2182 125
1
2183 39
1
2184 186
1
2185 123
1
2186 149
1
2187 205
1
2188 62
1
2189 131
0
1
2190 119
1
2191 15
1
2192 169
1
2193 205
0
1
2194 112
1
2195 58
0
1
2196 59
1
2197 194
0
1
2198 163
1
2199 13
1
2200 63
0
1
2201 182
0
1
2202 184
1
2203 208
1
2204 90
0
1
2205 153
1
2206 186
1
2207 128
1
2208 28
1
2209 60
1
2210 21
1
2211 42
1
2212 41
1
2213 167
1
2214 21
1
2215 60
1
2216 66
1
2217 27
1
2218 81
1
2219 192
1
2220 109
1
2221 50
1
2222 80
0
1
2223 135
1
2224 38
1
2225 5
1
2226 205
1
2227 25
1
2228 86
1
2229 8
0
1
2230 130
1
2231 139
0
1
2232 60
1
2233 188
1
2234 112
1
2235 19
1
2236 128
1
2237 167
1
2238 104
1
2239 72
1
2240 152
1
2241 65
1
2242 189
0
1
2243 120
1
2244 44
1
2245 166
1
2246 123
1
2247 71
1
2248 137
1
2249 8
0
0
1
2250 19
1
2251 169
1
2252 172
1
2253 178
0
1
2254 153
1
2255 101
1
2256 18
1
2257 34
1
2258 41
0
1
2259 204
0
1
2260 7
0
0
0
1
2261 171
1
2262 65
0
1
2263 28
1
2264 88
0
1
2265 120
0
0
1
2266 100
1
2267 112
1
2268 148
1
2269 60
0
1
2270 36
1
2271 118
1
2272 97
0
0
1
2273 105
1
2274 23
1
2275 52
1
2276 91
1
2277 32
1
2278 160
1
2279 99
1
2280 64
1
2281 177
1
2282 10
1
2283 168
1
2284 17
0
1
2285 186
0
1
2286 114
0
1
2287 187
0
0
0
1
2288 128
1
2289 159
0
1
2290 92
1
2291 135
1
2292 210
1
2293 97
1
2294 103
1
2295 19
1
2296 125
1
2297 119
0
1
2298 91
1
2299 172
0
1
2300 17
1
2301 70
1
2302 32
1
2303 25
1
2304 40
1
2305 152
0
1
2306 7
1
2307 123
1
2308 38
0
0
0
1
2309 2
0
1
2310 81
1
2311 175
1
2312 89
1
2313 4
1
2314 61
0
1
2315 16
1
2316 142
0
0
0
0
1
2317 15
1
2318 185
1
2319 86
1
2320 177
1
2321 38
1
2322 199
1
2323 93
0
1
2324 213
1
2325 110
0
0
1
2326 15
0
1
2327 28
1
2328 109
1
2329 4
1
2330 73
1
2331 151
1
2332 155
0
1
2333 86
0
1
2334 23
0
0
1
2335 211
1
2336 17
1
2337 100
1
2338 130
1
2339 153
1
2340 94
1
2341 91
0
1
2342 49
0
1
2343 32
1
2344 156
0
0
1
2345 146
1
2346 204
1
2347 56
1
2348 24
1
2349 132
1
2350 174
1
2351 186
1
2352 171
1
2353 23
1
2354 76
1
2355 3
1
2356 64
0
1
2357 16
1
2358 168
0
1
2359 127
1
2360 196
1
2361 11
1
2362 118
0
0
0
1
2363 129
1
2364 187
1
2365 40
1
2366 100
1
2367 181
0
0
0
1
2368 141
1
2369 88
1
2370 185
1
2371 155
1
2372 56
1
2373 152
0
1
2374 45
1
2375 51
1
2376 170
1
2377 161
0
0
1
2378 65
0
1
2379 119
1
2380 159
0
1
2381 28
1
2382 190
1
2383 144
0
1
2384 15
1
2385 21
1
2386 17
0
0
0
1
2387 172
1
2388 157
0
1
2389 147
0
1
2390 76
1
2391 174
0
0
0
0
1
2392 107
0
1
2393 114
1
2394 189
0
1
2395 150
1
2396 151
0
0
1
2397 211
1
2398 148
1
2399 114
1
2400 104
1
2401 138
1
2402 178
1
2403 7
0
1
2404 128
1
2405 71
1
2406 192
1
2407 7
0
1
2408 68
1
2409 122
0
0
1
2410 86
1
2411 133
1
2412 15
0
1
2413 158
1
2414 131
1
2415 62
1
2416 165
0
0
1
2417 39
1
2418 164
1
2419 101
1
2420 208
0
1
2421 6
0
1
2422 95
1
2423 65
0
1
2424 72
1
2425 79
1
2426 191
1
2427 158
1
2428 199
0
1
2429 170
1
2430 122
1
2431 45
1
2432 39
1
2433 82
1
2434 24
0
1
2435 41
1
2436 57
1
2437 118
0
0
1
2438 199
1
2439 98
1
2440 93
1
2441 125
1
2442 5
1
2443 50
1
2444 13
1
2445 18
1
2446 156
1
2447 129
1
2448 138
0
0
1
2449 152
0
1
2450 73
0
1
2451 193
1
2452 26
1
2453 211
1
2454 151
1
2455 193
1
2456 102
0
1
2457 162
1
2458 169
1
2459 204
0
0
1
2460 89
0
1
2461 121
1
2462 203
0
0
1
2463 86
1
2464 79
1
2465 147
1
2466 67
1
2467 122
0
0
1
2468 141
1
2469 190
1
2470 110
1
2471 71
1
2472 99
0
1
2473 38
1
2474 38
1
2475 112
0
1
2476 113
1
2477 105
1
2478 43
1
2479 98
1
2480 120
1
2481 205
1
2482 29
1
2483 44
0
1
2484 114
1
2485 112
1
2486 35
1
2487 200
0
1
2488 4
0
1
2489 128
0
0
1
2490 76
0
0
1
2491 36
1
2492 123
1
2493 97
0
1
2494 69
0
0
1
2495 135
1
2496 32
1
2497 63
0
1
2498 105
1
2499 212
0
1
2500 49
0
1
2501 86
1
2502 189
1
2503 91
1
2504 144
1
2505 114
1
2506 186
1
2507 146
1
2508 49
0
0
0
0
1
2509 97
1
2510 135
1
2511 184
1
2512 173
1
2513 191
1
2514 63
1
2515 166
1
2516 90
1
2517 82
0
1
2518 164
1
2519 41
1
2520 48
1
2521 2
1
2522 95
1
2523 72
1
2524 108
1
2525 16
1
2526 160
1
2527 180
1
2528 102
1
2529 88
1
2530 97
1
2531 92
0
1
2532 50
1
2533 41
0
1
2534 170
1
2535 194
1
2536 21
1
2537 205
1
2538 28
1
2539 194
1
2540 123
0
1
2541 176
1
2542 99
1
2543 60
1
2544 8
1
2545 136
1
2546 117
1
2547 50
0
1
2548 105
1
2549 14
1
2550 49
1
2551 111
1
2552 182
1
2553 49
1
2554 51
1
2555 28
0
1
2556 39
1
2557 19
1
2558 42
0
1
2559 65
0
1
2560 13
1
2561 70
1
2562 112
1
2563 68
1
2564 177
1
2565 56
1
2566 63
1
2567 126
0
1
2568 139
1
2569 37
1
2570 204
1
2571 109
1
2572 56
1
2573 56
0
1
2574 131
0
0
1
2575 100
1
2576 105
0
1
2577 88
0
1
2578 197
0
1
2579 196
1
2580 105
1
2581 99
0
0
1
2582 82
0
1
2583 77
1
2584 188
0
0
0
0
1
2585 98
0
0
0
0
1
2586 192
1
2587 82
1
2588 113
1
2589 38
1
2590 203
1
2591 102
0
1
2592 144
1
2593 185
1
2594 203
0
1
2595 173
0
1
2596 181
1
2597 71
1
2598 28
1
2599 43
1
2600 42
0
1
2601 97
1
2602 203
1
2603 108
1
2604 104
1
2605 113
1
2606 112
1
2607 97
1
2608 108
0
0
1
2609 33
0
1
2610 50
0
1
2611 132
1
2612 203
1
2613 116
1
2614 141
1
2615 175
1
2616 106
1
2617 206
0
0
1
2618 84
1
2619 194
1
2620 147
0
1
2621 79
0
0
1
2622 193
1
2623 8
1
2624 90
1
2625 152
1
2626 125
1
2627 11
1
2628 129
1
2629 142
1
2630 41
1
2631 47
0
1
2632 144
0
1
2633 134
0
1
2634 123
1
2635 115
1
2636 69
1
2637 2
1
2638 23
0
0
1
2639 128
0
1
2640 107
0
0
0
1
2641 81
1
2642 36
1
2643 11
1
2644 159
1
2645 161
1
2646 185
1
2647 55
1
2648 144
0
1
2649 62
1
2650 127
0
0
1
2651 189
1
2652 25
0
0
1
2653 87
1
2654 145
1
2655 124
1
2656 30
1
2657 8
1
2658 38
1
2659 212
0
0
1
2660 180
1
2661 77
1
2662 110
0
0
1
2663 154
1
2664 128
0
1
2665 135
1
2666 46
1
2667 184
0
1
2668 54
1
2669 123
1
2670 116
1
2671 155
1
2672 145
0
1
2673 146
1
2674 54
1
2675 116
0
1
2676 159
1
2677 211
0
1
2678 52
1
2679 99
0
1
2680 83
0
1
2681 10
1
2682 106
0
0
1
2683 172
0
1
2684 94
1
2685 137
1
2686 64
1
2687 109
1
2688 116
0
1
2689 63
0
0
1
2690 59
1
2691 122
0
1
2692 16
0
1
2693 97
1
2694 106
1
2695 94
1
2696 94
1
2697 72
1
2698 127
0
0
0
1
2699 107
1
2700 165
1
2701 30
0
1
2702 187
0
1
2703 40
1
2704 165
1
2705 109
1
2706 209
0
1
2707 122
0
1
2708 132
1
2709 76
0
0
0
1
2710 157
0
1
2711 190
0
1
2712 62
0
0
0
1
2713 188
0
0
1
2714 209
1
2715 101
1
2716 169
0
0
1
2717 176
1
2718 27
1
2719 39
1
2720 124
0
1
2721 38
1
2722 37
1
2723 196
1
2724 137
1
2725 9
1
2726 178
1
2727 199
0
0
1
2728 106
1
2729 46
0
0
1
2730 114
1
2731 5
0
1
2732 119
0
1
2733 114
1
2734 43
1
2735 45
1
2736 88
0
0
0
0
1
2737 136
1
2738 199
1
2739 172
1
2740 147
1
2741 60
0
0
1
2742 123
0
1
2743 12
1
2744 8
1
2745 25
1
2746 152
0
1
2747 205
1
2748 45
1
2749 147
0
0
1
2750 92
0
1
2751 53
0
1
2752 82
1
2753 39
0
1
2754 115
1
2755 25
1
2756 9
1
2757 15
1
2758 133
0
0
1
2759 186
0
1
2760 82
1
2761 123
1
2762 15
1
2763 107
0
1
2764 135
1
2765 38
1
2766 134
0
0
0
0
1
2767 85
0
1
2768 159
1
2769 128
1
2770 85
0
1
2771 114
1
2772 169
1
2773 32
0
0
0
1
2774 29
1
2775 65
1
2776 124
0
0
0
1
2777 25
0
1
2778 51
0
1
2779 212
1
2780 134
1
2781 45
1
2782 182
1
2783 124
1
2784 166
1
2785 8
1
2786 105
1
2787 76
1
2788 126
0
0
1
2789 67
1
2790 41
1
2791 111
1
2792 76
1
2793 14
0
1
2794 37
1
2795 147
1
2796 54
1
2797 8
1
2798 212
1
2799 45
1
2800 64
1
2801 155
0
1
2802 15
1
2803 131
0
1
2804 187
1
2805 98
1
2806 22
1
2807 203
0
1
2808 59
0
1
2809 5
0
1
2810 174
0
0
1
2811 162
1
2812 62
1
2813 106
0
1
2814 66
0
0
1
2815 193
0
1
2816 199
0
1
2817 54
1
2818 151
1
2819 176
1
2820 124
1
2821 114
0
0
0
1
2822 178
1
2823 173
1
2824 171
1
2825 86
1
2826 80
1
2827 178
1
2828 199
0
0
0
1
2829 92
1
2830 147
0
1
2831 67
1
2832 168
0
1
2833 11
1
2834 15
1
2835 142
1
2836 209
1
2837 124
0
1
2838 97
1
2839 117
1
2840 172
0
0
0
1
2841 23
0
1
2842 143
1
2843 26
0
0
1
2844 55
1
2845 15
1
2846 112
1
2847 135
1
2848 129
0
1
2849 66
1
2850 163
1
2851 86
0
0
1
2852 65
0
0
1
2853 51
1
2854 174
1
2855 131
0
1
2856 22
0
1
2857 60
0
1
2858 143
0
1
2859 63
1
2860 161
1
2861 66
1
2862 117
1
2863 27
1
2864 97
1
2865 45
0
1
2866 74
1
2867 62
1
2868 41
1
2869 90
0
1
2870 112
1
2871 188
1
2872 96
0
1
2873 187
1
2874 193
0
1
2875 174
1
2876 6
1
2877 84
1
2878 205
1
2879 21
1
2880 54
1
2881 114
1
2882 152
1
2883 124
1
2884 107
1
2885 128
1
2886 35
1
2887 121
0
1
2888 61
1
2889 62
0
0
1
2890 63
1
2891 199
1
2892 90
1
2893 51
1
2894 50
0
1
2895 166
0
1
2896 124
1
2897 87
0
1
2898 13
0
1
2899 43
1
2900 32
0
0
1
2901 207
1
2902 55
1
2903 106
0
1
2904 179
1
2905 92
0
0
0
1
2906 19
1
2907 105
1
2908 126
0
0
1
2909 212
1
2910 112
0
0
0
1
2911 213
1
2912 171
1
2913 35
1
2914 63
0
0
1
2915 178
1
2916 101
0
1
2917 10
0
1
2918 42
1
2919 7
0
0
0
0
0
1
2920 123
1
2921 58
1
2922 112
1
2923 12
0
1
2924 193
1
2925 87
1
2926 29
1
2927 51
1
2928 91
0
0
0
0
1
2929 3
1
2930 137
0
0
1
2931 130
0
1
2932 113
0
1
2933 28
0
0
0
1
2934 45
0
0
1
2935 18
0
1
2936 78
1
2937 178
1
2938 128
0
1
2939 191
0
0
1
2940 49
1
2941 38
1
2942 105
1
2943 139
0
0
1
2944 159
1
2945 168
1
2946 159
1
2947 21
1
2948 128
1
2949 16
0
1
2950 83
1
2951 28
1
2952 15
1
2953 123
1
2954 90
0
0
1
2955 204
1
2956 206
1
2957 86
1
2958 93
0
1
2959 68
1
2960 128
0
0
1
2961 177
0
1
2962 133
1
2963 156
1
2964 130
1
2965 12
1
2966 124
1
2967 141
0
1
2968 3
0
1
2969 116
0
1
2970 81
0
0
0
1
2971 136
1
2972 167
0
1
2973 47
0
1
2974 164
1
2975 6
1
2976 94
0
1
2977 85
1
2978 117
1
2979 172
1
2980 132
1
2981 209
1
2982 142
0
1
2983 62
0
0
1
2984 172
0
1
2985 125
0
1
2986 51
1
2987 6
0
1
2988 24
1
2989 161
1
2990 147
1
2991 42
1
2992 182
1
2993 208
1
2994 177
1
2995 57
1
2996 135
1
2997 34
1
2998 4
0
1
2999 179
1
3000 109
1
3001 174
1
3002 75
1
3003 27
1
3004 90
1
3005 100
0
1
3006 100
1
3007 21
1
3008 134
1
3009 203
1
3010 156
0
0
0
0
1
3011 126
1
3012 92
0
0
0
1
3013 124
0
1
3014 76
0
1
3015 187
0
0
0
1
3016 94
1
3017 182
0
1
3018 128
1
3019 67
1
3020 129
1
3021 201
0
0
1
3022 206
0
1
3023 182
1
3024 157
1
3025 202
1
3026 139
1
3027 21
0
1
3028 146
1
3029 8
1
3030 78
0
0
1
3031 154
1
3032 185
0
1
3033 97
1
3034 76
0
0
1
3035 6
0
0
0
0
1
3036 52
0
0
1
3037 185
0
1
3038 204
1
3039 166
1
3040 107
1
3041 175
1
3042 72
1
3043 142
1
3044 133
1
3045 174
0
0
1
3046 92
1
3047 81
0
0
1
3048 108
1
3049 81
1
3050 101
0
1
3051 110
1
3052 100
0
1
3053 96
1
3054 183
1
3055 193
1
3056 193
0
1
3057 155
0
1
3058 165
1
3059 3
1
3060 187
1
3061 58
1
3062 35
1
3063 135
0
0
0
1
3064 36
1
3065 144
1
3066 114
1
3067 119
1
3068 31
0
1
3069 160
1
3070 126
0
0
1
3071 177
1
3072 183
1
3073 135
0
0
1
3074 72
0
1
3075 120
1
3076 58
0
0
0
0
1
3077 130
0
1
3078 210
0
1
3079 135
1
3080 185
1
3081 55
0
1
3082 176
1
3083 4
1
3084 117
1
3085 118
1
3086 105
1
3087 183
1
3088 168
1
3089 152
1
3090 86
1
3091 104
1
3092 155
1
3093 33
1
3094 178
1
3095 87
1
3096 155
1
3097 14
0
1
3098 97
1
3099 27
1
3100 120
1
3101 124
1
3102 81
0
1
3103 77
0
1
3104 160
1
3105 188
1
3106 110
1
3107 172
0
0
1
3108 206
1
3109 103
0
1
3110 68
1
3111 109
0
1
3112 57
1
3113 85
1
3114 70
1
3115 84
0
1
3116 151
1
3117 60
0
0
1
3118 127
0
0
1
3119 37
0
1
3120 77
0
1
3121 166
1
3122 108
1
3123 147
1
3124 183
1
3125 8
1
3126 202
1
3127 176
1
3128 114
0
0
0
0
0
1
3129 191
1
3130 32
1
3131 203
0
0
0
0
1
3132 60
0
0
1
3133 97
0
1
3134 49
0
0
0
0
1
3135 171
1
3136 124
1
3137 63
1
3138 85
1
3139 81
1
3140 203
0
1
3141 70
0
1
3142 168
1
3143 55
0
1
3144 141
1
3145 14
0
1
3146 186
0
1
3147 151
0
0
1
3148 27
0
0
1
3149 81
1
3150 117
1
3151 178
1
3152 106
1
3153 176
1
3154 64
1
3155 86
0
1
3156 74
0
0
0
0
1
3157 169
1
3158 207
1
3159 15
0
1
3160 73
1
3161 11
1
3162 205
1
3163 59
0
1
3164 49
1
3165 41
0
1
3166 26
0
0
0
1
3167 189
1
3168 87
1
3169 198
0
1
3170 49
0
1
3171 10
0
1
3172 66
0
0
1
3173 88
0
1
3174 114
1
3175 45
1
3176 61
1
3177 62
0
0
0
0
1
3178 4
1
3179 55
1
3180 186
0
1
3181 130
0
0
0
1
3182 109
1
3183 3
1
3184 35
0
1
3185 70
0
1
3186 63
0
1
3187 22
1
3188 59
1
3189 111
0
1
3190 169
1
3191 28
0
0
1
3192 119
0
1
3193 84
0
0
1
3194 161
1
3195 127
0
0
1
3196 132
0
1
3197 63
1
3198 163
1
3199 62
1
3200 7
0
1
3201 119
0
1
3202 153
0
0
1
3203 133
1
3204 4
1
3205 190
1
3206 65
0
0
1
3207 105
1
3208 147
1
3209 126
1
3210 186
0
1
3211 152
1
3212 208
0
1
3213 160
1
3214 107
0
1
3215 75
0
0
0
1
3216 145
1
3217 207
1
3218 189
0
0
1
3219 201
1
3220 67
0
0
0
0
1
3221 27
1
3222 131
1
3223 29
1
3224 54
0
0
1
3225 44
1
3226 197
1
3227 193
1
3228 124
1
3229 105
0
0
1
3230 129
1
3231 49
1
3232 16
0
0
1
3233 58
0
0
1
3234 31
0
1
3235 16
1
3236 19
1
3237 63
0
1
3238 66
1
3239 11
1
3240 30
0
0
1
3241 48
1
3242 155
0
0
1
3243 129
1
3244 135
0
1
3245 185
0
0
1
3246 192
0
0
0
0
0
1
3247 47
0
0
1
3248 176
0
0
1
3249 187
1
3250 18
1
3251 187
1
3252 185
1
3253 25
0
1
3254 200
1
3255 24
0
1
3256 156
1
3257 62
0
1
3258 31
1
3259 190
1
3260 154
1
3261 57
1
3262 148
1
3263 35
0
1
3264 196
1
3265 22
1
3266 39
0
0
1
3267 185
1
3268 209
1
3269 16
0
1
3270 60
0
1
3271 121
1
3272 50
0
0
0
0
1
3273 70
0
1
3274 21
0
1
3275 30
0
1
3276 68
1
3277 73
1
3278 210
0
0
1
3279 163
1
3280 17
1
3281 202
1
3282 154
0
1
3283 141
0
1
3284 28
1
3285 112
0
1
3286 159
0
0
1
3287 183
1
3288 95
0
0
1
3289 41
1
3290 99
1
3291 200
1
3292 180
1
3293 15
0
1
3294 197
1
3295 189
1
3296 26
0
0
1
3297 8
0
0
1
3298 41
1
3299 139
0
1
3300 163
1
3301 172
1
3302 23
0
0
0
1
3303 94
1
3304 177
1
3305 186
0
0
1
3306 152
0
1
3307 11
1
3308 168
0
0
1
3309 22
1
3310 207
1
3311 102
0
0
1
3312 7
0
0
0
1
3313 8
1
3314 85
0
1
3315 124
1
3316 100
1
3317 209
1
3318 56
1
3319 143
1
3320 72
0
1
3321 183
1
3322 15
1
3323 71
1
3324 135
0
1
3325 174
1
3326 188
0
1
3327 52
1
3328 13
0
0
0
0
1
3329 147
0
0
0
1
3330 200
1
3331 170
1
3332 73
1
3333 120
1
3334 37
1
3335 77
0
1
3336 63
0
1
3337 62
1
3338 165
1
3339 168
1
3340 180
0
0
1
3341 77
1
3342 144
1
3343 22
0
1
3344 35
1
3345 74
0
1
3346 110
1
3347 130
0
1
3348 65
1
3349 51
1
3350 113
1
3351 135
1
3352 185
0
0
0
0
0
0
1
3353 116
0
1
3354 96
0
0
1
3355 200
1
3356 8
1
3357 136
1
3358 148
0
1
3359 201
0
0
1
3360 107
0
1
3361 109
1
3362 56
0
1
3363 41
1
3364 84
0
1
3365 30
1
3366 58
1
3367 158
0
0
0
1
3368 15
0
1
3369 114
0
0
0
1
3370 160
0
0
1
3371 10
1
3372 67
0
0
0
1
3373 43
1
3374 180
0
1
3375 34
1
3376 15
0
1
3377 211
0
0
1
3378 173
0
1
3379 193
1
3380 169
1
3381 37
1
3382 149
0
0
0
1
3383 96
1
3384 193
0
1
3385 17
1
3386 179
0
0
0
1
3387 197
1
3388 125
0
1
3389 126
1
3390 90
1
3391 164
0
1
3392 191
0
0
0
1
3393 102
0
0
0
0
1
3394 106
1
3395 47
1
3396 73
1
3397 69
0
0
0
1
3398 210
1
3399 9
0
1
3400 25
1
3401 23
1
3402 44
1
3403 178
1
3404 19
0
0
1
3405 211
1
3406 103
0
1
3407 72
0
0
0
0
1
3408 73
0
1
3409 167
0
1
3410 106
0
1
3411 63
0
1
3412 88
1
3413 191
1
3414 195
1
3415 174
1
3416 83
1
3417 61
0
0
1
3418 8
0
0
0
0
0
0
1
3419 128
1
3420 64
1
3421 128
0
0
1
3422 190
0
0
1
3423 12
1
3424 135
1
3425 195
0
1
3426 211
1
3427 114
1
3428 19
0
1
3429 205
0
0
1
3430 20
0
1
3431 195
1
3432 100
0
1
3433 22
0
0
1
3434 148
1
3435 156
1
3436 8
0
0
0
1
3437 99
1
3438 56
1
3439 79
1
3440 21
1
3441 145
0
0
1
3442 80
0
1
3443 130
1
3444 74
1
3445 25
0
0
1
3446 93
0
0
1
3447 101
1
3448 149
1
3449 207
0
1
3450 171
0
1
3451 68
0
1
3452 200
0
0
1
3453 38
0
1
3454 150
0
1
3455 196
1
3456 122
1
3457 149
1
3458 196
0
1
3459 83
1
3460 155
1
3461 166
0
0
0
0
1
3462 20
0
0
1
3463 159
1
3464 193
1
3465 74
1
3466 54
1
3467 183
1
3468 205
0
0
0
1
3469 138
0
1
3470 6
1
3471 48
1
3472 26
1
3473 119
1
3474 27
1
3475 193
1
3476 128
0
1
3477 112
1
3478 196
0
1
3479 210
1
3480 134
1
3481 184
0
0
0
0
1
3482 42
1
3483 31
0
0
1
3484 74
0
0
1
3485 141
1
3486 52
1
3487 213
1
3488 193
0
1
3489 125
0
0
0
0
1
3490 187
0
1
3491 135
1
3492 149
1
3493 41
0
0
1
3494 88
1
3495 94
1
3496 187
1
3497 73
0
0
0
1
3498 123
0
1
3499 122
1
3500 85
1
3501 67
1
3502 153
0
0
1
3503 152
0
0
0
0
1
3504 210
1
3505 13
0
1
3506 58
0
0
0
0
0
0
1
3507 167
1
3508 211
1
3509 147
1
3510 75
0
1
3511 207
1
3512 132
0
1
3513 85
1
3514 179
0
1
3515 164
1
3516 30
0
0
1
3517 199
0
1
3518 110
0
0
0
0
0
0
1
3519 194
0
1
3520 59
0
0
1
3521 188
0
0
0
0
1
3522 137
1
3523 2
0
0
0
1
3524 129
1
3525 180
1
3526 210
0
1
3527 189
1
3528 186
0
1
3529 210
0
0
0
1
3530 148
0
0
0
1
3531 159
0
0
1
3532 198
1
3533 201
0
0
0
1
3534 136
0
1
3535 195
1
3536 210
0
1
3537 205
1
3538 147
0
1
3539 197
1
3540 47
1
3541 127
0
0
1
3542 28
1
3543 35
1
3544 77
1
3545 114
1
3546 71
0
0
1
3547 136
1
3548 90
1
3549 121
1
3550 48
1
3551 37
0
1
3552 118
1
3553 178
1
3554 51
0
1
3555 120
1
3556 17
0
1
3557 178
0
1
3558 28
0
1
3559 95
1
3560 149
1
3561 10
1
3562 56
1
3563 8
1
3564 56
1
3565 192
1
3566 168
1
3567 126
0
0
1
3568 10
1
3569 99
0
1
3570 173
1
3571 114
0
1
3572 98
0
1
3573 70
1
3574 213
1
3575 106
1
3576 53
1
3577 38
1
3578 123
1
3579 104
0
1
3580 192
0
0
0
1
3581 63
0
1
3582 200
0
0
0
1
3583 182
0
1
3584 135
0
0
1
3585 58
1
3586 87
1
3587 197
1
3588 119
1
3589 61
1
3590 109
1
3591 170
1
3592 119
1
3593 57
0
1
3594 43
1
3595 50
0
0
1
3596 29
1
3597 36
1
3598 116
0
1
3599 9
1
3600 109
0
1
3601 45
1
3602 112
1
3603 135
0
0
0
0
1
3604 82
0
0
0
1
3605 127
0
0
1
3606 131
0
1
3607 26
0
1
3608 201
0
1
3609 163
0
0
0
1
3610 24
0
1
3611 86
1
3612 83
0
0
0
1
3613 101
0
1
3614 179
1
3615 115
0
1
3616 155
1
3617 203
0
0
0
1
3618 73
0
0
0
1
3619 69
0
1
3620 169
0
1
3621 86
1
3622 150
1
3623 131
1
3624 29
1
3625 123
0
0
0
0
1
3626 127
0
1
3627 8
1
3628 154
1
3629 87
0
1
3630 195
0
1
3631 195
0
1
3632 158
0
0
1
3633 187
1
3634 205
0
0
0
0
1
3635 134
0
0
0
1
3636 206
1
3637 13
1
3638 164
1
3639 124
1
3640 155
0
0
1
3641 199
1
3642 124
1
3643 99
0
1
3644 122
0
0
0
1
3645 172
1
3646 205
1
3647 148
0
0
1
3648 15
0
1
3649 85
1
3650 152
1
3651 20
0
0
1
3652 31
1
3653 134
0
0
1
3654 60
0
1
3655 31
0
1
3656 107
1
3657 28
0
0
1
3658 125
0
1
3659 26
1
3660 164
0
0
1
3661 107
1
3662 50
0
1
3663 65
0
0
0
0
1
3664 142
0
1
3665 8
0
1
3666 16
0
1
3667 64
1
3668 147
0
0
1
3669 77
1
3670 38
1
3671 205
0
1
3672 212
1
3673 205
0
0
0
1
3674 46
0
1
3675 133
1
3676 130
0
1
3677 4
0
0
0
0
1
3678 40
1
3679 204
0
0
0
1
3680 149
1
3681 3
1
3682 166
0
1
3683 22
0
1
3684 155
1
3685 8
0
0
1
3686 143
0
0
1
3687 199
1
3688 46
0
0
1
3689 184
1
3690 71
0
1
3691 33
1
3692 169
0
1
3693 40
1
3694 213
0
0
1
3695 179
0
1
3696 130
0
0
1
3697 158
0
1
3698 208
1
3699 75
1
3700 71
0
1
3701 151
1
3702 71
1
3703 62
0
1
3704 135
1
3705 110
0
1
3706 169
0
0
0
1
3707 211
1
3708 126
0
1
3709 20
0
1
3710 57
0
0
1
3711 33
0
1
3712 65
1
3713 129
1
3714 123
0
0
1
3715 94
0
1
3716 123
0
0
0
0
1
3717 125
0
0
0
0
0
0
0
1
3718 16
0
0
0
0
0
1
3719 28
0
0
1
3720 48
0
1
3721 152
1
3722 186
0
1
3723 155
1
3724 55
1
3725 75
0
1
3726 192
1
3727 66
0
1
3728 53
0
1
3729 108
0
0
1
3730 164
0
0
1
3731 180
0
1
3732 70
0
0
0
0
1
3733 106
1
3734 103
0
0
1
3735 69
0
0
1
3736 189
1
3737 95
1
3738 104
0
0
0
0
0
1
3739 126
0
1
3740 49
1
3741 87
1
3742 138
1
3743 82
0
1
3744 160
0
1
3745 18
0
1
3746 142
0
1
3747 196
1
3748 122
0
0
0
1
3749 177
1
3750 178
1
3751 98
1
3752 107
0
1
3753 17
1
3754 114
1
3755 204
1
3756 110
0
1
3757 168
0
0
1
3758 30
1
3759 131
1
3760 13
0
1
3761 79
1
3762 186
1
3763 146
1
3764 154
1
3765 61
1
3766 212
0
1
3767 60
0
0
0
1
3768 34
0
0
0
0
0
0
1
3769 31
0
0
1
3770 126
1
3771 66
1
3772 175
0
1
3773 133
0
0
0
1
3774 193
0
0
1
3775 27
0
1
3776 151
1
3777 128
0
1
3778 6
0
1
3779 55
1
3780 119
1
3781 75
0
1
3782 111
0
1
3783 84
1
3784 12
0
1
3785 36
0
0
0
0
0
1
3786 175
0
0
1
3787 102
1
3788 147
1
3789 164
0
0
0
1
3790 149
1
3791 21
1
3792 156
1
3793 19
1
3794 58
1
3795 62
0
0
1
3796 185
0
0
0
0
0
1
3797 169
1
3798 34
0
0
0
1
3799 37
1
3800 108
1
3801 118
0
0
0
0
1
3802 76
1
3803 85
0
1
3804 31
0
0
0
0
1
3805 117
1
3806 106
1
3807 26
1
3808 18
1
3809 125
0
0
1
3810 123
0
0
1
3811 147
0
1
3812 75
1
3813 118
1
3814 99
0
0
0
1
3815 157
0
0
0
0
1
3816 202
0
1
3817 69
0
0
1
3818 105
1
3819 110
0
0
1
3820 80
0
0
1
3821 147
0
1
3822 163
0
0
0
1
3823 8
1
3824 179
0
1
3825 174
1
3826 25
1
3827 183
0
1
3828 8
1
3829 187
0
1
3830 197
0
0
1
3831 187
1
3832 59
1
3833 140
1
3834 16
0
0
0
0
1
3835 184
1
3836 51
0
0
0
0
0
0
0
0
0
1
3837 189
0
0
0
1
3838 109
0
1
3839 125
0
1
3840 15
1
3841 213
1
3842 112
1
3843 189
1
3844 119
1
3845 31
1
3846 127
1
3847 157
1
3848 21
1
3849 158
0
0
0
1
3850 202
0
1
3851 193
0
0
0
1
3852 149
1
3853 14
0
0
1
3854 61
1
3855 173
1
3856 43
0
0
1
3857 156
1
3858 118
1
3859 162
0
0
0
0
0
1
3860 65
0
0
1
3861 141
0
0
1
3862 148
1
3863 176
0
0
1
3864 6
1
3865 101
0
0
1
3866 202
1
3867 163
0
0
1
3868 186
0
0
0
0
1
3869 49
1
3870 173
1
3871 120
0
1
3872 21
1
3873 26
0
1
3874 209
1
3875 84
0
1
3876 189
0
1
3877 64
0
0
0
1
3878 86
1
3879 76
1
3880 154
1
3881 212
0
0
0
1
3882 126
0
0
0
0
0
0
0
1
3883 147
0
1
3884 25
0
0
0
0
1
3885 128
1
3886 109
0
1
3887 27
1
3888 35
0
1
3889 137
0
0
1
3890 187
1
3891 116
0
0
1
3892 138
0
0
0
0
1
3893 112
0
0
0
0
1
3894 8
1
3895 12
0
0
1
3896 166
0
0
1
3897 86
0
0
1
3898 41
0
0
1
3899 127
0
0
0
0
0
0
1
3900 188
0
1
3901 17
1
3902 190
0
1
3903 123
0
0
1
3904 212
1
3905 161
0
1
3906 116
1
3907 8
1
3908 143
0
0
0
0
0
1
3909 185
1
3910 87
0
0
1
3911 111
1
3912 22
1
3913 196
0
0
1
3914 188
0
0
0
0
1
3915 4
0
1
3916 52
0
1
3917 24
1
3918 164
0
1
3919 147
0
0
1
3920 122
0
0
1
3921 62
1
3922 16
0
1
3923 205
0
1
3924 198
1
3925 175
1
3926 39
0
0
0
0
1
3927 2
0
0
1
3928 206
0
0
0
0
0
1
3929 107
1
3930 50
0
0
0
0
1
3931 30
0
1
3932 62
0
1
3933 178
1
3934 143
0
0
0
0
1
3935 207
1
3936 79
0
0
1
3937 103
0
1
3938 140
0
0
0
0
1
3939 21
0
0
1
3940 41
0
0
1
3941 124
0
0
0
1
3942 198
0
1
3943 187
1
3944 126
0
0
0
0
0
1
3945 99
1
3946 105
0
1
3947 189
1
3948 177
1
3949 101
1
3950 205
1
3951 123
0
1
3952 67
0
0
0
0
1
3953 42
0
0
0
0
0
0
0
1
3954 189
1
3955 92
0
1
3956 19
1
3957 152
1
3958 186
1
3959 187
0
0
1
3960 103
1
3961 117
1
3962 47
0
0
1
3963 23
1
3964 79
0
0
1
3965 185
0
0
1
3966 195
1
3967 23
0
1
3968 110
1
3969 146
1
3970 163
1
3971 64
0
0
0
0
0
0
0
0
1
3972 99
1
3973 193
1
3974 90
0
1
3975 42
1
3976 131
1
3977 55
0
1
3978 144
1
3979 126
0
1
3980 92
0
1
3981 84
0
0
0
0
0
1
3982 189
1
3983 97
0
1
3984 159
1
3985 7
1
3986 158
1
3987 195
1
3988 162
0
0
0
0
0
0
0
0
1
3989 30
1
3990 40
0
0
0
0
1
3991 141
1
3992 204
0
0
1
3993 173
0
1
3994 34
1
3995 154
0
0
1
3996 147
1
3997 76
0
1
3998 43
1
3999 62
1
4000 3
1
4001 160
1
4002 202
0
1
4003 135
1
4004 39
1
4005 48
0
1
4006 95
0
0
1
4007 168
1
4008 141
1
4009 116
1
4010 93
0
1
4011 4
1
4012 123
0
0
0
1
4013 98
0
0
1
4014 153
0
0
1
4015 99
1
4016 165
0
1
4017 67
0
1
4018 208
0
0
0
0
1
4019 186
1
4020 21
0
1
4021 16
1
4022 62
0
0
1
4023 170
1
4024 140
1
4025 104
1
4026 139
0
1
4027 14
1
4028 124
0
1
4029 42
1
4030 8
0
0
0
0
0
1
4031 73
0
0
1
4032 20
0
0
0
0
1
4033 119
0
0
1
4034 70
1
4035 181
0
1
4036 25
1
4037 63
0
0
0
0
0
1
4038 200
1
4039 204
0
0
1
4040 79
1
4041 147
0
0
0
1
4042 158
1
4043 123
0
1
4044 28
0
0
0
0
1
4045 64
0
1
4046 11
1
4047 193
0
0
1
4048 166
0
1
4049 2
0
1
4050 24
0
1
4051 136
1
4052 203
0
0
0
0
1
4053 59
1
4054 158
0
0
0
1
4055 156
0
1
4056 49
0
1
4057 212
0
0
0
0
0
1
4058 96
0
1
4059 81
0
0
1
4060 64
0
1
4061 85
0
1
4062 37
0
0
1
4063 150
0
0
0
1
4064 104
0
0
0
0
1
4065 148
0
0
0
1
4066 111
1
4067 49
1
4068 8
0
1
4069 73
0
0
0
1
4070 5
1
4071 171
1
4072 66
1
4073 10
0
0
0
1
4074 193
0
0
1
4075 168
1
4076 186
1
4077 117
0
0
0
1
4078 58
0
0
1
4079 9
1
4080 201
0
1
4081 114
1
4082 61
1
4083 5
0
0
0
0
0
1
4084 148
1
4085 123
1
4086 34
0
1
4087 109
1
4088 121
0
0
0
1
4089 89
1
4090 37
0
0
0
0
1
4091 38
1
4092 56
0
0
0
1
4093 139
0
0
0
0
0
1
4094 85
0
0
1
4095 34
0
1
4096 159
0
0
0
0
0
0
1
4097 122
1
4098 93
0
0
0
0
0
1
4099 49
0
0
0
1
4100 107
0
0
0
1
4101 139
0
0
0
1
4102 211
1
4103 49
0
0
1
4104 199
1
4105 25
1
4106 45
0
0
0
0
1
4107 82
1
4108 140
1
4109 163
0
0
0
1
4110 69
1
4111 109
0
1
4112 123
0
0
0
1
4113 186
0
0
0
0
0
1
4114 107
0
0
0
0
0
0
0
0
0
0
0
0
0
0
0
0
1
4115 208
0
0
0
1
4116 4
0
1
4117 162
0
0
1
4118 22
1
4119 213
0
1
4120 100
0
0
1
4121 15
1
4122 128
0
0
1
4123 188
0
0
0
1
4124 173
0
0
1
4125 65
0
0
1
4126 140
1
4127 74
0
0
1
4128 100
1
4129 96
1
4130 208
0
0
0
1
4131 62
0
1
4132 159
0
0
1
4133 99
1
4134 11
0
1
4135 172
0
1
4136 122
1
4137 59
0
1
4138 8
0
1
4139 122
1
4140 24
0
0
1
4141 130
0
1
4142 100
1
4143 129
0
0
0
0
0
1
4144 138
0
1
4145 51
0
1
4146 34
0
0
1
4147 89
1
4148 80
0
1
4149 162
0
1
4150 30
0
0
1
4151 177
0
0
0
1
4152 62
0
0
1
4153 147
0
0
1
4154 165
0
0
1
4155 93
1
4156 127
1
4157 183
0
0
0
0
0
0
0
0
0
0
0
1
4158 93
1
4159 153
0
1
4160 146
0
0
1
4161 188
0
1
4162 90
0
1
4163 158
0
0
0
0
0
1
4164 95
1
4165 127
1
4166 15
0
0
0
0
1
4167 83
0
0
0
1
4168 38
1
4169 194
0
0
1
4170 107
1
4171 127
0
0
0
1
4172 162
0
0
0
0
0
0
0
0
0
0
1
4173 128
0
0
1
4174 44
0
1
4175 213
0
0
1
4176 106
0
0
1
4177 114
1
4178 164
1
4179 83
1
4180 147
1
4181 115
0
0
0
0
0
0
0
1
4182 182
0
0
0
1
4183 87
0
1
4184 164
1
4185 119
1
4186 105
1
4187 40
0
0
0
0
0
0
0
0
0
1
4188 62
0
0
0
1
4189 135
0
1
4190 26
1
4191 187
0
0
0
0
0
0
0
1
4192 63
1
4193 133
0
1
4194 181
0
0
0
0
0
0
0
0
0
0
1
4195 124
0
0
0
0
0
1
4196 176
1
4197 151
0
0
0
0
1
4198 204
0
0
0
0
0
0
1
4199 45
0
0
0
0
0
1
4200 11
0
0
0
0
1
4201 143
1
4202 182
1
4203 117
0
0
0
0
0
0
0
1
4204 85
0
0
0
0
0
0
0
1
4205 20
0
0
0
1
4206 90
0
1
4207 2
1
4208 155
0
0
0
0
0
0
0
0
0
0
0
0
0
0
0
1
4209 137
0
1
4210 133
0
1
4211 203
0
0
1
4212 13
0
0
1
4213 193
0
0
0
1
4214 212
0
0
0
0
1
4215 112
0
0
0
0
0
0
0
0
0
0
1
4216 37
1
4217 185
1
4218 76
1
4219 64
1
4220 9
0
1
4221 74
1
4222 38
0
0
0
1
4223 182
0
0
1
4224 127
1
4225 26
0
1
4226 128
1
4227 69
1
4228 63
1
4229 62
0
0
0
1
4230 114
1
4231 28
1
4232 161
0
0
1
4233 119
1
4234 6
1
4235 112
0
0
0
0
1
4236 201
0
1
4237 13
0
0
1
4238 5
0
1
4239 197
0
0
0
1
4240 163
1
4241 190
0
0
0
0
0
0
0
0
1
4242 205
0
0
0
1
4243 66
0
0
0
1
4244 155
1
4245 81
1
4246 62
0
0
0
1
4247 56
1
4248 185
1
4249 178
0
1
4250 147
1
4251 194
0
0
0
0
1
4252 202
0
0
0
1
4253 198
1
4254 70
1
4255 39
0
1
4256 39
0
1
4257 95
0
0
1
4258 188
1
4259 49
0
0
0
0
0
0
0
0
0
1
4260 179
0
1
4261 192
0
0
0
0
1
4262 189
0
1
4263 107
0
0
0
0
1
4264 97
0
1
4265 14
1
4266 165
1
4267 156
0
1
4268 57
0
1
4269 70
1
4270 146
1
4271 55
0
0
0
0
0
1
4272 39
0
0
1
4273 203
0
0
0
1
4274 172
1
4275 185
1
4276 89
0
0
0
1
4277 192
1
4278 212
1
4279 68
0
0
0
1
4280 51
0
0
0
0
0
0
1
4281 16
0
0
0
0
1
4282 77
1
4283 64
1
4284 21
0
0
0
0
1
4285 50
1
4286 114
0
1
4287 82
0
0
0
1
4288 98
0
0
0
1
4289 13
1
4290 36
0
0
0
1
4291 92
0
0
0
0
1
4292 199
0
1
4293 88
0
0
0
0
1
4294 168
1
4295 109
0
1
4296 172
0
0
0
0
0
0
1
4297 98
0
0
0
0
1
4298 82
1
4299 204
1
4300 130
0
0
0
0
1
4301 43
0
0
1
4302 58
0
1
4303 2
0
0
0
0
1
4304 93
0
0
0
1
4305 39
0
0
0
1
4306 186
0
0
1
4307 123
0
0
1
4308 11
0
0
1
4309 30
0
0
0
0
1
4310 144
0
0
0
0
0
1
4311 85
0
1
4312 166
0
0
0
1
4313 67
0
0
0
0
1
4314 167
1
4315 122
1
4316 34
1
4317 17
0
0
1
4318 118
0
0
0
0
1
4319 63
1
4320 25
0
1
4321 119
0
0
0
1
4322 200
1
4323 158
0
0
0
0
0
0
0
1
4324 127
1
4325 144
0
0
0
0
0
0
0
1
4326 175
0
1
4327 159
0
0
1
4328 199
0
0
0
0
0
0
0
1
4329 198
0
1
4330 119
0
0
0
1
4331 171
1
4332 35
1
4333 13
1
4334 62
0
0
1
4335 123
1
4336 139
1
4337 29
1
4338 4
0
0
0
0
0
1
4339 79
0
0
1
4340 82
1
4341 111
0
1
4342 129
1
4343 170
0
1
4344 170
0
0
0
0
1
4345 187
0
0
1
4346 101
0
0
1
4347 112
0
1
4348 15
0
0
0
0
1
4349 124
0
0
0
0
1
4350 109
0
0
0
0
1
4351 181
0
0
0
0
0
0
0
0
0
0
0
1
4352 96
0
0
0
0
1
4353 186
0
1
4354 124
0
1
4355 104
0
0
1
4356 145
0
0
0
0
1
4357 103
0
0
1
4358 32
0
0
1
4359 40
0
0
0
1
4360 48
0
0
0
0
0
1
4361 149
0
0
1
4362 90
1
4363 137
0
0
0
1
4364 43
1
4365 85
0
0
1
4366 187
0
0
0
1
4367 110
0
1
4368 203
1
4369 62
0
0
1
4370 75
0
1
4371 185
0
1
4372 93
1
4373 90
0
1
4374 110
0
0
0
0
1
4375 109
0
0
0
1
4376 201
0
0
0
1
4377 101
0
0
0
0
0
1
4378 187
0
1
4379 176
1
4380 4
0
1
4381 26
0
0
0
0
0
0
0
0
0
1
4382 178
0
0
0
0
0
0
1
4383 185
0
1
4384 96
1
4385 51
0
1
4386 44
0
0
0
1
4387 86
1
4388 97
0
0
1
4389 41
0
0
1
4390 57
0
0
0
0
1
4391 199
0
0
0
0
0
1
4392 155
0
0
0
0
0
0
1
4393 181
0
0
0
0
0
0
0
0
0
0
1
4394 62
0
0
0
0
1
4395 185
0
1
4396 190
1
4397 86
1
4398 157
1
4399 35
0
1
4400 67
1
4401 210
0
0
0
0
0
0
0
0
0
0
1
4402 44
0
0
0
0
0
0
1
4403 96
1
4404 37
1
4405 140
0
0
0
1
4406 193
1
4407 199
0
0
0
1
4408 153
0
0
1
4409 28
1
4410 109
1
4411 195
0
1
4412 153
0
1
4413 14
1
4414 36
0
0
0
0
1
4415 205
0
1
4416 119
0
0
1
4417 97
0
1
4418 86
0
0
0
1
4419 26
0
1
4420 7
0
0
0
0
0
0
1
4421 122
0
0
0
0
1
4422 21
0
0
0
1
4423 180
0
0
0
0
0
0
0
0
0
0
0
0
0
0
0
1
4424 139
0
0
0
0
0
0
0
0
0
1
4425 126
1
4426 204
0
0
0
0
0
1
4427 207
0
1
4428 19
0
1
4429 28
0
1
4430 173
0
1
4431 146
0
0
0
1
4432 56
0
0
0
0
1
4433 62
0
0
0
1
4434 198
0
0
0
1
4435 31
1
4436 99
0
1
4437 21
0
1
4438 190
0
0
1
4439 131
0
0
0
0
1
4440 156
0
0
1
4441 60
0
0
1
4442 25
0
0
1
4443 213
0
0
0
1
4444 202
0
0
0
1
4445 36
0
0
0
0
0
0
0
0
0
0
0
1
4446 71
0
0
0
0
0
0
0
0
0
0
0
0
0
1
4447 74
0
0
0
0
0
0
0
0
0
0
1
4448 72
0
1
4449 168
0
1
4450 125
0
0
0
1
4451 208
0
0
0
0
0
0
1
4452 200
0
0
1
4453 36
0
0
0
1
4454 209
0
0
0
1
4455 173
0
0
0
0
1
4456 41
0
0
0
0
0
1
4457 146
0
0
0
1
4458 113
0
0
0
0
1
4459 97
0
1
4460 211
1
4461 92
0
1
4462 12
0
0
0
0
0
0
0
0
0
0
0
1
4463 174
0
0
0
0
0
0
1
4464 95
0
0
0
1
4465 70
0
0
0
1
4466 181
1
4467 108
1
4468 119
1
4469 179
0
0
0
1
4470 170
1
4471 151
1
4472 159
0
0
0
1
4473 68
0
1
4474 129
0
0
0
0
0
0
0
1
4475 18
0
0
0
0
0
0
0
1
4476 177
0
1
4477 53
0
1
4478 185
0
0
1
4479 10
0
0
1
4480 184
0
0
0
0
0
0
0
1
4481 117
0
0
0
0
1
4482 68
0
0
0
0
1
4483 62
0
0
0
1
4484 161
0
1
4485 119
0
1
4486 186
0
0
0
0
0
0
1
4487 179
0
1
4488 121
0
0
0
0
0
0
0
0
0
0
0
0
0
1
4489 113
0
0
0
0
0
0
0
0
0
0
0
0
0
1
4490 195
0
0
0
0
0
0
1
4491 150
0
0
0
1
4492 147
0
0
0
1
4493 8
1
4494 38
0
0
0
1
4495 86
0
0
0
0
0
0
0
1
4496 12
0
0
0
0
1
4497 25
0
0
0
1
4498 178
0
0
0
0
0
0
0
1
4499 63
0
0
0
0
0
0
0
1
4500 128
0
0
1
4501 98
0
0
1
4502 210
0
0
0
0
0
1
4503 28
0
0
0
1
4504 210
0
0
0
0
0
0
0
0
0
0
0
1
4505 132
0
0
1
4506 42
0
1
4507 118
0
0
0
0
0
0
0
0
0
0
1
4508 7
0
0
0
0
0
0
0
0
0
1
4509 93
0
0
0
0
0
0
1
4510 73
0
0
0
0
1
4511 80
0
1
4512 121
1
4513 100
0
0
0
1
4514 134
1
4515 148
0
0
1
4516 89
1
4517 102
0
0
1
4518 45
0
1
4519 94
0
0
0
0
0
0
0
1
4520 123
0
0
0
0
0
0
0
0
1
4521 199
0
1
4522 210
0
0
1
4523 4
0
0
0
0
0
0
0
0
0
1
4524 146
0
0
1
4525 22
0
0
0
0
0
0
0
1
4526 83
0
0
0
1
4527 168
0
0
0
0
0
0
0
0
1
4528 198
0
0
1
4529 89
0
0
0
0
0
0
1
4530 205
0
0
0
1
4531 47
0
1
4532 36
0
0
1
4533 52
1
4534 117
0
0
0
0
0
0
0
0
0
0
1
4535 137
0
0
0
0
0
0
1
4536 150
0
0
0
1
4537 154
0
0
1
4538 114
0
0
0
1
4539 205
0
1
4540 199
0
1
4541 29
0
0
1
4542 20
0
0
1
4543 103
0
0
1
4544 55
0
0
0
0
0
0
1
4545 185
1
4546 155
1
4547 163
0
0
0
0
0
1
4548 165
0
1
4549 112
0
0
0
0
0
0
0
0
0
0
0
0
0
0
0
1
4550 169
0
0
1
4551 152
0
1
4552 197
0
0
1
4553 127
0
0
1
4554 52
0
0
0
1
4555 164
0
1
4556 85
1
4557 103
1
4558 27
0
0
0
0
1
4559 54
0
0
0
0
0
0
0
0
0
0
0
0
0
0
0
1
4560 100
0
0
0
1
4561 16
0
0
1
4562 8
0
0
0
0
1
4563 61
0
0
0
0
0
0
0
0
1
4564 211
0
0
0
1
4565 202
0
0
0
0
0
0
1
4566 146
0
0
0
0
1
4567 128
0
0
0
0
0
0
0
0
1
4568 212
0
0
0
1
4569 196
0
0
0
0
1
4570 105
0
0
1
4571 62
0
0
1
4572 198
1
4573 209
1
4574 199
0
0
1
4575 158
1
4576 41
0
0
0
0
0
0
0
0
0
0
0
0
0
0
0
0
0
1
4577 200
0
1
4578 193
0
0
0
1
4579 87
0
0
1
4580 96
1
4581 89
0
1
4582 81
0
0
1
4583 142
0
1
4584 36
0
0
1
4585 48
0
0
0
0
1
4586 18
0
0
0
0
0
0
0
0
1
4587 111
0
0
0
0
0
0
1
4588 200
0
1
4589 86
0
0
0
0
0
0
0
0
0
0
0
1
4590 208
0
1
4591 105
0
1
4592 81
1
4593 85
0
0
0
0
0
0
0
0
0
0
1
4594 88
0
0
1
4595 213
0
0
0
0
0
0
1
4596 56
0
0
1
4597 142
1
4598 122
1
4599 28
0
0
0
1
4600 25
0
0
0
0
0
0
0
0
0
1
4601 190
0
1
4602 168
0
0
0
1
4603 140
0
0
0
0
0
0
0
1
4604 151
0
0
0
0
0
0
0
1
4605 7
0
0
0
0
0
1
4606 88
1
4607 12
1
4608 60
0
0
0
0
0
0
0
0
0
1
4609 13
0
0
0
0
0
0
0
0
0
0
1
4610 89
0
0
0
0
0
0
0
0
1
4611 72
1
4612 36
0
0
0
0
1
4613 135
0
0
0
1
4614 140
0
0
0
0
0
0
0
0
0
0
1
4615 143
0
0
0
0
1
4616 33
0
0
0
0
0
0
0
1
4617 74
0
0
1
4618 67
0
0
0
0
1
4619 23
1
4620 207
0
0
0
0
0
0
0
1
4621 135
0
0
0
0
0
0
0
0
0
0
0
0
0
0
0
0
0
0
0
1
4622 50
0
1
4623 212
0
1
4624 56
0
0
0
0
0
0
1
4625 160
0
0
0
0
0
0
0
0
0
0
0
0
0
0
0
0
0
0
0
1
4626 140
0
1
4627 3
0
1
4628 110
0
0
0
1
4629 116
0
0
0
0
0
0
0
0
0
0
0
0
0
0
0
0
0
0
1
4630 202
1
4631 112
0
0
1
4632 208
0
0
0
0
0
1
4633 90
0
0
1
4634 119
0
0
0
1
4635 128
1
4636 195
0
0
0
0
0
0
0
0
1
4637 193
0
0
0
0
1
4638 94
0
0
0
0
0
0
1
4639 2
0
0
0
0
0
0
0
0
0
0
0
0
0
0
0
1
4640 149
0
0
0
0
0
0
0
0
0
0
0
1
4641 183
0
1
4642 110
0
1
4643 41
1
4644 119
0
0
1
4645 36
0
0
0
0
0
0
0
0
0
0
0
0
0
0
0
0
0
0
1
4646 51
0
1
4647 45
1
4648 153
0
1
4649 2
1
4650 128
0
0
0
0
0
0
1
4651 146
1
4652 209
0
0
0
0
0
0
0
1
4653 96
0
0
0
0
1
4654 134
0
0
0
0
0
0
0
0
0
0
0
0
0
0
0
0
0
0
1
4655 81
1
4656 8
1
4657 37
0
0
0
0
0
0
0
0
0
0
0
0
0
0
0
1
4658 123
0
0
0
0
0
1
4659 163
0
1
4660 61
0
0
0
1
4661 169
0
1
4662 130
0
0
1
4663 206
0
0
0
0
0
0
0
0
0
0
0
0
0
0
0
1
4664 64
1
4665 19
0
0
0
0
0
0
0
0
0
0
0
0
1
4666 121
0
0
0
0
0
0
0
0
0
0
0
0
0
0
0
0
1
4667 186
0
0
0
0
0
0
0
0
1
4668 46
0
0
0
0
0
0
0
0
0
0
0
0
1
4669 130
0
0
0
0
0
0
0
0
0
0
0
1
4670 25
0
0
0
0
0
0
1
4671 186
0
0
0
0
0
1
4672 38
0
0
0
0
0
0
0
0
0
0
0
1
4673 45
0
0
0
0
0
0
1
4674 28
0
0
0
0
1
4675 189
0
1
4676 142
0
0
0
0
0
0
0
0
0
0
0
0
0
0
0
0
0
1
4677 99
0
0
0
0
0
0
0
0
0
0
0
0
0
1
4678 185
0
1
4679 143
0
0
0
0
0
0
0
0
0
0
0
0
0
0
1
4680 196
0
1
4681 149
0
0
0
0
0
0
0
0
1
4682 73
0
0
0
0
0
0
0
0
0
0
1
4683 179
1
4684 131
0
0
0
0
0
0
0
0
0
0
0
0
0
0
0
0
0
0
1
4685 203
0
0
0
0
0
0
0
0
0
1
4686 110
0
0
0
0
0
0
1
4687 37
0
0
0
0
0
0
1
4688 202
0
0
0
0
0
0
0
0
1
4689 38
0
0
0
0
0
1
4690 94
0
0
0
0
0
0
0
1
4691 157
0
0
0
1
4692 143
0
0
0
0
0
0
0
0
0
0
0
0
0
0
0
0
0
0
0
0
0
0
0
0
0
0
0
0
0
0
0
0
0
0
0
0
0
0
0
0
0
0
0
0
1
4693 152
0
0
1
4694 78
0
0
0
0
0
0
0
0
0
0
0
0
0
0
0
0
0
0
0
0
0
0
0
0
0
0
0
1
4695 197
0
0
0
0
0
0
0
0
0
0
0
1
4696 158
0
0
0
0
0
0
0
0
0
0
0
1
4697 73
0
0
0
0
0
0
1
4698 208
0
0
0
0
0
0
0
0
0
0
0
0
0
0
1
4699 121
0
0
0
0
1
4700 62
0
0
0
1
4701 58
0
0
0
0
0
0
1
4702 199
0
0
0
0
0
0
0
0
0
0
1
4703 17
0
1
4704 122
0
0
0
0
0
0
0
0
0
0
0
1
4705 87
0
0
0
0
0
0
0
1
4706 150
0
0
0
0
0
0
0
0
0
0
0
0
1
4707 23
0
0
1
4708 140
1
4709 98
0
0
0
0
0
0
0
0
0
0
0
0
0
0
0
0
0
0
0
0
0
0
0
0
0
0
0
0
0
0
0
0
0
0
0
0
0
0
1
4710 147
0
0
0
0
0
0
0
0
0
0
0
0
0
0
0
0
0
0
0
0
0
0
0
0
0
0
0
1
4711 192
0
0
0
1
4712 201
0
0
0
0
0
0
0
0
0
0
0
0
0
0
0
1
4713 191
0
0
0
0
0
0
0
0
0
0
0
0
0
0
0
1
4714 17
0
0
0
0
0
0
0
0
0
0
0
0
0
0
0
0
0
0
0
0
0
0
0
0
1
4715 120
0
0
0
0
0
0
0
0
0
0
0
0
0
0
0
0
0
0
1
4716 81
0
0
0
0
0
0
0
0
0
0
0
0
0
0
0
0
0
0
0
0
0
0
0
0
1
4717 125
0
0
0
0
0
0
0
0
0
0
0
0
1
4718 8
0
0
0
0
0
0
0
0
0
0
0
0
0
0
0
0
0
0
0
0
0
0
0
0
0
0
0
1
4719 5
0
0
0
0
0
0
0
0
1
4720 18
0
0
0
0
0
0
0
1
4721 126
0
0
0
0
0
0
0
0
0
0
0
0
0
0
0
0
0
0
0
0
0
0
0
0
0
0
0
0
0
0
0
0
0
0
1
4722 67
0
0
0
0
0
0
0
0
0
0
0
0
0
0
0
0
0
0
0
0
0
0
0
0
0
0
0
0
0
0
0
0
0
0
0
0
0
0
0
0
0
0
0
0
0
0
0
0
0
0
0
0
0
0
0
0
0
0
0
0
0
0
0
0
0
0
0
0
0
0
0
0
1
4723 4
0
0
0
0
0
0
0
0
0
0
0
0
0
0
0
0
0
1
4724 101
0
0
0
0
0
0
0
0
1
4725 92
0
0
0
0
0
0
0
0
0
0
0
0
0
0
0
0
0
0
0
0
0
0
0
0
0
0
0
0
0
0
1
4726 185
0
0
0
0
0
0
0
0
0
0
0
0
0
0
0
0
0
0
0
0
0
0
0
0
0
0
0
0
0
0
0
0
0
0
0
0
0
0
0
0
0
0
0
0
0
0
0
0
0
0
0
0
0
0
0
0
0
0
0
0
0
0
0
0
0
0
0
0
0
0
0
0
1
4727 12
0
0
0
0
0
0
0
0
0
0
0
0
0
0
0
1
4728 116
1
4729 97
0
0
0
0
0
0
0
0
1
4730 8
0
0
0
0
0
0
0
0
0
0
0
0
0
0
0
0
0
0
0
1
4731 130
0
0
0
0
1
4732 188
0
0
0
0
0
1
4733 106
0
0
0
0
0
0
0
0
0
0
0
0
0
0
0
0
0
0
0
0
0
0
0
0
0
0
0
0
0
0
0
0
0
0
0
0
0
0
0
0
0
0
0
0
0
0
0
0
0
0
0
0
0
0
0
0
0
0
0
0
0
0
0
0
0
0
0
0
0
0
0
0
0
0
0
0
0
1
4734 187
0
0
0
0
0
0
0
0
0
0
0
0
0
0
0
0
0
0
0
0
0
0
0
0
0
0
0
0
0
0
0
0
0
0
0
0
0
0
0
0
0
0
0
0
0
0
0
0
0
0
0
0
0
0
0
0
0
0
0
0
0
0
0
0
0
0
0
0
0
0
0
0
0
0
0
0
0
0
0
0
0
0
0
0
0
0
0
0
0
0
0
0
0
0
0
0
0
0
0
0
0
0
0
0
0
0
0
0
0
0
0
0
0
0
0
0
0
0
0
0
0
0
0
0
0
0
0
0
0
0
0
0
0
0
0
0
0
0
0
0
0
0
0
0
0
0
0
0
0
0
0
0
0
0
0
0
0
0
0
0
0
0
0
0
0
0
0
0
0
0
0
0
0
0
0
0
0
0
0
0
0
0
0
0
0
0
0
0
0
0
0
0
0
0
0
0
0
0
0
0
0
0
0
0
0
0
0
0
0
0
0
0
0
0
0
0
0
0
0
0
0
0
0
0
0
0
0
0
0
0
0
0
0
0
0
0
0
0
0
0
0
0
0
0
0
0
0
0
0
0
0
0
0
0
0
0
0
0
0
0
0
0
0
0
0
0
0
0
0
0
0
0
0
0
0
0
0
0
0
0
0
0
0
0
0
0
0
0
0
0
0
0
0
0
0
0
0
0
0
0
0
0
0
0
0
0
0
0
0
0
0
0
0
0
0
0
0
0
0
0
0
0
0
0
0
0
0
0
0
0
0
0
0
0
0
0
0
0
0
0
0
0
0
0
0
0
0
0
0
0
0
0
0
0
0
0
0
0
0
0
0
0
0
0
0
0
0
0
0
0
0
0
0
0
0
0
0
0
0
0
0
0
0
0
0
0
0
0
0
0
0
0
0
0
0
0
0
0
0
0
0
0
0
0
0
0
0
0
0
0
0
0
0
0
0
0
0
0
0
0
0
0
0
0
0
0
0
0
0
0
0
0
0
0
0
0
0
0
0
0
0
0
0
0
0
0
0
0
0
0
0
0
0
0
0
0
0
0
0
0
0
0
0
0
0
0
0
0
0
0
0
0
0
0
0
0
0
0
0
0
0
0
0
0
0
0
0
0
0
0
0
0
0
0
0
0
0
0
0
0
0
0
0
0
0
0
0
0
0
0
0
0
0
0
0
0
0
0
0
0
0
0
0
0
0
0
0
0
0
0
0
0
0
0
0
0
0
0
0
0
0
0
0
0
0
0
0
0
0
0
0
0
0
0
0
0
0
0
0
0
0
0
0
0
0
0
0
0
0
0
0
0
0
0
0
0
0
0
0
0
0
0
0
0
0
0
0
0
0
0
0
0
0
0
0
0
0
0
0
0
0
0
0
0
0
0
0
0
0
0
0
0
0
0
0
0
0
0
0
0
0
0
0
0
0
0
0
0
0
0
0
0
0
0
0
0
0
0
0
0
0
0
0
0
0
0
0
0
