334 581
109 43 3
81 21 3
12 70 4
229 60 1
291 269 3
8 95 4
259 84 2
117 213 3
37 104 2
192 133 3
35 20 3
115 266 2
189 212 4
331 303 2
200 9 3
332 259 5
269 275 3
78 69 5
178 58 3
52 245 3
217 3 4
87 206 3
327 143 2
66 142 3
249 240 3
167 168 2
42 66 3
232 191 3
128 319 3
58 202 2
257 38 3
158 155 4
310 307 3
230 18 3
273 279 2
47 143 3
26 241 5
134 318 4
139 34 3
109 63 3
119 116 3
176 166 4
18 147 4
9 62 4
193 316 3
173 53 2
313 41 2
183 223 3
55 21 3
296 285 5
226 224 3
303 53 1
138 16 2
207 121 4
308 10 3
126 5 2
50 88 3
71 164 4
277 226 3
254 271 4
21 179 4
296 82 3
115 18 3
255 244 3
168 45 3
40 89 3
254 170 3
75 137 3
77 129 3
300 320 5
171 172 6
112 28 2
227 5 2
207 154 4
144 221 3
57 34 2
186 13 3
321 180 3
133 252 3
257 256 4
20 268 3
54 39 3
268 81 2
215 171 3
275 291 3
194 220 3
29 3 3
132 164 5
247 159 2
6 170 3
318 281 3
305 9 5
235 332 4
227 15 4
306 292 4
200 44 5
188 256 3
102 263 4
190 73 2
75 197 3
210 170 4
92 186 5
213 329 3
202 147 2
88 135 3
279 245 3
326 272 4
304 191 2
108 152 5
298 108 3
210 67 4
165 171 3
215 182 4
160 193 4
221 134 3
232 113 3
11 240 4
163 49 3
242 225 2
162 304 3
66 270 4
14 156 2
127 155 3
80 199 3
173 128 3
148 94 4
163 107 3
3 214 3
273 245 1
291 261 5
146 239 5
114 185 3
294 260 3
248 110 4
279 52 3
99 84 4
84 231 4
295 40 4
114 330 3
175 315 3
59 122 3
177 176 3
262 172 4
138 90 3
32 265 5
37 60 3
194 213 2
88 8 2
132 277 3
125 103 6
235 67 3
288 285 3
98 223 3
23 274 5
328 209 4
277 189 4
283 237 3
208 25 3
49 7 6
176 238 4
75 97 3
177 243 4
160 289 3
52 187 3
209 294 4
50 57 4
276 31 5
253 106 3
73 233 4
40 129 1
198 333 3
149 176 4
240 141 2
157 252 4
92 233 3
292 115 3
307 334 4
260 249 2
63 298 3
30 94 3
182 274 5
271 278 3
260 141 4
273 248 3
93 310 4
23 232 4
85 124 4
183 82 5
185 14 5
249 64 4
272 105 3
55 83 3
16 107 5
86 66 3
188 96 4
43 237 4
301 14 4
298 258 3
143 36 3
225 224 3
205 72 3
293 322 3
285 302 4
218 9 3
235 2 5
117 290 3
239 289 2
164 26 3
18 32 2
149 10 2
101 60 3
20 45 5
166 331 2
6 150 4
124 28 3
236 77 4
315 62 3
96 248 4
286 127 3
148 250 4
56 321 2
204 156 3
317 113 3
196 229 5
54 211 2
307 76 3
181 158 3
115 32 3
295 129 3
161 251 3
255 327 5
63 258 4
47 317 3
238 278 3
4 79 3
256 13 4
153 250 4
287 217 2
74 228 3
140 169 3
42 16 3
165 191 2
299 180 3
140 312 3
244 87 2
117 48 2
289 139 2
106 119 4
213 65 1
37 323 4
139 88 4
155 19 5
137 260 5
269 45 2
211 325 2
80 262 5
76 148 4
280 316 3
119 219 3
225 280 5
131 167 3
243 116 4
128 11 3
326 288 4
82 302 3
68 251 2
222 137 3
108 301 3
56 91 3
142 86 5
317 36 4
19 27 4
50 8 4
31 24 1
263 185 4
174 288 3
300 146 4
233 197 3
147 58 4
317 304 3
151 202 3
194 65 2
133 315 4
329 65 4
61 193 3
312 308 3
149 219 3
313 204 4
154 127 4
206 244 5
187 284 2
90 86 3
332 84 3
318 144 3
7 125 5
120 74 6
311 195 3
301 209 3
25 164 5
109 298 3
238 150 3
199 172 4
58 314 4
6 282 5
255 250 3
122 152 5
294 258 3
293 241 3
27 275 5
186 188 3
174 98 3
130 270 3
97 106 3
132 242 3
96 257 3
85 273 4
34 51 5
231 99 3
147 314 3
135 289 3
157 192 3
199 181 5
237 227 4
297 136 4
195 46 2
136 78 3
137 64 3
236 205 5
196 101 3
70 140 3
68 105 2
211 161 3
38 4 2
143 244 3
44 100 5
138 248 3
178 31 3
76 93 5
332 334 3
146 160 3
293 111 4
147 292 4
153 231 3
153 255 3
40 104 3
218 268 4
319 303 2
151 178 3
212 131 5
173 311 3
94 145 4
28 197 2
111 228 5
47 72 3
166 177 4
184 162 3
266 120 5
282 229 3
68 174 3
154 315 4
59 118 5
263 152 2
216 86 5
207 62 2
306 202 4
64 119 3
20 134 5
158 192 3
46 15 2
328 222 2
276 24 3
270 103 4
53 331 3
116 177 2
103 49 4
246 3 2
236 206 3
1 241 3
223 296 4
126 195 4
326 308 2
170 234 3
75 22 3
153 93 4
2 91 3
200 62 3
287 214 1
264 70 4
330 333 4
41 52 3
324 71 3
83 217 2
242 226 3
45 218 4
112 222 4
284 85 3
139 50 2
118 320 2
312 12 4
190 22 3
196 210 3
229 323 3
54 190 4
215 165 3
27 24 2
247 290 1
188 124 3
320 122 4
191 113 2
284 222 4
187 328 3
230 265 3
37 89 2
330 204 4
104 295 2
81 179 4
266 228 5
323 99 3
258 201 4
123 59 2
297 322 4
261 131 3
135 239 3
145 327 4
300 309 3
161 105 4
104 89 4
48 135 4
305 275 3
113 162 2
95 329 4
242 203 2
61 69 3
221 35 3
29 123 3
144 309 3
313 333 3
43 283 3
80 184 3
79 138 3
291 167 3
330 14 3
334 2 3
29 246 5
174 296 3
212 306 3
247 216 3
246 287 4
101 282 1
4 107 2
225 132 5
261 151 3
114 102 2
220 65 4
159 216 2
43 128 3
316 309 3
180 70 3
165 232 2
85 112 3
254 12 5
168 269 2
90 159 5
252 205 3
278 10 3
169 302 2
205 33 3
220 130 4
194 142 3
200 175 4
22 106 4
51 78 3
224 203 3
245 110 3
237 109 2
333 156 4
214 83 3
159 41 4
272 68 4
325 161 5
120 265 3
230 314 3
36 250 5
267 73 5
309 281 5
264 299 3
198 102 3
325 105 3
267 97 3
126 15 2
234 254 3
89 46 4
90 110 3
91 67 3
13 92 3
272 251 3
318 35 2
133 33 2
22 267 3
26 322 3
36 145 3
302 17 2
11 243 3
208 69 2
44 175 3
56 299 4
55 100 3
268 29 3
271 12 3
189 324 4
234 6 3
271 234 3
240 201 2
123 246 3
72 206 5
173 303 3
87 77 5
150 331 5
241 71 3
136 69 4
32 266 3
208 297 4
283 5 3
111 1 3
253 219 3
290 216 2
127 207 3
28 186 3
38 96 5
310 259 4
288 312 3
121 305 3
178 276 3
198 114 2
232 304 2
167 269 2
169 17 2
4 125 4
321 67 3
193 280 5
157 181 3
110 279 2
48 247 4
179 44 5
226 212 3
99 259 3
260 201 3
163 42 4
286 19 5
264 17 3
144 320 2
324 1 4
236 100 4
201 141 3
321 299 4
191 171 2
239 198 2
112 197 4
79 107 3
311 15 3
53 319 2
253 39 5
319 166 3
184 72 3
39 325 2
121 286 6
78 57 3
142 130 3
61 25 2
220 329 3
140 285 4
231 295 4
118 221 3
279 284 3
30 23 6
281 203 3
98 251 3
38 79 4
262 162 3
51 95 6
175 33 3
10000
0
0
0
0
0
0
0
0
0
0
0
0
0
0
0
0
0
0
0
0
0
0
0
0
0
0
0
0
0
0
0
0
0
0
0
0
0
0
0
0
0
0
0
0
0
0
0
0
0
0
1
1 168
0
0
0
0
0
0
0
0
0
0
0
0
0
0
0
0
0
0
0
0
0
0
0
0
0
0
0
0
0
0
0
0
0
0
0
0
0
0
0
0
0
0
0
0
0
0
0
0
0
0
0
0
0
0
0
0
0
0
0
0
0
0
0
0
0
0
0
0
0
0
0
0
0
0
0
0
0
0
0
0
0
0
0
0
0
0
0
0
0
0
0
0
0
0
0
0
0
0
0
0
0
0
0
0
0
0
0
0
0
0
0
0
0
0
0
0
0
0
0
0
0
0
0
0
0
0
0
0
0
0
0
0
0
0
0
0
0
0
0
0
0
0
0
0
0
0
0
0
0
0
0
0
0
0
0
0
0
0
0
0
0
0
0
0
0
0
0
0
1
2 116
0
0
0
0
0
0
0
0
0
1
3 257
0
0
0
0
0
0
0
0
0
0
0
1
4 332
0
0
0
0
0
0
0
0
0
0
1
5 123
0
0
0
0
0
0
0
0
0
0
0
0
0
0
0
0
0
0
0
0
0
0
0
0
0
0
0
0
0
0
0
0
0
0
0
0
0
0
0
0
0
0
0
0
0
0
0
1
6 268
0
0
0
0
0
0
0
0
0
0
0
1
7 201
0
0
0
0
0
0
0
0
0
0
0
0
0
1
8 7
0
0
0
0
1
9 3
0
0
1
10 41
0
0
0
0
0
0
0
0
0
0
0
0
0
0
1
11 305
0
0
0
0
0
0
0
0
0
0
0
0
0
0
0
0
0
1
12 192
0
1
13 15
0
1
14 259
0
0
0
0
0
0
0
0
0
1
15 29
0
0
0
0
0
0
0
0
0
0
0
0
0
0
0
0
0
0
0
0
0
0
0
0
0
0
0
0
1
16 200
0
0
0
0
0
1
17 128
0
1
18 86
0
0
0
0
1
19 118
0
0
0
1
20 149
0
0
0
1
21 133
0
0
0
0
0
1
22 178
0
0
0
0
0
0
0
0
0
0
0
1
23 53
0
0
0
0
0
0
0
0
0
0
0
0
0
1
24 95
0
0
0
0
0
0
0
0
0
1
25 115
0
0
0
0
0
0
0
0
0
0
0
0
0
0
1
26 146
0
0
0
0
0
0
0
0
0
1
27 226
0
0
0
0
0
0
0
0
0
0
0
0
0
0
0
0
0
0
0
0
0
0
0
0
0
0
0
1
28 79
0
1
29 62
0
0
0
0
1
30 68
0
0
0
0
0
0
0
0
0
1
31 183
0
0
0
0
0
0
0
0
0
0
0
0
1
32 191
0
0
0
0
0
0
0
0
0
0
0
0
0
0
0
0
1
33 84
0
0
0
0
0
0
1
34 37
0
0
0
0
0
0
1
35 322
0
0
0
0
0
0
0
1
36 304
0
0
0
0
0
0
0
0
0
0
0
1
37 90
0
0
0
1
38 251
0
1
39 35
0
0
0
0
0
0
0
0
0
0
0
0
0
0
1
40 6
0
0
0
0
0
0
0
0
0
0
1
41 160
0
0
0
0
0
0
1
42 162
0
1
43 157
0
1
44 52
1
45 75
0
0
0
1
46 116
0
0
0
0
1
47 243
0
1
48 168
0
0
0
0
0
0
0
0
0
0
1
49 281
0
0
0
1
50 277
0
1
51 175
0
0
0
0
0
0
0
1
52 329
0
0
0
1
53 10
0
1
54 326
0
0
0
0
0
0
0
0
0
0
0
0
0
0
0
0
0
0
0
0
0
0
0
0
0
0
0
0
1
55 271
0
0
0
0
0
0
0
0
0
0
0
1
56 119
0
0
0
0
0
0
1
57 325
0
0
1
58 310
0
0
0
0
0
0
0
1
59 293
0
0
0
0
0
1
60 109
0
0
0
0
0
0
0
0
0
0
0
0
0
0
0
0
0
0
0
0
1
61 115
0
0
0
0
0
0
0
0
0
0
0
1
62 224
0
0
1
63 257
0
0
0
0
0
0
0
0
0
1
64 107
1
65 295
0
0
0
0
0
1
66 289
0
0
0
0
0
0
0
0
0
0
0
0
0
1
67 2
0
1
68 132
0
0
1
69 121
0
1
70 310
0
0
0
0
0
0
0
0
1
71 173
0
0
0
0
0
0
0
0
0
0
1
72 261
0
0
0
0
0
1
73 128
1
74 181
0
0
0
0
0
0
0
1
75 314
0
0
0
0
0
0
0
0
0
0
0
0
0
0
1
76 108
0
0
0
1
77 167
0
0
0
1
78 201
0
0
0
0
0
0
1
79 158
0
0
1
80 249
0
0
0
0
1
81 209
0
0
1
82 32
0
0
0
0
0
0
0
0
1
83 313
1
84 332
0
0
0
0
1
85 270
0
1
86 168
0
0
0
1
87 293
0
0
0
0
0
1
88 103
1
89 80
0
0
0
0
0
0
0
1
90 189
0
0
0
0
0
0
1
91 124
1
92 217
0
0
1
93 146
0
1
94 250
0
0
0
0
0
1
95 222
0
0
1
96 122
0
0
1
97 112
1
98 32
1
99 221
0
0
0
0
1
100 131
0
0
0
0
1
101 323
0
0
1
102 244
0
0
1
103 333
1
104 67
0
0
1
105 174
0
0
0
0
0
0
0
0
0
0
0
0
1
106 61
0
1
107 39
0
1
108 19
0
0
0
0
0
1
109 20
1
110 261
0
0
0
1
111 247
0
1
112 83
1
113 151
1
114 237
0
0
0
0
0
0
1
115 292
0
0
0
0
0
1
116 264
0
0
0
1
117 203
0
0
0
0
0
0
0
0
0
1
118 235
1
119 299
1
120 279
0
0
0
0
0
0
1
121 154
0
0
0
0
1
122 214
0
1
123 210
0
0
0
1
124 167
1
125 80
1
126 160
0
0
0
1
127 12
0
0
0
1
128 269
0
1
129 76
1
130 40
0
0
0
0
1
131 137
0
0
1
132 230
0
0
1
133 29
0
0
1
134 132
0
1
135 105
0
0
0
0
0
0
0
0
0
0
1
136 120
0
0
0
0
1
137 59
1
138 192
1
139 109
0
0
0
0
0
0
0
0
0
0
0
0
0
0
0
0
1
140 204
0
0
0
1
141 193
1
142 115
0
0
0
0
1
143 193
1
144 133
0
0
0
0
0
0
1
145 221
0
1
146 186
1
147 260
0
0
0
1
148 315
0
0
0
0
0
0
0
0
0
1
149 190
0
1
150 29
0
1
151 162
1
152 285
0
0
0
1
153 38
1
154 102
0
0
0
0
0
0
0
1
155 187
0
0
1
156 308
0
1
157 122
0
0
0
0
0
0
0
1
158 281
1
159 213
0
0
1
160 54
0
1
161 96
1
162 47
0
1
163 226
0
0
1
164 179
0
0
0
1
165 69
1
166 114
0
1
167 317
0
0
1
168 40
1
169 134
0
0
0
0
0
1
170 315
0
0
0
0
0
1
171 331
0
0
0
1
172 23
0
0
0
0
1
173 258
0
0
0
0
0
0
1
174 34
1
175 334
0
0
0
0
1
176 195
0
0
0
0
0
1
177 127
0
0
1
178 224
0
0
0
0
0
0
0
0
0
0
1
179 174
1
180 167
0
1
181 274
0
1
182 218
0
0
0
0
1
183 320
0
0
0
0
0
0
0
1
184 23
0
0
0
0
1
185 56
0
0
0
0
0
0
0
0
0
0
0
1
186 23
1
187 320
1
188 123
1
189 7
1
190 289
0
0
0
1
191 20
0
0
0
1
192 161
0
0
0
0
0
0
0
0
0
0
0
1
193 318
0
0
1
194 332
0
0
1
195 43
1
196 291
0
0
0
0
0
1
197 180
0
0
0
0
0
0
0
0
0
0
0
1
198 274
1
199 124
0
0
0
1
200 142
0
0
0
1
201 25
1
202 88
0
0
0
0
0
1
203 51
1
204 317
1
205 151
0
0
1
206 59
1
207 257
1
208 210
0
1
209 64
0
0
0
1
210 269
0
0
0
0
1
211 301
0
1
212 294
1
213 112
0
0
0
0
1
214 248
0
0
1
215 195
0
0
0
0
1
216 226
0
0
0
0
0
0
0
0
0
1
217 101
0
0
0
0
0
0
0
0
0
0
0
1
218 284
0
1
219 42
1
220 283
0
0
1
221 196
1
222 34
0
0
0
0
1
223 181
0
0
1
224 213
0
0
0
0
1
225 289
0
1
226 157
1
227 163
0
0
0
0
1
228 184
0
0
1
229 170
0
1
230 43
0
1
231 57
1
232 120
1
233 55
0
1
234 22
1
235 117
0
0
0
0
1
236 33
0
0
0
0
0
1
237 246
0
0
1
238 84
0
0
1
239 241
0
0
1
240 229
1
241 225
0
0
0
1
242 12
0
0
0
0
0
1
243 103
0
0
0
1
244 9
0
1
245 125
0
1
246 226
1
247 41
0
0
1
248 275
0
0
0
0
1
249 134
0
0
1
250 256
0
0
0
0
1
251 160
1
252 124
0
1
253 153
1
254 211
0
0
0
1
255 289
0
0
1
256 112
1
257 280
0
1
258 204
0
0
0
0
0
0
1
259 89
1
260 313
0
0
0
0
0
0
0
0
0
1
261 169
0
1
262 72
1
263 24
0
1
264 6
1
265 189
0
0
0
0
1
266 217
0
0
0
1
267 188
1
268 32
1
269 189
1
270 179
0
0
0
1
271 78
0
0
1
272 41
1
273 67
0
1
274 223
0
1
275 146
0
0
0
0
0
1
276 222
1
277 332
0
0
1
278 34
0
0
1
279 141
0
1
280 324
0
1
281 214
0
0
0
1
282 166
0
0
0
0
0
0
0
0
1
283 140
0
1
284 120
0
1
285 4
0
0
0
0
1
286 316
0
0
1
287 167
0
0
0
0
0
0
1
288 62
1
289 176
0
1
290 59
0
1
291 223
0
0
1
292 147
1
293 60
1
294 151
1
295 108
0
1
296 299
1
297 34
0
1
298 160
0
1
299 143
0
1
300 261
0
0
1
301 226
0
1
302 142
0
0
0
0
0
0
1
303 291
0
0
0
0
0
0
0
0
0
0
0
0
0
1
304 135
1
305 241
0
0
1
306 29
1
307 97
1
308 199
0
1
309 268
1
310 327
0
0
1
311 40
0
0
0
0
0
0
0
0
0
1
312 290
0
0
1
313 254
1
314 248
1
315 58
1
316 235
0
1
317 231
0
1
318 291
0
0
0
0
0
0
0
1
319 41
1
320 331
1
321 101
0
1
322 242
0
1
323 334
0
0
0
0
0
1
324 68
0
0
0
1
325 316
0
0
1
326 182
0
1
327 280
0
1
328 226
0
1
329 225
0
0
0
1
330 13
1
331 183
0
0
0
1
332 136
0
0
0
1
333 331
1
334 162
0
0
1
335 50
1
336 200
0
0
0
0
0
0
1
337 254
0
0
0
1
338 277
0
0
0
0
1
339 36
0
1
340 83
0
0
1
341 287
1
342 36
0
1
343 305
0
0
1
344 86
1
345 287
0
0
0
1
346 105
0
0
0
1
347 133
1
348 160
0
0
0
1
349 306
1
350 331
0
0
1
351 60
0
0
0
0
0
1
352 249
1
353 148
0
0
0
1
354 193
1
355 226
1
356 306
0
1
357 187
1
358 45
1
359 245
0
1
360 237
0
1
361 51
0
1
362 108
1
363 257
1
364 285
0
0
0
1
365 91
0
0
1
366 218
0
1
367 153
0
1
368 100
1
369 61
1
370 242
0
1
371 16
0
0
0
0
0
0
1
372 246
0
0
0
1
373 293
1
374 143
1
375 188
1
376 160
0
0
0
1
377 275
0
1
378 162
0
0
1
379 84
0
1
380 283
1
381 280
0
0
1
382 217
0
1
383 53
0
1
384 275
0
1
385 66
0
1
386 181
1
387 211
0
1
388 68
0
0
1
389 62
0
0
0
0
0
0
1
390 320
0
0
0
1
391 22
1
392 45
1
393 291
1
394 306
1
395 68
0
0
0
0
1
396 226
0
0
0
0
1
397 88
1
398 294
0
0
0
0
0
0
0
1
399 16
0
0
1
400 59
0
1
401 218
1
402 189
1
403 122
0
1
404 44
1
405 26
0
1
406 247
1
407 320
1
408 245
1
409 233
0
1
410 139
0
0
0
1
411 280
1
412 81
1
413 62
1
414 105
1
415 169
0
0
1
416 87
1
417 164
1
418 75
1
419 227
0
0
1
420 86
1
421 157
0
1
422 292
0
0
0
1
423 328
0
0
0
0
0
1
424 246
1
425 59
1
426 70
1
427 121
1
428 51
1
429 293
0
0
0
0
1
430 242
1
431 287
1
432 64
1
433 170
0
1
434 240
0
1
435 245
0
0
0
0
1
436 124
0
0
1
437 238
0
0
1
438 79
0
1
439 155
0
1
440 275
1
441 328
0
0
1
442 223
1
443 281
1
444 251
0
0
1
445 293
1
446 293
1
447 74
0
0
1
448 286
1
449 226
0
0
1
450 319
0
0
0
0
1
451 322
0
0
1
452 86
0
0
1
453 6
1
454 218
0
0
1
455 20
1
456 209
1
457 99
0
1
458 58
0
0
1
459 225
0
0
1
460 177
1
461 58
1
462 170
1
463 241
0
1
464 24
1
465 54
1
466 134
1
467 136
0
0
0
0
0
0
0
1
468 170
0
1
469 46
1
470 195
0
0
1
471 296
0
0
0
0
0
1
472 223
0
0
1
473 197
0
1
474 75
0
0
0
0
1
475 46
0
0
1
476 219
0
1
477 224
0
1
478 8
0
1
479 42
0
1
480 280
1
481 292
0
1
482 100
1
483 240
1
484 226
0
0
0
0
0
1
485 173
1
486 152
0
0
0
1
487 222
0
0
0
0
0
0
1
488 23
0
0
1
489 108
0
1
490 165
0
0
0
1
491 207
1
492 115
1
493 45
0
0
0
1
494 14
0
0
0
1
495 137
1
496 326
0
1
497 263
1
498 2
0
1
499 224
1
500 165
1
501 220
1
502 290
0
1
503 66
1
504 233
0
0
0
0
0
0
0
0
1
505 94
0
1
506 319
1
507 238
0
0
1
508 306
0
0
0
0
0
0
0
0
1
509 175
0
0
1
510 66
0
1
511 123
1
512 299
1
513 11
0
0
0
1
514 35
1
515 256
0
1
516 292
0
0
0
1
517 33
1
518 49
0
1
519 264
1
520 20
0
0
1
521 47
0
1
522 330
0
1
523 177
0
0
1
524 108
1
525 132
1
526 126
0
1
527 258
0
0
0
0
0
0
1
528 209
0
1
529 152
0
0
0
1
530 308
1
531 118
1
532 25
1
533 138
1
534 269
1
535 62
0
1
536 269
0
0
0
0
0
1
537 86
0
1
538 189
0
1
539 51
0
0
0
1
540 51
0
1
541 245
0
0
1
542 139
0
0
1
543 137
1
544 318
0
1
545 191
0
0
0
1
546 166
1
547 8
0
1
548 211
1
549 128
0
0
0
1
550 233
1
551 156
0
0
0
1
552 242
0
1
553 80
1
554 20
1
555 216
0
1
556 99
1
557 164
0
0
1
558 131
0
1
559 217
1
560 161
1
561 199
0
0
0
0
1
562 304
1
563 291
0
1
564 33
1
565 199
0
1
566 35
1
567 2
1
568 268
0
0
0
1
569 250
1
570 142
0
1
571 11
1
572 257
1
573 171
0
0
0
0
0
0
1
574 42
0
0
1
575 148
0
1
576 245
0
1
577 11
0
0
1
578 318
1
579 318
0
0
0
1
580 242
0
1
581 108
0
1
582 152
1
583 45
1
584 149
1
585 271
0
0
0
0
1
586 54
0
0
0
0
0
1
587 133
1
588 240
0
1
589 47
0
0
0
0
1
590 43
0
0
0
0
1
591 47
1
592 325
1
593 48
1
594 194
1
595 186
0
1
596 237
0
1
597 89
1
598 333
0
0
0
0
1
599 94
0
0
1
600 239
1
601 77
1
602 9
0
1
603 103
0
1
604 57
1
605 24
0
1
606 134
1
607 255
0
0
0
0
0
1
608 103
0
0
1
609 285
0
1
610 225
1
611 83
0
1
612 245
0
1
613 88
1
614 145
1
615 18
1
616 183
0
0
1
617 43
0
0
1
618 281
1
619 269
0
0
0
0
0
0
1
620 226
1
621 329
0
0
0
0
1
622 79
0
0
0
1
623 268
0
0
1
624 319
1
625 183
1
626 172
0
1
627 241
0
1
628 311
1
629 15
1
630 248
0
0
0
0
1
631 226
1
632 261
1
633 295
1
634 56
0
1
635 147
0
0
0
1
636 120
0
0
1
637 192
1
638 330
1
639 270
1
640 67
1
641 80
0
0
1
642 198
1
643 213
1
644 315
0
0
0
0
1
645 233
1
646 147
0
0
0
1
647 138
0
0
0
1
648 257
0
0
1
649 160
0
0
1
650 165
1
651 119
1
652 224
0
0
1
653 38
1
654 312
0
0
0
0
0
1
655 48
1
656 152
1
657 106
1
658 178
1
659 75
0
1
660 168
1
661 31
1
662 17
1
663 104
0
1
664 221
0
0
1
665 84
1
666 291
1
667 112
1
668 22
0
0
0
1
669 86
1
670 63
0
1
671 34
1
672 43
1
673 94
1
674 157
0
0
1
675 111
0
1
676 188
0
1
677 76
1
678 74
0
1
679 22
0
0
0
0
1
680 322
1
681 234
1
682 108
1
683 75
1
684 136
1
685 51
1
686 280
1
687 239
1
688 105
1
689 15
1
690 225
1
691 72
1
692 151
1
693 217
1
694 219
0
1
695 132
1
696 194
1
697 109
0
1
698 197
1
699 250
1
700 201
0
1
701 17
0
0
0
0
0
1
702 114
0
1
703 95
0
0
0
1
704 27
0
0
0
1
705 176
1
706 306
0
1
707 128
0
1
708 50
0
0
1
709 234
1
710 95
1
711 81
1
712 135
1
713 20
1
714 279
0
1
715 82
1
716 280
0
1
717 76
1
718 318
0
1
719 266
1
720 50
0
0
1
721 92
0
1
722 292
0
0
1
723 178
0
0
1
724 232
0
1
725 124
1
726 95
1
727 168
1
728 232
1
729 328
0
0
1
730 39
0
0
0
1
731 85
1
732 235
1
733 111
0
1
734 142
1
735 145
1
736 145
0
1
737 67
0
0
1
738 248
1
739 318
1
740 76
1
741 174
0
1
742 28
1
743 225
0
1
744 107
1
745 59
0
1
746 225
1
747 199
1
748 280
0
0
1
749 230
0
0
0
0
0
1
750 286
0
0
0
1
751 157
1
752 242
1
753 217
1
754 73
0
1
755 254
1
756 151
1
757 170
1
758 231
1
759 226
1
760 168
1
761 34
1
762 298
0
1
763 114
1
764 308
1
765 136
1
766 211
0
0
0
1
767 190
0
1
768 153
1
769 216
1
770 134
0
0
1
771 11
1
772 325
0
1
773 248
0
1
774 68
1
775 35
1
776 46
1
777 39
0
1
778 183
0
0
1
779 117
1
780 129
1
781 143
1
782 109
0
1
783 73
0
1
784 180
1
785 127
1
786 265
1
787 308
1
788 96
1
789 255
0
1
790 144
1
791 189
0
1
792 321
1
793 218
1
794 155
1
795 157
0
1
796 204
1
797 189
0
1
798 276
1
799 286
0
1
800 52
0
1
801 27
0
1
802 228
0
0
0
0
1
803 136
1
804 177
1
805 33
1
806 103
0
0
1
807 167
1
808 287
0
1
809 313
0
0
1
810 222
1
811 4
1
812 167
1
813 316
1
814 26
1
815 221
1
816 244
1
817 242
0
1
818 132
0
0
0
0
0
1
819 27
0
1
820 171
1
821 80
1
822 285
0
1
823 27
0
1
824 281
1
825 206
0
1
826 84
1
827 308
0
0
1
828 48
1
829 291
0
1
830 82
1
831 114
0
0
1
832 283
1
833 6
0
1
834 191
0
1
835 112
1
836 192
0
1
837 201
0
1
838 318
1
839 126
1
840 253
0
1
841 245
1
842 56
0
1
843 220
1
844 226
1
845 119
1
846 135
0
0
1
847 82
1
848 123
0
1
849 134
0
0
1
850 142
0
1
851 275
1
852 200
1
853 300
1
854 26
0
1
855 61
1
856 170
0
0
0
1
857 216
0
1
858 311
1
859 93
1
860 49
0
1
861 250
0
1
862 277
1
863 318
1
864 328
0
0
1
865 54
0
1
866 180
0
0
0
1
867 172
0
1
868 58
0
0
1
869 324
1
870 126
0
1
871 148
0
0
0
1
872 280
1
873 68
1
874 288
0
1
875 291
0
1
876 14
0
1
877 283
1
878 246
1
879 193
0
1
880 318
0
1
881 45
0
1
882 260
0
0
1
883 58
1
884 291
1
885 56
1
886 234
0
1
887 44
0
1
888 242
1
889 250
0
0
1
890 22
1
891 88
1
892 329
1
893 112
1
894 282
0
0
0
1
895 29
0
1
896 44
1
897 173
1
898 215
0
1
899 131
1
900 224
0
1
901 182
1
902 109
1
903 156
1
904 131
1
905 73
1
906 95
0
0
1
907 176
0
1
908 214
1
909 145
0
1
910 144
1
911 193
0
1
912 64
1
913 275
0
0
1
914 279
1
915 46
1
916 66
1
917 50
1
918 64
0
0
0
1
919 15
0
0
1
920 165
0
1
921 207
1
922 255
1
923 134
1
924 104
1
925 38
1
926 8
0
1
927 43
1
928 277
0
0
1
929 201
0
1
930 318
1
931 34
1
932 177
1
933 87
1
934 83
1
935 28
1
936 82
1
937 280
0
1
938 164
1
939 278
1
940 10
1
941 26
0
0
1
942 295
0
0
0
1
943 210
0
1
944 58
0
0
1
945 187
1
946 96
1
947 147
1
948 286
1
949 80
1
950 282
0
0
0
1
951 168
1
952 280
1
953 305
1
954 73
0
1
955 243
0
1
956 223
1
957 88
0
0
1
958 267
1
959 48
0
1
960 280
1
961 273
1
962 214
0
1
963 5
1
964 156
1
965 309
1
966 53
1
967 28
1
968 274
1
969 130
0
0
0
1
970 279
1
971 265
1
972 323
1
973 53
1
974 158
1
975 232
1
976 325
1
977 142
1
978 216
1
979 90
1
980 219
1
981 214
0
1
982 183
0
1
983 326
0
0
1
984 50
1
985 113
0
1
986 223
1
987 32
1
988 16
1
989 104
1
990 194
1
991 150
0
1
992 304
1
993 53
1
994 144
1
995 58
0
1
996 163
1
997 242
1
998 234
1
999 144
1
1000 250
1
1001 286
1
1002 47
0
0
1
1003 168
1
1004 95
1
1005 219
0
0
1
1006 47
1
1007 32
0
0
1
1008 316
1
1009 327
1
1010 246
1
1011 288
0
0
1
1012 181
1
1013 201
0
0
1
1014 32
1
1015 269
0
1
1016 270
1
1017 27
1
1018 316
1
1019 79
1
1020 235
1
1021 145
0
1
1022 104
1
1023 325
1
1024 3
1
1025 242
1
1026 126
1
1027 151
1
1028 127
1
1029 247
1
1030 319
1
1031 211
1
1032 268
0
0
0
0
1
1033 242
1
1034 185
1
1035 318
1
1036 178
0
0
1
1037 220
1
1038 299
1
1039 119
1
1040 110
0
1
1041 239
0
0
1
1042 75
0
1
1043 71
0
0
1
1044 81
1
1045 261
1
1046 77
1
1047 224
1
1048 47
1
1049 215
1
1050 289
1
1051 142
1
1052 329
1
1053 120
1
1054 148
0
1
1055 79
1
1056 292
1
1057 220
1
1058 182
1
1059 179
1
1060 209
1
1061 303
0
1
1062 272
1
1063 203
0
1
1064 109
1
1065 120
0
1
1066 213
1
1067 306
0
1
1068 199
0
0
0
1
1069 44
1
1070 105
0
0
1
1071 150
1
1072 84
1
1073 13
0
1
1074 197
0
1
1075 10
1
1076 210
0
1
1077 261
1
1078 321
1
1079 146
1
1080 188
0
1
1081 182
1
1082 154
1
1083 68
0
1
1084 221
1
1085 217
0
1
1086 53
1
1087 242
0
1
1088 292
1
1089 135
0
1
1090 75
0
1
1091 59
1
1092 235
0
1
1093 321
0
1
1094 77
1
1095 230
0
1
1096 267
1
1097 307
1
1098 281
0
0
1
1099 29
1
1100 31
1
1101 212
0
1
1102 20
1
1103 291
1
1104 72
0
0
1
1105 328
1
1106 134
1
1107 237
1
1108 196
0
0
1
1109 219
0
1
1110 262
0
0
0
1
1111 264
0
1
1112 226
0
1
1113 10
1
1114 29
0
1
1115 276
0
1
1116 292
0
1
1117 257
1
1118 226
1
1119 100
1
1120 171
1
1121 261
0
0
1
1122 142
1
1123 214
0
1
1124 213
0
1
1125 223
0
0
0
0
0
0
1
1126 101
1
1127 306
1
1128 213
0
1
1129 270
0
1
1130 119
1
1131 316
0
1
1132 253
1
1133 59
0
1
1134 310
1
1135 280
1
1136 203
1
1137 61
0
1
1138 219
0
1
1139 236
1
1140 26
1
1141 109
1
1142 264
0
1
1143 39
0
0
0
1
1144 29
1
1145 137
1
1146 35
0
0
1
1147 66
0
1
1148 316
1
1149 75
1
1150 167
1
1151 63
0
0
1
1152 86
1
1153 259
1
1154 273
1
1155 156
1
1156 232
0
1
1157 27
0
1
1158 95
1
1159 41
0
1
1160 213
0
0
1
1161 20
1
1162 61
1
1163 305
1
1164 151
0
1
1165 329
0
0
1
1166 264
0
1
1167 149
1
1168 68
1
1169 277
0
1
1170 261
1
1171 231
1
1172 7
0
1
1173 60
1
1174 296
1
1175 265
1
1176 163
1
1177 158
1
1178 131
1
1179 142
1
1180 213
0
0
1
1181 132
0
1
1182 33
1
1183 2
1
1184 316
0
1
1185 159
1
1186 187
1
1187 251
1
1188 292
1
1189 142
1
1190 269
1
1191 189
1
1192 90
0
1
1193 67
0
1
1194 332
1
1195 242
1
1196 231
0
0
1
1197 287
1
1198 189
1
1199 89
0
1
1200 248
1
1201 70
1
1202 208
0
1
1203 207
0
1
1204 329
0
1
1205 226
1
1206 52
1
1207 109
1
1208 269
1
1209 283
1
1210 221
1
1211 298
1
1212 90
0
1
1213 334
1
1214 243
1
1215 264
1
1216 297
1
1217 333
1
1218 307
0
1
1219 279
0
1
1220 224
0
0
0
0
1
1221 13
0
1
1222 57
0
1
1223 226
1
1224 108
0
0
1
1225 220
1
1226 227
1
1227 161
1
1228 56
1
1229 246
1
1230 224
1
1231 135
1
1232 317
1
1233 118
1
1234 104
1
1235 155
1
1236 13
1
1237 269
0
1
1238 204
1
1239 302
0
1
1240 292
1
1241 199
1
1242 152
0
1
1243 151
0
0
1
1244 68
0
1
1245 213
0
1
1246 98
0
1
1247 300
1
1248 253
1
1249 291
0
1
1250 147
1
1251 151
1
1252 197
0
1
1253 229
1
1254 271
0
1
1255 5
0
0
1
1256 13
1
1257 65
1
1258 17
1
1259 275
0
1
1260 254
1
1261 13
0
1
1262 30
1
1263 55
1
1264 306
1
1265 190
0
1
1266 213
0
1
1267 320
1
1268 328
0
1
1269 275
1
1270 231
1
1271 173
1
1272 174
1
1273 88
1
1274 155
1
1275 211
1
1276 332
0
1
1277 332
0
0
0
1
1278 129
1
1279 185
0
0
1
1280 334
1
1281 137
1
1282 251
1
1283 243
1
1284 332
1
1285 272
1
1286 224
0
0
1
1287 176
1
1288 221
1
1289 53
1
1290 269
1
1291 322
1
1292 291
1
1293 219
1
1294 115
1
1295 132
1
1296 206
0
0
1
1297 218
1
1298 189
1
1299 127
1
1300 113
0
1
1301 169
0
1
1302 39
1
1303 9
1
1304 45
1
1305 40
1
1306 308
1
1307 22
1
1308 91
1
1309 90
1
1310 279
1
1311 121
0
1
1312 321
1
1313 268
1
1314 183
1
1315 168
1
1316 7
0
0
0
1
1317 289
1
1318 333
1
1319 315
1
1320 315
1
1321 35
1
1322 270
1
1323 255
1
1324 226
1
1325 333
1
1326 14
1
1327 280
1
1328 143
0
1
1329 111
1
1330 53
1
1331 205
1
1332 238
1
1333 209
1
1334 35
1
1335 45
1
1336 47
1
1337 124
1
1338 224
1
1339 80
1
1340 157
0
1
1341 313
1
1342 309
0
0
1
1343 160
1
1344 294
1
1345 204
1
1346 176
1
1347 249
1
1348 305
0
1
1349 147
0
0
1
1350 21
1
1351 309
0
1
1352 307
1
1353 15
1
1354 150
1
1355 222
1
1356 195
1
1357 221
1
1358 251
1
1359 173
0
1
1360 17
1
1361 319
1
1362 244
1
1363 314
0
1
1364 144
1
1365 29
0
1
1366 309
1
1367 73
1
1368 213
0
1
1369 26
1
1370 282
0
1
1371 311
1
1372 242
0
1
1373 305
1
1374 246
0
1
1375 199
1
1376 83
0
1
1377 143
1
1378 310
1
1379 328
1
1380 6
1
1381 55
1
1382 140
0
1
1383 330
1
1384 224
0
1
1385 20
1
1386 80
1
1387 327
0
0
1
1388 52
1
1389 19
1
1390 76
0
0
1
1391 92
1
1392 186
0
1
1393 248
1
1394 73
0
1
1395 316
1
1396 332
1
1397 4
1
1398 18
1
1399 225
0
0
1
1400 151
1
1401 292
1
1402 112
1
1403 186
1
1404 160
1
1405 224
1
1406 323
1
1407 9
1
1408 5
0
0
1
1409 29
1
1410 190
0
1
1411 114
0
0
1
1412 101
0
0
1
1413 32
1
1414 181
1
1415 310
1
1416 175
1
1417 178
1
1418 103
1
1419 160
1
1420 314
1
1421 4
0
1
1422 179
1
1423 195
1
1424 106
1
1425 37
1
1426 118
1
1427 317
0
1
1428 78
1
1429 97
1
1430 314
0
0
1
1431 285
0
1
1432 193
1
1433 43
1
1434 184
1
1435 117
1
1436 79
1
1437 259
1
1438 138
1
1439 224
1
1440 149
0
0
1
1441 214
1
1442 229
1
1443 294
0
1
1444 11
1
1445 52
0
1
1446 218
1
1447 316
1
1448 276
1
1449 50
1
1450 268
1
1451 168
0
0
1
1452 292
0
1
1453 66
1
1454 47
1
1455 123
1
1456 67
0
1
1457 304
1
1458 318
1
1459 234
1
1460 58
1
1461 22
1
1462 112
1
1463 53
1
1464 316
0
0
1
1465 238
0
1
1466 38
1
1467 123
1
1468 266
1
1469 325
1
1470 73
0
1
1471 63
1
1472 108
1
1473 93
1
1474 218
1
1475 10
1
1476 124
1
1477 48
1
1478 71
1
1479 103
1
1480 176
1
1481 102
1
1482 123
1
1483 97
1
1484 78
0
1
1485 117
1
1486 277
1
1487 39
1
1488 74
1
1489 95
0
0
1
1490 9
0
1
1491 311
1
1492 92
1
1493 138
1
1494 229
0
1
1495 14
1
1496 179
1
1497 280
1
1498 233
1
1499 310
1
1500 318
1
1501 6
1
1502 140
1
1503 305
1
1504 49
1
1505 310
1
1506 229
1
1507 88
0
1
1508 91
1
1509 30
1
1510 147
0
1
1511 205
1
1512 313
1
1513 112
1
1514 117
0
0
0
0
1
1515 28
1
1516 154
1
1517 41
1
1518 84
1
1519 22
1
1520 240
1
1521 120
1
1522 112
0
0
1
1523 114
1
1524 13
1
1525 232
0
1
1526 124
1
1527 298
1
1528 189
1
1529 120
1
1530 26
1
1531 290
1
1532 177
0
1
1533 55
1
1534 299
1
1535 109
1
1536 205
1
1537 224
0
1
1538 148
1
1539 67
1
1540 287
1
1541 212
1
1542 156
1
1543 252
0
0
1
1544 130
0
1
1545 24
0
1
1546 85
1
1547 252
1
1548 314
1
1549 63
0
1
1550 195
1
1551 47
1
1552 261
1
1553 272
1
1554 122
1
1555 331
1
1556 301
1
1557 80
0
1
1558 33
1
1559 245
1
1560 227
1
1561 263
1
1562 246
0
1
1563 272
0
0
1
1564 207
0
1
1565 144
1
1566 266
1
1567 249
0
1
1568 127
0
1
1569 277
0
1
1570 70
1
1571 159
0
1
1572 242
1
1573 24
0
1
1574 271
0
1
1575 276
1
1576 47
0
1
1577 65
1
1578 239
1
1579 25
1
1580 19
0
1
1581 155
1
1582 201
0
1
1583 27
0
1
1584 284
1
1585 319
0
1
1586 160
0
1
1587 219
1
1588 259
1
1589 226
1
1590 134
1
1591 126
0
0
1
1592 288
1
1593 165
1
1594 36
1
1595 307
1
1596 76
1
1597 199
1
1598 158
1
1599 203
1
1600 134
0
1
1601 288
0
1
1602 166
1
1603 130
1
1604 230
1
1605 159
1
1606 142
1
1607 290
1
1608 8
1
1609 328
1
1610 275
1
1611 274
1
1612 246
1
1613 63
1
1614 190
1
1615 184
1
1616 40
1
1617 199
1
1618 148
1
1619 61
1
1620 78
1
1621 170
1
1622 220
1
1623 215
1
1624 140
1
1625 132
1
1626 175
1
1627 167
1
1628 110
0
1
1629 111
1
1630 58
0
1
1631 201
1
1632 141
1
1633 33
1
1634 54
1
1635 187
1
1636 266
0
1
1637 126
0
0
1
1638 239
0
0
1
1639 310
1
1640 189
1
1641 257
1
1642 253
1
1643 145
1
1644 13
1
1645 334
1
1646 203
1
1647 116
1
1648 272
1
1649 111
1
1650 198
1
1651 210
1
1652 156
1
1653 308
0
1
1654 194
1
1655 9
1
1656 205
1
1657 242
0
1
1658 311
1
1659 160
1
1660 6
1
1661 142
1
1662 315
1
1663 183
1
1664 48
1
1665 236
1
1666 34
0
1
1667 167
0
1
1668 166
1
1669 73
1
1670 297
1
1671 333
1
1672 157
0
1
1673 52
1
1674 166
0
1
1675 10
1
1676 134
1
1677 98
1
1678 18
1
1679 154
1
1680 130
1
1681 228
0
1
1682 90
1
1683 166
0
1
1684 323
1
1685 167
1
1686 22
1
1687 183
1
1688 278
1
1689 196
0
1
1690 113
1
1691 281
1
1692 216
1
1693 219
0
1
1694 155
1
1695 296
1
1696 150
0
0
1
1697 264
0
1
1698 49
1
1699 170
1
1700 28
1
1701 287
0
1
1702 153
1
1703 180
1
1704 145
1
1705 50
1
1706 207
1
1707 326
0
0
1
1708 143
1
1709 257
1
1710 162
1
1711 88
1
1712 251
1
1713 327
1
1714 312
1
1715 286
1
1716 188
1
1717 161
1
1718 132
1
1719 63
0
1
1720 168
1
1721 137
0
1
1722 329
1
1723 109
1
1724 225
0
1
1725 60
0
1
1726 191
1
1727 295
1
1728 43
1
1729 284
0
1
1730 226
1
1731 219
1
1732 290
0
1
1733 270
0
1
1734 291
1
1735 36
1
1736 224
1
1737 24
1
1738 134
0
1
1739 114
1
1740 305
1
1741 85
1
1742 42
1
1743 159
1
1744 299
0
1
1745 188
0
1
1746 94
1
1747 70
0
1
1748 145
1
1749 304
1
1750 157
1
1751 275
1
1752 223
1
1753 198
1
1754 325
1
1755 214
1
1756 122
1
1757 17
1
1758 106
1
1759 321
1
1760 132
1
1761 83
1
1762 29
1
1763 259
1
1764 212
1
1765 172
1
1766 157
0
1
1767 139
1
1768 200
1
1769 292
1
1770 240
0
1
1771 175
1
1772 17
1
1773 278
1
1774 103
1
1775 218
1
1776 292
1
1777 206
0
1
1778 69
1
1779 313
1
1780 320
1
1781 318
1
1782 293
1
1783 43
1
1784 164
0
1
1785 262
1
1786 183
1
1787 326
1
1788 268
1
1789 69
1
1790 135
1
1791 189
1
1792 189
1
1793 217
1
1794 195
1
1795 132
1
1796 198
0
1
1797 275
1
1798 110
1
1799 257
1
1800 280
1
1801 202
1
1802 132
1
1803 171
1
1804 239
1
1805 37
1
1806 170
1
1807 88
1
1808 265
1
1809 118
1
1810 274
1
1811 256
0
1
1812 221
1
1813 283
1
1814 103
1
1815 100
1
1816 196
1
1817 6
1
1818 320
1
1819 145
1
1820 31
1
1821 262
1
1822 20
1
1823 80
1
1824 214
1
1825 201
1
1826 291
0
1
1827 261
1
1828 286
0
1
1829 114
1
1830 124
1
1831 240
1
1832 268
1
1833 208
1
1834 273
1
1835 178
1
1836 214
1
1837 121
1
1838 120
0
0
1
1839 83
1
1840 176
0
1
1841 24
1
1842 100
1
1843 81
0
1
1844 291
1
1845 224
1
1846 230
1
1847 212
1
1848 217
1
1849 139
1
1850 268
0
1
1851 91
1
1852 323
1
1853 160
1
1854 118
1
1855 219
1
1856 190
1
1857 19
1
1858 72
0
0
1
1859 309
1
1860 219
1
1861 177
1
1862 131
1
1863 12
1
1864 281
1
1865 229
1
1866 216
0
1
1867 49
1
1868 131
1
1869 201
0
1
1870 279
1
1871 132
1
1872 118
1
1873 282
1
1874 225
1
1875 168
1
1876 303
1
1877 316
1
1878 228
1
1879 176
1
1880 161
1
1881 164
0
1
1882 32
0
1
1883 27
1
1884 255
1
1885 77
1
1886 318
1
1887 322
1
1888 159
1
1889 325
1
1890 151
1
1891 263
0
1
1892 44
1
1893 164
1
1894 229
0
1
1895 36
1
1896 169
1
1897 286
1
1898 77
1
1899 263
1
1900 140
1
1901 94
0
1
1902 70
1
1903 174
0
1
1904 13
1
1905 154
1
1906 160
1
1907 20
1
1908 183
1
1909 142
1
1910 212
1
1911 243
1
1912 137
1
1913 24
1
1914 191
1
1915 156
1
1916 281
1
1917 282
1
1918 56
1
1919 23
1
1920 97
1
1921 284
1
1922 132
1
1923 284
1
1924 269
0
1
1925 114
1
1926 34
1
1927 323
1
1928 330
1
1929 30
1
1930 153
1
1931 312
1
1932 63
1
1933 269
1
1934 242
1
1935 15
1
1936 311
1
1937 197
1
1938 108
1
1939 109
0
1
1940 138
1
1941 143
1
1942 182
1
1943 139
1
1944 262
1
1945 214
1
1946 69
1
1947 166
1
1948 20
0
0
1
1949 179
1
1950 124
1
1951 107
1
1952 201
1
1953 121
1
1954 306
1
1955 91
1
1956 210
1
1957 74
1
1958 269
1
1959 191
1
1960 13
1
1961 226
1
1962 128
1
1963 324
1
1964 305
1
1965 145
1
1966 246
1
1967 121
0
0
1
1968 142
1
1969 216
1
1970 51
1
1971 16
1
1972 190
0
1
1973 119
1
1974 256
1
1975 53
1
1976 31
1
1977 13
1
1978 183
1
1979 92
1
1980 159
1
1981 151
1
1982 315
1
1983 227
1
1984 110
1
1985 8
1
1986 236
0
1
1987 41
1
1988 38
1
1989 78
1
1990 20
1
1991 92
1
1992 23
1
1993 288
1
1994 104
1
1995 306
0
1
1996 157
1
1997 206
1
1998 298
1
1999 2
1
2000 229
0
1
2001 70
1
2002 225
1
2003 168
1
2004 260
1
2005 120
1
2006 326
1
2007 182
1
2008 20
1
2009 59
1
2010 105
1
2011 123
1
2012 246
1
2013 292
1
2014 242
1
2015 119
1
2016 212
1
2017 191
1
2018 304
1
2019 289
0
1
2020 214
1
2021 190
1
2022 291
1
2023 118
1
2024 133
0
1
2025 271
1
2026 78
0
1
2027 237
1
2028 115
1
2029 97
1
2030 176
1
2031 289
1
2032 203
1
2033 214
1
2034 40
1
2035 281
1
2036 212
1
2037 306
1
2038 274
1
2039 209
1
2040 137
1
2041 264
1
2042 229
1
2043 105
1
2044 58
1
2045 328
1
2046 58
1
2047 274
1
2048 266
1
2049 249
1
2050 307
1
2051 322
1
2052 160
1
2053 38
1
2054 257
0
1
2055 148
1
2056 160
1
2057 179
1
2058 204
1
2059 233
1
2060 123
0
1
2061 214
1
2062 252
1
2063 194
1
2064 22
1
2065 172
1
2066 78
1
2067 287
1
2068 88
0
1
2069 153
1
2070 218
1
2071 210
1
2072 280
1
2073 268
1
2074 222
1
2075 203
1
2076 118
1
2077 176
1
2078 249
1
2079 182
1
2080 224
1
2081 42
0
0
1
2082 305
1
2083 102
1
2084 144
1
2085 250
1
2086 55
1
2087 275
1
2088 162
1
2089 40
1
2090 288
1
2091 255
1
2092 131
1
2093 295
1
2094 110
1
2095 125
1
2096 184
1
2097 228
1
2098 63
1
2099 199
1
2100 277
1
2101 3
1
2102 5
1
2103 187
0
1
2104 6
1
2105 132
1
2106 299
1
2107 176
1
2108 316
1
2109 27
0
1
2110 284
1
2111 35
1
2112 187
1
2113 20
1
2114 268
1
2115 43
1
2116 181
1
2117 245
1
2118 234
0
1
2119 227
1
2120 222
1
2121 218
1
2122 263
1
2123 90
1
2124 94
1
2125 184
0
1
2126 17
1
2127 164
0
1
2128 182
1
2129 113
1
2130 271
1
2131 13
1
2132 28
1
2133 304
1
2134 183
1
2135 314
1
2136 233
1
2137 231
1
2138 247
1
2139 207
1
2140 27
1
2141 219
1
2142 305
1
2143 64
1
2144 161
1
2145 169
1
2146 134
1
2147 38
1
2148 189
1
2149 225
1
2150 90
1
2151 173
1
2152 334
1
2153 288
1
2154 16
0
1
2155 119
1
2156 27
1
2157 165
1
2158 6
1
2159 141
1
2160 184
1
2161 313
0
1
2162 223
1
2163 27
1
2164 79
1
2165 168
1
2166 153
1
2167 316
1
2168 79
1
2169 334
1
2170 47
1
2171 125
1
2172 117
0
1
2173 87
1
2174 238
1
2175 187
1
2176 152
1
2177 292
1
2178 159
1
2179 156
1
2180 318
1
2181 45
1
2182 99
1
2183 154
1
2184 51
1
2185 294
1
2186 192
1
2187 169
1
2188 263
1
2189 194
1
2190 200
1
2191 263
1
2192 257
1
2193 81
1
2194 78
1
2195 302
1
2196 322
1
2197 293
1
2198 221
1
2199 53
1
2200 231
1
2201 136
1
2202 330
1
2203 319
1
2204 64
1
2205 47
1
2206 212
1
2207 170
1
2208 291
1
2209 170
1
2210 112
1
2211 304
1
2212 199
1
2213 17
1
2214 119
1
2215 180
1
2216 122
1
2217 260
1
2218 41
1
2219 8
1
2220 68
1
2221 29
1
2222 73
1
2223 321
1
2224 302
1
2225 145
1
2226 27
1
2227 42
1
2228 15
1
2229 283
1
2230 191
1
2231 32
1
2232 166
1
2233 238
1
2234 316
1
2235 254
1
2236 310
1
2237 22
1
2238 240
1
2239 164
1
2240 281
1
2241 167
1
2242 150
1
2243 32
1
2244 220
1
2245 189
1
2246 313
1
2247 305
1
2248 90
1
2249 189
1
2250 213
1
2251 244
1
2252 95
1
2253 166
1
2254 79
1
2255 45
1
2256 97
1
2257 261
1
2258 281
1
2259 305
1
2260 11
1
2261 98
1
2262 15
1
2263 249
1
2264 23
1
2265 8
1
2266 283
1
2267 316
1
2268 57
1
2269 114
1
2270 182
1
2271 263
1
2272 269
1
2273 120
1
2274 255
1
2275 12
0
1
2276 238
1
2277 217
1
2278 255
1
2279 332
1
2280 17
1
2281 146
1
2282 177
1
2283 211
1
2284 8
1
2285 122
1
2286 253
1
2287 328
1
2288 137
1
2289 198
1
2290 268
1
2291 126
1
2292 89
1
2293 198
1
2294 12
1
2295 121
1
2296 63
1
2297 291
1
2298 291
1
2299 222
1
2300 311
1
2301 255
1
2302 42
1
2303 226
1
2304 210
1
2305 218
1
2306 291
1
2307 30
1
2308 132
1
2309 306
1
2310 200
1
2311 113
1
2312 58
1
2313 148
1
2314 294
1
2315 188
1
2316 248
1
2317 266
1
2318 322
1
2319 2
1
2320 194
1
2321 92
1
2322 155
1
2323 150
1
2324 173
1
2325 144
1
2326 218
1
2327 174
1
2328 165
1
2329 71
1
2330 74
1
2331 75
1
2332 53
1
2333 288
1
2334 85
1
2335 56
1
2336 241
1
2337 275
1
2338 219
1
2339 241
1
2340 255
1
2341 141
1
2342 156
1
2343 110
1
2344 13
1
2345 234
1
2346 234
1
2347 285
1
2348 187
1
2349 264
1
2350 325
1
2351 190
1
2352 10
1
2353 171
1
2354 167
1
2355 56
1
2356 264
1
2357 9
1
2358 207
1
2359 190
1
2360 226
1
2361 245
1
2362 169
1
2363 31
1
2364 176
1
2365 271
1
2366 271
1
2367 284
1
2368 63
1
2369 220
1
2370 228
1
2371 316
1
2372 19
1
2373 292
1
2374 152
1
2375 299
1
2376 98
1
2377 255
1
2378 69
1
2379 292
1
2380 173
1
2381 174
1
2382 275
1
2383 81
1
2384 273
1
2385 70
1
2386 58
1
2387 16
1
2388 216
1
2389 128
1
2390 280
1
2391 228
1
2392 254
1
2393 300
1
2394 59
1
2395 97
1
2396 175
1
2397 25
1
2398 106
1
2399 249
1
2400 233
1
2401 162
1
2402 139
1
2403 307
1
2404 65
1
2405 299
1
2406 59
1
2407 68
1
2408 305
1
2409 83
1
2410 55
1
2411 312
1
2412 164
1
2413 297
1
2414 97
1
2415 282
1
2416 25
1
2417 48
1
2418 41
1
2419 87
1
2420 242
1
2421 121
1
2422 82
1
2423 251
1
2424 62
1
2425 319
1
2426 52
1
2427 51
1
2428 18
1
2429 119
1
2430 329
1
2431 198
1
2432 17
1
2433 80
1
2434 145
1
2435 291
1
2436 292
1
2437 186
1
2438 204
1
2439 255
1
2440 214
1
2441 142
1
2442 90
1
2443 115
1
2444 89
1
2445 261
1
2446 22
1
2447 142
1
2448 319
1
2449 203
1
2450 186
1
2451 2
1
2452 307
1
2453 193
1
2454 69
1
2455 251
1
2456 276
1
2457 107
1
2458 325
1
2459 140
1
2460 251
1
2461 292
1
2462 181
1
2463 243
1
2464 271
1
2465 314
1
2466 101
1
2467 69
1
2468 110
1
2469 169
1
2470 230
1
2471 333
1
2472 67
1
2473 217
1
2474 295
1
2475 193
1
2476 282
1
2477 153
1
2478 143
1
2479 158
1
2480 272
1
2481 176
1
2482 278
1
2483 36
1
2484 30
1
2485 64
1
2486 120
1
2487 29
1
2488 55
1
2489 88
1
2490 291
1
2491 26
1
2492 4
1
2493 317
1
2494 89
1
2495 255
1
2496 47
1
2497 160
1
2498 304
1
2499 253
1
2500 305
1
2501 279
1
2502 141
1
2503 290
1
2504 50
1
2505 203
1
2506 48
1
2507 281
1
2508 167
1
2509 320
1
2510 22
1
2511 317
1
2512 203
1
2513 16
1
2514 293
1
2515 164
1
2516 254
1
2517 144
1
2518 159
1
2519 131
1
2520 159
1
2521 159
1
2522 43
1
2523 218
1
2524 265
1
2525 96
1
2526 33
1
2527 2
1
2528 294
1
2529 110
0
1
2530 275
1
2531 102
1
2532 282
1
2533 195
1
2534 237
1
2535 173
1
2536 322
1
2537 269
1
2538 193
1
2539 318
1
2540 271
1
2541 192
1
2542 18
1
2543 253
1
2544 289
1
2545 309
1
2546 231
1
2547 163
1
2548 237
1
2549 139
1
2550 84
1
2551 334
1
2552 118
1
2553 142
1
2554 75
1
2555 33
0
1
2556 214
1
2557 324
1
2558 52
1
2559 230
1
2560 43
1
2561 320
1
2562 327
1
2563 47
1
2564 315
0
0
1
2565 128
1
2566 28
1
2567 182
1
2568 197
1
2569 20
1
2570 66
1
2571 257
1
2572 61
1
2573 240
1
2574 57
1
2575 151
1
2576 60
1
2577 5
1
2578 277
1
2579 49
1
2580 218
1
2581 151
1
2582 57
1
2583 135
1
2584 291
1
2585 324
1
2586 107
1
2587 307
1
2588 292
1
2589 101
1
2590 277
1
2591 189
1
2592 54
1
2593 231
1
2594 291
1
2595 168
1
2596 275
1
2597 141
1
2598 27
1
2599 21
1
2600 134
1
2601 16
1
2602 39
1
2603 121
1
2604 83
1
2605 215
1
2606 97
1
2607 277
1
2608 250
1
2609 232
1
2610 45
1
2611 142
1
2612 330
1
2613 55
1
2614 287
1
2615 71
0
1
2616 64
1
2617 62
1
2618 54
1
2619 53
1
2620 131
1
2621 16
1
2622 83
1
2623 182
1
2624 225
1
2625 160
1
2626 107
1
2627 321
1
2628 167
1
2629 45
1
2630 248
0
1
2631 128
1
2632 160
1
2633 84
1
2634 88
0
1
2635 263
1
2636 94
1
2637 174
1
2638 24
1
2639 277
1
2640 158
1
2641 152
1
2642 59
1
2643 320
1
2644 162
1
2645 71
1
2646 141
1
2647 89
1
2648 277
1
2649 89
1
2650 316
1
2651 247
1
2652 249
1
2653 33
1
2654 92
1
2655 47
1
2656 152
1
2657 103
1
2658 203
1
2659 213
1
2660 151
1
2661 179
1
2662 312
1
2663 6
1
2664 35
1
2665 225
0
1
2666 134
1
2667 248
1
2668 248
1
2669 103
1
2670 62
1
2671 238
1
2672 144
1
2673 243
1
2674 96
1
2675 121
1
2676 187
1
2677 246
1
2678 321
1
2679 307
1
2680 101
1
2681 121
1
2682 6
1
2683 46
1
2684 232
1
2685 224
0
1
2686 78
1
2687 115
0
1
2688 168
1
2689 81
1
2690 7
1
2691 21
1
2692 206
1
2693 269
1
2694 271
1
2695 23
1
2696 235
1
2697 5
1
2698 239
1
2699 281
1
2700 148
1
2701 27
1
2702 63
1
2703 114
1
2704 2
1
2705 321
1
2706 300
1
2707 206
1
2708 318
1
2709 160
1
2710 333
1
2711 116
1
2712 98
0
1
2713 134
1
2714 171
1
2715 158
1
2716 239
1
2717 11
1
2718 53
1
2719 135
1
2720 209
1
2721 43
1
2722 329
1
2723 125
1
2724 327
1
2725 219
1
2726 90
1
2727 13
1
2728 326
1
2729 160
1
2730 115
1
2731 266
1
2732 102
1
2733 116
1
2734 89
1
2735 20
1
2736 315
1
2737 75
1
2738 320
1
2739 149
1
2740 208
1
2741 106
1
2742 240
1
2743 292
1
2744 9
1
2745 45
1
2746 112
1
2747 300
1
2748 295
1
2749 31
0
1
2750 333
1
2751 47
1
2752 186
0
1
2753 130
1
2754 202
1
2755 323
1
2756 318
1
2757 225
1
2758 101
1
2759 8
1
2760 209
1
2761 74
1
2762 140
1
2763 53
1
2764 191
1
2765 298
1
2766 111
1
2767 212
1
2768 226
0
1
2769 317
1
2770 270
1
2771 324
1
2772 243
1
2773 331
1
2774 269
1
2775 271
1
2776 2
0
1
2777 224
1
2778 28
1
2779 81
1
2780 144
1
2781 219
0
1
2782 331
1
2783 171
1
2784 109
1
2785 291
1
2786 151
1
2787 264
1
2788 155
1
2789 20
1
2790 320
1
2791 281
1
2792 16
1
2793 36
1
2794 104
1
2795 21
1
2796 168
1
2797 70
1
2798 229
1
2799 255
0
1
2800 118
1
2801 104
0
1
2802 277
1
2803 236
1
2804 198
1
2805 319
1
2806 222
1
2807 286
1
2808 48
1
2809 109
1
2810 204
0
1
2811 152
1
2812 112
1
2813 31
1
2814 212
1
2815 214
1
2816 231
1
2817 37
1
2818 162
1
2819 131
1
2820 122
1
2821 90
1
2822 58
1
2823 305
1
2824 148
1
2825 248
1
2826 87
1
2827 300
1
2828 64
1
2829 226
1
2830 276
1
2831 223
1
2832 15
1
2833 322
1
2834 101
1
2835 19
1
2836 5
1
2837 281
1
2838 251
1
2839 108
1
2840 158
1
2841 304
1
2842 113
1
2843 156
1
2844 275
1
2845 29
0
1
2846 195
1
2847 331
1
2848 97
1
2849 14
1
2850 216
1
2851 264
1
2852 104
1
2853 165
1
2854 239
1
2855 285
1
2856 20
1
2857 176
0
1
2858 279
0
1
2859 159
1
2860 243
1
2861 289
1
2862 249
1
2863 126
1
2864 49
1
2865 122
1
2866 9
1
2867 96
0
1
2868 181
1
2869 57
1
2870 148
1
2871 174
1
2872 131
1
2873 107
1
2874 170
0
1
2875 226
1
2876 279
1
2877 80
1
2878 226
1
2879 281
1
2880 175
1
2881 304
1
2882 113
1
2883 68
1
2884 58
1
2885 182
1
2886 86
1
2887 81
1
2888 14
1
2889 96
1
2890 98
1
2891 93
1
2892 303
1
2893 246
1
2894 318
1
2895 38
1
2896 320
1
2897 324
1
2898 18
1
2899 288
1
2900 69
1
2901 212
1
2902 83
1
2903 91
1
2904 287
1
2905 253
1
2906 227
1
2907 39
0
1
2908 245
1
2909 189
0
1
2910 131
0
1
2911 317
1
2912 92
1
2913 37
1
2914 331
1
2915 196
1
2916 187
1
2917 296
1
2918 157
1
2919 84
1
2920 253
1
2921 325
0
0
0
1
2922 114
1
2923 240
0
1
2924 171
1
2925 182
1
2926 50
1
2927 101
1
2928 285
1
2929 293
1
2930 242
1
2931 205
1
2932 241
1
2933 174
1
2934 266
1
2935 143
1
2936 261
1
2937 158
1
2938 213
1
2939 41
1
2940 42
0
1
2941 324
1
2942 289
0
1
2943 163
0
1
2944 167
1
2945 48
1
2946 272
1
2947 56
1
2948 304
1
2949 218
1
2950 44
1
2951 308
1
2952 285
1
2953 328
1
2954 58
0
1
2955 189
1
2956 29
1
2957 152
0
1
2958 110
1
2959 239
1
2960 162
1
2961 45
1
2962 48
1
2963 44
1
2964 103
1
2965 176
1
2966 29
1
2967 167
1
2968 42
1
2969 233
1
2970 126
1
2971 261
1
2972 303
1
2973 8
1
2974 254
1
2975 237
1
2976 268
1
2977 220
1
2978 277
1
2979 210
1
2980 194
1
2981 262
1
2982 151
1
2983 306
1
2984 14
1
2985 155
1
2986 198
1
2987 63
1
2988 291
1
2989 273
1
2990 174
1
2991 286
0
1
2992 68
1
2993 54
1
2994 128
1
2995 305
0
1
2996 135
1
2997 147
1
2998 124
1
2999 291
1
3000 63
1
3001 174
1
3002 32
1
3003 62
0
1
3004 308
0
1
3005 75
1
3006 171
1
3007 180
1
3008 108
1
3009 261
1
3010 119
1
3011 162
1
3012 66
1
3013 140
1
3014 229
1
3015 223
1
3016 238
1
3017 24
1
3018 111
1
3019 256
1
3020 37
1
3021 242
1
3022 107
1
3023 264
1
3024 140
1
3025 25
1
3026 287
1
3027 325
0
1
3028 261
1
3029 268
1
3030 137
1
3031 50
1
3032 20
1
3033 60
1
3034 297
1
3035 109
1
3036 188
0
1
3037 246
1
3038 35
1
3039 212
1
3040 304
1
3041 315
0
1
3042 308
1
3043 129
1
3044 144
1
3045 313
0
1
3046 51
0
1
3047 276
1
3048 3
1
3049 144
1
3050 189
1
3051 158
1
3052 12
1
3053 267
1
3054 266
1
3055 318
1
3056 126
1
3057 136
1
3058 21
1
3059 59
1
3060 258
1
3061 168
0
1
3062 168
1
3063 7
1
3064 295
1
3065 81
0
1
3066 33
1
3067 123
1
3068 138
1
3069 230
1
3070 306
1
3071 166
1
3072 97
0
1
3073 280
1
3074 276
1
3075 43
1
3076 262
0
1
3077 187
1
3078 232
1
3079 134
1
3080 227
1
3081 56
1
3082 139
0
0
1
3083 220
0
0
1
3084 106
1
3085 100
0
0
1
3086 227
0
1
3087 312
0
1
3088 268
1
3089 275
1
3090 71
1
3091 62
1
3092 144
1
3093 194
1
3094 178
1
3095 226
1
3096 14
0
1
3097 10
1
3098 69
1
3099 73
1
3100 105
0
1
3101 228
1
3102 6
1
3103 217
1
3104 171
0
1
3105 60
0
1
3106 261
0
0
1
3107 81
1
3108 255
1
3109 332
1
3110 35
1
3111 38
0
1
3112 203
1
3113 194
1
3114 181
1
3115 108
1
3116 182
1
3117 123
1
3118 58
1
3119 221
1
3120 318
1
3121 203
1
3122 116
0
1
3123 165
1
3124 32
1
3125 277
1
3126 290
1
3127 219
1
3128 245
1
3129 273
1
3130 59
1
3131 72
1
3132 128
1
3133 10
0
1
3134 133
1
3135 195
1
3136 140
1
3137 306
1
3138 11
1
3139 275
1
3140 19
1
3141 118
1
3142 282
1
3143 314
0
1
3144 315
0
1
3145 329
1
3146 305
1
3147 260
0
0
1
3148 25
0
1
3149 209
0
1
3150 226
1
3151 189
1
3152 203
1
3153 289
1
3154 20
1
3155 258
1
3156 22
1
3157 222
1
3158 230
1
3159 121
1
3160 274
1
3161 218
1
3162 317
1
3163 63
1
3164 218
1
3165 120
1
3166 276
1
3167 256
1
3168 96
1
3169 316
1
3170 229
1
3171 251
0
1
3172 61
0
0
1
3173 137
0
1
3174 54
1
3175 148
1
3176 277
1
3177 270
1
3178 218
1
3179 24
1
3180 131
1
3181 135
0
1
3182 104
0
1
3183 24
1
3184 222
1
3185 18
1
3186 251
1
3187 219
0
1
3188 53
1
3189 334
1
3190 83
1
3191 41
1
3192 35
1
3193 274
1
3194 43
1
3195 117
1
3196 228
1
3197 160
1
3198 160
0
1
3199 281
1
3200 30
1
3201 277
1
3202 321
1
3203 244
0
1
3204 109
1
3205 58
0
1
3206 325
1
3207 27
1
3208 329
0
1
3209 275
1
3210 33
1
3211 144
1
3212 141
1
3213 285
1
3214 284
1
3215 202
1
3216 292
1
3217 163
1
3218 318
1
3219 303
0
1
3220 52
1
3221 23
1
3222 228
1
3223 203
1
3224 172
1
3225 6
1
3226 172
1
3227 253
0
0
1
3228 19
1
3229 22
0
1
3230 299
1
3231 34
1
3232 318
1
3233 215
1
3234 60
1
3235 284
1
3236 65
1
3237 45
1
3238 310
1
3239 258
1
3240 130
1
3241 168
0
1
3242 105
1
3243 162
1
3244 25
0
1
3245 230
1
3246 213
1
3247 23
1
3248 305
1
3249 281
1
3250 256
0
1
3251 32
1
3252 68
1
3253 78
0
0
1
3254 31
1
3255 225
1
3256 144
1
3257 196
1
3258 65
1
3259 284
1
3260 120
1
3261 313
1
3262 157
1
3263 86
1
3264 214
1
3265 218
0
0
1
3266 207
1
3267 203
1
3268 333
1
3269 224
1
3270 192
1
3271 76
1
3272 130
1
3273 105
1
3274 9
1
3275 241
1
3276 176
0
0
0
1
3277 269
0
0
1
3278 221
1
3279 192
1
3280 224
1
3281 183
1
3282 95
1
3283 91
0
0
1
3284 223
1
3285 218
1
3286 231
1
3287 118
1
3288 133
1
3289 60
1
3290 96
1
3291 80
0
1
3292 124
0
0
0
1
3293 161
1
3294 277
1
3295 165
1
3296 226
0
0
0
1
3297 249
1
3298 130
1
3299 256
1
3300 110
0
1
3301 173
1
3302 90
1
3303 89
1
3304 322
1
3305 27
1
3306 27
1
3307 241
1
3308 247
1
3309 309
0
0
1
3310 246
1
3311 167
1
3312 244
1
3313 48
0
1
3314 219
1
3315 317
0
1
3316 45
0
1
3317 173
1
3318 211
1
3319 242
1
3320 226
1
3321 313
1
3322 269
1
3323 272
1
3324 112
1
3325 146
1
3326 156
1
3327 8
1
3328 227
0
1
3329 110
0
1
3330 130
1
3331 110
1
3332 268
1
3333 286
1
3334 200
1
3335 45
0
1
3336 33
1
3337 266
1
3338 96
1
3339 86
1
3340 212
1
3341 228
1
3342 35
1
3343 155
0
1
3344 137
1
3345 160
1
3346 107
0
1
3347 127
1
3348 30
1
3349 131
1
3350 134
1
3351 113
1
3352 252
1
3353 218
1
3354 110
1
3355 326
1
3356 300
1
3357 129
1
3358 327
1
3359 307
1
3360 212
0
0
0
1
3361 148
0
1
3362 267
1
3363 28
0
1
3364 196
1
3365 199
1
3366 294
1
3367 216
1
3368 314
0
1
3369 8
1
3370 218
0
1
3371 108
1
3372 183
0
1
3373 242
1
3374 199
0
0
1
3375 255
1
3376 164
0
1
3377 198
0
1
3378 87
1
3379 268
1
3380 217
1
3381 195
1
3382 232
1
3383 54
1
3384 244
0
1
3385 161
1
3386 312
0
1
3387 124
1
3388 118
1
3389 186
1
3390 238
1
3391 332
1
3392 258
1
3393 192
1
3394 323
1
3395 185
1
3396 22
0
1
3397 121
1
3398 296
1
3399 137
1
3400 294
1
3401 255
1
3402 165
1
3403 281
1
3404 275
1
3405 27
1
3406 137
1
3407 131
1
3408 230
1
3409 75
1
3410 277
1
3411 328
1
3412 241
1
3413 213
1
3414 149
0
0
1
3415 66
1
3416 325
1
3417 280
1
3418 51
1
3419 192
0
0
1
3420 151
0
0
1
3421 282
1
3422 330
1
3423 81
1
3424 275
0
1
3425 210
0
1
3426 227
1
3427 167
1
3428 124
1
3429 145
1
3430 289
1
3431 257
1
3432 287
0
0
1
3433 169
1
3434 320
1
3435 148
1
3436 316
1
3437 263
0
1
3438 215
1
3439 194
0
1
3440 61
1
3441 118
1
3442 94
1
3443 206
1
3444 280
1
3445 74
1
3446 90
1
3447 82
1
3448 112
0
1
3449 47
1
3450 161
1
3451 159
1
3452 200
1
3453 207
1
3454 194
0
0
1
3455 226
0
1
3456 225
1
3457 231
1
3458 72
1
3459 213
1
3460 144
1
3461 55
0
1
3462 268
1
3463 114
1
3464 44
1
3465 247
0
1
3466 145
1
3467 333
1
3468 275
1
3469 8
0
1
3470 266
1
3471 109
1
3472 236
1
3473 283
0
1
3474 187
1
3475 306
1
3476 45
1
3477 159
1
3478 27
1
3479 243
1
3480 268
1
3481 232
1
3482 320
1
3483 131
1
3484 33
1
3485 292
1
3486 279
1
3487 48
1
3488 224
1
3489 102
1
3490 21
1
3491 92
0
0
1
3492 317
0
1
3493 128
1
3494 328
0
1
3495 226
0
1
3496 298
1
3497 174
1
3498 25
1
3499 235
1
3500 121
0
1
3501 277
0
0
1
3502 232
1
3503 87
0
1
3504 167
1
3505 54
1
3506 151
1
3507 218
1
3508 284
1
3509 268
1
3510 122
0
0
0
1
3511 291
1
3512 63
1
3513 150
1
3514 265
1
3515 275
1
3516 16
1
3517 198
1
3518 31
1
3519 47
0
1
3520 333
1
3521 86
0
1
3522 17
1
3523 156
1
3524 84
0
1
3525 25
0
0
1
3526 330
1
3527 302
0
1
3528 257
1
3529 193
1
3530 218
1
3531 140
1
3532 328
1
3533 21
0
0
0
1
3534 156
1
3535 111
1
3536 265
1
3537 228
1
3538 79
0
1
3539 83
1
3540 284
1
3541 303
0
1
3542 168
0
0
0
1
3543 94
0
1
3544 218
1
3545 267
0
1
3546 107
1
3547 39
1
3548 321
1
3549 70
1
3550 129
1
3551 155
1
3552 301
1
3553 269
1
3554 110
0
1
3555 144
0
0
1
3556 42
1
3557 171
1
3558 271
1
3559 16
0
1
3560 234
1
3561 240
1
3562 333
1
3563 181
1
3564 157
1
3565 122
1
3566 314
0
1
3567 324
0
1
3568 2
1
3569 171
1
3570 89
1
3571 3
1
3572 150
1
3573 327
1
3574 236
1
3575 304
1
3576 277
1
3577 58
1
3578 84
1
3579 249
1
3580 265
0
0
1
3581 40
1
3582 193
1
3583 282
0
1
3584 48
1
3585 272
1
3586 163
1
3587 193
1
3588 74
1
3589 218
1
3590 175
0
0
1
3591 174
1
3592 29
1
3593 52
1
3594 36
0
1
3595 239
1
3596 198
1
3597 75
0
0
0
0
0
1
3598 306
1
3599 144
0
1
3600 5
1
3601 221
1
3602 208
1
3603 224
1
3604 189
1
3605 305
1
3606 277
1
3607 284
0
1
3608 116
1
3609 11
1
3610 250
0
1
3611 160
1
3612 136
1
3613 205
0
1
3614 126
1
3615 280
0
1
3616 266
1
3617 60
0
1
3618 305
1
3619 317
1
3620 155
0
1
3621 54
1
3622 279
0
0
1
3623 328
0
1
3624 265
0
1
3625 27
0
0
1
3626 244
1
3627 172
1
3628 320
1
3629 242
0
0
1
3630 47
1
3631 189
1
3632 109
1
3633 96
0
1
3634 254
1
3635 293
1
3636 248
1
3637 112
1
3638 286
0
1
3639 207
1
3640 270
0
1
3641 277
1
3642 195
0
1
3643 45
1
3644 297
0
1
3645 166
1
3646 275
1
3647 131
0
1
3648 136
1
3649 66
0
1
3650 213
1
3651 87
1
3652 255
1
3653 184
1
3654 83
1
3655 103
1
3656 225
1
3657 318
1
3658 12
1
3659 151
0
0
1
3660 132
0
0
0
1
3661 245
1
3662 72
1
3663 298
1
3664 254
1
3665 20
1
3666 67
0
1
3667 133
1
3668 219
1
3669 268
1
3670 330
1
3671 182
1
3672 16
0
1
3673 280
1
3674 189
0
0
1
3675 18
1
3676 64
1
3677 259
1
3678 273
0
1
3679 28
1
3680 265
0
0
1
3681 175
1
3682 190
1
3683 253
1
3684 168
1
3685 173
1
3686 307
1
3687 243
1
3688 305
0
1
3689 65
1
3690 147
0
1
3691 295
1
3692 240
1
3693 136
1
3694 151
0
1
3695 291
1
3696 332
0
1
3697 99
0
1
3698 126
1
3699 122
1
3700 29
1
3701 198
1
3702 167
0
1
3703 155
1
3704 229
0
1
3705 227
1
3706 69
1
3707 216
1
3708 67
0
1
3709 308
0
1
3710 25
0
1
3711 265
0
1
3712 211
1
3713 27
1
3714 138
1
3715 271
1
3716 35
1
3717 194
1
3718 60
0
0
0
1
3719 272
1
3720 254
1
3721 156
1
3722 226
1
3723 315
1
3724 290
0
0
0
0
1
3725 4
1
3726 289
1
3727 209
0
1
3728 318
1
3729 125
1
3730 39
1
3731 190
1
3732 112
1
3733 97
0
1
3734 260
0
1
3735 83
1
3736 221
0
0
1
3737 316
1
3738 103
0
0
1
3739 123
1
3740 325
1
3741 144
1
3742 310
0
1
3743 305
0
1
3744 77
0
0
1
3745 179
0
0
1
3746 142
1
3747 13
0
1
3748 289
0
0
0
0
1
3749 72
1
3750 277
0
1
3751 205
1
3752 277
1
3753 27
1
3754 183
1
3755 237
0
1
3756 242
1
3757 42
1
3758 306
0
1
3759 163
1
3760 257
1
3761 254
1
3762 197
1
3763 15
1
3764 323
0
1
3765 64
1
3766 230
0
1
3767 167
0
0
1
3768 38
1
3769 45
1
3770 82
1
3771 256
0
1
3772 198
0
1
3773 173
0
0
1
3774 33
1
3775 107
1
3776 144
1
3777 200
1
3778 256
0
0
0
1
3779 124
1
3780 227
1
3781 238
1
3782 73
0
0
1
3783 322
0
1
3784 55
1
3785 268
0
0
1
3786 76
1
3787 76
1
3788 291
0
1
3789 88
0
1
3790 128
1
3791 218
1
3792 281
1
3793 185
1
3794 142
1
3795 180
1
3796 98
0
0
1
3797 69
0
1
3798 196
1
3799 44
0
0
1
3800 51
1
3801 154
0
1
3802 230
0
0
0
0
0
1
3803 269
0
1
3804 153
1
3805 26
1
3806 261
1
3807 260
1
3808 83
1
3809 63
0
1
3810 301
1
3811 44
1
3812 198
1
3813 199
1
3814 166
0
0
0
1
3815 42
0
1
3816 17
0
0
1
3817 93
1
3818 239
1
3819 223
1
3820 243
1
3821 164
0
0
1
3822 173
1
3823 236
1
3824 218
0
1
3825 206
0
1
3826 281
1
3827 315
1
3828 318
1
3829 199
0
1
3830 224
0
0
1
3831 169
1
3832 108
1
3833 225
0
0
0
1
3834 212
1
3835 172
1
3836 35
1
3837 234
1
3838 226
0
0
1
3839 306
1
3840 249
0
1
3841 311
1
3842 237
0
1
3843 157
1
3844 291
0
1
3845 95
0
1
3846 263
1
3847 54
1
3848 307
0
1
3849 205
1
3850 27
1
3851 326
0
1
3852 258
1
3853 212
0
1
3854 2
1
3855 186
0
1
3856 274
1
3857 279
1
3858 61
1
3859 243
0
1
3860 284
1
3861 214
0
0
1
3862 95
1
3863 225
0
1
3864 243
0
1
3865 72
0
1
3866 87
0
0
1
3867 155
0
1
3868 166
1
3869 277
0
0
0
0
1
3870 175
0
0
1
3871 126
1
3872 215
1
3873 187
0
1
3874 70
1
3875 198
1
3876 192
1
3877 260
1
3878 226
1
3879 15
0
1
3880 23
1
3881 73
0
0
1
3882 235
1
3883 334
0
1
3884 184
0
0
0
1
3885 221
1
3886 141
0
0
1
3887 319
0
1
3888 36
1
3889 318
1
3890 65
1
3891 46
1
3892 62
1
3893 115
1
3894 123
1
3895 75
1
3896 68
0
1
3897 195
1
3898 78
0
1
3899 131
0
1
3900 66
0
0
1
3901 246
0
1
3902 185
0
1
3903 6
1
3904 316
0
1
3905 214
1
3906 31
0
1
3907 199
1
3908 18
0
1
3909 2
1
3910 297
1
3911 251
1
3912 167
0
0
0
1
3913 316
1
3914 80
1
3915 284
0
0
0
1
3916 288
1
3917 54
1
3918 320
1
3919 281
0
1
3920 317
0
1
3921 204
0
0
1
3922 257
0
1
3923 140
0
1
3924 184
1
3925 282
0
1
3926 215
0
1
3927 317
0
1
3928 182
1
3929 130
1
3930 244
0
1
3931 295
0
0
1
3932 286
1
3933 18
0
1
3934 298
1
3935 312
1
3936 292
0
1
3937 212
1
3938 277
0
0
0
1
3939 73
0
0
1
3940 15
1
3941 118
0
1
3942 185
1
3943 189
1
3944 19
0
1
3945 251
1
3946 39
0
1
3947 222
0
0
1
3948 14
1
3949 105
0
0
1
3950 79
1
3951 184
1
3952 234
1
3953 124
0
1
3954 164
0
0
1
3955 111
1
3956 259
1
3957 46
0
0
0
1
3958 301
0
1
3959 24
1
3960 17
1
3961 57
1
3962 160
1
3963 20
0
0
1
3964 203
1
3965 267
0
0
1
3966 223
0
0
1
3967 100
0
1
3968 226
1
3969 29
1
3970 136
0
0
1
3971 76
1
3972 199
1
3973 178
1
3974 34
1
3975 18
1
3976 175
1
3977 293
0
1
3978 117
0
1
3979 156
1
3980 134
0
1
3981 291
0
1
3982 146
1
3983 233
0
1
3984 240
0
0
1
3985 26
1
3986 316
1
3987 208
0
0
0
0
0
0
1
3988 207
1
3989 160
0
1
3990 223
1
3991 10
1
3992 137
0
1
3993 179
1
3994 291
1
3995 285
1
3996 230
1
3997 53
0
0
1
3998 304
1
3999 146
1
4000 308
0
1
4001 315
0
0
0
1
4002 165
1
4003 182
0
0
0
1
4004 211
1
4005 86
0
0
1
4006 292
0
1
4007 42
0
0
0
0
1
4008 160
1
4009 143
0
1
4010 292
0
1
4011 192
1
4012 182
1
4013 306
0
0
1
4014 297
0
0
1
4015 275
0
0
0
1
4016 282
0
1
4017 261
1
4018 59
0
1
4019 152
0
0
0
0
0
0
0
1
4020 284
0
1
4021 25
0
0
1
4022 306
1
4023 326
1
4024 146
1
4025 167
1
4026 167
0
0
1
4027 247
0
1
4028 295
0
0
0
1
4029 305
1
4030 109
1
4031 83
1
4032 277
1
4033 85
0
1
4034 226
1
4035 225
1
4036 163
0
0
0
0
1
4037 53
0
0
0
1
4038 236
1
4039 7
1
4040 321
1
4041 148
1
4042 29
1
4043 80
1
4044 67
0
1
4045 293
0
0
1
4046 189
1
4047 311
0
0
0
0
1
4048 102
0
1
4049 138
1
4050 325
1
4051 173
1
4052 184
0
1
4053 189
0
0
0
0
0
1
4054 277
0
1
4055 289
0
1
4056 84
1
4057 32
1
4058 21
0
1
4059 268
1
4060 187
1
4061 141
0
1
4062 149
1
4063 243
1
4064 268
0
1
4065 69
1
4066 155
0
1
4067 18
0
1
4068 203
1
4069 317
0
0
0
1
4070 288
1
4071 259
0
1
4072 287
1
4073 114
0
1
4074 159
0
1
4075 225
1
4076 63
1
4077 19
0
1
4078 20
0
1
4079 30
0
0
0
0
1
4080 224
0
1
4081 155
0
0
1
4082 160
1
4083 45
0
0
1
4084 118
0
1
4085 186
1
4086 27
0
1
4087 203
0
0
0
0
0
1
4088 199
0
1
4089 148
0
0
0
1
4090 160
0
0
0
1
4091 324
1
4092 163
1
4093 13
0
0
0
1
4094 232
1
4095 87
1
4096 77
1
4097 275
1
4098 98
0
0
0
1
4099 177
0
0
1
4100 134
0
0
0
0
1
4101 54
0
0
1
4102 277
1
4103 113
0
0
0
0
0
0
0
0
1
4104 317
1
4105 167
0
1
4106 97
0
0
1
4107 64
1
4108 18
1
4109 243
1
4110 85
1
4111 190
0
0
1
4112 261
1
4113 35
1
4114 29
1
4115 96
0
1
4116 306
1
4117 20
1
4118 137
0
1
4119 88
0
0
1
4120 64
1
4121 312
1
4122 321
1
4123 51
1
4124 147
1
4125 59
0
1
4126 174
0
0
1
4127 185
1
4128 291
0
1
4129 158
1
4130 314
1
4131 107
0
0
1
4132 74
0
1
4133 279
1
4134 62
1
4135 333
0
1
4136 86
1
4137 124
0
0
1
4138 54
0
1
4139 140
0
1
4140 28
0
1
4141 187
1
4142 219
0
1
4143 40
0
1
4144 222
1
4145 188
1
4146 5
0
1
4147 159
1
4148 100
1
4149 101
0
1
4150 205
1
4151 3
1
4152 71
0
1
4153 69
1
4154 7
1
4155 45
1
4156 227
1
4157 263
1
4158 285
0
1
4159 26
1
4160 273
0
1
4161 131
0
0
0
1
4162 70
1
4163 100
1
4164 131
1
4165 97
1
4166 38
1
4167 31
1
4168 272
1
4169 276
0
1
4170 159
0
1
4171 68
1
4172 144
1
4173 239
1
4174 231
1
4175 94
0
0
1
4176 322
0
0
1
4177 163
1
4178 216
0
0
0
0
1
4179 193
1
4180 189
1
4181 246
1
4182 278
1
4183 129
1
4184 255
1
4185 28
0
1
4186 79
0
0
0
1
4187 44
0
0
0
0
1
4188 229
1
4189 53
1
4190 31
1
4191 36
0
1
4192 195
1
4193 291
1
4194 98
1
4195 330
1
4196 322
1
4197 134
0
0
0
0
0
1
4198 18
1
4199 218
1
4200 133
0
0
0
1
4201 190
1
4202 82
0
0
0
0
1
4203 14
0
1
4204 306
0
1
4205 22
0
0
0
1
4206 305
0
0
0
1
4207 242
1
4208 35
0
1
4209 161
0
0
0
0
0
0
1
4210 69
0
0
0
0
1
4211 215
1
4212 139
0
0
1
4213 221
0
1
4214 202
1
4215 242
1
4216 70
1
4217 212
1
4218 324
0
1
4219 110
0
0
1
4220 292
0
0
1
4221 255
0
0
1
4222 194
1
4223 121
0
0
0
1
4224 261
1
4225 321
0
1
4226 83
1
4227 200
0
1
4228 191
1
4229 243
0
1
4230 265
1
4231 280
0
1
4232 164
0
1
4233 39
1
4234 286
1
4235 53
0
0
1
4236 104
0
1
4237 293
0
1
4238 38
0
0
0
0
0
1
4239 2
1
4240 255
0
0
0
0
1
4241 37
0
0
1
4242 193
0
1
4243 277
0
0
0
1
4244 97
0
1
4245 38
0
0
0
0
1
4246 91
0
0
1
4247 233
1
4248 331
0
0
1
4249 168
1
4250 316
0
1
4251 305
0
0
0
0
0
0
1
4252 116
1
4253 316
0
0
0
0
0
0
0
0
1
4254 114
0
1
4255 53
0
0
0
1
4256 275
0
0
0
1
4257 263
0
1
4258 167
0
1
4259 61
0
0
1
4260 107
1
4261 124
1
4262 185
0
1
4263 63
0
0
0
0
1
4264 180
0
1
4265 151
1
4266 167
0
0
1
4267 261
0
1
4268 150
0
0
0
1
4269 144
0
0
1
4270 48
0
0
0
0
0
0
1
4271 155
1
4272 217
0
0
1
4273 50
0
1
4274 59
0
0
0
1
4275 271
0
0
1
4276 281
0
0
1
4277 225
1
4278 190
0
1
4279 254
1
4280 184
0
0
0
1
4281 151
0
0
1
4282 20
0
0
1
4283 239
1
4284 160
1
4285 141
0
1
4286 293
0
1
4287 269
0
0
0
1
4288 11
1
4289 210
0
0
0
1
4290 221
0
1
4291 129
1
4292 88
0
0
0
0
0
1
4293 12
1
4294 23
1
4295 206
1
4296 63
0
1
4297 331
0
0
0
1
4298 6
1
4299 128
1
4300 253
1
4301 197
0
1
4302 174
0
0
1
4303 118
0
1
4304 105
0
0
1
4305 98
0
0
1
4306 212
1
4307 134
1
4308 223
1
4309 291
1
4310 264
0
0
0
1
4311 327
0
0
1
4312 102
0
0
0
0
0
1
4313 164
1
4314 139
1
4315 134
1
4316 50
0
0
1
4317 204
1
4318 37
1
4319 10
0
0
1
4320 306
1
4321 216
0
1
4322 192
1
4323 207
0
1
4324 151
0
0
1
4325 271
0
0
0
0
0
1
4326 107
1
4327 131
0
0
0
0
0
1
4328 301
0
0
1
4329 297
1
4330 16
1
4331 241
0
0
1
4332 224
0
1
4333 270
0
0
0
0
1
4334 244
0
0
1
4335 150
0
0
0
1
4336 327
0
0
0
1
4337 29
0
1
4338 218
1
4339 252
0
1
4340 208
1
4341 235
1
4342 226
0
0
0
0
0
1
4343 189
1
4344 36
1
4345 320
1
4346 8
1
4347 212
1
4348 291
1
4349 281
0
1
4350 6
1
4351 229
1
4352 167
0
1
4353 273
0
0
0
0
1
4354 82
0
0
0
1
4355 218
1
4356 113
0
0
0
1
4357 191
0
1
4358 35
0
0
1
4359 83
0
0
1
4360 305
1
4361 225
0
0
0
1
4362 121
0
1
4363 229
1
4364 318
1
4365 21
0
1
4366 154
0
0
0
1
4367 221
1
4368 275
0
0
0
1
4369 68
0
0
0
0
1
4370 234
1
4371 181
1
4372 35
1
4373 231
0
1
4374 155
0
0
0
0
1
4375 244
1
4376 333
0
0
0
0
0
0
0
0
0
1
4377 122
0
0
1
4378 212
1
4379 211
0
0
1
4380 103
0
1
4381 225
0
0
0
0
0
1
4382 129
0
0
1
4383 211
0
1
4384 326
1
4385 266
0
0
0
0
1
4386 273
0
0
0
1
4387 168
1
4388 310
1
4389 235
0
0
1
4390 277
0
0
0
0
0
0
1
4391 228
0
1
4392 11
0
1
4393 218
1
4394 35
0
0
0
0
0
0
1
4395 151
0
0
0
1
4396 201
0
1
4397 325
0
0
0
0
0
0
0
1
4398 197
1
4399 183
0
1
4400 106
1
4401 259
0
0
0
1
4402 71
0
0
0
1
4403 322
0
0
0
0
0
1
4404 2
1
4405 170
1
4406 160
1
4407 19
0
0
0
1
4408 305
0
0
0
1
4409 231
0
0
1
4410 331
0
1
4411 137
0
0
1
4412 233
1
4413 76
0
1
4414 275
1
4415 239
0
0
0
1
4416 105
1
4417 3
1
4418 111
1
4419 282
0
0
0
0
0
1
4420 317
0
1
4421 32
1
4422 199
0
0
1
4423 125
1
4424 176
0
0
0
0
1
4425 255
1
4426 163
0
1
4427 108
0
1
4428 44
0
0
0
0
1
4429 74
1
4430 132
1
4431 11
1
4432 160
1
4433 332
0
0
0
0
0
0
0
0
1
4434 124
0
0
0
1
4435 236
1
4436 160
0
0
0
0
0
0
1
4437 251
0
0
0
0
0
0
0
1
4438 224
0
1
4439 203
0
0
1
4440 89
1
4441 103
0
0
0
0
0
0
0
1
4442 203
1
4443 255
0
1
4444 31
0
1
4445 162
1
4446 326
1
4447 29
0
1
4448 135
0
0
0
0
0
0
1
4449 250
0
1
4450 31
1
4451 289
0
1
4452 25
0
1
4453 31
0
0
1
4454 275
1
4455 250
0
0
0
0
0
0
1
4456 66
1
4457 54
0
0
0
1
4458 281
0
0
0
0
0
0
0
1
4459 226
0
1
4460 155
0
1
4461 254
1
4462 89
0
1
4463 25
0
1
4464 8
0
1
4465 228
0
0
1
4466 132
0
1
4467 35
1
4468 262
0
0
0
0
1
4469 164
0
0
0
0
0
0
0
1
4470 193
0
1
4471 288
0
0
0
0
0
1
4472 310
1
4473 168
0
0
1
4474 209
0
1
4475 47
0
1
4476 257
0
0
1
4477 188
0
0
0
0
0
0
1
4478 225
0
1
4479 216
1
4480 166
0
1
4481 191
0
0
0
1
4482 46
1
4483 111
0
0
0
0
1
4484 295
0
1
4485 172
1
4486 218
1
4487 246
0
0
0
0
0
0
0
1
4488 263
0
0
1
4489 252
0
0
1
4490 95
1
4491 262
1
4492 167
1
4493 209
1
4494 193
0
0
0
0
0
0
0
1
4495 170
0
1
4496 57
0
0
0
0
0
1
4497 25
0
0
0
0
0
0
0
0
0
1
4498 172
1
4499 309
0
0
0
0
1
4500 305
1
4501 290
0
1
4502 140
0
0
0
0
0
0
1
4503 28
0
0
1
4504 149
0
0
0
0
0
0
0
0
0
0
0
1
4505 58
0
0
0
0
0
0
0
0
1
4506 29
0
1
4507 330
0
0
0
0
0
0
0
0
0
0
0
0
0
0
0
0
0
0
0
0
0
1
4508 52
0
0
0
0
0
0
0
1
4509 148
0
1
4510 23
0
1
4511 87
0
0
0
0
1
4512 164
0
0
1
4513 83
1
4514 214
0
1
4515 124
1
4516 272
0
0
1
4517 243
1
4518 83
0
0
0
1
4519 107
1
4520 77
0
0
0
1
4521 303
0
1
4522 174
0
0
0
0
1
4523 88
0
1
4524 309
0
0
1
4525 58
0
1
4526 13
0
0
0
0
0
0
0
1
4527 322
0
0
0
0
1
4528 81
0
0
1
4529 291
0
0
0
1
4530 171
0
0
0
0
1
4531 110
0
1
4532 23
0
0
1
4533 80
0
0
1
4534 236
1
4535 246
0
0
0
0
0
1
4536 119
1
4537 63
0
1
4538 96
1
4539 300
1
4540 247
0
0
0
1
4541 306
1
4542 143
1
4543 173
0
1
4544 227
1
4545 221
1
4546 272
0
0
1
4547 108
1
4548 142
1
4549 93
0
0
0
1
4550 324
1
4551 211
1
4552 5
0
1
4553 262
1
4554 293
0
0
0
1
4555 213
0
0
0
0
1
4556 193
1
4557 39
1
4558 36
1
4559 190
0
0
1
4560 141
0
1
4561 188
0
0
1
4562 306
1
4563 167
1
4564 7
0
0
0
1
4565 50
1
4566 268
0
0
1
4567 305
0
0
0
1
4568 4
1
4569 239
0
0
0
0
0
0
1
4570 125
0
0
0
0
0
1
4571 84
0
1
4572 86
0
0
0
1
4573 158
1
4574 135
0
0
0
1
4575 253
0
0
0
0
0
0
0
0
0
1
4576 225
0
1
4577 188
0
0
1
4578 323
0
1
4579 291
0
1
4580 250
0
0
0
0
0
1
4581 273
1
4582 271
0
0
1
4583 308
0
0
1
4584 186
1
4585 221
0
0
0
0
0
1
4586 188
0
0
0
0
0
0
0
0
0
0
0
0
0
0
0
0
1
4587 169
0
0
1
4588 139
1
4589 312
0
0
0
0
0
0
1
4590 82
0
0
1
4591 179
0
1
4592 178
0
0
0
0
1
4593 239
0
1
4594 141
0
0
0
0
1
4595 130
0
1
4596 280
0
0
0
0
1
4597 8
1
4598 234
0
0
1
4599 167
0
1
4600 287
0
0
0
0
0
0
0
0
0
0
0
0
0
0
1
4601 275
0
0
0
1
4602 280
1
4603 77
0
0
0
1
4604 22
1
4605 194
0
1
4606 160
0
0
0
0
1
4607 250
0
1
4608 217
0
1
4609 235
0
0
0
1
4610 90
0
1
4611 22
1
4612 158
1
4613 74
0
0
0
0
1
4614 159
0
1
4615 202
0
0
0
1
4616 290
1
4617 311
0
0
0
0
0
1
4618 35
1
4619 244
1
4620 131
0
0
1
4621 60
0
0
0
0
0
0
0
0
0
0
0
0
1
4622 13
0
0
0
1
4623 277
0
0
0
1
4624 306
1
4625 288
0
0
0
0
1
4626 160
0
0
0
0
1
4627 229
0
1
4628 317
0
0
0
0
0
0
0
0
1
4629 64
0
0
0
0
0
0
1
4630 333
0
0
0
1
4631 23
1
4632 62
1
4633 231
0
1
4634 226
0
1
4635 176
0
0
0
1
4636 264
0
1
4637 181
0
0
1
4638 26
0
0
1
4639 293
0
1
4640 301
0
0
0
0
0
0
1
4641 159
0
0
0
0
0
0
0
0
0
1
4642 77
0
0
1
4643 109
1
4644 82
0
0
1
4645 158
0
0
0
0
0
0
0
0
0
0
0
0
0
0
0
1
4646 194
0
0
0
0
0
1
4647 161
1
4648 280
0
0
0
0
0
0
0
0
0
0
0
0
0
1
4649 334
0
0
0
0
0
0
0
0
0
0
0
1
4650 44
0
0
0
1
4651 279
0
0
0
0
1
4652 97
0
1
4653 246
0
0
0
0
0
1
4654 9
0
0
1
4655 171
0
0
0
0
1
4656 314
0
0
0
0
0
0
0
1
4657 102
0
0
0
0
1
4658 84
1
4659 321
0
0
0
1
4660 288
0
0
0
0
0
0
1
4661 60
0
1
4662 38
1
4663 270
0
0
0
0
0
0
0
1
4664 28
0
0
0
0
0
0
0
0
0
0
0
0
0
0
0
0
0
0
0
1
4665 35
0
0
0
1
4666 148
0
0
0
0
0
0
0
0
0
0
0
0
0
0
0
1
4667 9
0
0
0
0
0
0
0
0
1
4668 234
0
1
4669 314
0
0
0
0
1
4670 281
0
0
0
0
0
0
0
0
0
0
0
0
1
4671 251
0
0
0
0
0
0
0
0
0
1
4672 109
0
0
0
0
1
4673 43
0
0
0
0
0
0
0
0
1
4674 51
0
0
0
0
0
0
1
4675 135
0
0
0
0
0
1
4676 277
0
0
0
0
0
0
0
0
0
0
0
0
0
0
0
0
0
0
0
0
0
0
1
4677 171
0
0
0
1
4678 165
0
0
0
0
0
0
0
0
0
0
0
0
0
1
4679 306
0
0
0
0
0
0
0
1
4680 221
0
0
0
1
4681 35
0
0
1
4682 116
0
0
0
0
0
0
0
0
0
0
0
0
0
0
0
0
0
0
0
0
0
0
0
1
4683 90
0
0
0
0
0
0
0
1
4684 193
0
0
0
0
0
0
0
0
1
4685 101
0
0
0
0
1
4686 168
0
0
0
0
0
0
0
0
0
0
0
0
0
0
1
4687 108
0
1
4688 98
0
0
0
0
0
0
1
4689 146
0
0
0
1
4690 255
0
0
0
0
0
1
4691 143
0
0
0
0
0
0
0
0
0
0
1
4692 333
0
0
0
1
4693 115
0
0
0
0
0
0
0
0
0
0
0
0
0
0
0
0
0
0
0
0
0
0
0
0
0
0
0
0
0
0
0
0
0
0
0
0
0
0
0
0
0
0
0
0
0
0
0
0
0
0
0
0
0
0
0
1
4694 208
0
0
0
0
0
0
0
0
0
0
0
0
0
0
0
0
0
1
4695 142
0
0
0
0
0
0
0
0
0
1
4696 145
0
0
0
1
4697 155
1
4698 289
0
0
0
0
0
0
0
1
4699 14
0
1
4700 88
0
0
0
0
0
0
1
4701 131
0
0
0
0
0
0
0
0
0
0
0
1
4702 190
0
0
0
0
0
0
0
0
0
0
0
0
0
0
0
0
0
0
0
0
0
0
0
0
0
0
0
1
4703 246
0
0
1
4704 156
1
4705 191
0
0
0
0
0
0
0
0
0
0
0
1
4706 87
0
0
0
0
0
0
0
0
0
0
0
1
4707 13
0
0
0
0
0
0
1
4708 181
1
4709 11
0
0
0
0
0
0
0
1
4710 89
1
4711 190
0
0
0
0
0
0
0
0
0
0
0
0
0
0
0
0
0
0
0
0
0
0
0
0
0
0
0
0
0
0
0
0
0
0
0
0
0
1
4712 20
0
0
1
4713 64
0
0
0
0
0
1
4714 165
0
0
0
0
0
0
0
0
0
0
0
0
0
1
4715 88
0
0
0
0
0
0
0
0
0
0
0
0
0
0
0
0
1
4716 313
0
0
0
0
0
1
4717 240
1
4718 30
0
0
0
0
0
0
0
0
0
0
0
1
4719 307
0
0
0
0
0
0
0
0
0
0
0
0
0
0
0
0
0
0
0
0
0
0
0
0
0
0
0
0
0
0
0
0
0
0
0
1
4720 122
0
0
0
0
0
0
0
0
0
0
0
0
0
0
0
1
4721 283
1
4722 70
1
4723 122
0
0
0
0
0
0
0
0
0
0
0
0
0
0
0
0
0
0
0
0
0
0
0
0
0
0
0
0
0
0
0
0
0
1
4724 287
0
0
0
0
0
0
0
0
0
0
0
0
0
0
0
0
0
0
0
0
0
0
0
0
0
0
0
0
0
0
0
0
0
0
0
0
0
0
0
0
0
1
4725 131
0
0
0
0
0
0
0
0
0
0
0
0
0
0
0
1
4726 285
0
0
0
0
0
1
4727 178
0
0
0
0
0
0
0
0
0
0
0
0
0
0
0
0
0
0
0
0
0
0
0
0
0
0
0
0
0
0
0
0
1
4728 50
0
0
0
0
0
0
0
1
4729 279
0
0
0
0
0
0
0
0
0
0
0
0
0
0
0
0
0
0
0
0
0
0
0
0
0
0
0
0
0
0
0
0
0
0
0
0
0
0
0
1
4730 154
0
0
0
0
0
1
4731 298
1
4732 304
0
0
0
0
0
0
0
0
0
0
0
0
0
0
0
1
4733 57
0
0
0
0
0
0
0
0
0
1
4734 312
0
0
0
0
0
0
0
0
0
0
0
0
0
0
0
0
0
0
0
0
0
0
0
0
0
0
0
0
0
0
0
0
0
0
0
0
0
0
0
0
0
0
0
0
0
0
0
0
0
0
0
0
0
0
0
0
0
0
0
0
0
0
0
0
0
0
0
0
0
0
0
0
0
0
0
0
0
0
0
0
0
0
0
0
0
0
0
0
0
0
0
0
0
0
0
0
0
0
0
0
0
0
0
0
0
0
0
0
0
0
0
0
0
0
0
0
0
0
0
0
0
0
0
0
0
0
0
0
0
0
0
0
0
0
0
0
0
0
0
0
0
0
0
0
0
0
0
0
0
0
0
0
0
0
0
0
0
0
0
0
0
0
0
0
0
0
0
0
0
0
0
0
0
0
0
0
0
0
0
0
0
0
0
0
0
0
0
0
0
0
0
0
0
0
0
0
0
0
0
0
0
0
0
0
0
0
0
0
0
0
0
0
0
0
0
0
0
0
0
0
0
0
0
0
0
0
0
0
0
0
0
0
0
0
0
0
0
0
0
0
0
0
0
0
0
0
0
0
0
0
0
0
0
0
0
0
0
0
0
0
0
0
0
0
0
0
0
0
0
0
0
0
0
0
0
0
0
0
0
0
0
0
0
0
0
0
0
0
0
0
0
0
0
0
0
0
0
0
0
0
0
0
0
0
0
0
0
0
0
0
0
0
0
0
0
0
0
0
0
0
0
0
0
0
0
0
0
0
0
0
0
0
0
0
0
0
0
0
0
0
0
0
0
0
0
0
0
0
0
0
0
0
0
0
0
0
0
0
0
0
0
0
0
0
0
0
0
0
0
0
0
0
0
0
0
0
0
0
0
0
0
0
0
0
0
0
0
0
0
0
0
0
0
0
0
0
0
0
0
0
0
0
0
0
0
0
0
0
0
0
0
0
0
0
0
0
0
0
0
0
0
0
0
0
0
0
0
0
0
0
0
0
0
0
0
0
0
0
0
0
0
0
0
0
0
0
0
0
0
0
0
0
0
0
0
0
0
0
0
0
0
0
0
0
0
0
0
0
0
0
0
0
0
0
0
0
0
0
0
0
0
0
0
0
0
0
0
0
0
0
0
0
0
0
0
0
0
0
0
0
0
0
0
0
0
0
0
0
0
0
0
0
0
0
0
0
0
0
0
0
0
0
0
0
0
0
0
0
0
0
0
0
0
0
0
0
0
0
0
0
0
0
0
0
0
0
0
0
0
0
0
0
0
0
0
0
0
0
0
0
0
0
0
0
0
0
0
0
0
0
0
0
0
0
0
0
0
0
