360 541
322 55 3
72 223 2
129 203 4
171 320 2
278 17 2
30 11 2
54 293 3
31 26 3
153 29 4
19 131 3
307 57 3
42 59 3
90 276 4
345 209 3
102 252 2
203 58 3
22 41 3
140 38 6
23 342 2
123 98 5
278 14 3
112 86 3
92 195 2
341 238 4
26 325 5
108 214 3
136 236 3
233 65 2
44 172 3
3 65 3
149 301 4
69 245 3
342 155 2
31 282 2
153 191 2
227 53 5
173 347 4
81 52 2
123 299 4
359 232 3
214 277 3
115 108 4
162 182 2
111 131 3
289 6 3
289 97 4
156 302 3
25 87 2
117 57 2
183 220 5
47 291 3
64 344 3
330 139 3
203 170 4
355 109 3
80 355 2
156 258 2
23 303 3
156 48 4
105 162 2
89 181 2
58 36 4
280 298 3
286 107 3
273 85 3
176 111 3
333 274 3
40 253 4
10 325 3
104 312 2
103 179 2
182 105 2
353 28 2
187 39 3
208 236 3
138 222 4
201 49 3
160 78 3
143 142 3
33 269 2
210 53 3
275 198 3
186 136 5
97 339 3
242 355 3
109 285 4
202 40 3
297 121 3
221 140 4
15 92 4
161 78 1
134 19 2
319 82 3
115 200 3
120 293 3
232 168 4
182 102 2
288 237 1
126 211 4
126 50 3
183 110 4
225 77 3
104 114 3
226 343 5
68 351 4
44 285 3
47 326 3
96 223 3
240 200 4
41 298 4
274 244 2
38 339 5
202 339 3
300 76 4
308 151 3
291 326 4
266 301 3
1 98 3
40 339 2
304 165 3
309 59 3
168 359 3
330 62 3
21 348 3
273 12 2
36 30 3
207 178 2
261 315 2
113 292 2
99 66 4
352 242 3
287 22 4
167 145 4
118 90 3
269 327 3
229 122 3
15 9 4
356 106 4
260 60 3
130 321 4
176 113 4
292 76 4
94 191 4
218 192 5
344 86 4
195 217 3
34 74 2
39 4 3
185 46 3
57 360 2
358 323 3
131 142 2
252 182 2
99 35 4
91 283 3
151 240 4
115 176 3
304 170 6
192 268 5
221 7 5
177 303 3
311 149 5
135 49 4
130 109 3
9 148 2
2 237 3
275 272 4
314 91 3
163 287 4
255 251 4
171 93 4
132 322 3
342 303 2
336 158 5
4 309 3
20 214 3
310 342 2
336 264 3
145 26 4
218 240 3
219 338 4
205 225 4
228 25 1
320 338 2
254 334 3
261 184 4
75 20 3
76 79 3
281 54 5
125 112 5
306 284 3
194 141 3
74 247 4
61 253 2
241 336 2
54 193 4
12 85 1
201 318 3
103 257 4
46 294 4
305 50 3
202 94 3
350 22 3
72 357 3
134 142 3
230 61 5
207 351 3
344 18 4
307 265 4
96 72 4
288 39 2
32 226 3
340 121 2
224 225 3
267 246 3
316 83 4
100 45 2
354 13 3
81 284 4
234 227 4
323 138 3
24 9 2
186 34 3
318 120 4
50 348 2
273 183 5
133 197 4
14 11 5
217 290 3
38 7 3
164 106 3
250 324 3
147 243 3
264 215 4
159 270 5
174 104 3
70 53 4
220 170 4
280 154 4
82 84 2
42 276 2
70 175 2
188 169 3
123 78 2
73 272 3
180 274 2
11 264 5
358 193 4
151 206 4
216 99 3
244 180 3
148 24 3
26 282 4
244 329 2
346 239 3
290 1 1
58 158 3
4 288 2
328 247 3
71 345 5
161 160 5
299 35 3
272 133 1
255 258 4
139 62 3
305 348 3
233 82 5
149 266 4
210 194 2
254 335 4
354 320 3
268 29 4
235 263 3
42 309 2
168 127 3
90 147 4
246 310 4
93 13 4
196 89 2
50 157 3
205 77 2
37 100 2
8 208 4
350 337 2
37 294 2
23 310 2
179 98 5
231 16 3
265 353 2
325 175 3
357 223 3
337 22 2
77 71 3
247 28 4
51 267 3
87 228 3
236 186 4
141 95 1
350 41 2
117 360 2
226 243 5
161 150 3
212 165 4
85 190 2
67 241 5
149 211 3
306 52 2
251 17 5
146 320 3
175 329 5
134 152 3
310 177 2
91 21 4
29 79 1
64 125 3
30 158 3
205 337 3
133 73 3
124 204 3
334 148 2
189 248 3
178 5 7
234 68 2
129 128 4
213 124 4
317 65 2
129 304 3
130 44 5
150 299 3
324 275 4
209 63 2
318 235 2
166 230 4
198 239 2
340 297 3
145 10 2
160 335 4
331 332 2
242 321 3
270 211 4
268 230 3
234 351 4
286 283 4
48 215 1
67 33 3
224 287 4
62 228 4
9 334 3
157 159 3
316 267 1
154 28 2
172 8 3
68 199 3
220 80 3
66 257 3
20 308 1
174 312 2
135 51 4
198 256 2
135 316 4
20 206 2
21 283 4
32 147 3
347 332 3
84 314 3
120 263 3
56 189 4
106 282 3
37 28 4
345 69 3
302 258 2
262 194 3
155 16 3
340 167 4
177 184 2
218 296 3
225 96 2
128 33 4
152 222 3
185 245 2
190 352 3
32 118 4
2 16 2
285 341 4
88 295 3
311 136 3
137 249 4
358 188 3
95 289 2
80 238 2
79 300 4
300 333 3
6 140 6
66 179 4
260 284 4
190 12 4
232 122 3
150 78 2
346 103 3
107 127 3
81 306 2
281 117 2
319 84 2
3 317 3
271 352 2
166 253 3
55 181 3
132 295 4
21 157 4
75 88 3
43 178 4
263 318 5
197 346 2
48 302 2
155 23 3
82 159 3
174 231 3
222 358 3
279 163 3
63 110 3
200 296 4
231 243 3
27 52 3
7 166 5
121 138 3
327 212 4
341 165 4
152 193 4
18 349 4
71 251 3
328 100 4
18 197 5
200 277 4
271 328 3
139 196 2
335 15 4
332 216 3
10 167 2
191 61 2
317 172 5
357 249 4
46 69 3
233 3 4
174 16 2
111 297 4
113 329 3
36 183 3
322 313 3
143 19 3
93 347 2
47 117 3
349 331 3
298 294 3
349 332 4
180 333 2
126 305 2
24 56 2
56 148 2
260 173 3
89 330 2
55 246 4
224 163 3
279 323 3
343 114 3
112 331 3
86 293 4
195 1 3
327 128 3
213 43 3
256 239 3
201 13 4
110 209 2
146 354 2
206 88 3
237 83 4
64 73 2
116 144 2
124 95 4
359 229 3
219 173 3
49 235 3
109 238 2
162 102 2
144 60 5
312 184 2
171 338 2
256 102 4
266 101 3
154 353 4
208 321 4
75 308 4
252 105 2
132 313 3
255 17 3
143 111 3
59 276 3
37 45 4
301 252 3
125 344 3
60 116 3
97 202 2
227 210 4
63 30 3
59 27 3
315 313 5
356 279 3
295 315 3
199 207 4
101 119 3
277 108 2
326 280 2
227 262 4
169 291 4
281 47 2
296 292 2
45 185 3
35 144 5
257 216 3
164 199 4
314 319 4
360 259 3
101 250 4
179 1 4
146 187 2
164 31 3
248 162 3
359 127 4
89 139 2
2 90 4
137 5 2
43 204 3
289 141 3
290 92 3
307 259 3
74 119 4
213 204 4
14 215 3
51 87 5
119 250 2
83 187 2
196 181 4
10000
0
0
0
0
0
0
0
0
0
0
0
0
0
0
0
0
0
0
0
0
0
0
0
0
0
0
0
0
0
0
0
0
0
0
0
0
0
0
0
0
0
0
0
0
0
0
0
0
0
0
0
0
0
0
0
0
0
0
0
0
0
0
0
0
1
1 301
0
0
0
0
0
0
0
0
0
0
0
0
0
0
0
0
0
0
0
0
0
0
0
0
0
0
0
0
0
0
0
0
0
0
0
0
0
0
0
0
0
0
0
0
0
0
0
0
0
0
0
0
0
0
0
0
0
0
0
0
0
0
0
0
0
0
0
0
0
0
0
0
0
0
0
1
2 97
0
0
0
0
1
3 45
0
0
0
0
0
0
0
0
0
0
0
1
4 327
0
0
1
5 294
0
0
0
1
6 54
0
0
0
0
0
0
0
0
0
0
0
0
0
0
0
0
0
0
0
1
7 196
0
0
0
0
0
0
0
0
0
0
0
0
0
0
0
0
0
0
0
0
0
0
0
0
0
0
0
0
0
0
0
0
0
0
0
0
0
0
0
0
0
0
0
0
0
0
0
0
0
0
0
0
0
0
0
0
1
8 106
0
0
0
0
0
0
0
0
0
0
0
0
0
0
0
0
0
0
0
0
0
0
0
0
0
0
0
0
1
9 31
0
0
0
1
10 262
0
0
0
0
0
0
0
0
0
0
0
0
0
0
0
0
0
0
1
11 291
0
1
12 19
0
0
0
0
1
13 69
0
0
0
1
14 52
0
0
0
0
0
0
0
0
0
0
0
0
0
0
0
0
0
0
0
0
0
0
0
0
0
0
1
15 286
0
1
16 357
0
1
17 178
0
0
0
0
0
0
0
0
0
0
0
0
0
0
0
0
0
0
0
0
0
1
18 285
0
0
0
0
0
0
0
0
0
1
19 26
0
0
0
0
0
0
0
0
0
0
0
1
20 240
0
0
0
0
0
1
21 209
0
0
0
0
0
0
0
0
0
0
1
22 166
0
0
0
0
0
1
23 53
0
0
0
1
24 245
0
0
0
0
0
0
0
0
0
0
0
0
0
0
0
0
0
1
25 333
0
0
0
0
0
0
0
0
0
0
0
0
0
0
0
0
0
0
0
0
0
0
0
0
1
26 199
0
0
0
0
0
0
1
27 219
0
0
0
0
0
0
0
0
0
0
0
0
0
0
0
0
1
28 120
0
0
0
0
0
0
0
1
29 164
1
30 316
0
0
1
31 218
0
0
0
1
32 352
1
33 225
1
34 264
0
0
0
0
0
0
0
1
35 293
0
0
0
0
1
36 185
0
0
0
0
0
0
0
0
0
0
0
0
0
0
0
0
0
1
37 314
0
0
0
0
0
0
0
0
0
0
0
0
0
1
38 264
0
0
0
0
0
0
0
1
39 125
0
1
40 258
0
0
0
0
0
0
0
1
41 181
0
0
0
0
0
0
1
42 51
0
0
0
1
43 11
0
0
0
0
0
0
0
0
0
0
1
44 181
0
0
0
0
0
0
0
0
0
0
1
45 199
0
0
0
0
0
0
0
0
0
1
46 350
0
0
0
0
0
0
0
0
0
0
1
47 223
0
0
0
0
0
0
0
0
0
0
0
0
0
1
48 125
1
49 117
0
0
0
0
0
0
0
0
0
0
0
0
0
0
0
0
0
0
0
1
50 10
0
1
51 96
0
0
0
1
52 55
1
53 173
0
1
54 250
0
0
0
0
0
0
1
55 297
0
0
0
0
1
56 59
0
0
0
0
0
0
0
0
0
0
1
57 126
0
0
0
1
58 244
0
0
0
1
59 128
1
60 357
1
61 60
0
0
0
1
62 143
0
0
0
0
0
0
0
0
0
0
0
0
1
63 20
0
0
0
0
0
0
0
0
0
0
0
0
1
64 89
0
0
0
0
0
0
0
0
1
65 259
0
0
0
0
0
0
0
0
0
1
66 301
1
67 83
1
68 227
1
69 89
1
70 137
0
0
0
0
0
0
0
0
0
0
0
1
71 199
0
0
0
0
0
0
0
0
1
72 318
0
1
73 152
1
74 116
0
1
75 99
0
1
76 102
0
0
0
0
0
0
0
1
77 232
0
0
1
78 101
0
0
0
0
0
1
79 288
0
0
1
80 96
1
81 113
0
1
82 244
0
1
83 263
0
0
0
0
0
0
0
0
1
84 279
1
85 82
0
0
0
0
0
0
0
0
0
0
0
0
0
0
0
0
1
86 260
0
0
1
87 228
0
0
0
0
0
0
1
88 23
0
0
0
0
0
0
0
0
0
0
0
1
89 302
1
90 135
0
0
0
0
0
1
91 340
0
0
0
0
0
0
0
0
1
92 310
0
0
1
93 113
0
0
0
0
0
0
0
0
0
0
0
0
1
94 82
0
0
1
95 333
0
0
0
0
0
0
1
96 309
1
97 313
0
0
0
0
0
0
0
0
0
0
0
0
1
98 108
0
0
0
0
0
0
0
0
0
0
0
0
0
0
0
0
1
99 114
0
0
0
0
0
1
100 360
0
1
101 207
0
0
0
0
0
0
0
0
0
0
0
1
102 56
0
0
0
0
0
0
1
103 74
0
0
1
104 92
0
0
0
0
0
0
0
1
105 357
0
0
0
0
1
106 196
0
0
0
1
107 31
0
0
1
108 251
0
0
0
0
0
0
0
0
0
0
0
1
109 41
0
1
110 128
0
0
1
111 50
0
0
1
112 155
0
1
113 155
0
1
114 97
0
0
0
0
0
0
0
0
0
0
0
0
1
115 164
1
116 296
0
0
0
0
0
1
117 46
1
118 91
0
0
0
1
119 238
0
1
120 105
1
121 330
0
0
0
0
0
0
1
122 356
0
1
123 244
0
0
0
0
1
124 183
0
0
1
125 43
0
0
0
0
1
126 118
1
127 128
1
128 318
0
0
0
0
1
129 165
0
0
0
1
130 293
0
0
0
0
1
131 263
0
0
0
1
132 56
0
0
0
0
0
1
133 356
0
0
0
1
134 237
0
1
135 168
0
0
0
0
0
1
136 223
0
1
137 58
1
138 169
0
0
0
0
0
0
0
0
0
0
0
0
1
139 253
0
0
0
0
0
1
140 145
1
141 320
0
1
142 104
0
0
0
0
0
0
1
143 153
0
1
144 251
0
1
145 312
0
0
1
146 223
0
1
147 304
0
0
0
1
148 316
0
0
1
149 348
0
0
0
1
150 131
0
0
1
151 227
0
0
0
1
152 281
1
153 227
0
0
0
1
154 112
0
0
1
155 253
0
1
156 74
0
1
157 137
0
1
158 332
1
159 169
1
160 236
0
1
161 163
1
162 129
0
0
0
1
163 87
0
0
0
1
164 176
0
0
0
0
1
165 257
0
0
0
1
166 127
0
0
0
0
0
0
0
0
1
167 53
0
1
168 202
1
169 277
1
170 77
0
0
1
171 53
0
0
1
172 45
0
1
173 76
0
1
174 127
0
1
175 7
0
0
0
0
0
0
0
0
0
1
176 275
1
177 214
0
1
178 270
0
0
0
1
179 74
0
0
0
1
180 273
0
1
181 236
0
0
1
182 221
0
1
183 279
0
0
0
0
0
0
0
0
0
0
1
184 225
0
1
185 225
0
1
186 135
1
187 53
0
0
1
188 201
1
189 157
0
1
190 348
0
0
0
0
0
0
1
191 319
0
0
1
192 137
0
0
0
1
193 350
0
0
1
194 187
0
0
0
0
0
0
1
195 124
0
0
0
0
0
0
0
0
1
196 247
0
0
0
0
0
0
1
197 98
1
198 343
1
199 205
1
200 261
1
201 176
0
0
1
202 224
0
0
0
0
0
1
203 58
1
204 87
0
1
205 291
0
0
0
0
1
206 176
0
0
1
207 3
0
0
0
1
208 180
0
0
1
209 291
0
0
0
0
0
0
1
210 161
1
211 335
0
1
212 86
0
0
0
1
213 221
0
0
0
0
0
0
1
214 160
0
0
1
215 186
0
0
1
216 177
0
0
0
0
1
217 123
1
218 12
0
0
1
219 204
0
0
1
220 337
0
0
0
0
0
1
221 171
0
1
222 180
0
0
1
223 245
0
1
224 354
0
1
225 132
0
0
0
0
0
0
0
1
226 297
0
0
0
1
227 105
0
0
0
1
228 273
0
0
0
0
0
0
0
1
229 276
0
0
0
0
0
0
0
0
1
230 44
1
231 223
1
232 277
0
0
0
1
233 100
0
1
234 34
0
0
0
0
1
235 316
1
236 65
0
1
237 189
1
238 185
0
0
0
0
0
1
239 258
0
0
1
240 349
1
241 340
0
0
0
0
0
0
0
1
242 249
0
1
243 70
0
0
0
1
244 250
0
0
0
0
1
245 229
0
0
0
1
246 94
0
1
247 87
0
1
248 234
0
0
1
249 300
0
0
0
0
0
0
0
0
0
0
0
1
250 202
0
0
0
0
0
0
0
0
0
1
251 307
0
0
0
0
0
0
0
0
1
252 138
0
0
0
0
0
0
0
0
1
253 174
1
254 254
0
1
255 169
1
256 130
1
257 198
0
0
1
258 305
0
1
259 199
0
1
260 3
0
0
0
0
1
261 258
0
1
262 338
0
1
263 283
0
0
1
264 257
0
0
0
1
265 287
1
266 52
1
267 105
0
1
268 293
0
0
0
0
0
1
269 143
0
1
270 171
0
0
1
271 206
0
1
272 39
0
0
1
273 327
1
274 141
1
275 232
0
0
0
1
276 87
1
277 106
1
278 248
0
1
279 164
0
0
0
0
0
0
1
280 324
0
1
281 11
0
0
0
0
1
282 60
0
0
1
283 290
0
0
0
0
1
284 91
1
285 183
1
286 202
0
0
0
0
0
0
0
0
1
287 12
1
288 53
0
0
1
289 48
0
1
290 328
0
1
291 280
1
292 199
0
0
1
293 66
1
294 279
1
295 188
1
296 106
0
1
297 360
0
0
0
0
0
0
0
1
298 208
1
299 266
0
1
300 126
0
0
0
1
301 202
0
0
1
302 68
1
303 135
0
1
304 143
0
0
0
1
305 232
1
306 236
0
0
1
307 262
0
1
308 221
0
1
309 264
1
310 179
0
0
0
0
1
311 147
0
0
0
1
312 270
1
313 96
0
1
314 224
0
1
315 72
0
1
316 29
0
1
317 23
0
1
318 59
1
319 14
1
320 215
0
0
0
1
321 193
1
322 301
1
323 186
1
324 249
0
0
1
325 113
0
0
1
326 25
0
0
1
327 347
1
328 180
1
329 39
0
1
330 281
0
1
331 282
0
0
1
332 136
0
0
1
333 321
0
1
334 93
1
335 284
1
336 347
0
0
1
337 339
1
338 334
0
1
339 173
0
0
0
1
340 309
1
341 324
0
0
0
0
1
342 45
1
343 108
0
1
344 201
1
345 26
0
1
346 347
1
347 332
1
348 239
0
1
349 283
0
1
350 322
0
0
1
351 160
0
1
352 204
1
353 85
0
0
0
0
0
0
0
1
354 143
1
355 158
0
0
0
1
356 197
0
0
0
1
357 105
1
358 201
0
1
359 222
1
360 54
1
361 310
0
0
1
362 31
0
0
0
0
0
0
0
1
363 2
1
364 154
0
0
0
1
365 50
0
0
1
366 313
0
0
0
0
1
367 245
0
0
1
368 64
0
1
369 258
1
370 304
0
1
371 106
0
1
372 319
1
373 15
1
374 234
1
375 103
1
376 246
0
1
377 242
0
1
378 61
1
379 148
1
380 206
1
381 313
0
0
1
382 179
0
0
1
383 73
0
1
384 51
0
1
385 167
0
0
1
386 354
1
387 326
0
0
0
0
0
1
388 42
0
0
1
389 26
0
0
0
1
390 187
1
391 223
1
392 31
0
0
1
393 3
0
1
394 227
0
0
1
395 197
0
1
396 250
1
397 197
0
0
1
398 292
0
0
0
0
0
0
1
399 46
1
400 190
0
0
0
0
1
401 144
0
1
402 23
1
403 177
0
0
0
0
1
404 242
1
405 303
1
406 56
0
0
0
0
0
0
0
0
0
0
1
407 318
1
408 157
1
409 169
0
0
1
410 275
1
411 118
1
412 279
0
0
1
413 26
0
0
1
414 318
0
0
1
415 117
1
416 168
1
417 15
0
1
418 68
0
0
0
1
419 199
1
420 185
1
421 285
1
422 91
1
423 187
0
0
0
0
0
0
0
0
1
424 228
1
425 99
1
426 33
0
1
427 240
1
428 344
0
1
429 346
1
430 70
0
0
1
431 268
1
432 169
1
433 154
1
434 122
0
0
1
435 42
1
436 224
0
1
437 103
1
438 148
0
0
1
439 86
0
0
1
440 238
0
1
441 143
1
442 90
1
443 152
1
444 260
0
1
445 178
0
1
446 312
1
447 79
1
448 320
0
1
449 131
0
0
1
450 225
1
451 350
0
0
0
0
0
1
452 72
1
453 180
1
454 4
0
1
455 335
1
456 91
1
457 203
0
1
458 3
0
0
1
459 331
0
0
1
460 120
0
0
0
0
0
0
0
0
1
461 137
1
462 225
0
0
0
0
1
463 292
1
464 234
0
1
465 65
0
0
0
1
466 337
1
467 125
0
1
468 54
0
0
1
469 234
1
470 31
0
0
1
471 237
0
0
1
472 92
0
1
473 73
0
0
1
474 180
0
0
0
0
1
475 99
1
476 330
1
477 151
0
1
478 98
0
0
1
479 226
1
480 267
0
0
0
0
0
0
0
0
0
1
481 340
0
0
0
1
482 303
1
483 174
1
484 311
1
485 5
0
0
1
486 244
1
487 221
1
488 97
0
1
489 314
0
0
1
490 171
1
491 54
0
0
0
1
492 313
0
0
0
1
493 37
1
494 225
1
495 42
1
496 113
1
497 72
1
498 245
0
1
499 290
1
500 238
1
501 214
1
502 48
1
503 106
1
504 172
1
505 304
0
0
1
506 194
1
507 136
1
508 9
0
0
1
509 260
0
0
0
0
1
510 290
0
0
0
1
511 175
1
512 90
1
513 71
1
514 110
1
515 328
0
0
0
0
1
516 35
0
1
517 275
1
518 6
1
519 83
0
0
1
520 245
1
521 159
1
522 206
0
0
1
523 98
1
524 254
0
0
1
525 315
1
526 304
0
0
0
1
527 68
1
528 163
0
0
0
1
529 117
0
1
530 85
1
531 325
0
1
532 275
1
533 24
0
0
1
534 65
1
535 271
1
536 43
1
537 244
0
0
1
538 108
0
0
1
539 137
1
540 124
0
0
0
0
1
541 21
0
0
0
0
0
1
542 286
1
543 82
0
0
0
1
544 160
1
545 92
1
546 26
1
547 316
1
548 268
1
549 68
1
550 153
0
1
551 175
1
552 335
1
553 252
0
1
554 284
1
555 31
0
0
1
556 187
0
0
0
0
0
1
557 150
0
1
558 191
1
559 306
0
1
560 10
0
1
561 75
1
562 357
0
0
1
563 112
0
0
1
564 20
0
1
565 147
1
566 22
0
1
567 210
0
1
568 218
0
1
569 259
0
0
1
570 81
1
571 65
0
1
572 164
0
1
573 186
1
574 146
0
0
1
575 49
1
576 22
1
577 74
0
1
578 307
1
579 218
0
1
580 336
0
1
581 307
0
1
582 88
0
1
583 236
0
1
584 10
0
0
0
1
585 37
0
0
0
0
0
0
1
586 96
0
1
587 174
1
588 333
1
589 167
0
0
1
590 97
1
591 321
1
592 121
0
0
1
593 132
1
594 27
1
595 117
0
0
0
1
596 5
1
597 39
0
1
598 107
0
1
599 134
0
1
600 52
0
1
601 59
0
0
0
1
602 174
1
603 351
1
604 70
1
605 192
1
606 188
1
607 69
1
608 90
1
609 146
0
0
1
610 6
1
611 191
0
1
612 93
1
613 99
0
1
614 357
1
615 250
1
616 201
1
617 282
0
1
618 267
1
619 31
0
1
620 56
0
1
621 289
0
0
1
622 356
0
0
1
623 97
1
624 222
0
1
625 217
0
0
1
626 97
1
627 212
0
0
0
1
628 304
1
629 257
0
1
630 238
1
631 169
0
0
0
0
0
1
632 229
0
1
633 268
0
0
0
0
1
634 28
1
635 225
0
1
636 80
0
0
1
637 10
1
638 8
1
639 165
0
0
0
1
640 266
1
641 96
0
0
0
0
1
642 109
0
0
1
643 210
1
644 165
1
645 288
0
1
646 189
0
1
647 32
1
648 323
0
1
649 239
1
650 224
0
0
1
651 208
0
0
0
1
652 268
1
653 267
0
1
654 31
0
1
655 211
0
0
1
656 289
1
657 62
0
0
1
658 139
0
1
659 152
0
1
660 322
0
0
1
661 267
0
1
662 270
1
663 37
0
1
664 204
1
665 140
1
666 169
1
667 29
0
0
1
668 172
0
1
669 53
0
0
1
670 205
0
1
671 192
1
672 90
1
673 244
0
0
0
1
674 328
1
675 300
0
1
676 132
0
1
677 192
0
1
678 269
0
1
679 239
1
680 356
1
681 254
0
1
682 268
1
683 19
1
684 78
1
685 43
0
1
686 223
0
1
687 90
1
688 83
1
689 79
0
1
690 327
1
691 299
1
692 119
1
693 326
1
694 240
1
695 209
1
696 58
0
1
697 53
0
1
698 90
1
699 116
1
700 303
1
701 359
1
702 235
1
703 32
0
1
704 165
1
705 145
1
706 10
1
707 309
0
1
708 21
1
709 210
1
710 211
0
0
0
0
1
711 357
1
712 66
1
713 258
0
1
714 140
1
715 119
1
716 291
0
0
0
1
717 211
1
718 358
1
719 194
0
0
0
0
1
720 130
1
721 32
1
722 96
1
723 282
1
724 142
0
1
725 26
0
1
726 26
0
1
727 123
1
728 21
1
729 247
0
0
1
730 77
1
731 279
1
732 216
1
733 117
1
734 109
1
735 24
1
736 268
0
1
737 315
0
1
738 256
0
0
0
1
739 344
0
1
740 151
0
1
741 64
1
742 85
0
1
743 271
0
0
0
0
1
744 151
1
745 57
1
746 104
0
1
747 317
0
0
0
1
748 207
0
0
1
749 163
1
750 215
1
751 103
0
0
1
752 133
1
753 158
0
0
1
754 215
0
1
755 202
1
756 273
0
0
1
757 352
0
0
1
758 13
1
759 12
1
760 206
1
761 263
0
0
0
1
762 245
0
0
1
763 162
1
764 180
1
765 176
1
766 139
0
1
767 11
1
768 101
0
1
769 80
0
1
770 112
1
771 298
1
772 86
1
773 180
1
774 77
1
775 216
1
776 233
1
777 163
1
778 210
0
1
779 306
0
1
780 131
1
781 190
1
782 64
1
783 333
1
784 201
1
785 325
0
0
0
0
1
786 326
1
787 271
1
788 18
1
789 142
0
0
1
790 329
0
1
791 126
0
1
792 284
1
793 343
0
1
794 112
1
795 354
0
1
796 140
1
797 8
1
798 326
0
0
1
799 65
0
1
800 77
0
1
801 225
0
0
0
1
802 116
0
1
803 145
0
1
804 55
0
1
805 115
1
806 15
0
1
807 45
1
808 260
1
809 268
1
810 140
1
811 17
0
0
1
812 344
1
813 223
1
814 94
1
815 236
1
816 287
1
817 79
0
0
1
818 288
1
819 241
0
1
820 205
0
0
1
821 138
1
822 206
0
1
823 185
1
824 54
0
0
1
825 220
1
826 214
1
827 203
1
828 167
1
829 2
1
830 128
1
831 57
1
832 137
1
833 71
1
834 358
1
835 260
1
836 303
1
837 312
1
838 261
1
839 300
1
840 62
1
841 340
1
842 201
0
0
1
843 333
1
844 220
1
845 207
1
846 55
1
847 359
1
848 303
1
849 128
1
850 351
0
1
851 305
0
1
852 301
0
1
853 54
1
854 34
1
855 69
1
856 181
1
857 283
1
858 106
1
859 87
1
860 335
0
0
1
861 330
1
862 17
1
863 325
1
864 144
1
865 206
0
0
0
1
866 175
1
867 198
0
1
868 145
1
869 328
1
870 329
1
871 86
0
0
1
872 223
0
1
873 281
1
874 336
1
875 36
0
1
876 198
0
0
1
877 33
1
878 57
1
879 357
1
880 215
1
881 272
1
882 32
0
1
883 169
1
884 188
1
885 305
1
886 322
1
887 219
1
888 327
0
1
889 122
0
0
1
890 49
1
891 184
0
0
1
892 221
1
893 22
1
894 130
1
895 66
1
896 301
1
897 191
1
898 339
0
1
899 156
1
900 152
0
1
901 299
0
1
902 294
0
1
903 188
0
1
904 282
0
1
905 357
1
906 298
1
907 227
1
908 61
1
909 250
1
910 120
0
1
911 280
1
912 150
0
1
913 61
0
0
1
914 75
0
0
1
915 158
1
916 213
1
917 249
1
918 357
1
919 198
1
920 315
1
921 324
1
922 236
0
0
1
923 125
1
924 15
1
925 125
1
926 348
1
927 348
1
928 48
1
929 173
1
930 164
0
1
931 330
1
932 325
1
933 243
1
934 217
1
935 65
0
1
936 140
1
937 84
1
938 179
1
939 129
0
1
940 146
0
0
0
0
0
0
1
941 150
1
942 288
1
943 229
0
1
944 258
1
945 78
1
946 260
0
1
947 229
0
1
948 92
1
949 33
1
950 332
1
951 112
1
952 153
0
1
953 177
0
1
954 29
1
955 125
1
956 302
1
957 135
1
958 188
1
959 143
1
960 165
0
1
961 98
1
962 242
1
963 63
0
0
1
964 146
1
965 183
1
966 32
1
967 8
1
968 83
1
969 93
1
970 143
1
971 55
1
972 89
1
973 59
1
974 249
1
975 358
1
976 342
0
1
977 310
1
978 255
1
979 88
0
1
980 279
1
981 129
1
982 159
0
1
983 31
0
1
984 274
1
985 194
0
1
986 28
1
987 329
1
988 152
1
989 353
0
1
990 183
1
991 109
1
992 328
1
993 180
0
0
1
994 94
0
1
995 98
1
996 155
0
1
997 113
0
0
1
998 96
0
1
999 15
0
1
1000 179
0
0
1
1001 140
0
1
1002 55
1
1003 359
1
1004 244
1
1005 60
1
1006 9
0
1
1007 303
0
1
1008 32
1
1009 145
1
1010 285
1
1011 333
0
1
1012 18
1
1013 110
1
1014 255
0
0
1
1015 4
0
1
1016 320
1
1017 90
1
1018 207
0
1
1019 246
1
1020 357
1
1021 6
1
1022 26
0
1
1023 142
1
1024 196
1
1025 329
0
0
1
1026 47
0
0
1
1027 54
1
1028 118
1
1029 359
1
1030 350
0
0
1
1031 325
0
1
1032 110
1
1033 358
1
1034 276
0
1
1035 105
1
1036 84
1
1037 188
0
0
1
1038 53
0
1
1039 35
1
1040 332
1
1041 57
1
1042 112
0
1
1043 265
1
1044 191
1
1045 82
0
1
1046 249
0
0
1
1047 312
1
1048 294
0
1
1049 19
1
1050 358
1
1051 51
0
0
0
1
1052 73
0
1
1053 218
1
1054 133
1
1055 234
1
1056 360
1
1057 322
1
1058 225
0
1
1059 213
0
1
1060 347
0
1
1061 258
0
1
1062 219
1
1063 75
1
1064 117
1
1065 241
1
1066 330
1
1067 282
1
1068 84
1
1069 35
1
1070 318
1
1071 297
0
0
1
1072 259
1
1073 327
1
1074 280
1
1075 321
0
1
1076 294
1
1077 247
1
1078 185
1
1079 331
1
1080 288
1
1081 194
1
1082 250
0
0
1
1083 70
0
1
1084 41
0
0
1
1085 257
1
1086 339
1
1087 305
1
1088 312
0
1
1089 58
0
1
1090 100
1
1091 37
1
1092 96
1
1093 264
0
1
1094 174
1
1095 298
0
1
1096 74
1
1097 153
1
1098 227
1
1099 277
1
1100 200
1
1101 298
0
0
1
1102 65
1
1103 94
0
1
1104 147
1
1105 88
1
1106 167
1
1107 126
1
1108 159
1
1109 346
1
1110 53
1
1111 300
1
1112 125
1
1113 68
1
1114 250
1
1115 207
1
1116 8
0
0
1
1117 206
1
1118 180
1
1119 281
1
1120 154
1
1121 127
1
1122 266
1
1123 143
1
1124 75
1
1125 220
0
1
1126 29
1
1127 36
0
1
1128 106
1
1129 267
1
1130 329
0
1
1131 184
0
1
1132 129
1
1133 90
1
1134 71
1
1135 79
1
1136 156
1
1137 133
1
1138 36
1
1139 307
0
0
0
1
1140 207
1
1141 18
1
1142 179
1
1143 338
1
1144 132
1
1145 194
1
1146 350
1
1147 321
1
1148 187
1
1149 123
1
1150 37
1
1151 127
1
1152 10
1
1153 80
1
1154 287
1
1155 47
0
0
1
1156 355
0
1
1157 325
1
1158 352
1
1159 183
1
1160 19
0
0
1
1161 282
0
1
1162 311
1
1163 305
1
1164 254
1
1165 336
1
1166 141
1
1167 57
1
1168 347
1
1169 104
0
1
1170 305
1
1171 248
1
1172 344
0
1
1173 148
1
1174 332
1
1175 288
1
1176 289
1
1177 226
1
1178 31
1
1179 169
1
1180 10
1
1181 2
1
1182 200
0
0
1
1183 294
1
1184 10
1
1185 356
1
1186 73
1
1187 279
1
1188 117
1
1189 150
1
1190 206
1
1191 162
0
1
1192 224
1
1193 302
1
1194 186
1
1195 356
0
1
1196 319
1
1197 328
1
1198 225
0
1
1199 235
1
1200 166
1
1201 167
0
0
0
0
1
1202 217
0
1
1203 296
1
1204 110
1
1205 187
1
1206 239
0
1
1207 278
1
1208 302
1
1209 75
1
1210 29
1
1211 143
1
1212 140
1
1213 219
1
1214 49
0
1
1215 41
1
1216 26
1
1217 306
1
1218 338
1
1219 74
1
1220 306
1
1221 239
1
1222 189
1
1223 145
1
1224 87
1
1225 199
1
1226 206
1
1227 83
1
1228 237
1
1229 3
1
1230 113
1
1231 353
1
1232 265
1
1233 198
1
1234 304
0
0
1
1235 116
1
1236 155
1
1237 217
1
1238 154
0
1
1239 164
0
0
1
1240 93
1
1241 286
1
1242 251
1
1243 170
1
1244 8
1
1245 101
0
1
1246 43
1
1247 280
1
1248 166
1
1249 33
0
1
1250 213
1
1251 215
1
1252 176
0
1
1253 223
1
1254 267
1
1255 225
1
1256 23
1
1257 323
1
1258 26
1
1259 95
1
1260 323
1
1261 339
1
1262 77
0
1
1263 136
0
1
1264 156
1
1265 175
0
1
1266 124
1
1267 238
1
1268 329
1
1269 27
1
1270 186
0
1
1271 234
1
1272 333
1
1273 165
1
1274 15
0
1
1275 342
1
1276 3
1
1277 98
1
1278 92
1
1279 189
1
1280 351
1
1281 9
1
1282 36
1
1283 54
1
1284 96
1
1285 106
1
1286 233
1
1287 237
1
1288 115
0
0
1
1289 344
1
1290 206
0
1
1291 94
1
1292 294
0
0
1
1293 31
1
1294 199
0
1
1295 215
1
1296 256
1
1297 195
1
1298 225
1
1299 130
1
1300 315
1
1301 71
1
1302 259
0
1
1303 143
0
0
1
1304 13
1
1305 183
1
1306 31
1
1307 99
0
1
1308 189
0
1
1309 288
0
1
1310 136
1
1311 239
0
1
1312 72
0
1
1313 53
1
1314 318
1
1315 34
1
1316 96
0
1
1317 321
0
1
1318 145
1
1319 138
1
1320 222
1
1321 79
1
1322 31
1
1323 22
0
1
1324 346
1
1325 180
1
1326 244
1
1327 22
1
1328 26
0
0
0
1
1329 106
1
1330 72
1
1331 183
1
1332 36
1
1333 281
1
1334 150
1
1335 258
1
1336 355
0
1
1337 127
1
1338 356
1
1339 127
1
1340 160
1
1341 104
1
1342 175
1
1343 132
1
1344 44
1
1345 144
1
1346 22
1
1347 22
1
1348 32
1
1349 282
1
1350 94
0
1
1351 172
1
1352 135
1
1353 252
0
1
1354 207
1
1355 51
1
1356 197
1
1357 145
1
1358 67
1
1359 335
1
1360 22
1
1361 155
1
1362 53
0
0
1
1363 152
1
1364 19
1
1365 291
0
1
1366 314
0
1
1367 107
1
1368 208
1
1369 60
0
0
0
1
1370 178
1
1371 82
1
1372 137
0
1
1373 49
1
1374 254
1
1375 26
1
1376 62
0
0
1
1377 325
1
1378 143
1
1379 21
1
1380 175
1
1381 106
1
1382 356
1
1383 53
1
1384 311
1
1385 145
0
1
1386 225
1
1387 130
1
1388 153
1
1389 271
1
1390 58
0
1
1391 275
1
1392 106
1
1393 183
1
1394 268
1
1395 173
1
1396 10
1
1397 115
1
1398 39
1
1399 305
1
1400 162
1
1401 356
1
1402 129
1
1403 106
1
1404 348
1
1405 76
1
1406 305
1
1407 360
1
1408 306
0
1
1409 124
1
1410 174
0
0
1
1411 276
1
1412 159
1
1413 325
0
1
1414 268
1
1415 242
1
1416 68
1
1417 266
0
1
1418 127
1
1419 226
1
1420 75
1
1421 50
1
1422 153
0
1
1423 147
1
1424 24
1
1425 9
1
1426 178
1
1427 141
1
1428 171
1
1429 54
1
1430 207
1
1431 55
1
1432 101
1
1433 98
0
1
1434 133
1
1435 331
1
1436 289
1
1437 122
0
1
1438 106
1
1439 105
1
1440 95
0
1
1441 250
1
1442 242
0
1
1443 53
1
1444 215
1
1445 105
1
1446 134
1
1447 213
1
1448 299
1
1449 312
1
1450 49
1
1451 257
0
1
1452 57
1
1453 42
0
0
0
0
1
1454 216
1
1455 240
1
1456 288
1
1457 222
1
1458 169
1
1459 339
1
1460 4
0
1
1461 225
1
1462 52
1
1463 238
1
1464 268
1
1465 227
1
1466 185
0
1
1467 250
0
1
1468 94
0
1
1469 257
1
1470 4
1
1471 3
1
1472 13
1
1473 156
1
1474 340
1
1475 3
1
1476 108
1
1477 26
1
1478 248
1
1479 210
1
1480 268
1
1481 175
1
1482 190
1
1483 357
1
1484 216
1
1485 163
0
1
1486 102
1
1487 286
1
1488 282
1
1489 314
1
1490 136
1
1491 75
1
1492 83
0
1
1493 66
1
1494 61
1
1495 175
0
1
1496 223
0
1
1497 68
1
1498 236
1
1499 111
0
1
1500 200
1
1501 135
1
1502 202
1
1503 186
1
1504 111
1
1505 102
1
1506 315
1
1507 90
1
1508 126
1
1509 273
1
1510 119
1
1511 87
1
1512 347
1
1513 169
1
1514 92
1
1515 244
0
1
1516 293
1
1517 204
1
1518 194
1
1519 145
1
1520 218
1
1521 146
1
1522 206
1
1523 86
1
1524 359
1
1525 318
1
1526 172
1
1527 156
1
1528 26
1
1529 238
1
1530 311
1
1531 176
0
1
1532 204
1
1533 338
1
1534 15
1
1535 118
1
1536 324
1
1537 19
0
1
1538 340
0
0
1
1539 222
1
1540 234
1
1541 10
1
1542 16
1
1543 175
1
1544 294
1
1545 282
1
1546 191
0
1
1547 19
1
1548 339
1
1549 55
1
1550 172
1
1551 348
0
1
1552 78
1
1553 224
1
1554 265
1
1555 11
0
1
1556 180
1
1557 54
1
1558 204
1
1559 245
1
1560 73
1
1561 297
1
1562 50
1
1563 161
1
1564 359
1
1565 39
1
1566 157
1
1567 35
1
1568 80
1
1569 190
1
1570 290
1
1571 197
1
1572 248
0
0
1
1573 5
1
1574 333
1
1575 71
1
1576 110
1
1577 78
1
1578 126
1
1579 206
1
1580 294
1
1581 339
1
1582 199
1
1583 238
1
1584 190
1
1585 287
1
1586 308
1
1587 286
1
1588 65
1
1589 290
1
1590 286
1
1591 129
1
1592 238
1
1593 240
1
1594 311
1
1595 303
1
1596 328
0
1
1597 311
1
1598 46
1
1599 317
1
1600 53
1
1601 102
1
1602 3
1
1603 304
1
1604 230
1
1605 68
1
1606 180
1
1607 61
0
1
1608 271
1
1609 167
1
1610 246
1
1611 26
1
1612 240
1
1613 38
1
1614 261
0
1
1615 219
1
1616 39
0
1
1617 75
1
1618 281
1
1619 172
1
1620 202
1
1621 84
1
1622 16
1
1623 340
1
1624 193
1
1625 138
1
1626 234
1
1627 288
1
1628 149
0
1
1629 299
1
1630 320
0
1
1631 178
1
1632 314
1
1633 234
1
1634 200
0
1
1635 178
1
1636 290
1
1637 277
1
1638 355
1
1639 277
1
1640 86
1
1641 137
1
1642 360
1
1643 142
1
1644 292
1
1645 339
1
1646 323
1
1647 219
1
1648 260
0
1
1649 101
1
1650 43
1
1651 329
1
1652 339
1
1653 310
0
1
1654 144
1
1655 356
1
1656 5
1
1657 12
1
1658 73
1
1659 202
0
1
1660 123
1
1661 360
1
1662 189
1
1663 326
1
1664 216
1
1665 31
1
1666 354
1
1667 92
1
1668 158
1
1669 168
1
1670 352
1
1671 143
1
1672 172
1
1673 78
0
1
1674 293
1
1675 77
1
1676 71
1
1677 204
1
1678 325
1
1679 223
1
1680 290
1
1681 289
1
1682 233
0
0
1
1683 238
1
1684 297
1
1685 265
1
1686 62
1
1687 330
1
1688 257
1
1689 223
1
1690 276
1
1691 54
1
1692 206
0
0
1
1693 132
1
1694 341
1
1695 24
1
1696 235
0
1
1697 117
1
1698 242
1
1699 329
1
1700 245
1
1701 3
1
1702 92
0
1
1703 289
1
1704 148
1
1705 94
1
1706 57
0
1
1707 247
1
1708 128
1
1709 308
1
1710 172
0
1
1711 357
1
1712 32
1
1713 307
1
1714 313
1
1715 47
1
1716 110
1
1717 86
1
1718 136
1
1719 149
1
1720 31
1
1721 47
1
1722 319
1
1723 63
1
1724 137
1
1725 269
1
1726 335
1
1727 202
1
1728 204
1
1729 43
1
1730 145
1
1731 209
1
1732 208
1
1733 298
1
1734 279
1
1735 17
1
1736 317
1
1737 60
1
1738 288
1
1739 293
0
0
1
1740 289
1
1741 282
1
1742 228
1
1743 121
1
1744 346
1
1745 103
1
1746 326
1
1747 238
1
1748 184
1
1749 127
1
1750 105
1
1751 124
1
1752 349
1
1753 285
1
1754 73
1
1755 190
1
1756 164
1
1757 215
1
1758 97
1
1759 233
1
1760 275
1
1761 336
0
1
1762 249
1
1763 324
1
1764 247
1
1765 231
1
1766 80
1
1767 5
1
1768 132
1
1769 313
1
1770 204
1
1771 228
1
1772 213
1
1773 36
1
1774 135
1
1775 353
1
1776 120
1
1777 9
1
1778 178
0
1
1779 213
1
1780 303
1
1781 175
1
1782 213
1
1783 325
1
1784 37
1
1785 66
1
1786 50
1
1787 155
0
1
1788 162
1
1789 33
1
1790 341
1
1791 204
1
1792 94
1
1793 122
1
1794 58
1
1795 208
1
1796 360
1
1797 292
1
1798 125
1
1799 340
1
1800 105
1
1801 140
1
1802 186
0
1
1803 128
1
1804 231
1
1805 252
1
1806 267
1
1807 68
1
1808 289
1
1809 114
1
1810 241
1
1811 10
1
1812 291
1
1813 261
1
1814 65
1
1815 78
1
1816 259
1
1817 273
1
1818 26
1
1819 211
1
1820 305
1
1821 193
1
1822 321
1
1823 25
1
1824 191
1
1825 269
0
1
1826 9
0
1
1827 293
1
1828 43
1
1829 32
1
1830 311
1
1831 41
1
1832 336
1
1833 214
1
1834 39
1
1835 267
1
1836 138
1
1837 173
1
1838 161
1
1839 203
0
1
1840 161
1
1841 112
1
1842 78
1
1843 92
1
1844 241
1
1845 326
1
1846 194
1
1847 309
1
1848 152
1
1849 189
1
1850 227
1
1851 71
0
1
1852 129
1
1853 202
1
1854 34
1
1855 222
1
1856 263
1
1857 206
1
1858 190
1
1859 51
1
1860 227
1
1861 97
1
1862 203
1
1863 148
1
1864 26
1
1865 77
1
1866 223
1
1867 34
1
1868 78
1
1869 169
1
1870 156
1
1871 148
1
1872 189
1
1873 246
1
1874 233
1
1875 264
1
1876 5
1
1877 320
1
1878 99
0
1
1879 191
1
1880 10
1
1881 208
1
1882 190
1
1883 273
1
1884 30
1
1885 318
1
1886 32
1
1887 34
1
1888 202
1
1889 135
1
1890 2
1
1891 354
1
1892 229
1
1893 202
1
1894 78
1
1895 72
1
1896 204
1
1897 137
1
1898 225
1
1899 139
1
1900 224
1
1901 245
1
1902 318
1
1903 129
1
1904 12
1
1905 113
1
1906 317
1
1907 226
1
1908 351
1
1909 71
1
1910 339
1
1911 124
1
1912 89
1
1913 17
1
1914 244
1
1915 351
1
1916 184
1
1917 354
1
1918 241
1
1919 136
1
1920 257
1
1921 12
1
1922 221
1
1923 226
0
1
1924 308
1
1925 137
1
1926 31
1
1927 272
1
1928 302
1
1929 259
1
1930 10
1
1931 37
1
1932 71
1
1933 347
1
1934 133
1
1935 44
1
1936 218
1
1937 255
1
1938 34
1
1939 44
1
1940 207
1
1941 103
1
1942 111
1
1943 125
1
1944 33
1
1945 340
1
1946 248
1
1947 207
1
1948 181
1
1949 323
1
1950 279
1
1951 339
1
1952 319
1
1953 338
1
1954 146
1
1955 80
1
1956 260
1
1957 55
1
1958 158
1
1959 53
1
1960 252
1
1961 130
1
1962 7
1
1963 107
1
1964 154
1
1965 338
1
1966 276
1
1967 279
1
1968 359
1
1969 70
1
1970 187
1
1971 177
1
1972 242
1
1973 262
1
1974 241
1
1975 258
1
1976 303
1
1977 264
1
1978 263
1
1979 293
1
1980 204
1
1981 31
1
1982 10
1
1983 236
1
1984 112
1
1985 314
1
1986 61
1
1987 196
1
1988 249
1
1989 332
1
1990 86
1
1991 205
1
1992 180
1
1993 243
1
1994 106
1
1995 289
1
1996 342
1
1997 36
1
1998 89
1
1999 22
1
2000 307
1
2001 17
1
2002 229
1
2003 162
1
2004 44
1
2005 311
1
2006 75
1
2007 356
1
2008 83
1
2009 149
1
2010 350
1
2011 275
1
2012 123
1
2013 204
1
2014 199
1
2015 335
1
2016 335
1
2017 142
1
2018 82
1
2019 314
1
2020 116
1
2021 135
1
2022 96
1
2023 325
1
2024 55
1
2025 45
1
2026 342
1
2027 78
1
2028 87
1
2029 116
1
2030 308
1
2031 332
1
2032 355
1
2033 145
1
2034 195
1
2035 225
1
2036 318
1
2037 240
1
2038 6
1
2039 44
1
2040 104
1
2041 43
1
2042 188
1
2043 320
1
2044 17
1
2045 247
1
2046 187
1
2047 296
1
2048 11
1
2049 292
1
2050 146
1
2051 42
1
2052 94
1
2053 203
1
2054 73
1
2055 213
1
2056 215
1
2057 42
1
2058 357
1
2059 282
1
2060 230
1
2061 216
1
2062 307
1
2063 299
1
2064 356
1
2065 52
1
2066 166
0
1
2067 120
1
2068 116
1
2069 196
1
2070 172
1
2071 72
1
2072 10
1
2073 138
1
2074 199
1
2075 114
1
2076 230
1
2077 329
1
2078 360
1
2079 186
1
2080 36
1
2081 257
1
2082 53
1
2083 61
1
2084 36
1
2085 193
1
2086 88
1
2087 264
1
2088 299
1
2089 31
1
2090 274
1
2091 92
1
2092 247
1
2093 47
1
2094 18
1
2095 39
1
2096 85
1
2097 71
1
2098 70
1
2099 191
1
2100 290
1
2101 139
1
2102 85
1
2103 201
1
2104 236
1
2105 212
1
2106 308
1
2107 192
1
2108 168
1
2109 232
1
2110 19
1
2111 189
1
2112 68
1
2113 96
1
2114 162
1
2115 339
1
2116 223
1
2117 178
1
2118 356
1
2119 41
1
2120 126
1
2121 164
1
2122 164
1
2123 80
1
2124 49
1
2125 177
1
2126 236
1
2127 319
1
2128 159
1
2129 47
1
2130 297
1
2131 164
1
2132 96
1
2133 71
1
2134 151
1
2135 173
1
2136 244
1
2137 94
1
2138 302
1
2139 274
1
2140 239
1
2141 178
1
2142 50
1
2143 168
1
2144 82
1
2145 174
1
2146 239
1
2147 43
1
2148 56
1
2149 266
1
2150 202
1
2151 266
1
2152 171
1
2153 265
1
2154 277
1
2155 156
1
2156 52
1
2157 114
1
2158 279
1
2159 72
1
2160 92
1
2161 62
1
2162 79
1
2163 280
1
2164 182
1
2165 168
1
2166 305
1
2167 49
1
2168 43
1
2169 317
1
2170 231
1
2171 56
1
2172 184
1
2173 216
1
2174 117
1
2175 120
1
2176 178
1
2177 300
1
2178 343
0
1
2179 151
1
2180 157
1
2181 251
1
2182 190
1
2183 358
1
2184 247
1
2185 157
1
2186 179
1
2187 49
1
2188 298
1
2189 175
1
2190 344
1
2191 145
1
2192 90
1
2193 147
1
2194 119
1
2195 83
1
2196 357
1
2197 263
1
2198 132
1
2199 257
1
2200 295
1
2201 110
1
2202 228
1
2203 78
1
2204 209
1
2205 84
1
2206 241
1
2207 227
1
2208 163
1
2209 86
1
2210 309
1
2211 270
1
2212 177
1
2213 199
1
2214 175
1
2215 275
1
2216 53
1
2217 64
1
2218 44
1
2219 305
1
2220 149
1
2221 299
1
2222 216
1
2223 253
1
2224 167
1
2225 190
1
2226 243
1
2227 70
1
2228 158
1
2229 192
1
2230 355
1
2231 338
1
2232 263
1
2233 207
1
2234 195
1
2235 215
1
2236 31
1
2237 354
1
2238 22
1
2239 352
1
2240 72
1
2241 170
1
2242 241
1
2243 223
1
2244 114
1
2245 47
1
2246 353
1
2247 23
1
2248 85
1
2249 227
1
2250 252
1
2251 294
1
2252 219
1
2253 106
1
2254 349
1
2255 57
1
2256 130
1
2257 111
1
2258 139
1
2259 195
1
2260 77
1
2261 196
1
2262 222
1
2263 243
1
2264 128
1
2265 6
1
2266 223
1
2267 11
0
1
2268 148
1
2269 64
1
2270 277
1
2271 129
1
2272 12
1
2273 88
1
2274 318
1
2275 37
1
2276 36
1
2277 49
1
2278 43
1
2279 165
1
2280 59
1
2281 268
1
2282 172
1
2283 129
1
2284 144
1
2285 326
1
2286 174
1
2287 230
1
2288 358
1
2289 202
1
2290 86
1
2291 350
1
2292 174
1
2293 144
1
2294 19
1
2295 347
1
2296 194
1
2297 211
1
2298 137
1
2299 244
1
2300 222
1
2301 109
1
2302 354
1
2303 76
1
2304 285
1
2305 34
1
2306 354
1
2307 323
1
2308 188
1
2309 85
1
2310 272
1
2311 79
1
2312 231
1
2313 271
1
2314 341
1
2315 36
1
2316 354
1
2317 234
1
2318 319
1
2319 67
1
2320 26
1
2321 245
0
1
2322 259
1
2323 199
1
2324 93
1
2325 178
1
2326 257
1
2327 77
1
2328 358
1
2329 305
1
2330 293
1
2331 28
0
1
2332 351
1
2333 92
1
2334 74
1
2335 80
1
2336 63
1
2337 67
1
2338 210
1
2339 228
1
2340 162
1
2341 153
1
2342 190
1
2343 172
1
2344 156
1
2345 314
1
2346 316
1
2347 14
1
2348 336
1
2349 348
1
2350 56
1
2351 231
1
2352 334
1
2353 118
1
2354 279
1
2355 336
1
2356 9
1
2357 324
1
2358 199
1
2359 199
1
2360 326
1
2361 301
1
2362 199
1
2363 250
1
2364 178
1
2365 347
1
2366 300
0
1
2367 254
1
2368 244
1
2369 280
1
2370 175
1
2371 169
1
2372 176
1
2373 193
1
2374 116
1
2375 249
1
2376 61
1
2377 13
1
2378 262
1
2379 68
1
2380 8
0
1
2381 221
0
1
2382 96
1
2383 331
1
2384 273
1
2385 121
1
2386 66
1
2387 353
1
2388 94
1
2389 47
1
2390 37
1
2391 31
1
2392 330
1
2393 160
1
2394 75
1
2395 30
1
2396 324
1
2397 210
1
2398 80
0
1
2399 348
1
2400 82
1
2401 169
1
2402 145
1
2403 77
1
2404 304
1
2405 147
1
2406 33
1
2407 95
1
2408 122
0
1
2409 269
1
2410 109
1
2411 63
1
2412 141
0
1
2413 184
1
2414 15
1
2415 271
1
2416 315
1
2417 249
1
2418 226
1
2419 108
1
2420 203
1
2421 47
1
2422 77
1
2423 78
1
2424 208
1
2425 185
1
2426 72
1
2427 179
0
1
2428 96
1
2429 244
1
2430 308
1
2431 202
1
2432 215
1
2433 105
1
2434 247
1
2435 248
1
2436 164
1
2437 240
1
2438 346
1
2439 117
1
2440 328
1
2441 13
1
2442 354
1
2443 295
1
2444 256
1
2445 50
1
2446 214
1
2447 333
0
1
2448 109
1
2449 296
1
2450 277
1
2451 169
1
2452 280
1
2453 286
1
2454 351
0
1
2455 70
1
2456 159
1
2457 201
1
2458 37
1
2459 136
0
0
1
2460 159
1
2461 14
1
2462 259
1
2463 12
1
2464 197
1
2465 82
0
1
2466 259
1
2467 313
1
2468 83
1
2469 181
1
2470 339
1
2471 221
1
2472 201
0
1
2473 94
1
2474 266
1
2475 61
1
2476 168
1
2477 178
1
2478 325
1
2479 42
1
2480 358
1
2481 145
1
2482 356
0
1
2483 58
1
2484 69
1
2485 26
1
2486 24
1
2487 212
1
2488 330
1
2489 252
1
2490 224
1
2491 224
1
2492 130
1
2493 49
1
2494 144
1
2495 351
1
2496 43
1
2497 120
1
2498 357
1
2499 21
1
2500 351
1
2501 337
1
2502 221
1
2503 174
1
2504 48
1
2505 83
1
2506 220
0
1
2507 208
0
1
2508 140
0
1
2509 214
1
2510 300
1
2511 125
1
2512 317
0
1
2513 42
1
2514 271
1
2515 236
1
2516 30
1
2517 188
1
2518 67
1
2519 66
0
1
2520 319
1
2521 23
1
2522 85
0
1
2523 279
1
2524 164
1
2525 217
1
2526 316
0
1
2527 123
1
2528 167
1
2529 359
1
2530 168
1
2531 199
1
2532 214
1
2533 264
1
2534 318
0
1
2535 180
1
2536 225
1
2537 278
1
2538 323
1
2539 205
1
2540 220
1
2541 64
0
1
2542 29
1
2543 177
1
2544 173
1
2545 282
1
2546 169
1
2547 347
1
2548 96
1
2549 318
1
2550 294
1
2551 297
1
2552 244
0
1
2553 146
1
2554 308
1
2555 10
0
1
2556 70
1
2557 359
1
2558 164
0
1
2559 43
1
2560 141
1
2561 78
1
2562 303
1
2563 300
1
2564 272
1
2565 220
1
2566 191
1
2567 213
1
2568 238
1
2569 302
0
0
0
1
2570 202
0
1
2571 358
1
2572 108
1
2573 340
1
2574 336
1
2575 310
1
2576 224
1
2577 234
1
2578 258
1
2579 177
1
2580 113
1
2581 358
1
2582 35
1
2583 357
1
2584 159
1
2585 218
0
1
2586 169
1
2587 101
1
2588 358
1
2589 26
1
2590 82
1
2591 23
1
2592 158
1
2593 212
1
2594 128
1
2595 356
1
2596 178
1
2597 304
1
2598 7
1
2599 151
1
2600 204
1
2601 217
1
2602 52
1
2603 287
1
2604 14
0
1
2605 209
1
2606 270
0
1
2607 297
0
1
2608 204
1
2609 328
1
2610 166
0
1
2611 62
1
2612 174
1
2613 199
1
2614 355
1
2615 203
0
1
2616 296
1
2617 305
1
2618 359
1
2619 225
1
2620 210
1
2621 235
0
1
2622 167
1
2623 265
1
2624 152
1
2625 225
1
2626 153
1
2627 258
1
2628 223
1
2629 341
1
2630 353
1
2631 91
1
2632 327
1
2633 63
1
2634 105
1
2635 206
1
2636 33
1
2637 200
0
1
2638 328
1
2639 137
1
2640 209
1
2641 114
1
2642 215
1
2643 35
1
2644 311
0
1
2645 307
1
2646 304
0
1
2647 236
1
2648 17
1
2649 114
1
2650 28
1
2651 73
1
2652 279
1
2653 106
1
2654 110
1
2655 10
1
2656 298
1
2657 136
1
2658 51
1
2659 240
1
2660 150
1
2661 301
1
2662 82
1
2663 43
1
2664 63
1
2665 20
0
1
2666 107
1
2667 118
1
2668 149
1
2669 210
1
2670 165
1
2671 174
0
1
2672 74
0
0
1
2673 179
1
2674 18
1
2675 48
1
2676 351
1
2677 8
1
2678 91
1
2679 204
1
2680 264
1
2681 32
0
1
2682 100
1
2683 354
0
1
2684 348
1
2685 65
1
2686 205
1
2687 13
0
1
2688 356
1
2689 79
1
2690 94
1
2691 341
1
2692 17
1
2693 43
1
2694 252
1
2695 35
1
2696 20
1
2697 87
1
2698 114
1
2699 68
1
2700 43
1
2701 120
0
0
0
1
2702 289
1
2703 150
1
2704 216
1
2705 319
1
2706 32
1
2707 202
0
1
2708 77
1
2709 285
1
2710 321
1
2711 86
1
2712 306
1
2713 244
1
2714 200
1
2715 170
1
2716 31
1
2717 261
1
2718 216
0
1
2719 237
1
2720 343
1
2721 153
1
2722 328
1
2723 329
1
2724 215
0
1
2725 40
1
2726 198
1
2727 305
0
1
2728 205
1
2729 124
0
0
1
2730 216
1
2731 194
0
0
1
2732 302
1
2733 293
1
2734 205
1
2735 357
1
2736 95
0
1
2737 8
0
1
2738 151
1
2739 358
1
2740 334
1
2741 310
1
2742 360
1
2743 12
1
2744 279
1
2745 328
1
2746 185
0
0
1
2747 30
1
2748 115
1
2749 122
1
2750 190
0
1
2751 210
1
2752 115
1
2753 109
1
2754 194
1
2755 302
1
2756 151
1
2757 248
1
2758 94
1
2759 222
1
2760 332
1
2761 224
1
2762 52
1
2763 283
1
2764 84
1
2765 324
1
2766 310
0
1
2767 339
0
1
2768 175
1
2769 283
1
2770 162
0
1
2771 132
1
2772 162
0
1
2773 188
1
2774 198
1
2775 213
0
0
1
2776 204
1
2777 303
1
2778 156
0
1
2779 54
1
2780 269
1
2781 55
0
1
2782 129
1
2783 130
1
2784 341
1
2785 70
1
2786 62
1
2787 286
1
2788 177
1
2789 69
1
2790 242
1
2791 211
1
2792 107
1
2793 68
1
2794 334
1
2795 67
1
2796 318
1
2797 34
1
2798 128
1
2799 5
1
2800 14
1
2801 4
1
2802 234
1
2803 142
1
2804 118
1
2805 348
1
2806 5
1
2807 263
1
2808 202
1
2809 128
0
1
2810 63
1
2811 128
1
2812 83
0
1
2813 78
1
2814 157
1
2815 199
1
2816 22
1
2817 200
1
2818 130
1
2819 308
1
2820 119
1
2821 267
1
2822 145
1
2823 275
1
2824 246
1
2825 28
0
1
2826 107
1
2827 26
0
1
2828 62
1
2829 225
1
2830 260
1
2831 336
0
1
2832 30
1
2833 228
1
2834 351
1
2835 320
1
2836 343
1
2837 51
1
2838 199
1
2839 276
1
2840 131
1
2841 283
1
2842 21
1
2843 263
1
2844 219
1
2845 217
0
0
1
2846 185
1
2847 241
1
2848 77
1
2849 184
1
2850 2
1
2851 22
1
2852 178
1
2853 331
1
2854 10
1
2855 311
1
2856 302
0
1
2857 137
1
2858 69
1
2859 343
1
2860 160
1
2861 280
1
2862 261
0
1
2863 313
1
2864 171
1
2865 98
0
1
2866 39
1
2867 102
1
2868 96
1
2869 145
0
1
2870 359
1
2871 25
1
2872 56
1
2873 336
1
2874 130
1
2875 301
1
2876 195
1
2877 250
1
2878 85
1
2879 14
1
2880 100
1
2881 148
0
1
2882 222
1
2883 268
1
2884 296
0
1
2885 105
1
2886 76
1
2887 73
1
2888 260
1
2889 263
1
2890 325
1
2891 59
1
2892 344
0
1
2893 329
1
2894 200
0
1
2895 240
1
2896 125
1
2897 175
1
2898 20
0
1
2899 224
1
2900 3
1
2901 104
1
2902 65
1
2903 336
1
2904 20
1
2905 61
1
2906 54
0
1
2907 330
0
1
2908 256
1
2909 204
0
1
2910 46
0
1
2911 18
1
2912 355
1
2913 321
1
2914 317
1
2915 103
1
2916 344
1
2917 198
1
2918 176
1
2919 294
1
2920 73
1
2921 10
0
1
2922 296
0
1
2923 340
1
2924 239
1
2925 2
1
2926 48
1
2927 344
1
2928 31
1
2929 359
1
2930 249
1
2931 296
1
2932 31
0
1
2933 292
1
2934 324
1
2935 360
1
2936 58
1
2937 312
1
2938 327
0
1
2939 313
0
1
2940 26
1
2941 194
1
2942 147
1
2943 352
1
2944 61
1
2945 358
1
2946 318
1
2947 213
1
2948 169
1
2949 160
1
2950 226
1
2951 249
1
2952 40
1
2953 299
1
2954 11
1
2955 104
1
2956 172
1
2957 91
1
2958 318
1
2959 108
1
2960 200
0
0
1
2961 155
1
2962 39
1
2963 214
1
2964 327
1
2965 107
1
2966 43
1
2967 70
1
2968 324
1
2969 278
1
2970 10
1
2971 261
1
2972 208
1
2973 310
1
2974 349
1
2975 307
1
2976 7
0
1
2977 288
0
1
2978 342
1
2979 325
0
1
2980 316
1
2981 235
1
2982 341
1
2983 234
1
2984 87
1
2985 330
1
2986 212
1
2987 329
1
2988 340
1
2989 164
1
2990 327
1
2991 314
1
2992 250
1
2993 18
1
2994 101
1
2995 319
1
2996 261
0
1
2997 45
0
0
1
2998 145
1
2999 8
1
3000 305
1
3001 204
1
3002 139
1
3003 251
1
3004 23
1
3005 157
1
3006 308
1
3007 6
1
3008 302
1
3009 229
1
3010 128
0
0
0
1
3011 66
0
1
3012 283
1
3013 77
1
3014 337
1
3015 327
1
3016 78
1
3017 235
1
3018 254
1
3019 269
1
3020 279
1
3021 37
1
3022 359
1
3023 284
0
1
3024 28
1
3025 270
1
3026 61
1
3027 32
1
3028 96
1
3029 26
1
3030 284
1
3031 295
1
3032 196
1
3033 308
1
3034 179
1
3035 86
1
3036 145
1
3037 115
1
3038 20
1
3039 158
1
3040 321
1
3041 323
1
3042 310
0
1
3043 340
0
0
1
3044 127
1
3045 58
1
3046 36
1
3047 357
1
3048 125
0
1
3049 305
1
3050 80
1
3051 277
1
3052 290
1
3053 333
0
1
3054 219
1
3055 52
1
3056 329
1
3057 295
1
3058 23
1
3059 157
1
3060 316
1
3061 194
0
1
3062 234
1
3063 104
1
3064 354
1
3065 99
1
3066 79
1
3067 40
0
1
3068 275
1
3069 129
1
3070 273
1
3071 111
1
3072 5
1
3073 58
1
3074 13
1
3075 262
0
1
3076 198
0
1
3077 261
1
3078 341
1
3079 127
1
3080 152
1
3081 359
1
3082 309
1
3083 211
1
3084 118
0
1
3085 79
1
3086 28
1
3087 171
1
3088 99
1
3089 43
1
3090 101
1
3091 6
1
3092 64
1
3093 201
1
3094 154
1
3095 100
1
3096 275
0
1
3097 323
1
3098 36
1
3099 348
1
3100 345
1
3101 68
1
3102 189
1
3103 114
1
3104 6
1
3105 39
1
3106 210
1
3107 150
1
3108 253
0
1
3109 83
1
3110 68
1
3111 237
1
3112 298
1
3113 212
0
1
3114 326
1
3115 350
1
3116 222
1
3117 27
1
3118 304
1
3119 257
1
3120 67
1
3121 163
1
3122 9
1
3123 132
1
3124 53
1
3125 130
1
3126 74
1
3127 209
0
1
3128 314
1
3129 93
1
3130 187
0
0
1
3131 30
0
1
3132 79
1
3133 164
1
3134 154
0
1
3135 307
1
3136 265
0
1
3137 312
1
3138 273
1
3139 36
1
3140 182
1
3141 231
1
3142 163
0
0
1
3143 231
1
3144 356
1
3145 151
1
3146 117
1
3147 161
1
3148 224
1
3149 202
1
3150 199
1
3151 264
1
3152 128
0
1
3153 226
1
3154 200
1
3155 253
1
3156 138
1
3157 275
0
1
3158 351
0
1
3159 276
1
3160 10
1
3161 262
0
1
3162 102
1
3163 117
1
3164 234
1
3165 287
1
3166 162
1
3167 101
0
0
0
1
3168 19
0
1
3169 213
1
3170 107
1
3171 166
1
3172 34
0
1
3173 240
0
1
3174 281
1
3175 144
0
1
3176 223
1
3177 289
1
3178 221
1
3179 325
0
1
3180 156
1
3181 322
0
1
3182 121
0
1
3183 145
1
3184 346
0
1
3185 226
1
3186 294
0
1
3187 341
1
3188 150
1
3189 123
0
1
3190 77
1
3191 244
0
1
3192 222
1
3193 241
1
3194 290
1
3195 246
1
3196 21
1
3197 117
1
3198 178
0
1
3199 38
0
1
3200 357
0
1
3201 330
1
3202 214
1
3203 355
1
3204 297
1
3205 291
0
1
3206 38
1
3207 202
1
3208 295
0
1
3209 90
0
1
3210 44
1
3211 17
0
1
3212 81
1
3213 85
0
1
3214 118
1
3215 297
0
0
1
3216 131
1
3217 207
1
3218 25
0
0
1
3219 9
0
0
1
3220 272
1
3221 184
1
3222 332
0
0
1
3223 87
1
3224 247
1
3225 330
1
3226 222
0
0
1
3227 229
0
1
3228 43
1
3229 109
1
3230 44
1
3231 78
0
0
1
3232 200
1
3233 312
0
1
3234 325
1
3235 185
1
3236 231
1
3237 134
1
3238 299
0
0
0
1
3239 163
1
3240 100
1
3241 115
1
3242 79
1
3243 170
1
3244 333
1
3245 61
0
1
3246 84
0
1
3247 236
1
3248 227
1
3249 351
1
3250 178
1
3251 12
1
3252 198
1
3253 215
0
1
3254 136
1
3255 228
1
3256 182
1
3257 47
1
3258 92
1
3259 317
0
1
3260 26
1
3261 165
1
3262 35
1
3263 88
0
1
3264 19
1
3265 134
1
3266 337
1
3267 228
1
3268 134
0
0
1
3269 11
0
1
3270 65
1
3271 257
1
3272 319
1
3273 66
0
1
3274 137
1
3275 350
1
3276 315
1
3277 329
0
0
1
3278 187
1
3279 192
1
3280 294
1
3281 265
1
3282 338
1
3283 142
1
3284 48
0
1
3285 163
0
0
1
3286 94
1
3287 317
1
3288 360
1
3289 317
0
0
1
3290 347
1
3291 132
1
3292 319
1
3293 130
0
0
0
0
1
3294 199
1
3295 290
1
3296 253
1
3297 72
1
3298 202
1
3299 127
1
3300 211
1
3301 54
1
3302 179
1
3303 95
1
3304 73
1
3305 167
1
3306 16
1
3307 85
1
3308 193
0
1
3309 129
1
3310 211
1
3311 178
1
3312 124
1
3313 283
0
1
3314 224
1
3315 61
0
1
3316 64
0
1
3317 329
1
3318 116
1
3319 243
1
3320 19
1
3321 37
0
1
3322 316
0
1
3323 83
1
3324 96
1
3325 77
1
3326 325
1
3327 18
1
3328 227
1
3329 329
0
1
3330 245
1
3331 79
1
3332 60
1
3333 71
0
0
0
1
3334 104
0
1
3335 320
1
3336 32
0
1
3337 283
1
3338 105
1
3339 84
1
3340 185
0
1
3341 77
1
3342 269
1
3343 163
1
3344 96
1
3345 178
1
3346 31
1
3347 29
1
3348 86
0
1
3349 189
0
1
3350 95
1
3351 250
1
3352 205
1
3353 193
0
1
3354 282
1
3355 17
1
3356 164
1
3357 276
1
3358 195
1
3359 132
0
0
1
3360 109
0
1
3361 245
0
1
3362 126
1
3363 247
1
3364 311
1
3365 343
1
3366 83
0
1
3367 224
0
1
3368 271
0
1
3369 229
0
0
1
3370 346
1
3371 232
1
3372 113
1
3373 315
0
1
3374 17
1
3375 22
1
3376 301
1
3377 38
1
3378 62
0
0
1
3379 223
1
3380 142
0
1
3381 329
1
3382 120
1
3383 84
0
1
3384 279
0
0
1
3385 357
1
3386 15
1
3387 77
0
1
3388 94
1
3389 301
1
3390 202
0
1
3391 72
0
0
1
3392 286
1
3393 330
0
0
1
3394 68
1
3395 139
0
0
1
3396 270
0
0
0
1
3397 42
1
3398 272
1
3399 249
0
0
1
3400 73
1
3401 58
1
3402 118
0
1
3403 167
1
3404 26
1
3405 353
1
3406 191
1
3407 267
1
3408 260
0
0
1
3409 32
0
1
3410 251
1
3411 285
1
3412 109
1
3413 357
1
3414 108
0
1
3415 317
1
3416 57
1
3417 80
1
3418 74
1
3419 325
1
3420 323
1
3421 320
0
1
3422 161
1
3423 232
0
0
1
3424 14
0
1
3425 50
1
3426 214
1
3427 303
0
1
3428 111
1
3429 72
1
3430 98
1
3431 196
1
3432 316
1
3433 145
1
3434 56
0
1
3435 312
1
3436 355
1
3437 176
1
3438 121
1
3439 359
1
3440 56
1
3441 73
1
3442 126
1
3443 117
1
3444 125
1
3445 142
0
0
0
0
0
0
0
1
3446 196
1
3447 261
1
3448 128
0
1
3449 169
1
3450 331
0
1
3451 234
1
3452 3
1
3453 99
1
3454 285
0
0
1
3455 114
0
1
3456 282
1
3457 291
0
0
0
1
3458 269
0
1
3459 149
1
3460 53
1
3461 314
1
3462 281
1
3463 299
1
3464 110
0
1
3465 356
1
3466 287
0
1
3467 310
1
3468 161
1
3469 52
1
3470 265
1
3471 132
0
1
3472 298
1
3473 346
1
3474 178
1
3475 29
1
3476 265
0
1
3477 105
1
3478 138
0
0
1
3479 139
1
3480 35
0
0
1
3481 25
1
3482 292
0
1
3483 99
0
1
3484 307
1
3485 323
0
1
3486 143
1
3487 194
1
3488 25
0
0
1
3489 256
1
3490 252
1
3491 7
0
1
3492 68
1
3493 336
1
3494 329
1
3495 243
1
3496 308
0
0
0
1
3497 126
0
1
3498 303
1
3499 43
1
3500 66
1
3501 32
1
3502 133
1
3503 219
1
3504 216
0
1
3505 226
1
3506 27
1
3507 329
1
3508 236
0
0
1
3509 263
1
3510 191
1
3511 180
0
0
1
3512 188
1
3513 201
1
3514 214
1
3515 34
1
3516 15
0
0
1
3517 234
1
3518 320
1
3519 121
1
3520 120
1
3521 224
1
3522 191
0
1
3523 341
1
3524 178
1
3525 49
0
1
3526 239
1
3527 225
0
0
0
1
3528 110
1
3529 344
0
0
0
1
3530 248
0
0
0
1
3531 184
0
0
1
3532 170
0
0
1
3533 358
0
0
1
3534 119
1
3535 8
1
3536 286
1
3537 217
1
3538 129
1
3539 180
1
3540 49
1
3541 267
1
3542 164
1
3543 140
1
3544 296
1
3545 191
1
3546 31
1
3547 188
0
1
3548 214
0
0
0
1
3549 77
0
1
3550 72
0
1
3551 51
1
3552 25
0
0
1
3553 43
0
1
3554 262
1
3555 353
0
1
3556 51
0
1
3557 192
0
1
3558 67
0
1
3559 113
0
1
3560 345
1
3561 60
1
3562 246
0
0
1
3563 202
0
1
3564 310
1
3565 260
1
3566 203
0
1
3567 273
1
3568 276
0
1
3569 62
1
3570 246
1
3571 10
1
3572 89
1
3573 227
0
0
0
1
3574 356
0
1
3575 177
0
0
0
0
0
1
3576 257
1
3577 31
1
3578 4
0
1
3579 278
1
3580 313
1
3581 207
0
1
3582 45
1
3583 349
0
1
3584 125
0
0
1
3585 233
1
3586 352
1
3587 283
1
3588 271
1
3589 337
1
3590 10
0
0
1
3591 331
1
3592 235
1
3593 296
1
3594 225
1
3595 199
1
3596 244
0
0
1
3597 14
1
3598 139
1
3599 338
0
1
3600 81
1
3601 78
0
1
3602 13
1
3603 104
0
1
3604 268
0
1
3605 282
1
3606 113
1
3607 295
1
3608 340
1
3609 98
1
3610 121
0
1
3611 11
1
3612 46
1
3613 179
0
0
1
3614 57
1
3615 260
1
3616 225
1
3617 136
1
3618 320
1
3619 179
1
3620 345
0
1
3621 96
0
0
1
3622 60
0
0
1
3623 175
0
1
3624 242
0
1
3625 307
1
3626 7
1
3627 341
0
1
3628 194
0
1
3629 251
1
3630 173
0
1
3631 219
1
3632 15
1
3633 349
1
3634 299
1
3635 284
1
3636 83
0
0
0
1
3637 122
0
1
3638 269
1
3639 345
0
0
1
3640 282
1
3641 106
0
1
3642 146
1
3643 237
0
0
0
0
0
1
3644 291
1
3645 86
1
3646 43
1
3647 263
1
3648 52
1
3649 334
1
3650 126
1
3651 172
1
3652 346
1
3653 227
0
1
3654 340
1
3655 76
1
3656 61
1
3657 207
0
1
3658 2
0
1
3659 251
1
3660 223
1
3661 299
0
1
3662 263
1
3663 31
1
3664 103
1
3665 143
1
3666 165
1
3667 204
1
3668 356
1
3669 227
1
3670 299
1
3671 160
1
3672 274
1
3673 333
1
3674 260
1
3675 207
1
3676 299
1
3677 172
1
3678 358
0
1
3679 146
0
1
3680 350
0
1
3681 241
0
1
3682 98
1
3683 293
1
3684 232
1
3685 302
1
3686 124
0
1
3687 247
0
1
3688 344
1
3689 338
1
3690 246
0
1
3691 37
0
1
3692 167
1
3693 299
1
3694 275
1
3695 202
0
0
1
3696 344
0
1
3697 44
1
3698 164
1
3699 348
1
3700 162
1
3701 316
0
0
1
3702 243
0
0
1
3703 118
0
1
3704 329
0
1
3705 206
0
1
3706 32
1
3707 317
1
3708 222
0
1
3709 339
1
3710 67
1
3711 144
1
3712 332
0
1
3713 244
0
0
1
3714 204
1
3715 198
0
1
3716 13
0
1
3717 344
0
0
0
1
3718 338
1
3719 75
0
0
1
3720 308
1
3721 207
1
3722 268
1
3723 200
1
3724 173
1
3725 346
0
1
3726 173
0
1
3727 197
0
1
3728 60
1
3729 212
0
0
1
3730 155
1
3731 181
0
1
3732 173
0
1
3733 208
1
3734 333
1
3735 220
1
3736 194
1
3737 344
0
0
1
3738 243
1
3739 280
1
3740 31
1
3741 295
1
3742 80
1
3743 258
1
3744 43
1
3745 43
1
3746 315
1
3747 319
0
1
3748 72
0
1
3749 208
0
1
3750 17
0
1
3751 241
1
3752 182
1
3753 54
1
3754 322
1
3755 103
0
0
0
1
3756 183
0
0
1
3757 96
1
3758 10
0
1
3759 107
1
3760 312
1
3761 55
1
3762 190
1
3763 340
0
1
3764 97
0
1
3765 102
0
1
3766 242
1
3767 133
1
3768 131
0
1
3769 58
1
3770 357
1
3771 111
1
3772 180
1
3773 239
1
3774 197
0
0
1
3775 72
0
0
1
3776 333
1
3777 202
1
3778 250
1
3779 252
0
1
3780 288
0
1
3781 172
1
3782 346
1
3783 59
0
0
0
1
3784 243
1
3785 352
1
3786 210
1
3787 356
1
3788 97
1
3789 147
1
3790 287
1
3791 351
0
1
3792 83
1
3793 81
1
3794 132
0
1
3795 68
1
3796 42
1
3797 179
1
3798 255
0
1
3799 102
0
0
1
3800 255
1
3801 283
0
1
3802 165
1
3803 329
0
1
3804 331
0
1
3805 189
1
3806 215
1
3807 238
1
3808 180
1
3809 299
1
3810 273
1
3811 315
1
3812 204
1
3813 253
1
3814 327
0
0
0
0
1
3815 157
0
1
3816 29
1
3817 300
1
3818 118
0
1
3819 110
1
3820 133
0
0
1
3821 220
0
1
3822 107
0
1
3823 358
0
0
1
3824 202
0
1
3825 329
1
3826 329
1
3827 272
0
0
1
3828 227
0
1
3829 64
1
3830 89
1
3831 339
0
1
3832 319
0
0
1
3833 240
0
1
3834 155
0
0
1
3835 151
1
3836 196
1
3837 194
0
1
3838 205
0
0
0
1
3839 274
1
3840 10
0
1
3841 32
0
0
1
3842 17
0
0
1
3843 96
1
3844 194
0
0
1
3845 235
0
1
3846 136
1
3847 314
1
3848 212
0
1
3849 85
1
3850 261
1
3851 330
1
3852 332
1
3853 174
0
0
0
0
0
1
3854 186
0
1
3855 93
0
0
1
3856 350
1
3857 328
1
3858 148
0
1
3859 171
1
3860 262
1
3861 198
0
1
3862 225
1
3863 290
0
1
3864 352
0
1
3865 213
1
3866 195
0
0
0
1
3867 43
1
3868 147
0
1
3869 90
1
3870 296
1
3871 274
0
0
1
3872 282
1
3873 267
0
0
0
1
3874 255
0
1
3875 84
0
1
3876 204
0
0
0
1
3877 360
1
3878 21
1
3879 254
0
0
1
3880 50
0
0
1
3881 315
1
3882 101
0
0
1
3883 282
1
3884 181
1
3885 26
0
0
0
1
3886 49
1
3887 294
0
0
0
1
3888 244
1
3889 356
1
3890 336
1
3891 157
0
1
3892 302
1
3893 228
0
1
3894 302
0
0
1
3895 186
1
3896 98
1
3897 169
0
1
3898 117
0
0
1
3899 304
0
0
1
3900 231
1
3901 317
1
3902 225
0
1
3903 69
1
3904 265
0
0
1
3905 278
0
0
1
3906 5
1
3907 43
1
3908 357
0
1
3909 238
1
3910 78
0
0
1
3911 256
0
1
3912 287
1
3913 184
1
3914 164
0
1
3915 11
1
3916 31
1
3917 267
0
0
1
3918 84
0
1
3919 234
1
3920 113
0
1
3921 117
1
3922 327
0
1
3923 41
1
3924 296
1
3925 151
1
3926 169
1
3927 287
0
1
3928 175
0
1
3929 50
1
3930 276
1
3931 73
1
3932 343
1
3933 58
0
1
3934 44
0
1
3935 106
0
0
1
3936 30
0
1
3937 116
0
1
3938 72
0
0
0
0
1
3939 249
0
1
3940 46
1
3941 2
0
1
3942 61
1
3943 241
1
3944 72
1
3945 31
0
0
0
0
1
3946 103
1
3947 57
1
3948 7
1
3949 267
0
1
3950 306
1
3951 258
0
1
3952 90
1
3953 324
1
3954 345
1
3955 321
1
3956 263
0
1
3957 88
1
3958 331
1
3959 186
1
3960 270
1
3961 207
1
3962 341
0
0
1
3963 145
1
3964 12
1
3965 233
0
0
0
0
1
3966 339
0
1
3967 29
1
3968 159
0
0
0
0
0
1
3969 255
1
3970 3
0
0
0
0
1
3971 129
0
0
1
3972 310
1
3973 276
1
3974 355
1
3975 300
0
0
1
3976 42
0
0
0
0
1
3977 146
1
3978 42
1
3979 208
0
0
0
1
3980 146
1
3981 54
0
1
3982 75
1
3983 261
1
3984 151
1
3985 313
1
3986 204
0
0
1
3987 356
1
3988 35
0
1
3989 23
0
0
1
3990 153
0
0
0
0
1
3991 70
1
3992 10
1
3993 163
1
3994 20
0
1
3995 268
1
3996 17
1
3997 335
1
3998 204
1
3999 340
1
4000 96
1
4001 51
0
0
0
0
1
4002 178
1
4003 196
1
4004 203
1
4005 299
0
0
0
1
4006 269
0
0
0
1
4007 325
0
0
1
4008 331
1
4009 103
0
1
4010 329
0
1
4011 288
0
1
4012 29
0
1
4013 71
0
1
4014 100
0
1
4015 115
1
4016 60
1
4017 61
0
0
1
4018 290
1
4019 282
0
1
4020 126
0
1
4021 112
1
4022 188
1
4023 271
1
4024 43
0
1
4025 46
1
4026 240
1
4027 221
1
4028 357
1
4029 14
0
1
4030 359
1
4031 196
0
1
4032 17
0
0
0
0
1
4033 127
1
4034 311
0
1
4035 237
1
4036 84
1
4037 278
1
4038 31
1
4039 290
0
1
4040 31
1
4041 238
0
0
1
4042 329
0
1
4043 159
0
0
0
0
0
0
1
4044 192
1
4045 83
1
4046 325
0
0
0
1
4047 264
1
4048 177
0
1
4049 180
0
0
0
0
0
1
4050 33
0
0
1
4051 7
0
0
1
4052 14
0
0
0
0
0
1
4053 46
1
4054 4
1
4055 18
0
0
0
1
4056 268
1
4057 346
0
1
4058 341
0
1
4059 305
1
4060 72
1
4061 119
0
0
1
4062 197
1
4063 53
1
4064 60
0
0
1
4065 252
0
1
4066 147
0
1
4067 110
0
0
1
4068 323
0
1
4069 245
0
1
4070 31
0
1
4071 44
0
1
4072 249
1
4073 222
1
4074 301
1
4075 112
0
0
1
4076 29
0
0
1
4077 135
0
0
0
0
0
1
4078 118
1
4079 31
1
4080 60
1
4081 287
1
4082 323
1
4083 104
1
4084 23
1
4085 106
1
4086 214
1
4087 64
0
1
4088 223
0
1
4089 85
1
4090 174
1
4091 189
1
4092 14
1
4093 237
1
4094 310
0
1
4095 143
0
1
4096 59
1
4097 91
1
4098 266
0
0
0
0
1
4099 193
0
0
1
4100 329
0
1
4101 38
1
4102 186
0
1
4103 265
0
0
0
0
0
0
0
1
4104 115
0
1
4105 260
0
1
4106 238
1
4107 146
0
1
4108 286
0
0
1
4109 296
1
4110 315
1
4111 244
1
4112 285
1
4113 343
1
4114 80
1
4115 75
1
4116 115
0
1
4117 53
1
4118 7
1
4119 227
1
4120 205
1
4121 182
0
0
1
4122 196
1
4123 35
1
4124 138
1
4125 88
0
1
4126 121
1
4127 102
0
1
4128 113
1
4129 322
0
0
0
0
1
4130 137
1
4131 49
1
4132 157
1
4133 317
0
1
4134 12
0
0
0
0
0
0
1
4135 210
1
4136 108
0
0
0
1
4137 198
1
4138 182
0
0
0
0
0
1
4139 99
0
1
4140 173
0
0
1
4141 107
0
0
1
4142 313
0
1
4143 193
0
0
1
4144 202
1
4145 278
1
4146 270
0
0
1
4147 55
1
4148 282
1
4149 178
0
1
4150 92
1
4151 110
1
4152 82
0
1
4153 107
0
0
0
0
0
0
0
1
4154 179
0
1
4155 79
1
4156 140
0
0
0
1
4157 75
0
0
0
0
1
4158 230
0
0
1
4159 310
1
4160 25
1
4161 311
1
4162 112
0
0
1
4163 279
1
4164 139
1
4165 147
1
4166 194
1
4167 238
0
1
4168 303
1
4169 34
1
4170 139
1
4171 106
0
1
4172 23
0
1
4173 26
1
4174 69
0
0
1
4175 181
1
4176 332
1
4177 41
1
4178 308
1
4179 144
1
4180 3
1
4181 146
1
4182 110
0
0
0
0
1
4183 249
0
0
0
0
0
0
1
4184 216
0
0
0
0
1
4185 176
1
4186 316
1
4187 74
1
4188 204
0
0
1
4189 322
0
1
4190 214
0
0
0
1
4191 40
0
0
0
1
4192 229
0
1
4193 286
0
0
0
0
0
0
0
1
4194 120
0
1
4195 131
1
4196 253
1
4197 106
0
1
4198 268
0
0
1
4199 70
1
4200 83
1
4201 205
0
1
4202 199
1
4203 92
0
0
0
0
0
1
4204 90
1
4205 201
0
1
4206 67
0
0
0
0
0
1
4207 354
0
0
0
0
1
4208 324
1
4209 33
1
4210 174
0
0
1
4211 254
1
4212 153
0
0
0
1
4213 302
0
1
4214 356
0
1
4215 296
1
4216 179
1
4217 154
0
0
0
0
0
0
1
4218 326
0
0
1
4219 169
0
1
4220 305
0
0
0
0
1
4221 71
0
1
4222 119
1
4223 207
0
0
1
4224 270
0
1
4225 338
0
0
0
0
0
0
0
0
0
0
0
0
1
4226 161
0
0
1
4227 222
0
1
4228 142
0
0
0
0
1
4229 228
1
4230 354
0
0
0
1
4231 224
0
0
0
0
1
4232 321
1
4233 9
1
4234 179
0
0
0
0
0
1
4235 204
0
1
4236 108
1
4237 347
0
0
0
1
4238 233
0
0
0
1
4239 7
1
4240 243
0
0
0
1
4241 150
1
4242 146
0
0
0
1
4243 94
1
4244 149
0
1
4245 347
0
0
1
4246 23
0
0
0
0
0
0
0
0
1
4247 32
1
4248 106
1
4249 11
0
0
0
1
4250 357
1
4251 77
0
0
0
1
4252 162
0
0
1
4253 260
0
1
4254 10
1
4255 277
1
4256 357
0
1
4257 70
0
0
0
0
0
0
0
1
4258 301
0
1
4259 306
1
4260 2
1
4261 151
0
0
0
1
4262 94
1
4263 202
0
1
4264 34
0
0
0
1
4265 339
1
4266 179
1
4267 173
1
4268 106
1
4269 351
1
4270 213
1
4271 173
0
0
0
1
4272 76
1
4273 150
0
1
4274 137
1
4275 145
0
1
4276 223
0
1
4277 212
1
4278 61
1
4279 130
1
4280 54
0
0
1
4281 159
0
0
0
0
0
0
0
1
4282 5
0
0
0
0
0
1
4283 50
1
4284 184
1
4285 180
0
1
4286 239
1
4287 22
0
0
1
4288 106
1
4289 19
1
4290 81
0
0
1
4291 108
0
1
4292 163
0
1
4293 114
0
0
0
0
0
1
4294 93
0
1
4295 316
1
4296 332
0
0
1
4297 156
0
1
4298 97
1
4299 70
0
0
0
0
0
0
0
0
0
1
4300 263
0
0
1
4301 209
0
0
0
0
0
1
4302 22
1
4303 194
1
4304 20
1
4305 145
0
0
1
4306 10
1
4307 262
0
0
0
1
4308 330
0
1
4309 229
0
0
1
4310 215
1
4311 357
1
4312 211
1
4313 352
0
1
4314 280
0
0
1
4315 198
0
0
0
0
0
1
4316 80
1
4317 84
1
4318 125
1
4319 131
1
4320 96
0
0
1
4321 51
0
1
4322 322
1
4323 77
1
4324 331
1
4325 101
1
4326 131
0
0
1
4327 70
1
4328 224
0
1
4329 260
1
4330 25
0
0
1
4331 207
0
0
0
1
4332 213
0
0
0
0
1
4333 326
1
4334 325
0
1
4335 169
0
0
1
4336 286
1
4337 159
0
0
0
0
0
1
4338 98
1
4339 189
0
0
1
4340 17
1
4341 358
1
4342 77
0
1
4343 96
0
0
0
1
4344 110
0
0
0
0
1
4345 303
0
0
0
0
0
1
4346 26
0
1
4347 279
1
4348 64
0
0
0
1
4349 334
0
1
4350 357
0
1
4351 342
0
0
0
0
0
1
4352 221
0
0
0
0
0
0
0
0
1
4353 160
0
1
4354 268
0
1
4355 355
1
4356 279
0
0
1
4357 113
1
4358 354
0
0
1
4359 148
0
0
0
0
0
0
0
0
1
4360 114
1
4361 194
0
0
0
0
0
1
4362 123
0
0
1
4363 302
1
4364 224
0
1
4365 157
0
0
1
4366 277
0
0
0
1
4367 235
0
1
4368 89
0
1
4369 114
0
0
1
4370 159
0
0
0
1
4371 358
1
4372 297
1
4373 270
1
4374 131
1
4375 96
0
1
4376 48
0
1
4377 338
0
0
1
4378 325
1
4379 79
0
1
4380 28
0
1
4381 191
1
4382 145
1
4383 171
1
4384 280
0
1
4385 121
0
0
0
0
1
4386 124
1
4387 205
0
1
4388 169
1
4389 338
1
4390 326
1
4391 225
1
4392 238
0
0
1
4393 71
0
1
4394 7
0
0
0
1
4395 61
0
1
4396 330
1
4397 188
1
4398 345
0
1
4399 330
0
0
0
0
0
1
4400 319
0
0
0
0
0
1
4401 176
1
4402 281
0
0
0
0
0
0
0
0
0
1
4403 313
0
0
0
1
4404 94
1
4405 326
1
4406 353
0
1
4407 93
0
0
0
1
4408 358
0
0
0
1
4409 23
0
0
0
0
0
0
0
0
0
0
0
1
4410 338
0
0
0
0
0
0
0
1
4411 208
0
0
1
4412 75
0
0
1
4413 217
0
1
4414 144
0
0
0
0
0
0
0
0
1
4415 106
0
0
1
4416 185
0
1
4417 301
0
0
1
4418 206
0
1
4419 332
0
0
0
1
4420 55
1
4421 319
0
0
0
1
4422 57
0
0
1
4423 136
0
1
4424 26
0
0
1
4425 296
0
1
4426 43
0
0
1
4427 301
0
1
4428 135
0
0
1
4429 99
0
1
4430 175
0
0
0
0
1
4431 167
1
4432 252
0
1
4433 186
1
4434 282
1
4435 61
0
1
4436 80
0
0
1
4437 157
1
4438 164
0
0
0
1
4439 295
1
4440 268
0
0
0
0
0
0
0
0
1
4441 138
1
4442 293
1
4443 277
0
0
1
4444 266
0
0
0
0
0
1
4445 292
0
0
0
0
0
0
1
4446 113
1
4447 103
1
4448 57
0
1
4449 16
0
0
0
0
1
4450 75
1
4451 286
0
1
4452 277
0
0
1
4453 171
0
1
4454 81
1
4455 279
0
0
0
0
0
1
4456 225
0
1
4457 102
1
4458 210
1
4459 157
0
0
1
4460 29
0
1
4461 252
0
0
0
1
4462 344
0
1
4463 207
1
4464 299
0
0
0
0
0
0
0
1
4465 296
1
4466 88
1
4467 230
0
0
0
0
0
0
0
0
0
1
4468 352
1
4469 56
0
0
0
0
0
0
0
0
1
4470 164
0
1
4471 137
0
0
0
0
0
1
4472 72
1
4473 243
0
0
1
4474 334
0
0
1
4475 229
0
1
4476 52
0
0
1
4477 169
1
4478 318
0
0
0
1
4479 106
0
0
0
1
4480 322
1
4481 96
0
0
1
4482 294
1
4483 109
0
0
1
4484 339
1
4485 150
0
0
1
4486 171
0
0
0
0
0
1
4487 108
0
1
4488 155
0
0
0
0
1
4489 323
0
0
1
4490 303
0
0
1
4491 70
1
4492 244
0
0
0
1
4493 236
1
4494 10
1
4495 126
0
0
1
4496 103
0
0
1
4497 315
0
1
4498 67
0
0
0
0
0
0
1
4499 281
0
0
0
0
0
1
4500 279
0
0
0
0
0
0
0
0
0
1
4501 143
1
4502 60
1
4503 318
0
0
1
4504 163
1
4505 28
0
0
1
4506 98
0
0
1
4507 140
1
4508 82
0
1
4509 41
1
4510 114
0
0
1
4511 329
1
4512 294
0
0
0
1
4513 323
0
0
0
1
4514 207
1
4515 68
0
0
1
4516 139
0
0
0
0
0
0
1
4517 106
0
0
0
0
0
0
0
0
0
1
4518 113
1
4519 99
1
4520 225
0
0
0
1
4521 130
0
1
4522 180
0
1
4523 10
0
0
1
4524 53
1
4525 273
0
1
4526 62
0
1
4527 174
0
0
0
0
0
0
0
0
1
4528 141
0
0
0
0
0
0
0
0
0
0
0
1
4529 85
0
0
0
0
0
0
0
0
0
1
4530 84
1
4531 25
0
1
4532 228
0
0
0
0
1
4533 151
0
0
0
0
1
4534 76
0
1
4535 26
1
4536 328
0
1
4537 145
0
1
4538 341
0
1
4539 188
1
4540 289
1
4541 11
0
0
0
1
4542 110
1
4543 147
0
0
0
0
0
1
4544 175
1
4545 164
0
1
4546 357
0
0
1
4547 162
0
0
1
4548 295
1
4549 80
0
0
1
4550 207
1
4551 27
0
0
0
0
0
0
1
4552 153
0
0
0
0
1
4553 74
0
1
4554 2
1
4555 118
1
4556 44
1
4557 189
1
4558 332
1
4559 95
0
0
0
0
0
0
1
4560 24
1
4561 193
1
4562 116
0
0
0
0
0
0
0
0
0
0
0
0
1
4563 68
0
1
4564 221
0
0
0
1
4565 227
1
4566 202
0
0
0
0
0
0
0
0
0
1
4567 268
1
4568 70
0
0
0
0
0
1
4569 105
0
0
0
0
0
1
4570 319
0
1
4571 54
1
4572 226
0
0
0
1
4573 106
0
0
0
0
0
0
1
4574 117
0
0
0
0
1
4575 210
0
0
1
4576 100
1
4577 96
0
1
4578 167
0
0
0
0
0
1
4579 125
1
4580 83
1
4581 119
0
1
4582 129
0
0
0
0
0
0
1
4583 232
0
0
0
0
0
0
0
0
0
0
1
4584 20
0
0
0
0
0
0
0
1
4585 175
0
0
1
4586 340
0
0
0
0
0
0
0
1
4587 284
0
1
4588 303
0
0
0
0
0
0
0
1
4589 156
0
1
4590 122
0
1
4591 319
0
0
0
0
0
0
0
1
4592 345
1
4593 327
0
0
0
0
0
1
4594 86
0
1
4595 340
1
4596 13
1
4597 348
0
1
4598 324
1
4599 347
0
0
0
0
1
4600 205
0
0
0
1
4601 108
0
0
0
0
0
0
1
4602 255
1
4603 62
0
0
0
0
0
1
4604 25
0
0
1
4605 160
0
0
1
4606 342
1
4607 16
1
4608 339
0
0
1
4609 194
1
4610 329
0
1
4611 14
0
0
0
0
0
0
1
4612 224
0
0
0
0
0
0
0
0
1
4613 131
0
0
1
4614 350
0
0
0
0
0
0
0
0
1
4615 287
0
0
0
0
0
1
4616 199
1
4617 164
1
4618 107
0
1
4619 91
0
0
0
0
0
0
0
1
4620 77
0
1
4621 333
0
1
4622 298
0
0
0
0
0
0
0
0
0
0
1
4623 255
0
0
1
4624 335
0
0
0
0
1
4625 120
0
0
0
0
1
4626 108
0
0
0
0
0
0
0
1
4627 261
0
0
0
0
0
0
1
4628 166
0
0
0
1
4629 296
0
0
1
4630 288
0
0
1
4631 223
1
4632 209
0
1
4633 172
1
4634 64
1
4635 208
0
0
1
4636 199
0
1
4637 185
0
0
0
0
0
0
1
4638 107
0
0
0
0
0
0
0
0
0
0
0
0
0
1
4639 55
0
0
1
4640 34
1
4641 244
0
0
0
0
0
0
0
0
0
0
0
0
0
0
0
0
1
4642 287
0
0
0
0
0
1
4643 217
0
0
0
0
0
0
1
4644 31
0
0
0
1
4645 72
0
0
0
1
4646 110
0
0
0
0
0
1
4647 211
0
0
0
0
0
1
4648 78
0
0
0
0
0
0
0
0
0
0
0
1
4649 84
0
0
0
0
0
0
1
4650 43
0
1
4651 245
0
0
0
0
0
0
0
1
4652 82
0
0
0
0
0
0
0
0
0
0
0
0
0
0
1
4653 325
0
0
0
0
0
1
4654 57
0
0
0
1
4655 180
0
1
4656 173
0
0
0
0
1
4657 125
0
0
0
0
1
4658 62
0
0
0
1
4659 282
1
4660 332
0
0
1
4661 96
0
0
0
0
0
0
0
1
4662 215
0
1
4663 212
0
0
0
0
0
0
0
0
0
0
0
0
0
0
0
0
0
0
0
0
0
0
0
0
0
0
0
0
0
0
0
1
4664 194
1
4665 301
0
1
4666 35
0
0
0
1
4667 231
0
0
1
4668 285
0
0
0
0
0
0
0
0
0
1
4669 177
0
0
0
0
0
0
0
1
4670 15
0
0
1
4671 123
0
0
0
0
1
4672 33
0
0
0
0
0
0
0
0
0
0
1
4673 172
0
0
0
0
0
0
0
0
0
0
0
1
4674 114
0
0
0
1
4675 99
0
0
0
1
4676 74
0
0
0
1
4677 77
0
0
0
0
0
1
4678 148
0
0
0
0
0
0
1
4679 34
0
0
0
0
0
1
4680 162
0
0
0
0
1
4681 224
0
0
0
0
0
0
0
0
0
0
0
0
0
0
0
0
0
0
0
0
0
1
4682 234
0
0
0
0
0
0
1
4683 110
0
1
4684 358
0
1
4685 357
0
0
0
0
1
4686 355
0
0
0
0
0
1
4687 122
0
0
1
4688 57
0
0
0
1
4689 289
1
4690 349
0
0
0
0
0
1
4691 197
0
0
0
1
4692 260
0
0
0
0
0
0
0
1
4693 101
0
0
0
0
0
1
4694 154
0
1
4695 249
0
0
0
0
0
0
0
0
0
0
0
0
0
0
0
1
4696 158
0
0
0
0
0
0
1
4697 303
0
0
0
0
0
0
0
1
4698 306
0
0
0
0
0
0
0
0
0
0
0
0
0
1
4699 106
0
0
0
0
0
0
0
0
0
1
4700 114
0
0
0
0
0
0
0
0
0
0
1
4701 92
0
0
0
0
1
4702 195
0
0
0
0
0
1
4703 246
0
0
0
0
0
0
0
0
0
0
0
0
0
0
0
0
0
1
4704 56
0
1
4705 290
0
0
0
0
0
0
0
0
0
0
0
0
1
4706 233
1
4707 268
0
0
0
0
0
0
0
0
0
0
0
0
0
0
0
0
0
0
0
0
0
0
0
1
4708 58
0
0
0
0
1
4709 278
0
1
4710 30
0
0
0
0
0
0
0
0
1
4711 102
0
0
0
0
0
0
0
0
0
0
0
0
0
0
1
4712 256
0
0
0
0
0
0
0
1
4713 340
0
0
0
0
0
0
0
0
0
0
0
0
0
0
0
0
0
0
0
0
1
4714 347
0
0
0
0
0
0
0
0
0
0
0
1
4715 27
0
0
0
0
0
1
4716 263
0
0
0
0
0
0
0
1
4717 301
0
0
0
0
0
0
0
0
1
4718 236
0
0
0
0
0
0
0
0
1
4719 273
0
0
0
0
0
0
0
0
0
0
0
0
0
1
4720 201
0
1
4721 177
0
0
0
0
0
0
0
0
0
0
0
0
0
0
0
0
0
0
0
0
0
0
0
1
4722 345
0
0
0
0
0
0
0
0
1
4723 126
0
0
0
0
0
0
0
0
0
0
0
0
0
0
1
4724 39
0
0
0
0
0
0
1
4725 257
0
0
0
0
0
0
0
0
1
4726 3
0
0
0
0
0
0
0
0
0
0
0
1
4727 92
0
0
0
0
0
0
0
0
0
0
0
0
0
1
4728 356
0
1
4729 233
0
0
0
0
0
0
0
0
0
0
0
0
1
4730 285
0
0
0
1
4731 329
0
0
0
0
0
0
0
1
4732 169
0
0
0
0
0
0
0
0
0
0
0
1
4733 159
0
0
0
0
0
0
0
0
0
0
0
0
0
0
0
0
0
0
0
1
4734 56
0
1
4735 358
0
0
0
0
0
0
0
0
0
0
0
0
0
0
0
0
0
0
0
0
0
0
0
0
0
0
0
0
0
0
0
0
0
0
0
1
4736 227
0
0
0
0
0
0
0
0
0
0
0
0
0
0
0
0
0
0
0
0
0
0
0
0
0
0
0
1
4737 269
0
0
0
0
0
0
0
0
0
0
0
0
0
0
0
0
0
0
0
0
0
0
0
0
0
0
0
0
0
0
0
0
0
0
0
0
0
0
0
0
1
4738 86
1
4739 182
0
0
0
0
0
0
0
0
0
0
0
0
0
0
0
0
0
0
0
0
0
0
0
0
0
0
0
0
0
0
0
0
0
0
0
0
0
0
0
0
0
1
4740 347
0
0
0
0
1
4741 143
0
0
0
0
0
1
4742 42
0
0
0
0
0
0
0
0
0
0
0
0
0
0
0
0
0
0
0
0
0
0
0
0
0
0
0
0
0
0
0
0
0
0
0
0
0
0
0
0
0
0
1
4743 32
0
0
0
0
0
0
0
0
0
0
0
0
0
0
0
0
0
0
0
0
0
0
0
0
0
0
0
0
0
0
0
0
0
0
0
0
0
0
0
0
0
0
0
0
0
0
0
0
0
0
0
0
0
0
0
0
0
0
0
0
0
0
0
0
0
0
0
0
0
0
0
0
0
0
0
0
0
0
0
0
0
0
0
0
0
0
0
0
0
0
0
0
0
0
0
0
0
0
0
0
0
0
0
0
0
0
0
0
0
0
0
0
0
0
0
0
0
0
0
0
0
0
0
0
0
0
0
0
0
0
0
0
0
0
0
0
0
0
0
0
0
0
0
0
0
0
0
0
0
0
0
0
0
0
0
0
0
0
0
0
0
0
0
0
0
0
0
0
0
0
0
0
0
0
0
0
0
0
0
0
0
0
0
0
0
0
0
0
0
0
0
0
0
0
0
0
0
0
0
0
0
0
0
0
0
0
0
0
0
0
0
0
0
0
0
0
0
0
0
0
0
0
0
0
0
0
0
0
0
0
0
0
0
0
0
0
0
0
0
0
0
0
0
0
0
0
0
0
0
0
0
0
0
0
0
0
0
0
0
0
0
0
0
0
0
0
0
0
0
0
0
0
0
0
0
0
0
0
0
0
0
0
0
0
0
0
0
0
0
0
0
0
0
0
0
0
0
0
0
0
0
0
0
0
0
0
0
0
0
0
0
0
0
0
0
0
0
0
0
0
0
0
0
0
0
0
0
0
0
0
0
0
0
0
0
0
0
0
0
0
0
0
0
0
0
0
0
0
0
0
0
0
0
0
0
0
0
0
0
0
0
0
0
0
0
0
0
0
0
0
0
0
0
0
0
0
0
0
0
0
0
0
0
0
0
0
0
0
0
0
0
0
0
0
0
0
0
0
0
0
0
0
0
0
0
0
0
0
0
0
0
0
0
0
0
0
0
0
0
0
0
0
0
0
0
0
0
0
0
0
0
0
0
0
0
0
0
0
0
0
0
0
0
0
0
0
0
0
0
0
0
0
0
0
0
0
0
0
0
0
0
0
0
0
0
0
0
0
0
0
0
0
0
0
0
0
0
0
0
0
0
0
0
0
0
0
0
0
0
0
0
0
0
0
0
0
0
0
0
0
0
0
0
0
0
0
0
0
0
0
0
0
0
0
0
0
0
0
0
0
0
0
0
0
0
0
0
0
0
0
0
0
0
0
0
0
0
0
0
0
0
0
0
0
0
0
0
0
0
0
0
0
0
0
0
0
0
0
0
0
0
0
0
0
0
0
0
0
0
0
0
0
0
0
0
0
0
0
0
0
0
0
0
0
0
0
0
0
0
0
0
0
0
0
0
0
0
0
0
0
0
0
0
0
0
0
0
0
0
0
0
0
0
0
