306 600
2 141 3
34 131 2
250 284 2
276 83 5
295 140 3
293 261 3
223 251 4
140 15 4
222 116 3
222 10 3
10 241 3
44 256 3
127 236 4
200 148 3
122 143 2
23 241 4
41 7 4
257 289 3
47 306 4
214 167 4
81 295 3
302 76 3
182 232 4
85 99 4
133 245 4
129 2 4
157 156 4
29 58 3
69 247 2
261 299 2
285 123 3
246 40 3
168 224 3
169 292 3
283 99 3
106 247 3
208 100 3
250 243 3
126 243 3
238 236 3
239 84 4
144 243 3
287 192 4
185 101 3
40 99 5
181 90 5
83 173 4
160 227 3
260 268 3
300 194 2
233 276 5
121 249 3
152 134 2
45 55 2
162 213 3
64 37 3
224 75 3
53 71 4
221 261 4
123 195 4
107 209 4
6 250 2
61 117 3
306 106 2
230 229 4
68 223 4
165 239 3
236 69 3
61 25 3
171 248 5
165 253 4
27 178 3
271 195 2
200 131 4
64 199 4
108 69 2
186 21 3
160 23 4
295 202 2
83 287 2
15 103 2
228 159 4
249 49 3
61 95 4
259 182 4
174 254 4
147 154 4
190 73 4
144 137 4
47 255 3
233 274 5
127 297 3
125 150 4
55 120 3
247 33 3
157 219 3
114 264 3
130 199 5
86 19 3
52 22 3
108 76 2
71 209 2
296 286 2
187 61 3
183 241 2
169 212 4
96 41 4
78 256 4
46 240 5
304 292 3
301 9 2
275 164 4
122 58 3
211 59 3
207 83 5
134 263 3
28 238 3
5 246 2
175 195 4
286 96 3
30 153 4
17 292 5
105 205 2
105 210 3
138 105 3
177 62 4
48 31 3
1 211 3
30 57 4
146 300 4
203 157 3
229 8 4
131 9 2
167 231 5
92 198 4
149 142 2
56 31 2
141 293 3
214 98 1
72 288 3
151 220 4
51 220 5
111 156 3
221 2 3
76 305 3
77 208 1
153 11 3
169 98 2
26 106 5
191 201 1
5 298 3
125 177 2
142 1 3
52 160 4
265 217 4
14 135 3
124 258 3
285 252 2
1 128 4
304 38 2
103 60 4
262 254 4
116 47 4
101 8 3
35 93 3
294 144 2
234 11 4
146 182 3
207 149 3
197 154 3
28 127 3
140 272 4
251 273 3
41 262 4
16 216 5
20 283 4
293 75 3
168 291 4
138 205 4
16 246 3
148 235 2
57 234 3
179 22 2
45 183 3
208 178 4
6 87 4
206 32 3
194 146 2
109 66 3
43 212 4
259 154 2
257 82 4
262 100 3
186 51 3
36 88 4
30 231 4
234 188 3
248 37 3
255 33 3
12 99 3
214 32 2
52 178 4
213 164 3
180 44 4
237 257 2
103 272 4
172 202 4
58 205 3
70 88 3
65 301 3
66 125 2
112 164 4
95 25 3
280 70 3
266 224 3
180 244 4
56 37 5
59 141 3
10 183 4
294 271 3
82 77 3
289 158 3
305 135 4
25 243 3
73 304 3
29 60 1
2 11 4
40 5 2
192 173 5
256 120 4
273 239 4
179 161 4
121 92 2
306 302 5
134 271 3
277 287 5
272 143 3
116 288 3
145 303 3
260 179 2
110 62 3
128 211 3
58 143 3
126 150 4
190 113 4
264 65 5
13 274 3
42 258 4
278 166 4
113 278 3
65 235 4
86 119 4
110 25 5
213 240 2
193 39 4
50 299 3
39 13 6
243 137 2
55 84 3
59 128 3
10 55 3
93 61 3
173 274 3
6 284 3
294 175 2
280 265 5
150 109 3
244 79 3
305 108 2
181 251 4
204 30 3
43 292 3
217 139 5
21 214 2
200 34 1
108 106 3
129 225 4
31 67 2
86 122 5
43 73 3
117 269 3
40 20 3
236 204 4
24 174 4
135 252 4
171 130 4
77 184 3
300 133 4
297 238 2
12 102 3
166 190 3
166 24 3
149 89 4
216 102 3
9 235 3
63 53 4
46 112 4
21 169 2
104 196 4
159 267 2
91 12 3
262 237 3
26 79 3
178 184 4
85 283 3
273 290 3
8 305 3
72 256 3
212 53 3
263 20 4
232 71 3
300 189 3
144 6 3
29 122 2
34 274 3
118 172 4
293 221 4
196 14 2
291 75 3
42 124 4
242 29 3
265 155 4
167 151 3
259 194 3
298 36 4
225 66 3
24 170 3
94 16 3
296 96 2
54 91 4
189 146 3
176 164 4
254 51 3
261 224 4
161 7 3
231 32 3
26 44 4
13 233 5
219 86 3
272 230 2
26 306 3
118 303 5
226 38 3
27 241 3
217 70 4
249 198 3
298 119 4
87 3 1
187 279 3
215 255 4
157 88 3
165 90 4
19 210 3
176 112 3
107 206 3
226 245 5
290 84 4
34 233 4
228 163 2
68 181 3
51 174 3
116 215 5
296 270 4
286 161 3
263 3 4
269 159 3
118 185 3
277 168 3
249 117 4
85 54 4
282 201 3
288 10 3
254 270 2
38 37 3
135 123 5
94 102 3
147 197 4
219 203 3
104 105 2
54 92 6
27 183 2
32 57 4
269 187 4
268 179 2
188 141 4
228 264 4
67 171 1
50 177 3
221 50 2
192 207 4
242 203 4
112 4 4
63 189 4
63 182 4
162 201 4
109 74 3
291 277 5
74 252 4
146 154 2
282 23 4
6 49 2
87 85 3
100 7 3
297 153 3
68 172 4
107 57 3
48 67 3
164 162 3
67 56 2
100 41 5
145 223 2
80 209 4
283 19 4
248 115 3
251 78 3
190 38 3
81 172 4
175 134 3
189 245 3
19 298 4
101 229 2
204 297 4
240 275 3
230 58 3
45 176 3
158 151 1
36 280 5
40 216 3
23 191 3
143 60 4
88 111 2
253 4 2
17 73 1
225 11 4
130 48 4
281 197 2
184 222 4
170 278 5
38 115 4
98 21 3
267 117 3
276 192 3
103 242 4
107 188 3
35 42 3
163 264 3
115 245 3
270 24 4
247 302 2
118 295 4
124 93 4
110 126 3
166 17 2
281 147 2
111 218 3
269 198 3
148 301 3
196 152 3
227 282 4
69 76 4
74 225 4
129 50 3
114 163 2
128 281 3
22 268 2
284 49 1
211 291 3
232 197 3
97 259 5
268 161 4
20 210 5
232 209 4
138 210 3
112 253 3
122 205 2
270 170 3
136 124 3
33 302 5
62 35 3
275 201 4
139 155 3
200 9 3
78 290 4
132 136 5
75 261 5
280 139 4
289 82 3
215 184 3
119 218 2
263 294 4
296 170 2
181 145 4
150 175 3
246 216 2
109 285 3
93 95 5
66 129 4
114 301 3
177 66 3
26 72 2
127 158 6
136 279 3
237 220 3
281 80 3
304 212 3
137 49 3
72 47 3
158 33 4
273 90 3
262 96 3
162 240 4
71 206 4
258 132 5
291 142 3
89 97 4
1 89 3
82 237 3
222 27 3
18 266 3
302 108 2
131 132 3
84 176 3
227 191 5
125 110 4
147 97 3
221 299 3
78 145 3
46 4 3
3 144 3
4 213 4
230 60 4
289 208 4
52 260 4
18 168 2
113 199 5
74 238 3
17 64 4
123 196 3
299 35 3
136 114 4
18 287 3
102 91 2
235 193 2
155 94 2
98 206 4
63 226 3
119 156 2
219 242 3
193 148 3
156 218 4
279 163 2
204 28 3
185 244 2
15 202 5
301 131 4
279 93 3
250 137 3
167 186 2
282 45 3
8 135 3
7 260 4
152 195 3
180 79 1
174 43 4
188 80 3
42 266 3
220 186 3
231 28 3
27 160 3
153 234 3
267 121 5
138 104 2
229 14 4
18 173 3
180 185 3
155 16 3
223 290 3
12 85 4
284 3 3
151 257 4
8 14 3
227 23 4
198 267 3
81 303 4
95 187 3
31 171 2
266 258 5
81 15 4
244 303 2
248 133 4
140 60 3
59 80 3
120 288 3
190 64 3
137 126 2
130 56 3
101 79 3
142 277 5
253 239 5
218 36 5
10000
0
0
0
0
0
0
0
0
0
0
0
0
0
0
0
0
0
0
0
0
0
0
0
0
0
0
0
0
0
0
0
0
0
0
0
0
0
0
0
0
0
0
0
0
0
0
0
0
0
0
0
0
0
0
0
0
0
0
0
0
0
0
0
0
0
0
0
0
0
0
0
0
0
0
0
0
0
0
0
0
0
0
0
0
0
0
0
0
0
0
0
0
0
0
0
0
0
0
0
0
0
0
0
0
0
0
0
0
0
0
0
0
0
0
0
0
0
0
0
0
0
0
0
0
0
0
0
0
0
0
0
0
0
0
0
0
0
0
0
0
0
0
0
0
0
0
0
0
0
0
0
0
0
0
0
0
0
0
0
0
0
0
0
0
0
0
0
0
0
0
0
0
0
0
0
0
0
1
1 132
0
0
0
0
0
0
0
0
0
0
0
0
0
0
0
0
0
0
0
0
0
0
0
0
0
0
0
0
0
0
0
0
0
0
0
0
0
0
0
0
0
0
0
0
0
0
0
0
0
0
0
0
0
0
0
0
0
0
0
0
0
0
0
0
0
0
0
0
0
0
0
0
0
1
2 299
0
0
0
0
0
0
0
0
0
0
0
1
3 32
0
0
0
0
0
0
0
0
0
0
0
0
0
0
0
0
0
0
0
0
0
0
0
0
0
0
0
0
0
0
0
0
0
0
0
0
0
0
0
0
0
0
0
0
0
0
0
0
0
0
1
4 303
0
0
0
0
0
0
0
0
0
0
0
0
0
0
0
0
0
0
0
0
0
0
0
0
0
0
0
0
0
0
0
0
0
0
0
0
0
0
0
0
0
0
0
1
5 286
0
0
0
0
0
0
0
0
0
1
6 116
0
0
0
0
0
0
0
0
0
0
0
0
0
0
0
0
0
0
0
0
0
1
7 187
0
0
0
0
0
0
0
0
0
0
0
0
0
0
0
0
0
0
0
0
0
0
0
0
0
0
0
0
0
0
0
0
0
0
0
0
0
0
0
0
0
0
0
0
0
0
0
0
0
0
0
0
0
0
0
0
1
8 25
0
0
1
9 57
0
0
0
0
0
1
10 118
0
0
0
0
0
0
0
0
0
0
0
0
0
0
0
0
0
0
1
11 64
0
0
0
0
0
0
0
0
0
0
0
0
0
0
0
0
0
0
0
0
1
12 25
0
0
0
1
13 246
0
0
1
14 74
0
0
0
0
0
1
15 181
0
1
16 135
0
1
17 185
0
0
0
1
18 230
0
1
19 212
0
0
0
0
0
0
0
0
0
0
0
0
1
20 29
0
0
0
0
0
0
0
0
0
0
0
0
0
0
0
0
0
0
0
0
0
0
0
0
0
0
0
0
0
0
0
0
0
0
0
0
0
0
0
0
0
1
21 235
0
0
1
22 242
0
0
0
0
0
0
0
0
0
0
1
23 149
1
24 276
0
0
0
1
25 182
0
0
0
0
0
0
0
0
0
0
0
0
0
0
0
0
0
0
0
0
0
0
0
0
0
0
0
1
26 62
0
0
0
0
0
0
0
0
0
0
0
0
0
0
1
27 281
0
0
0
0
0
0
0
1
28 253
0
0
0
0
0
0
0
0
0
0
0
1
29 196
0
0
0
0
0
0
0
0
0
0
0
0
0
0
0
1
30 141
0
0
0
0
0
0
0
0
0
0
0
0
0
0
0
0
0
0
0
0
0
0
0
0
0
0
1
31 20
1
32 300
0
0
0
0
1
33 198
0
0
0
0
0
0
0
0
0
0
0
0
0
0
0
0
0
0
1
34 69
0
0
0
0
0
0
0
0
0
0
0
0
0
0
0
1
35 215
0
0
0
0
0
0
0
0
0
0
0
0
0
0
0
0
0
0
0
0
0
0
0
0
0
0
0
0
0
0
0
1
36 170
0
0
0
0
0
0
0
0
0
0
0
0
0
0
0
0
0
0
0
0
0
0
0
1
37 183
0
0
0
0
0
0
0
0
0
0
0
0
0
0
0
0
0
0
0
0
1
38 150
0
0
0
0
0
0
0
0
0
0
0
0
0
0
0
0
0
0
0
0
0
0
1
39 149
0
0
0
0
1
40 157
0
0
1
41 269
1
42 188
0
0
1
43 204
0
1
44 88
0
0
0
0
1
45 28
0
0
0
0
0
1
46 108
0
0
0
0
0
0
0
0
0
0
0
0
0
0
0
1
47 279
1
48 232
0
0
0
0
0
0
0
0
0
0
0
0
0
0
0
0
0
0
0
0
0
0
0
1
49 143
0
0
1
50 145
0
1
51 112
0
0
0
0
0
0
0
0
0
0
0
1
52 275
0
0
0
0
0
0
0
0
0
0
0
0
0
0
0
1
53 196
0
0
0
0
0
0
0
0
0
1
54 62
0
0
0
0
0
0
0
1
55 218
1
56 121
0
0
0
0
0
0
0
0
0
0
0
0
0
0
0
0
0
0
0
1
57 303
1
58 272
0
0
0
0
0
0
0
0
1
59 210
0
0
0
0
0
0
0
0
0
1
60 227
0
0
0
0
0
0
0
0
0
0
0
0
0
0
0
0
0
1
61 294
0
0
0
0
0
0
0
0
0
0
1
62 20
0
0
0
0
0
0
0
0
0
0
0
0
0
0
0
0
0
0
0
0
0
0
0
0
0
0
0
0
0
1
63 294
0
0
0
0
0
0
0
0
0
0
0
0
0
0
1
64 205
0
0
0
0
1
65 17
0
1
66 305
0
0
0
0
0
0
0
0
0
0
0
0
0
0
0
0
0
0
0
0
0
1
67 143
0
0
1
68 17
1
69 30
0
0
0
0
0
0
0
0
0
0
0
0
0
0
0
0
0
0
0
1
70 298
0
0
1
71 9
1
72 156
0
1
73 281
0
0
0
1
74 223
0
0
0
0
0
0
0
0
1
75 175
0
0
1
76 306
0
0
0
0
0
0
0
0
1
77 209
0
1
78 3
0
0
0
0
0
0
0
0
0
0
0
0
0
0
0
0
0
0
0
0
0
0
0
0
0
0
0
0
0
1
79 84
0
0
0
0
0
0
0
0
0
0
0
0
0
0
1
80 259
0
1
81 5
1
82 297
0
1
83 145
0
0
0
1
84 195
0
0
0
0
0
0
0
0
0
0
0
0
0
1
85 77
0
0
0
0
0
0
0
1
86 232
0
1
87 225
0
0
0
0
0
0
0
0
0
0
0
0
0
0
0
0
0
0
0
0
0
0
0
0
0
0
0
0
0
1
88 106
0
0
0
0
1
89 53
0
1
90 270
0
0
0
1
91 165
0
0
0
1
92 78
0
0
0
0
0
1
93 173
0
0
0
0
0
1
94 70
1
95 272
0
0
0
0
0
0
0
0
0
1
96 254
0
0
1
97 292
0
0
0
0
0
0
0
1
98 260
0
0
0
1
99 281
1
100 204
0
1
101 208
0
1
102 176
0
1
103 14
1
104 19
1
105 131
0
1
106 20
0
0
1
107 104
0
0
0
1
108 46
0
0
0
0
0
0
0
0
0
1
109 23
0
0
0
0
0
0
0
0
0
0
0
0
0
0
0
0
0
0
0
0
0
1
110 197
0
0
0
0
0
0
0
0
0
1
111 250
0
0
0
0
0
1
112 126
0
0
1
113 72
0
0
0
0
0
0
0
1
114 232
0
0
0
0
0
0
0
0
0
0
0
0
0
0
0
1
115 255
0
1
116 95
0
0
0
0
0
1
117 235
0
1
118 207
0
1
119 248
0
1
120 25
0
0
0
0
0
0
0
0
0
1
121 12
0
0
0
1
122 65
0
0
0
1
123 203
0
0
0
0
0
0
1
124 159
0
0
0
0
0
0
0
0
0
0
0
0
0
0
0
0
0
0
0
1
125 66
0
0
1
126 23
0
0
0
0
0
0
0
0
0
0
0
0
0
0
0
0
0
0
1
127 69
0
1
128 262
1
129 248
0
0
0
0
0
1
130 240
0
0
0
0
0
0
1
131 188
0
0
0
0
0
0
1
132 125
0
0
0
0
0
0
0
0
1
133 48
0
0
1
134 101
0
0
0
0
1
135 281
1
136 62
0
1
137 27
0
0
0
1
138 122
1
139 159
0
1
140 297
0
1
141 227
0
0
0
0
0
1
142 26
1
143 274
0
0
0
1
144 294
1
145 194
1
146 279
0
0
1
147 67
0
0
0
0
0
0
0
0
0
0
0
0
0
0
0
0
0
0
1
148 297
0
0
0
0
1
149 6
1
150 297
0
0
1
151 151
0
1
152 123
1
153 38
0
0
0
0
1
154 252
0
0
0
0
1
155 181
0
0
0
0
0
1
156 178
0
0
0
0
0
0
0
1
157 242
0
0
0
0
0
0
0
0
0
0
0
0
0
0
1
158 109
0
1
159 239
1
160 118
0
1
161 88
0
0
0
1
162 152
0
0
0
0
0
0
0
0
0
0
0
1
163 286
0
0
0
0
0
0
0
0
1
164 203
1
165 123
0
0
0
0
0
0
1
166 256
0
0
0
0
1
167 198
0
0
1
168 211
1
169 227
1
170 186
0
1
171 95
0
0
0
0
0
0
0
0
0
0
0
0
0
0
0
1
172 302
0
0
0
0
0
0
0
0
1
173 195
0
0
1
174 15
0
0
0
0
0
0
0
0
0
0
0
0
0
0
1
175 215
0
0
0
0
0
0
0
1
176 135
0
0
1
177 104
0
1
178 104
1
179 156
0
0
0
0
0
1
180 298
1
181 86
0
1
182 97
0
1
183 11
1
184 191
0
0
0
1
185 204
0
0
0
0
0
0
0
0
0
0
0
1
186 275
0
0
0
1
187 153
1
188 254
0
0
1
189 56
0
0
0
0
0
1
190 58
0
0
1
191 248
0
1
192 124
0
0
0
0
0
1
193 268
1
194 195
1
195 230
0
0
0
1
196 274
0
0
0
0
0
1
197 92
0
1
198 147
0
0
0
1
199 105
0
1
200 191
0
1
201 279
0
0
0
1
202 210
0
1
203 27
1
204 139
0
0
0
0
0
0
0
0
0
0
0
1
205 23
0
0
0
1
206 180
0
0
1
207 220
1
208 168
1
209 68
0
0
1
210 19
0
0
0
1
211 86
0
1
212 296
0
0
0
0
0
0
0
0
0
1
213 2
0
0
0
0
0
1
214 120
0
0
0
1
215 148
0
0
0
0
0
0
1
216 140
0
0
1
217 116
1
218 83
0
0
0
0
0
1
219 79
1
220 242
0
0
0
0
1
221 156
0
0
0
1
222 301
0
0
0
1
223 291
0
0
0
0
1
224 297
0
0
1
225 86
0
0
1
226 38
0
1
227 196
0
0
0
0
1
228 109
1
229 87
0
1
230 226
0
0
0
1
231 34
1
232 159
0
0
1
233 58
1
234 133
1
235 3
0
0
1
236 261
0
0
0
0
1
237 109
0
0
0
0
0
1
238 33
0
0
1
239 174
0
1
240 8
0
1
241 201
1
242 283
0
0
0
1
243 73
1
244 218
0
0
0
0
0
1
245 214
1
246 126
0
0
0
0
0
0
0
0
0
0
1
247 202
0
0
0
1
248 299
0
0
1
249 122
0
0
0
1
250 247
1
251 18
0
0
0
0
0
0
0
0
0
0
0
0
0
0
0
0
1
252 48
0
1
253 240
0
1
254 231
1
255 264
0
0
0
1
256 138
0
0
1
257 169
0
0
1
258 6
0
1
259 53
1
260 86
0
0
1
261 287
0
0
1
262 222
0
0
0
0
0
0
1
263 96
0
1
264 303
1
265 211
0
1
266 88
0
0
0
0
1
267 248
1
268 202
1
269 208
0
0
0
0
0
0
1
270 19
0
1
271 133
0
1
272 129
0
1
273 270
1
274 70
0
0
0
0
1
275 104
0
1
276 99
0
1
277 58
0
0
0
1
278 223
1
279 14
0
0
0
0
1
280 256
1
281 267
0
0
0
0
0
0
0
0
1
282 101
0
1
283 265
0
0
0
1
284 102
1
285 34
0
0
0
0
0
0
0
0
0
0
0
0
1
286 170
0
0
0
0
0
1
287 87
0
0
1
288 300
0
0
0
1
289 99
0
0
1
290 29
1
291 53
0
0
1
292 138
0
0
1
293 243
0
0
1
294 289
0
1
295 178
0
1
296 162
1
297 210
0
0
0
0
1
298 254
0
0
0
0
0
0
0
0
0
0
0
0
1
299 211
1
300 108
0
0
0
1
301 42
0
1
302 43
1
303 46
1
304 128
0
0
0
1
305 290
0
0
0
1
306 205
0
0
0
0
0
0
0
1
307 65
0
1
308 126
0
1
309 30
0
1
310 72
0
1
311 104
1
312 176
0
0
0
0
0
0
0
0
0
1
313 261
0
0
0
0
1
314 18
1
315 242
0
0
0
1
316 257
0
1
317 281
0
0
1
318 99
1
319 4
0
0
0
0
1
320 282
0
1
321 15
0
0
1
322 19
0
1
323 188
1
324 303
0
0
0
1
325 89
0
0
1
326 32
0
0
0
0
1
327 256
0
0
0
0
0
0
0
0
1
328 263
0
1
329 200
0
1
330 187
0
0
0
1
331 44
0
0
0
0
0
0
0
0
1
332 173
0
0
0
0
1
333 155
0
0
0
0
1
334 285
1
335 89
0
1
336 20
0
0
1
337 250
1
338 132
0
0
0
0
1
339 283
0
1
340 180
0
0
0
1
341 9
0
0
0
0
0
0
0
0
1
342 106
0
0
0
1
343 222
1
344 114
0
0
1
345 261
1
346 297
0
0
1
347 28
0
0
0
0
0
0
0
0
0
0
1
348 157
1
349 152
0
1
350 242
1
351 52
0
1
352 27
0
0
0
0
1
353 8
0
1
354 45
0
0
1
355 28
0
1
356 24
0
0
0
0
0
0
0
0
0
0
0
0
1
357 263
1
358 283
0
0
0
0
1
359 17
0
0
1
360 154
0
0
0
0
0
0
0
0
0
0
1
361 120
0
1
362 46
1
363 264
1
364 65
1
365 256
1
366 27
0
0
1
367 100
0
0
0
0
1
368 267
0
0
0
0
0
1
369 195
0
0
0
0
0
0
1
370 15
1
371 305
0
0
1
372 142
0
1
373 69
1
374 11
1
375 186
0
0
0
0
0
0
0
1
376 194
1
377 19
1
378 248
0
1
379 248
1
380 9
0
0
0
0
1
381 125
1
382 251
1
383 272
0
0
0
1
384 106
0
1
385 5
0
0
1
386 198
0
0
0
0
1
387 215
1
388 293
1
389 175
0
0
0
0
0
1
390 43
0
0
0
1
391 119
1
392 46
0
0
0
0
1
393 65
1
394 178
1
395 266
1
396 14
0
1
397 265
0
0
1
398 101
0
0
0
0
0
1
399 247
0
1
400 190
0
1
401 177
0
0
1
402 292
0
0
0
0
0
1
403 50
1
404 161
0
1
405 271
1
406 117
0
0
1
407 209
1
408 304
1
409 238
0
1
410 163
1
411 5
0
0
1
412 290
0
0
0
0
0
0
1
413 195
0
0
0
0
0
0
0
1
414 33
1
415 281
1
416 186
0
0
0
0
0
1
417 74
1
418 222
0
0
1
419 86
1
420 75
1
421 212
1
422 212
0
0
0
1
423 62
0
0
1
424 103
0
0
0
0
0
1
425 86
0
1
426 137
0
1
427 7
0
1
428 201
1
429 276
0
1
430 149
0
1
431 48
1
432 122
0
0
1
433 134
1
434 86
1
435 166
0
1
436 152
0
1
437 205
0
1
438 57
1
439 174
1
440 80
0
0
0
0
0
1
441 224
0
0
0
0
0
0
1
442 303
0
1
443 5
1
444 294
0
1
445 131
1
446 60
1
447 3
0
0
0
0
0
0
0
1
448 212
1
449 106
0
0
0
0
1
450 278
1
451 135
0
0
0
0
0
0
1
452 290
0
0
1
453 271
0
0
1
454 28
1
455 173
1
456 179
0
0
0
1
457 6
1
458 204
0
0
0
0
1
459 71
0
0
0
1
460 123
1
461 256
0
0
0
0
1
462 122
0
1
463 93
0
0
1
464 188
0
0
1
465 161
0
0
0
0
0
0
0
0
0
0
1
466 102
0
0
0
0
1
467 8
0
0
0
1
468 175
0
1
469 224
0
0
0
0
0
0
0
1
470 244
0
1
471 121
1
472 15
0
0
0
0
1
473 297
0
0
0
0
0
0
1
474 44
1
475 231
0
0
1
476 96
0
0
1
477 108
0
0
0
0
1
478 73
0
1
479 254
0
1
480 261
0
0
1
481 292
0
1
482 205
0
1
483 152
0
1
484 300
1
485 152
0
1
486 34
1
487 286
0
0
1
488 246
1
489 230
0
1
490 146
1
491 58
1
492 303
0
1
493 19
0
1
494 152
1
495 194
1
496 137
0
1
497 298
1
498 157
1
499 280
0
0
1
500 65
0
1
501 66
1
502 56
1
503 12
0
0
0
0
0
0
0
0
0
0
0
0
0
1
504 183
0
0
0
1
505 256
0
1
506 125
0
0
0
0
0
0
1
507 42
0
0
0
0
1
508 200
0
0
0
0
0
0
0
0
0
0
1
509 51
0
0
1
510 122
1
511 127
0
0
0
0
0
0
1
512 257
0
0
0
0
0
0
0
1
513 198
0
1
514 28
0
1
515 38
0
0
1
516 294
1
517 79
0
1
518 135
0
0
0
1
519 174
1
520 303
1
521 8
1
522 295
0
0
1
523 128
0
0
0
0
1
524 106
0
0
0
0
0
0
1
525 265
0
0
1
526 249
0
0
0
1
527 147
1
528 271
0
0
1
529 104
1
530 205
0
0
0
0
1
531 18
0
0
1
532 161
1
533 198
0
0
0
0
0
1
534 7
1
535 186
0
1
536 21
0
1
537 158
0
0
1
538 37
1
539 37
1
540 185
0
0
1
541 298
0
1
542 72
1
543 230
0
0
0
1
544 302
0
0
0
1
545 185
0
0
0
1
546 278
0
0
0
0
0
1
547 72
1
548 16
0
0
1
549 60
0
0
0
0
0
0
0
0
1
550 8
0
1
551 169
0
1
552 275
1
553 44
1
554 303
1
555 275
0
0
0
1
556 104
1
557 139
1
558 228
0
1
559 175
0
1
560 150
0
1
561 285
0
0
1
562 87
1
563 53
0
1
564 48
1
565 287
1
566 164
0
0
1
567 253
0
1
568 81
1
569 251
1
570 196
1
571 237
0
0
0
1
572 15
0
0
1
573 211
0
0
1
574 150
0
0
1
575 272
0
0
0
1
576 40
0
0
1
577 274
0
1
578 147
1
579 82
0
1
580 277
1
581 182
0
0
0
1
582 23
1
583 221
0
1
584 278
0
1
585 123
0
1
586 88
0
1
587 27
0
0
1
588 285
1
589 45
1
590 6
0
1
591 255
0
1
592 217
1
593 92
0
1
594 79
0
0
0
1
595 9
1
596 231
0
0
0
0
0
0
1
597 179
1
598 86
1
599 148
0
0
0
1
600 47
1
601 131
1
602 127
0
0
0
1
603 29
0
0
0
0
1
604 144
1
605 9
1
606 297
0
0
0
0
0
1
607 184
0
1
608 235
0
0
0
1
609 64
1
610 93
0
0
0
0
0
1
611 256
0
0
0
1
612 125
0
1
613 13
1
614 181
0
1
615 258
0
1
616 61
0
0
0
1
617 254
1
618 191
1
619 107
0
0
0
0
1
620 102
0
0
0
1
621 87
0
0
1
622 194
1
623 51
0
1
624 291
0
0
0
0
0
0
0
0
0
1
625 303
0
0
0
0
1
626 55
0
0
1
627 230
0
0
1
628 219
0
0
0
0
1
629 259
0
1
630 203
0
0
1
631 238
0
0
1
632 3
1
633 204
1
634 239
1
635 304
0
0
1
636 276
1
637 110
0
1
638 246
1
639 287
0
0
1
640 67
0
1
641 254
1
642 52
1
643 265
1
644 160
1
645 133
0
0
1
646 304
0
1
647 288
0
1
648 242
1
649 303
1
650 253
0
0
0
0
0
0
0
0
1
651 187
0
0
0
0
0
1
652 203
0
0
0
0
0
1
653 85
0
0
1
654 123
1
655 135
0
0
0
0
1
656 152
1
657 124
1
658 277
1
659 276
0
1
660 151
1
661 304
0
1
662 220
1
663 107
1
664 279
1
665 263
1
666 195
1
667 243
1
668 121
1
669 156
0
0
1
670 143
1
671 41
1
672 54
1
673 92
0
0
0
0
0
1
674 204
0
0
1
675 115
0
1
676 298
1
677 134
0
1
678 71
0
1
679 63
0
1
680 158
0
1
681 46
1
682 224
1
683 134
0
0
0
1
684 210
0
0
1
685 207
1
686 105
0
0
1
687 52
1
688 92
0
0
0
0
1
689 24
1
690 44
1
691 119
0
0
0
0
1
692 277
1
693 212
1
694 105
0
1
695 275
0
1
696 181
1
697 278
1
698 155
1
699 182
0
0
0
0
1
700 226
0
0
0
1
701 294
1
702 57
0
0
1
703 189
0
0
1
704 146
1
705 271
1
706 243
0
0
0
0
0
1
707 194
1
708 77
1
709 189
0
1
710 176
0
0
0
0
0
0
1
711 198
0
1
712 304
1
713 178
0
1
714 303
1
715 234
0
1
716 119
0
1
717 16
0
1
718 29
1
719 203
1
720 77
1
721 122
1
722 127
0
0
1
723 257
1
724 183
0
1
725 118
0
1
726 267
0
0
1
727 24
1
728 67
1
729 264
1
730 303
1
731 28
0
1
732 110
0
1
733 285
0
0
1
734 177
1
735 192
1
736 274
1
737 29
1
738 193
0
0
0
0
0
0
0
1
739 127
0
0
0
0
0
0
0
0
0
0
1
740 128
1
741 14
1
742 11
0
1
743 166
0
0
1
744 246
0
1
745 218
1
746 269
1
747 219
1
748 101
1
749 92
1
750 298
0
0
1
751 157
0
0
1
752 119
1
753 229
1
754 227
1
755 272
0
0
1
756 196
0
0
0
0
1
757 251
1
758 83
0
0
1
759 47
0
1
760 13
0
0
0
0
1
761 91
0
0
1
762 118
1
763 264
0
0
0
0
0
1
764 162
1
765 78
1
766 117
0
0
1
767 266
0
1
768 114
0
0
0
0
0
0
0
0
0
0
0
1
769 166
1
770 19
1
771 200
1
772 179
1
773 281
1
774 66
1
775 10
0
1
776 15
0
1
777 215
0
1
778 226
0
0
0
1
779 14
1
780 180
1
781 19
1
782 206
0
1
783 155
1
784 131
0
1
785 162
0
1
786 197
0
0
1
787 70
0
0
1
788 222
1
789 172
1
790 299
0
0
1
791 75
1
792 48
0
1
793 177
1
794 8
0
1
795 205
0
0
0
0
0
0
0
1
796 61
0
1
797 198
0
0
0
1
798 97
1
799 64
0
1
800 177
0
0
1
801 228
0
1
802 25
1
803 84
1
804 110
1
805 143
0
0
1
806 82
1
807 19
1
808 302
1
809 224
0
1
810 218
0
0
1
811 242
1
812 33
0
0
0
0
0
1
813 149
1
814 6
1
815 20
1
816 35
0
1
817 122
1
818 277
0
1
819 42
1
820 18
1
821 7
0
1
822 158
1
823 70
0
0
0
0
1
824 182
1
825 279
1
826 283
1
827 132
0
1
828 51
0
1
829 14
0
0
1
830 243
1
831 152
0
0
0
1
832 276
0
0
0
0
1
833 70
1
834 16
1
835 80
0
0
0
0
1
836 18
1
837 88
0
1
838 32
0
1
839 54
1
840 40
1
841 152
0
0
0
1
842 232
1
843 243
0
1
844 181
1
845 241
1
846 2
0
0
0
0
1
847 62
1
848 108
0
0
0
0
1
849 203
0
0
0
1
850 303
0
1
851 21
1
852 92
1
853 153
0
0
0
1
854 200
0
0
0
1
855 176
1
856 66
1
857 14
0
1
858 31
0
1
859 258
1
860 203
0
1
861 142
1
862 127
0
0
1
863 69
0
0
1
864 95
1
865 258
1
866 256
0
1
867 288
0
1
868 180
1
869 139
0
0
1
870 10
1
871 285
0
1
872 6
1
873 247
1
874 214
1
875 49
0
1
876 282
0
1
877 240
0
1
878 146
0
1
879 240
1
880 120
0
1
881 272
1
882 41
0
1
883 277
1
884 134
1
885 290
0
0
1
886 245
0
0
1
887 301
0
1
888 154
1
889 296
0
0
0
1
890 12
0
0
1
891 66
0
1
892 231
1
893 214
0
0
0
0
1
894 254
1
895 175
0
1
896 252
0
0
0
1
897 170
1
898 146
1
899 273
1
900 271
0
1
901 195
0
0
0
0
0
0
0
1
902 134
0
0
0
1
903 140
1
904 165
1
905 257
0
1
906 64
1
907 230
1
908 303
0
1
909 272
0
1
910 44
1
911 210
1
912 70
1
913 227
0
1
914 29
0
1
915 256
0
1
916 107
1
917 303
0
1
918 183
0
0
0
0
0
1
919 189
1
920 301
1
921 134
0
0
1
922 109
1
923 204
1
924 235
0
0
0
1
925 285
0
1
926 97
1
927 213
1
928 74
0
1
929 193
0
0
1
930 49
0
0
1
931 172
0
1
932 72
1
933 15
0
1
934 63
0
1
935 230
0
1
936 269
0
1
937 201
1
938 251
1
939 204
1
940 247
0
0
0
0
1
941 169
0
1
942 267
1
943 13
0
1
944 187
0
0
1
945 157
0
1
946 96
1
947 137
0
0
0
1
948 278
0
0
1
949 41
0
0
0
1
950 18
0
0
0
1
951 216
1
952 122
0
0
0
0
1
953 170
1
954 9
0
1
955 123
1
956 8
0
1
957 14
1
958 60
0
0
1
959 131
1
960 138
1
961 54
1
962 67
0
0
1
963 181
0
1
964 180
1
965 160
0
1
966 45
0
0
1
967 169
1
968 135
1
969 56
0
0
0
1
970 260
0
0
0
0
1
971 306
1
972 123
0
0
0
1
973 132
0
1
974 59
1
975 253
1
976 211
1
977 3
1
978 101
0
0
0
1
979 102
1
980 248
0
1
981 157
0
1
982 242
0
0
1
983 195
1
984 180
0
0
1
985 205
1
986 167
0
1
987 199
0
1
988 166
0
1
989 154
0
0
1
990 205
1
991 130
1
992 262
1
993 132
1
994 171
1
995 244
1
996 108
1
997 229
0
1
998 86
0
0
1
999 31
0
1
1000 80
1
1001 100
0
0
0
1
1002 193
1
1003 244
0
0
0
1
1004 84
0
1
1005 215
1
1006 267
1
1007 185
0
1
1008 187
0
0
0
0
1
1009 211
0
1
1010 104
1
1011 26
0
1
1012 21
0
1
1013 32
0
1
1014 26
0
1
1015 117
0
1
1016 187
1
1017 137
0
0
1
1018 110
1
1019 95
1
1020 264
1
1021 26
0
0
1
1022 61
0
1
1023 302
1
1024 74
1
1025 235
0
0
0
0
1
1026 62
1
1027 130
0
0
1
1028 303
1
1029 114
0
0
1
1030 191
1
1031 14
0
0
1
1032 30
1
1033 2
0
1
1034 231
1
1035 264
0
0
0
1
1036 298
0
0
1
1037 109
1
1038 152
1
1039 101
0
1
1040 184
1
1041 20
1
1042 174
0
1
1043 284
1
1044 165
1
1045 66
1
1046 241
0
1
1047 95
0
0
1
1048 155
1
1049 66
0
0
1
1050 153
0
1
1051 6
1
1052 241
1
1053 179
1
1054 42
1
1055 283
0
0
1
1056 46
1
1057 87
1
1058 115
1
1059 302
1
1060 135
0
1
1061 247
1
1062 56
0
0
0
0
1
1063 170
0
1
1064 171
1
1065 263
1
1066 259
1
1067 173
1
1068 267
0
1
1069 51
0
1
1070 129
0
0
1
1071 189
1
1072 226
1
1073 166
0
1
1074 124
1
1075 252
0
1
1076 219
1
1077 117
1
1078 199
1
1079 12
1
1080 197
1
1081 119
1
1082 259
1
1083 45
1
1084 241
1
1085 213
1
1086 82
1
1087 295
1
1088 23
0
0
1
1089 98
0
1
1090 39
0
0
0
0
0
0
1
1091 267
0
0
1
1092 134
1
1093 140
0
0
0
0
1
1094 224
0
1
1095 52
0
0
0
1
1096 214
0
1
1097 256
1
1098 173
1
1099 289
1
1100 74
1
1101 145
0
0
1
1102 289
1
1103 51
0
1
1104 237
1
1105 270
0
1
1106 138
1
1107 131
0
0
1
1108 14
1
1109 238
0
0
0
0
1
1110 263
0
1
1111 141
1
1112 216
1
1113 38
0
1
1114 78
0
0
1
1115 230
1
1116 288
0
1
1117 152
1
1118 162
0
1
1119 127
0
1
1120 233
0
1
1121 107
0
1
1122 272
1
1123 162
0
1
1124 177
1
1125 272
1
1126 75
0
1
1127 150
0
1
1128 118
1
1129 25
0
1
1130 112
0
1
1131 46
1
1132 76
0
0
1
1133 206
0
1
1134 124
0
1
1135 257
1
1136 221
0
1
1137 125
0
1
1138 118
1
1139 8
0
1
1140 36
0
0
1
1141 45
0
1
1142 200
1
1143 291
1
1144 122
1
1145 220
1
1146 134
0
1
1147 174
0
0
0
1
1148 296
0
1
1149 79
0
0
1
1150 101
1
1151 283
0
0
1
1152 60
1
1153 215
1
1154 22
0
1
1155 173
1
1156 155
1
1157 111
0
1
1158 106
1
1159 295
1
1160 170
0
0
0
0
1
1161 146
1
1162 196
0
1
1163 211
0
1
1164 108
0
0
1
1165 295
1
1166 295
1
1167 264
0
1
1168 74
0
0
1
1169 223
1
1170 51
0
0
0
1
1171 147
1
1172 249
0
1
1173 136
0
0
1
1174 294
0
1
1175 252
1
1176 53
0
0
0
0
0
0
1
1177 93
1
1178 273
0
1
1179 212
1
1180 104
1
1181 268
1
1182 100
0
0
1
1183 196
0
1
1184 98
1
1185 114
1
1186 296
1
1187 118
0
0
0
1
1188 97
0
0
1
1189 213
0
0
1
1190 143
0
1
1191 107
1
1192 210
1
1193 14
0
1
1194 79
1
1195 245
1
1196 112
0
1
1197 213
1
1198 297
0
0
0
1
1199 198
0
1
1200 138
0
0
1
1201 304
1
1202 220
0
1
1203 298
0
1
1204 175
0
0
1
1205 211
1
1206 259
1
1207 93
0
1
1208 5
1
1209 67
1
1210 304
1
1211 230
0
1
1212 138
0
0
0
0
1
1213 210
0
0
1
1214 112
1
1215 32
1
1216 230
1
1217 53
0
1
1218 32
0
0
0
1
1219 6
1
1220 193
0
1
1221 29
1
1222 118
1
1223 89
1
1224 66
1
1225 73
0
0
1
1226 135
1
1227 283
1
1228 275
0
1
1229 205
1
1230 103
1
1231 261
1
1232 266
1
1233 229
1
1234 287
1
1235 18
0
1
1236 156
0
0
1
1237 46
1
1238 282
1
1239 61
1
1240 105
1
1241 196
0
0
0
1
1242 61
0
1
1243 140
1
1244 183
1
1245 268
1
1246 139
1
1247 271
0
1
1248 89
1
1249 105
0
1
1250 146
1
1251 242
0
1
1252 41
1
1253 55
0
1
1254 19
0
1
1255 121
1
1256 119
1
1257 111
1
1258 150
0
1
1259 262
1
1260 59
0
0
0
0
1
1261 65
0
0
1
1262 147
1
1263 201
0
1
1264 133
0
0
0
1
1265 34
1
1266 179
1
1267 167
0
1
1268 88
1
1269 17
1
1270 215
0
1
1271 14
0
1
1272 257
1
1273 273
1
1274 192
1
1275 295
1
1276 271
0
0
1
1277 139
0
0
0
1
1278 60
0
0
0
0
1
1279 168
0
0
0
1
1280 278
0
1
1281 290
0
0
0
1
1282 122
0
0
1
1283 41
0
1
1284 80
0
0
1
1285 5
0
0
0
0
1
1286 196
0
1
1287 298
0
1
1288 209
1
1289 63
0
1
1290 196
1
1291 31
0
1
1292 281
0
0
0
0
1
1293 276
0
1
1294 133
0
0
0
1
1295 66
1
1296 155
1
1297 16
1
1298 42
1
1299 93
1
1300 33
1
1301 180
1
1302 286
1
1303 50
1
1304 106
1
1305 13
0
0
0
1
1306 137
0
0
1
1307 280
0
0
1
1308 284
1
1309 306
1
1310 49
0
0
0
1
1311 263
1
1312 97
1
1313 221
1
1314 62
0
0
0
1
1315 195
1
1316 283
1
1317 13
1
1318 204
1
1319 209
0
1
1320 186
0
1
1321 158
1
1322 117
1
1323 185
1
1324 251
1
1325 106
1
1326 202
0
0
1
1327 200
1
1328 118
1
1329 198
1
1330 144
1
1331 172
0
0
0
1
1332 38
0
1
1333 185
1
1334 194
1
1335 117
1
1336 147
0
1
1337 185
1
1338 146
0
1
1339 30
1
1340 243
0
1
1341 35
0
1
1342 305
0
1
1343 195
1
1344 300
1
1345 227
0
1
1346 7
1
1347 125
1
1348 224
1
1349 195
0
1
1350 180
1
1351 41
0
1
1352 281
0
1
1353 210
1
1354 115
0
1
1355 187
1
1356 42
0
1
1357 51
0
1
1358 10
1
1359 183
0
1
1360 245
1
1361 276
0
1
1362 193
1
1363 278
0
0
1
1364 162
0
1
1365 257
1
1366 55
0
1
1367 106
1
1368 279
1
1369 284
1
1370 228
1
1371 112
1
1372 217
0
0
0
1
1373 19
0
0
1
1374 188
1
1375 147
0
0
1
1376 127
1
1377 285
1
1378 294
0
1
1379 109
0
1
1380 79
0
1
1381 8
1
1382 206
1
1383 185
0
1
1384 108
1
1385 251
1
1386 80
0
1
1387 272
1
1388 70
1
1389 205
0
0
1
1390 201
1
1391 123
0
1
1392 285
0
1
1393 2
1
1394 286
0
0
1
1395 40
1
1396 210
1
1397 21
1
1398 116
1
1399 245
0
0
1
1400 50
0
1
1401 270
1
1402 66
1
1403 153
1
1404 272
1
1405 115
1
1406 288
1
1407 129
0
0
0
1
1408 115
0
1
1409 249
1
1410 180
1
1411 155
0
0
0
0
0
0
1
1412 232
1
1413 94
1
1414 127
0
0
1
1415 205
1
1416 186
0
0
0
1
1417 91
1
1418 13
1
1419 134
1
1420 203
0
0
1
1421 171
0
0
0
0
0
0
0
0
1
1422 303
1
1423 193
1
1424 146
1
1425 85
0
1
1426 117
1
1427 17
1
1428 9
1
1429 297
1
1430 154
0
0
0
1
1431 153
1
1432 182
1
1433 171
1
1434 93
0
0
1
1435 222
0
1
1436 64
0
0
0
1
1437 106
0
1
1438 281
1
1439 296
1
1440 77
1
1441 225
1
1442 204
1
1443 80
1
1444 196
1
1445 198
0
0
0
1
1446 109
1
1447 91
0
0
1
1448 89
0
0
1
1449 105
1
1450 96
1
1451 193
1
1452 241
1
1453 223
1
1454 42
1
1455 272
1
1456 226
1
1457 132
1
1458 34
1
1459 209
1
1460 19
0
0
1
1461 49
0
1
1462 23
1
1463 227
1
1464 278
1
1465 13
0
0
1
1466 192
1
1467 293
0
1
1468 198
0
0
1
1469 100
0
1
1470 252
1
1471 131
1
1472 105
1
1473 259
1
1474 157
1
1475 271
0
0
1
1476 208
1
1477 271
1
1478 93
1
1479 20
1
1480 231
0
1
1481 39
1
1482 73
0
1
1483 266
0
1
1484 115
0
0
0
1
1485 43
0
1
1486 115
0
0
1
1487 158
0
0
1
1488 157
1
1489 138
1
1490 201
0
0
1
1491 45
0
1
1492 243
1
1493 149
1
1494 47
0
0
1
1495 106
0
1
1496 262
0
1
1497 59
1
1498 149
1
1499 13
1
1500 164
1
1501 262
0
0
0
1
1502 82
1
1503 292
0
1
1504 218
1
1505 130
1
1506 8
1
1507 279
0
1
1508 303
0
1
1509 103
0
1
1510 291
1
1511 206
1
1512 142
0
1
1513 206
1
1514 258
0
1
1515 174
1
1516 176
1
1517 32
0
1
1518 122
0
1
1519 142
1
1520 153
1
1521 159
0
1
1522 155
0
1
1523 127
1
1524 54
0
1
1525 181
1
1526 41
0
1
1527 77
1
1528 283
1
1529 160
1
1530 260
0
0
0
1
1531 100
1
1532 116
0
1
1533 273
1
1534 242
0
1
1535 79
1
1536 8
0
0
1
1537 215
0
0
1
1538 290
1
1539 223
0
0
1
1540 134
1
1541 135
1
1542 195
1
1543 131
0
1
1544 174
0
0
1
1545 160
1
1546 229
1
1547 152
0
1
1548 281
1
1549 101
1
1550 236
1
1551 99
1
1552 204
0
1
1553 40
1
1554 286
1
1555 264
1
1556 267
1
1557 13
1
1558 97
1
1559 171
1
1560 140
1
1561 283
1
1562 98
1
1563 196
1
1564 124
1
1565 154
1
1566 83
0
1
1567 263
1
1568 287
0
1
1569 38
0
0
1
1570 177
1
1571 236
0
1
1572 5
1
1573 210
1
1574 239
1
1575 60
1
1576 296
1
1577 86
1
1578 180
1
1579 48
1
1580 234
1
1581 61
1
1582 195
1
1583 158
0
1
1584 145
1
1585 155
1
1586 36
1
1587 264
1
1588 180
1
1589 298
1
1590 178
1
1591 272
0
0
1
1592 253
1
1593 79
1
1594 162
1
1595 253
0
1
1596 7
1
1597 29
1
1598 5
0
1
1599 76
0
0
1
1600 228
1
1601 180
1
1602 105
1
1603 292
1
1604 275
1
1605 235
0
0
0
1
1606 196
1
1607 13
0
0
1
1608 164
1
1609 221
1
1610 56
1
1611 160
0
1
1612 2
1
1613 15
0
0
0
1
1614 59
1
1615 108
1
1616 295
1
1617 161
1
1618 135
0
1
1619 144
1
1620 83
1
1621 135
0
0
1
1622 230
1
1623 52
0
1
1624 91
0
1
1625 175
0
0
0
0
1
1626 229
0
1
1627 159
1
1628 76
1
1629 296
0
0
0
0
0
1
1630 289
1
1631 112
0
1
1632 273
0
1
1633 138
0
0
1
1634 303
1
1635 196
1
1636 257
0
1
1637 266
1
1638 257
0
0
0
1
1639 238
0
0
0
0
1
1640 252
0
1
1641 53
1
1642 91
0
0
0
0
1
1643 60
0
0
1
1644 272
1
1645 139
1
1646 303
1
1647 262
1
1648 171
0
1
1649 108
1
1650 156
0
1
1651 177
0
0
1
1652 275
1
1653 155
0
1
1654 49
1
1655 132
1
1656 189
0
1
1657 215
1
1658 189
1
1659 297
1
1660 44
0
1
1661 271
1
1662 131
0
1
1663 37
0
1
1664 122
1
1665 224
0
1
1666 231
0
0
1
1667 247
1
1668 201
0
1
1669 92
1
1670 67
0
1
1671 162
0
1
1672 84
0
1
1673 94
0
1
1674 222
1
1675 81
0
1
1676 128
0
0
1
1677 26
1
1678 128
0
1
1679 296
0
1
1680 141
1
1681 135
1
1682 196
1
1683 254
0
0
1
1684 25
0
1
1685 303
0
0
1
1686 137
1
1687 170
1
1688 106
1
1689 122
0
0
1
1690 112
1
1691 11
1
1692 228
1
1693 8
1
1694 111
1
1695 159
0
0
1
1696 259
0
1
1697 21
1
1698 268
0
1
1699 144
0
0
0
0
0
0
0
0
1
1700 77
1
1701 18
0
0
1
1702 273
1
1703 105
0
0
0
0
1
1704 47
1
1705 194
0
1
1706 24
0
1
1707 39
1
1708 22
1
1709 230
0
1
1710 299
1
1711 145
1
1712 228
1
1713 175
1
1714 170
1
1715 99
1
1716 303
1
1717 217
0
1
1718 147
0
0
1
1719 82
0
0
1
1720 214
0
1
1721 186
0
1
1722 266
1
1723 52
1
1724 249
1
1725 205
0
0
1
1726 103
1
1727 228
0
1
1728 99
1
1729 294
0
1
1730 185
1
1731 249
1
1732 88
1
1733 105
0
0
1
1734 301
1
1735 49
1
1736 19
0
1
1737 112
1
1738 110
1
1739 198
1
1740 14
1
1741 18
0
1
1742 224
0
1
1743 86
1
1744 103
1
1745 233
1
1746 222
1
1747 115
0
0
1
1748 302
1
1749 105
1
1750 21
0
1
1751 119
1
1752 100
0
1
1753 265
1
1754 233
0
1
1755 14
1
1756 110
1
1757 136
1
1758 218
0
1
1759 67
1
1760 57
0
1
1761 82
0
1
1762 118
0
0
1
1763 184
1
1764 9
1
1765 122
1
1766 100
0
1
1767 58
1
1768 159
0
1
1769 291
1
1770 295
1
1771 93
0
1
1772 79
1
1773 20
1
1774 155
1
1775 295
1
1776 15
1
1777 28
1
1778 98
1
1779 259
1
1780 236
0
1
1781 42
0
1
1782 172
0
1
1783 41
1
1784 179
1
1785 236
1
1786 152
1
1787 156
1
1788 10
1
1789 283
1
1790 48
0
1
1791 108
0
1
1792 264
1
1793 156
0
0
1
1794 191
1
1795 87
1
1796 91
1
1797 193
1
1798 47
1
1799 37
0
1
1800 149
1
1801 158
0
1
1802 285
1
1803 89
1
1804 250
1
1805 2
1
1806 303
1
1807 272
0
1
1808 203
1
1809 210
0
0
0
1
1810 236
1
1811 14
1
1812 122
0
1
1813 265
1
1814 226
1
1815 240
0
1
1816 19
0
0
1
1817 227
0
1
1818 234
1
1819 284
1
1820 164
1
1821 169
1
1822 185
1
1823 124
1
1824 33
0
0
1
1825 208
0
1
1826 17
1
1827 71
1
1828 262
1
1829 79
1
1830 40
1
1831 236
1
1832 186
1
1833 11
1
1834 180
1
1835 253
0
0
0
0
0
0
1
1836 143
1
1837 98
0
1
1838 274
0
0
1
1839 243
1
1840 188
1
1841 78
1
1842 252
0
1
1843 289
1
1844 91
1
1845 218
1
1846 298
1
1847 253
1
1848 57
1
1849 217
1
1850 270
0
1
1851 84
1
1852 280
1
1853 278
1
1854 105
1
1855 257
1
1856 212
1
1857 184
1
1858 268
1
1859 288
1
1860 218
1
1861 208
1
1862 229
1
1863 260
1
1864 284
1
1865 284
1
1866 230
1
1867 118
1
1868 126
0
0
0
0
1
1869 79
1
1870 19
1
1871 12
1
1872 91
0
0
0
1
1873 106
1
1874 152
1
1875 21
1
1876 44
1
1877 148
1
1878 113
0
1
1879 156
0
1
1880 163
0
1
1881 100
1
1882 194
1
1883 92
1
1884 115
0
1
1885 249
1
1886 284
0
0
1
1887 137
1
1888 56
0
1
1889 233
1
1890 6
1
1891 57
1
1892 136
0
0
1
1893 98
0
1
1894 85
0
1
1895 78
1
1896 194
0
1
1897 300
1
1898 35
1
1899 246
0
1
1900 253
0
1
1901 264
1
1902 138
0
1
1903 113
1
1904 184
1
1905 211
1
1906 196
1
1907 95
0
0
1
1908 59
1
1909 250
1
1910 81
1
1911 46
1
1912 105
1
1913 147
1
1914 218
0
1
1915 47
1
1916 200
0
0
0
1
1917 255
0
1
1918 179
1
1919 230
1
1920 70
1
1921 295
1
1922 90
0
1
1923 59
1
1924 80
1
1925 15
0
0
1
1926 280
1
1927 170
1
1928 224
1
1929 140
1
1930 61
1
1931 293
1
1932 19
1
1933 174
0
0
1
1934 57
0
0
1
1935 98
1
1936 128
1
1937 196
1
1938 136
0
0
1
1939 200
0
1
1940 13
0
1
1941 64
0
1
1942 111
1
1943 196
0
1
1944 247
0
1
1945 232
0
1
1946 176
1
1947 233
0
1
1948 17
0
1
1949 160
0
1
1950 23
1
1951 113
0
0
1
1952 153
1
1953 306
1
1954 270
1
1955 109
1
1956 178
1
1957 254
1
1958 272
0
1
1959 47
1
1960 159
1
1961 19
1
1962 306
1
1963 183
0
1
1964 219
0
1
1965 195
0
1
1966 228
1
1967 86
1
1968 265
1
1969 263
1
1970 259
1
1971 32
1
1972 105
0
1
1973 89
0
1
1974 305
1
1975 60
1
1976 159
1
1977 209
1
1978 135
0
1
1979 103
0
1
1980 175
1
1981 16
1
1982 167
1
1983 164
0
1
1984 229
0
0
1
1985 73
1
1986 81
1
1987 93
1
1988 191
1
1989 129
1
1990 114
0
0
0
1
1991 92
1
1992 70
1
1993 79
1
1994 230
1
1995 304
0
0
0
1
1996 134
1
1997 267
1
1998 86
1
1999 225
1
2000 65
1
2001 67
1
2002 3
1
2003 188
1
2004 13
0
0
1
2005 274
1
2006 175
1
2007 152
1
2008 176
1
2009 83
1
2010 302
1
2011 76
1
2012 255
0
1
2013 143
1
2014 288
0
1
2015 111
1
2016 135
0
1
2017 161
0
1
2018 8
1
2019 30
1
2020 269
1
2021 75
1
2022 131
1
2023 172
1
2024 180
0
1
2025 118
1
2026 152
1
2027 274
1
2028 251
1
2029 213
1
2030 227
0
1
2031 218
1
2032 229
1
2033 246
0
1
2034 174
1
2035 80
1
2036 181
1
2037 172
1
2038 278
1
2039 96
1
2040 241
1
2041 139
1
2042 79
1
2043 143
1
2044 56
1
2045 92
1
2046 52
1
2047 254
1
2048 51
1
2049 100
0
1
2050 167
1
2051 48
0
1
2052 198
1
2053 229
1
2054 118
1
2055 71
1
2056 107
1
2057 305
0
1
2058 147
1
2059 258
1
2060 271
0
1
2061 287
0
0
1
2062 21
1
2063 83
1
2064 63
1
2065 150
1
2066 251
1
2067 17
1
2068 75
1
2069 38
0
0
1
2070 279
1
2071 255
1
2072 259
1
2073 113
1
2074 69
1
2075 282
1
2076 62
1
2077 143
0
1
2078 130
1
2079 243
1
2080 44
1
2081 270
1
2082 140
0
1
2083 57
1
2084 47
1
2085 129
1
2086 63
1
2087 280
0
1
2088 188
1
2089 97
1
2090 281
1
2091 62
1
2092 89
0
1
2093 168
1
2094 244
1
2095 185
1
2096 299
0
1
2097 244
1
2098 198
1
2099 88
1
2100 101
1
2101 263
1
2102 260
0
1
2103 227
1
2104 116
1
2105 298
1
2106 118
1
2107 211
1
2108 147
0
1
2109 173
1
2110 293
1
2111 264
1
2112 173
1
2113 187
1
2114 297
1
2115 239
1
2116 69
1
2117 46
1
2118 244
1
2119 63
1
2120 62
1
2121 179
1
2122 258
1
2123 282
1
2124 112
0
0
0
0
1
2125 289
1
2126 91
1
2127 74
1
2128 272
1
2129 55
1
2130 148
1
2131 111
0
0
1
2132 176
0
1
2133 161
1
2134 204
0
1
2135 112
1
2136 42
1
2137 7
1
2138 190
1
2139 175
1
2140 227
1
2141 239
0
0
1
2142 122
0
0
1
2143 278
1
2144 8
1
2145 14
0
1
2146 215
0
1
2147 240
1
2148 224
1
2149 246
1
2150 83
0
0
1
2151 100
0
1
2152 275
1
2153 85
0
1
2154 48
1
2155 205
1
2156 89
0
1
2157 105
1
2158 205
1
2159 66
1
2160 44
1
2161 216
1
2162 18
1
2163 171
1
2164 246
1
2165 146
1
2166 134
1
2167 237
1
2168 109
0
1
2169 73
1
2170 25
1
2171 122
1
2172 276
1
2173 190
1
2174 2
1
2175 14
1
2176 9
1
2177 68
1
2178 109
0
0
1
2179 57
1
2180 260
1
2181 178
1
2182 182
0
1
2183 44
1
2184 24
1
2185 75
0
1
2186 198
1
2187 210
1
2188 148
0
1
2189 90
0
0
1
2190 221
0
1
2191 153
1
2192 291
1
2193 187
1
2194 304
1
2195 232
0
1
2196 115
0
1
2197 251
1
2198 303
1
2199 84
0
0
0
1
2200 288
1
2201 268
1
2202 306
1
2203 142
1
2204 125
1
2205 242
1
2206 95
0
1
2207 93
0
1
2208 121
1
2209 180
0
1
2210 245
1
2211 190
1
2212 25
1
2213 269
1
2214 301
1
2215 203
0
1
2216 242
0
1
2217 19
1
2218 68
1
2219 201
0
1
2220 294
0
1
2221 29
1
2222 184
1
2223 159
1
2224 107
1
2225 133
1
2226 272
1
2227 41
1
2228 238
1
2229 226
1
2230 32
1
2231 114
1
2232 122
1
2233 88
1
2234 279
1
2235 248
0
1
2236 185
0
1
2237 229
0
1
2238 65
1
2239 6
0
1
2240 50
1
2241 208
1
2242 196
1
2243 272
0
1
2244 278
1
2245 236
1
2246 303
1
2247 74
1
2248 201
0
1
2249 252
1
2250 4
1
2251 227
1
2252 261
1
2253 168
1
2254 2
0
0
1
2255 53
1
2256 107
1
2257 154
1
2258 296
0
0
1
2259 210
1
2260 73
1
2261 33
1
2262 298
1
2263 228
1
2264 125
1
2265 21
0
1
2266 260
1
2267 138
1
2268 39
1
2269 60
1
2270 92
1
2271 82
1
2272 19
1
2273 130
0
0
0
1
2274 89
1
2275 302
1
2276 176
1
2277 277
1
2278 152
1
2279 245
1
2280 172
1
2281 82
0
1
2282 74
1
2283 45
1
2284 183
0
1
2285 25
1
2286 152
1
2287 298
0
1
2288 114
1
2289 20
1
2290 154
1
2291 95
1
2292 196
1
2293 84
1
2294 44
1
2295 228
1
2296 97
1
2297 110
1
2298 106
0
1
2299 58
1
2300 206
0
1
2301 184
1
2302 184
1
2303 12
1
2304 195
1
2305 143
1
2306 3
0
1
2307 169
1
2308 113
0
1
2309 118
1
2310 249
1
2311 176
1
2312 111
1
2313 224
1
2314 157
0
1
2315 94
1
2316 296
1
2317 215
1
2318 268
1
2319 85
1
2320 18
0
1
2321 290
1
2322 240
0
1
2323 96
1
2324 84
1
2325 175
1
2326 78
1
2327 156
1
2328 84
0
1
2329 197
1
2330 263
1
2331 280
0
1
2332 49
0
0
1
2333 123
0
0
0
1
2334 55
1
2335 34
1
2336 194
1
2337 139
1
2338 225
0
1
2339 35
1
2340 48
0
1
2341 6
0
1
2342 154
1
2343 91
1
2344 153
1
2345 265
1
2346 110
1
2347 263
1
2348 19
1
2349 83
1
2350 43
0
1
2351 192
1
2352 265
0
1
2353 287
1
2354 63
1
2355 228
1
2356 285
1
2357 266
1
2358 189
1
2359 75
1
2360 105
1
2361 231
1
2362 256
0
1
2363 127
1
2364 109
0
0
1
2365 205
1
2366 90
1
2367 238
1
2368 89
1
2369 221
1
2370 32
1
2371 285
1
2372 259
1
2373 71
1
2374 194
1
2375 62
1
2376 245
1
2377 217
1
2378 3
1
2379 129
0
0
1
2380 301
1
2381 66
0
1
2382 158
1
2383 226
1
2384 277
1
2385 56
1
2386 47
0
1
2387 177
1
2388 15
1
2389 60
1
2390 100
1
2391 109
0
1
2392 104
1
2393 271
1
2394 269
1
2395 108
1
2396 273
1
2397 185
1
2398 92
1
2399 298
0
1
2400 302
1
2401 304
1
2402 206
1
2403 143
0
1
2404 303
1
2405 83
1
2406 243
0
0
1
2407 95
1
2408 147
0
1
2409 227
1
2410 118
1
2411 3
0
0
1
2412 135
1
2413 185
1
2414 5
1
2415 72
0
1
2416 300
1
2417 222
1
2418 305
0
1
2419 294
1
2420 29
1
2421 122
1
2422 37
1
2423 119
0
1
2424 89
1
2425 191
1
2426 118
1
2427 75
1
2428 272
1
2429 252
0
0
1
2430 137
1
2431 101
1
2432 280
1
2433 232
1
2434 21
0
0
1
2435 15
1
2436 127
1
2437 70
1
2438 53
1
2439 109
1
2440 29
1
2441 160
1
2442 298
1
2443 14
1
2444 180
1
2445 118
0
1
2446 95
1
2447 206
1
2448 260
1
2449 21
1
2450 35
1
2451 305
1
2452 40
1
2453 106
1
2454 292
0
1
2455 86
1
2456 181
1
2457 15
1
2458 43
0
1
2459 2
1
2460 120
1
2461 276
1
2462 237
0
1
2463 266
0
1
2464 53
1
2465 242
0
0
1
2466 301
1
2467 138
0
1
2468 241
0
1
2469 242
1
2470 296
1
2471 152
1
2472 118
0
1
2473 19
1
2474 169
0
1
2475 122
1
2476 155
1
2477 9
1
2478 58
1
2479 108
1
2480 22
1
2481 102
1
2482 138
0
1
2483 101
1
2484 83
1
2485 288
1
2486 205
1
2487 283
1
2488 205
1
2489 138
0
1
2490 305
1
2491 123
1
2492 123
1
2493 49
1
2494 248
1
2495 52
1
2496 70
1
2497 127
1
2498 123
1
2499 59
0
1
2500 230
1
2501 230
1
2502 304
0
1
2503 147
1
2504 205
0
1
2505 264
1
2506 213
1
2507 4
1
2508 130
1
2509 284
0
1
2510 243
1
2511 143
0
1
2512 228
0
1
2513 294
1
2514 129
1
2515 304
0
1
2516 19
1
2517 175
1
2518 118
1
2519 135
1
2520 187
1
2521 242
1
2522 169
0
1
2523 29
1
2524 248
1
2525 301
1
2526 268
0
1
2527 303
1
2528 90
1
2529 303
1
2530 273
1
2531 142
1
2532 173
1
2533 180
1
2534 306
1
2535 208
1
2536 104
1
2537 94
1
2538 161
0
1
2539 98
1
2540 57
1
2541 54
0
1
2542 33
1
2543 197
1
2544 210
0
1
2545 303
1
2546 87
1
2547 297
1
2548 108
1
2549 112
1
2550 58
0
0
1
2551 103
0
1
2552 252
1
2553 290
1
2554 34
0
0
1
2555 68
0
1
2556 234
1
2557 237
1
2558 193
1
2559 168
1
2560 111
1
2561 79
0
1
2562 127
0
0
1
2563 58
1
2564 27
1
2565 191
1
2566 86
0
1
2567 75
1
2568 292
1
2569 166
1
2570 166
1
2571 162
1
2572 2
0
0
0
1
2573 195
1
2574 84
1
2575 74
1
2576 150
1
2577 205
1
2578 61
1
2579 285
0
0
1
2580 163
1
2581 121
0
0
1
2582 80
1
2583 177
1
2584 40
1
2585 85
1
2586 194
1
2587 82
1
2588 45
1
2589 140
0
1
2590 242
1
2591 185
1
2592 90
0
1
2593 211
1
2594 99
1
2595 192
1
2596 187
1
2597 128
1
2598 61
1
2599 212
1
2600 33
1
2601 140
1
2602 214
1
2603 203
1
2604 232
1
2605 157
1
2606 2
1
2607 200
1
2608 29
1
2609 152
1
2610 167
0
1
2611 301
1
2612 221
1
2613 33
0
1
2614 84
1
2615 303
1
2616 223
1
2617 175
1
2618 61
1
2619 251
0
1
2620 140
1
2621 210
0
1
2622 138
1
2623 41
1
2624 118
1
2625 79
1
2626 261
1
2627 77
0
1
2628 219
1
2629 27
0
1
2630 135
1
2631 117
1
2632 172
1
2633 280
0
1
2634 272
1
2635 253
1
2636 225
1
2637 177
1
2638 152
1
2639 269
1
2640 137
1
2641 104
1
2642 43
0
0
1
2643 158
1
2644 123
1
2645 182
0
1
2646 128
1
2647 122
1
2648 126
0
1
2649 25
1
2650 163
1
2651 202
1
2652 170
1
2653 278
1
2654 213
1
2655 111
1
2656 180
1
2657 201
1
2658 169
1
2659 200
1
2660 19
1
2661 166
0
0
1
2662 113
1
2663 17
1
2664 9
1
2665 169
1
2666 175
1
2667 124
1
2668 273
0
0
1
2669 162
1
2670 101
1
2671 4
1
2672 109
1
2673 67
1
2674 71
1
2675 294
1
2676 155
0
1
2677 302
1
2678 170
1
2679 44
1
2680 60
1
2681 268
1
2682 166
1
2683 146
1
2684 291
1
2685 25
0
1
2686 78
0
1
2687 210
1
2688 56
1
2689 243
1
2690 299
1
2691 68
1
2692 230
1
2693 236
1
2694 176
1
2695 198
1
2696 253
1
2697 148
0
1
2698 228
1
2699 144
1
2700 60
0
1
2701 147
0
1
2702 258
1
2703 231
0
0
1
2704 101
1
2705 122
1
2706 128
1
2707 291
1
2708 108
1
2709 236
1
2710 83
1
2711 293
1
2712 104
1
2713 76
0
1
2714 100
1
2715 283
1
2716 58
1
2717 118
1
2718 124
1
2719 56
1
2720 292
1
2721 194
1
2722 195
1
2723 80
1
2724 86
1
2725 240
1
2726 20
1
2727 97
1
2728 64
1
2729 132
1
2730 19
0
1
2731 203
1
2732 47
1
2733 216
1
2734 251
1
2735 125
1
2736 230
1
2737 297
1
2738 260
1
2739 191
1
2740 6
1
2741 90
1
2742 42
1
2743 82
1
2744 224
1
2745 201
1
2746 97
1
2747 271
0
0
1
2748 180
1
2749 78
1
2750 222
0
1
2751 165
1
2752 139
1
2753 26
1
2754 287
1
2755 29
1
2756 306
1
2757 303
1
2758 211
1
2759 44
1
2760 243
1
2761 57
1
2762 85
1
2763 248
1
2764 14
1
2765 298
1
2766 33
1
2767 276
1
2768 111
0
1
2769 234
1
2770 122
1
2771 213
1
2772 195
1
2773 266
1
2774 272
0
1
2775 238
1
2776 18
0
0
1
2777 259
1
2778 176
1
2779 195
0
1
2780 185
1
2781 121
1
2782 22
1
2783 303
1
2784 225
1
2785 182
1
2786 187
1
2787 263
1
2788 303
1
2789 149
1
2790 176
1
2791 259
1
2792 82
1
2793 62
1
2794 8
1
2795 45
1
2796 101
1
2797 249
0
1
2798 287
1
2799 294
1
2800 182
1
2801 200
1
2802 91
1
2803 88
1
2804 104
1
2805 100
0
1
2806 105
1
2807 204
1
2808 144
1
2809 171
0
1
2810 185
1
2811 234
0
1
2812 114
1
2813 173
1
2814 272
1
2815 56
1
2816 180
0
1
2817 132
1
2818 92
1
2819 146
1
2820 72
1
2821 64
0
0
0
1
2822 302
1
2823 180
0
1
2824 134
1
2825 208
0
1
2826 210
1
2827 69
1
2828 105
1
2829 48
0
1
2830 18
0
1
2831 216
1
2832 102
1
2833 298
1
2834 186
0
1
2835 192
1
2836 35
1
2837 286
1
2838 291
1
2839 271
1
2840 145
1
2841 208
0
1
2842 55
1
2843 265
1
2844 152
1
2845 2
1
2846 143
1
2847 7
1
2848 176
1
2849 240
1
2850 198
1
2851 131
0
1
2852 151
1
2853 295
0
1
2854 287
1
2855 100
1
2856 201
1
2857 26
0
1
2858 302
1
2859 163
1
2860 306
1
2861 47
0
1
2862 223
1
2863 196
1
2864 27
1
2865 2
1
2866 244
1
2867 92
1
2868 164
1
2869 94
1
2870 257
1
2871 48
1
2872 126
1
2873 81
1
2874 299
1
2875 260
0
1
2876 135
1
2877 6
1
2878 103
1
2879 212
1
2880 82
1
2881 306
1
2882 55
1
2883 125
1
2884 272
1
2885 123
1
2886 305
1
2887 17
1
2888 207
1
2889 191
0
1
2890 224
0
1
2891 45
1
2892 18
1
2893 105
1
2894 204
1
2895 167
1
2896 79
1
2897 276
1
2898 29
1
2899 101
1
2900 6
1
2901 258
1
2902 131
1
2903 85
1
2904 128
0
1
2905 206
0
0
1
2906 156
1
2907 71
1
2908 144
1
2909 65
1
2910 195
1
2911 11
1
2912 14
1
2913 54
1
2914 41
1
2915 290
1
2916 118
0
1
2917 79
1
2918 128
1
2919 178
1
2920 291
1
2921 26
1
2922 61
0
1
2923 277
0
1
2924 232
0
1
2925 9
1
2926 191
1
2927 216
1
2928 174
1
2929 202
1
2930 290
1
2931 264
1
2932 101
1
2933 70
1
2934 148
1
2935 153
0
1
2936 289
1
2937 149
1
2938 104
1
2939 63
1
2940 86
1
2941 214
1
2942 4
1
2943 190
1
2944 161
1
2945 97
1
2946 107
1
2947 224
1
2948 20
0
1
2949 176
0
1
2950 306
1
2951 153
1
2952 123
1
2953 87
1
2954 13
1
2955 237
1
2956 60
1
2957 6
1
2958 288
1
2959 232
1
2960 294
1
2961 95
1
2962 294
1
2963 227
1
2964 114
1
2965 54
1
2966 29
1
2967 289
1
2968 292
1
2969 293
1
2970 131
1
2971 115
1
2972 120
1
2973 170
1
2974 180
1
2975 118
1
2976 9
1
2977 250
1
2978 155
1
2979 294
1
2980 134
1
2981 206
1
2982 159
0
1
2983 70
1
2984 103
1
2985 296
1
2986 205
1
2987 45
1
2988 50
1
2989 109
1
2990 60
1
2991 92
1
2992 30
1
2993 141
0
1
2994 158
1
2995 27
1
2996 23
1
2997 180
1
2998 61
1
2999 103
1
3000 303
1
3001 77
1
3002 128
1
3003 122
1
3004 83
1
3005 144
0
1
3006 126
0
1
3007 241
0
1
3008 227
1
3009 14
1
3010 102
1
3011 164
1
3012 144
1
3013 160
1
3014 298
1
3015 233
1
3016 209
1
3017 214
1
3018 257
1
3019 138
1
3020 200
0
1
3021 95
1
3022 94
1
3023 198
1
3024 250
1
3025 262
1
3026 207
1
3027 209
1
3028 269
1
3029 220
1
3030 175
1
3031 44
1
3032 259
1
3033 7
1
3034 30
1
3035 106
1
3036 237
0
1
3037 60
1
3038 15
1
3039 80
1
3040 58
1
3041 175
1
3042 170
1
3043 271
1
3044 31
1
3045 280
1
3046 260
1
3047 213
1
3048 84
1
3049 52
0
1
3050 176
1
3051 71
0
1
3052 256
1
3053 196
1
3054 100
1
3055 137
1
3056 6
0
0
1
3057 304
1
3058 270
1
3059 80
1
3060 183
1
3061 58
1
3062 116
1
3063 155
1
3064 263
1
3065 149
1
3066 143
1
3067 116
1
3068 229
1
3069 51
1
3070 71
1
3071 249
1
3072 121
0
0
1
3073 152
1
3074 226
1
3075 186
1
3076 164
1
3077 14
1
3078 28
1
3079 73
0
1
3080 209
1
3081 205
1
3082 219
1
3083 40
1
3084 241
1
3085 55
1
3086 48
1
3087 132
0
1
3088 96
1
3089 107
1
3090 133
1
3091 109
1
3092 218
1
3093 234
1
3094 297
1
3095 174
1
3096 121
1
3097 4
0
1
3098 182
1
3099 2
1
3100 33
1
3101 42
1
3102 303
1
3103 125
1
3104 152
1
3105 176
1
3106 256
1
3107 275
1
3108 79
1
3109 105
1
3110 8
1
3111 158
1
3112 282
1
3113 168
1
3114 251
1
3115 276
1
3116 253
1
3117 303
1
3118 180
1
3119 100
1
3120 227
1
3121 124
1
3122 180
1
3123 154
1
3124 84
1
3125 109
1
3126 230
1
3127 60
0
1
3128 296
1
3129 37
1
3130 290
1
3131 211
1
3132 274
1
3133 85
1
3134 44
1
3135 305
1
3136 101
0
0
1
3137 265
1
3138 275
1
3139 21
1
3140 135
1
3141 279
1
3142 186
1
3143 256
1
3144 112
1
3145 225
1
3146 153
1
3147 288
1
3148 81
1
3149 180
1
3150 204
1
3151 30
1
3152 20
1
3153 180
1
3154 118
1
3155 278
1
3156 77
1
3157 264
1
3158 221
1
3159 101
1
3160 99
1
3161 153
0
1
3162 39
0
1
3163 262
1
3164 247
1
3165 29
1
3166 50
1
3167 47
1
3168 266
1
3169 272
1
3170 4
1
3171 167
1
3172 121
0
1
3173 183
1
3174 157
1
3175 22
1
3176 207
1
3177 236
1
3178 237
0
1
3179 218
1
3180 299
1
3181 188
1
3182 109
1
3183 271
1
3184 127
1
3185 108
1
3186 256
1
3187 131
1
3188 157
1
3189 32
1
3190 138
1
3191 110
1
3192 105
1
3193 29
1
3194 268
1
3195 47
1
3196 33
1
3197 89
1
3198 189
1
3199 105
0
1
3200 135
1
3201 76
1
3202 91
1
3203 303
1
3204 54
1
3205 230
1
3206 86
1
3207 204
1
3208 76
1
3209 178
1
3210 155
0
1
3211 297
1
3212 70
1
3213 10
1
3214 125
0
1
3215 143
1
3216 26
1
3217 42
1
3218 298
1
3219 226
1
3220 56
1
3221 186
1
3222 134
1
3223 256
1
3224 41
1
3225 249
1
3226 285
1
3227 58
1
3228 254
1
3229 21
1
3230 250
1
3231 305
1
3232 8
1
3233 168
1
3234 42
1
3235 279
1
3236 247
1
3237 303
1
3238 123
1
3239 142
1
3240 40
1
3241 181
1
3242 66
1
3243 110
1
3244 99
1
3245 145
0
1
3246 295
1
3247 173
0
1
3248 109
1
3249 303
1
3250 268
1
3251 152
1
3252 165
1
3253 195
1
3254 227
1
3255 234
1
3256 24
1
3257 48
1
3258 95
1
3259 80
1
3260 295
1
3261 149
1
3262 74
1
3263 34
1
3264 289
1
3265 81
1
3266 118
1
3267 106
1
3268 206
1
3269 147
1
3270 223
1
3271 268
1
3272 302
1
3273 249
1
3274 122
1
3275 6
1
3276 122
1
3277 236
1
3278 214
1
3279 105
0
1
3280 68
1
3281 283
1
3282 184
1
3283 165
1
3284 134
0
1
3285 272
1
3286 242
1
3287 148
1
3288 74
1
3289 265
0
1
3290 38
1
3291 176
1
3292 271
1
3293 184
1
3294 12
1
3295 95
1
3296 95
1
3297 171
1
3298 251
1
3299 62
1
3300 216
1
3301 237
1
3302 190
1
3303 73
1
3304 71
1
3305 17
1
3306 178
1
3307 253
1
3308 61
1
3309 279
1
3310 53
1
3311 18
1
3312 210
1
3313 48
1
3314 195
1
3315 99
1
3316 147
1
3317 104
1
3318 69
1
3319 48
1
3320 279
0
1
3321 295
1
3322 73
1
3323 189
1
3324 219
1
3325 128
1
3326 267
1
3327 199
1
3328 74
1
3329 29
1
3330 263
1
3331 214
1
3332 14
1
3333 144
1
3334 124
1
3335 189
1
3336 52
1
3337 247
1
3338 133
1
3339 66
1
3340 159
1
3341 10
1
3342 108
1
3343 281
1
3344 14
1
3345 210
1
3346 61
0
1
3347 58
1
3348 109
1
3349 10
1
3350 94
1
3351 217
1
3352 42
1
3353 259
1
3354 208
1
3355 7
1
3356 104
1
3357 101
1
3358 259
1
3359 80
1
3360 195
1
3361 178
1
3362 95
1
3363 141
1
3364 208
1
3365 196
0
1
3366 257
1
3367 201
1
3368 87
1
3369 135
0
1
3370 71
1
3371 125
1
3372 147
1
3373 202
1
3374 14
1
3375 204
1
3376 36
1
3377 97
1
3378 112
1
3379 40
1
3380 36
1
3381 155
1
3382 20
1
3383 188
1
3384 224
1
3385 100
1
3386 303
1
3387 203
1
3388 203
1
3389 301
1
3390 121
1
3391 29
1
3392 83
1
3393 7
1
3394 213
1
3395 264
1
3396 210
1
3397 220
1
3398 294
1
3399 4
1
3400 196
1
3401 217
1
3402 163
0
1
3403 229
1
3404 265
1
3405 121
1
3406 50
1
3407 177
1
3408 19
1
3409 202
1
3410 271
1
3411 18
0
1
3412 231
1
3413 182
1
3414 190
1
3415 178
1
3416 250
1
3417 124
1
3418 118
1
3419 247
1
3420 156
1
3421 122
1
3422 191
1
3423 303
1
3424 204
1
3425 26
1
3426 19
0
1
3427 143
1
3428 219
1
3429 181
1
3430 172
1
3431 153
1
3432 252
1
3433 65
1
3434 242
1
3435 270
1
3436 210
1
3437 18
1
3438 127
1
3439 177
1
3440 31
1
3441 44
1
3442 206
1
3443 155
1
3444 219
1
3445 198
1
3446 54
1
3447 251
1
3448 135
1
3449 271
1
3450 68
1
3451 157
1
3452 185
1
3453 87
1
3454 196
1
3455 259
1
3456 300
1
3457 287
1
3458 17
1
3459 143
1
3460 230
1
3461 217
1
3462 64
1
3463 302
1
3464 284
1
3465 255
1
3466 62
1
3467 134
1
3468 16
1
3469 272
1
3470 172
1
3471 138
1
3472 125
1
3473 301
1
3474 49
1
3475 134
1
3476 90
1
3477 69
1
3478 59
1
3479 16
1
3480 53
1
3481 298
1
3482 57
1
3483 149
1
3484 29
1
3485 49
1
3486 134
1
3487 111
1
3488 88
1
3489 188
1
3490 156
1
3491 273
1
3492 134
1
3493 111
1
3494 14
1
3495 39
1
3496 38
1
3497 84
1
3498 283
1
3499 155
1
3500 99
1
3501 143
1
3502 186
1
3503 2
1
3504 207
1
3505 223
1
3506 49
1
3507 116
1
3508 8
1
3509 34
1
3510 265
0
1
3511 278
1
3512 177
1
3513 259
1
3514 100
0
1
3515 79
1
3516 58
1
3517 39
1
3518 130
1
3519 197
1
3520 193
1
3521 78
1
3522 18
1
3523 268
1
3524 104
1
3525 147
1
3526 8
1
3527 130
1
3528 261
1
3529 270
1
3530 22
1
3531 225
1
3532 19
1
3533 208
1
3534 285
1
3535 248
1
3536 137
1
3537 163
1
3538 72
1
3539 182
1
3540 106
1
3541 178
1
3542 36
1
3543 99
1
3544 221
1
3545 78
1
3546 298
1
3547 16
1
3548 185
1
3549 51
1
3550 299
1
3551 276
1
3552 15
1
3553 104
1
3554 180
1
3555 284
1
3556 25
1
3557 297
1
3558 38
1
3559 138
1
3560 83
1
3561 65
1
3562 283
1
3563 99
1
3564 105
1
3565 86
1
3566 200
1
3567 3
1
3568 192
1
3569 39
1
3570 269
1
3571 61
1
3572 258
1
3573 232
1
3574 286
1
3575 183
1
3576 57
1
3577 255
1
3578 131
1
3579 223
0
1
3580 196
1
3581 268
1
3582 36
1
3583 251
1
3584 243
1
3585 222
1
3586 184
1
3587 210
1
3588 169
1
3589 172
1
3590 115
1
3591 176
1
3592 151
1
3593 282
1
3594 83
1
3595 18
1
3596 137
1
3597 247
1
3598 29
1
3599 112
1
3600 79
1
3601 137
1
3602 118
1
3603 210
1
3604 45
1
3605 269
1
3606 33
1
3607 159
1
3608 213
1
3609 264
1
3610 254
1
3611 34
1
3612 108
1
3613 173
1
3614 38
1
3615 86
1
3616 133
1
3617 248
1
3618 102
1
3619 205
1
3620 298
1
3621 283
1
3622 267
1
3623 193
1
3624 41
1
3625 294
1
3626 274
1
3627 109
1
3628 108
1
3629 212
1
3630 134
1
3631 116
1
3632 60
1
3633 20
1
3634 257
1
3635 119
1
3636 168
1
3637 165
1
3638 91
1
3639 62
1
3640 2
1
3641 251
1
3642 15
1
3643 106
1
3644 207
1
3645 95
1
3646 39
1
3647 297
1
3648 10
1
3649 161
1
3650 196
1
3651 295
1
3652 196
1
3653 298
1
3654 16
1
3655 272
1
3656 210
1
3657 114
1
3658 57
1
3659 196
1
3660 54
1
3661 127
1
3662 237
1
3663 242
1
3664 269
1
3665 21
1
3666 140
1
3667 14
1
3668 71
1
3669 86
1
3670 171
1
3671 75
1
3672 52
1
3673 286
1
3674 306
1
3675 216
1
3676 56
1
3677 83
1
3678 78
1
3679 29
1
3680 118
1
3681 221
1
3682 182
1
3683 101
1
3684 206
1
3685 171
1
3686 131
1
3687 198
1
3688 105
1
3689 299
1
3690 56
1
3691 198
1
3692 131
1
3693 233
1
3694 282
1
3695 129
1
3696 217
1
3697 129
1
3698 24
1
3699 150
1
3700 152
1
3701 282
1
3702 106
1
3703 200
1
3704 248
1
3705 214
1
3706 245
1
3707 205
1
3708 204
1
3709 71
1
3710 94
1
3711 86
1
3712 177
1
3713 268
1
3714 106
1
3715 138
1
3716 58
1
3717 104
1
3718 135
1
3719 79
1
3720 255
1
3721 250
1
3722 185
1
3723 12
1
3724 80
1
3725 109
1
3726 109
1
3727 214
1
3728 33
1
3729 23
1
3730 274
1
3731 151
1
3732 56
1
3733 168
1
3734 37
1
3735 6
1
3736 129
1
3737 123
1
3738 195
1
3739 215
1
3740 162
1
3741 220
1
3742 8
1
3743 37
1
3744 240
1
3745 264
1
3746 275
1
3747 206
1
3748 292
1
3749 230
1
3750 101
1
3751 187
1
3752 217
1
3753 244
1
3754 204
1
3755 26
1
3756 17
1
3757 199
1
3758 167
1
3759 188
1
3760 215
1
3761 156
1
3762 278
1
3763 155
1
3764 98
1
3765 179
1
3766 54
1
3767 201
1
3768 98
1
3769 273
1
3770 111
1
3771 271
1
3772 4
1
3773 129
1
3774 261
1
3775 89
1
3776 16
1
3777 15
1
3778 233
1
3779 153
0
1
3780 77
1
3781 167
0
1
3782 242
1
3783 45
1
3784 152
1
3785 254
1
3786 31
1
3787 299
0
1
3788 164
1
3789 275
1
3790 129
1
3791 246
1
3792 89
1
3793 131
1
3794 144
1
3795 230
1
3796 142
1
3797 80
1
3798 303
1
3799 96
1
3800 73
1
3801 262
1
3802 210
0
1
3803 288
1
3804 136
1
3805 65
1
3806 196
1
3807 136
1
3808 160
1
3809 272
1
3810 234
1
3811 263
0
1
3812 55
1
3813 244
1
3814 8
1
3815 26
0
1
3816 297
1
3817 216
1
3818 226
1
3819 134
1
3820 135
1
3821 204
1
3822 5
1
3823 29
1
3824 279
1
3825 290
1
3826 246
1
3827 286
1
3828 190
1
3829 155
1
3830 295
1
3831 166
1
3832 119
1
3833 12
1
3834 264
1
3835 258
1
3836 94
1
3837 142
1
3838 200
1
3839 281
1
3840 185
1
3841 304
1
3842 21
1
3843 195
1
3844 46
1
3845 44
1
3846 122
0
1
3847 78
1
3848 97
1
3849 15
1
3850 304
1
3851 19
1
3852 83
1
3853 86
1
3854 239
1
3855 67
1
3856 154
1
3857 58
1
3858 180
0
1
3859 305
1
3860 28
1
3861 56
1
3862 97
1
3863 44
1
3864 294
1
3865 136
1
3866 136
1
3867 106
1
3868 133
1
3869 255
1
3870 142
1
3871 186
1
3872 14
1
3873 21
1
3874 234
1
3875 149
1
3876 265
1
3877 303
1
3878 97
1
3879 10
1
3880 154
1
3881 76
1
3882 274
1
3883 120
1
3884 238
1
3885 102
0
0
1
3886 228
1
3887 246
1
3888 16
1
3889 207
1
3890 175
1
3891 271
1
3892 14
1
3893 121
1
3894 283
1
3895 218
1
3896 198
1
3897 229
1
3898 185
0
0
0
1
3899 271
1
3900 301
0
0
1
3901 11
1
3902 118
1
3903 216
1
3904 235
1
3905 13
1
3906 12
1
3907 210
1
3908 174
1
3909 256
1
3910 266
1
3911 86
1
3912 212
1
3913 136
1
3914 40
1
3915 285
1
3916 67
1
3917 201
0
1
3918 156
1
3919 101
0
1
3920 297
1
3921 139
1
3922 238
1
3923 265
1
3924 101
1
3925 198
0
1
3926 261
1
3927 134
1
3928 6
1
3929 172
1
3930 260
1
3931 67
1
3932 142
1
3933 99
0
1
3934 181
1
3935 196
1
3936 71
1
3937 123
1
3938 138
1
3939 127
1
3940 206
1
3941 99
1
3942 283
1
3943 47
1
3944 72
1
3945 288
1
3946 193
1
3947 111
1
3948 255
1
3949 187
1
3950 306
1
3951 144
1
3952 115
1
3953 132
1
3954 271
1
3955 18
1
3956 226
1
3957 219
1
3958 253
1
3959 303
0
1
3960 184
1
3961 302
0
1
3962 306
0
0
1
3963 165
1
3964 232
1
3965 273
1
3966 259
1
3967 60
1
3968 175
1
3969 79
1
3970 120
1
3971 60
1
3972 74
1
3973 20
1
3974 253
0
1
3975 72
1
3976 260
1
3977 40
1
3978 209
1
3979 50
0
1
3980 20
1
3981 266
1
3982 37
1
3983 274
1
3984 20
0
1
3985 100
1
3986 230
0
1
3987 186
1
3988 282
1
3989 287
1
3990 245
1
3991 138
1
3992 111
1
3993 121
0
1
3994 33
0
1
3995 115
1
3996 74
0
1
3997 2
1
3998 107
1
3999 76
1
4000 201
1
4001 210
0
1
4002 289
0
1
4003 291
1
4004 207
1
4005 103
1
4006 172
1
4007 184
1
4008 48
1
4009 287
1
4010 270
1
4011 77
1
4012 19
1
4013 153
0
1
4014 180
1
4015 122
1
4016 169
1
4017 124
1
4018 303
1
4019 91
1
4020 227
1
4021 207
1
4022 267
1
4023 74
1
4024 26
1
4025 157
1
4026 300
1
4027 138
0
1
4028 161
1
4029 7
1
4030 9
1
4031 25
1
4032 150
0
1
4033 16
1
4034 60
1
4035 186
0
1
4036 215
1
4037 213
1
4038 77
1
4039 216
1
4040 303
1
4041 153
1
4042 305
1
4043 242
0
0
1
4044 3
1
4045 230
1
4046 273
1
4047 164
1
4048 19
1
4049 62
1
4050 43
1
4051 107
1
4052 233
1
4053 256
1
4054 270
0
1
4055 162
1
4056 297
0
1
4057 200
1
4058 6
1
4059 210
1
4060 282
1
4061 121
1
4062 63
1
4063 190
0
1
4064 113
1
4065 12
1
4066 99
1
4067 157
1
4068 150
0
1
4069 144
1
4070 276
1
4071 43
1
4072 217
1
4073 168
1
4074 304
1
4075 53
1
4076 305
1
4077 195
1
4078 213
1
4079 109
1
4080 95
1
4081 218
1
4082 267
0
0
1
4083 40
1
4084 99
1
4085 55
0
1
4086 277
0
1
4087 150
1
4088 143
1
4089 130
1
4090 242
1
4091 182
1
4092 65
1
4093 162
0
1
4094 195
1
4095 95
0
1
4096 254
1
4097 16
1
4098 171
1
4099 207
0
1
4100 35
0
1
4101 241
1
4102 42
1
4103 280
1
4104 119
1
4105 249
1
4106 42
1
4107 300
1
4108 96
1
4109 94
1
4110 5
0
1
4111 186
1
4112 205
1
4113 29
0
1
4114 195
1
4115 104
1
4116 177
0
1
4117 155
0
1
4118 248
1
4119 133
1
4120 175
1
4121 98
0
0
0
1
4122 222
1
4123 302
1
4124 229
1
4125 206
1
4126 72
1
4127 90
1
4128 144
0
1
4129 134
1
4130 293
1
4131 152
1
4132 207
1
4133 107
0
1
4134 133
1
4135 263
1
4136 17
0
1
4137 153
1
4138 77
1
4139 289
1
4140 155
1
4141 302
1
4142 169
1
4143 57
0
1
4144 20
1
4145 89
1
4146 138
1
4147 142
0
1
4148 125
1
4149 43
0
0
1
4150 87
1
4151 176
1
4152 263
0
1
4153 182
1
4154 139
0
1
4155 280
1
4156 17
1
4157 140
1
4158 75
1
4159 111
0
1
4160 146
1
4161 98
1
4162 199
1
4163 236
1
4164 115
1
4165 72
1
4166 227
0
1
4167 124
1
4168 5
1
4169 120
1
4170 130
1
4171 57
1
4172 306
1
4173 234
0
1
4174 46
1
4175 116
0
1
4176 86
1
4177 89
1
4178 134
1
4179 233
1
4180 52
0
0
0
0
1
4181 126
1
4182 21
1
4183 296
1
4184 67
1
4185 281
1
4186 255
1
4187 176
0
0
1
4188 303
0
1
4189 114
0
1
4190 299
0
0
1
4191 271
0
0
1
4192 152
0
1
4193 8
1
4194 114
0
1
4195 60
1
4196 170
1
4197 77
1
4198 8
0
1
4199 72
1
4200 300
1
4201 39
0
1
4202 184
1
4203 92
0
0
0
1
4204 99
1
4205 188
1
4206 286
1
4207 101
1
4208 172
1
4209 24
1
4210 170
0
1
4211 210
0
0
0
1
4212 246
1
4213 106
1
4214 210
0
0
1
4215 156
0
0
1
4216 8
0
1
4217 230
1
4218 99
1
4219 40
0
0
1
4220 278
1
4221 49
1
4222 143
1
4223 44
1
4224 43
1
4225 154
1
4226 282
1
4227 149
1
4228 20
1
4229 106
1
4230 125
1
4231 16
0
1
4232 234
0
1
4233 18
0
0
1
4234 299
1
4235 105
1
4236 155
1
4237 32
1
4238 222
1
4239 83
1
4240 23
1
4241 29
1
4242 101
0
1
4243 181
1
4244 55
0
1
4245 155
1
4246 140
1
4247 119
1
4248 228
0
1
4249 9
1
4250 81
0
0
1
4251 99
1
4252 276
1
4253 143
1
4254 19
1
4255 165
1
4256 24
1
4257 5
1
4258 276
1
4259 195
1
4260 6
1
4261 258
0
0
1
4262 288
0
0
1
4263 108
1
4264 299
1
4265 298
1
4266 65
1
4267 221
1
4268 289
0
1
4269 74
1
4270 254
0
0
0
0
0
0
1
4271 243
1
4272 242
0
1
4273 80
0
1
4274 16
1
4275 275
0
1
4276 57
0
1
4277 50
1
4278 162
1
4279 58
0
1
4280 21
1
4281 304
0
1
4282 222
0
0
1
4283 211
0
1
4284 253
1
4285 123
0
1
4286 267
1
4287 218
1
4288 124
1
4289 80
0
1
4290 79
1
4291 200
1
4292 205
0
1
4293 153
1
4294 173
1
4295 51
0
0
0
0
1
4296 47
1
4297 243
1
4298 161
1
4299 148
0
1
4300 141
1
4301 52
0
0
1
4302 45
1
4303 170
0
1
4304 60
1
4305 139
0
1
4306 149
1
4307 228
0
0
1
4308 152
0
1
4309 34
0
0
1
4310 202
1
4311 232
1
4312 188
0
1
4313 212
0
1
4314 20
0
1
4315 160
0
1
4316 109
1
4317 278
0
0
1
4318 96
1
4319 215
1
4320 122
0
0
1
4321 157
1
4322 221
1
4323 286
1
4324 50
0
1
4325 215
1
4326 196
1
4327 58
0
1
4328 258
1
4329 244
1
4330 133
0
0
0
1
4331 74
1
4332 79
0
1
4333 252
0
1
4334 38
1
4335 89
1
4336 158
1
4337 164
0
1
4338 163
0
0
0
0
1
4339 126
0
1
4340 200
1
4341 86
0
1
4342 241
0
1
4343 77
1
4344 5
0
1
4345 8
1
4346 103
1
4347 152
1
4348 106
1
4349 63
1
4350 302
0
1
4351 173
1
4352 139
0
0
1
4353 52
1
4354 74
1
4355 134
1
4356 253
1
4357 112
0
1
4358 148
1
4359 152
0
0
1
4360 20
1
4361 167
1
4362 258
1
4363 89
0
1
4364 41
0
0
0
0
0
1
4365 35
1
4366 87
1
4367 29
0
0
1
4368 43
1
4369 61
0
0
1
4370 112
1
4371 254
0
0
0
0
0
1
4372 26
1
4373 188
0
1
4374 243
0
0
0
0
0
0
0
1
4375 75
1
4376 301
1
4377 62
1
4378 277
1
4379 45
1
4380 149
1
4381 283
1
4382 86
0
1
4383 175
1
4384 294
0
1
4385 44
1
4386 170
0
1
4387 196
0
1
4388 220
1
4389 285
0
0
0
0
0
0
1
4390 267
1
4391 94
0
1
4392 40
1
4393 204
1
4394 298
0
1
4395 75
1
4396 45
1
4397 49
0
1
4398 180
1
4399 248
0
1
4400 251
1
4401 178
1
4402 3
1
4403 224
0
0
0
0
0
1
4404 163
1
4405 195
1
4406 116
1
4407 222
0
1
4408 218
0
1
4409 213
1
4410 153
1
4411 90
1
4412 148
0
1
4413 118
0
1
4414 251
1
4415 299
0
1
4416 227
0
0
0
1
4417 3
1
4418 152
1
4419 16
1
4420 72
0
0
1
4421 248
0
1
4422 251
0
0
1
4423 241
0
0
1
4424 184
0
1
4425 46
1
4426 292
1
4427 74
1
4428 292
0
1
4429 159
0
0
0
0
0
1
4430 301
1
4431 211
0
1
4432 251
1
4433 213
1
4434 78
1
4435 214
0
1
4436 242
0
0
1
4437 134
1
4438 2
1
4439 219
0
1
4440 114
0
0
0
1
4441 253
0
0
0
1
4442 60
1
4443 199
0
1
4444 91
0
1
4445 166
0
1
4446 231
1
4447 138
1
4448 269
1
4449 110
0
0
0
1
4450 68
1
4451 101
1
4452 86
1
4453 271
0
0
0
0
0
1
4454 273
1
4455 267
0
1
4456 19
1
4457 61
0
1
4458 242
0
0
0
0
1
4459 135
0
1
4460 124
0
1
4461 243
1
4462 248
1
4463 199
1
4464 152
1
4465 214
1
4466 81
0
1
4467 54
0
1
4468 245
1
4469 278
0
1
4470 205
1
4471 185
0
0
0
0
1
4472 48
1
4473 287
1
4474 284
0
1
4475 149
0
1
4476 235
0
1
4477 152
0
1
4478 118
1
4479 253
0
1
4480 216
1
4481 106
0
0
0
0
0
0
0
0
1
4482 229
0
0
0
1
4483 208
1
4484 187
0
1
4485 288
1
4486 164
0
0
1
4487 75
0
0
1
4488 132
0
1
4489 219
0
1
4490 98
1
4491 34
0
0
1
4492 192
0
1
4493 202
1
4494 184
1
4495 95
0
0
1
4496 133
0
0
0
0
0
0
1
4497 128
0
0
1
4498 269
0
0
0
0
1
4499 121
0
0
1
4500 150
1
4501 299
1
4502 111
0
1
4503 103
0
1
4504 271
0
0
0
1
4505 178
1
4506 193
0
1
4507 210
1
4508 142
0
1
4509 69
1
4510 7
0
1
4511 24
0
0
0
0
0
1
4512 146
1
4513 140
0
1
4514 53
0
1
4515 114
0
0
1
4516 182
0
1
4517 136
1
4518 25
0
1
4519 19
1
4520 194
1
4521 296
0
0
0
0
0
1
4522 220
1
4523 232
1
4524 306
0
1
4525 144
1
4526 293
1
4527 280
0
0
1
4528 199
1
4529 20
0
0
0
0
1
4530 24
1
4531 261
1
4532 304
0
0
1
4533 266
1
4534 122
0
1
4535 127
0
0
0
1
4536 277
0
0
0
0
0
0
0
1
4537 44
0
0
1
4538 117
0
0
0
0
0
0
0
1
4539 267
0
1
4540 215
0
1
4541 196
0
1
4542 149
0
0
0
1
4543 218
0
0
1
4544 213
1
4545 81
0
0
0
0
0
0
1
4546 63
1
4547 215
0
1
4548 63
0
1
4549 17
0
0
1
4550 74
1
4551 205
0
0
0
0
0
1
4552 156
0
0
0
0
0
1
4553 282
1
4554 133
1
4555 83
1
4556 194
0
1
4557 109
0
0
1
4558 12
0
0
0
0
0
0
1
4559 195
0
1
4560 294
0
0
0
1
4561 257
0
0
0
0
1
4562 20
0
0
1
4563 115
1
4564 14
0
1
4565 18
0
0
0
0
0
0
0
1
4566 269
1
4567 107
1
4568 55
1
4569 208
0
1
4570 162
0
1
4571 34
0
0
1
4572 167
0
0
0
1
4573 15
1
4574 114
1
4575 81
0
1
4576 35
1
4577 42
0
0
1
4578 160
1
4579 52
0
0
0
0
0
0
1
4580 201
1
4581 166
0
1
4582 297
0
0
0
0
1
4583 174
0
1
4584 192
1
4585 297
1
4586 74
0
0
1
4587 229
1
4588 211
1
4589 111
1
4590 302
0
1
4591 123
1
4592 44
0
0
0
0
0
0
1
4593 192
1
4594 223
0
0
0
0
1
4595 193
0
0
0
0
1
4596 294
0
0
0
0
0
0
0
1
4597 140
0
0
1
4598 165
0
0
0
1
4599 167
0
0
1
4600 137
0
0
0
0
0
0
0
1
4601 135
1
4602 101
1
4603 143
0
0
1
4604 292
1
4605 172
1
4606 76
1
4607 108
0
0
0
0
0
0
0
0
0
0
0
1
4608 179
0
0
0
1
4609 99
0
0
0
1
4610 95
1
4611 87
0
0
0
0
0
1
4612 170
0
1
4613 176
0
0
0
0
0
1
4614 258
0
0
0
0
1
4615 146
0
1
4616 236
0
0
0
0
1
4617 189
1
4618 50
0
0
0
0
0
0
1
4619 70
0
0
1
4620 14
0
0
0
1
4621 152
0
0
0
0
0
0
0
1
4622 111
0
0
0
0
0
0
0
0
0
0
0
0
1
4623 138
0
0
0
1
4624 225
0
1
4625 126
0
1
4626 36
0
0
0
1
4627 175
0
0
1
4628 88
0
0
1
4629 167
0
0
1
4630 72
0
0
0
0
1
4631 290
1
4632 202
1
4633 228
0
1
4634 298
0
0
1
4635 230
1
4636 152
1
4637 129
0
0
0
0
0
0
0
1
4638 210
0
0
0
0
1
4639 38
0
0
1
4640 30
0
0
0
1
4641 64
0
0
1
4642 211
0
0
0
0
0
0
0
0
1
4643 145
0
0
0
1
4644 140
0
0
0
0
1
4645 70
0
0
0
0
1
4646 17
0
0
1
4647 272
0
0
0
0
0
0
1
4648 23
0
0
0
0
1
4649 50
0
0
0
0
0
0
0
0
1
4650 166
1
4651 27
0
0
0
1
4652 104
0
1
4653 153
0
0
1
4654 180
0
1
4655 22
0
0
0
0
0
0
0
1
4656 264
1
4657 303
0
0
0
0
0
0
0
1
4658 109
0
1
4659 294
0
1
4660 150
0
0
0
0
0
1
4661 104
0
0
0
0
0
0
0
0
0
0
0
0
1
4662 56
0
0
0
1
4663 19
0
0
0
0
0
0
1
4664 63
0
0
0
0
0
0
1
4665 228
1
4666 232
0
0
0
0
0
0
0
0
0
0
0
1
4667 193
0
0
0
0
0
1
4668 7
0
0
0
0
0
0
0
0
0
0
0
0
0
0
0
0
1
4669 93
0
0
0
0
0
0
0
0
0
0
0
0
0
0
0
0
1
4670 85
0
0
0
0
0
1
4671 154
0
0
0
0
0
1
4672 230
1
4673 213
0
0
0
1
4674 96
0
0
0
1
4675 6
1
4676 202
0
1
4677 80
0
0
0
0
0
1
4678 254
0
1
4679 53
0
0
0
0
0
0
0
0
0
0
0
0
1
4680 106
0
0
1
4681 35
0
0
1
4682 14
0
0
0
1
4683 108
1
4684 275
0
0
0
0
0
0
0
0
0
0
0
1
4685 45
0
0
0
0
0
1
4686 93
0
1
4687 283
0
0
0
0
0
0
0
0
0
0
0
0
0
0
0
1
4688 230
0
0
1
4689 226
0
0
0
0
0
0
0
0
0
0
0
0
0
0
0
0
0
0
0
0
0
0
0
0
0
0
0
0
0
0
0
0
0
0
0
0
0
1
4690 236
0
0
0
0
0
0
0
1
4691 291
0
0
0
0
0
0
0
0
0
0
0
0
0
0
0
0
0
0
0
0
0
0
0
0
0
0
0
0
0
0
0
0
0
0
0
0
0
0
0
0
0
0
0
0
0
0
0
0
0
0
0
0
0
0
1
4692 215
0
0
0
0
0
0
1
4693 20
0
1
4694 214
0
0
0
0
0
0
0
0
0
0
0
0
0
0
0
0
0
0
0
0
0
0
0
0
0
0
1
4695 16
0
0
0
0
0
0
0
0
0
0
0
0
0
0
0
0
0
0
0
0
0
0
0
0
0
0
0
0
0
0
0
0
0
0
0
0
0
0
0
0
0
0
0
0
0
0
0
0
0
0
0
0
0
0
0
0
0
0
0
0
0
0
0
0
0
0
0
0
0
0
0
0
0
0
0
0
0
0
0
0
0
0
0
0
0
0
0
0
0
0
0
0
0
0
0
0
0
0
0
0
0
0
0
0
0
0
0
0
0
0
0
0
0
0
0
0
0
0
0
0
0
0
0
0
0
0
0
0
0
0
0
0
0
0
0
0
0
0
0
0
0
0
0
0
0
0
0
0
0
0
0
0
0
0
0
0
0
0
0
0
0
0
0
0
0
0
0
0
0
0
0
0
0
0
0
0
0
0
0
0
0
0
0
0
0
0
0
0
0
0
0
0
0
0
0
0
0
0
0
0
0
0
0
0
0
0
0
0
0
0
0
0
0
0
0
0
0
0
0
0
0
0
0
0
0
0
0
0
0
0
0
0
0
0
0
0
0
0
0
0
0
0
0
0
0
0
0
0
0
0
0
0
0
0
0
0
0
0
0
0
0
0
0
0
0
0
0
0
0
0
0
0
0
0
0
0
0
0
0
0
0
0
0
0
0
0
0
0
0
0
0
0
0
0
0
0
0
0
0
0
0
0
0
0
0
0
0
0
0
0
0
0
0
0
0
0
0
0
0
0
0
0
0
0
0
0
0
0
0
0
0
0
0
0
0
0
0
0
0
0
0
0
0
0
0
0
0
0
0
0
0
0
0
0
0
0
0
0
0
0
0
0
0
0
0
0
0
0
0
0
0
0
0
0
0
0
0
0
0
0
0
0
0
0
0
0
0
0
0
0
0
0
0
0
0
0
0
0
0
0
0
0
0
0
0
0
0
0
0
0
0
0
0
0
0
0
0
0
0
0
0
0
0
0
0
0
0
0
0
0
0
0
0
0
0
0
0
0
0
0
0
0
0
0
0
0
0
0
0
0
0
0
0
0
0
0
0
0
0
0
0
0
0
0
0
0
0
0
0
0
0
0
0
0
0
0
0
0
0
0
0
0
0
0
0
0
0
0
0
0
0
0
0
0
0
0
0
0
0
0
0
0
0
0
0
0
0
0
0
0
0
0
0
0
0
0
0
0
0
0
0
0
0
0
0
0
0
0
0
0
0
0
0
0
0
0
0
0
0
0
0
0
0
0
0
0
0
0
0
0
0
0
0
0
0
