305 539
60 43 2
44 240 3
248 27 1
30 205 3
183 290 4
64 232 4
176 30 3
11 288 5
26 22 4
200 294 3
138 282 2
284 213 4
225 153 4
76 5 3
185 291 3
103 130 3
197 295 3
48 210 3
33 283 2
45 264 3
71 158 3
45 68 3
220 141 4
282 122 3
201 252 3
94 35 5
136 33 5
11 111 3
223 157 1
19 191 4
194 98 3
152 85 4
295 5 4
269 21 2
125 132 4
25 59 4
214 101 2
295 221 5
253 58 4
52 139 5
77 6 3
298 284 3
40 194 2
177 236 3
289 124 3
117 92 5
250 49 3
219 288 4
179 90 4
126 114 4
217 119 5
41 1 5
235 166 4
256 122 3
22 249 2
99 162 2
151 133 3
91 63 4
270 193 3
157 246 3
89 188 3
132 43 3
303 96 3
186 290 4
66 89 4
192 18 5
18 47 4
206 302 3
127 268 3
170 250 3
200 190 4
111 267 5
115 243 3
90 207 2
73 279 4
15 64 4
286 127 4
126 266 4
78 275 3
202 192 3
125 233 3
270 297 5
257 282 2
274 240 5
154 281 4
182 69 3
27 124 2
224 131 4
12 95 4
15 90 4
199 96 5
149 218 3
180 37 3
128 21 3
1 150 5
157 83 6
280 3 5
260 80 5
4 233 3
166 78 3
215 54 4
5 26 3
135 92 3
203 137 3
29 64 4
85 285 3
223 151 2
258 248 3
211 117 3
241 144 3
198 59 2
95 148 5
234 298 5
115 173 3
61 253 2
294 149 2
50 66 4
41 99 4
209 48 5
12 168 3
23 222 4
102 259 3
177 59 3
44 262 1
174 11 2
131 104 4
16 6 4
234 190 3
65 52 3
176 178 4
31 206 3
20 25 3
293 67 2
178 129 4
202 73 4
244 305 4
304 278 3
225 93 2
257 106 2
62 220 4
279 215 3
159 204 4
301 275 3
46 41 3
150 46 4
221 287 3
182 209 3
135 229 5
160 242 3
125 60 5
280 189 2
102 251 3
56 57 4
162 83 3
110 189 4
261 31 2
271 245 2
287 27 3
34 236 6
3 189 3
79 97 4
113 302 2
126 200 2
204 72 3
118 86 3
137 220 3
164 259 2
228 221 3
169 156 2
205 49 4
183 232 3
45 110 3
208 116 3
129 175 5
287 231 5
209 67 3
47 297 3
93 28 1
303 171 4
63 163 3
42 198 3
274 161 3
169 155 3
196 74 3
79 184 3
243 75 3
173 261 3
167 240 3
9 296 2
55 114 3
82 260 5
249 3 4
59 20 3
129 7 3
204 171 3
234 50 2
210 119 2
192 106 3
152 292 5
104 117 4
302 86 3
69 48 4
179 38 5
58 74 3
130 281 2
245 172 2
132 4 3
32 40 2
155 81 4
101 271 2
230 142 3
264 257 3
3 219 4
286 115 3
16 9 3
273 146 4
71 120 3
158 227 3
162 41 3
183 181 3
181 218 3
146 71 3
255 27 3
159 165 2
143 56 3
101 210 3
166 261 3
87 19 4
177 20 3
10 213 5
88 211 4
145 97 1
213 283 4
122 264 3
169 188 3
62 43 4
198 20 4
195 28 4
119 55 3
295 76 4
155 34 4
105 212 3
107 66 3
9 29 3
275 53 2
191 296 2
252 300 4
276 44 3
77 207 4
68 267 3
46 99 2
244 5 4
275 137 1
245 292 3
191 87 3
147 205 3
123 100 4
24 91 4
100 145 3
137 134 4
186 29 3
270 122 3
74 274 3
194 230 2
172 263 2
152 265 5
133 157 1
208 297 3
84 70 3
102 10 1
226 293 3
187 65 2
262 260 3
116 212 3
147 229 5
113 80 3
103 140 4
96 197 4
114 294 3
85 263 3
258 112 3
171 199 4
240 161 3
113 301 3
75 143 4
168 138 3
182 300 4
265 19 4
149 214 4
215 202 3
242 231 3
280 249 6
227 89 3
13 147 3
258 255 2
14 134 3
181 227 5
286 163 3
76 197 4
174 291 3
272 161 3
280 237 3
278 103 2
224 211 2
42 50 3
51 118 2
153 28 3
36 179 4
203 78 3
17 163 2
238 82 3
42 298 4
145 248 4
121 239 3
187 291 2
183 285 3
61 238 3
150 216 3
252 293 2
53 60 4
17 31 3
187 11 3
36 81 4
243 235 3
39 212 3
271 226 4
25 236 2
256 270 4
201 84 2
216 207 4
191 9 3
148 109 4
194 32 2
203 56 3
105 269 3
128 269 4
297 116 4
186 296 4
18 269 4
54 109 3
244 221 3
121 292 5
23 287 3
184 217 3
32 33 3
2 247 4
8 70 5
149 126 3
135 241 3
123 2 3
168 148 3
109 12 4
67 300 3
276 167 3
34 156 4
254 185 5
263 285 3
77 15 3
72 165 3
210 226 4
144 94 3
98 196 3
176 175 4
193 139 4
53 134 2
15 38 3
301 302 2
304 140 3
304 8 3
247 233 3
190 66 3
279 109 4
246 19 2
46 16 4
138 264 2
184 69 4
305 26 3
7 176 3
300 84 3
51 82 3
228 303 4
178 7 3
268 91 3
199 72 3
180 165 3
188 146 3
140 128 5
160 171 2
265 290 3
144 35 2
175 205 4
203 141 3
208 39 3
58 61 3
37 127 3
277 281 3
16 99 3
257 138 3
251 259 4
254 291 4
161 238 4
180 268 4
55 164 3
211 104 2
159 37 3
231 112 3
282 106 3
28 225 3
241 35 2
117 229 3
289 248 4
124 258 5
113 166 5
43 134 3
130 239 5
255 4 3
23 244 2
288 267 3
54 79 5
252 67 4
217 48 2
201 121 3
158 232 2
237 305 3
196 274 5
235 173 4
170 153 4
201 8 4
156 107 2
108 284 4
82 272 3
245 263 4
42 92 4
88 13 3
228 242 5
142 98 2
65 193 3
68 110 5
173 17 2
142 32 3
175 13 3
230 40 2
203 220 4
225 195 3
106 73 3
39 139 4
218 227 3
260 51 5
266 89 5
88 131 4
246 87 4
255 132 5
24 63 4
241 136 1
44 272 3
233 123 3
222 305 1
111 256 3
135 49 3
247 251 4
87 83 4
74 276 4
299 214 4
70 21 3
93 253 3
224 25 4
4 100 4
120 273 5
286 243 4
22 76 4
283 108 3
237 26 3
124 145 3
189 237 4
78 57 3
206 118 5
239 8 3
154 152 3
115 163 3
271 172 3
216 6 5
254 174 4
267 256 3
262 167 2
116 47 3
273 81 4
304 21 3
218 266 2
54 69 3
36 120 3
170 30 3
101 299 4
151 281 4
2 55 5
160 143 3
94 195 3
14 60 3
88 129 3
277 133 3
123 184 4
80 262 5
196 283 3
98 276 3
102 164 3
278 239 4
104 13 3
68 219 3
120 38 3
177 107 5
182 215 3
18 70 3
181 214 4
250 195 4
38 64 3
147 49 3
271 299 4
290 85 3
265 296 3
223 246 4
57 235 4
93 94 4
193 297 5
198 92 4
95 222 3
14 62 4
151 277 3
289 97 3
57 75 2
121 293 3
154 130 3
223 133 2
52 291 3
105 128 3
112 141 5
24 268 3
103 277 4
80 86 3
108 136 3
10 259 2
10000
0
0
0
0
0
0
0
0
0
0
0
0
0
0
0
0
0
0
0
0
0
0
0
0
0
0
0
0
0
0
0
0
0
0
0
0
0
0
0
0
0
0
0
0
0
0
0
0
0
0
0
0
0
0
0
0
0
0
0
0
0
0
0
0
0
0
0
0
0
0
0
0
0
0
0
0
0
0
0
0
0
0
0
0
0
0
0
0
0
0
0
0
0
0
0
0
0
0
0
0
0
0
0
0
0
0
0
0
0
0
1
1 246
0
0
0
0
0
0
0
0
1
2 106
0
0
0
0
0
0
0
0
0
0
0
0
0
0
0
0
0
0
0
0
0
0
0
0
0
0
0
0
0
0
0
0
0
0
0
0
0
0
0
0
0
0
0
0
0
0
0
0
0
0
0
0
0
0
0
0
1
3 168
0
0
0
0
0
0
0
0
0
0
0
0
0
0
0
0
0
0
0
0
0
0
0
0
0
0
0
0
0
0
0
0
0
0
0
0
0
0
0
0
0
0
0
0
0
0
0
0
0
0
0
0
0
0
0
0
0
0
0
0
0
0
0
0
0
0
0
0
0
0
0
0
0
0
0
0
0
0
0
0
0
0
0
0
0
0
0
0
0
0
0
0
0
0
0
0
0
0
0
0
0
0
0
0
0
0
0
0
0
0
0
0
0
0
1
4 86
0
0
0
0
0
0
0
0
0
0
0
0
0
0
0
0
0
0
0
0
0
0
0
0
0
0
0
0
0
0
0
0
0
0
0
0
0
0
0
0
0
0
0
0
0
0
0
0
0
0
0
0
0
0
0
0
0
0
0
1
5 33
0
1
6 235
0
0
0
0
0
0
0
0
0
0
0
0
0
0
0
0
1
7 23
0
0
0
0
0
1
8 157
0
0
0
0
0
0
0
0
0
0
0
0
0
0
0
0
0
0
0
1
9 125
0
0
0
0
0
0
0
0
0
0
0
0
0
0
0
0
0
0
0
0
0
0
0
1
10 78
0
0
0
0
0
0
0
0
0
0
0
0
0
0
0
0
0
0
0
0
0
0
0
0
0
0
0
0
0
0
0
0
0
0
0
0
0
0
0
0
0
0
0
1
11 88
0
0
0
1
12 55
0
0
0
0
1
13 192
0
0
0
0
0
0
0
0
0
0
0
0
0
0
0
0
0
0
1
14 136
0
0
0
0
0
0
0
0
0
0
0
0
0
1
15 132
0
0
0
0
0
0
0
0
0
0
0
0
0
0
0
0
0
0
0
0
0
0
0
0
0
1
16 173
0
0
0
0
0
0
0
0
0
0
0
0
0
0
0
0
0
0
1
17 86
0
0
0
0
0
0
0
0
0
0
0
0
0
0
0
0
0
0
0
0
0
0
0
0
0
0
0
0
0
0
0
0
0
0
0
0
0
0
0
0
0
0
0
0
0
0
0
0
0
0
0
1
18 195
0
0
0
0
0
0
0
0
0
0
0
0
0
0
0
0
0
0
0
0
0
0
0
0
0
0
0
0
0
0
0
0
0
0
0
0
0
0
0
0
1
19 63
0
0
0
0
0
0
0
0
0
0
0
0
0
0
0
0
0
0
0
1
20 216
0
0
0
0
0
0
0
0
0
0
0
0
0
0
0
0
0
0
0
0
0
0
0
0
0
0
0
0
0
0
0
0
0
0
0
0
0
0
0
0
0
0
0
0
0
0
0
0
0
1
21 70
0
1
22 28
0
0
0
1
23 97
0
0
0
0
0
0
0
0
0
0
0
0
0
0
0
0
0
0
0
0
0
0
0
0
0
0
0
0
0
0
0
0
0
0
0
0
0
0
0
0
0
0
0
0
1
24 265
0
0
0
0
0
0
0
0
0
0
0
0
0
0
0
0
0
1
25 210
0
0
0
0
0
0
0
0
0
0
0
0
0
0
0
0
0
0
0
0
1
26 253
0
0
0
0
0
0
0
0
0
0
0
0
0
0
0
0
0
0
0
0
0
0
0
0
0
0
0
0
0
0
0
0
1
27 126
0
0
0
0
0
0
0
1
28 140
0
0
1
29 89
0
0
0
0
0
0
0
0
0
0
1
30 255
0
0
0
0
0
0
0
1
31 125
0
0
0
0
0
0
1
32 270
0
0
0
0
1
33 124
0
1
34 172
0
0
0
0
0
0
0
0
0
0
0
1
35 137
0
0
0
0
0
0
0
0
0
0
0
0
0
0
0
1
36 184
0
0
0
0
0
0
0
0
0
0
0
1
37 231
1
38 117
0
0
0
0
0
0
0
0
0
0
1
39 273
0
1
40 169
1
41 219
0
0
0
0
0
0
0
0
0
1
42 112
1
43 272
0
1
44 44
1
45 225
0
0
0
0
1
46 182
0
0
0
1
47 61
0
0
1
48 30
0
0
1
49 2
0
0
0
0
0
0
0
0
0
0
0
0
0
0
0
0
0
0
1
50 177
0
0
1
51 179
1
52 162
0
0
0
0
0
1
53 256
0
0
1
54 123
0
0
1
55 232
0
0
0
0
0
0
1
56 298
0
0
0
0
0
0
0
0
1
57 64
0
0
0
0
0
0
0
0
0
0
0
0
0
1
58 59
0
0
0
1
59 154
0
1
60 168
0
0
0
0
0
0
0
0
0
0
0
0
0
0
0
0
1
61 190
0
0
0
0
0
0
0
0
0
0
0
0
1
62 247
1
63 217
0
1
64 226
0
0
0
0
1
65 55
0
0
0
0
0
0
0
1
66 235
0
0
0
0
0
0
1
67 258
0
0
0
0
0
1
68 158
0
0
0
1
69 265
0
0
0
0
0
0
1
70 6
0
0
0
0
0
0
0
0
0
0
0
1
71 101
0
0
0
0
0
0
0
0
0
0
0
0
0
0
0
1
72 221
0
1
73 55
0
0
0
0
0
0
1
74 102
0
0
0
0
0
0
0
0
0
1
75 16
1
76 286
0
0
0
0
1
77 8
0
0
0
0
0
0
0
0
0
1
78 119
0
0
0
0
1
79 97
1
80 142
1
81 104
0
0
0
0
0
0
0
0
0
0
0
1
82 151
1
83 300
0
0
0
0
0
0
0
0
0
0
0
1
84 162
0
0
0
0
0
0
0
0
0
0
1
85 93
0
0
0
0
0
0
0
1
86 130
0
0
0
0
0
0
0
0
1
87 67
0
0
1
88 245
0
0
1
89 271
1
90 29
0
0
0
0
0
0
0
0
0
0
0
0
0
1
91 134
0
0
0
0
0
0
0
0
0
0
1
92 302
0
0
0
0
0
0
1
93 194
0
0
0
0
0
0
0
0
0
1
94 141
1
95 260
0
0
0
1
96 72
0
0
1
97 278
0
0
0
0
0
0
1
98 292
0
0
1
99 85
0
0
0
0
0
0
0
0
0
0
1
100 164
0
0
0
0
0
0
0
0
0
0
0
0
1
101 58
0
0
0
0
0
0
0
0
0
0
0
0
1
102 258
0
0
0
0
0
0
1
103 258
0
1
104 11
0
0
0
0
0
0
0
1
105 54
0
1
106 279
0
0
0
1
107 248
0
0
0
0
1
108 260
0
0
0
0
0
0
0
0
0
1
109 251
1
110 88
0
0
0
0
0
1
111 249
1
112 69
0
0
0
0
0
0
1
113 255
0
0
0
0
1
114 169
0
0
0
0
0
0
0
0
1
115 234
0
0
1
116 47
0
0
0
0
0
0
0
0
0
0
0
0
0
0
1
117 154
1
118 197
0
0
0
0
1
119 227
0
0
0
0
0
1
120 125
0
0
0
0
1
121 215
0
0
1
122 192
0
0
0
1
123 128
0
0
0
0
0
0
1
124 117
0
0
1
125 60
1
126 283
1
127 271
1
128 27
0
0
1
129 258
0
0
0
0
0
0
0
0
0
0
1
130 195
0
0
1
131 10
0
1
132 90
0
0
0
0
0
0
0
0
0
0
0
0
1
133 122
0
1
134 31
0
1
135 124
1
136 34
0
0
0
0
0
0
0
0
0
0
0
0
1
137 230
0
0
0
0
0
1
138 223
0
1
139 58
0
0
0
0
1
140 222
1
141 115
1
142 155
0
0
0
0
0
0
0
0
0
0
0
0
0
0
1
143 245
0
0
0
0
0
0
0
0
1
144 169
0
0
0
1
145 206
1
146 36
0
0
0
0
0
0
0
1
147 77
0
0
0
0
0
1
148 51
0
0
1
149 52
0
0
0
0
1
150 124
0
0
0
0
0
0
0
0
0
0
0
0
0
0
0
0
1
151 288
0
0
0
0
1
152 271
0
0
0
0
0
0
0
0
0
0
0
0
1
153 125
0
0
0
1
154 156
0
0
0
1
155 125
0
1
156 100
0
0
0
1
157 257
1
158 101
0
1
159 259
0
0
1
160 262
1
161 203
0
1
162 300
0
1
163 214
1
164 14
0
0
1
165 66
0
1
166 276
0
0
1
167 6
0
0
0
0
1
168 239
0
0
0
1
169 230
0
0
0
0
0
0
0
1
170 15
0
1
171 87
0
0
1
172 101
0
0
0
1
173 10
0
0
0
1
174 7
0
0
1
175 148
0
0
0
1
176 124
0
0
1
177 43
0
0
0
0
0
0
1
178 134
1
179 62
0
1
180 209
0
0
0
1
181 44
0
0
0
0
0
1
182 23
0
0
0
1
183 108
0
0
1
184 66
0
0
0
1
185 287
0
0
0
0
0
1
186 62
1
187 45
1
188 211
0
0
0
0
0
0
0
0
0
0
0
0
0
0
1
189 40
1
190 87
1
191 86
0
0
1
192 117
1
193 158
0
0
0
1
194 252
0
0
0
0
0
0
1
195 304
0
0
0
1
196 182
0
1
197 125
0
0
0
0
0
0
0
0
0
0
0
0
1
198 177
1
199 126
0
0
0
0
0
1
200 296
0
0
0
0
1
201 104
1
202 186
0
0
0
1
203 209
0
0
0
0
0
0
1
204 176
0
1
205 213
0
1
206 247
0
1
207 267
1
208 23
0
0
0
0
0
0
0
0
0
1
209 43
0
0
0
0
0
0
1
210 72
1
211 259
0
0
1
212 212
0
0
0
1
213 196
1
214 58
1
215 186
0
0
0
0
0
0
0
1
216 97
1
217 69
1
218 299
0
1
219 264
0
0
1
220 262
0
0
0
0
0
0
0
0
0
0
1
221 247
0
0
1
222 116
0
0
0
1
223 30
0
0
0
1
224 283
0
1
225 158
0
1
226 136
1
227 173
1
228 136
0
0
0
0
1
229 6
0
0
1
230 116
0
0
1
231 116
0
1
232 79
1
233 303
0
1
234 43
0
0
0
0
0
0
0
0
0
0
0
0
1
235 203
0
1
236 84
0
1
237 142
0
0
0
0
0
0
0
0
0
1
238 120
0
0
0
0
0
0
1
239 131
0
0
1
240 251
0
1
241 94
0
1
242 181
1
243 36
0
0
0
1
244 132
0
0
1
245 62
0
0
0
1
246 285
1
247 178
0
0
0
0
0
0
0
0
0
0
0
0
0
0
1
248 158
0
0
0
0
0
0
0
1
249 97
0
0
0
1
250 215
0
0
0
0
0
0
0
1
251 196
0
0
0
1
252 201
0
0
0
1
253 23
0
0
0
0
1
254 234
0
1
255 297
0
0
0
0
0
0
1
256 20
0
1
257 55
0
1
258 265
1
259 264
0
0
0
0
0
1
260 294
1
261 205
0
0
0
1
262 180
1
263 242
1
264 271
0
0
1
265 189
1
266 71
0
0
1
267 294
0
1
268 182
0
0
1
269 123
1
270 97
0
0
0
0
0
0
0
0
1
271 222
0
1
272 264
0
0
1
273 14
0
0
0
0
0
0
0
1
274 140
0
0
0
0
0
0
0
0
0
0
0
0
0
1
275 126
0
0
1
276 215
0
0
0
0
0
0
1
277 251
0
1
278 91
1
279 134
0
0
0
0
0
1
280 175
0
1
281 251
1
282 226
0
0
1
283 271
0
0
0
0
0
0
0
0
0
0
0
1
284 185
1
285 106
0
0
1
286 54
1
287 263
0
0
0
0
1
288 143
1
289 114
0
0
0
0
0
0
0
0
0
0
1
290 193
1
291 194
0
0
1
292 188
0
0
0
0
0
0
1
293 62
1
294 34
1
295 72
1
296 246
0
0
0
0
1
297 27
0
0
0
0
1
298 132
0
0
0
1
299 191
0
0
0
0
0
0
1
300 95
1
301 221
0
0
0
0
1
302 102
1
303 284
0
0
0
0
0
0
0
0
0
0
0
0
0
0
1
304 194
0
1
305 11
0
0
0
0
0
1
306 164
1
307 293
1
308 194
0
1
309 138
0
1
310 167
0
0
0
1
311 269
0
0
0
0
1
312 48
0
0
0
0
1
313 280
0
1
314 2
0
0
0
0
0
1
315 171
0
1
316 210
1
317 15
0
1
318 124
0
0
0
1
319 79
1
320 273
1
321 94
0
0
0
1
322 27
1
323 197
0
0
1
324 93
0
1
325 256
0
1
326 109
0
1
327 175
1
328 258
1
329 166
1
330 91
0
0
0
1
331 52
1
332 224
1
333 294
1
334 108
0
0
0
1
335 96
0
0
0
0
0
0
0
1
336 123
0
1
337 90
0
0
0
1
338 49
0
0
0
0
0
0
0
0
1
339 160
0
0
0
0
0
1
340 257
0
0
0
1
341 38
0
0
0
1
342 300
0
1
343 46
0
0
0
0
0
0
0
0
1
344 285
1
345 28
1
346 175
1
347 69
0
0
0
0
0
1
348 69
0
0
1
349 297
1
350 208
1
351 100
1
352 127
0
0
0
0
1
353 169
0
0
0
0
0
0
0
0
1
354 90
0
0
1
355 137
1
356 198
0
1
357 164
0
0
0
1
358 133
0
0
1
359 204
0
1
360 27
0
1
361 83
0
1
362 186
1
363 303
0
1
364 227
0
0
0
1
365 242
1
366 136
0
0
0
0
1
367 74
1
368 283
0
0
0
0
1
369 95
1
370 191
1
371 199
0
1
372 162
0
0
0
1
373 165
0
0
0
0
0
0
0
0
0
0
0
0
0
0
1
374 12
0
0
1
375 201
0
0
1
376 14
0
0
0
0
0
0
1
377 103
0
1
378 186
0
0
0
0
1
379 128
0
0
1
380 3
0
0
0
0
0
0
1
381 214
0
0
0
0
0
0
0
0
1
382 76
1
383 24
0
0
1
384 3
0
0
1
385 171
0
0
1
386 220
0
0
0
0
0
1
387 89
0
0
0
1
388 102
0
1
389 118
0
0
0
1
390 281
1
391 163
0
0
0
1
392 301
0
1
393 100
0
1
394 131
0
0
0
0
1
395 290
0
1
396 27
0
0
1
397 17
0
1
398 15
0
0
0
0
1
399 285
0
0
1
400 202
1
401 264
0
1
402 158
1
403 251
0
1
404 252
0
0
0
0
1
405 179
1
406 186
0
0
0
0
1
407 115
1
408 294
1
409 289
0
1
410 290
0
0
0
1
411 215
0
0
0
0
0
0
1
412 146
1
413 106
0
0
0
1
414 74
0
0
0
0
0
1
415 21
0
0
0
0
0
0
1
416 48
0
0
1
417 151
0
0
0
0
1
418 88
0
0
0
1
419 3
0
0
0
0
0
1
420 281
1
421 86
0
0
1
422 95
0
0
0
1
423 60
0
1
424 191
1
425 235
0
1
426 44
0
0
0
1
427 218
1
428 209
0
0
1
429 232
0
1
430 11
1
431 29
0
0
1
432 56
0
0
0
0
0
0
1
433 192
0
0
0
0
1
434 131
0
0
0
0
1
435 55
0
0
1
436 109
0
0
0
0
1
437 262
0
1
438 299
0
0
0
0
0
0
1
439 46
0
0
0
0
0
0
0
0
1
440 8
0
0
1
441 95
1
442 262
0
1
443 28
0
0
0
1
444 188
0
0
0
0
0
1
445 86
0
0
1
446 274
1
447 151
0
1
448 246
0
0
0
0
0
0
0
0
0
0
1
449 132
0
0
0
0
0
0
0
0
0
1
450 52
0
0
1
451 159
0
1
452 247
0
0
0
0
0
0
1
453 40
0
0
0
0
0
0
0
0
0
0
0
0
1
454 289
0
0
1
455 214
0
1
456 76
0
1
457 171
0
0
1
458 271
1
459 67
0
0
0
1
460 248
0
1
461 70
1
462 51
0
0
0
0
0
0
0
1
463 60
0
0
0
0
1
464 57
0
0
0
1
465 231
0
0
0
1
466 172
1
467 225
0
1
468 237
1
469 101
1
470 72
0
0
1
471 251
1
472 225
0
0
1
473 63
0
0
0
0
1
474 43
0
1
475 109
0
1
476 69
1
477 161
0
1
478 183
1
479 58
1
480 11
1
481 199
0
0
0
1
482 166
0
0
0
1
483 263
1
484 199
1
485 79
0
0
0
0
0
1
486 196
1
487 111
0
0
0
0
1
488 4
1
489 204
0
0
0
0
0
1
490 122
1
491 135
0
1
492 298
0
1
493 237
0
0
0
0
1
494 209
1
495 21
1
496 94
0
1
497 22
1
498 212
0
0
0
0
1
499 113
1
500 13
0
1
501 162
0
0
0
1
502 130
0
0
0
0
0
0
0
1
503 176
1
504 271
1
505 61
0
0
0
0
0
1
506 47
0
0
0
1
507 236
0
0
0
1
508 179
0
0
0
0
0
1
509 40
0
0
1
510 159
0
0
0
0
0
0
0
0
1
511 62
1
512 73
0
0
1
513 197
0
0
1
514 201
1
515 289
0
1
516 79
0
0
1
517 73
0
0
1
518 156
0
0
0
0
0
1
519 23
0
0
0
0
1
520 147
1
521 54
0
0
1
522 6
0
0
0
0
0
0
1
523 185
1
524 115
0
0
0
0
0
0
1
525 135
1
526 94
0
0
1
527 216
1
528 71
1
529 115
1
530 256
1
531 251
0
1
532 301
1
533 54
0
0
0
1
534 203
0
0
0
0
1
535 242
0
1
536 150
1
537 292
0
0
0
0
0
0
1
538 40
1
539 57
0
0
0
0
1
540 86
1
541 14
0
0
1
542 217
1
543 6
0
1
544 43
1
545 298
0
0
0
0
0
0
0
1
546 257
0
0
1
547 52
0
0
0
0
1
548 6
0
1
549 136
0
0
0
1
550 129
1
551 195
1
552 215
0
0
0
1
553 77
1
554 164
0
0
0
0
0
1
555 115
0
1
556 290
0
0
0
1
557 130
0
1
558 183
0
0
0
1
559 173
1
560 109
1
561 79
1
562 244
0
0
0
0
1
563 225
0
0
0
0
1
564 145
0
1
565 151
0
1
566 167
0
1
567 33
1
568 297
0
1
569 27
0
1
570 220
0
1
571 23
0
0
0
0
0
0
0
0
0
0
0
1
572 209
0
0
1
573 125
1
574 48
0
1
575 141
0
1
576 237
0
1
577 162
0
1
578 109
0
0
0
1
579 189
0
1
580 82
0
0
1
581 94
0
0
0
0
0
0
1
582 73
1
583 80
1
584 82
0
0
0
0
1
585 248
0
1
586 78
0
0
0
0
0
1
587 291
1
588 188
0
0
0
0
0
0
1
589 258
1
590 231
0
0
0
0
1
591 125
1
592 141
1
593 2
0
1
594 184
0
1
595 172
0
0
0
1
596 225
0
0
0
0
1
597 198
0
0
0
0
0
0
0
1
598 231
0
1
599 226
1
600 215
0
1
601 141
1
602 235
0
0
0
0
0
0
0
0
1
603 232
0
0
1
604 251
1
605 43
1
606 248
0
0
1
607 275
0
1
608 117
0
1
609 106
0
1
610 80
1
611 159
0
0
1
612 286
1
613 272
1
614 95
1
615 60
0
0
1
616 194
1
617 36
0
0
0
1
618 63
1
619 128
1
620 87
0
0
1
621 43
0
0
0
0
0
0
0
0
1
622 187
1
623 208
1
624 276
0
1
625 44
0
0
0
0
1
626 177
1
627 24
1
628 182
1
629 156
0
0
0
1
630 147
0
0
1
631 128
1
632 74
0
0
1
633 9
1
634 82
1
635 40
0
0
0
1
636 281
1
637 9
1
638 228
0
0
0
0
0
0
1
639 116
0
0
1
640 142
0
0
1
641 66
0
0
0
0
0
1
642 300
0
1
643 60
1
644 76
1
645 36
1
646 20
1
647 99
0
0
0
1
648 281
1
649 180
0
1
650 161
0
0
1
651 83
0
0
1
652 143
0
0
1
653 112
0
0
1
654 42
0
1
655 145
1
656 298
0
1
657 216
0
0
0
1
658 201
0
0
1
659 18
0
1
660 138
1
661 194
1
662 16
1
663 67
1
664 250
1
665 219
0
1
666 272
1
667 187
1
668 234
0
0
0
0
0
1
669 10
1
670 129
0
1
671 20
0
0
0
1
672 34
1
673 182
1
674 7
1
675 120
1
676 55
1
677 62
0
1
678 121
0
1
679 4
0
0
1
680 7
0
0
0
0
1
681 85
0
0
0
1
682 7
0
1
683 91
0
1
684 41
0
0
1
685 203
1
686 182
0
0
0
0
0
0
1
687 220
1
688 129
0
1
689 125
0
1
690 107
0
1
691 270
1
692 45
1
693 100
0
0
0
0
1
694 130
1
695 289
1
696 123
0
1
697 9
1
698 193
1
699 81
1
700 18
0
0
0
0
0
0
0
0
0
1
701 128
1
702 124
1
703 58
0
0
0
0
0
0
0
1
704 106
1
705 69
0
0
0
0
0
1
706 208
0
1
707 182
0
0
0
1
708 56
0
0
0
0
1
709 281
1
710 101
0
1
711 137
0
0
0
0
0
1
712 120
0
0
1
713 215
1
714 217
0
1
715 272
1
716 108
1
717 259
1
718 115
0
1
719 85
0
0
1
720 82
1
721 55
1
722 257
0
0
0
0
0
0
1
723 23
1
724 123
0
1
725 263
1
726 277
0
1
727 48
1
728 216
0
0
1
729 87
1
730 147
0
1
731 125
0
0
0
0
1
732 47
0
0
0
0
1
733 52
0
1
734 59
1
735 175
0
1
736 221
0
0
0
1
737 150
1
738 285
1
739 155
0
0
0
0
0
1
740 190
0
0
1
741 283
0
0
1
742 84
1
743 238
0
0
0
0
0
0
1
744 194
1
745 195
0
0
1
746 150
1
747 130
0
0
1
748 69
0
1
749 105
1
750 211
1
751 71
0
0
0
0
1
752 134
0
1
753 17
1
754 297
1
755 69
1
756 2
0
0
0
0
1
757 42
0
0
0
0
0
1
758 118
1
759 38
0
1
760 190
0
0
1
761 62
0
1
762 292
0
0
1
763 176
1
764 166
0
1
765 159
0
1
766 143
0
1
767 157
0
0
0
0
1
768 55
0
1
769 166
0
1
770 14
0
0
0
0
0
1
771 185
1
772 39
1
773 266
0
1
774 99
0
1
775 27
1
776 22
0
0
1
777 77
1
778 29
1
779 231
0
0
0
1
780 235
1
781 258
0
1
782 170
0
1
783 48
0
1
784 104
0
0
1
785 96
1
786 32
1
787 211
1
788 160
0
1
789 36
0
0
0
0
0
1
790 132
0
0
0
1
791 95
1
792 55
0
0
1
793 99
0
0
0
1
794 79
1
795 93
0
0
1
796 46
0
1
797 84
0
0
1
798 59
1
799 57
0
1
800 55
1
801 181
1
802 36
0
1
803 187
0
0
0
1
804 305
1
805 216
1
806 231
1
807 87
1
808 177
1
809 182
1
810 202
1
811 289
0
0
0
1
812 24
0
0
1
813 304
1
814 199
0
1
815 281
0
1
816 52
1
817 164
0
1
818 295
1
819 250
0
1
820 214
0
1
821 245
0
0
0
1
822 130
0
0
1
823 224
1
824 277
1
825 265
1
826 55
1
827 217
1
828 80
0
1
829 123
1
830 291
1
831 242
0
1
832 91
0
0
0
0
0
0
0
0
0
1
833 213
0
0
1
834 176
0
1
835 159
1
836 89
0
0
0
1
837 19
0
1
838 159
0
1
839 275
0
0
1
840 79
1
841 60
0
0
0
1
842 264
0
1
843 184
0
0
1
844 5
1
845 228
0
0
0
1
846 8
0
0
0
1
847 27
0
1
848 2
1
849 156
0
0
1
850 50
1
851 38
1
852 150
0
1
853 233
1
854 48
1
855 289
1
856 228
1
857 191
0
0
0
1
858 262
0
0
1
859 249
0
1
860 167
0
0
0
1
861 13
1
862 270
0
0
1
863 182
0
0
1
864 217
0
0
0
0
0
0
0
1
865 26
0
1
866 23
1
867 156
1
868 304
1
869 208
0
0
1
870 77
0
0
0
0
0
0
0
0
1
871 35
1
872 79
0
1
873 115
0
1
874 113
0
1
875 18
0
0
1
876 225
0
0
0
0
0
1
877 280
1
878 103
1
879 40
1
880 88
0
0
1
881 277
1
882 252
1
883 4
0
0
1
884 103
0
0
1
885 226
1
886 142
0
1
887 261
0
1
888 271
0
1
889 233
1
890 27
1
891 166
1
892 211
1
893 177
1
894 184
1
895 145
1
896 140
0
1
897 40
0
0
0
0
1
898 83
0
0
1
899 94
1
900 189
1
901 210
0
0
0
0
0
0
1
902 144
0
1
903 4
0
0
0
1
904 265
0
1
905 74
1
906 133
0
0
1
907 124
1
908 133
0
1
909 208
1
910 13
1
911 209
1
912 298
1
913 107
0
0
0
0
0
0
1
914 228
0
1
915 173
0
0
1
916 4
1
917 214
0
0
1
918 215
0
1
919 125
0
0
0
1
920 270
0
1
921 190
0
0
0
0
0
1
922 54
1
923 222
1
924 248
0
0
1
925 14
0
1
926 300
1
927 67
0
1
928 143
0
0
1
929 184
1
930 289
0
1
931 142
0
0
1
932 2
0
1
933 236
0
1
934 289
1
935 262
0
0
0
0
0
0
1
936 117
1
937 189
1
938 257
0
0
1
939 168
0
0
1
940 300
1
941 297
1
942 71
0
1
943 253
0
0
1
944 291
1
945 197
1
946 89
0
1
947 71
0
1
948 143
0
1
949 215
1
950 146
0
0
0
0
1
951 302
1
952 90
1
953 223
1
954 258
0
0
0
1
955 255
1
956 202
1
957 138
1
958 51
0
1
959 18
0
1
960 4
0
0
1
961 248
1
962 273
1
963 283
0
1
964 27
1
965 144
1
966 211
1
967 287
1
968 177
0
1
969 27
1
970 90
0
1
971 268
1
972 228
1
973 137
1
974 135
0
0
0
0
0
0
1
975 258
1
976 48
0
0
0
1
977 37
1
978 124
0
1
979 206
1
980 249
0
0
0
0
0
0
1
981 47
1
982 171
1
983 114
1
984 182
0
1
985 275
0
0
1
986 35
1
987 146
0
0
1
988 88
1
989 73
0
0
0
0
1
990 127
0
0
1
991 83
0
0
1
992 80
0
1
993 51
1
994 240
1
995 86
1
996 97
0
0
0
1
997 215
1
998 199
1
999 132
1
1000 191
0
1
1001 271
1
1002 77
1
1003 81
0
0
1
1004 9
1
1005 97
0
1
1006 148
1
1007 43
1
1008 48
0
1
1009 2
1
1010 126
0
1
1011 24
1
1012 37
0
1
1013 5
0
0
1
1014 92
1
1015 36
1
1016 154
1
1017 132
0
1
1018 186
0
1
1019 238
1
1020 116
0
1
1021 112
1
1022 93
0
0
0
0
0
1
1023 51
0
1
1024 105
1
1025 136
0
0
0
1
1026 51
0
1
1027 245
0
1
1028 133
0
1
1029 54
1
1030 15
0
0
1
1031 11
0
1
1032 146
1
1033 130
0
1
1034 43
0
0
1
1035 256
0
0
1
1036 303
1
1037 256
1
1038 265
1
1039 219
0
1
1040 57
1
1041 190
1
1042 62
0
0
1
1043 181
1
1044 241
0
0
1
1045 130
0
0
1
1046 14
0
0
1
1047 18
0
0
0
0
1
1048 48
0
1
1049 149
1
1050 132
1
1051 258
0
1
1052 16
1
1053 275
0
1
1054 122
1
1055 303
1
1056 260
1
1057 305
0
1
1058 226
1
1059 111
1
1060 291
1
1061 304
1
1062 246
0
1
1063 143
0
0
1
1064 31
0
1
1065 250
0
1
1066 217
0
0
1
1067 44
1
1068 181
1
1069 16
1
1070 210
1
1071 265
0
1
1072 182
0
1
1073 20
1
1074 76
0
1
1075 275
0
0
0
1
1076 204
0
1
1077 117
1
1078 44
1
1079 260
0
1
1080 211
0
1
1081 303
0
1
1082 225
1
1083 5
1
1084 225
1
1085 54
1
1086 247
0
1
1087 7
0
1
1088 126
0
0
1
1089 139
1
1090 97
1
1091 297
1
1092 288
1
1093 54
1
1094 177
0
1
1095 304
1
1096 189
0
1
1097 44
1
1098 297
1
1099 5
0
1
1100 56
0
1
1101 292
0
1
1102 98
0
0
0
0
1
1103 20
0
1
1104 299
0
1
1105 142
1
1106 130
1
1107 145
0
1
1108 27
1
1109 196
1
1110 240
1
1111 59
1
1112 122
1
1113 42
1
1114 255
1
1115 72
0
0
1
1116 267
1
1117 271
1
1118 156
1
1119 62
1
1120 120
1
1121 187
1
1122 136
0
0
0
0
0
1
1123 102
1
1124 25
0
0
1
1125 31
1
1126 203
1
1127 182
0
0
1
1128 161
0
0
1
1129 124
1
1130 133
1
1131 162
1
1132 237
1
1133 43
0
0
0
1
1134 192
0
0
0
0
0
1
1135 241
0
1
1136 270
0
1
1137 184
0
0
0
1
1138 138
0
0
1
1139 247
0
0
0
1
1140 42
1
1141 215
1
1142 62
0
1
1143 141
0
0
0
0
1
1144 248
1
1145 115
1
1146 244
0
0
1
1147 30
1
1148 79
1
1149 14
1
1150 280
0
0
1
1151 58
0
0
0
0
0
1
1152 104
0
0
0
0
0
1
1153 82
0
0
1
1154 219
0
1
1155 31
1
1156 27
0
0
0
1
1157 85
1
1158 243
0
0
0
1
1159 78
1
1160 199
1
1161 297
0
0
0
0
0
1
1162 268
0
1
1163 238
1
1164 289
0
0
1
1165 150
0
1
1166 229
1
1167 110
1
1168 67
0
0
0
0
0
0
1
1169 210
0
1
1170 25
0
0
1
1171 213
1
1172 252
1
1173 95
0
0
0
1
1174 205
0
0
1
1175 153
1
1176 9
0
1
1177 98
0
1
1178 248
0
0
1
1179 178
0
1
1180 257
0
0
1
1181 27
1
1182 143
0
1
1183 210
1
1184 27
1
1185 43
0
1
1186 99
0
1
1187 262
1
1188 10
0
1
1189 181
0
0
0
1
1190 161
1
1191 15
0
0
1
1192 148
0
0
0
0
1
1193 131
0
1
1194 305
1
1195 46
0
0
1
1196 28
0
1
1197 79
1
1198 149
1
1199 79
1
1200 182
0
1
1201 303
0
0
1
1202 245
0
1
1203 143
0
1
1204 149
1
1205 78
1
1206 224
1
1207 256
1
1208 155
1
1209 68
0
1
1210 87
1
1211 302
0
0
1
1212 2
0
1
1213 180
1
1214 199
0
0
1
1215 2
1
1216 141
0
1
1217 116
1
1218 234
0
0
1
1219 43
1
1220 100
1
1221 217
1
1222 239
1
1223 112
1
1224 303
1
1225 289
1
1226 34
0
0
0
1
1227 22
0
1
1228 30
1
1229 143
1
1230 291
1
1231 289
0
0
0
1
1232 282
0
0
1
1233 298
1
1234 277
1
1235 203
1
1236 222
1
1237 272
0
0
0
1
1238 97
1
1239 160
0
0
1
1240 285
1
1241 62
1
1242 279
0
0
1
1243 140
0
1
1244 48
1
1245 146
1
1246 54
1
1247 267
1
1248 187
0
1
1249 89
0
0
1
1250 296
0
1
1251 215
0
1
1252 28
1
1253 238
0
1
1254 244
1
1255 246
1
1256 231
1
1257 42
1
1258 251
1
1259 74
0
1
1260 251
0
1
1261 159
0
1
1262 229
0
0
0
1
1263 95
1
1264 28
1
1265 88
1
1266 284
1
1267 187
1
1268 54
1
1269 278
1
1270 262
1
1271 221
1
1272 101
0
0
1
1273 260
1
1274 116
0
0
0
0
0
1
1275 43
0
1
1276 156
0
1
1277 135
0
0
1
1278 144
1
1279 73
1
1280 30
0
0
0
1
1281 96
1
1282 60
1
1283 76
1
1284 96
0
1
1285 35
0
1
1286 156
0
0
1
1287 25
1
1288 75
1
1289 224
0
0
0
1
1290 48
1
1291 140
1
1292 193
1
1293 155
0
1
1294 16
1
1295 116
1
1296 250
0
0
1
1297 287
0
0
1
1298 98
1
1299 249
0
1
1300 57
0
0
1
1301 189
1
1302 249
0
1
1303 115
0
1
1304 3
0
1
1305 119
0
1
1306 234
1
1307 277
0
0
0
0
1
1308 294
0
0
0
0
1
1309 262
1
1310 292
0
1
1311 11
0
1
1312 234
1
1313 174
1
1314 55
0
1
1315 270
1
1316 156
1
1317 49
0
1
1318 80
0
0
0
1
1319 276
1
1320 191
0
0
0
1
1321 89
0
1
1322 116
1
1323 30
1
1324 301
0
0
0
1
1325 273
1
1326 247
1
1327 167
0
0
1
1328 207
1
1329 248
1
1330 130
0
0
0
0
1
1331 182
0
0
1
1332 212
0
1
1333 234
1
1334 55
0
0
0
0
0
1
1335 109
1
1336 136
1
1337 179
0
1
1338 174
1
1339 68
1
1340 266
1
1341 209
0
0
0
0
0
1
1342 77
1
1343 266
1
1344 72
1
1345 149
0
1
1346 128
0
1
1347 258
0
0
1
1348 286
1
1349 194
1
1350 166
0
0
0
1
1351 285
0
0
1
1352 217
0
0
0
0
1
1353 180
1
1354 218
1
1355 92
1
1356 261
1
1357 69
1
1358 25
1
1359 4
1
1360 177
1
1361 55
1
1362 169
0
1
1363 197
0
0
1
1364 124
1
1365 210
1
1366 300
1
1367 162
0
1
1368 173
0
0
0
1
1369 294
0
0
0
1
1370 153
0
0
0
0
0
0
1
1371 99
1
1372 213
1
1373 117
1
1374 69
1
1375 138
0
1
1376 126
1
1377 243
1
1378 236
1
1379 251
0
0
0
0
0
1
1380 192
1
1381 194
0
0
1
1382 124
1
1383 274
0
1
1384 123
1
1385 49
1
1386 6
1
1387 130
1
1388 193
1
1389 68
1
1390 293
0
0
1
1391 194
1
1392 247
1
1393 110
1
1394 145
0
0
1
1395 191
1
1396 60
1
1397 125
1
1398 231
1
1399 216
0
0
0
1
1400 216
1
1401 252
1
1402 95
0
1
1403 101
0
1
1404 209
0
1
1405 79
1
1406 171
1
1407 97
1
1408 134
0
0
0
1
1409 55
1
1410 238
0
0
1
1411 28
0
0
1
1412 209
1
1413 51
1
1414 180
0
1
1415 297
0
1
1416 21
0
0
1
1417 271
0
0
1
1418 135
0
0
0
1
1419 62
0
1
1420 195
0
0
0
1
1421 80
1
1422 145
1
1423 160
1
1424 82
0
1
1425 277
0
1
1426 88
1
1427 127
0
1
1428 258
1
1429 188
1
1430 105
0
1
1431 222
1
1432 199
1
1433 126
0
1
1434 38
0
1
1435 136
0
1
1436 115
1
1437 211
0
1
1438 31
1
1439 284
0
0
0
0
1
1440 125
1
1441 89
1
1442 236
1
1443 222
0
1
1444 150
0
0
1
1445 239
0
1
1446 227
1
1447 27
0
1
1448 132
1
1449 258
0
0
0
1
1450 117
1
1451 34
0
0
0
1
1452 212
0
1
1453 200
1
1454 59
1
1455 37
1
1456 145
1
1457 86
1
1458 291
0
1
1459 174
0
0
1
1460 264
0
1
1461 300
0
1
1462 58
1
1463 138
0
1
1464 265
1
1465 156
0
1
1466 232
1
1467 146
1
1468 251
1
1469 295
1
1470 243
1
1471 82
1
1472 179
1
1473 67
0
1
1474 232
0
1
1475 244
0
0
0
1
1476 261
1
1477 178
1
1478 36
0
1
1479 65
0
1
1480 288
1
1481 43
1
1482 119
0
0
1
1483 198
0
0
1
1484 225
0
1
1485 80
0
0
0
1
1486 42
0
1
1487 216
0
1
1488 201
0
1
1489 234
0
1
1490 176
1
1491 134
1
1492 146
1
1493 128
1
1494 41
1
1495 55
0
0
1
1496 298
0
0
1
1497 105
1
1498 68
0
1
1499 266
1
1500 84
1
1501 166
0
0
1
1502 23
1
1503 184
0
1
1504 130
1
1505 272
0
1
1506 15
1
1507 131
1
1508 56
0
0
1
1509 237
1
1510 48
1
1511 188
1
1512 82
1
1513 289
1
1514 15
0
0
1
1515 178
0
0
1
1516 196
0
1
1517 146
0
1
1518 11
0
1
1519 131
0
0
1
1520 127
0
0
1
1521 138
0
0
1
1522 226
1
1523 103
0
1
1524 128
1
1525 96
0
1
1526 177
1
1527 237
1
1528 226
0
1
1529 109
0
0
1
1530 248
0
0
0
0
1
1531 78
0
0
0
1
1532 235
1
1533 301
0
0
0
1
1534 98
1
1535 226
1
1536 295
0
1
1537 258
1
1538 60
1
1539 283
1
1540 294
1
1541 85
1
1542 240
0
1
1543 4
0
1
1544 152
1
1545 287
1
1546 80
1
1547 112
0
1
1548 206
1
1549 24
1
1550 290
0
0
1
1551 54
1
1552 143
1
1553 129
0
0
1
1554 285
0
0
1
1555 284
0
1
1556 269
0
1
1557 205
1
1558 171
1
1559 251
1
1560 223
1
1561 17
1
1562 91
0
0
1
1563 188
1
1564 294
0
1
1565 229
1
1566 159
1
1567 290
0
1
1568 104
0
1
1569 235
1
1570 62
0
1
1571 13
1
1572 239
1
1573 154
0
1
1574 179
1
1575 79
0
1
1576 141
1
1577 31
1
1578 247
0
0
0
1
1579 7
1
1580 38
1
1581 225
0
0
0
0
0
1
1582 18
1
1583 27
0
0
1
1584 11
0
1
1585 115
1
1586 80
1
1587 39
1
1588 98
0
0
1
1589 201
1
1590 118
1
1591 237
1
1592 254
0
1
1593 108
0
0
0
1
1594 264
1
1595 184
1
1596 204
0
1
1597 296
1
1598 266
1
1599 305
1
1600 199
1
1601 219
1
1602 86
0
1
1603 209
0
1
1604 226
1
1605 15
1
1606 201
0
1
1607 197
0
1
1608 45
1
1609 168
0
1
1610 265
0
0
1
1611 155
1
1612 247
1
1613 236
1
1614 213
1
1615 268
1
1616 20
1
1617 173
0
1
1618 205
0
0
1
1619 79
0
0
0
1
1620 58
0
1
1621 254
0
1
1622 175
0
0
1
1623 114
0
1
1624 156
1
1625 59
1
1626 251
1
1627 169
0
0
0
1
1628 137
0
0
1
1629 209
1
1630 127
1
1631 298
1
1632 103
1
1633 301
0
0
1
1634 247
1
1635 213
1
1636 84
1
1637 211
1
1638 16
1
1639 206
1
1640 65
1
1641 19
1
1642 48
0
0
0
1
1643 39
1
1644 264
1
1645 21
1
1646 237
0
1
1647 84
1
1648 145
1
1649 157
1
1650 139
0
1
1651 41
1
1652 181
1
1653 61
1
1654 271
0
1
1655 54
1
1656 33
1
1657 275
1
1658 66
0
1
1659 15
1
1660 125
1
1661 205
0
1
1662 46
0
1
1663 181
1
1664 38
0
1
1665 188
1
1666 98
1
1667 212
1
1668 100
0
0
0
1
1669 79
1
1670 294
1
1671 83
1
1672 193
1
1673 210
1
1674 69
0
1
1675 56
0
1
1676 219
1
1677 161
0
1
1678 92
1
1679 97
1
1680 173
1
1681 281
1
1682 28
0
1
1683 285
0
0
0
0
1
1684 84
0
0
1
1685 215
1
1686 271
0
1
1687 4
1
1688 261
0
1
1689 258
1
1690 305
0
1
1691 294
0
1
1692 159
1
1693 132
0
1
1694 228
1
1695 16
1
1696 7
1
1697 82
1
1698 8
1
1699 125
1
1700 135
1
1701 231
0
0
0
0
0
0
1
1702 225
1
1703 214
1
1704 162
1
1705 257
1
1706 169
1
1707 295
0
1
1708 60
0
1
1709 196
1
1710 79
1
1711 169
1
1712 300
1
1713 14
0
1
1714 253
1
1715 185
1
1716 25
0
1
1717 129
1
1718 108
0
1
1719 110
1
1720 79
1
1721 166
1
1722 61
1
1723 84
1
1724 247
1
1725 89
1
1726 261
1
1727 24
0
1
1728 112
1
1729 289
1
1730 174
0
0
0
0
1
1731 135
1
1732 187
1
1733 285
0
0
0
1
1734 70
0
0
0
0
1
1735 209
1
1736 96
1
1737 270
0
1
1738 178
0
1
1739 273
0
1
1740 8
1
1741 272
1
1742 77
1
1743 45
1
1744 23
1
1745 16
0
1
1746 182
1
1747 23
1
1748 100
0
0
0
1
1749 113
1
1750 221
0
0
0
0
0
1
1751 196
0
1
1752 60
0
1
1753 156
0
0
0
1
1754 258
1
1755 220
0
0
0
0
1
1756 232
1
1757 50
1
1758 190
1
1759 109
1
1760 119
1
1761 149
0
1
1762 215
1
1763 125
1
1764 64
0
1
1765 268
0
0
1
1766 137
1
1767 141
1
1768 32
1
1769 84
0
0
1
1770 94
0
1
1771 101
1
1772 27
0
0
1
1773 124
1
1774 109
1
1775 247
0
1
1776 185
0
1
1777 66
1
1778 302
0
1
1779 224
1
1780 287
1
1781 256
1
1782 251
0
1
1783 211
1
1784 251
1
1785 232
1
1786 199
1
1787 25
1
1788 141
1
1789 44
1
1790 47
1
1791 191
1
1792 227
1
1793 246
1
1794 239
1
1795 50
1
1796 93
1
1797 38
0
0
0
0
1
1798 220
1
1799 90
1
1800 251
1
1801 61
1
1802 206
1
1803 84
0
1
1804 74
1
1805 294
1
1806 141
1
1807 163
1
1808 168
1
1809 212
1
1810 277
1
1811 258
0
1
1812 160
1
1813 139
1
1814 294
1
1815 86
0
0
0
0
0
1
1816 133
0
0
0
1
1817 48
0
1
1818 165
1
1819 283
0
0
0
1
1820 224
1
1821 220
0
0
1
1822 248
1
1823 139
0
0
1
1824 182
1
1825 175
0
0
1
1826 213
0
1
1827 224
0
1
1828 27
1
1829 42
1
1830 173
1
1831 143
1
1832 74
1
1833 38
1
1834 185
0
1
1835 132
0
1
1836 86
0
0
0
1
1837 293
1
1838 2
0
1
1839 230
0
1
1840 133
1
1841 300
1
1842 97
0
1
1843 268
0
0
1
1844 145
1
1845 188
1
1846 191
1
1847 264
1
1848 119
1
1849 247
1
1850 248
1
1851 189
1
1852 20
0
1
1853 188
0
0
0
1
1854 225
1
1855 267
1
1856 74
1
1857 60
1
1858 77
0
1
1859 162
1
1860 123
1
1861 52
1
1862 93
1
1863 250
1
1864 60
1
1865 268
1
1866 261
1
1867 64
0
1
1868 144
0
1
1869 248
1
1870 56
0
1
1871 184
1
1872 6
0
1
1873 284
0
0
0
0
1
1874 98
1
1875 161
1
1876 190
0
1
1877 171
0
0
1
1878 116
0
1
1879 162
0
1
1880 174
1
1881 247
1
1882 145
1
1883 304
1
1884 253
1
1885 296
0
1
1886 25
0
1
1887 199
0
0
1
1888 45
1
1889 48
0
1
1890 280
1
1891 6
1
1892 13
1
1893 132
1
1894 33
1
1895 190
0
1
1896 228
0
1
1897 134
1
1898 27
0
1
1899 122
0
0
0
1
1900 208
1
1901 199
1
1902 226
0
0
1
1903 35
0
1
1904 42
1
1905 236
1
1906 213
1
1907 84
0
1
1908 62
1
1909 168
1
1910 286
0
1
1911 51
1
1912 291
1
1913 254
1
1914 238
1
1915 181
1
1916 262
1
1917 184
1
1918 167
0
1
1919 79
1
1920 62
1
1921 233
1
1922 2
1
1923 240
1
1924 137
1
1925 10
1
1926 83
0
0
1
1927 94
1
1928 248
0
1
1929 132
1
1930 25
1
1931 283
1
1932 197
1
1933 132
1
1934 124
1
1935 248
1
1936 109
1
1937 238
1
1938 101
1
1939 134
0
1
1940 92
1
1941 69
1
1942 53
1
1943 303
1
1944 194
1
1945 189
1
1946 251
0
0
1
1947 217
1
1948 245
1
1949 52
1
1950 55
1
1951 145
0
0
1
1952 135
1
1953 118
1
1954 59
1
1955 25
0
1
1956 43
1
1957 31
1
1958 110
0
0
1
1959 238
1
1960 12
0
1
1961 70
0
0
0
0
0
1
1962 44
0
1
1963 35
1
1964 165
1
1965 169
1
1966 147
0
1
1967 55
1
1968 222
1
1969 277
0
1
1970 277
1
1971 95
1
1972 254
1
1973 49
1
1974 156
1
1975 32
1
1976 222
0
1
1977 72
1
1978 113
1
1979 186
1
1980 93
1
1981 25
0
1
1982 259
1
1983 4
0
0
1
1984 276
1
1985 53
1
1986 105
1
1987 58
1
1988 158
0
1
1989 271
0
1
1990 123
1
1991 265
1
1992 266
1
1993 148
0
1
1994 219
0
0
1
1995 50
0
1
1996 131
0
1
1997 274
1
1998 178
1
1999 79
0
0
1
2000 99
1
2001 303
1
2002 174
1
2003 177
1
2004 5
1
2005 191
1
2006 272
1
2007 289
0
0
1
2008 206
0
0
1
2009 275
1
2010 245
1
2011 278
1
2012 133
1
2013 290
1
2014 38
0
0
1
2015 34
1
2016 144
0
1
2017 26
1
2018 206
0
0
0
0
0
1
2019 14
0
1
2020 171
0
1
2021 53
1
2022 139
1
2023 58
0
0
1
2024 170
1
2025 34
1
2026 212
1
2027 48
1
2028 185
1
2029 246
1
2030 297
1
2031 83
1
2032 247
1
2033 137
1
2034 45
1
2035 103
1
2036 222
1
2037 302
1
2038 275
1
2039 100
1
2040 11
1
2041 32
0
1
2042 22
1
2043 175
0
0
1
2044 196
0
1
2045 134
1
2046 302
1
2047 272
0
1
2048 66
0
1
2049 254
0
1
2050 57
1
2051 293
1
2052 156
1
2053 91
1
2054 108
1
2055 120
0
0
1
2056 275
0
0
0
1
2057 108
1
2058 105
0
1
2059 29
1
2060 16
1
2061 135
0
0
0
0
1
2062 254
1
2063 105
1
2064 249
0
0
0
1
2065 40
1
2066 187
0
0
1
2067 27
1
2068 22
1
2069 233
1
2070 126
1
2071 50
1
2072 72
0
1
2073 55
1
2074 191
0
1
2075 123
0
1
2076 255
1
2077 16
0
0
1
2078 99
1
2079 304
1
2080 4
1
2081 304
0
0
1
2082 267
0
1
2083 165
1
2084 151
1
2085 275
0
1
2086 278
1
2087 232
0
1
2088 202
1
2089 116
1
2090 294
1
2091 110
0
1
2092 285
1
2093 28
0
1
2094 301
1
2095 187
0
1
2096 149
1
2097 125
1
2098 303
1
2099 54
0
1
2100 288
1
2101 240
1
2102 103
0
1
2103 247
1
2104 241
0
1
2105 216
1
2106 161
0
1
2107 138
1
2108 248
1
2109 53
1
2110 90
1
2111 243
1
2112 122
1
2113 19
1
2114 152
1
2115 86
1
2116 28
1
2117 215
1
2118 54
1
2119 281
1
2120 108
1
2121 189
1
2122 107
1
2123 163
1
2124 225
0
1
2125 138
1
2126 273
1
2127 265
1
2128 4
1
2129 204
1
2130 254
1
2131 179
1
2132 255
1
2133 271
0
1
2134 3
1
2135 297
1
2136 124
1
2137 293
1
2138 143
1
2139 262
1
2140 70
0
1
2141 166
1
2142 271
1
2143 145
0
0
1
2144 15
1
2145 248
1
2146 196
1
2147 108
1
2148 254
0
1
2149 19
1
2150 133
1
2151 281
1
2152 54
1
2153 114
0
1
2154 16
0
1
2155 182
1
2156 236
1
2157 233
0
1
2158 283
1
2159 153
1
2160 22
1
2161 126
1
2162 223
0
1
2163 257
1
2164 230
0
1
2165 72
1
2166 289
1
2167 8
0
1
2168 134
1
2169 111
1
2170 113
0
1
2171 162
1
2172 72
1
2173 299
1
2174 247
0
1
2175 101
1
2176 27
1
2177 230
1
2178 249
1
2179 242
1
2180 133
0
0
1
2181 209
1
2182 249
1
2183 66
1
2184 265
0
1
2185 198
1
2186 89
1
2187 273
1
2188 29
0
1
2189 79
1
2190 85
1
2191 128
1
2192 29
1
2193 209
0
1
2194 181
1
2195 187
0
1
2196 135
1
2197 206
1
2198 300
1
2199 134
1
2200 287
1
2201 113
1
2202 74
1
2203 148
0
1
2204 100
0
1
2205 42
1
2206 184
1
2207 106
0
0
1
2208 206
1
2209 73
1
2210 44
1
2211 194
1
2212 113
1
2213 177
1
2214 248
1
2215 176
1
2216 166
1
2217 220
1
2218 43
1
2219 73
1
2220 125
0
1
2221 19
0
1
2222 55
1
2223 25
1
2224 36
1
2225 261
1
2226 260
1
2227 242
1
2228 187
1
2229 277
0
1
2230 48
1
2231 158
1
2232 127
1
2233 228
1
2234 236
0
0
1
2235 78
0
1
2236 160
1
2237 136
0
1
2238 208
0
0
1
2239 26
1
2240 18
1
2241 301
1
2242 233
1
2243 170
0
1
2244 187
1
2245 267
0
0
1
2246 31
1
2247 287
1
2248 117
1
2249 298
1
2250 200
1
2251 98
1
2252 263
1
2253 190
1
2254 292
0
1
2255 182
1
2256 48
1
2257 245
1
2258 248
1
2259 228
1
2260 265
1
2261 203
1
2262 281
1
2263 280
1
2264 178
1
2265 104
1
2266 27
1
2267 44
0
1
2268 285
1
2269 111
1
2270 192
1
2271 175
1
2272 247
1
2273 233
1
2274 16
0
1
2275 235
1
2276 228
1
2277 197
1
2278 293
1
2279 101
1
2280 7
1
2281 100
1
2282 254
1
2283 118
1
2284 43
1
2285 262
0
0
1
2286 278
1
2287 167
1
2288 197
1
2289 248
1
2290 134
1
2291 244
1
2292 4
1
2293 229
0
0
0
1
2294 122
0
1
2295 43
1
2296 111
1
2297 248
1
2298 125
1
2299 32
0
1
2300 217
1
2301 100
1
2302 153
0
0
1
2303 214
0
0
1
2304 289
1
2305 155
1
2306 211
0
1
2307 175
1
2308 302
1
2309 32
0
1
2310 35
1
2311 251
1
2312 8
1
2313 55
1
2314 48
0
1
2315 36
0
0
1
2316 59
1
2317 7
1
2318 34
1
2319 56
1
2320 236
1
2321 95
1
2322 254
1
2323 62
1
2324 99
1
2325 14
1
2326 258
1
2327 9
0
1
2328 287
1
2329 193
0
0
1
2330 74
1
2331 32
1
2332 132
1
2333 267
0
1
2334 148
1
2335 142
1
2336 78
0
1
2337 180
1
2338 232
1
2339 282
1
2340 279
0
1
2341 269
0
1
2342 95
1
2343 69
0
0
0
0
1
2344 149
1
2345 214
1
2346 224
1
2347 205
1
2348 55
1
2349 285
1
2350 26
1
2351 162
0
1
2352 55
1
2353 282
0
1
2354 86
1
2355 213
1
2356 54
1
2357 8
1
2358 249
0
1
2359 54
1
2360 201
0
1
2361 170
1
2362 193
0
0
1
2363 127
1
2364 231
0
1
2365 167
1
2366 54
1
2367 16
0
1
2368 171
1
2369 87
1
2370 129
0
1
2371 242
1
2372 139
1
2373 100
1
2374 233
1
2375 4
0
1
2376 4
0
1
2377 192
0
1
2378 235
1
2379 266
1
2380 97
1
2381 266
1
2382 30
1
2383 23
0
0
1
2384 23
1
2385 208
1
2386 50
0
1
2387 286
1
2388 150
0
0
1
2389 69
1
2390 241
1
2391 63
1
2392 227
1
2393 14
1
2394 170
1
2395 37
0
1
2396 72
0
1
2397 54
1
2398 21
1
2399 143
0
1
2400 199
1
2401 230
1
2402 44
0
1
2403 4
1
2404 223
0
1
2405 69
1
2406 89
1
2407 74
1
2408 52
1
2409 95
1
2410 158
1
2411 54
1
2412 52
1
2413 250
0
0
1
2414 24
1
2415 12
1
2416 184
0
1
2417 72
1
2418 260
1
2419 51
0
1
2420 46
1
2421 214
1
2422 216
0
0
1
2423 192
1
2424 242
1
2425 167
1
2426 157
0
1
2427 189
1
2428 295
1
2429 78
0
1
2430 143
1
2431 95
1
2432 34
1
2433 81
1
2434 70
0
1
2435 120
1
2436 190
1
2437 75
1
2438 234
1
2439 177
1
2440 5
1
2441 3
1
2442 270
1
2443 51
1
2444 59
1
2445 238
1
2446 195
0
1
2447 95
1
2448 300
1
2449 3
1
2450 217
1
2451 278
1
2452 269
1
2453 4
1
2454 289
1
2455 79
1
2456 193
0
1
2457 3
1
2458 116
1
2459 56
1
2460 78
1
2461 182
1
2462 117
1
2463 90
1
2464 191
0
0
0
1
2465 110
1
2466 64
1
2467 174
1
2468 215
1
2469 63
1
2470 271
1
2471 148
1
2472 275
1
2473 246
0
1
2474 31
1
2475 285
1
2476 246
0
1
2477 254
1
2478 197
1
2479 281
1
2480 72
1
2481 256
1
2482 200
1
2483 153
1
2484 51
1
2485 58
1
2486 209
1
2487 97
1
2488 162
1
2489 152
1
2490 87
1
2491 189
1
2492 124
0
1
2493 98
1
2494 109
0
1
2495 206
0
0
0
0
1
2496 34
1
2497 217
0
1
2498 171
1
2499 36
0
1
2500 125
1
2501 227
1
2502 296
1
2503 277
1
2504 63
1
2505 43
1
2506 284
0
1
2507 245
0
0
1
2508 178
1
2509 233
1
2510 163
0
1
2511 154
1
2512 65
1
2513 58
1
2514 138
1
2515 289
0
1
2516 120
1
2517 177
1
2518 144
0
1
2519 75
1
2520 192
1
2521 247
1
2522 280
1
2523 270
1
2524 154
1
2525 285
1
2526 69
1
2527 227
0
1
2528 255
1
2529 160
1
2530 31
1
2531 211
1
2532 281
0
1
2533 40
1
2534 11
1
2535 53
1
2536 249
0
1
2537 289
1
2538 231
1
2539 186
1
2540 254
1
2541 78
1
2542 95
0
1
2543 120
1
2544 168
1
2545 196
1
2546 33
1
2547 109
1
2548 63
1
2549 209
1
2550 214
1
2551 122
0
0
1
2552 201
1
2553 97
1
2554 69
0
1
2555 172
0
0
1
2556 154
1
2557 50
0
1
2558 198
1
2559 189
1
2560 299
1
2561 119
1
2562 243
1
2563 110
0
1
2564 79
0
1
2565 250
1
2566 132
1
2567 150
1
2568 251
0
1
2569 87
1
2570 191
1
2571 271
0
1
2572 293
1
2573 145
1
2574 221
1
2575 170
0
0
1
2576 31
0
1
2577 125
1
2578 43
1
2579 102
1
2580 296
0
1
2581 290
1
2582 94
1
2583 257
1
2584 242
1
2585 97
1
2586 242
1
2587 263
1
2588 209
1
2589 240
1
2590 242
1
2591 251
1
2592 218
1
2593 217
1
2594 258
1
2595 7
0
1
2596 293
0
0
1
2597 252
0
1
2598 48
1
2599 155
1
2600 275
1
2601 180
0
1
2602 238
1
2603 110
1
2604 237
1
2605 68
1
2606 265
1
2607 40
1
2608 131
1
2609 278
1
2610 199
1
2611 282
1
2612 215
1
2613 124
1
2614 259
0
1
2615 285
1
2616 74
1
2617 253
1
2618 51
1
2619 39
1
2620 134
1
2621 248
1
2622 8
1
2623 250
0
0
1
2624 55
1
2625 79
1
2626 295
1
2627 26
1
2628 101
1
2629 200
1
2630 169
1
2631 266
1
2632 19
1
2633 205
1
2634 244
1
2635 208
1
2636 48
1
2637 218
1
2638 211
0
1
2639 72
1
2640 241
0
0
0
1
2641 183
1
2642 111
1
2643 80
1
2644 132
1
2645 260
1
2646 289
1
2647 140
1
2648 145
1
2649 142
0
1
2650 19
1
2651 237
1
2652 24
0
1
2653 78
1
2654 60
1
2655 204
1
2656 227
1
2657 164
1
2658 60
0
1
2659 245
1
2660 253
1
2661 26
1
2662 197
1
2663 159
1
2664 182
1
2665 223
1
2666 240
1
2667 255
1
2668 161
1
2669 25
1
2670 105
0
1
2671 136
1
2672 128
1
2673 276
1
2674 255
1
2675 293
1
2676 41
1
2677 178
1
2678 48
0
1
2679 118
0
1
2680 76
0
1
2681 123
1
2682 74
1
2683 157
1
2684 112
1
2685 175
1
2686 62
0
1
2687 228
1
2688 295
0
1
2689 107
1
2690 62
0
1
2691 24
1
2692 13
1
2693 126
0
1
2694 104
1
2695 100
1
2696 165
1
2697 98
1
2698 299
1
2699 193
1
2700 53
1
2701 226
0
1
2702 109
1
2703 72
1
2704 258
1
2705 213
1
2706 254
1
2707 174
1
2708 130
1
2709 97
1
2710 209
1
2711 238
1
2712 183
1
2713 128
1
2714 7
1
2715 4
1
2716 263
1
2717 276
1
2718 192
0
1
2719 33
1
2720 267
1
2721 239
1
2722 176
1
2723 103
1
2724 20
1
2725 130
1
2726 100
1
2727 172
1
2728 134
1
2729 154
1
2730 97
1
2731 26
1
2732 147
1
2733 275
1
2734 156
1
2735 75
1
2736 193
1
2737 95
1
2738 111
1
2739 100
1
2740 57
1
2741 75
1
2742 105
1
2743 270
1
2744 5
1
2745 122
0
1
2746 134
1
2747 24
1
2748 161
1
2749 301
1
2750 239
0
1
2751 117
1
2752 283
1
2753 64
1
2754 291
1
2755 258
1
2756 95
1
2757 259
1
2758 292
1
2759 238
1
2760 300
0
1
2761 157
0
1
2762 48
1
2763 156
1
2764 26
1
2765 295
1
2766 203
1
2767 237
1
2768 297
0
0
1
2769 51
1
2770 251
0
1
2771 197
1
2772 113
1
2773 59
1
2774 257
1
2775 185
1
2776 146
1
2777 86
1
2778 258
1
2779 248
1
2780 205
0
1
2781 54
1
2782 291
1
2783 97
1
2784 292
1
2785 270
1
2786 181
1
2787 148
1
2788 22
0
1
2789 120
1
2790 62
1
2791 132
1
2792 228
1
2793 195
0
1
2794 155
1
2795 85
1
2796 96
0
1
2797 54
1
2798 207
1
2799 12
1
2800 167
1
2801 154
0
1
2802 231
1
2803 182
1
2804 64
1
2805 35
1
2806 108
1
2807 27
0
0
1
2808 158
1
2809 153
1
2810 224
1
2811 65
1
2812 2
0
1
2813 15
0
1
2814 299
1
2815 12
1
2816 146
1
2817 268
0
1
2818 261
0
1
2819 115
1
2820 287
1
2821 112
1
2822 70
1
2823 168
1
2824 253
1
2825 193
0
1
2826 165
1
2827 105
1
2828 105
1
2829 126
1
2830 288
1
2831 255
1
2832 182
1
2833 95
1
2834 56
1
2835 296
1
2836 23
1
2837 67
1
2838 296
1
2839 14
1
2840 111
1
2841 123
1
2842 184
1
2843 300
1
2844 52
0
1
2845 155
1
2846 183
1
2847 230
1
2848 19
1
2849 142
1
2850 194
1
2851 163
1
2852 54
0
1
2853 5
1
2854 189
1
2855 36
1
2856 177
1
2857 158
0
1
2858 202
1
2859 172
1
2860 211
0
1
2861 86
1
2862 164
1
2863 303
1
2864 100
1
2865 45
1
2866 134
1
2867 165
0
0
1
2868 279
1
2869 55
1
2870 44
0
1
2871 76
1
2872 254
1
2873 185
1
2874 131
1
2875 197
1
2876 287
1
2877 38
1
2878 150
0
1
2879 20
1
2880 152
0
1
2881 303
1
2882 14
1
2883 260
1
2884 260
1
2885 238
1
2886 92
1
2887 213
1
2888 86
1
2889 224
1
2890 267
1
2891 9
1
2892 182
1
2893 43
1
2894 237
1
2895 238
0
1
2896 70
1
2897 19
1
2898 93
0
1
2899 62
0
1
2900 255
0
1
2901 15
1
2902 295
1
2903 125
1
2904 281
1
2905 184
1
2906 81
0
0
1
2907 180
1
2908 123
1
2909 62
1
2910 184
1
2911 63
1
2912 13
0
1
2913 215
1
2914 89
1
2915 263
1
2916 77
0
1
2917 249
1
2918 234
1
2919 15
1
2920 263
1
2921 200
1
2922 171
1
2923 244
1
2924 115
1
2925 125
1
2926 122
0
1
2927 26
1
2928 99
0
1
2929 210
1
2930 4
1
2931 114
1
2932 231
1
2933 263
1
2934 245
1
2935 149
1
2936 8
1
2937 217
0
1
2938 184
1
2939 129
0
0
1
2940 145
1
2941 88
1
2942 24
1
2943 73
1
2944 305
1
2945 213
1
2946 16
1
2947 206
1
2948 253
1
2949 115
1
2950 303
1
2951 236
1
2952 34
1
2953 281
1
2954 130
1
2955 10
1
2956 241
1
2957 138
1
2958 228
1
2959 56
0
1
2960 205
1
2961 13
0
1
2962 223
1
2963 162
0
1
2964 54
0
1
2965 226
1
2966 98
1
2967 32
1
2968 117
0
1
2969 301
1
2970 240
1
2971 23
1
2972 192
0
1
2973 171
1
2974 110
1
2975 199
1
2976 218
1
2977 226
1
2978 129
1
2979 255
1
2980 162
1
2981 174
1
2982 24
1
2983 175
1
2984 208
0
1
2985 179
1
2986 252
1
2987 61
1
2988 227
1
2989 81
1
2990 279
1
2991 199
1
2992 63
1
2993 302
1
2994 225
0
1
2995 247
1
2996 4
1
2997 126
1
2998 190
1
2999 227
1
3000 125
0
1
3001 248
1
3002 249
1
3003 42
1
3004 194
1
3005 196
1
3006 200
1
3007 234
1
3008 8
1
3009 30
1
3010 202
1
3011 194
0
0
1
3012 103
1
3013 24
1
3014 194
1
3015 273
1
3016 5
1
3017 115
1
3018 194
1
3019 203
1
3020 28
1
3021 141
1
3022 38
0
1
3023 78
1
3024 184
1
3025 139
1
3026 26
1
3027 162
1
3028 40
0
1
3029 135
1
3030 74
1
3031 11
1
3032 63
1
3033 208
1
3034 222
1
3035 66
1
3036 165
1
3037 271
1
3038 103
1
3039 4
0
1
3040 119
1
3041 67
1
3042 129
0
1
3043 290
1
3044 120
1
3045 166
1
3046 225
1
3047 192
1
3048 168
1
3049 59
1
3050 30
0
1
3051 5
1
3052 24
1
3053 2
1
3054 116
1
3055 11
1
3056 132
1
3057 15
0
1
3058 61
1
3059 126
1
3060 55
1
3061 122
1
3062 169
1
3063 299
1
3064 157
1
3065 190
1
3066 283
1
3067 125
1
3068 292
1
3069 82
1
3070 301
1
3071 233
0
0
0
1
3072 261
1
3073 34
1
3074 255
1
3075 145
1
3076 36
1
3077 106
1
3078 288
1
3079 123
1
3080 54
1
3081 286
1
3082 111
1
3083 138
1
3084 18
0
1
3085 80
1
3086 231
1
3087 151
1
3088 59
1
3089 140
1
3090 66
1
3091 195
1
3092 238
1
3093 282
0
1
3094 224
1
3095 287
1
3096 77
0
1
3097 298
1
3098 233
1
3099 4
0
1
3100 137
1
3101 52
1
3102 69
1
3103 168
1
3104 225
1
3105 262
1
3106 46
1
3107 145
1
3108 234
1
3109 70
1
3110 215
1
3111 269
1
3112 161
0
1
3113 201
1
3114 290
1
3115 278
1
3116 129
1
3117 175
1
3118 40
1
3119 118
1
3120 231
1
3121 212
1
3122 215
1
3123 29
1
3124 234
1
3125 294
1
3126 5
1
3127 286
1
3128 264
1
3129 39
1
3130 37
0
1
3131 268
1
3132 42
1
3133 302
1
3134 150
0
1
3135 239
1
3136 137
0
1
3137 203
1
3138 229
1
3139 135
0
1
3140 266
0
1
3141 134
1
3142 153
1
3143 288
1
3144 2
1
3145 189
1
3146 138
1
3147 74
1
3148 72
1
3149 189
1
3150 127
1
3151 247
1
3152 114
1
3153 243
1
3154 80
1
3155 90
1
3156 59
1
3157 256
1
3158 63
1
3159 73
1
3160 144
1
3161 209
1
3162 120
1
3163 55
1
3164 258
1
3165 215
0
1
3166 14
1
3167 3
1
3168 180
1
3169 95
1
3170 139
1
3171 260
1
3172 216
1
3173 164
1
3174 91
1
3175 134
1
3176 237
1
3177 143
1
3178 157
1
3179 107
1
3180 62
1
3181 56
1
3182 231
1
3183 259
1
3184 268
1
3185 277
1
3186 20
1
3187 282
1
3188 141
1
3189 210
1
3190 143
1
3191 213
1
3192 107
1
3193 190
1
3194 243
1
3195 247
1
3196 281
1
3197 86
1
3198 147
1
3199 53
1
3200 103
0
1
3201 142
1
3202 199
1
3203 78
1
3204 225
0
1
3205 2
1
3206 290
1
3207 82
1
3208 180
1
3209 99
1
3210 303
1
3211 277
1
3212 301
1
3213 41
1
3214 91
0
1
3215 100
1
3216 214
1
3217 233
1
3218 12
1
3219 2
1
3220 113
1
3221 215
1
3222 215
1
3223 125
1
3224 54
1
3225 121
1
3226 49
1
3227 69
1
3228 162
0
1
3229 141
0
0
1
3230 125
1
3231 44
0
1
3232 219
1
3233 129
0
1
3234 200
0
1
3235 65
1
3236 109
1
3237 293
1
3238 263
1
3239 142
1
3240 151
1
3241 233
1
3242 23
1
3243 242
1
3244 83
1
3245 119
1
3246 130
1
3247 233
1
3248 255
1
3249 261
0
0
1
3250 271
1
3251 202
1
3252 164
1
3253 258
1
3254 154
1
3255 160
1
3256 185
0
1
3257 95
1
3258 280
1
3259 182
1
3260 202
1
3261 94
1
3262 209
1
3263 107
1
3264 251
0
1
3265 20
1
3266 232
1
3267 217
1
3268 37
1
3269 45
1
3270 53
1
3271 10
1
3272 126
1
3273 8
1
3274 216
1
3275 270
1
3276 197
1
3277 26
0
1
3278 272
1
3279 106
1
3280 170
1
3281 2
1
3282 63
1
3283 19
0
1
3284 279
1
3285 231
1
3286 142
1
3287 247
1
3288 232
0
0
1
3289 63
1
3290 287
1
3291 124
1
3292 54
1
3293 188
1
3294 268
1
3295 226
1
3296 127
1
3297 250
1
3298 92
0
1
3299 239
1
3300 200
1
3301 134
1
3302 195
1
3303 125
1
3304 219
1
3305 200
1
3306 78
1
3307 11
0
1
3308 116
1
3309 97
1
3310 8
1
3311 125
1
3312 186
1
3313 292
1
3314 63
1
3315 12
1
3316 231
1
3317 41
1
3318 158
1
3319 89
0
1
3320 117
1
3321 36
1
3322 13
1
3323 56
0
1
3324 71
0
1
3325 247
1
3326 157
1
3327 251
1
3328 198
1
3329 91
1
3330 193
1
3331 66
1
3332 304
1
3333 165
1
3334 263
1
3335 38
1
3336 221
1
3337 32
1
3338 80
1
3339 213
1
3340 4
1
3341 140
1
3342 199
1
3343 110
1
3344 2
1
3345 64
1
3346 275
1
3347 189
1
3348 91
1
3349 54
1
3350 139
1
3351 234
1
3352 80
1
3353 154
1
3354 184
1
3355 67
1
3356 248
1
3357 155
1
3358 171
1
3359 46
1
3360 15
1
3361 254
1
3362 286
0
1
3363 119
0
1
3364 71
1
3365 252
1
3366 189
1
3367 227
1
3368 207
1
3369 211
1
3370 124
1
3371 117
1
3372 150
1
3373 247
0
1
3374 269
1
3375 48
1
3376 87
1
3377 127
1
3378 83
1
3379 110
1
3380 298
1
3381 108
1
3382 49
1
3383 96
1
3384 159
0
1
3385 182
1
3386 299
1
3387 277
1
3388 193
1
3389 118
1
3390 95
0
1
3391 27
1
3392 229
1
3393 182
1
3394 200
0
1
3395 208
1
3396 102
1
3397 229
1
3398 161
1
3399 101
1
3400 293
1
3401 72
1
3402 200
1
3403 38
1
3404 205
1
3405 30
1
3406 269
1
3407 53
1
3408 196
1
3409 158
1
3410 124
1
3411 109
1
3412 77
1
3413 243
1
3414 102
1
3415 109
1
3416 119
1
3417 153
0
1
3418 266
1
3419 251
1
3420 76
1
3421 268
1
3422 166
1
3423 96
1
3424 81
1
3425 7
1
3426 67
1
3427 109
1
3428 51
1
3429 7
1
3430 125
1
3431 124
1
3432 97
1
3433 128
1
3434 267
1
3435 220
1
3436 218
1
3437 94
1
3438 241
1
3439 112
1
3440 217
1
3441 252
1
3442 187
1
3443 244
1
3444 129
1
3445 46
1
3446 231
1
3447 83
1
3448 10
1
3449 37
1
3450 13
1
3451 194
0
1
3452 97
1
3453 203
1
3454 59
1
3455 100
1
3456 49
1
3457 165
1
3458 115
0
1
3459 268
1
3460 43
1
3461 92
1
3462 54
0
1
3463 300
1
3464 121
0
1
3465 79
1
3466 300
1
3467 224
1
3468 97
1
3469 134
1
3470 7
1
3471 271
1
3472 277
1
3473 69
1
3474 220
1
3475 104
1
3476 289
1
3477 95
1
3478 136
1
3479 91
1
3480 2
1
3481 37
1
3482 162
1
3483 298
0
1
3484 64
1
3485 253
1
3486 44
0
1
3487 21
1
3488 117
1
3489 46
1
3490 241
1
3491 299
1
3492 89
1
3493 258
1
3494 4
1
3495 235
1
3496 282
1
3497 43
1
3498 139
1
3499 198
1
3500 124
1
3501 176
1
3502 255
1
3503 267
1
3504 38
1
3505 209
1
3506 161
0
1
3507 163
1
3508 13
1
3509 215
1
3510 129
1
3511 242
1
3512 9
1
3513 196
1
3514 210
1
3515 34
1
3516 67
0
1
3517 118
1
3518 35
1
3519 107
1
3520 243
1
3521 94
1
3522 97
1
3523 290
1
3524 125
1
3525 223
1
3526 200
1
3527 113
1
3528 105
0
1
3529 6
1
3530 125
0
0
1
3531 164
1
3532 140
1
3533 26
1
3534 35
1
3535 154
1
3536 240
1
3537 262
1
3538 184
1
3539 259
1
3540 268
0
1
3541 164
1
3542 258
1
3543 176
1
3544 292
1
3545 44
1
3546 175
1
3547 62
1
3548 303
1
3549 24
1
3550 230
1
3551 277
1
3552 123
1
3553 268
1
3554 217
1
3555 229
1
3556 137
0
0
1
3557 161
1
3558 184
1
3559 254
1
3560 113
1
3561 93
1
3562 25
1
3563 43
0
1
3564 302
1
3565 217
1
3566 93
1
3567 39
1
3568 139
1
3569 81
1
3570 70
1
3571 32
1
3572 99
1
3573 204
1
3574 239
1
3575 26
1
3576 262
1
3577 15
1
3578 192
1
3579 101
1
3580 153
1
3581 97
1
3582 215
1
3583 94
1
3584 209
1
3585 110
1
3586 231
1
3587 93
1
3588 142
1
3589 94
1
3590 123
0
1
3591 287
1
3592 255
1
3593 80
1
3594 120
1
3595 295
1
3596 254
1
3597 4
1
3598 130
1
3599 275
1
3600 275
1
3601 292
1
3602 149
1
3603 190
1
3604 283
1
3605 145
1
3606 214
1
3607 183
1
3608 267
1
3609 64
1
3610 166
1
3611 216
1
3612 125
1
3613 2
1
3614 25
1
3615 184
1
3616 279
1
3617 133
1
3618 270
0
1
3619 301
1
3620 94
1
3621 59
1
3622 130
1
3623 195
1
3624 273
1
3625 160
1
3626 145
1
3627 193
1
3628 46
1
3629 183
1
3630 14
1
3631 105
1
3632 17
1
3633 168
1
3634 7
1
3635 159
1
3636 192
1
3637 91
1
3638 2
1
3639 270
1
3640 251
1
3641 57
1
3642 228
1
3643 67
1
3644 35
1
3645 238
1
3646 139
1
3647 277
1
3648 20
1
3649 123
1
3650 250
1
3651 260
1
3652 248
1
3653 72
1
3654 123
1
3655 269
1
3656 48
1
3657 206
1
3658 251
1
3659 250
1
3660 61
1
3661 269
1
3662 109
1
3663 196
1
3664 170
1
3665 58
1
3666 256
1
3667 294
1
3668 275
1
3669 188
1
3670 228
1
3671 32
1
3672 125
1
3673 109
1
3674 192
1
3675 242
1
3676 294
1
3677 249
1
3678 233
1
3679 110
1
3680 201
1
3681 226
0
1
3682 244
1
3683 75
1
3684 120
1
3685 269
1
3686 223
1
3687 41
1
3688 39
1
3689 163
1
3690 270
1
3691 205
1
3692 21
1
3693 297
1
3694 124
1
3695 190
1
3696 83
1
3697 25
1
3698 178
1
3699 158
1
3700 236
1
3701 283
1
3702 268
1
3703 128
1
3704 59
1
3705 292
1
3706 294
1
3707 115
1
3708 82
1
3709 259
1
3710 141
0
1
3711 241
1
3712 34
1
3713 275
1
3714 284
1
3715 62
1
3716 279
1
3717 92
1
3718 239
1
3719 46
1
3720 259
1
3721 27
1
3722 170
1
3723 95
1
3724 197
1
3725 98
1
3726 140
1
3727 56
1
3728 266
1
3729 277
1
3730 202
1
3731 126
1
3732 72
1
3733 87
1
3734 249
1
3735 249
1
3736 275
1
3737 81
1
3738 257
1
3739 204
1
3740 22
1
3741 77
1
3742 254
1
3743 163
1
3744 211
1
3745 54
1
3746 113
1
3747 116
1
3748 43
1
3749 127
1
3750 109
1
3751 193
0
1
3752 104
1
3753 10
1
3754 305
1
3755 131
1
3756 32
1
3757 195
1
3758 99
1
3759 88
1
3760 137
1
3761 266
1
3762 210
1
3763 191
1
3764 142
1
3765 247
1
3766 72
1
3767 126
1
3768 164
1
3769 168
1
3770 116
0
1
3771 80
1
3772 159
1
3773 101
1
3774 232
1
3775 289
1
3776 261
1
3777 97
1
3778 285
1
3779 206
1
3780 287
1
3781 20
1
3782 132
1
3783 289
1
3784 53
1
3785 268
1
3786 160
1
3787 215
1
3788 105
1
3789 209
1
3790 267
1
3791 180
0
1
3792 143
1
3793 3
1
3794 121
1
3795 197
1
3796 25
0
1
3797 90
1
3798 262
1
3799 264
1
3800 239
1
3801 4
1
3802 269
1
3803 62
1
3804 274
1
3805 32
1
3806 108
1
3807 305
1
3808 116
1
3809 135
1
3810 257
1
3811 285
1
3812 203
1
3813 192
1
3814 15
1
3815 80
1
3816 54
1
3817 222
1
3818 6
1
3819 230
1
3820 236
1
3821 239
1
3822 31
1
3823 142
1
3824 136
0
1
3825 135
1
3826 109
1
3827 159
1
3828 189
1
3829 101
1
3830 133
1
3831 187
1
3832 8
1
3833 265
1
3834 230
1
3835 27
1
3836 99
1
3837 285
1
3838 142
1
3839 4
1
3840 200
1
3841 149
1
3842 211
1
3843 104
1
3844 270
1
3845 59
1
3846 155
1
3847 224
1
3848 116
1
3849 159
1
3850 142
1
3851 206
1
3852 209
1
3853 218
1
3854 247
1
3855 255
1
3856 102
1
3857 114
1
3858 130
1
3859 217
1
3860 204
0
1
3861 136
1
3862 249
1
3863 22
1
3864 156
1
3865 111
1
3866 296
1
3867 190
1
3868 281
1
3869 32
1
3870 195
1
3871 251
1
3872 232
1
3873 215
1
3874 43
1
3875 122
1
3876 159
1
3877 54
1
3878 233
1
3879 164
1
3880 132
1
3881 110
1
3882 125
1
3883 155
1
3884 13
1
3885 301
1
3886 83
1
3887 127
1
3888 105
1
3889 32
1
3890 145
1
3891 231
1
3892 248
1
3893 139
1
3894 69
1
3895 270
1
3896 196
0
1
3897 225
1
3898 251
1
3899 145
1
3900 67
1
3901 27
1
3902 97
1
3903 271
1
3904 125
1
3905 50
1
3906 30
1
3907 130
1
3908 293
1
3909 55
1
3910 50
1
3911 102
1
3912 110
1
3913 2
1
3914 130
1
3915 143
1
3916 156
1
3917 213
1
3918 10
1
3919 191
1
3920 188
1
3921 49
1
3922 54
1
3923 48
1
3924 26
1
3925 106
1
3926 9
1
3927 55
1
3928 113
1
3929 22
1
3930 135
1
3931 194
1
3932 279
1
3933 74
1
3934 129
1
3935 168
1
3936 134
1
3937 198
1
3938 214
1
3939 60
1
3940 191
1
3941 253
1
3942 11
1
3943 243
1
3944 264
1
3945 133
1
3946 114
1
3947 278
1
3948 142
1
3949 200
1
3950 300
1
3951 230
1
3952 282
1
3953 38
1
3954 25
1
3955 277
1
3956 261
1
3957 32
1
3958 28
1
3959 91
1
3960 133
1
3961 100
1
3962 257
1
3963 40
0
1
3964 289
1
3965 245
1
3966 161
1
3967 182
1
3968 158
1
3969 224
1
3970 200
1
3971 28
1
3972 129
1
3973 256
1
3974 162
1
3975 157
1
3976 292
1
3977 133
1
3978 49
1
3979 170
1
3980 79
1
3981 64
1
3982 82
1
3983 216
1
3984 125
1
3985 268
1
3986 281
1
3987 182
1
3988 162
1
3989 72
1
3990 23
1
3991 65
1
3992 209
1
3993 116
1
3994 40
1
3995 157
1
3996 53
1
3997 282
1
3998 220
1
3999 9
1
4000 135
1
4001 139
1
4002 285
1
4003 2
1
4004 20
1
4005 134
1
4006 96
1
4007 115
1
4008 161
1
4009 273
1
4010 157
1
4011 28
1
4012 85
1
4013 177
1
4014 259
1
4015 72
1
4016 262
1
4017 301
1
4018 269
1
4019 127
1
4020 155
1
4021 203
1
4022 54
1
4023 97
1
4024 177
1
4025 40
1
4026 98
1
4027 263
1
4028 95
1
4029 4
1
4030 195
1
4031 298
1
4032 289
1
4033 48
1
4034 173
1
4035 175
1
4036 272
1
4037 152
1
4038 210
1
4039 63
1
4040 184
1
4041 91
1
4042 258
1
4043 32
1
4044 32
1
4045 77
1
4046 94
1
4047 186
1
4048 284
1
4049 31
1
4050 280
1
4051 216
1
4052 215
1
4053 190
1
4054 19
1
4055 263
1
4056 193
1
4057 241
1
4058 277
1
4059 192
1
4060 127
1
4061 238
1
4062 147
1
4063 238
1
4064 184
1
4065 251
1
4066 242
1
4067 142
1
4068 278
1
4069 135
1
4070 4
1
4071 35
1
4072 71
1
4073 229
1
4074 276
1
4075 215
1
4076 104
1
4077 228
1
4078 8
1
4079 70
1
4080 102
1
4081 280
1
4082 40
1
4083 40
1
4084 170
1
4085 98
1
4086 84
1
4087 152
1
4088 98
1
4089 223
1
4090 126
1
4091 215
1
4092 276
1
4093 117
1
4094 46
1
4095 273
1
4096 156
1
4097 268
1
4098 60
1
4099 110
1
4100 10
1
4101 204
1
4102 74
1
4103 272
1
4104 126
1
4105 123
1
4106 151
1
4107 58
1
4108 47
1
4109 62
1
4110 174
1
4111 49
1
4112 139
1
4113 281
1
4114 214
1
4115 18
1
4116 77
1
4117 269
1
4118 166
1
4119 47
1
4120 99
1
4121 124
1
4122 261
1
4123 124
1
4124 134
1
4125 244
1
4126 130
1
4127 151
1
4128 131
0
1
4129 130
1
4130 303
1
4131 195
1
4132 96
1
4133 24
1
4134 57
1
4135 230
1
4136 255
1
4137 32
1
4138 100
1
4139 85
1
4140 47
1
4141 251
1
4142 179
1
4143 139
1
4144 32
1
4145 304
1
4146 93
1
4147 221
1
4148 165
1
4149 229
1
4150 103
1
4151 284
1
4152 200
1
4153 266
1
4154 164
1
4155 297
0
0
1
4156 97
1
4157 290
1
4158 250
1
4159 155
1
4160 87
1
4161 105
1
4162 3
1
4163 197
0
1
4164 300
1
4165 136
1
4166 121
1
4167 29
1
4168 248
1
4169 149
1
4170 106
1
4171 110
0
1
4172 109
1
4173 116
1
4174 279
1
4175 167
1
4176 228
1
4177 125
1
4178 223
1
4179 182
1
4180 294
1
4181 257
1
4182 197
1
4183 123
1
4184 204
1
4185 73
1
4186 128
0
1
4187 141
1
4188 302
1
4189 212
1
4190 151
1
4191 185
1
4192 276
1
4193 64
1
4194 72
1
4195 102
1
4196 255
1
4197 132
1
4198 115
1
4199 253
1
4200 228
1
4201 212
1
4202 54
1
4203 29
1
4204 128
0
0
0
1
4205 255
1
4206 6
1
4207 212
1
4208 248
1
4209 225
1
4210 2
1
4211 64
0
1
4212 125
1
4213 282
1
4214 153
1
4215 33
1
4216 131
1
4217 256
1
4218 253
1
4219 10
1
4220 171
1
4221 11
1
4222 260
1
4223 65
1
4224 289
0
1
4225 22
1
4226 135
0
1
4227 215
1
4228 186
1
4229 23
1
4230 235
1
4231 172
1
4232 45
0
1
4233 159
1
4234 72
1
4235 245
1
4236 81
1
4237 23
0
1
4238 271
1
4239 154
1
4240 33
1
4241 173
1
4242 255
1
4243 276
0
1
4244 129
1
4245 43
1
4246 251
1
4247 234
1
4248 106
1
4249 279
1
4250 64
1
4251 239
1
4252 54
1
4253 82
0
1
4254 30
1
4255 67
1
4256 237
1
4257 185
1
4258 246
0
1
4259 95
1
4260 2
1
4261 138
0
1
4262 168
1
4263 221
0
1
4264 260
1
4265 8
1
4266 92
1
4267 222
1
4268 287
0
1
4269 284
1
4270 23
1
4271 120
0
0
1
4272 145
0
1
4273 218
1
4274 155
1
4275 165
1
4276 209
1
4277 217
1
4278 131
1
4279 288
1
4280 3
1
4281 138
1
4282 162
0
1
4283 67
1
4284 222
0
1
4285 2
1
4286 197
1
4287 145
1
4288 112
1
4289 187
1
4290 111
1
4291 161
1
4292 31
0
1
4293 80
1
4294 226
1
4295 291
1
4296 107
1
4297 67
1
4298 69
1
4299 11
1
4300 229
0
1
4301 202
1
4302 187
1
4303 214
1
4304 62
0
1
4305 209
0
1
4306 273
1
4307 130
1
4308 132
1
4309 60
1
4310 171
1
4311 40
1
4312 263
1
4313 22
1
4314 97
1
4315 248
1
4316 151
1
4317 54
0
1
4318 41
1
4319 209
0
1
4320 238
1
4321 214
1
4322 37
1
4323 140
1
4324 5
0
1
4325 60
1
4326 120
1
4327 160
1
4328 229
1
4329 202
1
4330 197
1
4331 290
0
1
4332 70
0
0
1
4333 32
1
4334 245
1
4335 189
1
4336 161
0
1
4337 54
1
4338 279
1
4339 4
1
4340 207
1
4341 297
1
4342 48
1
4343 183
1
4344 54
0
1
4345 234
1
4346 221
0
1
4347 164
1
4348 294
1
4349 96
1
4350 86
1
4351 38
1
4352 96
1
4353 277
1
4354 250
1
4355 251
1
4356 8
1
4357 192
0
1
4358 171
1
4359 89
1
4360 56
1
4361 273
1
4362 209
1
4363 267
1
4364 148
1
4365 54
1
4366 272
1
4367 233
1
4368 276
1
4369 184
1
4370 215
1
4371 231
1
4372 262
1
4373 228
0
1
4374 154
1
4375 231
1
4376 51
1
4377 18
1
4378 98
1
4379 10
1
4380 41
1
4381 169
1
4382 229
1
4383 23
1
4384 262
1
4385 200
1
4386 109
1
4387 55
1
4388 230
0
1
4389 100
1
4390 52
1
4391 266
1
4392 42
1
4393 6
0
1
4394 235
1
4395 167
0
1
4396 40
0
0
1
4397 250
1
4398 173
0
1
4399 196
1
4400 260
1
4401 201
1
4402 115
1
4403 264
0
1
4404 178
0
0
0
1
4405 103
0
0
1
4406 35
1
4407 262
1
4408 49
0
1
4409 25
1
4410 266
0
1
4411 95
1
4412 86
0
0
1
4413 25
0
1
4414 197
0
1
4415 15
1
4416 227
0
1
4417 282
1
4418 127
1
4419 229
1
4420 206
1
4421 249
0
1
4422 31
1
4423 3
1
4424 275
0
1
4425 214
1
4426 182
0
1
4427 83
0
0
0
1
4428 41
1
4429 62
1
4430 289
1
4431 41
1
4432 231
1
4433 250
1
4434 238
0
1
4435 67
0
1
4436 291
1
4437 177
0
0
1
4438 224
1
4439 261
0
1
4440 163
1
4441 255
0
1
4442 16
1
4443 261
1
4444 183
0
0
0
0
1
4445 221
1
4446 119
0
1
4447 284
1
4448 206
1
4449 156
1
4450 67
0
1
4451 72
0
1
4452 226
1
4453 52
1
4454 148
1
4455 222
1
4456 2
0
0
1
4457 276
0
1
4458 201
0
0
1
4459 49
1
4460 162
0
1
4461 273
0
0
1
4462 103
1
4463 41
1
4464 3
1
4465 269
1
4466 26
1
4467 87
1
4468 39
0
0
1
4469 244
0
0
1
4470 164
1
4471 140
0
1
4472 217
0
1
4473 230
1
4474 50
1
4475 166
0
0
0
0
1
4476 144
0
0
1
4477 44
1
4478 143
0
1
4479 99
1
4480 254
1
4481 226
0
1
4482 140
0
0
0
1
4483 189
0
1
4484 162
0
0
1
4485 258
1
4486 116
0
1
4487 243
0
1
4488 121
1
4489 134
0
1
4490 237
0
0
1
4491 284
0
1
4492 60
0
1
4493 171
0
1
4494 231
1
4495 230
0
1
4496 275
0
0
1
4497 253
0
0
0
0
1
4498 233
1
4499 263
1
4500 15
0
0
1
4501 152
0
0
1
4502 293
1
4503 246
0
1
4504 127
0
1
4505 286
1
4506 296
0
1
4507 245
0
0
1
4508 79
0
1
4509 104
0
1
4510 163
1
4511 59
0
1
4512 174
0
0
1
4513 209
0
1
4514 165
1
4515 228
1
4516 234
1
4517 285
1
4518 280
0
1
4519 194
1
4520 49
1
4521 110
1
4522 174
1
4523 79
0
1
4524 287
0
1
4525 32
1
4526 37
0
0
1
4527 179
1
4528 274
1
4529 247
1
4530 98
1
4531 210
0
1
4532 284
1
4533 117
0
0
1
4534 223
0
0
1
4535 48
0
0
1
4536 136
1
4537 126
1
4538 192
0
0
1
4539 166
0
1
4540 198
1
4541 282
1
4542 10
0
1
4543 183
0
0
0
0
1
4544 161
1
4545 266
0
1
4546 19
0
0
0
1
4547 174
1
4548 248
1
4549 222
0
1
4550 56
1
4551 150
0
1
4552 39
0
1
4553 174
0
0
0
1
4554 302
0
0
0
0
1
4555 262
1
4556 121
1
4557 226
0
0
0
0
1
4558 266
1
4559 161
0
1
4560 248
1
4561 183
0
1
4562 298
1
4563 203
0
1
4564 272
0
0
0
0
0
1
4565 153
0
1
4566 270
0
1
4567 32
1
4568 290
0
1
4569 101
0
1
4570 232
1
4571 276
1
4572 244
1
4573 139
0
0
1
4574 278
1
4575 209
0
1
4576 93
1
4577 98
0
0
0
0
0
0
0
1
4578 295
1
4579 283
1
4580 113
1
4581 282
0
1
4582 295
0
1
4583 165
0
0
1
4584 50
0
0
1
4585 155
0
0
1
4586 153
0
1
4587 48
1
4588 24
1
4589 289
0
1
4590 192
0
1
4591 55
1
4592 279
1
4593 278
1
4594 170
0
0
1
4595 259
0
0
0
0
0
0
1
4596 193
0
0
1
4597 133
0
1
4598 268
0
1
4599 120
0
0
0
0
1
4600 188
1
4601 247
0
1
4602 23
0
0
0
0
1
4603 258
1
4604 247
0
0
0
0
0
0
1
4605 61
1
4606 248
0
0
0
0
1
4607 120
0
0
1
4608 111
0
1
4609 40
1
4610 35
0
1
4611 265
1
4612 19
0
0
1
4613 64
0
1
4614 109
0
0
0
0
0
1
4615 215
1
4616 250
1
4617 145
1
4618 18
0
0
0
0
0
1
4619 116
0
0
1
4620 109
1
4621 135
0
1
4622 213
1
4623 282
1
4624 291
0
1
4625 48
0
1
4626 2
1
4627 110
1
4628 62
0
1
4629 222
0
1
4630 122
1
4631 51
1
4632 257
0
0
1
4633 136
1
4634 45
0
0
0
1
4635 215
1
4636 21
0
0
1
4637 184
0
0
1
4638 26
1
4639 70
1
4640 35
0
0
0
1
4641 84
0
0
1
4642 30
0
0
0
1
4643 185
0
0
1
4644 150
0
0
0
1
4645 131
1
4646 178
1
4647 79
0
1
4648 192
0
0
0
0
0
0
0
0
0
1
4649 43
0
1
4650 67
0
1
4651 193
1
4652 113
0
0
0
0
1
4653 153
0
0
0
0
0
0
1
4654 241
0
0
0
1
4655 126
0
0
0
0
0
0
1
4656 255
0
0
0
0
0
1
4657 131
0
0
0
0
0
1
4658 30
0
1
4659 108
0
1
4660 71
0
0
0
1
4661 212
0
0
0
1
4662 224
0
0
0
0
1
4663 241
0
0
0
1
4664 127
0
1
4665 56
0
1
4666 110
0
0
0
1
4667 243
0
0
1
4668 161
1
4669 4
0
0
0
0
0
0
0
0
1
4670 292
1
4671 104
0
1
4672 264
0
0
1
4673 281
0
0
1
4674 34
0
0
0
0
0
0
1
4675 126
0
1
4676 97
1
4677 246
0
0
1
4678 154
1
4679 235
0
0
0
0
1
4680 134
0
0
0
1
4681 182
1
4682 123
0
0
0
0
0
1
4683 83
0
0
0
0
0
0
0
0
0
0
1
4684 56
1
4685 2
1
4686 223
0
1
4687 184
0
1
4688 286
0
0
0
0
0
0
0
0
0
0
0
0
0
0
0
0
0
0
0
0
0
0
0
0
1
4689 304
0
0
0
0
1
4690 62
0
0
0
0
0
0
0
0
0
1
4691 58
0
0
1
4692 125
0
1
4693 42
0
1
4694 295
1
4695 10
0
0
0
0
0
1
4696 5
1
4697 164
0
0
1
4698 301
0
1
4699 141
0
0
0
0
0
0
0
0
0
0
1
4700 267
0
1
4701 19
0
0
1
4702 174
0
0
0
0
0
0
0
0
0
0
1
4703 176
1
4704 30
0
1
4705 28
0
0
0
1
4706 303
0
0
0
1
4707 159
0
0
0
0
0
1
4708 57
0
0
0
1
4709 14
0
0
0
0
0
0
0
1
4710 48
0
0
0
0
0
0
0
0
0
0
1
4711 234
0
0
0
0
0
0
1
4712 225
1
4713 49
1
4714 62
0
0
0
0
0
0
0
0
0
0
1
4715 5
0
0
1
4716 109
1
4717 97
1
4718 209
1
4719 137
1
4720 169
0
1
4721 220
0
0
0
0
0
0
0
0
1
4722 194
0
0
0
0
1
4723 186
0
0
0
0
0
0
1
4724 213
0
0
0
1
4725 190
0
0
0
0
0
0
0
1
4726 100
0
0
0
0
0
0
0
0
0
0
0
0
0
0
0
0
0
0
0
0
0
1
4727 117
0
0
0
0
0
0
0
0
0
1
4728 172
0
0
0
1
4729 167
0
0
0
0
0
0
0
1
4730 181
0
0
0
0
0
0
0
0
0
0
1
4731 274
0
0
0
0
0
0
0
0
1
4732 79
0
0
0
0
0
0
0
0
0
0
0
0
0
1
4733 139
0
0
0
0
0
0
0
0
1
4734 46
0
0
0
0
0
0
0
0
0
0
0
0
0
0
0
0
0
0
0
0
0
0
0
0
0
0
0
0
0
0
0
0
0
0
0
0
0
0
0
0
1
4735 190
0
0
0
0
0
0
0
0
0
0
0
0
0
0
0
0
0
0
0
1
4736 32
0
0
0
0
0
0
0
0
0
0
0
0
0
0
0
0
0
0
0
0
0
0
0
0
0
0
0
0
0
0
0
0
0
0
0
0
0
0
0
0
0
0
0
0
0
0
0
0
0
0
0
0
0
0
0
0
0
0
0
0
0
0
0
0
0
0
0
0
0
0
0
0
0
0
0
0
0
0
0
0
0
0
0
0
0
0
0
0
0
0
0
0
0
0
0
0
0
0
0
0
0
0
0
0
0
0
0
0
0
0
0
0
0
0
0
0
0
0
0
0
0
0
0
0
0
0
0
0
0
0
0
0
0
0
0
0
0
0
0
0
0
0
0
0
0
0
0
0
0
0
0
0
0
0
0
0
0
0
0
0
0
0
0
0
0
0
0
0
0
0
0
0
0
0
0
0
0
0
0
0
0
0
0
0
0
0
0
0
0
0
0
0
0
0
0
0
0
0
0
0
0
0
0
0
0
0
0
0
0
0
0
0
0
0
0
0
0
0
0
0
0
0
0
0
0
0
0
0
0
0
0
0
0
0
0
0
0
0
0
0
0
0
0
0
0
0
0
0
0
0
0
0
0
0
0
0
0
0
0
0
0
0
0
0
0
0
0
0
0
0
0
0
0
0
0
0
0
0
0
0
0
0
0
0
0
0
0
0
0
0
0
0
0
0
0
0
0
0
0
0
0
0
0
0
0
0
0
0
0
0
0
0
0
0
0
0
0
0
0
0
0
0
0
0
0
0
0
0
0
0
0
0
0
0
0
0
0
0
0
0
0
0
0
0
0
0
0
0
0
0
0
0
0
0
0
0
0
0
0
0
0
0
0
0
0
0
0
0
0
0
0
0
0
0
0
0
0
0
0
0
0
0
0
0
0
0
0
0
0
0
0
0
0
0
0
0
0
0
0
0
0
0
0
0
0
0
0
0
0
0
0
0
0
0
0
0
0
0
0
0
0
0
0
0
0
0
0
0
0
0
0
0
0
0
0
0
0
0
0
0
0
0
0
0
0
0
0
0
0
0
0
0
0
0
0
0
0
0
0
0
0
0
0
0
0
0
0
0
0
0
0
0
0
0
0
0
0
0
0
0
0
0
0
0
0
0
0
0
0
0
0
0
0
0
0
0
0
0
0
0
0
0
0
0
0
0
0
0
0
0
