300 561
286 155 4
119 148 4
86 148 4
151 29 5
3 197 4
163 122 5
79 36 3
14 185 3
160 25 5
43 59 1
82 60 3
279 57 5
224 15 4
204 282 3
36 30 3
142 9 5
87 191 2
278 110 3
203 190 5
80 264 2
249 201 4
195 232 4
181 200 4
297 90 3
258 283 3
242 78 3
1 283 3
157 191 2
101 284 3
70 163 2
288 44 3
8 33 3
140 196 4
6 152 4
118 157 3
244 49 2
207 243 3
30 40 3
96 274 3
110 37 3
95 57 3
21 294 4
164 16 3
26 74 4
28 296 3
278 177 3
42 197 4
19 166 4
247 250 2
224 293 3
6 249 3
262 127 3
253 188 3
204 206 3
116 144 3
32 125 3
139 156 1
37 278 5
134 17 2
50 122 4
254 75 3
139 137 3
265 6 3
246 14 3
26 103 2
299 205 3
11 154 2
21 118 3
64 103 4
47 30 3
242 81 2
26 108 4
256 222 3
176 195 4
261 274 3
70 261 4
67 86 2
239 82 4
66 40 4
99 261 2
209 9 3
130 7 3
12 60 2
109 269 4
166 31 5
80 257 4
298 235 3
87 95 3
296 201 3
49 298 4
13 127 5
243 284 4
208 93 3
239 146 4
208 171 3
168 245 4
149 248 3
224 104 3
166 54 3
296 124 5
216 237 3
86 269 3
91 62 3
22 69 3
79 222 3
246 266 3
114 129 3
292 45 2
2 141 3
74 295 3
221 134 3
35 225 4
172 169 3
264 206 3
173 282 4
205 174 3
283 223 5
117 225 3
214 209 3
76 288 3
147 195 2
238 67 4
129 77 4
294 232 4
270 280 3
44 127 3
218 274 4
191 241 5
36 279 6
228 67 3
283 143 5
244 20 4
50 18 4
246 210 2
94 270 3
123 167 4
201 6 3
183 150 2
199 170 2
48 235 2
91 133 4
99 90 2
121 194 2
137 156 5
153 255 2
170 257 2
27 205 3
298 244 2
287 50 3
88 162 4
105 248 3
2 169 3
206 153 3
248 98 3
281 260 3
160 258 5
180 109 3
263 136 4
5 289 3
192 253 3
144 31 3
83 192 4
293 160 4
15 112 4
256 111 2
93 243 3
203 183 4
282 250 2
251 38 3
126 55 3
180 159 5
278 141 2
88 258 2
39 7 3
88 100 3
194 65 3
252 25 3
97 241 3
185 186 3
211 162 4
123 10 3
151 188 1
71 159 3
228 280 4
158 262 3
8 287 5
97 111 3
196 256 2
52 227 4
82 273 4
86 72 3
39 152 2
193 219 3
157 95 4
98 149 4
117 55 2
115 288 3
95 289 4
27 58 4
138 142 4
15 178 3
113 17 3
243 9 2
232 231 4
126 135 3
297 99 2
117 200 4
140 151 5
276 104 2
35 22 3
173 119 2
72 269 4
147 294 3
158 115 4
226 263 5
65 285 3
224 139 3
248 250 4
34 63 3
4 215 3
253 180 3
58 268 3
300 240 2
177 105 3
264 257 4
267 203 2
83 168 3
19 2 2
63 38 3
13 147 3
18 297 4
83 78 5
73 235 4
23 164 3
51 69 4
59 222 4
221 132 2
13 81 2
230 239 4
260 226 3
198 118 2
189 139 5
219 236 2
106 259 3
101 164 4
128 135 3
27 106 5
20 217 5
29 4 4
145 10 3
8 211 4
210 223 2
249 152 3
121 285 4
1 210 3
292 58 4
234 216 3
110 169 3
295 291 3
220 227 3
212 253 4
260 63 4
266 186 3
171 93 5
107 277 4
247 105 4
221 235 4
228 227 2
202 214 4
128 181 4
74 56 3
259 38 2
62 294 2
266 14 4
141 19 3
165 75 4
259 34 3
11 104 3
3 75 3
56 89 4
160 1 3
263 260 3
24 254 3
68 12 4
109 24 4
230 108 3
31 11 4
163 261 3
207 9 3
37 199 3
24 72 4
213 92 3
61 126 3
28 229 3
33 213 3
108 146 3
225 34 4
198 145 4
66 57 4
279 40 2
155 150 3
71 84 3
174 290 3
73 48 3
233 113 4
93 161 3
10 289 4
45 102 2
14 210 3
77 61 3
120 159 2
138 181 4
158 118 4
65 132 4
42 94 4
168 32 2
238 42 1
101 16 3
175 155 3
34 281 3
226 45 3
120 234 3
167 62 2
60 300 3
230 103 3
291 179 4
215 59 5
39 193 3
268 45 2
241 115 3
97 222 4
220 267 5
186 64 3
179 300 5
70 51 3
132 121 4
92 143 4
91 16 4
229 116 3
212 254 3
217 48 4
213 12 3
111 196 3
219 275 4
130 112 3
122 162 3
111 76 3
30 241 5
272 46 4
231 161 3
113 134 4
144 182 2
268 271 3
182 124 3
250 119 3
20 129 3
269 71 5
73 217 3
208 299 3
182 116 3
84 148 1
240 179 3
277 252 5
112 7 2
146 291 4
275 193 4
5 87 2
177 182 3
53 64 3
154 104 2
290 27 3
131 26 5
220 173 5
239 273 3
251 207 5
189 25 1
130 271 1
236 265 4
296 149 3
69 100 3
4 140 3
42 165 4
135 48 3
176 174 3
172 89 4
207 93 3
200 259 3
41 221 3
17 41 5
142 184 3
150 175 2
208 251 4
288 97 3
98 177 2
197 238 2
85 179 3
23 214 3
121 184 2
282 267 4
299 38 4
87 289 4
261 218 4
272 155 3
219 234 3
43 215 3
281 35 3
52 270 3
165 197 3
292 226 4
103 266 3
122 51 3
245 83 4
56 131 4
137 102 3
191 5 2
10 198 3
162 287 3
237 275 2
28 15 3
108 295 4
244 113 4
128 138 3
276 224 3
114 297 4
5 157 2
262 147 3
124 98 5
163 218 3
267 183 3
172 166 5
66 36 5
137 107 3
143 33 3
39 6 3
178 28 4
252 100 4
128 285 3
181 117 3
92 68 2
102 268 3
254 188 1
198 167 5
227 280 3
161 171 4
136 22 3
148 187 3
138 200 3
78 76 2
90 18 3
96 77 4
159 192 3
47 59 3
165 24 4
170 264 2
102 130 2
82 68 3
209 184 3
125 245 4
212 196 3
85 300 6
17 233 4
133 101 3
175 190 3
151 75 4
143 211 4
284 23 4
76 212 3
293 156 5
271 7 2
71 187 3
262 21 4
169 19 2
286 46 4
13 242 4
271 102 3
53 31 4
284 209 5
21 62 4
25 277 2
237 125 3
233 49 3
61 218 3
204 183 3
1 223 2
16 133 3
275 216 3
236 120 3
234 236 2
136 281 3
158 44 3
170 80 3
136 107 5
240 146 3
32 290 3
247 204 4
150 203 2
237 290 3
242 127 3
72 67 2
32 81 3
54 131 1
232 133 3
141 110 3
252 258 3
65 41 3
114 96 5
52 94 3
299 106 2
285 132 5
161 195 2
277 22 5
149 119 3
73 135 4
202 194 4
94 197 3
81 44 4
178 249 4
89 54 3
231 176 5
229 276 4
206 257 3
60 92 3
193 152 2
202 184 3
2 110 5
245 120 3
150 255 3
47 43 2
116 124 2
58 226 3
90 70 2
218 55 2
199 80 2
145 123 4
154 186 3
134 49 4
190 280 5
273 68 3
270 228 3
107 189 4
274 61 4
140 256 2
167 21 3
47 79 4
7 178 2
53 154 3
246 273 3
70 99 3
63 106 3
217 298 4
11 276 3
286 255 5
84 265 3
234 125 4
29 3 3
176 171 4
175 272 3
185 293 5
46 153 5
54 53 3
187 265 5
10000
0
0
0
0
0
0
0
0
0
0
0
0
0
0
0
0
0
0
0
0
0
0
0
0
0
0
0
0
0
0
0
0
0
0
0
0
0
0
0
0
0
0
0
0
0
0
0
0
0
0
0
0
0
0
0
0
0
0
0
0
0
0
0
0
0
0
0
0
0
0
0
0
0
0
0
0
0
0
0
0
0
0
0
0
0
0
0
0
0
0
0
0
0
0
0
0
0
0
0
0
0
0
0
0
0
0
0
0
0
0
0
0
0
0
0
0
0
0
0
0
0
0
0
0
0
0
1
1 84
0
0
0
0
0
0
0
0
1
2 277
0
0
0
0
0
0
0
0
0
0
0
0
0
0
0
0
0
0
0
0
0
0
0
0
0
0
0
0
0
0
0
0
0
0
1
3 237
0
0
0
0
0
0
0
0
0
0
0
0
0
0
0
0
0
0
0
0
0
0
0
0
0
0
0
0
0
0
0
0
0
0
0
0
0
1
4 235
0
0
0
0
0
0
0
0
0
0
0
0
0
0
0
0
0
1
5 204
0
1
6 146
0
0
0
0
0
0
0
0
0
0
0
0
0
0
0
0
0
0
0
0
0
0
0
0
0
0
1
7 17
0
0
0
0
0
0
0
0
0
0
0
0
0
0
0
0
0
0
0
0
0
0
0
0
0
0
0
0
0
0
0
0
0
0
0
0
1
8 188
0
0
0
0
0
0
0
0
0
0
0
0
0
0
1
9 263
0
0
1
10 279
0
0
0
0
0
0
1
11 188
0
0
0
0
0
0
1
12 259
1
13 56
0
0
0
0
0
0
1
14 174
0
0
0
0
0
0
0
0
0
0
0
0
0
0
0
0
0
0
0
0
0
0
0
0
0
0
0
0
0
0
0
0
0
0
1
15 93
0
0
0
0
0
0
0
0
0
0
0
0
0
0
0
0
0
0
0
0
0
0
0
0
0
0
1
16 152
0
0
1
17 147
0
0
0
0
0
0
0
0
0
0
0
0
0
0
0
0
0
0
0
0
0
1
18 206
0
0
0
0
0
0
0
0
0
0
0
0
0
0
0
0
0
0
0
1
19 114
0
1
20 219
0
0
0
1
21 189
0
0
0
0
0
0
1
22 271
0
0
0
0
0
0
0
0
0
0
0
0
0
1
23 141
0
0
0
0
1
24 8
0
0
0
0
0
0
0
0
1
25 136
0
1
26 203
0
1
27 242
0
1
28 261
0
0
0
1
29 251
0
1
30 28
0
0
0
0
0
0
1
31 72
0
0
0
0
0
1
32 10
0
0
1
33 221
0
0
0
0
0
0
0
1
34 134
0
0
0
1
35 163
0
1
36 157
1
37 292
0
0
0
0
0
0
0
0
1
38 299
0
0
0
0
0
0
0
1
39 27
0
1
40 240
1
41 183
0
0
0
0
0
0
1
42 264
0
0
0
0
0
0
0
0
0
0
0
0
0
0
0
1
43 272
0
0
0
0
0
0
1
44 225
0
0
0
0
1
45 100
1
46 273
0
0
1
47 215
1
48 31
0
0
0
0
1
49 277
0
1
50 175
1
51 106
0
0
0
1
52 100
0
0
0
0
0
0
0
0
0
0
0
1
53 225
0
0
0
0
0
0
0
0
1
54 260
0
0
1
55 155
0
0
0
1
56 99
0
0
0
0
1
57 245
0
0
0
1
58 218
1
59 38
0
0
0
0
0
0
0
1
60 44
0
0
0
0
0
0
0
0
0
0
0
0
0
0
1
61 216
0
0
0
0
1
62 202
0
0
0
0
0
0
1
63 45
0
0
0
0
0
0
0
1
64 260
1
65 144
0
1
66 38
0
0
0
0
0
0
0
0
0
0
0
0
0
0
0
0
0
0
1
67 180
1
68 160
0
0
0
0
0
1
69 196
1
70 14
0
0
0
0
0
0
0
0
0
0
1
71 206
0
1
72 268
0
0
0
0
0
1
73 231
0
0
0
1
74 68
0
1
75 286
0
0
0
0
0
1
76 262
0
0
0
1
77 13
1
78 55
0
0
0
0
0
0
0
0
0
0
1
79 109
0
0
1
80 137
1
81 254
1
82 54
0
1
83 264
1
84 263
0
0
0
0
0
1
85 290
1
86 28
0
0
0
1
87 90
0
0
1
88 277
0
0
1
89 25
0
0
0
0
0
0
0
1
90 175
0
0
0
0
0
0
1
91 40
0
0
1
92 186
0
0
0
0
0
0
1
93 148
0
1
94 149
0
0
0
0
0
0
0
0
0
0
1
95 23
0
0
0
0
0
1
96 244
1
97 147
0
1
98 45
0
0
0
1
99 188
0
0
0
0
0
0
0
1
100 223
0
0
0
1
101 250
0
0
1
102 22
0
1
103 284
0
0
1
104 203
0
0
1
105 263
0
0
1
106 35
1
107 223
0
1
108 123
1
109 59
0
1
110 265
1
111 69
0
0
1
112 21
1
113 22
0
0
0
0
1
114 117
0
1
115 119
0
0
0
0
0
0
0
0
1
116 183
0
0
0
0
0
0
1
117 263
1
118 34
1
119 189
0
0
0
0
0
0
0
0
0
0
0
0
1
120 142
0
0
0
1
121 290
0
1
122 111
0
0
0
0
0
0
0
0
0
1
123 176
0
0
1
124 207
0
0
0
0
0
0
0
0
0
0
1
125 44
0
0
0
1
126 127
0
1
127 284
1
128 40
1
129 218
0
0
0
0
0
1
130 94
0
0
0
0
1
131 20
1
132 213
0
0
1
133 237
0
0
0
1
134 189
0
1
135 160
0
1
136 103
0
0
0
0
1
137 237
0
0
1
138 261
1
139 153
0
0
0
0
0
0
0
0
0
0
0
1
140 98
0
1
141 97
0
0
1
142 127
1
143 34
0
0
1
144 203
0
0
1
145 265
0
0
0
0
0
0
0
1
146 205
0
0
0
0
0
1
147 156
0
0
1
148 45
0
0
0
1
149 26
0
0
0
1
150 34
0
0
1
151 20
0
0
1
152 53
1
153 178
0
0
0
0
0
0
1
154 53
0
0
0
0
0
0
0
1
155 182
0
1
156 186
1
157 82
1
158 230
1
159 65
0
1
160 59
0
0
0
0
0
1
161 225
1
162 28
0
0
0
0
0
1
163 70
0
1
164 213
1
165 56
0
0
0
0
0
0
0
0
0
1
166 22
1
167 86
0
1
168 288
0
0
1
169 206
1
170 200
0
0
0
0
1
171 281
1
172 299
1
173 120
0
1
174 21
0
0
0
0
0
0
0
1
175 63
0
0
0
0
0
0
0
0
0
0
0
0
1
176 191
1
177 263
0
0
0
0
1
178 164
1
179 181
1
180 135
1
181 281
0
0
0
0
0
0
1
182 290
0
1
183 43
1
184 26
1
185 19
0
0
0
0
0
1
186 200
0
1
187 204
0
1
188 251
0
0
0
0
0
0
0
1
189 207
0
0
1
190 259
0
0
1
191 299
0
1
192 215
0
1
193 188
0
1
194 286
0
1
195 206
1
196 196
0
0
0
0
1
197 100
0
1
198 81
0
1
199 82
0
0
1
200 55
0
1
201 288
1
202 36
1
203 256
1
204 230
0
0
0
0
0
0
0
1
205 250
0
0
1
206 263
1
207 223
1
208 139
0
1
209 216
0
0
0
1
210 156
0
0
1
211 247
1
212 3
0
0
0
1
213 22
0
0
1
214 297
0
0
0
0
1
215 96
0
0
0
0
0
0
0
0
0
0
0
0
1
216 203
0
1
217 159
0
0
1
218 113
0
0
0
0
0
1
219 61
0
1
220 295
0
0
1
221 92
0
1
222 130
0
0
0
1
223 7
1
224 45
0
0
0
1
225 226
1
226 43
0
1
227 158
0
1
228 273
0
1
229 237
0
0
0
0
1
230 156
0
1
231 124
0
0
0
0
1
232 281
0
0
1
233 83
0
0
1
234 111
1
235 133
1
236 186
1
237 195
0
0
0
1
238 12
1
239 88
0
0
1
240 205
1
241 66
1
242 245
0
0
0
1
243 72
0
0
0
1
244 66
0
0
0
1
245 98
1
246 64
1
247 125
1
248 243
1
249 102
0
0
1
250 263
1
251 28
0
0
1
252 105
0
0
1
253 253
0
1
254 72
1
255 137
0
0
1
256 105
0
1
257 36
1
258 180
0
0
1
259 214
1
260 133
0
1
261 18
1
262 26
0
0
0
0
1
263 108
1
264 41
1
265 9
0
1
266 23
0
1
267 291
0
0
1
268 208
0
0
1
269 190
0
1
270 48
0
0
0
1
271 254
0
0
0
0
0
1
272 73
1
273 128
0
0
0
1
274 287
0
0
0
1
275 29
0
0
1
276 293
0
0
0
0
0
1
277 204
0
0
1
278 154
0
1
279 65
1
280 78
0
0
1
281 6
0
0
0
0
1
282 48
0
0
0
0
0
1
283 58
0
1
284 27
1
285 221
0
0
0
0
1
286 176
1
287 38
0
1
288 43
0
0
0
1
289 296
1
290 134
0
0
0
1
291 137
0
0
0
1
292 148
0
1
293 137
0
1
294 13
1
295 238
0
1
296 81
1
297 37
1
298 227
0
1
299 119
0
0
0
1
300 269
0
0
0
0
0
0
0
1
301 42
1
302 228
0
0
0
1
303 87
0
1
304 196
0
0
0
0
0
1
305 239
1
306 99
0
0
0
1
307 135
0
1
308 196
1
309 237
0
0
1
310 88
0
0
1
311 251
1
312 38
1
313 103
0
1
314 220
1
315 119
0
0
0
0
1
316 118
0
0
0
1
317 159
1
318 284
0
0
0
0
0
1
319 116
0
0
1
320 251
1
321 201
1
322 139
1
323 51
1
324 156
0
0
1
325 220
0
0
0
0
1
326 137
0
0
1
327 51
0
0
1
328 176
0
1
329 30
0
0
0
0
0
1
330 226
1
331 186
0
0
0
0
0
0
0
0
1
332 19
0
1
333 260
1
334 114
1
335 38
1
336 205
1
337 285
0
0
1
338 133
1
339 204
0
1
340 216
1
341 154
0
0
1
342 292
0
0
0
1
343 151
1
344 289
0
0
1
345 213
1
346 52
0
1
347 75
0
0
1
348 165
0
1
349 172
1
350 147
0
1
351 94
0
0
0
0
1
352 237
1
353 191
0
1
354 208
1
355 100
1
356 167
1
357 144
0
0
0
0
1
358 126
1
359 10
0
1
360 153
1
361 25
0
1
362 155
0
0
0
1
363 134
1
364 149
0
1
365 200
1
366 238
0
0
1
367 163
0
0
0
1
368 153
0
1
369 186
0
1
370 33
0
0
0
1
371 237
1
372 241
1
373 226
1
374 113
1
375 239
0
0
0
0
0
0
1
376 5
1
377 107
0
0
0
0
0
1
378 74
0
0
1
379 95
1
380 171
1
381 227
0
1
382 171
0
1
383 168
0
0
1
384 291
0
0
0
1
385 180
0
0
0
1
386 65
0
1
387 300
0
0
0
1
388 198
1
389 80
1
390 173
0
1
391 147
0
1
392 43
0
1
393 139
1
394 19
1
395 226
1
396 135
1
397 238
0
0
1
398 199
1
399 137
0
1
400 270
1
401 49
1
402 148
0
0
1
403 110
1
404 69
1
405 31
0
1
406 21
0
1
407 75
0
1
408 66
1
409 233
0
0
1
410 168
0
0
0
0
0
0
1
411 297
1
412 232
1
413 94
0
0
0
1
414 203
1
415 164
0
0
0
1
416 26
0
1
417 69
0
1
418 135
1
419 108
0
0
1
420 107
1
421 153
0
0
1
422 61
1
423 249
1
424 157
0
0
1
425 82
1
426 293
0
0
1
427 149
0
0
1
428 187
1
429 25
0
1
430 24
1
431 30
0
1
432 55
0
1
433 223
0
0
0
1
434 190
0
1
435 128
0
1
436 219
0
0
0
1
437 215
0
1
438 53
1
439 260
0
1
440 157
1
441 57
0
0
0
1
442 38
1
443 134
0
1
444 82
1
445 25
1
446 296
1
447 270
0
0
0
1
448 108
0
0
0
0
1
449 288
0
1
450 165
0
0
0
1
451 209
1
452 48
0
0
1
453 211
1
454 51
1
455 295
1
456 218
0
1
457 131
0
0
1
458 243
1
459 53
1
460 168
0
0
1
461 74
1
462 151
1
463 93
1
464 295
0
1
465 162
1
466 19
0
1
467 147
0
1
468 130
0
1
469 177
0
1
470 38
0
1
471 280
0
0
1
472 184
0
0
0
0
1
473 256
0
0
0
1
474 248
0
1
475 255
1
476 8
1
477 189
1
478 46
1
479 281
0
0
0
0
1
480 68
0
1
481 104
0
0
0
0
0
1
482 43
1
483 126
0
1
484 247
0
1
485 18
1
486 222
1
487 2
0
0
0
1
488 169
1
489 117
0
0
0
0
1
490 247
0
1
491 51
0
1
492 111
0
1
493 215
1
494 268
1
495 111
0
0
0
1
496 223
1
497 58
1
498 43
1
499 234
0
0
0
0
0
1
500 89
0
1
501 113
1
502 156
0
1
503 210
1
504 184
0
1
505 228
1
506 103
0
0
0
1
507 35
1
508 57
1
509 107
1
510 51
0
0
1
511 102
1
512 54
1
513 288
1
514 279
0
0
1
515 260
1
516 242
0
0
1
517 125
0
0
0
0
0
1
518 172
1
519 43
1
520 142
1
521 145
1
522 106
1
523 216
1
524 195
1
525 72
0
0
0
0
1
526 132
0
1
527 253
0
0
1
528 181
1
529 250
0
0
1
530 164
1
531 38
0
0
1
532 234
0
0
0
1
533 29
1
534 194
0
1
535 259
0
0
0
0
1
536 277
1
537 164
0
1
538 135
0
1
539 126
0
1
540 151
0
0
0
0
1
541 84
1
542 47
0
0
0
0
0
1
543 267
0
0
1
544 291
1
545 69
0
1
546 202
1
547 276
1
548 153
0
1
549 164
0
1
550 205
1
551 268
0
0
0
1
552 246
1
553 207
0
0
0
1
554 236
0
1
555 277
0
0
1
556 116
0
0
1
557 138
0
1
558 41
1
559 175
1
560 259
1
561 25
1
562 49
1
563 99
0
1
564 45
1
565 157
1
566 10
0
1
567 94
0
1
568 124
1
569 13
1
570 93
0
0
1
571 299
1
572 150
0
0
1
573 182
0
1
574 296
1
575 269
1
576 223
1
577 240
1
578 46
1
579 114
0
0
1
580 290
0
0
1
581 128
1
582 77
1
583 233
1
584 5
0
1
585 34
1
586 136
1
587 115
0
1
588 251
1
589 170
1
590 176
1
591 278
0
1
592 295
0
1
593 24
1
594 76
1
595 18
1
596 292
0
1
597 256
1
598 247
1
599 123
1
600 153
0
1
601 171
1
602 226
1
603 135
0
1
604 181
1
605 225
1
606 271
1
607 133
0
0
1
608 109
0
0
1
609 206
1
610 106
1
611 62
1
612 9
0
0
1
613 20
1
614 16
0
1
615 197
0
0
0
1
616 254
1
617 259
0
1
618 36
1
619 299
1
620 222
1
621 49
1
622 207
0
0
1
623 249
0
1
624 15
1
625 293
1
626 4
0
0
1
627 36
1
628 45
1
629 300
0
1
630 201
1
631 49
1
632 271
1
633 292
0
1
634 50
1
635 102
1
636 177
0
0
1
637 185
1
638 60
1
639 156
0
1
640 242
1
641 3
1
642 156
0
1
643 127
0
0
0
1
644 287
1
645 91
1
646 176
1
647 150
1
648 141
1
649 219
1
650 24
1
651 240
1
652 131
1
653 284
0
0
1
654 125
1
655 118
0
0
1
656 52
0
0
1
657 240
1
658 35
1
659 299
1
660 239
0
1
661 230
0
1
662 232
1
663 8
1
664 218
1
665 63
0
0
1
666 123
0
1
667 152
1
668 149
0
1
669 202
1
670 109
1
671 263
1
672 107
0
1
673 9
1
674 245
0
1
675 199
1
676 43
1
677 290
1
678 263
1
679 174
0
1
680 35
0
1
681 127
1
682 69
1
683 246
0
0
0
1
684 59
1
685 233
0
0
1
686 280
1
687 52
0
0
0
1
688 60
1
689 201
0
0
0
1
690 15
0
1
691 278
1
692 21
1
693 51
1
694 79
0
1
695 145
0
1
696 205
1
697 115
1
698 187
0
0
1
699 95
1
700 152
1
701 195
1
702 237
1
703 200
0
0
0
1
704 212
1
705 288
0
0
1
706 269
0
1
707 78
1
708 21
1
709 294
0
1
710 91
0
1
711 67
1
712 137
1
713 19
1
714 36
0
0
0
1
715 280
1
716 231
0
0
0
1
717 37
1
718 268
1
719 29
0
1
720 66
1
721 44
0
0
1
722 282
1
723 201
1
724 78
0
1
725 197
0
0
0
1
726 256
1
727 107
0
1
728 202
0
0
1
729 102
0
0
1
730 292
1
731 130
1
732 286
0
1
733 39
1
734 69
1
735 36
0
1
736 184
1
737 222
1
738 67
0
0
1
739 58
0
1
740 44
1
741 13
1
742 130
0
1
743 248
1
744 106
0
0
1
745 170
1
746 156
1
747 290
1
748 275
1
749 284
0
0
1
750 233
0
1
751 134
1
752 112
1
753 14
1
754 169
0
1
755 156
1
756 208
0
1
757 216
1
758 282
1
759 119
0
1
760 81
1
761 55
1
762 230
1
763 37
0
1
764 233
1
765 22
0
0
1
766 22
1
767 63
1
768 161
1
769 112
0
0
1
770 41
0
1
771 78
0
1
772 58
1
773 22
0
1
774 49
1
775 93
1
776 148
0
1
777 35
1
778 278
1
779 11
1
780 116
1
781 220
0
1
782 297
1
783 117
1
784 269
1
785 167
0
0
1
786 250
1
787 52
0
1
788 203
0
1
789 155
1
790 276
1
791 277
1
792 288
0
1
793 35
1
794 285
1
795 181
1
796 86
1
797 193
1
798 48
0
1
799 19
0
1
800 211
1
801 290
0
0
1
802 130
1
803 88
1
804 265
1
805 282
1
806 213
0
1
807 20
1
808 156
0
1
809 203
1
810 91
1
811 64
1
812 285
1
813 249
1
814 87
1
815 282
1
816 22
1
817 241
0
1
818 55
0
1
819 237
1
820 187
1
821 125
1
822 234
1
823 48
0
1
824 176
1
825 107
1
826 155
0
1
827 265
0
1
828 123
1
829 205
1
830 151
1
831 54
1
832 300
1
833 238
1
834 244
1
835 182
1
836 132
1
837 96
0
1
838 211
1
839 245
1
840 257
1
841 276
1
842 243
1
843 233
0
0
0
1
844 72
0
0
0
1
845 95
0
1
846 252
1
847 178
1
848 45
1
849 161
1
850 30
1
851 12
1
852 290
0
0
1
853 211
1
854 137
1
855 59
1
856 247
1
857 166
1
858 25
1
859 15
1
860 106
1
861 21
0
0
1
862 259
1
863 69
0
1
864 43
1
865 70
0
1
866 218
0
1
867 38
1
868 9
1
869 100
1
870 87
1
871 121
1
872 208
1
873 139
0
0
1
874 263
1
875 282
1
876 93
0
1
877 2
1
878 294
0
1
879 15
1
880 272
1
881 32
1
882 277
0
0
0
1
883 71
1
884 29
1
885 129
1
886 251
1
887 284
0
0
0
1
888 22
0
1
889 127
1
890 108
1
891 111
1
892 142
0
0
1
893 175
1
894 55
1
895 31
1
896 5
0
1
897 277
1
898 115
0
0
1
899 72
1
900 274
0
1
901 136
1
902 21
0
1
903 68
1
904 173
1
905 14
0
0
1
906 57
0
0
1
907 255
1
908 110
1
909 40
0
0
1
910 66
1
911 136
1
912 146
0
1
913 7
1
914 19
1
915 206
1
916 187
0
1
917 102
1
918 188
1
919 67
1
920 209
0
1
921 130
1
922 87
1
923 32
0
1
924 62
1
925 93
1
926 12
1
927 56
1
928 297
1
929 92
1
930 25
0
1
931 203
0
1
932 4
1
933 102
1
934 147
1
935 94
1
936 213
0
1
937 164
1
938 212
0
0
1
939 2
1
940 58
1
941 200
0
1
942 69
0
1
943 283
0
1
944 189
0
1
945 80
1
946 137
1
947 21
1
948 125
1
949 265
0
1
950 273
1
951 137
0
1
952 185
1
953 8
0
1
954 22
1
955 27
0
1
956 237
1
957 26
1
958 52
1
959 91
1
960 251
1
961 147
1
962 102
1
963 272
1
964 222
0
0
1
965 297
1
966 136
1
967 102
1
968 123
0
0
1
969 250
0
0
0
1
970 26
0
1
971 239
1
972 188
1
973 150
1
974 264
1
975 276
1
976 246
0
1
977 173
1
978 271
1
979 18
0
1
980 168
1
981 184
1
982 235
1
983 95
1
984 77
1
985 176
0
0
1
986 241
1
987 278
1
988 68
0
1
989 102
1
990 153
1
991 64
1
992 260
0
1
993 189
1
994 236
1
995 86
1
996 120
1
997 181
1
998 299
1
999 106
0
1
1000 190
1
1001 32
1
1002 131
0
1
1003 55
1
1004 164
1
1005 114
1
1006 299
1
1007 119
1
1008 79
0
1
1009 89
0
0
1
1010 85
0
1
1011 17
1
1012 234
1
1013 277
1
1014 203
1
1015 282
0
1
1016 178
0
1
1017 81
1
1018 53
1
1019 259
1
1020 122
1
1021 198
1
1022 296
1
1023 290
1
1024 285
1
1025 123
0
1
1026 124
1
1027 279
1
1028 21
1
1029 198
1
1030 137
1
1031 269
0
1
1032 166
1
1033 213
0
1
1034 3
1
1035 189
1
1036 214
0
1
1037 94
1
1038 131
0
1
1039 160
1
1040 58
1
1041 88
1
1042 248
1
1043 277
1
1044 184
1
1045 181
1
1046 258
0
1
1047 292
1
1048 37
0
0
1
1049 234
1
1050 144
1
1051 183
1
1052 223
0
0
1
1053 137
1
1054 291
0
1
1055 270
0
1
1056 177
1
1057 268
0
0
0
1
1058 194
1
1059 288
1
1060 270
1
1061 9
1
1062 201
1
1063 207
1
1064 73
0
0
1
1065 136
1
1066 116
1
1067 288
1
1068 260
1
1069 67
1
1070 59
1
1071 68
1
1072 254
0
1
1073 135
1
1074 229
1
1075 296
1
1076 66
1
1077 109
0
0
1
1078 107
1
1079 259
1
1080 219
1
1081 269
1
1082 136
1
1083 4
1
1084 150
1
1085 28
1
1086 145
0
1
1087 90
1
1088 88
0
1
1089 277
1
1090 252
1
1091 261
1
1092 169
1
1093 51
0
0
1
1094 279
1
1095 106
1
1096 256
1
1097 249
1
1098 237
0
1
1099 25
1
1100 156
1
1101 79
1
1102 252
1
1103 247
0
1
1104 168
1
1105 106
1
1106 35
0
1
1107 251
0
1
1108 290
1
1109 299
1
1110 189
1
1111 156
1
1112 4
0
0
1
1113 138
1
1114 93
1
1115 246
1
1116 25
1
1117 117
0
1
1118 205
0
1
1119 134
1
1120 201
0
1
1121 177
1
1122 116
0
1
1123 138
1
1124 297
1
1125 208
0
0
1
1126 144
1
1127 7
1
1128 95
1
1129 176
1
1130 158
0
0
1
1131 186
1
1132 161
0
1
1133 265
0
1
1134 300
1
1135 241
1
1136 101
1
1137 113
1
1138 237
1
1139 58
1
1140 36
1
1141 5
1
1142 289
1
1143 106
1
1144 29
0
1
1145 112
1
1146 28
1
1147 192
1
1148 188
1
1149 262
1
1150 233
0
1
1151 105
1
1152 203
1
1153 263
1
1154 175
0
1
1155 287
1
1156 128
0
1
1157 252
0
1
1158 182
1
1159 161
0
1
1160 130
1
1161 257
1
1162 57
1
1163 123
0
1
1164 180
1
1165 11
0
0
1
1166 71
1
1167 283
0
1
1168 150
1
1169 250
1
1170 130
0
1
1171 45
1
1172 112
1
1173 186
1
1174 182
1
1175 17
1
1176 125
1
1177 49
0
1
1178 181
1
1179 227
1
1180 139
1
1181 184
1
1182 103
0
1
1183 259
1
1184 277
1
1185 136
1
1186 193
1
1187 33
0
1
1188 96
1
1189 289
1
1190 197
1
1191 52
0
1
1192 49
1
1193 227
0
1
1194 250
1
1195 39
1
1196 278
1
1197 162
0
1
1198 136
1
1199 125
1
1200 106
1
1201 204
1
1202 45
1
1203 11
1
1204 243
1
1205 219
1
1206 157
1
1207 222
1
1208 111
1
1209 42
1
1210 220
1
1211 273
0
1
1212 22
1
1213 139
1
1214 38
1
1215 207
1
1216 59
1
1217 111
1
1218 45
0
0
1
1219 82
1
1220 35
0
1
1221 25
1
1222 128
1
1223 126
1
1224 205
1
1225 103
1
1226 199
1
1227 207
1
1228 141
1
1229 283
1
1230 137
1
1231 86
0
1
1232 117
1
1233 282
1
1234 157
1
1235 264
0
1
1236 235
1
1237 121
1
1238 153
1
1239 169
1
1240 24
1
1241 181
1
1242 248
1
1243 214
1
1244 42
1
1245 99
1
1246 239
1
1247 208
0
0
1
1248 298
1
1249 107
1
1250 44
1
1251 39
1
1252 273
1
1253 54
1
1254 44
0
1
1255 141
1
1256 51
1
1257 237
1
1258 227
1
1259 139
1
1260 151
1
1261 51
1
1262 299
0
1
1263 231
1
1264 237
1
1265 183
1
1266 153
1
1267 39
1
1268 167
0
1
1269 102
1
1270 261
1
1271 212
1
1272 50
1
1273 129
1
1274 242
1
1275 21
1
1276 15
1
1277 88
0
0
1
1278 289
1
1279 73
1
1280 288
1
1281 280
1
1282 259
1
1283 142
1
1284 2
1
1285 271
1
1286 166
0
0
1
1287 28
0
0
1
1288 261
1
1289 292
1
1290 34
1
1291 134
1
1292 258
1
1293 22
1
1294 286
1
1295 193
1
1296 158
1
1297 219
1
1298 45
1
1299 117
1
1300 207
1
1301 18
1
1302 222
1
1303 294
1
1304 135
0
1
1305 181
1
1306 159
1
1307 278
1
1308 297
1
1309 25
1
1310 16
1
1311 290
1
1312 137
1
1313 265
1
1314 151
1
1315 60
1
1316 85
1
1317 33
1
1318 181
0
0
0
1
1319 255
1
1320 162
1
1321 129
0
1
1322 57
1
1323 10
1
1324 300
1
1325 253
1
1326 78
1
1327 106
1
1328 284
1
1329 300
1
1330 180
1
1331 99
1
1332 89
1
1333 232
1
1334 262
1
1335 115
1
1336 125
1
1337 35
1
1338 268
1
1339 92
1
1340 215
1
1341 151
1
1342 13
1
1343 31
1
1344 107
1
1345 236
1
1346 220
1
1347 118
0
1
1348 32
1
1349 154
1
1350 156
1
1351 120
1
1352 104
1
1353 184
0
0
1
1354 77
0
1
1355 223
1
1356 62
1
1357 96
1
1358 82
0
1
1359 190
1
1360 205
1
1361 118
1
1362 224
1
1363 102
1
1364 136
1
1365 194
0
1
1366 206
1
1367 58
1
1368 10
0
0
1
1369 208
0
1
1370 177
1
1371 180
1
1372 175
1
1373 133
1
1374 123
1
1375 221
1
1376 226
1
1377 149
1
1378 60
1
1379 45
1
1380 189
1
1381 87
1
1382 55
1
1383 229
1
1384 63
0
1
1385 136
1
1386 71
1
1387 237
0
0
1
1388 42
1
1389 81
0
1
1390 263
1
1391 219
1
1392 108
1
1393 69
1
1394 262
1
1395 41
0
1
1396 75
1
1397 108
1
1398 230
1
1399 210
1
1400 49
1
1401 228
1
1402 251
1
1403 131
1
1404 79
0
1
1405 185
1
1406 178
1
1407 153
1
1408 299
1
1409 67
1
1410 261
0
1
1411 268
1
1412 169
0
1
1413 261
0
1
1414 15
1
1415 169
1
1416 183
1
1417 124
1
1418 298
1
1419 22
1
1420 47
1
1421 273
1
1422 96
1
1423 113
1
1424 132
1
1425 8
1
1426 139
1
1427 237
0
0
1
1428 262
1
1429 52
0
1
1430 262
1
1431 227
1
1432 288
1
1433 140
1
1434 194
1
1435 150
0
1
1436 223
1
1437 161
1
1438 258
1
1439 126
1
1440 231
1
1441 18
1
1442 170
1
1443 186
1
1444 245
1
1445 252
1
1446 48
1
1447 165
1
1448 173
1
1449 135
1
1450 58
1
1451 60
1
1452 226
1
1453 212
1
1454 16
1
1455 40
1
1456 179
1
1457 187
1
1458 245
1
1459 62
1
1460 31
1
1461 241
0
1
1462 78
1
1463 86
0
1
1464 208
1
1465 290
0
1
1466 92
1
1467 280
1
1468 236
1
1469 101
1
1470 151
1
1471 137
1
1472 157
1
1473 209
1
1474 45
1
1475 25
1
1476 118
1
1477 178
1
1478 113
1
1479 27
1
1480 219
1
1481 44
1
1482 260
1
1483 284
1
1484 285
1
1485 278
1
1486 211
0
1
1487 49
1
1488 176
1
1489 53
1
1490 252
1
1491 100
1
1492 66
1
1493 110
1
1494 119
1
1495 29
1
1496 184
1
1497 169
0
1
1498 164
1
1499 181
1
1500 288
1
1501 281
1
1502 116
0
1
1503 137
1
1504 134
1
1505 260
1
1506 100
1
1507 251
1
1508 160
0
1
1509 88
1
1510 145
1
1511 114
1
1512 195
1
1513 138
1
1514 150
1
1515 262
1
1516 55
1
1517 102
1
1518 171
1
1519 67
1
1520 137
1
1521 135
1
1522 99
1
1523 73
1
1524 85
1
1525 274
1
1526 96
1
1527 189
1
1528 204
1
1529 262
0
1
1530 253
1
1531 196
1
1532 186
1
1533 187
0
1
1534 151
1
1535 122
1
1536 3
1
1537 69
1
1538 229
0
1
1539 258
1
1540 43
1
1541 87
0
1
1542 254
0
1
1543 139
1
1544 96
1
1545 189
1
1546 59
1
1547 93
1
1548 242
0
1
1549 136
1
1550 69
1
1551 27
1
1552 55
1
1553 126
1
1554 55
1
1555 115
1
1556 75
1
1557 181
1
1558 63
1
1559 241
0
1
1560 245
1
1561 274
1
1562 272
0
1
1563 94
1
1564 181
1
1565 130
1
1566 119
1
1567 215
1
1568 238
1
1569 291
0
1
1570 58
0
1
1571 102
1
1572 160
1
1573 47
1
1574 73
1
1575 81
1
1576 142
1
1577 90
1
1578 15
1
1579 201
1
1580 258
1
1581 130
1
1582 140
1
1583 94
1
1584 42
1
1585 85
1
1586 270
1
1587 218
1
1588 176
1
1589 184
1
1590 212
1
1591 292
1
1592 250
1
1593 298
1
1594 133
1
1595 154
1
1596 163
1
1597 257
1
1598 76
1
1599 260
1
1600 205
1
1601 116
1
1602 134
1
1603 74
1
1604 7
1
1605 237
1
1606 21
0
1
1607 172
1
1608 108
0
1
1609 192
1
1610 6
1
1611 87
1
1612 16
1
1613 136
1
1614 269
1
1615 257
1
1616 177
1
1617 6
1
1618 184
1
1619 276
1
1620 97
1
1621 137
1
1622 58
1
1623 73
1
1624 182
1
1625 282
1
1626 11
1
1627 123
1
1628 178
1
1629 18
1
1630 183
1
1631 136
1
1632 146
1
1633 141
1
1634 204
1
1635 188
1
1636 100
1
1637 264
1
1638 285
1
1639 72
1
1640 66
1
1641 88
1
1642 162
1
1643 229
1
1644 195
1
1645 230
1
1646 36
1
1647 194
1
1648 88
1
1649 143
1
1650 170
1
1651 299
1
1652 139
1
1653 208
1
1654 142
0
1
1655 170
1
1656 193
1
1657 85
1
1658 110
1
1659 253
1
1660 281
1
1661 106
1
1662 250
1
1663 222
1
1664 267
1
1665 216
1
1666 88
1
1667 253
1
1668 71
1
1669 198
1
1670 189
1
1671 163
1
1672 117
1
1673 49
1
1674 49
1
1675 139
1
1676 11
1
1677 128
1
1678 117
1
1679 184
0
1
1680 6
1
1681 38
1
1682 261
1
1683 202
1
1684 155
1
1685 4
1
1686 117
1
1687 51
1
1688 289
1
1689 259
1
1690 69
1
1691 275
1
1692 195
1
1693 34
1
1694 111
1
1695 168
1
1696 118
1
1697 34
1
1698 240
1
1699 12
1
1700 281
1
1701 28
1
1702 45
1
1703 54
1
1704 153
1
1705 34
0
1
1706 161
1
1707 20
1
1708 61
1
1709 209
1
1710 112
1
1711 165
1
1712 132
1
1713 76
1
1714 284
1
1715 38
1
1716 29
1
1717 28
1
1718 278
1
1719 290
1
1720 202
1
1721 55
1
1722 51
1
1723 183
1
1724 193
1
1725 20
1
1726 182
1
1727 287
1
1728 254
1
1729 33
1
1730 108
1
1731 103
1
1732 45
1
1733 154
1
1734 138
1
1735 260
1
1736 96
1
1737 172
1
1738 51
1
1739 63
1
1740 298
1
1741 267
1
1742 266
1
1743 108
1
1744 108
1
1745 161
1
1746 139
1
1747 133
1
1748 86
1
1749 280
1
1750 36
1
1751 227
1
1752 278
1
1753 138
1
1754 105
1
1755 216
1
1756 83
1
1757 278
1
1758 70
1
1759 247
1
1760 110
1
1761 11
1
1762 187
1
1763 102
1
1764 156
1
1765 202
1
1766 86
1
1767 193
1
1768 53
1
1769 68
1
1770 218
1
1771 294
1
1772 2
1
1773 227
1
1774 7
1
1775 92
1
1776 283
1
1777 216
1
1778 299
1
1779 271
1
1780 70
1
1781 229
1
1782 137
1
1783 189
1
1784 81
1
1785 173
1
1786 54
1
1787 259
1
1788 253
1
1789 256
1
1790 175
1
1791 200
1
1792 83
1
1793 181
1
1794 117
1
1795 101
1
1796 80
1
1797 94
1
1798 91
1
1799 284
1
1800 55
1
1801 15
1
1802 282
1
1803 222
1
1804 44
1
1805 212
1
1806 256
1
1807 57
1
1808 283
1
1809 28
1
1810 197
1
1811 147
1
1812 131
1
1813 247
1
1814 32
1
1815 155
1
1816 277
1
1817 136
1
1818 149
1
1819 209
1
1820 69
1
1821 196
1
1822 71
1
1823 175
1
1824 15
1
1825 47
1
1826 19
1
1827 25
1
1828 200
1
1829 149
1
1830 81
1
1831 148
1
1832 292
1
1833 7
1
1834 65
1
1835 142
1
1836 108
1
1837 31
1
1838 221
1
1839 243
1
1840 208
1
1841 260
1
1842 259
1
1843 239
1
1844 76
1
1845 231
1
1846 119
1
1847 174
1
1848 167
1
1849 60
1
1850 130
1
1851 119
1
1852 94
1
1853 119
1
1854 212
1
1855 299
1
1856 233
1
1857 253
1
1858 4
1
1859 270
1
1860 250
1
1861 255
1
1862 196
1
1863 50
1
1864 97
1
1865 196
1
1866 143
1
1867 27
1
1868 10
1
1869 43
1
1870 110
1
1871 84
1
1872 233
1
1873 93
1
1874 8
1
1875 225
1
1876 268
1
1877 239
1
1878 233
0
1
1879 71
1
1880 273
1
1881 34
1
1882 33
1
1883 69
1
1884 44
1
1885 81
1
1886 100
1
1887 256
1
1888 225
1
1889 93
1
1890 225
1
1891 276
1
1892 152
1
1893 86
1
1894 237
1
1895 15
1
1896 84
1
1897 226
1
1898 174
1
1899 146
1
1900 277
1
1901 6
1
1902 259
1
1903 25
1
1904 223
1
1905 296
1
1906 283
1
1907 204
1
1908 129
1
1909 12
1
1910 274
1
1911 274
1
1912 254
1
1913 243
1
1914 58
1
1915 219
1
1916 191
1
1917 62
1
1918 218
1
1919 29
1
1920 139
1
1921 162
1
1922 214
1
1923 251
1
1924 22
1
1925 154
1
1926 270
1
1927 58
1
1928 231
1
1929 249
1
1930 86
1
1931 239
1
1932 136
1
1933 123
1
1934 240
1
1935 15
1
1936 299
1
1937 44
1
1938 297
1
1939 37
1
1940 53
1
1941 269
1
1942 10
1
1943 6
1
1944 171
1
1945 134
1
1946 287
1
1947 158
1
1948 13
1
1949 89
1
1950 200
1
1951 56
1
1952 22
1
1953 102
1
1954 224
1
1955 155
1
1956 273
1
1957 251
1
1958 210
1
1959 198
1
1960 135
1
1961 34
1
1962 260
1
1963 55
1
1964 286
1
1965 48
1
1966 207
1
1967 171
0
1
1968 165
1
1969 110
1
1970 169
1
1971 214
1
1972 30
1
1973 292
1
1974 140
1
1975 73
1
1976 92
1
1977 63
1
1978 8
1
1979 229
1
1980 9
1
1981 190
1
1982 71
1
1983 25
1
1984 112
1
1985 290
1
1986 38
1
1987 166
1
1988 142
1
1989 175
1
1990 71
1
1991 46
1
1992 124
1
1993 290
1
1994 22
1
1995 10
1
1996 277
1
1997 265
1
1998 35
1
1999 106
1
2000 106
1
2001 194
1
2002 186
1
2003 107
1
2004 265
1
2005 268
1
2006 95
1
2007 167
1
2008 169
1
2009 34
1
2010 55
1
2011 169
1
2012 74
1
2013 282
1
2014 84
1
2015 154
1
2016 106
1
2017 77
1
2018 140
1
2019 178
1
2020 41
1
2021 108
1
2022 152
1
2023 43
1
2024 118
1
2025 193
1
2026 7
1
2027 206
1
2028 252
1
2029 290
1
2030 165
0
1
2031 144
1
2032 213
1
2033 124
1
2034 270
1
2035 62
1
2036 97
1
2037 100
1
2038 101
1
2039 77
1
2040 84
1
2041 68
1
2042 170
1
2043 93
1
2044 269
1
2045 62
1
2046 52
1
2047 56
1
2048 112
1
2049 113
1
2050 80
1
2051 288
1
2052 211
1
2053 93
1
2054 215
1
2055 294
1
2056 153
1
2057 106
1
2058 63
1
2059 292
1
2060 286
1
2061 86
1
2062 39
1
2063 243
1
2064 229
1
2065 99
1
2066 66
1
2067 147
1
2068 173
1
2069 89
1
2070 233
1
2071 41
1
2072 281
1
2073 30
1
2074 188
1
2075 76
0
1
2076 53
1
2077 137
1
2078 189
1
2079 191
1
2080 110
1
2081 49
1
2082 91
1
2083 47
1
2084 218
1
2085 39
1
2086 102
1
2087 25
1
2088 282
1
2089 220
1
2090 122
1
2091 124
1
2092 137
1
2093 103
1
2094 226
1
2095 296
1
2096 285
1
2097 287
1
2098 266
1
2099 83
1
2100 134
1
2101 104
1
2102 15
1
2103 251
1
2104 125
1
2105 14
1
2106 131
1
2107 173
1
2108 102
1
2109 295
1
2110 93
1
2111 177
0
1
2112 178
1
2113 270
1
2114 92
1
2115 98
1
2116 51
0
1
2117 259
1
2118 150
1
2119 22
1
2120 202
1
2121 88
1
2122 227
1
2123 224
1
2124 166
1
2125 71
1
2126 146
0
1
2127 115
1
2128 90
1
2129 178
1
2130 3
1
2131 60
1
2132 188
1
2133 45
1
2134 103
1
2135 177
0
1
2136 207
1
2137 53
1
2138 140
1
2139 290
1
2140 159
1
2141 3
1
2142 298
1
2143 8
0
1
2144 162
1
2145 31
1
2146 267
1
2147 218
1
2148 254
0
1
2149 281
1
2150 284
1
2151 165
1
2152 70
1
2153 19
1
2154 22
1
2155 142
1
2156 73
1
2157 78
1
2158 8
1
2159 251
1
2160 189
1
2161 189
0
1
2162 67
1
2163 124
1
2164 221
1
2165 15
1
2166 112
1
2167 246
1
2168 211
1
2169 163
1
2170 144
1
2171 274
1
2172 201
1
2173 133
1
2174 299
1
2175 29
1
2176 185
1
2177 281
1
2178 82
1
2179 224
0
1
2180 224
1
2181 251
1
2182 87
1
2183 126
1
2184 169
1
2185 58
1
2186 78
1
2187 212
1
2188 132
1
2189 268
1
2190 72
0
1
2191 248
1
2192 208
1
2193 267
1
2194 219
1
2195 294
1
2196 84
1
2197 179
1
2198 279
1
2199 215
1
2200 65
1
2201 278
1
2202 14
1
2203 238
1
2204 54
1
2205 253
1
2206 50
1
2207 268
1
2208 251
1
2209 200
1
2210 128
1
2211 38
1
2212 156
1
2213 56
1
2214 28
1
2215 112
1
2216 154
1
2217 37
1
2218 106
1
2219 50
1
2220 84
1
2221 106
1
2222 99
1
2223 97
0
1
2224 116
1
2225 223
1
2226 42
1
2227 163
1
2228 263
1
2229 47
1
2230 194
1
2231 41
0
1
2232 275
1
2233 190
1
2234 18
1
2235 202
1
2236 26
1
2237 263
1
2238 296
1
2239 214
1
2240 76
1
2241 268
1
2242 162
1
2243 188
1
2244 172
1
2245 278
1
2246 259
1
2247 36
1
2248 145
0
1
2249 171
1
2250 8
1
2251 194
1
2252 107
1
2253 108
1
2254 16
1
2255 106
1
2256 223
1
2257 299
1
2258 157
0
1
2259 83
1
2260 291
1
2261 292
1
2262 101
1
2263 272
1
2264 9
1
2265 153
1
2266 282
1
2267 26
1
2268 209
0
1
2269 139
1
2270 142
1
2271 127
1
2272 271
1
2273 298
1
2274 142
1
2275 270
1
2276 247
0
1
2277 225
0
1
2278 46
1
2279 102
1
2280 70
1
2281 89
1
2282 208
1
2283 104
1
2284 23
1
2285 166
1
2286 170
1
2287 131
1
2288 277
1
2289 220
1
2290 69
1
2291 137
0
0
1
2292 180
1
2293 44
1
2294 136
1
2295 119
1
2296 182
1
2297 275
1
2298 140
1
2299 216
1
2300 97
0
1
2301 83
1
2302 269
1
2303 76
1
2304 290
1
2305 240
1
2306 102
1
2307 45
1
2308 234
1
2309 10
1
2310 285
1
2311 138
1
2312 78
1
2313 211
1
2314 209
1
2315 127
1
2316 192
1
2317 235
1
2318 8
1
2319 188
1
2320 161
0
1
2321 42
0
0
1
2322 272
1
2323 215
1
2324 167
0
1
2325 241
1
2326 4
1
2327 39
1
2328 263
1
2329 233
1
2330 247
1
2331 177
1
2332 116
1
2333 138
0
0
1
2334 126
1
2335 181
1
2336 86
1
2337 289
1
2338 33
1
2339 212
1
2340 256
1
2341 146
1
2342 217
1
2343 160
1
2344 104
1
2345 256
1
2346 89
1
2347 107
1
2348 88
1
2349 221
0
1
2350 23
1
2351 140
1
2352 105
1
2353 41
1
2354 60
1
2355 135
1
2356 151
1
2357 133
1
2358 288
1
2359 57
1
2360 157
1
2361 299
1
2362 24
1
2363 126
1
2364 12
1
2365 236
1
2366 275
1
2367 187
1
2368 112
1
2369 135
1
2370 197
1
2371 297
1
2372 27
1
2373 223
1
2374 267
1
2375 49
1
2376 157
1
2377 13
1
2378 18
1
2379 194
1
2380 244
1
2381 219
1
2382 202
1
2383 40
1
2384 292
1
2385 292
1
2386 97
1
2387 151
1
2388 94
1
2389 141
1
2390 157
0
1
2391 240
1
2392 192
1
2393 292
1
2394 73
1
2395 126
1
2396 28
1
2397 116
1
2398 144
1
2399 206
1
2400 273
1
2401 69
1
2402 40
1
2403 11
1
2404 69
1
2405 65
1
2406 283
1
2407 153
1
2408 20
1
2409 285
1
2410 283
1
2411 160
0
1
2412 125
0
1
2413 200
1
2414 290
1
2415 37
1
2416 11
1
2417 121
1
2418 273
1
2419 112
1
2420 278
1
2421 90
1
2422 142
1
2423 181
1
2424 25
1
2425 185
1
2426 114
1
2427 146
1
2428 274
1
2429 73
1
2430 174
1
2431 87
1
2432 243
1
2433 201
1
2434 122
1
2435 239
1
2436 160
1
2437 278
1
2438 21
1
2439 127
1
2440 287
1
2441 75
1
2442 147
1
2443 169
1
2444 209
1
2445 9
1
2446 110
1
2447 259
1
2448 257
1
2449 276
1
2450 208
1
2451 133
1
2452 268
1
2453 82
1
2454 40
1
2455 13
1
2456 219
0
0
1
2457 184
1
2458 113
1
2459 153
1
2460 152
1
2461 216
1
2462 58
1
2463 278
1
2464 10
1
2465 108
1
2466 204
1
2467 282
0
1
2468 120
0
1
2469 34
1
2470 236
1
2471 77
1
2472 239
1
2473 220
1
2474 88
1
2475 116
1
2476 59
1
2477 175
1
2478 128
0
1
2479 63
1
2480 134
1
2481 37
1
2482 278
1
2483 130
1
2484 138
1
2485 249
1
2486 271
1
2487 163
1
2488 205
1
2489 127
1
2490 127
1
2491 134
0
1
2492 241
1
2493 97
1
2494 257
1
2495 219
1
2496 127
1
2497 287
1
2498 208
1
2499 120
1
2500 58
1
2501 200
0
1
2502 291
1
2503 29
1
2504 172
1
2505 224
1
2506 38
1
2507 223
1
2508 190
0
1
2509 160
1
2510 75
1
2511 238
1
2512 92
1
2513 199
1
2514 83
1
2515 196
1
2516 41
1
2517 136
1
2518 224
1
2519 48
1
2520 168
1
2521 175
0
1
2522 216
1
2523 240
1
2524 287
1
2525 277
1
2526 69
1
2527 128
1
2528 148
0
1
2529 228
1
2530 20
1
2531 157
1
2532 78
1
2533 268
1
2534 137
1
2535 26
1
2536 63
1
2537 243
1
2538 54
1
2539 154
1
2540 246
1
2541 8
1
2542 245
1
2543 131
1
2544 3
0
1
2545 297
1
2546 108
1
2547 221
1
2548 170
0
1
2549 193
0
0
1
2550 58
1
2551 210
1
2552 187
0
1
2553 176
0
1
2554 281
1
2555 106
1
2556 153
0
1
2557 11
1
2558 43
0
0
1
2559 53
1
2560 297
1
2561 186
0
1
2562 167
1
2563 45
0
1
2564 13
1
2565 199
1
2566 148
1
2567 233
1
2568 38
1
2569 254
1
2570 59
1
2571 80
1
2572 52
1
2573 65
0
1
2574 259
1
2575 205
1
2576 251
0
0
1
2577 22
1
2578 263
1
2579 96
1
2580 34
1
2581 108
1
2582 288
1
2583 238
0
1
2584 95
1
2585 53
1
2586 135
1
2587 265
0
1
2588 101
1
2589 122
1
2590 145
1
2591 255
1
2592 263
1
2593 45
1
2594 231
1
2595 164
1
2596 135
1
2597 7
1
2598 290
0
1
2599 50
1
2600 91
1
2601 41
1
2602 143
1
2603 264
1
2604 137
1
2605 7
1
2606 175
1
2607 173
1
2608 134
1
2609 146
1
2610 14
1
2611 259
1
2612 277
1
2613 14
1
2614 291
1
2615 87
1
2616 267
0
1
2617 178
1
2618 174
0
1
2619 228
1
2620 171
1
2621 102
1
2622 137
1
2623 259
1
2624 37
0
1
2625 291
1
2626 286
1
2627 209
1
2628 242
1
2629 21
0
1
2630 224
1
2631 23
1
2632 93
0
1
2633 243
1
2634 141
1
2635 117
1
2636 232
1
2637 111
1
2638 225
1
2639 108
0
1
2640 255
0
1
2641 263
0
0
1
2642 9
1
2643 91
1
2644 130
1
2645 244
1
2646 204
0
0
1
2647 156
1
2648 132
1
2649 209
1
2650 169
1
2651 32
0
1
2652 38
0
1
2653 278
1
2654 287
1
2655 166
1
2656 193
1
2657 130
1
2658 99
1
2659 57
1
2660 6
1
2661 4
1
2662 76
1
2663 263
1
2664 51
1
2665 286
1
2666 208
1
2667 232
1
2668 276
0
1
2669 161
1
2670 194
1
2671 233
1
2672 106
0
1
2673 210
1
2674 35
1
2675 10
0
1
2676 251
0
1
2677 102
1
2678 300
1
2679 281
1
2680 281
1
2681 167
0
1
2682 78
1
2683 192
1
2684 13
1
2685 208
1
2686 125
0
1
2687 124
1
2688 146
1
2689 108
1
2690 35
1
2691 155
1
2692 287
1
2693 43
1
2694 144
1
2695 279
1
2696 263
1
2697 265
1
2698 139
1
2699 93
0
1
2700 204
1
2701 288
1
2702 156
1
2703 68
0
0
1
2704 30
1
2705 44
1
2706 195
1
2707 239
1
2708 59
1
2709 218
1
2710 15
0
1
2711 35
1
2712 270
0
0
1
2713 116
1
2714 250
1
2715 146
1
2716 201
0
1
2717 298
1
2718 231
0
1
2719 237
0
1
2720 49
1
2721 27
1
2722 97
0
1
2723 40
1
2724 277
1
2725 247
1
2726 180
1
2727 287
1
2728 186
1
2729 84
1
2730 143
1
2731 106
1
2732 173
0
0
1
2733 97
1
2734 255
0
1
2735 141
1
2736 232
1
2737 83
1
2738 156
0
1
2739 16
1
2740 116
1
2741 116
0
0
1
2742 47
1
2743 290
1
2744 104
1
2745 188
1
2746 74
1
2747 48
1
2748 181
1
2749 206
0
1
2750 277
1
2751 113
1
2752 157
1
2753 6
0
1
2754 173
0
1
2755 27
1
2756 34
1
2757 178
1
2758 154
1
2759 97
0
1
2760 48
1
2761 11
0
1
2762 39
1
2763 90
1
2764 78
1
2765 137
0
0
1
2766 197
1
2767 120
1
2768 149
1
2769 136
1
2770 284
1
2771 268
1
2772 175
1
2773 175
1
2774 244
1
2775 154
0
1
2776 273
1
2777 160
0
1
2778 93
1
2779 41
1
2780 139
1
2781 17
1
2782 204
1
2783 5
1
2784 34
1
2785 4
1
2786 106
1
2787 99
1
2788 281
0
1
2789 109
1
2790 119
1
2791 10
1
2792 236
0
1
2793 161
1
2794 251
1
2795 29
1
2796 235
1
2797 164
0
1
2798 106
1
2799 154
0
1
2800 174
1
2801 64
1
2802 269
1
2803 106
1
2804 9
1
2805 179
1
2806 211
1
2807 39
0
1
2808 108
1
2809 283
1
2810 145
0
0
0
0
1
2811 162
1
2812 298
1
2813 256
0
1
2814 289
1
2815 76
1
2816 27
1
2817 97
1
2818 160
1
2819 147
1
2820 229
0
1
2821 139
0
1
2822 95
1
2823 241
1
2824 59
1
2825 222
1
2826 143
1
2827 254
1
2828 151
1
2829 38
0
1
2830 266
1
2831 189
1
2832 71
1
2833 135
1
2834 137
0
1
2835 124
1
2836 97
0
1
2837 268
1
2838 135
1
2839 278
0
1
2840 273
1
2841 89
1
2842 80
1
2843 48
1
2844 161
1
2845 294
1
2846 226
1
2847 163
1
2848 46
1
2849 86
1
2850 181
0
1
2851 264
1
2852 281
1
2853 54
1
2854 298
0
1
2855 111
1
2856 209
1
2857 160
1
2858 14
1
2859 12
1
2860 259
1
2861 72
0
1
2862 82
0
1
2863 189
1
2864 175
1
2865 40
1
2866 82
1
2867 288
1
2868 277
0
1
2869 252
0
1
2870 174
1
2871 148
1
2872 46
1
2873 243
1
2874 237
1
2875 269
0
1
2876 53
1
2877 93
0
1
2878 49
1
2879 20
1
2880 103
1
2881 141
1
2882 49
1
2883 34
1
2884 263
1
2885 34
1
2886 27
1
2887 299
1
2888 61
1
2889 206
1
2890 243
0
1
2891 121
1
2892 172
0
1
2893 232
1
2894 165
1
2895 175
0
0
1
2896 91
1
2897 194
1
2898 210
1
2899 10
1
2900 181
1
2901 202
1
2902 191
1
2903 297
1
2904 294
1
2905 197
0
1
2906 27
1
2907 70
1
2908 269
0
1
2909 151
0
1
2910 55
0
1
2911 137
1
2912 159
0
1
2913 136
1
2914 265
1
2915 226
1
2916 26
0
0
1
2917 296
1
2918 99
1
2919 36
1
2920 195
0
1
2921 25
0
1
2922 25
1
2923 217
0
1
2924 104
1
2925 268
0
0
1
2926 95
1
2927 90
1
2928 58
1
2929 207
1
2930 251
1
2931 240
1
2932 65
1
2933 252
1
2934 243
0
0
1
2935 289
1
2936 166
1
2937 233
1
2938 140
0
0
0
0
1
2939 124
1
2940 120
1
2941 16
0
0
1
2942 209
1
2943 181
0
1
2944 173
1
2945 112
1
2946 6
0
1
2947 237
0
0
0
0
1
2948 215
1
2949 101
0
1
2950 280
1
2951 181
1
2952 47
1
2953 97
1
2954 59
1
2955 196
1
2956 28
1
2957 152
1
2958 245
1
2959 297
1
2960 78
0
0
1
2961 43
1
2962 153
0
1
2963 238
1
2964 232
1
2965 6
1
2966 123
1
2967 257
0
1
2968 32
1
2969 205
1
2970 45
1
2971 215
1
2972 27
1
2973 129
1
2974 284
0
1
2975 261
0
1
2976 152
1
2977 119
1
2978 100
0
1
2979 93
1
2980 260
1
2981 108
1
2982 237
1
2983 214
1
2984 118
1
2985 142
1
2986 291
1
2987 179
0
1
2988 205
1
2989 174
1
2990 286
1
2991 156
0
0
1
2992 100
0
0
1
2993 123
1
2994 229
1
2995 170
1
2996 211
1
2997 239
1
2998 146
1
2999 286
1
3000 268
1
3001 243
1
3002 234
1
3003 73
1
3004 69
1
3005 261
0
1
3006 129
0
0
1
3007 203
1
3008 51
1
3009 90
1
3010 103
0
1
3011 134
1
3012 162
1
3013 69
1
3014 213
1
3015 196
1
3016 97
0
1
3017 256
1
3018 162
0
1
3019 51
0
1
3020 87
1
3021 166
1
3022 34
1
3023 142
1
3024 159
0
1
3025 90
0
1
3026 189
1
3027 15
1
3028 226
1
3029 236
1
3030 205
1
3031 58
1
3032 38
0
1
3033 48
0
1
3034 233
1
3035 226
1
3036 55
1
3037 136
1
3038 188
1
3039 233
0
1
3040 63
1
3041 6
1
3042 289
1
3043 158
1
3044 278
1
3045 235
1
3046 187
1
3047 73
1
3048 185
1
3049 13
1
3050 167
1
3051 149
1
3052 126
0
0
1
3053 14
1
3054 128
0
1
3055 38
1
3056 91
1
3057 231
0
1
3058 7
1
3059 166
1
3060 168
0
1
3061 263
1
3062 10
1
3063 142
0
1
3064 127
0
0
1
3065 69
1
3066 277
1
3067 79
1
3068 130
1
3069 258
0
0
1
3070 68
0
0
1
3071 99
1
3072 268
1
3073 133
0
1
3074 102
1
3075 137
1
3076 289
0
1
3077 145
1
3078 247
1
3079 29
1
3080 201
1
3081 118
1
3082 13
1
3083 137
1
3084 20
1
3085 103
0
1
3086 30
1
3087 209
0
1
3088 65
1
3089 205
0
0
1
3090 6
1
3091 21
1
3092 296
1
3093 57
1
3094 43
0
0
0
1
3095 251
1
3096 63
0
1
3097 237
1
3098 262
1
3099 122
1
3100 248
1
3101 240
0
1
3102 71
1
3103 178
1
3104 57
0
1
3105 284
1
3106 149
0
0
0
0
0
1
3107 71
1
3108 35
1
3109 239
1
3110 251
1
3111 17
1
3112 249
1
3113 194
1
3114 129
0
1
3115 230
1
3116 179
1
3117 74
1
3118 88
0
1
3119 76
1
3120 35
0
1
3121 20
0
0
0
1
3122 232
1
3123 280
1
3124 164
1
3125 225
1
3126 57
1
3127 158
1
3128 3
1
3129 232
0
0
1
3130 103
1
3131 282
1
3132 55
0
1
3133 215
1
3134 267
1
3135 30
0
1
3136 29
1
3137 139
1
3138 45
1
3139 197
0
1
3140 189
1
3141 27
0
0
1
3142 164
1
3143 268
1
3144 200
0
1
3145 181
0
1
3146 194
1
3147 242
0
1
3148 11
1
3149 297
1
3150 186
1
3151 116
1
3152 117
1
3153 35
0
1
3154 71
0
1
3155 95
1
3156 112
0
1
3157 191
1
3158 97
1
3159 11
1
3160 137
1
3161 148
1
3162 208
1
3163 81
1
3164 278
0
1
3165 235
0
1
3166 189
1
3167 68
0
1
3168 243
0
1
3169 211
0
1
3170 285
0
0
1
3171 94
1
3172 292
1
3173 36
0
0
0
1
3174 15
1
3175 216
0
1
3176 34
1
3177 280
1
3178 257
1
3179 87
1
3180 276
1
3181 169
1
3182 114
1
3183 120
1
3184 184
0
1
3185 118
1
3186 178
1
3187 22
1
3188 62
0
1
3189 102
0
1
3190 262
1
3191 129
0
1
3192 132
1
3193 268
1
3194 181
0
1
3195 210
1
3196 290
0
1
3197 241
1
3198 251
1
3199 259
1
3200 59
1
3201 136
1
3202 260
1
3203 256
1
3204 270
1
3205 289
1
3206 65
1
3207 119
1
3208 245
0
1
3209 277
1
3210 127
1
3211 5
1
3212 278
1
3213 52
1
3214 72
1
3215 100
1
3216 179
1
3217 251
1
3218 282
1
3219 137
1
3220 61
1
3221 178
1
3222 213
1
3223 88
0
1
3224 281
1
3225 240
0
0
1
3226 92
0
1
3227 102
0
0
1
3228 248
1
3229 172
1
3230 208
1
3231 58
1
3232 58
1
3233 88
1
3234 26
1
3235 241
1
3236 277
1
3237 109
1
3238 157
1
3239 226
0
1
3240 277
1
3241 255
1
3242 89
1
3243 291
0
1
3244 15
1
3245 131
0
1
3246 20
1
3247 273
1
3248 174
0
1
3249 201
0
1
3250 190
0
1
3251 13
1
3252 31
1
3253 204
1
3254 88
0
1
3255 243
0
1
3256 189
1
3257 5
0
0
1
3258 27
1
3259 101
1
3260 186
1
3261 129
0
1
3262 252
1
3263 142
1
3264 27
0
1
3265 81
1
3266 272
1
3267 139
1
3268 183
0
1
3269 73
0
1
3270 221
1
3271 213
1
3272 73
1
3273 45
0
1
3274 188
1
3275 49
1
3276 213
1
3277 57
1
3278 166
0
1
3279 208
0
1
3280 273
0
1
3281 186
1
3282 127
1
3283 217
0
0
1
3284 263
1
3285 49
1
3286 161
0
0
1
3287 100
1
3288 194
1
3289 240
0
0
0
0
1
3290 137
1
3291 226
1
3292 8
1
3293 262
0
1
3294 299
1
3295 70
1
3296 68
1
3297 103
1
3298 244
1
3299 206
0
1
3300 265
0
0
1
3301 100
1
3302 128
1
3303 69
0
0
0
1
3304 266
1
3305 95
0
1
3306 297
1
3307 219
1
3308 53
0
1
3309 276
1
3310 82
1
3311 32
0
1
3312 221
0
1
3313 260
1
3314 280
1
3315 216
1
3316 220
1
3317 242
0
1
3318 148
1
3319 150
1
3320 205
1
3321 28
1
3322 271
1
3323 34
0
1
3324 36
1
3325 205
1
3326 17
1
3327 95
1
3328 137
1
3329 78
0
1
3330 92
1
3331 182
1
3332 46
1
3333 286
1
3334 18
0
1
3335 12
0
0
1
3336 68
0
0
1
3337 183
0
1
3338 55
1
3339 287
1
3340 279
1
3341 183
1
3342 27
1
3343 2
0
1
3344 91
1
3345 287
1
3346 292
0
0
1
3347 141
0
0
0
1
3348 102
1
3349 116
1
3350 89
1
3351 43
1
3352 278
1
3353 30
0
0
1
3354 19
0
1
3355 179
1
3356 88
1
3357 108
0
0
0
0
0
1
3358 151
1
3359 236
1
3360 285
0
1
3361 208
0
1
3362 80
1
3363 114
1
3364 143
1
3365 291
1
3366 235
0
0
0
1
3367 92
0
1
3368 192
1
3369 199
1
3370 9
1
3371 132
1
3372 57
1
3373 4
1
3374 21
1
3375 215
1
3376 83
1
3377 71
0
1
3378 45
0
0
1
3379 67
1
3380 76
0
1
3381 247
1
3382 73
1
3383 202
1
3384 299
1
3385 34
1
3386 203
0
0
1
3387 271
0
0
1
3388 206
1
3389 135
1
3390 146
0
1
3391 244
1
3392 135
1
3393 281
1
3394 2
1
3395 287
1
3396 100
0
1
3397 164
0
0
1
3398 184
1
3399 204
0
1
3400 277
0
1
3401 268
1
3402 146
1
3403 148
1
3404 272
1
3405 9
0
0
1
3406 278
1
3407 43
1
3408 277
1
3409 129
0
1
3410 226
1
3411 71
1
3412 115
1
3413 181
1
3414 231
0
0
0
1
3415 63
1
3416 38
1
3417 252
1
3418 141
1
3419 272
1
3420 263
1
3421 87
1
3422 137
0
1
3423 89
1
3424 276
1
3425 135
0
1
3426 288
1
3427 25
1
3428 197
1
3429 207
1
3430 143
1
3431 72
1
3432 91
0
1
3433 4
1
3434 215
0
1
3435 277
1
3436 292
0
0
0
1
3437 277
1
3438 100
1
3439 300
0
1
3440 250
1
3441 261
0
0
0
0
1
3442 261
0
0
1
3443 87
1
3444 52
1
3445 147
1
3446 186
1
3447 196
1
3448 102
0
1
3449 8
1
3450 209
1
3451 78
1
3452 140
1
3453 25
0
1
3454 281
0
0
1
3455 214
1
3456 149
0
0
0
1
3457 260
0
1
3458 116
0
1
3459 187
0
1
3460 259
1
3461 124
1
3462 68
0
0
0
1
3463 250
1
3464 55
0
1
3465 249
0
1
3466 273
1
3467 259
1
3468 249
1
3469 154
1
3470 139
1
3471 161
0
1
3472 264
0
0
1
3473 150
0
1
3474 120
1
3475 129
1
3476 194
0
1
3477 184
0
1
3478 294
0
1
3479 10
1
3480 280
1
3481 271
1
3482 254
1
3483 169
0
1
3484 39
1
3485 281
1
3486 75
1
3487 249
1
3488 235
0
0
1
3489 72
1
3490 154
1
3491 56
0
0
1
3492 133
1
3493 177
0
0
0
1
3494 63
1
3495 236
1
3496 289
1
3497 182
0
1
3498 261
1
3499 121
0
0
1
3500 5
1
3501 182
0
1
3502 101
1
3503 155
1
3504 35
0
1
3505 248
1
3506 206
1
3507 274
1
3508 132
0
1
3509 77
0
1
3510 79
0
0
0
0
1
3511 199
1
3512 59
0
0
0
1
3513 208
0
0
0
1
3514 81
1
3515 265
0
1
3516 3
0
0
1
3517 12
0
1
3518 288
1
3519 138
1
3520 127
1
3521 72
1
3522 233
0
1
3523 70
0
1
3524 19
1
3525 23
1
3526 154
0
0
0
1
3527 2
0
0
1
3528 217
0
0
1
3529 153
0
1
3530 176
1
3531 119
1
3532 99
1
3533 42
1
3534 299
1
3535 289
1
3536 25
1
3537 290
0
1
3538 300
0
1
3539 97
0
1
3540 150
0
1
3541 103
1
3542 251
1
3543 184
1
3544 38
1
3545 82
0
1
3546 110
0
1
3547 99
1
3548 299
0
0
1
3549 202
0
1
3550 181
1
3551 106
1
3552 133
1
3553 281
1
3554 28
0
0
1
3555 110
1
3556 102
1
3557 169
1
3558 250
0
0
1
3559 185
1
3560 144
0
1
3561 101
1
3562 57
1
3563 112
0
1
3564 258
1
3565 188
1
3566 216
1
3567 228
1
3568 90
1
3569 84
0
1
3570 140
0
1
3571 226
1
3572 283
1
3573 222
1
3574 268
1
3575 168
1
3576 295
1
3577 79
0
1
3578 244
1
3579 223
1
3580 54
0
1
3581 226
1
3582 196
1
3583 292
1
3584 244
0
0
1
3585 273
1
3586 117
1
3587 233
1
3588 106
0
0
1
3589 27
1
3590 25
1
3591 116
1
3592 51
0
0
0
0
0
1
3593 38
0
1
3594 210
0
1
3595 6
0
1
3596 247
1
3597 295
1
3598 117
1
3599 226
1
3600 29
1
3601 58
0
0
1
3602 290
1
3603 239
1
3604 156
1
3605 177
0
0
0
1
3606 185
0
1
3607 167
1
3608 295
0
0
1
3609 112
0
1
3610 217
1
3611 27
1
3612 69
0
1
3613 221
1
3614 81
1
3615 70
1
3616 65
1
3617 133
0
1
3618 150
1
3619 251
1
3620 241
1
3621 137
1
3622 234
1
3623 79
1
3624 259
1
3625 167
1
3626 24
1
3627 288
0
1
3628 274
0
1
3629 279
1
3630 121
1
3631 8
1
3632 20
1
3633 193
0
1
3634 194
1
3635 147
0
0
1
3636 243
0
1
3637 274
0
0
1
3638 213
1
3639 205
0
1
3640 68
0
0
1
3641 283
1
3642 25
0
0
0
1
3643 213
0
1
3644 290
1
3645 137
1
3646 97
1
3647 136
1
3648 129
0
1
3649 236
1
3650 182
1
3651 167
0
1
3652 123
1
3653 286
1
3654 189
0
0
0
1
3655 237
1
3656 89
0
0
0
1
3657 131
1
3658 144
1
3659 125
0
1
3660 292
0
1
3661 204
0
1
3662 68
1
3663 45
1
3664 124
0
1
3665 263
1
3666 297
0
0
1
3667 259
1
3668 11
1
3669 214
0
1
3670 45
1
3671 251
1
3672 10
1
3673 134
1
3674 147
0
0
0
1
3675 183
1
3676 23
1
3677 258
1
3678 255
1
3679 251
1
3680 160
1
3681 144
1
3682 300
0
0
1
3683 30
1
3684 76
0
1
3685 6
1
3686 73
0
1
3687 256
0
1
3688 273
1
3689 266
1
3690 143
0
1
3691 77
1
3692 276
1
3693 107
1
3694 239
0
1
3695 132
0
1
3696 57
1
3697 122
0
0
1
3698 22
0
1
3699 208
0
0
0
1
3700 167
0
0
1
3701 160
1
3702 247
0
1
3703 264
1
3704 99
0
0
1
3705 69
1
3706 185
1
3707 19
0
1
3708 14
0
1
3709 169
0
1
3710 154
0
1
3711 268
1
3712 88
1
3713 289
1
3714 167
0
1
3715 262
0
1
3716 203
0
1
3717 194
0
0
0
0
0
0
1
3718 198
1
3719 107
0
0
1
3720 222
1
3721 186
1
3722 76
0
1
3723 235
1
3724 224
1
3725 76
1
3726 263
0
0
1
3727 208
0
1
3728 145
1
3729 167
1
3730 241
0
1
3731 38
0
1
3732 27
0
0
1
3733 20
0
0
1
3734 128
1
3735 112
0
1
3736 65
1
3737 27
0
1
3738 25
0
0
1
3739 154
1
3740 121
1
3741 26
1
3742 73
1
3743 188
1
3744 231
1
3745 92
1
3746 161
1
3747 203
1
3748 181
1
3749 172
0
1
3750 82
1
3751 79
1
3752 93
0
1
3753 288
0
0
1
3754 275
0
1
3755 112
1
3756 82
1
3757 66
0
0
1
3758 284
1
3759 131
1
3760 237
0
0
0
1
3761 18
0
0
1
3762 84
1
3763 281
1
3764 212
1
3765 115
0
1
3766 235
1
3767 177
1
3768 149
1
3769 82
1
3770 270
1
3771 199
0
0
1
3772 128
1
3773 155
1
3774 195
1
3775 60
0
1
3776 147
0
1
3777 9
1
3778 16
1
3779 4
1
3780 143
1
3781 170
0
0
0
1
3782 277
0
1
3783 262
0
1
3784 154
0
1
3785 110
1
3786 27
1
3787 260
1
3788 245
1
3789 286
1
3790 282
0
0
0
0
0
0
0
0
0
0
0
1
3791 204
1
3792 234
1
3793 48
1
3794 80
0
0
0
1
3795 201
0
1
3796 136
0
1
3797 245
1
3798 63
0
1
3799 36
1
3800 218
0
0
0
0
1
3801 200
0
1
3802 214
0
1
3803 217
1
3804 251
1
3805 161
0
1
3806 169
1
3807 47
0
1
3808 111
0
1
3809 168
1
3810 61
1
3811 184
1
3812 184
0
1
3813 92
1
3814 239
1
3815 86
0
1
3816 262
1
3817 108
1
3818 275
1
3819 205
1
3820 178
0
0
1
3821 164
1
3822 187
0
0
1
3823 14
1
3824 227
0
0
1
3825 214
1
3826 164
0
0
0
1
3827 24
1
3828 207
0
1
3829 222
0
1
3830 203
0
1
3831 221
1
3832 38
0
1
3833 268
0
1
3834 74
0
1
3835 296
0
1
3836 203
0
0
1
3837 97
0
1
3838 63
1
3839 89
1
3840 23
1
3841 8
1
3842 51
1
3843 136
0
0
1
3844 54
1
3845 87
0
1
3846 107
1
3847 181
0
0
0
0
1
3848 191
0
1
3849 52
0
1
3850 65
1
3851 215
1
3852 72
0
1
3853 192
1
3854 116
1
3855 57
0
1
3856 296
1
3857 41
1
3858 49
0
1
3859 72
1
3860 82
1
3861 218
1
3862 102
0
1
3863 292
0
1
3864 80
1
3865 94
1
3866 31
0
0
1
3867 285
1
3868 228
1
3869 288
1
3870 60
0
0
1
3871 148
1
3872 85
0
0
1
3873 34
1
3874 122
1
3875 91
0
1
3876 272
0
1
3877 249
1
3878 108
1
3879 179
0
1
3880 87
1
3881 27
1
3882 196
1
3883 279
1
3884 228
0
0
1
3885 23
1
3886 135
1
3887 296
0
1
3888 225
1
3889 225
0
0
0
0
1
3890 143
0
0
1
3891 192
0
0
0
1
3892 172
0
1
3893 230
1
3894 18
0
0
0
1
3895 83
0
1
3896 122
1
3897 273
0
0
0
1
3898 290
1
3899 132
1
3900 70
1
3901 40
1
3902 225
0
0
1
3903 256
0
0
1
3904 118
1
3905 259
0
1
3906 45
0
0
1
3907 6
1
3908 180
0
0
1
3909 142
1
3910 200
0
1
3911 224
1
3912 198
0
0
0
1
3913 14
1
3914 32
0
0
1
3915 133
1
3916 34
1
3917 65
1
3918 44
1
3919 177
0
1
3920 233
1
3921 129
1
3922 251
0
0
0
1
3923 277
0
1
3924 163
0
0
0
1
3925 200
1
3926 84
0
1
3927 83
1
3928 212
0
1
3929 104
1
3930 67
1
3931 222
1
3932 141
0
0
1
3933 133
1
3934 115
1
3935 281
0
1
3936 192
0
1
3937 29
0
1
3938 284
1
3939 124
0
1
3940 2
1
3941 223
1
3942 290
1
3943 188
0
1
3944 152
1
3945 35
0
1
3946 23
0
0
0
0
0
1
3947 291
1
3948 203
1
3949 216
0
0
1
3950 76
0
0
0
0
1
3951 159
1
3952 107
1
3953 170
0
0
1
3954 261
1
3955 260
1
3956 71
1
3957 290
1
3958 68
0
0
1
3959 194
1
3960 246
0
1
3961 139
0
1
3962 141
0
1
3963 27
0
0
1
3964 69
1
3965 141
0
0
1
3966 168
0
1
3967 145
0
0
1
3968 20
1
3969 268
1
3970 96
1
3971 219
1
3972 130
1
3973 215
1
3974 175
0
0
1
3975 128
0
0
0
0
1
3976 265
1
3977 107
1
3978 143
0
1
3979 106
0
1
3980 277
0
1
3981 209
1
3982 196
1
3983 295
0
1
3984 35
0
0
0
0
0
0
1
3985 97
0
1
3986 71
1
3987 226
1
3988 279
1
3989 11
1
3990 152
1
3991 61
0
1
3992 181
1
3993 174
0
1
3994 252
1
3995 279
0
0
0
1
3996 260
0
0
0
1
3997 104
1
3998 136
1
3999 187
1
4000 29
1
4001 284
1
4002 199
0
1
4003 117
0
1
4004 48
1
4005 275
0
0
1
4006 139
1
4007 213
1
4008 25
1
4009 66
1
4010 77
1
4011 27
1
4012 214
0
1
4013 89
1
4014 26
0
1
4015 283
1
4016 214
1
4017 87
1
4018 174
0
1
4019 270
0
0
1
4020 101
0
1
4021 237
0
1
4022 80
0
1
4023 156
0
0
0
1
4024 183
1
4025 137
1
4026 272
1
4027 80
1
4028 93
1
4029 273
1
4030 73
0
0
1
4031 275
1
4032 240
0
0
1
4033 67
1
4034 276
0
0
1
4035 63
1
4036 195
0
1
4037 6
1
4038 105
0
0
0
1
4039 205
0
0
1
4040 82
1
4041 204
1
4042 279
0
1
4043 141
0
0
1
4044 267
1
4045 232
1
4046 161
1
4047 34
1
4048 188
1
4049 99
1
4050 142
0
1
4051 116
0
1
4052 274
1
4053 204
0
1
4054 265
1
4055 278
1
4056 237
0
1
4057 12
1
4058 166
1
4059 114
1
4060 221
1
4061 290
0
0
0
0
0
0
1
4062 55
0
1
4063 33
0
1
4064 189
0
0
1
4065 122
1
4066 102
1
4067 99
0
0
1
4068 40
1
4069 171
0
0
0
1
4070 106
0
0
1
4071 228
1
4072 18
0
1
4073 75
1
4074 123
0
1
4075 16
0
1
4076 21
1
4077 59
0
0
1
4078 185
1
4079 42
0
1
4080 281
1
4081 113
0
1
4082 30
0
1
4083 86
1
4084 195
1
4085 10
0
0
0
0
0
0
1
4086 77
0
0
1
4087 93
0
0
0
1
4088 102
0
0
1
4089 77
1
4090 102
1
4091 242
1
4092 224
0
1
4093 164
1
4094 189
0
0
1
4095 139
1
4096 148
1
4097 225
1
4098 197
1
4099 57
1
4100 203
1
4101 299
1
4102 139
1
4103 261
0
0
0
0
1
4104 20
0
1
4105 41
0
1
4106 47
0
1
4107 242
0
1
4108 290
1
4109 99
1
4110 277
0
1
4111 155
0
0
0
0
0
1
4112 8
1
4113 159
0
1
4114 75
0
1
4115 138
0
0
0
1
4116 136
1
4117 276
1
4118 296
0
0
0
0
1
4119 102
1
4120 263
1
4121 72
0
0
1
4122 104
1
4123 127
1
4124 232
0
0
0
1
4125 167
1
4126 62
1
4127 89
1
4128 151
0
0
1
4129 193
0
0
0
0
0
0
0
1
4130 68
0
1
4131 30
0
0
0
1
4132 208
1
4133 132
0
1
4134 119
1
4135 255
0
0
1
4136 219
0
0
1
4137 252
0
0
0
0
0
1
4138 269
1
4139 184
0
0
1
4140 230
0
0
1
4141 158
1
4142 212
0
1
4143 181
1
4144 212
1
4145 238
1
4146 91
1
4147 33
1
4148 101
0
1
4149 81
1
4150 126
0
0
0
0
0
0
0
1
4151 120
0
0
0
0
1
4152 156
0
0
0
0
1
4153 123
0
1
4154 235
1
4155 250
1
4156 106
1
4157 112
1
4158 163
0
0
1
4159 55
0
0
0
1
4160 70
0
0
1
4161 212
0
1
4162 169
0
1
4163 136
1
4164 274
0
1
4165 191
1
4166 103
1
4167 215
1
4168 291
1
4169 41
1
4170 299
0
1
4171 30
0
0
0
1
4172 69
0
1
4173 180
1
4174 139
1
4175 239
0
0
1
4176 69
0
1
4177 187
0
0
0
0
1
4178 227
1
4179 100
1
4180 11
1
4181 164
1
4182 49
1
4183 142
1
4184 288
0
0
0
1
4185 204
0
1
4186 22
0
1
4187 48
1
4188 298
1
4189 249
1
4190 128
0
0
0
0
0
0
0
0
0
1
4191 62
1
4192 122
0
1
4193 149
0
0
0
1
4194 241
0
0
0
0
0
1
4195 132
0
1
4196 296
0
1
4197 215
0
0
0
0
1
4198 125
0
0
0
0
0
0
1
4199 17
0
0
0
0
1
4200 61
1
4201 106
0
0
1
4202 201
0
1
4203 236
1
4204 83
0
0
0
0
0
1
4205 105
0
0
0
1
4206 100
0
0
1
4207 152
0
1
4208 28
0
0
0
1
4209 62
0
1
4210 262
1
4211 214
0
1
4212 280
0
0
0
1
4213 110
0
1
4214 47
0
0
1
4215 106
1
4216 45
1
4217 186
0
1
4218 263
0
1
4219 16
0
1
4220 22
1
4221 236
0
0
0
1
4222 161
0
1
4223 33
1
4224 106
0
0
0
1
4225 106
1
4226 273
1
4227 69
1
4228 140
1
4229 280
1
4230 39
1
4231 79
0
1
4232 5
0
1
4233 171
0
0
0
0
0
0
1
4234 89
1
4235 186
1
4236 198
0
0
0
1
4237 217
0
1
4238 298
1
4239 182
1
4240 103
0
0
0
0
0
1
4241 164
1
4242 35
0
0
1
4243 4
1
4244 148
1
4245 74
0
0
1
4246 234
0
1
4247 139
0
0
0
1
4248 259
1
4249 100
0
0
1
4250 275
1
4251 195
0
0
1
4252 293
0
1
4253 92
0
0
0
0
1
4254 87
1
4255 274
0
0
1
4256 260
1
4257 106
0
1
4258 205
1
4259 47
0
0
1
4260 163
0
0
1
4261 192
0
0
0
1
4262 122
1
4263 202
0
0
0
1
4264 211
0
0
1
4265 245
1
4266 79
1
4267 110
0
0
1
4268 31
0
0
0
0
1
4269 100
0
0
0
1
4270 76
1
4271 145
0
0
1
4272 81
0
0
1
4273 24
1
4274 84
0
0
1
4275 52
0
0
0
1
4276 164
1
4277 271
1
4278 74
1
4279 120
0
0
1
4280 19
0
0
0
0
0
1
4281 261
0
1
4282 197
1
4283 246
1
4284 213
1
4285 268
0
1
4286 273
0
0
1
4287 174
1
4288 115
1
4289 204
1
4290 151
0
1
4291 261
1
4292 265
1
4293 166
0
0
0
0
1
4294 110
0
0
0
0
0
0
0
1
4295 211
0
1
4296 142
0
0
1
4297 114
1
4298 159
0
0
1
4299 291
0
0
0
1
4300 140
1
4301 199
1
4302 102
1
4303 216
0
0
1
4304 91
1
4305 15
0
1
4306 86
1
4307 289
1
4308 176
1
4309 125
0
0
0
0
0
0
0
0
1
4310 149
0
0
0
0
0
0
0
0
0
0
1
4311 194
0
1
4312 60
0
0
0
0
0
1
4313 296
1
4314 73
0
0
1
4315 50
0
0
0
1
4316 31
0
0
0
0
0
1
4317 241
0
1
4318 296
0
0
0
1
4319 9
0
1
4320 147
0
0
1
4321 192
1
4322 49
0
0
1
4323 85
1
4324 29
0
0
0
0
0
0
1
4325 3
0
0
0
1
4326 100
0
1
4327 107
1
4328 46
0
1
4329 179
0
0
0
1
4330 165
0
0
0
0
0
0
0
1
4331 27
0
0
0
0
0
0
0
1
4332 55
1
4333 266
0
0
0
0
0
1
4334 137
0
1
4335 220
0
1
4336 275
0
1
4337 272
0
0
0
0
0
1
4338 203
0
0
1
4339 246
0
0
0
0
0
0
1
4340 13
1
4341 226
0
1
4342 37
0
0
0
0
1
4343 211
0
0
0
0
1
4344 148
0
1
4345 140
1
4346 206
0
1
4347 109
0
0
1
4348 56
0
0
1
4349 119
0
0
0
1
4350 139
1
4351 268
1
4352 259
0
0
0
1
4353 156
1
4354 206
0
0
0
0
0
1
4355 263
0
0
0
1
4356 296
0
0
0
1
4357 161
0
1
4358 232
0
0
0
0
1
4359 61
1
4360 276
0
1
4361 300
0
0
1
4362 259
0
0
0
0
1
4363 139
0
1
4364 251
0
0
1
4365 127
1
4366 124
0
0
0
1
4367 263
0
1
4368 299
0
0
0
0
0
1
4369 32
0
0
0
0
1
4370 282
0
0
0
0
0
1
4371 30
0
0
1
4372 290
0
1
4373 162
1
4374 260
1
4375 33
0
1
4376 281
0
0
0
0
1
4377 38
0
0
1
4378 30
0
0
1
4379 2
0
1
4380 196
0
1
4381 248
0
0
0
0
0
0
0
1
4382 48
0
1
4383 147
1
4384 164
1
4385 98
0
1
4386 290
0
0
0
1
4387 180
1
4388 223
0
1
4389 9
1
4390 264
1
4391 151
0
0
1
4392 71
1
4393 40
1
4394 136
0
0
0
0
0
0
0
0
0
0
0
1
4395 266
1
4396 264
1
4397 81
0
0
0
0
0
0
0
1
4398 225
0
0
0
1
4399 205
0
0
1
4400 93
1
4401 221
1
4402 53
0
1
4403 4
0
0
0
1
4404 162
0
1
4405 19
0
0
0
1
4406 104
0
0
0
0
0
0
1
4407 35
0
0
0
0
0
1
4408 181
1
4409 8
0
0
1
4410 45
1
4411 213
0
1
4412 108
1
4413 119
1
4414 122
0
0
0
0
1
4415 68
1
4416 167
1
4417 260
0
0
0
0
0
0
1
4418 178
0
0
0
0
0
1
4419 60
0
0
0
1
4420 194
0
0
0
0
0
1
4421 292
0
0
0
0
0
1
4422 39
1
4423 165
1
4424 199
0
1
4425 163
1
4426 287
0
1
4427 296
0
0
0
0
0
1
4428 287
0
1
4429 69
0
0
0
1
4430 22
0
0
1
4431 74
1
4432 38
1
4433 106
0
1
4434 275
0
0
0
1
4435 166
0
0
0
0
0
1
4436 194
1
4437 110
0
1
4438 202
0
1
4439 48
1
4440 139
1
4441 181
0
1
4442 93
1
4443 233
0
0
1
4444 99
0
0
1
4445 67
1
4446 8
0
1
4447 53
0
1
4448 137
0
1
4449 126
0
0
0
0
0
0
0
0
0
0
0
1
4450 53
0
0
0
1
4451 56
0
0
1
4452 227
0
1
4453 21
0
0
0
0
0
0
0
1
4454 145
0
0
0
0
0
0
1
4455 254
1
4456 27
0
0
0
1
4457 51
1
4458 110
0
0
1
4459 89
1
4460 106
0
0
1
4461 144
1
4462 234
0
0
1
4463 93
1
4464 69
0
0
0
0
0
1
4465 261
0
1
4466 68
0
1
4467 105
1
4468 8
0
0
0
0
0
0
1
4469 23
1
4470 204
1
4471 101
0
0
0
0
1
4472 213
1
4473 259
0
0
0
1
4474 114
0
1
4475 263
0
0
0
0
0
1
4476 164
1
4477 147
1
4478 136
0
0
0
0
0
0
1
4479 110
0
1
4480 119
0
0
0
1
4481 46
0
1
4482 260
0
1
4483 174
0
1
4484 196
0
1
4485 177
0
0
0
1
4486 300
0
0
0
0
0
0
0
1
4487 279
0
1
4488 104
0
0
0
0
0
1
4489 94
0
0
1
4490 242
0
0
0
0
1
4491 46
1
4492 137
0
0
1
4493 161
0
1
4494 29
0
0
0
0
0
1
4495 98
0
1
4496 135
0
0
0
1
4497 272
0
1
4498 274
0
1
4499 188
1
4500 50
1
4501 261
0
1
4502 32
0
0
0
0
0
0
0
1
4503 119
0
0
1
4504 225
0
0
0
0
1
4505 181
0
0
0
0
0
1
4506 209
0
0
0
0
0
0
1
4507 95
0
0
0
0
0
1
4508 27
1
4509 93
1
4510 242
0
0
0
0
0
0
0
0
0
1
4511 282
0
0
0
1
4512 275
0
0
0
0
0
1
4513 300
0
0
0
0
0
0
0
0
0
0
0
0
0
0
1
4514 197
0
1
4515 184
0
1
4516 273
0
0
1
4517 281
0
0
0
1
4518 53
0
0
0
0
0
0
0
0
0
0
0
0
0
1
4519 138
1
4520 206
0
1
4521 267
1
4522 85
0
0
0
0
0
0
0
0
1
4523 296
0
0
0
1
4524 48
0
0
1
4525 127
0
0
1
4526 63
0
0
0
1
4527 198
0
0
0
1
4528 183
0
0
0
0
0
1
4529 114
0
0
0
1
4530 77
0
0
0
0
0
0
0
0
0
0
0
1
4531 257
0
0
0
0
0
1
4532 220
0
0
0
0
0
0
0
0
1
4533 145
1
4534 33
0
0
1
4535 6
0
0
0
0
0
1
4536 135
0
0
0
1
4537 57
1
4538 64
1
4539 205
0
0
0
1
4540 193
0
0
0
1
4541 230
0
0
0
0
0
0
0
0
1
4542 114
0
0
0
0
0
0
0
1
4543 191
0
0
1
4544 152
0
1
4545 264
1
4546 83
0
0
0
1
4547 222
0
0
0
0
0
1
4548 190
0
0
0
0
1
4549 184
0
0
0
0
0
1
4550 51
0
0
0
0
0
0
0
1
4551 172
0
0
0
1
4552 117
0
1
4553 158
1
4554 213
0
1
4555 299
0
0
0
0
0
0
0
0
0
0
0
1
4556 203
0
1
4557 232
0
1
4558 55
0
0
0
0
0
0
1
4559 102
1
4560 216
0
1
4561 84
0
0
0
0
1
4562 56
0
0
0
0
0
0
1
4563 196
0
0
0
0
0
0
0
0
0
1
4564 76
1
4565 266
1
4566 225
0
1
4567 137
0
1
4568 245
0
0
0
0
0
0
1
4569 251
0
1
4570 206
0
0
0
0
0
0
1
4571 54
0
1
4572 225
0
0
0
0
0
0
0
0
0
0
1
4573 137
0
0
0
0
0
0
0
0
0
1
4574 238
1
4575 198
0
0
0
0
0
0
0
0
0
0
0
0
0
0
0
0
0
0
0
0
0
0
0
0
0
0
1
4576 127
0
0
0
0
0
0
0
0
0
1
4577 52
0
0
0
0
0
1
4578 28
1
4579 198
1
4580 284
0
0
0
0
0
0
0
0
0
1
4581 152
0
0
0
0
0
1
4582 236
0
0
0
1
4583 262
0
1
4584 14
0
0
0
1
4585 265
0
0
0
0
0
0
0
0
0
1
4586 102
0
0
0
0
0
0
0
0
0
0
0
0
0
0
0
0
0
0
0
0
1
4587 250
0
1
4588 240
1
4589 16
0
0
1
4590 102
0
0
1
4591 104
0
0
0
0
0
0
0
0
0
0
0
0
0
0
0
0
0
0
1
4592 23
1
4593 11
0
0
0
0
0
1
4594 223
0
0
0
0
0
0
0
0
0
0
0
0
0
0
0
0
1
4595 149
0
0
0
0
0
0
0
0
0
1
4596 282
0
0
0
0
0
1
4597 48
0
0
0
0
1
4598 294
1
4599 237
0
0
0
1
4600 66
1
4601 249
0
0
0
0
0
1
4602 25
0
0
0
0
0
0
0
0
0
0
0
0
0
0
0
0
1
4603 245
0
0
0
1
4604 137
0
0
0
1
4605 90
0
0
0
1
4606 267
1
4607 95
0
0
0
0
1
4608 275
0
0
0
0
0
0
0
1
4609 225
1
4610 96
0
0
0
0
0
0
0
1
4611 114
0
0
0
0
0
0
1
4612 235
0
1
4613 243
1
4614 290
0
0
0
0
0
0
0
0
0
0
0
0
0
1
4615 40
0
0
0
0
0
0
1
4616 147
0
0
0
0
1
4617 197
0
0
0
1
4618 201
0
0
1
4619 62
0
0
0
0
0
0
0
1
4620 89
1
4621 46
0
0
0
1
4622 259
0
0
0
0
0
0
0
0
0
0
0
0
0
1
4623 168
0
0
0
0
0
0
0
0
0
0
0
1
4624 152
0
0
1
4625 251
0
0
0
0
0
0
0
0
0
0
0
0
1
4626 266
0
1
4627 161
0
1
4628 259
0
1
4629 176
0
0
0
0
0
1
4630 205
0
0
0
1
4631 70
1
4632 84
0
0
0
0
0
0
0
1
4633 299
0
0
0
0
0
1
4634 149
0
0
0
0
0
0
0
0
1
4635 183
0
1
4636 126
0
0
0
0
0
0
0
0
1
4637 46
1
4638 37
0
0
0
0
0
0
0
0
0
1
4639 215
0
0
0
0
1
4640 79
0
0
0
0
1
4641 292
0
0
0
0
1
4642 217
1
4643 239
0
0
0
0
0
0
0
0
1
4644 254
0
0
0
0
0
1
4645 205
0
0
0
0
0
0
0
0
0
0
1
4646 51
0
0
0
0
0
0
0
1
4647 106
0
0
0
0
0
1
4648 72
0
0
0
0
0
0
0
0
1
4649 69
0
0
0
0
0
0
0
0
1
4650 192
0
0
0
0
0
0
0
0
0
0
0
0
1
4651 41
0
0
1
4652 137
0
0
0
0
0
0
0
0
0
1
4653 141
0
0
0
0
0
0
1
4654 170
0
0
1
4655 276
1
4656 198
0
0
0
1
4657 281
0
0
0
0
0
0
1
4658 102
0
0
0
0
0
0
0
0
1
4659 34
1
4660 164
0
0
0
0
0
0
0
0
0
0
0
1
4661 83
0
0
0
1
4662 137
0
0
0
0
0
0
0
0
1
4663 164
0
0
0
0
0
0
0
0
1
4664 173
0
0
0
0
0
0
1
4665 114
0
0
0
1
4666 228
0
0
0
0
0
0
0
0
0
1
4667 288
0
1
4668 123
0
0
0
0
0
1
4669 156
0
0
0
0
1
4670 251
0
0
0
0
0
0
0
0
0
0
0
0
0
0
0
0
1
4671 260
0
0
1
4672 61
0
0
0
1
4673 260
0
0
0
0
0
0
0
0
0
0
0
0
0
1
4674 210
0
0
0
0
0
0
0
0
0
0
0
0
0
1
4675 16
0
0
1
4676 202
1
4677 32
0
0
0
0
0
0
0
0
1
4678 268
0
0
0
0
0
0
0
1
4679 90
0
0
0
1
4680 173
0
0
1
4681 143
0
0
0
0
0
0
0
0
0
0
0
0
0
0
0
0
0
0
0
0
1
4682 113
0
0
0
0
0
0
0
0
0
0
0
1
4683 139
0
0
0
0
0
0
0
0
0
0
0
0
0
0
0
0
0
0
0
0
0
0
1
4684 170
0
0
0
0
1
4685 92
0
0
0
0
0
0
0
0
0
0
0
0
0
0
0
0
0
0
0
0
0
0
1
4686 110
1
4687 159
0
0
0
0
1
4688 32
0
0
1
4689 238
0
0
0
0
0
0
1
4690 251
0
0
0
0
0
0
0
0
0
0
1
4691 80
0
0
1
4692 298
1
4693 280
0
0
0
0
0
0
0
0
0
0
0
0
0
0
0
0
0
0
0
0
0
0
0
0
0
0
0
0
0
1
4694 229
0
0
0
0
0
0
0
0
0
0
0
1
4695 266
0
0
0
0
0
0
0
0
0
1
4696 210
0
0
0
0
0
0
0
0
0
0
0
0
1
4697 299
0
0
0
0
0
0
0
0
0
0
0
0
0
0
0
0
1
4698 73
0
0
0
0
0
0
0
0
0
0
0
1
4699 151
0
1
4700 220
0
0
0
0
0
0
0
1
4701 130
0
0
0
1
4702 160
0
1
4703 60
0
0
0
0
0
0
1
4704 168
0
0
0
0
0
0
0
0
0
0
1
4705 279
1
4706 60
0
0
0
0
0
0
0
0
0
0
0
0
0
0
0
0
0
0
0
0
0
0
0
0
0
0
0
0
0
0
1
4707 97
0
0
0
0
0
0
0
0
0
0
0
0
0
0
0
0
0
0
1
4708 214
0
0
0
0
0
0
1
4709 51
0
0
0
0
0
0
0
0
0
0
0
0
0
0
0
0
0
0
0
0
0
0
0
0
0
0
0
0
0
0
0
0
0
0
0
0
0
0
0
0
0
0
0
0
0
0
0
0
0
0
0
0
0
0
0
0
0
0
0
0
0
0
0
1
4710 2
0
0
0
0
0
0
0
0
0
0
0
0
0
0
0
0
0
0
0
0
0
0
0
0
0
1
4711 290
0
0
0
0
0
0
0
0
0
0
0
0
0
0
0
0
0
0
0
0
0
0
0
0
0
0
0
0
0
0
0
1
4712 82
0
0
0
0
0
0
0
0
0
0
0
0
0
0
0
0
0
0
0
0
0
0
0
0
0
0
0
0
0
0
0
0
0
0
0
0
0
0
0
0
0
0
0
0
0
0
0
0
0
0
0
0
0
0
0
0
0
0
0
0
0
0
0
0
0
0
0
0
0
0
0
0
0
0
0
0
0
0
0
0
0
0
0
0
0
0
0
0
0
0
0
0
0
0
0
0
0
0
0
0
0
0
0
0
0
0
0
0
0
0
0
0
0
0
0
0
0
0
0
0
0
0
0
0
0
0
0
0
0
0
0
0
0
0
0
0
0
0
0
0
0
0
0
0
0
0
0
0
0
0
0
0
0
0
0
0
0
0
0
0
0
0
0
0
0
0
0
0
0
0
0
0
0
0
0
0
0
0
0
0
0
0
0
0
0
0
0
0
1
4713 276
0
0
0
0
0
0
0
0
0
0
0
0
0
0
0
0
0
0
0
0
0
0
0
0
0
0
0
0
0
0
0
0
0
0
0
0
0
0
0
0
0
0
0
0
0
0
0
0
0
0
0
0
0
0
0
0
0
0
0
0
0
0
0
0
0
0
0
0
0
0
0
0
0
0
0
0
0
0
0
0
0
0
0
0
0
0
0
0
0
0
0
0
0
0
0
0
0
0
0
0
0
0
0
0
0
0
0
0
0
0
0
0
0
0
0
0
0
0
0
0
0
0
0
0
0
0
0
0
0
0
0
0
0
0
0
0
0
0
0
0
0
0
0
0
0
0
0
0
0
0
0
0
0
0
0
0
0
0
0
0
0
0
0
0
0
0
0
0
0
0
0
0
0
0
0
0
0
0
0
0
0
0
0
0
0
0
0
0
0
0
0
0
0
0
0
0
0
0
0
0
0
0
0
0
0
0
0
0
0
0
0
0
0
0
0
0
0
0
0
0
0
0
0
0
0
0
0
0
0
0
0
0
0
0
0
0
0
0
0
0
0
0
0
0
0
0
0
0
0
0
0
0
0
0
0
0
0
0
0
0
0
0
0
0
0
0
0
0
0
0
0
0
0
0
0
0
0
0
0
0
0
0
0
0
0
0
0
0
0
0
0
0
0
0
0
0
0
0
0
0
0
0
0
0
0
0
0
0
0
0
0
0
0
0
0
0
0
0
0
0
0
0
0
0
0
0
0
0
0
0
0
0
0
0
0
0
0
0
0
0
0
0
0
0
0
0
0
0
0
0
0
0
0
0
0
0
0
0
0
0
0
0
0
0
0
0
0
0
0
0
0
0
0
0
0
0
0
0
0
0
0
0
0
0
0
0
0
0
0
0
0
0
0
0
0
0
0
0
0
0
0
0
0
0
0
0
0
0
0
0
0
0
0
0
0
0
0
0
0
0
0
0
0
0
0
0
0
0
0
0
0
0
0
0
0
0
0
0
0
0
0
0
0
0
0
0
0
0
0
0
0
0
0
0
0
0
0
0
0
0
0
0
0
0
0
0
0
0
0
0
0
0
0
0
0
0
0
0
0
0
0
0
0
0
0
0
0
0
0
0
0
0
0
0
0
0
0
0
0
0
0
0
0
0
0
0
0
0
0
0
0
0
0
0
0
0
0
0
0
0
0
0
0
0
0
0
0
0
0
0
0
0
0
0
0
0
0
0
0
0
0
0
0
0
0
0
0
0
0
0
0
0
0
0
0
0
0
0
0
0
0
0
0
0
0
0
0
0
0
0
0
0
