292 542
141 109 3
38 144 5
185 190 3
15 130 4
137 187 2
273 196 6
220 180 5
181 213 2
20 230 3
1 38 4
205 84 4
160 112 3
206 169 5
192 83 3
57 146 4
271 34 5
194 61 4
222 251 6
57 41 3
14 95 4
152 244 5
205 90 4
39 150 3
211 167 5
120 253 4
59 164 4
206 186 3
165 226 2
188 248 4
83 249 4
216 103 3
34 26 3
266 21 4
162 275 2
200 177 2
157 100 3
284 124 4
202 80 3
145 60 3
151 48 2
228 152 3
270 93 3
136 10 4
237 101 3
119 220 4
78 205 3
235 267 3
119 198 5
192 6 3
138 214 3
235 182 3
132 67 4
29 25 4
62 269 4
102 284 3
289 78 2
44 28 5
145 144 2
63 275 2
90 289 3
89 156 3
169 120 3
243 176 3
165 56 4
154 52 3
217 7 2
266 156 2
142 278 3
134 197 4
68 290 4
100 122 3
167 130 3
57 87 5
3 77 2
283 84 4
168 274 4
9 242 5
40 240 3
135 50 4
77 190 2
132 245 3
240 18 3
25 89 2
27 265 4
211 163 3
114 226 3
229 218 2
237 179 2
150 233 3
8 28 3
155 269 4
96 140 3
164 8 3
206 136 4
252 248 2
219 221 4
218 63 3
227 268 3
86 133 2
74 51 5
268 101 3
193 68 4
92 172 3
71 17 4
157 185 2
70 250 3
289 81 3
246 99 3
253 44 5
40 3 2
3 178 3
184 172 3
159 55 3
13 291 3
42 180 4
118 141 3
4 95 4
212 61 3
105 9 4
143 8 3
124 71 4
207 234 3
22 117 3
133 22 3
59 81 1
213 1 4
32 164 5
37 36 2
262 88 3
129 276 4
261 152 3
97 31 3
145 1 4
47 181 2
184 250 5
29 96 3
86 67 4
241 32 3
17 19 3
6 265 3
138 168 2
150 13 3
162 231 3
18 3 3
166 128 4
51 55 5
52 71 2
267 16 4
52 272 3
91 202 3
116 171 5
21 134 2
101 88 2
97 50 3
233 260 4
59 90 3
251 128 3
20 208 4
102 179 3
24 152 4
15 202 5
259 209 3
276 261 2
47 259 4
105 48 4
247 62 3
70 207 2
277 291 4
168 278 3
139 197 3
209 181 3
288 45 4
255 292 4
75 33 3
15 164 5
264 128 3
243 193 5
149 258 4
240 57 4
31 129 3
81 219 3
25 219 3
200 187 3
108 119 3
88 142 4
136 113 3
258 261 1
134 139 3
10 83 5
158 19 3
38 226 4
123 272 4
113 116 5
238 100 2
195 17 4
227 69 3
278 214 4
111 194 3
121 48 5
33 204 4
204 287 4
189 155 3
201 183 4
238 257 3
203 257 5
96 25 1
119 254 3
183 199 4
94 153 4
65 108 3
97 76 4
5 182 3
121 207 5
46 182 3
208 283 4
162 79 3
158 255 3
92 285 4
255 34 5
280 120 3
46 16 3
147 280 4
82 5 3
64 110 4
24 160 3
114 166 3
168 214 4
159 74 3
272 224 3
151 263 4
148 149 3
107 291 4
125 199 1
37 102 3
17 154 3
37 74 4
282 242 3
197 266 2
260 212 4
66 16 3
159 260 4
245 170 2
82 54 3
55 30 2
51 279 3
231 235 2
76 175 3
55 194 3
16 182 4
212 92 3
65 24 2
43 222 2
179 101 2
103 223 4
53 113 2
263 199 5
258 276 2
217 163 3
233 12 5
215 155 6
280 161 3
248 187 3
292 126 2
32 243 4
65 198 3
271 174 3
118 262 4
72 275 3
98 46 3
53 171 3
117 239 4
226 166 3
124 75 3
68 122 4
163 22 4
189 211 3
99 176 3
73 66 3
175 30 3
286 178 4
228 65 4
152 276 3
204 35 3
117 133 4
174 34 4
169 147 3
193 99 4
74 39 5
21 210 4
256 283 3
2 112 4
252 137 2
175 204 3
9 288 3
160 229 2
230 270 3
9 282 4
106 189 3
210 208 4
290 141 4
62 215 3
131 80 5
282 48 3
216 87 4
126 35 2
76 236 3
30 194 4
26 174 3
282 105 3
144 128 5
14 250 3
115 171 5
172 23 5
146 27 3
135 64 4
7 130 3
86 117 2
183 263 4
221 67 1
281 247 3
137 4 3
109 85 4
286 136 3
61 173 4
18 41 4
271 79 3
122 274 3
188 94 4
83 225 5
54 270 1
62 281 4
140 84 4
71 224 4
232 262 3
127 170 3
179 36 4
133 67 3
60 191 2
195 124 3
279 37 4
286 186 2
185 238 2
257 49 3
72 231 2
185 77 4
195 292 3
115 249 5
54 230 2
13 234 2
79 63 4
36 39 4
95 121 2
195 35 4
186 10 3
30 33 3
45 252 4
165 170 3
20 270 2
111 76 3
43 215 5
147 91 3
255 148 4
144 191 4
59 78 3
123 118 3
279 284 3
88 214 3
187 69 3
115 192 5
11 105 4
43 114 4
174 5 5
143 161 3
56 247 1
170 38 3
132 266 3
73 191 5
29 90 3
28 161 3
251 196 4
278 177 4
108 220 3
167 80 4
151 11 3
123 109 4
11 125 3
150 107 3
106 167 4
232 102 4
156 21 4
169 116 3
259 73 5
4 277 3
220 254 3
54 93 5
162 72 3
122 193 3
236 50 3
70 13 3
97 64 4
285 12 3
41 238 4
149 2 3
223 58 4
213 60 4
173 111 3
153 248 2
68 85 4
239 281 2
64 129 3
228 110 3
177 203 3
112 218 2
228 108 4
221 86 3
284 224 3
241 99 2
44 246 2
267 66 4
190 3 3
91 131 4
19 230 5
8 176 2
153 187 4
82 93 4
279 75 3
58 203 3
288 242 3
42 110 5
148 126 3
49 58 3
141 138 3
87 49 2
157 246 4
239 247 2
79 72 3
196 264 4
228 180 4
258 244 3
161 253 3
252 94 3
14 201 4
175 31 3
232 123 3
95 151 4
285 260 3
129 261 2
103 94 4
2 271 3
104 154 4
109 256 3
158 26 3
142 268 4
81 32 4
207 14 4
173 236 2
10 178 2
35 292 2
253 186 4
237 107 3
85 289 3
107 36 4
264 145 5
211 22 3
127 132 3
250 23 3
241 243 2
184 201 4
69 177 4
209 47 3
277 227 1
262 237 4
206 120 3
219 217 3
209 213 2
219 29 5
281 269 3
6 225 3
44 286 3
159 12 1
290 274 3
143 15 3
46 47 4
188 45 3
239 56 2
287 126 5
1 181 3
98 93 3
265 18 4
28 176 4
56 245 3
69 4 3
251 114 3
87 223 2
40 77 3
98 210 4
233 23 5
42 135 5
41 40 4
234 70 3
277 234 4
235 5 4
33 51 4
164 7 4
140 104 4
200 153 2
244 149 3
229 198 3
273 222 4
291 268 3
20 104 3
5 231 4
223 49 2
263 125 3
283 104 3
85 205 5
274 100 5
131 106 4
259 16 4
216 146 4
290 138 4
26 82 3
200 58 4
214 118 3
60 66 6
89 96 1
165 166 3
256 52 4
178 225 4
143 202 3
140 208 4
134 266 3
197 127 4
12 39 3
249 53 3
244 2 4
130 163 3
139 98 3
287 31 5
27 240 4
256 272 3
224 52 3
10000
0
0
0
0
0
0
0
0
0
0
0
0
0
0
0
0
0
0
0
0
0
0
0
0
0
0
0
0
0
0
0
0
0
0
0
0
0
0
0
0
0
0
0
0
0
0
0
0
0
0
0
0
0
0
0
0
0
0
0
0
0
0
0
0
0
0
0
0
0
0
0
0
0
0
0
0
0
0
0
0
0
0
0
0
0
0
0
0
0
0
0
0
0
0
0
0
0
0
0
0
0
0
0
0
0
0
0
0
0
0
0
0
0
0
0
0
0
0
0
0
0
0
0
0
0
0
0
1
1 231
0
0
0
0
0
0
0
0
0
0
0
0
0
0
0
0
0
1
2 247
0
0
0
0
0
0
0
0
0
0
0
1
3 36
0
0
0
1
4 183
0
0
0
0
0
0
0
0
0
0
0
0
0
0
0
0
0
0
0
0
0
0
0
0
0
0
0
1
5 9
0
0
0
0
0
0
0
0
0
0
0
0
0
0
0
0
0
0
0
0
0
0
0
0
0
0
0
0
0
0
0
0
0
0
0
0
0
0
0
0
0
0
0
0
0
0
0
0
0
0
0
0
0
0
0
0
0
0
0
0
0
0
0
0
0
0
0
0
0
0
0
0
0
0
0
0
0
0
0
0
0
0
0
0
0
0
0
0
0
0
0
0
0
1
6 250
0
0
0
0
0
0
0
0
0
0
0
0
0
0
0
0
0
0
0
0
0
0
0
0
0
0
0
0
0
0
0
1
7 29
0
0
0
0
0
0
0
0
0
0
0
0
1
8 184
0
0
0
0
0
0
0
0
0
1
9 159
0
0
0
0
0
0
0
0
0
0
0
1
10 177
0
1
11 126
0
0
0
0
0
0
0
0
0
0
0
0
0
0
0
0
0
0
0
0
0
0
0
0
1
12 198
0
0
0
0
1
13 93
0
0
0
0
0
0
0
0
0
0
0
0
0
0
0
0
0
0
0
0
0
0
0
0
0
0
0
0
0
0
0
0
0
0
0
0
0
0
0
0
0
0
0
0
0
0
0
0
0
0
0
0
0
0
0
0
0
0
0
0
0
0
0
0
1
14 93
0
0
0
1
15 141
0
0
0
0
0
0
0
0
0
0
0
0
0
0
1
16 208
0
0
0
0
0
0
0
1
17 24
0
0
0
1
18 149
0
0
0
1
19 121
1
20 112
0
0
0
0
0
0
1
21 131
0
0
0
0
0
1
22 81
0
0
0
0
0
0
0
0
0
0
0
0
0
0
0
1
23 126
0
0
1
24 80
0
0
1
25 179
0
0
0
0
0
0
0
1
26 230
0
1
27 153
1
28 267
0
0
0
0
0
1
29 211
1
30 121
0
0
0
0
0
0
0
0
0
0
1
31 162
0
0
0
0
0
0
0
0
0
0
0
0
0
0
1
32 245
0
0
0
0
0
0
0
0
0
0
1
33 34
0
0
0
0
0
0
0
0
0
0
0
0
0
0
0
1
34 178
0
0
0
0
0
0
0
0
0
0
0
0
0
0
0
1
35 88
0
0
0
0
0
0
0
0
1
36 164
0
0
0
1
37 274
0
0
0
0
0
0
0
0
1
38 34
0
0
0
0
0
0
0
0
0
0
0
0
0
1
39 264
0
0
0
0
0
0
0
0
0
0
0
0
1
40 58
0
0
0
0
0
0
0
0
0
0
0
0
0
0
0
0
0
0
0
0
0
0
0
1
41 132
0
0
0
0
0
1
42 262
0
0
0
0
0
0
0
0
1
43 153
0
1
44 208
0
0
0
0
0
0
0
0
0
0
0
0
0
0
0
0
0
0
0
0
0
0
0
0
0
0
0
0
0
0
0
0
0
0
0
0
0
0
0
0
0
0
0
1
45 99
0
0
0
0
0
0
0
0
1
46 143
0
0
1
47 205
0
0
0
0
0
0
1
48 205
0
0
0
0
0
0
1
49 203
1
50 32
0
0
0
0
0
0
0
0
1
51 105
0
0
1
52 20
0
0
0
0
0
0
0
0
0
0
0
0
0
0
0
0
0
0
0
0
0
0
0
0
0
0
0
0
0
0
1
53 270
0
0
1
54 224
0
0
0
0
0
0
0
0
0
0
0
0
0
0
0
0
0
0
0
0
0
0
0
0
0
1
55 144
0
1
56 269
0
0
0
0
0
0
0
0
0
0
0
0
0
0
0
0
0
0
0
0
0
0
0
0
0
0
0
0
0
0
0
1
57 143
0
1
58 263
0
0
0
1
59 62
0
0
1
60 160
1
61 104
0
1
62 243
0
0
0
0
0
0
1
63 190
0
0
0
0
0
0
0
0
0
0
0
0
0
0
0
1
64 35
0
0
0
0
0
0
0
0
0
0
0
0
0
1
65 222
1
66 203
0
0
1
67 41
0
0
0
0
1
68 155
0
0
0
0
0
0
1
69 183
0
0
0
0
0
1
70 87
0
0
0
1
71 236
1
72 186
1
73 174
1
74 57
0
0
0
0
1
75 173
0
0
0
0
0
0
0
0
0
0
0
0
0
0
1
76 106
1
77 262
0
0
0
0
0
0
1
78 122
0
0
1
79 35
1
80 164
0
0
0
0
0
1
81 269
0
0
0
0
0
0
1
82 136
0
0
0
0
0
0
0
0
0
0
0
0
0
0
0
1
83 99
0
0
0
0
1
84 58
0
0
0
0
0
0
0
0
0
0
0
1
85 202
0
0
0
0
0
0
0
0
1
86 178
0
1
87 103
0
0
0
1
88 232
0
0
0
0
1
89 175
0
0
0
0
0
0
0
1
90 230
0
0
0
0
1
91 35
0
0
0
0
1
92 174
0
0
0
0
0
0
1
93 235
0
0
0
0
0
1
94 270
0
0
0
1
95 124
1
96 225
0
1
97 68
0
0
0
0
0
0
0
1
98 110
0
0
0
0
0
0
0
0
0
0
0
0
0
0
0
0
0
0
0
0
0
0
0
0
0
0
0
0
0
0
0
1
99 190
0
0
1
100 133
0
0
1
101 73
0
1
102 204
0
0
0
0
0
0
0
1
103 189
0
0
1
104 283
0
0
0
0
0
0
0
1
105 230
0
0
1
106 63
0
0
0
0
0
0
0
0
1
107 75
0
0
0
0
1
108 256
1
109 62
0
0
0
0
0
0
0
0
0
0
0
0
0
0
0
0
0
0
0
0
0
1
110 257
1
111 92
1
112 234
1
113 44
0
0
0
0
0
1
114 201
0
1
115 222
0
0
0
1
116 118
1
117 195
1
118 19
0
0
0
0
0
0
0
0
0
0
1
119 174
0
1
120 91
0
0
0
0
0
0
1
121 119
1
122 101
0
1
123 146
1
124 35
0
0
0
0
0
0
0
0
0
0
0
0
0
0
0
1
125 149
1
126 175
0
0
0
0
0
1
127 24
1
128 232
0
0
1
129 246
0
0
1
130 243
0
0
0
0
1
131 77
0
0
0
0
1
132 220
0
0
0
0
1
133 236
0
1
134 285
0
0
0
0
0
0
0
0
0
0
0
0
1
135 245
1
136 271
0
0
0
0
0
0
0
0
1
137 217
0
0
1
138 163
0
1
139 100
0
1
140 214
0
0
0
0
0
0
1
141 19
0
0
0
1
142 174
0
0
0
0
0
1
143 109
0
0
0
0
0
0
0
1
144 146
0
1
145 34
0
1
146 185
0
0
1
147 35
0
0
1
148 91
1
149 264
0
0
0
0
1
150 66
0
0
0
1
151 265
0
0
0
1
152 241
1
153 275
0
0
1
154 85
0
0
0
0
1
155 213
0
0
0
0
0
0
0
1
156 210
1
157 276
1
158 67
0
0
0
1
159 148
1
160 283
0
0
0
0
0
0
0
0
0
0
0
0
0
0
1
161 283
0
1
162 216
1
163 35
1
164 139
1
165 241
1
166 266
0
0
0
1
167 16
1
168 234
0
0
0
1
169 41
0
0
1
170 276
0
0
0
0
0
0
0
1
171 250
0
0
1
172 146
0
1
173 2
0
0
0
0
0
0
0
0
1
174 146
0
0
0
0
0
1
175 136
1
176 69
0
1
177 139
0
0
0
0
1
178 172
1
179 292
0
0
0
1
180 120
0
0
0
0
0
0
0
0
0
1
181 163
1
182 57
1
183 163
1
184 2
0
1
185 121
0
0
0
0
0
0
0
0
0
1
186 31
0
1
187 81
0
1
188 11
1
189 147
0
1
190 43
0
0
0
0
1
191 271
0
1
192 120
0
0
0
1
193 82
0
0
0
0
0
0
0
0
0
0
0
0
0
0
1
194 178
0
1
195 287
0
0
0
1
196 224
1
197 230
0
0
0
0
0
0
0
0
1
198 156
0
0
0
0
0
0
0
0
0
1
199 168
0
0
0
0
1
200 83
1
201 283
0
0
0
0
0
0
1
202 147
1
203 261
0
0
0
0
1
204 187
0
0
0
0
0
0
0
1
205 96
1
206 176
0
0
0
0
0
0
0
1
207 276
0
0
0
0
0
0
0
0
0
0
0
0
0
0
0
1
208 195
1
209 13
0
0
0
0
0
0
0
1
210 90
0
0
0
1
211 201
1
212 271
0
0
1
213 19
0
1
214 265
1
215 76
0
0
0
0
0
0
0
0
0
0
0
0
1
216 234
0
0
0
1
217 20
0
1
218 228
1
219 129
0
1
220 146
0
0
0
1
221 195
0
0
0
0
1
222 225
1
223 127
0
0
1
224 53
1
225 75
0
0
0
0
1
226 68
0
0
0
0
0
0
0
0
0
1
227 98
0
1
228 40
0
1
229 9
0
0
0
1
230 52
0
0
0
0
0
0
0
0
0
1
231 173
1
232 6
0
0
1
233 248
0
0
0
1
234 231
1
235 131
0
0
1
236 81
0
0
0
1
237 46
0
0
0
0
0
0
0
0
0
0
0
0
0
0
0
0
0
1
238 9
1
239 197
0
1
240 72
0
1
241 165
1
242 291
0
0
0
1
243 193
0
1
244 210
0
0
0
0
0
0
1
245 267
0
0
0
0
0
0
0
0
1
246 195
0
0
0
0
1
247 182
1
248 35
1
249 31
0
0
0
1
250 283
0
0
0
1
251 86
0
1
252 76
0
1
253 105
0
0
1
254 5
0
1
255 75
0
0
0
1
256 242
0
0
0
0
0
1
257 83
0
0
0
0
0
0
1
258 166
1
259 52
0
0
1
260 56
1
261 95
0
1
262 254
0
0
0
0
1
263 95
0
0
0
0
0
0
1
264 110
1
265 148
1
266 87
0
1
267 222
1
268 59
1
269 185
0
1
270 26
1
271 114
0
0
0
1
272 270
0
0
0
0
0
0
0
0
0
1
273 151
0
0
0
0
1
274 182
0
0
0
0
1
275 130
1
276 56
1
277 249
0
0
0
0
0
0
1
278 110
0
1
279 264
0
1
280 197
0
0
1
281 181
0
1
282 244
0
0
0
1
283 158
0
1
284 101
0
0
0
0
0
1
285 58
0
0
0
1
286 225
0
1
287 69
0
0
0
0
0
1
288 178
0
1
289 214
0
1
290 175
1
291 161
0
0
0
0
1
292 267
0
0
0
0
1
293 179
0
0
1
294 217
0
0
0
0
0
0
0
0
0
1
295 287
0
1
296 67
0
0
1
297 226
0
0
1
298 193
0
0
0
0
0
0
0
0
0
0
1
299 159
1
300 91
1
301 242
0
0
0
0
0
0
0
1
302 188
1
303 102
0
0
1
304 85
1
305 205
0
0
0
0
0
1
306 136
0
0
0
0
0
0
0
0
0
0
1
307 257
0
1
308 271
0
0
1
309 225
1
310 212
0
0
0
0
1
311 32
1
312 5
0
0
0
0
0
1
313 49
1
314 205
1
315 228
1
316 142
0
0
0
1
317 166
1
318 28
0
1
319 195
0
1
320 106
0
0
0
0
0
1
321 82
1
322 123
0
1
323 82
1
324 106
0
1
325 197
0
1
326 207
0
1
327 12
0
0
1
328 241
0
0
0
0
0
0
0
1
329 18
0
0
0
1
330 292
0
0
0
1
331 5
0
0
1
332 38
0
0
0
1
333 111
0
1
334 169
1
335 15
0
0
1
336 173
0
1
337 21
0
1
338 34
1
339 141
1
340 128
0
0
0
0
0
0
0
0
1
341 41
1
342 237
0
0
0
0
1
343 218
0
0
1
344 197
0
1
345 152
0
0
0
1
346 83
0
1
347 197
1
348 153
1
349 146
0
0
0
0
1
350 252
1
351 5
1
352 203
0
0
0
0
0
1
353 77
0
0
1
354 261
0
0
1
355 238
0
0
1
356 94
1
357 17
0
0
1
358 63
0
0
1
359 27
1
360 86
0
0
1
361 33
0
0
1
362 267
1
363 258
1
364 180
0
0
0
0
0
0
1
365 34
0
1
366 245
1
367 254
0
0
1
368 51
1
369 174
1
370 251
0
1
371 284
1
372 156
0
0
0
0
1
373 159
0
0
0
0
0
0
1
374 98
1
375 256
1
376 258
0
0
1
377 59
1
378 54
0
0
0
0
0
0
1
379 186
0
1
380 19
0
0
0
0
0
1
381 33
0
0
1
382 272
0
1
383 84
0
0
1
384 63
0
0
0
0
0
0
1
385 86
0
0
0
0
0
1
386 204
1
387 39
0
0
1
388 84
0
0
0
0
0
1
389 268
0
1
390 252
0
1
391 287
1
392 80
0
1
393 240
0
0
0
1
394 118
0
0
0
0
0
0
1
395 175
0
0
0
0
0
0
1
396 182
1
397 56
0
1
398 111
0
0
0
1
399 244
1
400 255
0
1
401 54
0
1
402 291
0
1
403 254
0
0
0
0
0
1
404 195
0
0
0
0
1
405 150
0
1
406 158
0
1
407 179
1
408 26
0
0
0
0
1
409 5
1
410 214
1
411 271
1
412 202
0
1
413 79
0
0
0
0
1
414 211
1
415 218
1
416 163
1
417 255
0
0
0
1
418 79
1
419 286
0
1
420 124
1
421 101
0
0
0
0
0
1
422 140
0
0
1
423 252
1
424 51
1
425 132
1
426 189
0
1
427 151
0
0
0
1
428 82
1
429 288
0
0
0
1
430 194
0
1
431 246
1
432 257
1
433 91
1
434 235
0
0
0
0
1
435 257
1
436 23
0
0
1
437 118
0
1
438 97
0
0
1
439 203
1
440 207
0
1
441 186
0
0
1
442 105
0
0
0
0
0
0
0
1
443 17
1
444 80
1
445 119
0
0
1
446 186
1
447 191
0
0
0
1
448 244
1
449 2
1
450 203
0
0
0
1
451 290
0
0
1
452 235
0
0
0
0
0
0
0
0
0
0
1
453 35
0
1
454 60
0
1
455 34
1
456 167
0
0
1
457 180
0
0
0
0
0
0
0
0
1
458 116
0
1
459 85
0
0
1
460 172
1
461 262
1
462 97
0
0
0
1
463 84
1
464 71
1
465 259
0
1
466 32
1
467 128
0
0
0
0
0
1
468 174
0
1
469 154
1
470 117
0
0
0
0
0
0
0
1
471 33
1
472 18
0
1
473 170
0
0
1
474 66
0
1
475 196
0
0
0
0
0
0
1
476 40
1
477 10
0
0
0
0
1
478 207
1
479 279
0
1
480 188
1
481 286
0
0
1
482 213
0
0
1
483 131
1
484 208
0
0
0
1
485 15
1
486 14
1
487 203
0
0
1
488 154
0
0
0
1
489 9
1
490 74
1
491 154
0
1
492 31
0
1
493 140
0
0
0
0
0
0
0
0
0
0
0
0
0
1
494 246
1
495 275
0
0
0
0
0
0
0
1
496 219
1
497 143
0
1
498 2
1
499 277
1
500 216
0
1
501 148
1
502 229
1
503 82
0
0
1
504 205
1
505 6
0
1
506 171
0
1
507 167
1
508 177
0
1
509 34
0
0
1
510 277
1
511 40
0
0
0
0
0
1
512 180
0
0
1
513 137
1
514 2
1
515 120
1
516 52
1
517 149
1
518 236
1
519 17
0
0
0
0
1
520 154
1
521 264
1
522 161
0
1
523 116
0
0
0
0
0
1
524 36
1
525 66
1
526 143
0
0
1
527 278
0
1
528 68
1
529 271
0
0
1
530 244
1
531 73
0
1
532 190
1
533 5
0
1
534 178
0
1
535 57
0
1
536 221
1
537 206
1
538 162
0
1
539 104
0
0
0
0
0
0
1
540 266
0
0
1
541 112
0
0
0
1
542 179
1
543 230
1
544 98
0
0
0
1
545 118
1
546 61
0
0
0
0
0
0
0
0
1
547 34
0
1
548 195
0
1
549 103
0
0
1
550 64
1
551 122
0
0
1
552 279
0
0
0
0
0
0
1
553 120
1
554 195
0
0
0
1
555 215
0
0
0
0
0
1
556 283
1
557 230
1
558 158
1
559 137
1
560 151
1
561 224
0
1
562 197
1
563 273
0
0
1
564 272
0
0
0
0
1
565 229
1
566 225
0
1
567 96
1
568 101
0
1
569 256
1
570 180
1
571 164
1
572 3
0
0
0
0
1
573 80
1
574 273
1
575 171
0
0
0
0
1
576 132
0
0
0
1
577 153
1
578 39
0
0
0
0
0
0
1
579 227
1
580 35
1
581 67
0
0
1
582 104
0
1
583 66
1
584 96
0
1
585 148
1
586 183
1
587 66
0
1
588 217
0
1
589 94
1
590 257
0
1
591 16
1
592 80
0
1
593 283
1
594 230
1
595 48
1
596 186
0
0
0
1
597 37
0
0
0
0
1
598 171
1
599 281
1
600 135
0
0
0
1
601 204
1
602 76
1
603 249
1
604 268
0
0
1
605 33
1
606 177
0
0
1
607 189
0
0
0
1
608 19
0
0
0
1
609 52
0
1
610 20
0
0
0
1
611 230
1
612 218
0
0
0
0
1
613 98
1
614 28
1
615 218
0
0
1
616 232
0
0
1
617 158
0
0
1
618 84
1
619 188
0
0
1
620 139
0
1
621 135
0
0
1
622 10
0
0
1
623 210
0
0
1
624 271
0
0
1
625 25
0
0
1
626 272
1
627 67
1
628 236
1
629 175
1
630 192
0
0
0
0
1
631 162
1
632 98
1
633 39
1
634 196
1
635 251
1
636 110
0
0
0
1
637 136
0
0
0
0
1
638 237
0
1
639 116
0
0
0
1
640 239
0
0
1
641 116
0
0
0
0
0
0
0
1
642 266
1
643 292
0
1
644 19
1
645 206
1
646 93
0
1
647 107
1
648 160
1
649 246
1
650 172
0
0
1
651 207
1
652 116
1
653 218
1
654 291
0
1
655 227
0
1
656 281
0
0
0
1
657 20
0
0
1
658 164
1
659 256
0
0
0
0
1
660 64
0
0
1
661 56
0
0
1
662 230
1
663 292
0
1
664 35
0
0
0
1
665 98
0
0
1
666 130
1
667 134
1
668 182
1
669 59
0
1
670 234
1
671 165
1
672 207
1
673 15
1
674 13
0
0
0
0
1
675 52
0
1
676 41
1
677 172
0
0
0
1
678 139
0
1
679 66
0
0
0
0
0
0
1
680 112
0
1
681 158
1
682 120
0
1
683 84
1
684 27
0
0
1
685 5
0
0
0
0
1
686 256
1
687 19
0
1
688 49
1
689 282
0
1
690 178
0
1
691 162
1
692 218
0
1
693 102
0
0
1
694 85
0
0
1
695 130
0
0
1
696 59
0
0
0
0
0
0
1
697 169
0
1
698 162
1
699 187
0
1
700 13
1
701 168
0
0
1
702 136
0
1
703 2
1
704 184
0
1
705 36
1
706 280
1
707 48
1
708 228
0
1
709 60
1
710 61
1
711 39
1
712 28
1
713 19
1
714 235
0
1
715 193
1
716 212
0
1
717 179
1
718 40
1
719 31
0
0
0
1
720 11
1
721 285
0
0
0
0
0
0
1
722 232
1
723 131
0
0
1
724 126
1
725 98
1
726 276
1
727 168
1
728 203
1
729 192
1
730 17
0
0
1
731 98
0
1
732 202
1
733 224
0
1
734 83
1
735 271
0
1
736 34
1
737 51
1
738 64
0
1
739 289
1
740 39
0
1
741 267
1
742 107
1
743 180
1
744 241
1
745 244
1
746 111
1
747 82
0
0
1
748 176
0
1
749 145
0
1
750 197
0
1
751 115
0
0
0
1
752 62
0
0
0
1
753 175
0
0
0
0
1
754 145
1
755 174
1
756 82
0
1
757 159
1
758 219
0
1
759 61
0
1
760 141
0
1
761 18
0
1
762 218
1
763 105
1
764 265
1
765 66
0
1
766 138
1
767 255
1
768 43
1
769 215
0
0
1
770 109
0
0
1
771 151
1
772 183
1
773 265
1
774 216
0
0
0
0
0
0
0
1
775 123
1
776 288
0
0
1
777 231
0
1
778 242
0
0
1
779 221
0
1
780 116
1
781 268
1
782 53
0
1
783 179
1
784 189
0
0
0
1
785 174
1
786 210
0
0
1
787 21
0
0
1
788 208
1
789 101
0
1
790 3
0
1
791 40
1
792 141
0
1
793 58
1
794 113
0
0
0
0
1
795 136
0
1
796 104
0
0
1
797 208
1
798 112
0
1
799 162
1
800 16
1
801 173
1
802 162
0
0
1
803 182
0
1
804 256
0
0
1
805 64
1
806 2
1
807 196
1
808 201
0
1
809 288
0
0
0
0
1
810 20
0
0
0
0
0
1
811 240
1
812 44
1
813 85
0
1
814 182
0
0
0
1
815 120
1
816 41
1
817 227
0
0
1
818 260
1
819 154
1
820 203
1
821 134
0
0
1
822 214
1
823 229
1
824 125
1
825 122
0
1
826 111
0
0
0
1
827 291
1
828 130
1
829 216
1
830 88
1
831 16
0
0
1
832 216
0
0
0
1
833 185
1
834 164
0
1
835 143
1
836 193
1
837 148
0
1
838 5
1
839 219
0
1
840 275
1
841 50
1
842 143
1
843 56
0
0
1
844 171
0
1
845 146
1
846 39
1
847 155
0
0
0
1
848 34
0
0
1
849 5
0
1
850 22
1
851 163
1
852 164
1
853 102
1
854 16
1
855 89
0
1
856 218
1
857 157
1
858 222
1
859 138
0
0
1
860 5
0
0
0
1
861 244
1
862 283
0
0
1
863 43
1
864 27
1
865 229
0
0
1
866 265
1
867 245
1
868 82
0
1
869 202
0
0
0
0
1
870 156
0
0
1
871 33
0
0
1
872 97
0
0
0
0
0
0
1
873 233
0
1
874 240
1
875 54
0
0
0
0
1
876 158
0
0
0
1
877 221
1
878 144
0
1
879 143
1
880 122
1
881 53
0
0
0
1
882 59
1
883 47
1
884 69
0
1
885 122
1
886 14
0
1
887 214
0
1
888 92
1
889 135
0
1
890 128
0
1
891 20
0
1
892 100
0
0
1
893 228
1
894 44
1
895 69
1
896 140
1
897 64
1
898 271
1
899 195
1
900 151
1
901 51
0
1
902 43
1
903 54
0
1
904 53
0
0
0
1
905 153
1
906 102
1
907 153
1
908 233
1
909 189
1
910 256
0
0
0
1
911 92
1
912 49
1
913 148
0
1
914 84
0
0
0
1
915 266
1
916 204
0
0
1
917 107
0
0
0
1
918 3
1
919 97
1
920 11
0
1
921 219
1
922 202
1
923 236
0
0
1
924 273
1
925 269
1
926 131
1
927 234
0
1
928 163
0
0
1
929 221
0
0
0
1
930 137
0
1
931 286
1
932 121
1
933 280
0
1
934 191
0
1
935 122
1
936 292
0
0
1
937 96
0
1
938 77
0
1
939 238
1
940 8
0
0
1
941 170
1
942 110
0
0
1
943 41
0
1
944 20
1
945 235
1
946 105
1
947 165
0
1
948 289
0
1
949 57
0
0
1
950 152
1
951 134
1
952 248
1
953 133
1
954 100
0
0
0
1
955 217
1
956 272
1
957 235
1
958 182
1
959 118
1
960 85
1
961 3
1
962 273
1
963 272
1
964 87
1
965 75
0
1
966 57
0
1
967 22
1
968 268
1
969 145
1
970 46
1
971 19
1
972 2
1
973 283
1
974 19
0
0
0
1
975 73
0
0
1
976 279
1
977 144
0
1
978 61
0
1
979 16
0
0
1
980 246
1
981 206
0
1
982 62
1
983 49
1
984 148
0
0
1
985 177
1
986 112
1
987 233
0
1
988 21
0
0
1
989 206
1
990 205
1
991 201
0
0
1
992 177
1
993 164
1
994 82
1
995 132
1
996 123
0
1
997 235
0
1
998 215
0
1
999 135
1
1000 79
1
1001 5
0
0
0
1
1002 60
0
1
1003 263
0
1
1004 149
0
0
1
1005 104
0
1
1006 9
1
1007 168
0
1
1008 173
1
1009 122
1
1010 255
0
1
1011 34
0
0
1
1012 172
0
0
1
1013 140
0
1
1014 81
0
1
1015 142
0
1
1016 219
0
0
0
0
0
1
1017 292
0
1
1018 292
1
1019 54
0
1
1020 255
0
1
1021 93
1
1022 228
0
1
1023 25
1
1024 77
0
1
1025 172
1
1026 157
0
0
0
0
0
0
0
0
1
1027 253
0
1
1028 100
1
1029 210
0
1
1030 139
1
1031 255
1
1032 219
1
1033 97
1
1034 281
1
1035 102
0
1
1036 255
1
1037 86
1
1038 15
0
1
1039 146
1
1040 44
0
0
1
1041 273
1
1042 283
1
1043 71
0
1
1044 17
1
1045 151
0
1
1046 45
1
1047 210
1
1048 52
1
1049 208
0
1
1050 201
1
1051 121
0
0
0
1
1052 53
1
1053 126
1
1054 19
1
1055 148
1
1056 47
0
1
1057 46
1
1058 54
0
0
1
1059 188
0
0
1
1060 194
0
0
0
1
1061 256
1
1062 39
1
1063 283
1
1064 136
1
1065 246
1
1066 174
1
1067 39
1
1068 258
1
1069 283
1
1070 203
1
1071 34
1
1072 103
0
1
1073 177
1
1074 93
1
1075 57
0
0
1
1076 290
1
1077 176
0
1
1078 271
0
0
0
0
1
1079 129
0
1
1080 271
0
1
1081 139
0
1
1082 22
1
1083 238
0
1
1084 292
1
1085 56
0
0
1
1086 48
1
1087 87
0
1
1088 179
1
1089 151
0
1
1090 21
1
1091 242
0
1
1092 262
1
1093 64
0
0
1
1094 208
1
1095 146
1
1096 21
1
1097 50
0
0
1
1098 148
1
1099 178
1
1100 47
1
1101 125
0
0
0
0
1
1102 107
0
1
1103 149
1
1104 220
0
1
1105 219
0
1
1106 271
1
1107 72
1
1108 95
1
1109 236
1
1110 277
0
1
1111 126
0
1
1112 38
0
0
1
1113 56
1
1114 113
1
1115 142
0
0
0
1
1116 82
0
0
1
1117 155
1
1118 8
1
1119 195
1
1120 57
0
1
1121 110
1
1122 178
0
0
1
1123 15
1
1124 161
1
1125 230
1
1126 100
1
1127 186
0
0
1
1128 15
1
1129 195
1
1130 39
0
0
0
1
1131 161
1
1132 198
0
0
1
1133 238
1
1134 185
1
1135 134
1
1136 246
0
1
1137 190
0
0
1
1138 272
1
1139 216
0
1
1140 13
0
1
1141 144
1
1142 267
0
0
1
1143 112
1
1144 237
1
1145 82
0
0
1
1146 156
1
1147 116
0
0
1
1148 224
1
1149 255
0
0
1
1150 235
1
1151 274
1
1152 134
1
1153 160
1
1154 193
1
1155 34
1
1156 289
0
1
1157 184
0
1
1158 9
1
1159 2
0
0
0
0
1
1160 7
1
1161 111
0
0
1
1162 253
0
1
1163 73
1
1164 125
1
1165 115
0
1
1166 226
1
1167 148
0
1
1168 123
0
1
1169 184
1
1170 272
0
1
1171 98
0
1
1172 202
1
1173 220
1
1174 238
1
1175 100
1
1176 54
1
1177 217
1
1178 251
0
1
1179 46
1
1180 237
1
1181 126
1
1182 41
1
1183 23
0
1
1184 92
1
1185 249
1
1186 128
0
1
1187 234
1
1188 2
1
1189 250
0
0
1
1190 247
1
1191 94
1
1192 24
1
1193 283
0
1
1194 271
1
1195 163
0
1
1196 148
1
1197 65
0
1
1198 164
0
1
1199 173
1
1200 166
1
1201 287
1
1202 156
1
1203 97
1
1204 275
1
1205 115
1
1206 288
0
1
1207 128
1
1208 135
1
1209 156
0
1
1210 83
1
1211 204
0
1
1212 17
0
0
1
1213 183
1
1214 245
0
0
0
1
1215 276
1
1216 282
0
1
1217 222
1
1218 66
1
1219 93
1
1220 164
1
1221 12
0
1
1222 251
1
1223 123
1
1224 283
1
1225 100
1
1226 224
1
1227 123
1
1228 230
0
0
1
1229 246
1
1230 66
1
1231 183
1
1232 143
1
1233 12
0
1
1234 263
1
1235 275
1
1236 274
0
1
1237 241
0
0
1
1238 94
1
1239 7
0
1
1240 21
1
1241 98
1
1242 17
1
1243 211
0
1
1244 21
1
1245 180
0
1
1246 65
0
1
1247 94
1
1248 252
1
1249 101
0
1
1250 211
1
1251 163
0
0
1
1252 71
1
1253 177
1
1254 272
1
1255 228
1
1256 277
1
1257 269
1
1258 59
1
1259 193
1
1260 40
1
1261 231
0
1
1262 77
1
1263 271
0
1
1264 74
0
1
1265 59
1
1266 9
0
0
1
1267 228
1
1268 268
1
1269 52
1
1270 107
1
1271 66
1
1272 229
1
1273 39
1
1274 283
1
1275 256
1
1276 32
0
0
0
1
1277 69
0
0
1
1278 269
0
1
1279 187
0
1
1280 71
1
1281 122
1
1282 3
0
1
1283 61
1
1284 26
0
1
1285 17
1
1286 292
1
1287 236
1
1288 34
1
1289 129
1
1290 19
0
0
1
1291 39
1
1292 266
1
1293 173
1
1294 247
0
1
1295 160
0
0
1
1296 35
1
1297 268
0
1
1298 124
1
1299 292
1
1300 155
1
1301 28
1
1302 161
1
1303 46
0
0
1
1304 51
0
1
1305 257
1
1306 283
1
1307 203
1
1308 32
1
1309 8
1
1310 86
1
1311 235
1
1312 98
1
1313 167
1
1314 275
1
1315 104
0
0
0
1
1316 175
1
1317 258
0
1
1318 227
1
1319 145
1
1320 110
1
1321 115
0
0
1
1322 21
0
1
1323 259
1
1324 46
1
1325 158
0
0
1
1326 11
1
1327 35
1
1328 104
1
1329 255
0
1
1330 230
0
0
0
0
1
1331 141
1
1332 173
0
1
1333 45
0
0
1
1334 169
1
1335 49
1
1336 158
1
1337 60
0
0
1
1338 82
0
1
1339 211
0
0
1
1340 24
1
1341 285
0
0
0
1
1342 244
1
1343 129
1
1344 146
1
1345 71
1
1346 20
0
1
1347 88
0
0
1
1348 232
1
1349 113
0
1
1350 113
1
1351 19
1
1352 110
1
1353 125
1
1354 37
1
1355 280
0
0
1
1356 234
1
1357 185
0
0
0
1
1358 287
1
1359 148
1
1360 234
0
1
1361 43
1
1362 126
1
1363 47
1
1364 109
1
1365 260
1
1366 147
1
1367 139
1
1368 210
1
1369 109
1
1370 152
1
1371 171
0
0
0
1
1372 213
1
1373 202
1
1374 138
1
1375 45
1
1376 137
0
0
1
1377 179
1
1378 126
1
1379 5
0
0
1
1380 5
1
1381 101
1
1382 109
0
1
1383 11
0
1
1384 8
1
1385 64
1
1386 154
1
1387 155
0
1
1388 34
0
1
1389 181
1
1390 185
1
1391 270
1
1392 202
1
1393 113
1
1394 45
1
1395 78
1
1396 248
0
1
1397 216
1
1398 20
0
1
1399 141
1
1400 292
1
1401 100
1
1402 175
0
1
1403 34
1
1404 213
0
0
0
1
1405 34
0
0
1
1406 90
1
1407 110
1
1408 229
1
1409 78
0
1
1410 20
1
1411 123
1
1412 226
0
0
1
1413 38
1
1414 268
1
1415 97
1
1416 49
0
0
0
1
1417 290
1
1418 252
1
1419 12
1
1420 140
1
1421 17
0
0
0
1
1422 248
1
1423 250
0
1
1424 76
0
1
1425 149
1
1426 17
1
1427 263
1
1428 188
1
1429 270
1
1430 99
0
1
1431 117
1
1432 79
1
1433 147
0
0
1
1434 116
1
1435 104
1
1436 134
1
1437 230
1
1438 213
1
1439 98
1
1440 118
0
1
1441 188
1
1442 255
1
1443 165
1
1444 105
1
1445 66
1
1446 140
1
1447 247
1
1448 131
1
1449 138
1
1450 73
1
1451 106
0
1
1452 231
0
1
1453 138
0
1
1454 103
1
1455 156
0
1
1456 96
0
1
1457 6
0
0
1
1458 170
1
1459 186
0
1
1460 100
1
1461 241
1
1462 225
1
1463 163
0
1
1464 90
1
1465 84
1
1466 168
0
1
1467 154
1
1468 98
1
1469 47
0
1
1470 195
1
1471 130
1
1472 107
1
1473 214
1
1474 23
0
0
0
1
1475 116
1
1476 83
1
1477 195
0
1
1478 183
1
1479 58
1
1480 262
1
1481 287
1
1482 108
1
1483 271
1
1484 124
1
1485 174
1
1486 127
1
1487 126
1
1488 247
1
1489 65
0
1
1490 253
0
1
1491 290
1
1492 76
0
1
1493 157
1
1494 4
1
1495 90
0
1
1496 176
1
1497 231
1
1498 283
1
1499 54
0
1
1500 146
1
1501 127
1
1502 215
1
1503 171
0
1
1504 204
1
1505 57
1
1506 246
1
1507 172
1
1508 137
1
1509 280
1
1510 205
0
0
1
1511 93
0
0
0
1
1512 251
0
1
1513 155
1
1514 232
0
1
1515 5
1
1516 63
0
1
1517 95
1
1518 23
1
1519 143
1
1520 235
1
1521 91
1
1522 16
1
1523 99
1
1524 20
1
1525 235
0
1
1526 38
1
1527 57
0
1
1528 170
0
1
1529 136
0
0
1
1530 17
1
1531 52
0
1
1532 188
1
1533 82
1
1534 213
0
1
1535 116
1
1536 63
1
1537 179
1
1538 50
1
1539 208
0
0
1
1540 32
0
1
1541 152
1
1542 182
0
1
1543 214
0
1
1544 219
0
1
1545 172
1
1546 143
0
0
0
0
1
1547 93
1
1548 283
0
0
0
1
1549 73
0
0
1
1550 289
1
1551 190
1
1552 86
1
1553 134
1
1554 214
1
1555 143
1
1556 105
1
1557 285
1
1558 194
1
1559 141
1
1560 39
1
1561 99
1
1562 31
0
0
1
1563 200
0
1
1564 93
1
1565 53
1
1566 7
1
1567 76
1
1568 13
0
0
1
1569 81
0
0
1
1570 182
1
1571 230
1
1572 252
1
1573 196
1
1574 191
0
0
1
1575 216
1
1576 28
1
1577 203
1
1578 240
1
1579 277
1
1580 283
1
1581 2
0
0
1
1582 56
0
1
1583 175
0
1
1584 77
1
1585 190
1
1586 26
1
1587 161
1
1588 71
0
1
1589 150
0
0
1
1590 19
1
1591 15
0
1
1592 50
1
1593 62
1
1594 122
1
1595 62
1
1596 275
1
1597 26
1
1598 130
1
1599 19
1
1600 263
0
1
1601 258
1
1602 163
1
1603 42
1
1604 121
1
1605 149
0
1
1606 95
1
1607 184
1
1608 257
1
1609 65
1
1610 232
1
1611 208
1
1612 239
1
1613 276
1
1614 157
1
1615 2
1
1616 109
1
1617 45
1
1618 56
0
0
0
1
1619 29
1
1620 124
0
1
1621 255
1
1622 45
0
0
1
1623 269
1
1624 234
0
1
1625 273
0
1
1626 151
1
1627 120
1
1628 133
1
1629 48
0
1
1630 91
1
1631 186
1
1632 207
0
1
1633 35
1
1634 14
0
1
1635 104
0
0
1
1636 154
0
0
1
1637 271
1
1638 196
1
1639 100
1
1640 44
1
1641 236
1
1642 24
0
1
1643 255
0
1
1644 225
1
1645 287
1
1646 182
1
1647 214
1
1648 121
1
1649 21
1
1650 252
0
1
1651 139
0
1
1652 149
1
1653 245
0
1
1654 165
1
1655 91
0
1
1656 79
0
0
1
1657 250
0
1
1658 19
1
1659 282
1
1660 143
1
1661 38
1
1662 38
0
1
1663 53
1
1664 36
1
1665 120
1
1666 144
0
1
1667 59
1
1668 266
1
1669 123
1
1670 92
1
1671 208
1
1672 100
0
1
1673 266
1
1674 198
1
1675 46
1
1676 149
1
1677 225
1
1678 54
1
1679 249
1
1680 286
1
1681 150
1
1682 14
1
1683 172
1
1684 204
1
1685 279
1
1686 120
0
1
1687 83
1
1688 26
1
1689 260
0
1
1690 242
0
1
1691 73
1
1692 31
0
1
1693 88
0
0
0
1
1694 252
1
1695 133
1
1696 28
1
1697 6
1
1698 76
0
1
1699 52
1
1700 38
0
1
1701 21
0
0
1
1702 182
0
0
1
1703 202
1
1704 63
1
1705 74
1
1706 281
1
1707 112
0
1
1708 239
1
1709 208
1
1710 126
1
1711 69
1
1712 102
0
1
1713 175
1
1714 174
0
1
1715 161
1
1716 46
1
1717 218
1
1718 209
1
1719 284
1
1720 234
0
1
1721 210
0
1
1722 255
1
1723 32
1
1724 275
1
1725 126
1
1726 70
1
1727 275
1
1728 91
1
1729 234
1
1730 210
1
1731 229
1
1732 254
1
1733 57
1
1734 75
1
1735 120
1
1736 64
1
1737 68
0
1
1738 173
0
1
1739 24
1
1740 105
0
1
1741 167
1
1742 214
1
1743 169
1
1744 202
0
0
1
1745 26
1
1746 23
1
1747 154
1
1748 57
1
1749 239
1
1750 44
1
1751 82
0
1
1752 103
1
1753 247
0
1
1754 5
1
1755 163
1
1756 89
1
1757 188
1
1758 280
1
1759 208
0
1
1760 93
1
1761 279
1
1762 139
1
1763 119
1
1764 209
1
1765 36
0
1
1766 54
1
1767 108
1
1768 9
1
1769 256
1
1770 35
1
1771 167
1
1772 255
1
1773 121
0
0
1
1774 235
1
1775 246
1
1776 172
1
1777 211
0
1
1778 255
1
1779 279
1
1780 246
1
1781 172
1
1782 24
1
1783 40
1
1784 287
1
1785 2
0
1
1786 10
1
1787 283
1
1788 176
1
1789 112
0
1
1790 21
1
1791 147
1
1792 128
1
1793 139
1
1794 154
1
1795 255
0
0
1
1796 10
1
1797 86
0
1
1798 32
0
0
1
1799 105
1
1800 37
1
1801 5
1
1802 15
1
1803 39
1
1804 217
1
1805 246
0
0
0
0
1
1806 214
1
1807 131
1
1808 264
1
1809 182
1
1810 153
0
1
1811 28
1
1812 153
1
1813 196
1
1814 132
0
1
1815 64
1
1816 93
1
1817 218
1
1818 199
1
1819 103
0
1
1820 93
1
1821 14
0
1
1822 203
1
1823 12
1
1824 112
1
1825 118
1
1826 84
1
1827 153
0
0
1
1828 139
1
1829 206
0
0
1
1830 133
1
1831 284
1
1832 89
1
1833 56
1
1834 146
1
1835 105
1
1836 69
0
1
1837 68
1
1838 139
1
1839 194
0
1
1840 227
1
1841 128
1
1842 150
1
1843 77
1
1844 277
0
1
1845 272
1
1846 191
1
1847 283
1
1848 46
0
1
1849 275
1
1850 186
0
1
1851 101
0
0
1
1852 284
0
0
1
1853 220
1
1854 225
1
1855 124
1
1856 262
1
1857 84
1
1858 255
1
1859 163
1
1860 52
1
1861 12
1
1862 177
0
1
1863 235
1
1864 168
1
1865 204
1
1866 179
1
1867 270
1
1868 45
0
1
1869 273
1
1870 11
1
1871 255
1
1872 54
1
1873 10
1
1874 113
1
1875 91
1
1876 29
1
1877 250
1
1878 251
0
1
1879 258
0
0
1
1880 9
0
1
1881 200
1
1882 169
1
1883 284
1
1884 76
1
1885 17
1
1886 12
1
1887 93
1
1888 271
1
1889 227
1
1890 72
1
1891 129
1
1892 185
0
1
1893 2
1
1894 30
1
1895 58
1
1896 147
1
1897 218
1
1898 202
1
1899 277
1
1900 153
1
1901 27
1
1902 63
0
1
1903 271
1
1904 197
1
1905 283
1
1906 78
1
1907 4
1
1908 202
1
1909 183
1
1910 124
1
1911 107
0
0
1
1912 15
1
1913 31
1
1914 227
0
1
1915 32
0
1
1916 263
1
1917 290
1
1918 241
1
1919 230
0
1
1920 33
1
1921 23
0
1
1922 78
1
1923 163
1
1924 146
1
1925 114
1
1926 240
1
1927 275
1
1928 123
0
1
1929 242
1
1930 201
1
1931 156
1
1932 55
1
1933 109
0
1
1934 210
0
1
1935 53
1
1936 271
1
1937 202
1
1938 71
1
1939 7
1
1940 251
1
1941 292
0
0
1
1942 159
1
1943 68
1
1944 102
0
0
0
1
1945 61
1
1946 247
0
1
1947 174
1
1948 283
1
1949 100
1
1950 104
1
1951 163
1
1952 240
0
0
1
1953 251
1
1954 255
1
1955 162
1
1956 28
1
1957 52
1
1958 126
1
1959 266
1
1960 78
0
1
1961 79
1
1962 126
1
1963 224
0
1
1964 189
1
1965 200
1
1966 52
0
1
1967 151
1
1968 197
1
1969 5
1
1970 237
1
1971 21
1
1972 45
1
1973 35
1
1974 277
1
1975 247
1
1976 290
1
1977 49
1
1978 44
1
1979 244
1
1980 286
1
1981 210
0
1
1982 269
1
1983 19
1
1984 14
1
1985 129
1
1986 210
1
1987 148
1
1988 2
1
1989 25
1
1990 212
1
1991 157
0
0
1
1992 64
1
1993 5
1
1994 58
0
1
1995 54
1
1996 227
1
1997 275
1
1998 154
1
1999 227
1
2000 4
1
2001 13
1
2002 81
1
2003 5
1
2004 59
1
2005 98
1
2006 81
1
2007 49
1
2008 22
1
2009 222
0
1
2010 292
1
2011 136
1
2012 177
0
1
2013 79
0
1
2014 23
1
2015 12
0
1
2016 177
1
2017 54
1
2018 283
0
0
1
2019 56
1
2020 257
1
2021 112
1
2022 42
1
2023 46
1
2024 21
1
2025 190
1
2026 163
0
1
2027 100
1
2028 177
0
1
2029 172
1
2030 115
1
2031 180
1
2032 183
0
1
2033 255
1
2034 92
1
2035 85
1
2036 58
1
2037 69
0
0
1
2038 70
1
2039 141
1
2040 32
1
2041 242
0
1
2042 243
0
1
2043 275
1
2044 195
1
2045 39
1
2046 69
1
2047 59
0
1
2048 130
1
2049 213
1
2050 17
1
2051 229
1
2052 73
0
1
2053 20
1
2054 29
1
2055 261
1
2056 196
1
2057 223
1
2058 262
1
2059 64
1
2060 129
0
1
2061 201
1
2062 148
1
2063 190
1
2064 217
0
1
2065 147
1
2066 73
1
2067 49
1
2068 150
0
1
2069 54
1
2070 78
0
0
1
2071 153
0
1
2072 135
1
2073 277
1
2074 124
1
2075 56
1
2076 270
1
2077 101
0
1
2078 200
1
2079 234
1
2080 205
1
2081 210
0
1
2082 99
1
2083 210
1
2084 271
1
2085 5
0
0
0
1
2086 208
0
1
2087 4
1
2088 281
1
2089 242
1
2090 277
1
2091 116
1
2092 65
1
2093 98
1
2094 33
0
1
2095 89
1
2096 125
0
1
2097 31
1
2098 197
1
2099 77
0
1
2100 82
1
2101 228
1
2102 99
0
0
1
2103 140
1
2104 252
0
1
2105 292
1
2106 228
1
2107 172
1
2108 106
1
2109 258
1
2110 161
1
2111 54
0
1
2112 139
1
2113 275
1
2114 122
1
2115 191
0
1
2116 199
0
1
2117 85
1
2118 265
1
2119 285
1
2120 203
1
2121 182
1
2122 198
1
2123 177
1
2124 219
0
1
2125 200
0
1
2126 248
0
1
2127 178
1
2128 220
1
2129 210
1
2130 164
1
2131 255
1
2132 86
0
0
1
2133 176
0
0
1
2134 269
1
2135 287
1
2136 63
1
2137 147
1
2138 73
1
2139 112
1
2140 255
1
2141 264
1
2142 148
0
1
2143 78
1
2144 123
1
2145 12
0
1
2146 174
1
2147 131
1
2148 255
1
2149 172
1
2150 203
1
2151 24
1
2152 5
1
2153 251
1
2154 52
1
2155 35
1
2156 211
1
2157 266
1
2158 103
1
2159 162
1
2160 83
1
2161 92
1
2162 202
1
2163 143
1
2164 109
1
2165 5
1
2166 158
1
2167 132
1
2168 256
1
2169 34
1
2170 198
0
1
2171 80
1
2172 258
0
1
2173 278
1
2174 241
1
2175 201
1
2176 237
1
2177 202
1
2178 96
1
2179 20
0
0
1
2180 277
1
2181 22
1
2182 183
1
2183 16
1
2184 83
1
2185 52
0
1
2186 120
1
2187 19
1
2188 209
1
2189 105
1
2190 174
1
2191 257
1
2192 220
1
2193 184
1
2194 174
1
2195 51
1
2196 27
1
2197 287
0
1
2198 270
1
2199 47
0
1
2200 277
0
1
2201 198
1
2202 80
1
2203 195
1
2204 189
1
2205 145
1
2206 17
1
2207 179
1
2208 179
1
2209 38
1
2210 82
0
1
2211 7
1
2212 17
1
2213 217
1
2214 17
0
0
1
2215 166
1
2216 266
1
2217 174
1
2218 122
0
1
2219 132
0
1
2220 265
1
2221 48
1
2222 245
1
2223 33
1
2224 98
1
2225 47
1
2226 78
1
2227 198
1
2228 287
1
2229 5
1
2230 98
1
2231 237
1
2232 278
1
2233 156
1
2234 102
1
2235 19
1
2236 40
1
2237 130
1
2238 26
1
2239 280
1
2240 74
1
2241 146
1
2242 250
1
2243 48
1
2244 115
1
2245 236
1
2246 233
1
2247 167
1
2248 256
1
2249 91
1
2250 160
1
2251 217
1
2252 215
1
2253 209
1
2254 139
1
2255 263
1
2256 222
1
2257 42
1
2258 10
1
2259 26
1
2260 280
1
2261 153
1
2262 244
0
1
2263 147
1
2264 193
1
2265 49
1
2266 139
1
2267 168
1
2268 274
1
2269 68
1
2270 150
1
2271 4
1
2272 100
1
2273 13
1
2274 69
0
1
2275 135
0
1
2276 238
1
2277 73
1
2278 188
0
1
2279 189
1
2280 154
1
2281 116
1
2282 126
1
2283 187
1
2284 258
1
2285 54
1
2286 131
0
1
2287 74
1
2288 92
0
0
1
2289 8
1
2290 139
1
2291 179
1
2292 267
0
0
1
2293 246
1
2294 283
1
2295 207
1
2296 214
0
1
2297 52
1
2298 238
1
2299 22
1
2300 105
1
2301 229
1
2302 17
1
2303 76
1
2304 108
1
2305 267
1
2306 84
1
2307 49
1
2308 102
1
2309 206
1
2310 103
1
2311 162
0
0
1
2312 174
1
2313 101
1
2314 48
1
2315 75
1
2316 238
1
2317 99
1
2318 3
1
2319 173
1
2320 263
1
2321 147
1
2322 82
1
2323 199
1
2324 246
1
2325 146
1
2326 60
1
2327 80
1
2328 261
0
1
2329 182
1
2330 98
0
1
2331 99
0
1
2332 195
1
2333 237
1
2334 261
1
2335 5
1
2336 242
1
2337 216
1
2338 263
1
2339 232
1
2340 265
1
2341 207
1
2342 76
0
1
2343 73
1
2344 124
1
2345 182
1
2346 162
1
2347 171
1
2348 6
1
2349 280
1
2350 17
1
2351 76
0
1
2352 190
0
1
2353 55
1
2354 218
1
2355 17
1
2356 176
1
2357 81
0
1
2358 271
1
2359 93
1
2360 204
1
2361 216
1
2362 131
0
1
2363 83
0
0
1
2364 214
1
2365 210
1
2366 143
1
2367 131
1
2368 55
1
2369 249
1
2370 232
0
1
2371 106
1
2372 150
1
2373 248
1
2374 52
1
2375 18
1
2376 5
1
2377 230
1
2378 91
1
2379 33
1
2380 288
1
2381 247
1
2382 70
1
2383 5
1
2384 220
1
2385 151
1
2386 292
1
2387 172
1
2388 29
1
2389 180
1
2390 150
1
2391 71
1
2392 94
1
2393 112
1
2394 287
1
2395 26
1
2396 140
1
2397 72
1
2398 85
1
2399 51
1
2400 277
0
0
1
2401 105
1
2402 72
0
1
2403 85
1
2404 190
1
2405 259
1
2406 138
1
2407 104
1
2408 103
1
2409 173
1
2410 37
1
2411 16
1
2412 168
1
2413 269
1
2414 268
1
2415 131
1
2416 39
1
2417 209
0
1
2418 210
1
2419 66
1
2420 240
1
2421 18
1
2422 178
1
2423 14
1
2424 203
1
2425 107
1
2426 53
1
2427 252
1
2428 89
1
2429 19
1
2430 231
1
2431 179
1
2432 275
1
2433 255
1
2434 180
1
2435 161
1
2436 192
0
1
2437 92
1
2438 9
1
2439 265
1
2440 154
1
2441 221
1
2442 210
1
2443 104
1
2444 97
0
0
1
2445 278
1
2446 26
1
2447 140
1
2448 146
1
2449 155
1
2450 123
1
2451 166
1
2452 48
1
2453 155
1
2454 32
1
2455 140
0
0
1
2456 153
1
2457 45
1
2458 201
1
2459 20
1
2460 173
1
2461 69
1
2462 93
0
1
2463 137
0
1
2464 71
1
2465 147
1
2466 103
1
2467 25
1
2468 157
1
2469 222
1
2470 81
1
2471 131
0
1
2472 247
1
2473 211
1
2474 195
1
2475 292
1
2476 109
0
1
2477 169
1
2478 246
1
2479 82
1
2480 270
0
1
2481 133
1
2482 171
1
2483 37
1
2484 244
1
2485 189
0
1
2486 242
1
2487 130
1
2488 54
1
2489 210
0
1
2490 24
1
2491 34
1
2492 34
0
0
1
2493 182
1
2494 72
1
2495 68
1
2496 124
1
2497 242
1
2498 239
1
2499 49
1
2500 82
1
2501 71
1
2502 74
0
0
1
2503 32
0
1
2504 257
1
2505 273
1
2506 166
1
2507 165
1
2508 175
1
2509 185
1
2510 99
1
2511 190
1
2512 287
0
1
2513 92
1
2514 199
1
2515 3
1
2516 203
1
2517 69
1
2518 283
1
2519 76
1
2520 267
0
1
2521 175
1
2522 8
1
2523 292
1
2524 78
1
2525 88
1
2526 155
1
2527 212
1
2528 26
1
2529 3
1
2530 64
1
2531 153
0
0
1
2532 127
1
2533 56
1
2534 179
0
1
2535 44
0
1
2536 276
1
2537 268
0
1
2538 236
1
2539 82
1
2540 15
1
2541 256
1
2542 60
1
2543 263
1
2544 203
1
2545 250
1
2546 224
1
2547 216
1
2548 167
1
2549 274
1
2550 200
1
2551 22
1
2552 173
1
2553 222
1
2554 215
1
2555 20
1
2556 94
1
2557 281
1
2558 79
0
0
1
2559 284
0
1
2560 148
1
2561 202
1
2562 102
1
2563 159
1
2564 15
1
2565 266
1
2566 193
1
2567 207
1
2568 182
1
2569 209
1
2570 154
1
2571 214
1
2572 32
1
2573 270
1
2574 40
1
2575 210
1
2576 74
1
2577 218
1
2578 19
1
2579 247
1
2580 148
1
2581 30
1
2582 101
1
2583 131
1
2584 208
1
2585 272
1
2586 150
1
2587 276
1
2588 231
1
2589 209
1
2590 197
1
2591 246
1
2592 52
1
2593 59
1
2594 34
1
2595 108
1
2596 166
0
1
2597 273
1
2598 70
1
2599 134
1
2600 254
1
2601 275
1
2602 183
1
2603 8
1
2604 70
0
1
2605 26
1
2606 35
1
2607 7
1
2608 170
1
2609 182
1
2610 38
1
2611 218
1
2612 180
1
2613 208
1
2614 174
1
2615 4
1
2616 100
1
2617 207
1
2618 90
1
2619 240
1
2620 142
1
2621 108
1
2622 112
1
2623 219
1
2624 292
1
2625 129
1
2626 204
1
2627 165
1
2628 278
1
2629 227
1
2630 145
1
2631 289
1
2632 258
1
2633 121
1
2634 64
1
2635 83
0
1
2636 17
1
2637 248
1
2638 92
1
2639 115
1
2640 30
1
2641 52
1
2642 5
1
2643 3
1
2644 204
1
2645 205
1
2646 238
1
2647 112
1
2648 77
1
2649 230
1
2650 197
1
2651 69
1
2652 58
1
2653 61
1
2654 5
1
2655 5
1
2656 78
1
2657 227
1
2658 273
1
2659 43
1
2660 34
1
2661 172
1
2662 74
0
1
2663 116
1
2664 143
1
2665 62
1
2666 29
1
2667 240
1
2668 223
1
2669 32
1
2670 252
1
2671 160
1
2672 91
1
2673 180
1
2674 131
1
2675 161
1
2676 280
1
2677 145
1
2678 215
1
2679 185
1
2680 117
1
2681 138
1
2682 221
1
2683 190
1
2684 129
1
2685 158
1
2686 93
0
1
2687 112
1
2688 21
1
2689 153
1
2690 257
1
2691 31
1
2692 252
1
2693 88
1
2694 169
0
1
2695 20
1
2696 46
1
2697 156
1
2698 82
0
1
2699 271
1
2700 207
1
2701 25
1
2702 288
1
2703 272
1
2704 117
1
2705 241
1
2706 117
1
2707 274
1
2708 156
0
1
2709 3
1
2710 215
1
2711 237
1
2712 250
1
2713 48
0
0
1
2714 176
1
2715 225
1
2716 292
0
1
2717 114
1
2718 213
1
2719 139
1
2720 201
1
2721 19
1
2722 19
1
2723 114
1
2724 26
1
2725 64
1
2726 89
1
2727 174
1
2728 182
1
2729 9
1
2730 286
1
2731 166
1
2732 249
1
2733 266
1
2734 103
1
2735 93
0
1
2736 103
1
2737 70
0
1
2738 108
1
2739 98
1
2740 174
1
2741 22
1
2742 209
1
2743 276
1
2744 291
1
2745 32
1
2746 235
1
2747 11
1
2748 249
1
2749 158
1
2750 186
1
2751 173
1
2752 287
1
2753 4
1
2754 143
0
1
2755 218
1
2756 28
1
2757 165
1
2758 142
1
2759 239
1
2760 23
1
2761 255
0
1
2762 227
1
2763 210
1
2764 116
1
2765 103
1
2766 128
1
2767 157
1
2768 23
1
2769 126
1
2770 145
1
2771 231
1
2772 208
1
2773 155
1
2774 26
1
2775 55
1
2776 134
1
2777 183
1
2778 121
1
2779 125
1
2780 18
1
2781 274
1
2782 18
1
2783 149
1
2784 133
1
2785 235
1
2786 19
1
2787 255
1
2788 114
1
2789 47
1
2790 117
1
2791 206
1
2792 230
1
2793 250
1
2794 135
1
2795 138
1
2796 162
1
2797 21
1
2798 20
1
2799 121
1
2800 211
1
2801 243
1
2802 284
1
2803 170
1
2804 50
1
2805 157
1
2806 239
1
2807 126
1
2808 271
1
2809 198
1
2810 237
1
2811 110
1
2812 161
1
2813 235
1
2814 12
1
2815 27
1
2816 31
1
2817 265
1
2818 114
1
2819 59
1
2820 43
1
2821 21
1
2822 104
1
2823 190
1
2824 121
1
2825 290
1
2826 52
1
2827 148
1
2828 255
1
2829 208
1
2830 126
1
2831 135
1
2832 118
1
2833 3
1
2834 7
1
2835 228
1
2836 281
1
2837 174
1
2838 211
1
2839 261
1
2840 86
1
2841 34
1
2842 150
1
2843 95
1
2844 195
1
2845 9
1
2846 116
1
2847 40
1
2848 208
1
2849 118
1
2850 280
1
2851 82
1
2852 177
0
1
2853 69
1
2854 231
1
2855 272
1
2856 140
0
1
2857 271
1
2858 245
1
2859 167
1
2860 2
1
2861 204
1
2862 99
1
2863 289
1
2864 120
1
2865 224
1
2866 258
0
1
2867 125
1
2868 126
1
2869 5
1
2870 114
1
2871 277
1
2872 9
1
2873 163
1
2874 90
1
2875 200
1
2876 249
1
2877 98
1
2878 258
1
2879 231
1
2880 126
1
2881 55
1
2882 204
1
2883 86
1
2884 159
1
2885 195
1
2886 78
1
2887 194
1
2888 228
1
2889 259
1
2890 27
0
1
2891 203
1
2892 264
1
2893 185
1
2894 62
1
2895 241
1
2896 287
1
2897 106
1
2898 110
1
2899 278
0
1
2900 23
1
2901 66
1
2902 77
1
2903 192
1
2904 30
1
2905 104
1
2906 81
1
2907 2
1
2908 123
1
2909 191
1
2910 128
1
2911 14
1
2912 19
1
2913 208
1
2914 78
0
1
2915 118
0
1
2916 195
1
2917 19
1
2918 74
0
1
2919 78
1
2920 224
1
2921 211
1
2922 49
1
2923 21
1
2924 58
1
2925 285
1
2926 214
0
1
2927 174
1
2928 117
1
2929 19
1
2930 39
1
2931 139
1
2932 226
1
2933 165
1
2934 97
1
2935 9
1
2936 215
1
2937 122
1
2938 266
1
2939 210
1
2940 11
1
2941 149
1
2942 226
1
2943 89
1
2944 245
1
2945 104
1
2946 138
1
2947 258
1
2948 277
1
2949 87
1
2950 144
1
2951 69
1
2952 79
1
2953 152
1
2954 136
1
2955 97
1
2956 263
1
2957 234
1
2958 219
1
2959 185
1
2960 57
1
2961 172
1
2962 237
1
2963 104
1
2964 266
1
2965 17
1
2966 282
1
2967 2
1
2968 176
0
1
2969 158
1
2970 31
1
2971 213
1
2972 85
1
2973 231
1
2974 186
1
2975 66
1
2976 242
1
2977 158
1
2978 277
1
2979 192
1
2980 251
1
2981 282
1
2982 213
1
2983 60
1
2984 217
1
2985 182
1
2986 260
1
2987 284
1
2988 240
1
2989 164
1
2990 208
1
2991 189
1
2992 218
1
2993 57
1
2994 70
1
2995 126
1
2996 111
1
2997 280
1
2998 169
1
2999 115
1
3000 65
1
3001 70
1
3002 264
1
3003 231
1
3004 233
0
1
3005 147
1
3006 163
1
3007 251
1
3008 116
1
3009 85
1
3010 63
1
3011 99
1
3012 228
1
3013 194
1
3014 66
1
3015 244
1
3016 274
1
3017 27
1
3018 110
1
3019 88
1
3020 134
1
3021 62
1
3022 235
1
3023 122
1
3024 170
1
3025 2
1
3026 73
1
3027 98
1
3028 215
1
3029 65
1
3030 287
1
3031 34
1
3032 22
1
3033 159
1
3034 89
1
3035 228
1
3036 244
1
3037 283
1
3038 240
1
3039 13
1
3040 68
1
3041 148
1
3042 212
1
3043 81
1
3044 226
1
3045 149
1
3046 56
1
3047 183
1
3048 215
1
3049 82
1
3050 39
1
3051 141
1
3052 202
1
3053 135
1
3054 162
1
3055 179
1
3056 104
1
3057 76
1
3058 51
1
3059 21
1
3060 124
1
3061 159
1
3062 224
1
3063 269
1
3064 111
1
3065 99
1
3066 34
1
3067 86
1
3068 74
1
3069 121
1
3070 176
1
3071 3
1
3072 202
1
3073 20
1
3074 203
1
3075 99
1
3076 190
1
3077 69
1
3078 104
1
3079 178
1
3080 163
1
3081 213
1
3082 34
1
3083 20
1
3084 111
1
3085 289
1
3086 69
1
3087 285
1
3088 12
1
3089 230
1
3090 258
1
3091 246
1
3092 126
1
3093 128
1
3094 32
1
3095 219
1
3096 29
1
3097 98
1
3098 34
1
3099 270
1
3100 283
1
3101 118
1
3102 113
1
3103 52
1
3104 6
1
3105 90
1
3106 47
1
3107 243
1
3108 141
1
3109 139
1
3110 88
1
3111 27
1
3112 126
1
3113 158
1
3114 177
1
3115 167
1
3116 53
1
3117 33
1
3118 66
1
3119 203
1
3120 290
1
3121 211
1
3122 205
1
3123 105
1
3124 147
1
3125 232
1
3126 33
1
3127 219
1
3128 274
1
3129 23
1
3130 287
1
3131 54
1
3132 283
1
3133 235
1
3134 101
1
3135 231
1
3136 124
1
3137 228
1
3138 22
1
3139 98
1
3140 121
1
3141 37
1
3142 21
1
3143 3
1
3144 241
1
3145 244
1
3146 21
1
3147 280
1
3148 5
1
3149 117
1
3150 53
1
3151 124
1
3152 247
1
3153 165
1
3154 88
1
3155 32
1
3156 245
1
3157 117
1
3158 252
1
3159 99
1
3160 84
1
3161 122
1
3162 240
1
3163 289
1
3164 53
1
3165 128
1
3166 53
1
3167 154
1
3168 126
1
3169 56
1
3170 154
1
3171 162
1
3172 25
1
3173 195
1
3174 65
1
3175 48
1
3176 284
1
3177 30
1
3178 173
1
3179 99
1
3180 142
1
3181 122
1
3182 210
1
3183 168
1
3184 178
1
3185 181
1
3186 19
1
3187 109
1
3188 69
1
3189 13
1
3190 22
1
3191 166
0
1
3192 34
1
3193 79
1
3194 150
1
3195 65
1
3196 52
1
3197 20
1
3198 289
1
3199 39
1
3200 11
1
3201 83
1
3202 190
1
3203 85
1
3204 133
1
3205 119
1
3206 261
1
3207 86
1
3208 230
1
3209 52
1
3210 226
1
3211 222
1
3212 52
1
3213 222
1
3214 222
1
3215 170
1
3216 82
1
3217 243
1
3218 120
1
3219 186
1
3220 52
1
3221 130
1
3222 188
1
3223 280
1
3224 35
1
3225 161
1
3226 148
1
3227 181
1
3228 188
1
3229 255
1
3230 96
1
3231 142
1
3232 64
1
3233 86
1
3234 105
1
3235 46
1
3236 103
1
3237 77
1
3238 92
1
3239 148
1
3240 153
1
3241 207
1
3242 196
1
3243 112
1
3244 186
1
3245 192
1
3246 50
1
3247 244
1
3248 185
1
3249 181
1
3250 152
1
3251 286
0
1
3252 86
1
3253 222
1
3254 86
1
3255 147
1
3256 292
1
3257 23
1
3258 21
1
3259 35
1
3260 15
1
3261 225
1
3262 2
1
3263 70
0
1
3264 109
1
3265 283
1
3266 64
1
3267 131
1
3268 180
1
3269 218
1
3270 78
1
3271 155
1
3272 290
1
3273 8
0
1
3274 288
1
3275 278
1
3276 99
1
3277 152
1
3278 242
1
3279 100
1
3280 195
1
3281 233
1
3282 250
1
3283 194
1
3284 14
1
3285 84
1
3286 16
1
3287 71
1
3288 14
1
3289 131
1
3290 112
1
3291 264
1
3292 111
1
3293 154
1
3294 117
1
3295 40
1
3296 5
1
3297 82
1
3298 53
1
3299 284
1
3300 196
1
3301 208
1
3302 136
1
3303 21
1
3304 236
1
3305 195
1
3306 172
1
3307 198
1
3308 258
1
3309 38
1
3310 238
1
3311 71
1
3312 180
0
1
3313 231
1
3314 54
1
3315 76
1
3316 34
1
3317 109
1
3318 71
1
3319 131
1
3320 210
1
3321 275
1
3322 261
1
3323 13
1
3324 47
1
3325 146
1
3326 46
1
3327 62
1
3328 136
1
3329 66
1
3330 165
1
3331 58
1
3332 119
1
3333 251
1
3334 175
1
3335 8
1
3336 31
1
3337 165
1
3338 57
1
3339 222
1
3340 5
1
3341 91
1
3342 183
1
3343 110
0
1
3344 20
1
3345 129
1
3346 74
1
3347 17
1
3348 266
1
3349 145
1
3350 217
1
3351 103
1
3352 84
0
1
3353 51
1
3354 232
1
3355 19
1
3356 148
1
3357 243
1
3358 9
1
3359 283
1
3360 54
1
3361 220
1
3362 210
1
3363 106
1
3364 34
1
3365 191
1
3366 253
1
3367 111
1
3368 113
1
3369 98
1
3370 95
1
3371 119
1
3372 36
1
3373 264
1
3374 149
1
3375 108
0
1
3376 149
1
3377 127
1
3378 85
1
3379 139
1
3380 277
1
3381 168
1
3382 223
1
3383 202
1
3384 195
1
3385 261
1
3386 73
1
3387 24
1
3388 262
1
3389 198
1
3390 107
1
3391 236
1
3392 253
1
3393 190
1
3394 3
1
3395 199
1
3396 260
1
3397 132
1
3398 167
1
3399 24
0
1
3400 182
1
3401 119
1
3402 73
0
1
3403 275
1
3404 27
1
3405 289
0
1
3406 223
1
3407 71
1
3408 214
1
3409 186
1
3410 59
1
3411 35
1
3412 177
1
3413 242
1
3414 10
1
3415 79
0
1
3416 189
1
3417 287
1
3418 274
1
3419 35
1
3420 113
1
3421 95
1
3422 186
1
3423 153
1
3424 161
1
3425 131
1
3426 147
1
3427 127
0
1
3428 26
1
3429 67
1
3430 283
1
3431 120
1
3432 90
1
3433 242
1
3434 200
1
3435 189
1
3436 259
1
3437 151
1
3438 290
1
3439 159
1
3440 54
1
3441 215
0
1
3442 181
1
3443 214
1
3444 235
0
1
3445 264
1
3446 86
0
1
3447 122
1
3448 165
0
1
3449 289
1
3450 285
1
3451 292
1
3452 46
1
3453 34
1
3454 82
1
3455 130
1
3456 155
1
3457 243
1
3458 89
1
3459 72
0
1
3460 153
1
3461 19
1
3462 174
1
3463 26
1
3464 80
1
3465 177
1
3466 220
1
3467 181
1
3468 152
1
3469 178
1
3470 21
1
3471 24
1
3472 114
1
3473 178
1
3474 123
1
3475 135
0
1
3476 81
1
3477 244
1
3478 224
1
3479 122
1
3480 200
1
3481 148
1
3482 23
1
3483 277
0
1
3484 195
1
3485 231
1
3486 248
1
3487 218
1
3488 155
1
3489 195
0
1
3490 145
1
3491 185
1
3492 208
1
3493 118
1
3494 56
0
0
1
3495 116
1
3496 21
1
3497 39
1
3498 229
1
3499 242
1
3500 145
1
3501 23
1
3502 126
0
1
3503 173
1
3504 279
0
1
3505 66
1
3506 34
1
3507 277
1
3508 147
1
3509 119
1
3510 121
1
3511 71
1
3512 39
1
3513 131
0
1
3514 139
1
3515 243
1
3516 88
1
3517 20
1
3518 226
1
3519 121
0
1
3520 49
1
3521 197
1
3522 36
1
3523 276
1
3524 270
1
3525 287
1
3526 62
1
3527 209
1
3528 145
1
3529 276
1
3530 124
1
3531 240
1
3532 235
1
3533 224
1
3534 104
1
3535 54
1
3536 79
1
3537 256
1
3538 239
1
3539 52
1
3540 157
0
1
3541 255
1
3542 186
1
3543 264
1
3544 111
0
1
3545 59
1
3546 76
1
3547 83
1
3548 2
1
3549 26
1
3550 39
0
1
3551 283
1
3552 276
1
3553 14
1
3554 283
0
1
3555 114
0
1
3556 214
1
3557 97
1
3558 109
1
3559 243
0
1
3560 164
1
3561 38
1
3562 271
1
3563 248
1
3564 148
1
3565 126
1
3566 234
1
3567 104
1
3568 236
1
3569 21
1
3570 185
1
3571 183
1
3572 262
1
3573 247
1
3574 53
1
3575 110
0
0
1
3576 290
1
3577 158
1
3578 49
1
3579 198
1
3580 243
1
3581 89
1
3582 51
1
3583 59
1
3584 25
1
3585 232
1
3586 241
1
3587 129
1
3588 9
1
3589 100
1
3590 118
1
3591 160
1
3592 271
1
3593 193
1
3594 226
1
3595 57
1
3596 29
1
3597 27
1
3598 58
1
3599 86
0
1
3600 52
1
3601 21
1
3602 37
1
3603 253
1
3604 83
0
1
3605 124
1
3606 266
0
0
1
3607 254
1
3608 252
1
3609 171
1
3610 61
1
3611 188
1
3612 38
1
3613 249
0
1
3614 251
1
3615 287
1
3616 260
1
3617 7
1
3618 235
0
0
1
3619 106
1
3620 210
1
3621 182
1
3622 17
1
3623 158
1
3624 99
1
3625 272
1
3626 98
1
3627 42
1
3628 122
0
1
3629 75
1
3630 86
1
3631 3
1
3632 141
1
3633 138
1
3634 86
1
3635 248
1
3636 139
1
3637 160
1
3638 20
1
3639 277
1
3640 171
1
3641 273
1
3642 122
0
1
3643 155
1
3644 135
1
3645 88
1
3646 217
1
3647 67
1
3648 10
1
3649 98
0
1
3650 209
1
3651 141
0
1
3652 23
1
3653 67
0
1
3654 93
0
1
3655 150
1
3656 265
1
3657 104
0
1
3658 197
1
3659 204
1
3660 199
1
3661 226
1
3662 183
0
1
3663 260
0
1
3664 227
1
3665 246
1
3666 200
1
3667 139
1
3668 36
1
3669 126
1
3670 124
1
3671 51
1
3672 186
1
3673 287
0
1
3674 17
1
3675 140
0
1
3676 79
1
3677 21
1
3678 109
1
3679 70
1
3680 131
1
3681 20
0
0
1
3682 96
0
1
3683 227
1
3684 253
1
3685 217
1
3686 38
1
3687 105
1
3688 164
1
3689 93
1
3690 281
1
3691 51
1
3692 145
0
1
3693 34
0
1
3694 17
1
3695 107
0
1
3696 31
1
3697 111
1
3698 212
0
1
3699 90
1
3700 123
1
3701 133
1
3702 210
1
3703 291
1
3704 149
0
1
3705 93
1
3706 181
1
3707 235
1
3708 104
1
3709 236
0
1
3710 246
1
3711 104
1
3712 74
1
3713 2
1
3714 213
1
3715 82
1
3716 288
1
3717 224
1
3718 223
1
3719 5
1
3720 163
1
3721 98
1
3722 265
0
1
3723 50
1
3724 37
1
3725 234
1
3726 23
1
3727 207
0
1
3728 280
1
3729 277
1
3730 57
0
0
1
3731 30
1
3732 243
1
3733 66
0
0
1
3734 145
1
3735 113
1
3736 6
0
1
3737 130
0
1
3738 77
1
3739 19
1
3740 170
1
3741 126
1
3742 234
1
3743 11
1
3744 71
0
1
3745 6
1
3746 31
1
3747 235
0
1
3748 121
1
3749 199
1
3750 67
1
3751 222
1
3752 232
1
3753 200
1
3754 141
1
3755 284
1
3756 240
1
3757 73
1
3758 278
1
3759 103
1
3760 205
0
1
3761 82
1
3762 80
1
3763 20
0
1
3764 204
0
0
1
3765 135
1
3766 24
1
3767 42
1
3768 286
0
1
3769 237
1
3770 187
1
3771 245
1
3772 40
0
0
1
3773 256
1
3774 159
1
3775 44
0
1
3776 127
1
3777 21
1
3778 26
1
3779 75
1
3780 81
1
3781 3
1
3782 273
0
1
3783 191
1
3784 57
1
3785 150
1
3786 166
1
3787 269
0
1
3788 192
1
3789 98
0
0
1
3790 57
1
3791 255
1
3792 242
0
1
3793 182
1
3794 142
1
3795 210
1
3796 148
1
3797 191
1
3798 114
1
3799 84
0
0
1
3800 116
0
1
3801 47
1
3802 292
1
3803 271
1
3804 132
1
3805 15
0
1
3806 128
1
3807 96
1
3808 28
1
3809 238
1
3810 79
1
3811 105
1
3812 19
1
3813 49
1
3814 41
1
3815 97
1
3816 19
0
1
3817 100
1
3818 54
1
3819 254
1
3820 70
1
3821 230
1
3822 153
1
3823 220
1
3824 144
1
3825 21
1
3826 106
1
3827 85
1
3828 168
1
3829 270
0
1
3830 259
1
3831 126
1
3832 60
1
3833 17
1
3834 273
1
3835 285
1
3836 59
1
3837 63
0
1
3838 59
1
3839 280
1
3840 240
0
0
1
3841 128
1
3842 227
1
3843 282
1
3844 40
1
3845 17
0
0
1
3846 186
0
1
3847 13
1
3848 277
1
3849 173
0
1
3850 17
1
3851 17
0
0
1
3852 15
1
3853 81
0
1
3854 22
1
3855 270
1
3856 54
1
3857 80
0
0
1
3858 187
1
3859 208
1
3860 254
1
3861 5
0
1
3862 230
0
1
3863 26
1
3864 276
1
3865 97
1
3866 50
1
3867 165
1
3868 9
1
3869 17
1
3870 116
1
3871 230
1
3872 288
1
3873 93
1
3874 135
1
3875 87
0
1
3876 129
0
1
3877 246
1
3878 224
1
3879 148
1
3880 73
1
3881 217
0
1
3882 232
1
3883 146
1
3884 158
0
1
3885 202
0
0
1
3886 28
1
3887 8
1
3888 209
1
3889 21
0
1
3890 170
1
3891 219
1
3892 23
1
3893 11
1
3894 216
1
3895 52
1
3896 49
1
3897 197
1
3898 177
1
3899 190
1
3900 119
0
0
1
3901 30
0
1
3902 134
0
0
0
0
1
3903 115
1
3904 4
1
3905 128
1
3906 255
1
3907 44
1
3908 40
1
3909 265
1
3910 25
1
3911 13
0
0
1
3912 243
1
3913 253
0
0
0
1
3914 172
1
3915 19
1
3916 207
1
3917 108
1
3918 100
1
3919 115
1
3920 55
1
3921 234
0
0
1
3922 7
1
3923 138
1
3924 82
1
3925 93
1
3926 254
0
1
3927 194
1
3928 8
1
3929 277
1
3930 188
1
3931 268
1
3932 67
1
3933 104
1
3934 259
1
3935 147
1
3936 54
0
1
3937 236
1
3938 238
1
3939 229
0
1
3940 219
1
3941 108
1
3942 289
1
3943 135
1
3944 210
0
1
3945 230
0
0
0
1
3946 105
0
0
1
3947 261
1
3948 81
0
1
3949 142
1
3950 188
0
0
1
3951 223
1
3952 236
1
3953 215
1
3954 135
1
3955 271
1
3956 166
1
3957 187
0
1
3958 28
1
3959 154
1
3960 218
1
3961 216
1
3962 252
0
0
1
3963 52
1
3964 283
1
3965 139
1
3966 205
1
3967 119
0
1
3968 45
1
3969 148
1
3970 18
1
3971 201
1
3972 18
1
3973 212
1
3974 11
1
3975 38
1
3976 284
1
3977 209
1
3978 139
1
3979 200
1
3980 168
1
3981 86
0
0
0
0
0
1
3982 36
0
0
1
3983 104
0
0
1
3984 5
1
3985 187
1
3986 287
1
3987 201
0
1
3988 168
1
3989 47
0
1
3990 28
1
3991 228
1
3992 272
1
3993 2
0
0
0
1
3994 259
1
3995 253
1
3996 167
1
3997 9
0
1
3998 86
0
0
1
3999 165
1
4000 60
1
4001 287
1
4002 206
1
4003 87
0
0
0
1
4004 85
1
4005 158
0
0
1
4006 246
1
4007 73
1
4008 124
1
4009 207
1
4010 255
1
4011 182
1
4012 169
1
4013 283
0
1
4014 182
1
4015 279
1
4016 172
0
1
4017 104
1
4018 268
0
1
4019 93
1
4020 210
0
0
0
1
4021 132
1
4022 123
0
0
1
4023 228
0
1
4024 131
0
1
4025 99
1
4026 160
0
0
0
0
0
0
1
4027 64
1
4028 19
1
4029 40
0
1
4030 204
1
4031 179
1
4032 290
1
4033 140
1
4034 169
1
4035 284
0
1
4036 37
0
0
0
1
4037 43
0
1
4038 268
0
0
1
4039 8
1
4040 236
0
1
4041 13
0
1
4042 138
0
0
1
4043 210
0
1
4044 219
1
4045 251
0
1
4046 287
1
4047 61
1
4048 67
1
4049 32
0
1
4050 117
1
4051 56
1
4052 284
1
4053 101
1
4054 244
1
4055 173
0
0
0
0
1
4056 21
1
4057 69
1
4058 191
0
0
1
4059 118
0
1
4060 137
1
4061 223
1
4062 143
1
4063 47
0
0
1
4064 66
1
4065 250
1
4066 82
1
4067 105
1
4068 84
1
4069 61
1
4070 282
1
4071 20
1
4072 246
1
4073 138
1
4074 225
0
0
1
4075 78
1
4076 21
0
1
4077 174
0
1
4078 244
1
4079 166
0
1
4080 148
0
1
4081 102
0
0
1
4082 289
1
4083 76
1
4084 81
1
4085 283
1
4086 24
1
4087 138
1
4088 175
1
4089 257
1
4090 36
0
0
1
4091 282
1
4092 30
0
0
0
1
4093 94
0
1
4094 36
1
4095 210
0
1
4096 285
1
4097 213
0
1
4098 244
0
1
4099 161
1
4100 174
1
4101 232
1
4102 233
1
4103 164
1
4104 75
0
1
4105 61
1
4106 71
0
1
4107 154
1
4108 72
0
0
0
1
4109 198
1
4110 238
0
1
4111 24
1
4112 173
0
0
1
4113 277
1
4114 268
0
0
1
4115 189
1
4116 291
1
4117 144
1
4118 277
1
4119 55
0
0
1
4120 2
0
1
4121 2
1
4122 55
1
4123 128
1
4124 283
0
1
4125 51
0
1
4126 46
1
4127 234
1
4128 136
1
4129 64
0
0
1
4130 231
0
0
1
4131 210
1
4132 264
1
4133 162
0
1
4134 287
1
4135 68
1
4136 251
1
4137 37
0
1
4138 55
1
4139 60
0
0
0
1
4140 13
0
1
4141 148
1
4142 157
0
1
4143 271
1
4144 185
1
4145 242
0
1
4146 134
0
0
1
4147 213
1
4148 137
0
0
1
4149 133
0
1
4150 18
1
4151 228
1
4152 54
1
4153 176
0
1
4154 188
1
4155 51
1
4156 10
0
0
0
1
4157 3
1
4158 145
1
4159 231
0
1
4160 195
1
4161 29
0
1
4162 285
1
4163 262
1
4164 240
1
4165 280
1
4166 251
0
1
4167 143
1
4168 104
0
1
4169 101
0
0
1
4170 72
1
4171 185
1
4172 37
1
4173 213
1
4174 75
0
0
0
0
0
0
1
4175 4
0
0
1
4176 276
0
1
4177 50
1
4178 4
1
4179 67
1
4180 292
1
4181 97
1
4182 244
1
4183 174
1
4184 22
0
0
0
1
4185 116
0
1
4186 72
0
0
1
4187 162
1
4188 42
1
4189 224
1
4190 106
1
4191 75
0
1
4192 76
1
4193 202
1
4194 278
1
4195 47
1
4196 245
1
4197 280
0
1
4198 239
1
4199 22
0
0
1
4200 34
0
1
4201 86
1
4202 35
1
4203 22
1
4204 93
1
4205 236
1
4206 44
0
0
1
4207 154
0
1
4208 84
1
4209 193
0
0
1
4210 5
1
4211 43
1
4212 203
0
1
4213 121
1
4214 148
0
0
1
4215 123
1
4216 148
1
4217 23
0
1
4218 53
1
4219 23
0
1
4220 246
0
0
0
0
0
0
0
1
4221 182
1
4222 36
0
1
4223 2
0
0
1
4224 158
0
1
4225 139
0
0
1
4226 158
0
0
0
1
4227 104
1
4228 186
1
4229 13
1
4230 216
0
0
0
1
4231 194
0
1
4232 208
1
4233 253
1
4234 66
1
4235 210
0
1
4236 153
1
4237 90
0
1
4238 20
0
1
4239 109
1
4240 93
1
4241 87
0
1
4242 17
0
0
1
4243 192
1
4244 170
1
4245 110
0
0
1
4246 4
1
4247 51
1
4248 244
0
0
1
4249 271
1
4250 218
0
1
4251 210
0
1
4252 263
0
1
4253 51
1
4254 134
1
4255 138
0
0
1
4256 39
0
1
4257 214
1
4258 146
1
4259 68
0
1
4260 211
1
4261 165
1
4262 230
0
1
4263 195
1
4264 154
1
4265 195
0
1
4266 110
1
4267 233
1
4268 172
1
4269 261
1
4270 245
0
1
4271 238
0
0
1
4272 62
1
4273 235
0
0
1
4274 153
0
0
0
1
4275 106
0
1
4276 82
0
1
4277 243
1
4278 168
0
0
0
0
0
1
4279 29
1
4280 45
0
1
4281 35
1
4282 81
1
4283 200
1
4284 260
0
1
4285 110
1
4286 19
1
4287 216
0
1
4288 191
1
4289 248
0
0
1
4290 9
1
4291 260
1
4292 268
1
4293 65
1
4294 276
0
1
4295 159
1
4296 24
1
4297 286
1
4298 292
1
4299 43
0
1
4300 87
0
0
0
1
4301 209
0
0
1
4302 194
1
4303 123
0
1
4304 217
0
0
1
4305 168
1
4306 267
0
0
0
1
4307 77
1
4308 26
1
4309 66
1
4310 201
0
0
0
1
4311 72
1
4312 30
1
4313 235
1
4314 94
1
4315 162
1
4316 54
1
4317 231
1
4318 232
1
4319 13
0
1
4320 24
1
4321 2
0
0
1
4322 114
1
4323 26
1
4324 22
0
1
4325 26
0
0
1
4326 83
0
0
0
1
4327 64
0
0
0
0
0
1
4328 91
1
4329 105
0
1
4330 130
0
1
4331 230
0
0
1
4332 2
0
1
4333 167
1
4334 149
0
1
4335 11
0
1
4336 255
0
1
4337 118
0
1
4338 284
0
1
4339 139
1
4340 230
1
4341 4
1
4342 62
1
4343 282
0
1
4344 77
0
1
4345 27
1
4346 20
0
1
4347 114
1
4348 36
1
4349 272
1
4350 74
1
4351 64
1
4352 249
1
4353 232
0
0
1
4354 213
0
0
1
4355 194
0
1
4356 52
0
1
4357 93
0
1
4358 180
0
1
4359 124
1
4360 167
1
4361 234
1
4362 37
0
0
1
4363 66
0
0
0
0
0
1
4364 166
1
4365 44
1
4366 153
1
4367 77
0
1
4368 20
0
0
0
1
4369 127
0
1
4370 264
0
1
4371 187
0
0
0
0
1
4372 211
0
0
0
0
0
0
1
4373 29
0
1
4374 7
0
1
4375 124
0
0
1
4376 19
0
1
4377 236
0
1
4378 121
1
4379 210
1
4380 154
0
0
1
4381 40
1
4382 26
0
1
4383 164
1
4384 42
0
0
1
4385 65
1
4386 239
1
4387 38
0
1
4388 159
1
4389 284
1
4390 249
1
4391 259
1
4392 74
1
4393 140
0
1
4394 15
0
1
4395 186
1
4396 23
1
4397 148
0
0
1
4398 222
0
1
4399 209
1
4400 163
1
4401 268
1
4402 100
1
4403 82
1
4404 20
1
4405 195
1
4406 92
0
1
4407 292
1
4408 91
1
4409 181
1
4410 190
1
4411 176
1
4412 132
0
1
4413 244
1
4414 85
0
1
4415 226
1
4416 230
0
1
4417 255
1
4418 235
0
1
4419 116
1
4420 194
0
0
1
4421 106
1
4422 224
0
0
1
4423 80
0
0
0
1
4424 154
1
4425 213
1
4426 20
1
4427 239
1
4428 239
0
0
0
1
4429 197
1
4430 98
0
0
0
0
1
4431 189
1
4432 146
0
0
0
1
4433 158
1
4434 27
1
4435 11
0
0
1
4436 34
0
0
0
1
4437 160
0
0
1
4438 194
1
4439 279
1
4440 13
0
0
0
1
4441 211
1
4442 194
0
0
0
0
0
0
1
4443 19
0
1
4444 174
0
1
4445 283
0
0
0
0
0
0
1
4446 111
1
4447 115
0
0
1
4448 196
0
0
1
4449 69
0
0
0
1
4450 82
0
0
0
1
4451 54
0
0
1
4452 17
1
4453 235
0
0
1
4454 244
0
0
0
1
4455 231
0
0
0
1
4456 275
1
4457 277
1
4458 9
1
4459 202
1
4460 210
0
0
1
4461 11
1
4462 22
0
0
0
0
1
4463 147
1
4464 182
0
0
0
0
0
0
1
4465 13
0
0
1
4466 35
0
0
0
0
0
0
1
4467 71
0
1
4468 291
1
4469 159
1
4470 92
0
0
0
0
0
0
1
4471 137
0
1
4472 250
0
0
1
4473 87
1
4474 26
0
1
4475 94
0
0
0
0
1
4476 158
1
4477 275
0
1
4478 232
0
1
4479 287
0
1
4480 109
1
4481 119
0
0
0
0
0
1
4482 210
0
0
1
4483 224
0
0
1
4484 129
1
4485 41
0
1
4486 114
0
1
4487 139
0
0
0
0
0
0
0
1
4488 58
0
0
1
4489 22
0
0
0
1
4490 27
0
1
4491 98
0
0
1
4492 109
0
1
4493 265
0
1
4494 21
0
0
0
1
4495 92
1
4496 159
0
0
1
4497 131
0
1
4498 160
1
4499 72
0
0
1
4500 4
0
0
0
1
4501 12
1
4502 152
0
0
1
4503 227
0
0
0
0
0
1
4504 206
0
1
4505 174
1
4506 157
0
1
4507 244
1
4508 275
1
4509 216
0
1
4510 108
1
4511 133
0
0
0
0
1
4512 95
0
1
4513 229
0
0
0
0
0
1
4514 152
1
4515 18
1
4516 260
0
0
1
4517 82
0
1
4518 111
0
1
4519 35
0
0
0
0
1
4520 118
0
1
4521 208
0
1
4522 67
1
4523 54
1
4524 35
1
4525 202
0
0
0
0
1
4526 107
1
4527 260
1
4528 29
0
0
1
4529 234
1
4530 170
1
4531 104
1
4532 193
0
0
0
1
4533 167
1
4534 179
0
0
1
4535 209
0
0
0
0
1
4536 117
1
4537 231
0
1
4538 186
0
1
4539 230
0
1
4540 68
1
4541 11
1
4542 141
1
4543 226
1
4544 195
0
0
0
0
1
4545 278
1
4546 259
1
4547 190
0
0
0
0
0
0
1
4548 155
1
4549 15
0
0
1
4550 261
0
0
1
4551 66
0
0
1
4552 5
0
1
4553 66
0
0
1
4554 246
1
4555 78
0
0
0
0
0
0
0
0
1
4556 47
0
1
4557 12
1
4558 186
1
4559 180
0
0
0
0
1
4560 89
0
0
0
0
0
1
4561 21
0
0
0
0
0
1
4562 130
0
1
4563 210
0
1
4564 283
0
0
0
0
0
0
1
4565 77
0
1
4566 27
1
4567 112
0
0
1
4568 266
0
0
0
0
0
0
0
0
0
0
0
0
0
0
0
1
4569 53
0
0
0
0
1
4570 36
0
1
4571 53
0
0
0
0
1
4572 49
1
4573 248
0
0
1
4574 132
1
4575 289
0
0
0
1
4576 128
0
1
4577 37
1
4578 50
1
4579 68
0
0
1
4580 54
1
4581 190
0
0
0
0
0
0
0
0
0
0
0
0
1
4582 283
1
4583 109
1
4584 138
1
4585 12
0
1
4586 118
1
4587 248
0
0
1
4588 115
0
1
4589 173
1
4590 202
0
0
1
4591 176
1
4592 163
1
4593 165
1
4594 227
0
0
0
0
0
0
0
0
1
4595 90
1
4596 203
1
4597 286
0
1
4598 19
1
4599 121
1
4600 66
0
0
0
1
4601 140
0
0
0
1
4602 94
0
0
0
0
0
0
0
1
4603 94
0
0
1
4604 133
0
0
1
4605 33
0
0
0
0
1
4606 254
1
4607 73
0
1
4608 166
0
1
4609 35
1
4610 2
0
0
0
0
0
0
0
0
0
1
4611 228
0
0
1
4612 227
1
4613 200
0
0
0
1
4614 205
0
0
0
1
4615 112
0
0
0
0
1
4616 54
1
4617 148
0
0
1
4618 80
0
0
1
4619 219
0
1
4620 93
1
4621 110
0
1
4622 246
0
0
0
1
4623 222
1
4624 253
1
4625 114
0
0
0
0
0
0
1
4626 187
0
1
4627 115
0
0
1
4628 168
1
4629 199
0
0
0
0
0
1
4630 145
1
4631 85
0
1
4632 11
0
1
4633 58
1
4634 34
0
1
4635 13
0
1
4636 93
0
0
0
0
1
4637 218
0
0
0
0
1
4638 90
0
1
4639 228
1
4640 158
0
1
4641 134
1
4642 68
0
0
0
0
1
4643 216
1
4644 210
0
1
4645 18
1
4646 215
0
0
0
0
0
1
4647 196
0
0
0
0
0
0
0
0
0
0
1
4648 255
0
1
4649 43
1
4650 165
1
4651 148
1
4652 77
1
4653 2
0
0
0
1
4654 211
0
1
4655 2
1
4656 104
0
0
0
0
0
0
1
4657 152
0
1
4658 34
0
1
4659 98
0
0
0
0
0
1
4660 281
0
0
0
0
0
0
0
0
0
0
1
4661 194
0
0
1
4662 21
0
0
0
0
0
0
1
4663 274
1
4664 202
0
0
1
4665 195
0
0
0
1
4666 258
0
0
0
0
0
0
0
1
4667 241
1
4668 270
0
1
4669 21
0
0
0
0
0
0
0
1
4670 208
1
4671 17
1
4672 247
0
0
0
0
0
0
0
1
4673 190
0
0
0
0
1
4674 185
0
0
0
0
0
0
0
0
0
0
0
0
0
0
0
0
0
0
0
0
0
0
0
1
4675 291
0
0
1
4676 173
1
4677 19
1
4678 16
1
4679 168
1
4680 255
1
4681 19
0
0
0
1
4682 220
0
0
1
4683 242
0
0
1
4684 179
1
4685 108
1
4686 255
0
1
4687 107
0
0
0
1
4688 177
0
1
4689 49
0
0
0
0
0
0
0
0
0
0
0
0
0
0
0
0
0
0
1
4690 5
0
0
0
0
0
1
4691 292
0
1
4692 227
0
0
0
0
1
4693 292
1
4694 239
1
4695 54
0
1
4696 101
1
4697 172
0
1
4698 4
0
0
0
0
1
4699 188
0
0
1
4700 263
0
0
0
0
0
0
0
0
1
4701 103
0
0
0
1
4702 122
0
1
4703 252
0
0
1
4704 161
1
4705 198
1
4706 165
0
1
4707 52
0
0
0
0
1
4708 154
0
0
0
0
0
0
0
0
1
4709 14
0
0
1
4710 292
1
4711 38
0
1
4712 12
0
1
4713 138
0
0
0
0
0
0
0
0
0
0
0
1
4714 198
0
0
1
4715 92
1
4716 206
0
1
4717 180
0
0
0
1
4718 51
0
1
4719 209
1
4720 26
0
1
4721 208
0
1
4722 129
0
0
0
0
0
1
4723 15
0
0
1
4724 119
0
0
0
0
0
1
4725 159
0
1
4726 169
0
0
1
4727 57
0
0
0
0
0
0
0
0
1
4728 88
1
4729 52
0
0
0
0
0
0
0
0
0
0
0
0
0
0
1
4730 190
0
0
0
0
0
1
4731 12
0
0
0
0
1
4732 157
0
0
1
4733 234
0
0
0
0
0
1
4734 47
0
0
0
0
0
0
0
1
4735 97
0
0
0
0
0
0
0
1
4736 121
0
1
4737 4
1
4738 192
1
4739 118
0
0
0
0
1
4740 49
0
0
0
0
0
0
0
0
1
4741 136
0
0
0
0
0
0
0
0
0
0
0
0
0
0
1
4742 3
1
4743 146
0
0
0
0
0
0
1
4744 8
0
0
0
0
0
0
0
0
1
4745 21
0
0
0
0
0
0
0
0
0
0
0
0
0
0
0
0
0
0
0
0
0
1
4746 134
0
0
0
0
1
4747 292
0
0
0
0
0
0
0
0
0
0
0
0
0
0
0
0
0
0
0
0
1
4748 52
0
0
0
0
0
0
0
0
0
1
4749 112
0
0
0
0
1
4750 212
0
0
0
0
0
0
0
0
0
0
0
0
0
0
0
0
1
4751 9
0
0
1
4752 287
0
0
1
4753 132
0
0
0
0
0
1
4754 182
0
0
0
0
0
0
0
1
4755 11
0
0
0
0
0
0
0
0
1
4756 35
1
4757 84
0
0
0
0
0
0
0
0
1
4758 242
0
0
0
0
0
0
0
0
0
0
0
0
0
0
1
4759 253
0
0
0
1
4760 120
0
0
0
0
0
0
0
0
0
0
1
4761 147
1
4762 24
0
0
0
1
4763 228
1
4764 195
0
0
1
4765 95
0
0
1
4766 221
0
0
0
0
0
0
0
0
1
4767 276
1
4768 22
0
1
4769 168
1
4770 106
1
4771 222
0
0
0
0
0
1
4772 247
0
0
0
0
0
0
0
0
0
0
0
0
0
0
0
0
0
0
0
0
0
0
1
4773 275
0
0
1
4774 129
0
0
1
4775 174
0
0
0
0
0
0
0
0
0
0
0
1
4776 63
0
0
1
4777 269
0
0
0
0
0
1
4778 20
0
0
0
0
0
0
0
0
0
0
0
0
0
0
0
0
0
1
4779 110
0
0
0
0
0
0
0
0
0
0
0
0
0
0
1
4780 289
0
0
0
0
0
0
0
0
1
4781 77
0
1
4782 237
0
0
0
0
0
0
0
0
0
0
0
0
0
0
1
4783 142
0
0
0
0
0
0
0
0
0
0
0
0
0
0
0
0
0
0
0
0
0
0
0
0
0
0
0
1
4784 217
0
0
0
0
0
0
0
0
1
4785 69
0
0
0
0
1
4786 235
0
0
0
0
0
0
0
0
0
0
0
0
0
0
1
4787 55
0
0
0
0
0
1
4788 134
0
0
0
1
4789 50
0
0
0
0
0
0
0
0
0
1
4790 88
0
0
0
1
4791 109
0
0
0
0
0
0
0
0
0
0
0
0
0
0
0
0
0
0
0
0
0
0
0
0
0
0
0
0
1
4792 55
0
0
1
4793 178
0
0
0
0
0
0
0
1
4794 265
0
0
0
0
0
0
0
1
4795 26
0
0
0
0
0
0
0
0
0
0
0
0
0
0
0
1
4796 256
0
0
0
0
0
1
4797 21
0
0
0
0
0
0
0
1
4798 245
0
0
0
0
1
4799 10
0
0
0
1
4800 122
0
0
0
0
0
0
0
0
0
0
0
0
0
0
0
0
0
0
0
0
0
0
0
0
0
0
0
0
0
0
0
0
0
0
0
0
0
0
0
0
0
0
0
0
0
0
0
0
0
0
0
0
0
0
0
0
0
0
0
0
0
0
0
0
0
0
0
0
0
0
0
0
0
0
0
0
0
0
0
0
0
0
0
0
0
0
0
0
0
0
0
0
0
0
0
0
0
0
0
0
0
0
0
0
0
0
0
0
0
0
0
0
0
0
0
0
0
0
0
0
0
0
0
0
0
0
0
0
0
0
0
0
0
0
0
0
0
0
0
0
0
0
0
0
0
0
0
0
0
0
0
0
0
0
0
0
0
0
0
0
0
0
0
0
0
0
0
0
0
0
0
0
0
0
0
0
0
0
0
0
0
0
0
0
0
0
0
0
0
0
0
0
0
0
0
0
0
0
0
0
0
0
0
0
0
0
0
0
0
0
0
0
0
0
0
0
0
0
0
0
0
0
0
0
0
0
0
0
0
0
0
0
0
0
0
0
0
0
0
0
0
0
0
0
0
0
0
0
0
0
0
0
0
0
0
0
0
0
0
0
0
0
0
0
0
0
0
0
0
0
0
0
0
0
0
0
0
0
0
0
0
0
0
0
0
0
0
0
0
0
0
0
0
0
0
0
0
0
0
0
0
0
0
0
0
0
0
0
0
0
0
0
0
0
0
0
0
0
0
0
0
0
0
0
0
0
0
0
0
0
0
0
0
0
0
0
0
0
0
0
0
0
0
0
0
0
0
0
0
0
0
0
0
0
0
0
0
0
0
0
0
0
0
0
0
0
0
0
0
0
0
0
0
0
0
0
0
0
0
0
0
0
0
0
0
0
0
0
0
0
0
0
0
0
0
0
0
0
0
0
0
0
0
0
0
0
0
0
0
0
0
0
0
0
0
0
0
0
0
0
0
0
0
0
0
0
0
0
0
0
0
0
0
0
0
0
0
0
0
0
0
0
0
0
0
0
0
0
0
0
0
0
0
0
0
0
0
0
0
0
0
0
0
0
0
0
0
0
0
0
0
0
0
0
0
0
0
0
0
0
0
0
0
0
0
0
0
0
0
0
0
0
0
0
0
0
0
0
0
0
0
0
0
0
0
0
0
0
0
0
0
0
0
0
0
0
0
0
0
0
0
0
0
0
0
0
0
0
0
0
0
0
0
0
0
0
0
0
0
0
0
0
0
0
0
0
0
0
0
0
0
0
0
0
0
0
0
0
0
0
0
0
0
0
0
0
0
0
0
0
0
0
0
0
0
0
0
0
0
0
0
0
0
0
0
0
0
0
0
0
0
0
0
0
0
0
0
0
