367 624
105 67 4
35 161 4
254 144 3
354 305 2
247 68 3
142 254 3
144 349 3
12 85 3
203 113 3
12 275 3
65 78 4
364 132 5
124 5 5
132 156 3
54 344 3
14 149 3
29 190 3
249 186 3
33 184 4
364 191 5
163 283 3
34 17 4
367 125 4
278 146 3
357 308 3
46 297 4
60 232 4
129 276 2
260 30 5
292 135 3
286 10 5
265 163 4
306 212 3
44 162 3
103 311 3
64 315 2
18 195 2
53 117 5
249 140 4
106 333 2
234 145 3
303 93 2
307 119 2
300 189 4
276 160 3
76 67 2
361 203 3
223 35 4
263 291 4
193 216 5
253 110 3
282 115 3
203 193 4
297 95 3
82 204 3
62 195 2
199 11 3
164 2 4
269 262 5
65 45 3
129 327 3
313 4 2
228 27 4
8 322 2
42 202 4
362 99 1
266 102 2
4 9 4
185 51 5
60 12 2
86 245 3
207 245 4
160 62 5
181 273 3
342 280 3
320 159 5
102 196 3
130 155 3
77 46 3
55 252 4
256 112 2
335 104 3
216 210 4
170 93 2
266 100 1
121 255 3
19 115 2
329 145 3
143 107 3
2 73 4
151 312 2
225 101 3
131 283 4
76 200 4
238 243 3
124 178 3
179 157 3
13 205 5
67 95 4
337 171 4
30 188 4
142 284 4
283 273 3
199 188 3
285 328 2
365 237 3
333 308 3
293 268 4
15 174 4
237 335 4
333 287 3
210 205 4
59 123 3
158 344 4
127 338 3
224 16 4
150 50 5
125 313 3
214 59 3
251 180 5
26 233 1
14 156 3
90 8 2
63 217 4
253 154 4
117 134 3
191 123 2
68 232 4
320 257 3
294 236 3
136 45 3
127 98 2
136 148 3
88 41 3
173 323 4
353 71 2
6 121 3
45 8 3
46 343 4
201 68 3
332 363 4
298 217 3
269 97 4
192 200 4
258 221 2
62 18 3
155 240 4
356 205 4
351 277 3
176 150 3
298 348 5
226 215 4
95 290 3
89 352 2
10 222 5
352 178 2
209 229 2
300 35 3
367 341 4
11 260 5
283 137 4
176 219 4
114 219 3
182 272 4
12 151 1
242 207 3
282 74 3
211 342 3
262 105 3
61 71 4
89 178 2
97 308 3
201 174 4
288 238 4
250 366 4
315 111 4
314 172 3
28 297 3
231 290 3
156 355 4
137 183 3
249 319 1
346 40 3
33 177 2
116 35 2
147 104 3
105 76 3
28 231 4
160 152 6
299 340 2
354 132 2
354 84 3
317 10 3
92 227 4
95 274 3
141 185 4
259 314 3
15 135 3
194 281 3
350 58 4
80 69 3
161 116 2
335 20 4
127 246 3
72 279 3
248 42 3
107 261 1
95 28 4
87 11 5
235 34 3
172 288 3
117 263 3
259 28 3
307 224 2
94 276 4
30 218 3
318 251 3
340 66 3
366 310 2
1 242 4
130 196 3
222 24 3
38 190 2
281 244 4
75 202 4
3 55 4
23 167 3
91 337 3
92 25 3
301 338 3
37 25 3
48 295 3
138 341 3
359 166 3
356 50 5
26 230 3
164 84 3
29 325 4
236 118 4
161 212 3
229 234 3
222 106 3
89 134 1
285 197 2
103 241 3
58 256 2
206 112 3
110 187 3
321 217 5
259 316 3
264 4 3
365 204 5
198 319 3
227 282 3
34 329 4
70 343 3
363 214 2
229 289 4
306 154 3
210 114 3
260 347 3
108 167 3
78 172 3
126 80 1
234 120 4
317 286 4
197 155 2
304 267 4
192 198 3
27 326 3
14 355 3
351 59 3
88 220 3
57 3 3
325 38 4
168 351 4
4 341 3
6 90 3
302 21 5
187 367 4
270 322 3
181 233 4
288 36 3
303 99 4
206 280 3
194 266 4
20 324 4
11 92 3
300 49 4
139 270 5
320 325 4
298 243 4
111 72 3
99 121 4
140 271 3
268 331 3
219 113 3
57 300 3
85 19 3
314 231 3
299 37 4
51 13 3
70 345 4
96 182 2
321 331 3
42 236 4
36 316 5
176 239 4
93 344 3
220 52 2
166 175 4
322 6 3
162 227 4
136 134 3
94 129 2
200 198 3
337 177 5
101 267 4
289 173 4
328 155 4
7 175 4
284 334 2
301 246 4
357 157 2
89 124 2
211 32 4
218 321 3
33 352 5
194 100 3
342 32 4
221 165 4
85 312 2
332 346 3
183 22 2
302 43 2
65 322 2
279 311 2
292 338 4
27 337 4
138 9 3
237 342 3
327 189 4
17 15 3
59 168 3
112 16 1
158 54 4
170 63 4
258 307 4
43 221 3
314 291 3
273 71 4
178 134 2
196 244 3
207 1 2
133 48 3
94 327 2
140 245 5
318 166 3
299 343 3
247 305 3
318 359 4
144 334 3
334 349 4
345 199 3
128 41 3
189 153 4
51 356 3
258 119 2
309 359 3
125 81 3
110 120 5
49 39 3
85 2 4
81 367 3
315 279 2
98 292 4
44 96 3
208 331 2
235 201 5
271 38 3
343 37 5
346 340 4
149 306 3
83 274 4
154 213 3
123 351 4
360 52 4
220 230 4
336 39 3
262 106 3
69 167 3
301 304 3
313 323 4
143 299 3
97 357 4
128 330 5
329 126 3
91 255 4
349 61 2
31 264 5
334 61 3
290 274 4
63 360 2
53 29 3
361 193 3
70 77 4
228 5 3
212 213 4
295 22 3
91 177 3
6 362 3
109 285 5
124 352 4
47 179 4
318 165 3
26 128 3
159 290 3
284 358 4
186 271 2
74 133 3
80 145 4
20 237 3
204 79 2
43 21 3
171 91 2
265 295 4
241 350 4
81 289 3
358 353 5
73 84 4
349 254 3
81 209 4
309 7 3
54 243 3
185 278 4
168 118 4
147 361 4
23 201 5
278 141 3
86 309 3
221 119 2
166 97 3
242 309 4
364 14 3
328 304 4
247 23 3
73 19 5
301 98 3
310 3 5
156 305 4
9 152 4
107 248 1
228 184 3
86 7 4
140 86 4
211 206 2
365 324 3
9 62 3
10 143 3
316 77 4
157 308 3
223 161 3
123 277 3
252 310 3
163 240 4
180 16 3
13 216 4
149 253 3
72 336 3
273 330 3
90 255 5
226 319 3
284 285 3
25 199 3
225 267 3
162 56 4
153 94 3
122 146 3
78 270 4
248 261 1
50 122 5
335 339 2
43 1 3
110 69 4
327 223 4
58 180 5
238 139 3
19 56 3
16 58 2
304 130 3
119 302 3
36 348 4
153 141 3
64 150 5
118 336 3
202 47 3
218 298 3
48 265 2
74 87 4
182 84 3
366 55 4
235 126 4
281 102 3
186 38 4
17 235 3
164 68 3
109 334 5
185 146 3
194 115 4
165 359 3
82 79 3
328 197 3
240 131 3
32 82 4
237 104 2
252 250 2
79 21 3
135 127 4
107 75 2
203 147 3
148 172 4
157 296 3
279 294 3
100 102 3
286 24 1
154 187 4
63 344 2
257 325 3
280 211 3
345 25 4
247 108 4
241 296 4
250 364 4
133 137 6
145 120 5
275 174 2
52 170 4
40 44 4
256 219 3
355 167 5
239 350 3
338 244 3
184 177 4
296 180 4
275 15 3
272 56 4
142 225 4
22 268 3
198 215 3
179 241 2
191 132 3
109 358 2
246 101 5
114 176 4
265 22 2
263 159 5
280 113 4
197 131 4
345 37 4
173 31 4
41 293 3
76 192 2
40 363 3
151 232 3
128 293 5
287 75 3
230 41 2
320 83 5
248 75 3
232 275 3
31 169 3
270 362 5
339 104 3
88 208 6
183 293 5
60 2 2
174 17 3
277 191 3
158 303 4
200 269 3
44 272 3
321 208 3
83 215 3
103 294 4
147 339 5
195 223 4
122 49 3
179 103 4
224 251 4
39 111 2
257 53 4
139 54 3
355 108 3
258 165 2
181 353 5
354 96 4
256 239 4
213 138 3
341 125 3
138 18 4
57 116 3
217 360 2
312 60 2
87 347 5
291 148 3
153 278 3
120 209 3
218 331 2
261 66 4
47 287 1
347 295 5
169 323 3
152 264 5
332 66 4
233 330 4
263 136 5
24 317 2
326 171 3
317 46 4
257 190 3
332 214 2
64 311 2
175 226 4
348 188 4
10000
0
0
0
0
0
0
0
0
0
0
0
0
0
0
0
0
0
0
0
0
0
0
0
1
1 348
0
0
0
0
0
0
0
0
0
0
0
0
0
0
0
0
0
0
0
0
0
0
0
0
0
0
0
0
0
0
0
0
0
0
0
1
2 60
0
0
0
0
0
1
3 199
0
0
0
0
0
0
0
0
0
0
0
0
0
0
0
0
0
0
1
4 248
0
0
0
0
0
0
0
0
0
0
0
0
0
0
0
0
0
0
0
0
0
0
0
0
0
0
0
0
0
0
0
0
0
0
0
0
0
0
0
0
0
0
1
5 359
0
0
0
1
6 275
0
0
0
0
0
0
0
0
0
0
0
0
0
1
7 142
0
0
0
0
0
1
8 235
0
0
0
0
0
0
0
0
0
0
0
0
0
0
0
1
9 102
1
10 79
0
1
11 114
0
0
0
0
1
12 333
0
0
0
0
0
1
13 285
0
0
0
0
0
0
0
0
0
0
0
0
0
0
0
0
0
0
0
0
0
0
0
0
0
1
14 41
0
0
0
0
0
0
1
15 356
1
16 74
0
0
0
0
0
0
0
0
1
17 130
0
0
0
0
0
0
0
0
0
0
0
0
0
0
0
0
0
0
1
18 55
0
0
0
0
0
0
0
0
0
0
0
0
0
0
1
19 318
0
0
0
0
0
0
0
1
20 199
0
0
0
0
0
0
0
1
21 104
0
1
22 206
0
0
0
0
0
0
1
23 28
0
0
0
0
0
0
1
24 199
0
1
25 214
0
1
26 296
0
1
27 220
0
1
28 192
1
29 321
0
0
0
0
0
0
0
0
0
0
0
0
0
0
0
0
0
0
0
0
0
0
1
30 42
1
31 43
0
0
0
0
0
0
1
32 150
0
1
33 363
0
0
1
34 310
0
0
0
0
0
0
0
0
0
0
1
35 318
0
0
0
1
36 21
0
0
0
0
0
1
37 239
0
0
0
0
0
0
0
0
0
0
0
1
38 273
0
0
0
0
0
0
0
0
1
39 350
0
0
0
1
40 156
1
41 138
0
0
1
42 58
0
0
0
1
43 349
0
0
0
0
0
0
0
0
0
0
0
0
0
0
0
0
0
0
0
0
0
0
0
1
44 261
1
45 312
1
46 330
0
0
0
0
0
1
47 338
0
0
0
0
0
0
0
0
0
0
0
0
0
0
1
48 172
1
49 333
0
1
50 294
0
1
51 320
0
0
1
52 161
0
0
1
53 183
0
0
0
0
0
1
54 261
0
1
55 169
0
0
0
0
0
0
0
0
0
1
56 364
1
57 80
1
58 149
0
0
1
59 192
0
0
0
0
1
60 156
0
1
61 28
1
62 323
0
0
1
63 252
0
1
64 238
0
0
1
65 232
0
0
1
66 162
1
67 288
0
0
0
1
68 234
0
0
0
1
69 234
0
0
0
0
0
0
0
0
1
70 20
0
1
71 363
1
72 177
1
73 349
1
74 211
1
75 141
0
1
76 72
1
77 79
0
1
78 24
0
1
79 300
1
80 11
1
81 220
0
1
82 202
0
0
1
83 73
0
0
0
0
0
1
84 28
0
1
85 32
1
86 160
0
0
0
1
87 117
1
88 313
1
89 357
1
90 121
0
0
0
0
0
0
0
1
91 192
1
92 82
0
0
0
1
93 155
1
94 317
1
95 2
0
0
0
0
1
96 328
0
1
97 224
1
98 105
0
0
0
0
0
1
99 356
0
0
0
0
0
1
100 19
0
1
101 16
0
0
0
0
0
0
1
102 56
0
0
1
103 179
0
0
0
0
0
1
104 13
0
0
0
1
105 308
0
0
1
106 169
1
107 39
0
0
0
1
108 305
0
0
1
109 44
1
110 207
1
111 313
0
0
1
112 343
1
113 282
0
0
0
1
114 82
0
1
115 103
1
116 50
0
0
1
117 362
0
1
118 26
0
0
0
1
119 265
0
0
0
1
120 223
0
0
1
121 261
0
0
0
1
122 58
1
123 252
0
0
0
0
0
0
0
0
1
124 34
0
1
125 309
0
0
0
0
0
1
126 279
1
127 145
0
0
0
0
0
0
1
128 144
1
129 79
0
0
1
130 226
0
1
131 244
0
0
0
1
132 359
0
0
0
1
133 177
0
0
0
0
0
0
0
0
0
0
0
0
0
0
0
1
134 325
0
1
135 165
0
0
0
0
0
0
0
0
0
0
0
1
136 225
0
0
1
137 97
0
0
0
1
138 287
1
139 258
0
1
140 328
0
0
0
1
141 130
0
0
1
142 33
1
143 77
0
1
144 190
0
1
145 318
0
0
1
146 204
0
0
0
1
147 359
0
0
0
0
1
148 279
1
149 25
1
150 41
0
1
151 33
0
0
1
152 189
0
0
0
0
0
0
0
0
1
153 83
0
0
0
0
0
0
0
1
154 321
0
1
155 74
1
156 89
1
157 237
0
0
0
0
1
158 136
1
159 163
0
0
0
0
1
160 60
0
1
161 84
1
162 141
0
1
163 144
1
164 181
1
165 200
0
1
166 191
1
167 356
0
1
168 145
0
0
0
1
169 215
1
170 205
0
0
0
0
1
171 326
0
0
1
172 200
1
173 223
0
0
0
1
174 283
1
175 343
0
0
0
1
176 294
0
1
177 51
0
1
178 67
1
179 358
0
1
180 27
0
0
0
1
181 106
0
1
182 70
0
0
0
0
1
183 185
1
184 159
1
185 37
0
0
0
0
1
186 163
0
1
187 271
0
0
1
188 97
0
0
0
1
189 59
0
0
1
190 85
1
191 96
0
0
0
1
192 234
0
0
0
0
1
193 219
0
1
194 30
0
1
195 50
1
196 249
1
197 262
0
0
0
1
198 346
1
199 92
0
0
1
200 9
1
201 165
0
1
202 173
0
0
1
203 133
0
1
204 67
1
205 117
0
0
0
0
0
1
206 17
1
207 226
0
1
208 18
1
209 334
0
0
1
210 184
0
0
0
1
211 360
0
0
0
0
1
212 315
0
1
213 302
0
0
0
0
0
1
214 176
1
215 255
0
1
216 208
0
1
217 361
0
1
218 328
1
219 289
1
220 216
1
221 101
1
222 265
0
1
223 279
1
224 124
1
225 4
0
1
226 147
0
1
227 222
0
1
228 134
1
229 188
1
230 213
0
1
231 156
0
0
0
0
0
1
232 44
0
0
1
233 141
1
234 153
0
1
235 26
1
236 90
1
237 317
1
238 23
1
239 69
0
0
0
1
240 231
1
241 111
0
0
0
0
0
0
1
242 271
1
243 225
0
1
244 193
0
1
245 242
1
246 41
1
247 360
0
1
248 353
0
0
0
1
249 305
1
250 285
0
1
251 221
1
252 231
1
253 16
1
254 238
1
255 333
0
0
0
0
0
0
1
256 197
1
257 254
1
258 241
0
0
1
259 6
0
1
260 120
0
1
261 33
0
0
0
0
0
0
1
262 278
1
263 136
1
264 132
1
265 180
1
266 267
1
267 67
0
0
0
0
1
268 18
0
1
269 55
1
270 239
0
0
1
271 136
1
272 313
1
273 56
1
274 81
1
275 269
1
276 353
1
277 227
0
1
278 200
1
279 333
0
0
1
280 89
1
281 201
1
282 288
0
1
283 178
1
284 160
0
0
1
285 318
0
1
286 108
1
287 87
0
1
288 296
1
289 307
1
290 64
1
291 107
0
1
292 16
1
293 292
1
294 61
0
0
1
295 159
1
296 197
0
1
297 113
1
298 355
0
1
299 169
1
300 127
0
0
0
0
1
301 3
0
1
302 145
1
303 175
1
304 202
1
305 98
0
0
0
1
306 199
1
307 108
1
308 203
1
309 197
0
0
0
1
310 185
1
311 119
1
312 83
0
0
0
1
313 343
0
0
1
314 332
0
0
1
315 12
1
316 97
1
317 106
1
318 105
0
1
319 308
0
1
320 178
1
321 250
1
322 61
0
1
323 28
0
0
1
324 312
1
325 296
1
326 67
0
0
0
0
0
1
327 176
0
0
0
0
1
328 338
1
329 89
1
330 299
1
331 60
0
1
332 70
1
333 172
0
0
1
334 343
1
335 297
1
336 222
1
337 256
1
338 345
1
339 160
0
1
340 10
1
341 142
1
342 367
1
343 338
1
344 337
0
1
345 321
0
0
0
0
0
0
1
346 261
1
347 202
1
348 311
1
349 148
1
350 22
1
351 296
0
1
352 128
1
353 191
0
1
354 119
1
355 5
1
356 346
1
357 260
1
358 58
1
359 65
1
360 56
1
361 183
0
1
362 132
1
363 107
1
364 133
1
365 276
0
1
366 179
1
367 276
1
368 7
1
369 128
0
1
370 161
1
371 357
1
372 119
0
1
373 195
1
374 269
1
375 342
0
1
376 184
1
377 341
1
378 157
1
379 176
1
380 54
0
0
0
1
381 322
1
382 11
1
383 359
1
384 31
0
1
385 233
1
386 257
1
387 287
0
1
388 235
0
1
389 223
1
390 286
1
391 230
1
392 45
1
393 175
1
394 57
0
0
1
395 165
1
396 181
0
1
397 179
1
398 100
1
399 331
1
400 202
0
1
401 236
0
0
1
402 237
1
403 365
0
1
404 272
0
1
405 263
1
406 12
1
407 162
1
408 57
1
409 48
1
410 91
1
411 168
1
412 271
1
413 168
1
414 165
0
1
415 12
0
0
0
1
416 254
0
0
1
417 188
0
1
418 138
1
419 10
0
1
420 165
0
1
421 275
1
422 106
0
1
423 218
0
1
424 10
1
425 120
0
0
0
1
426 243
0
1
427 6
1
428 324
0
0
1
429 271
1
430 244
1
431 244
1
432 307
0
1
433 249
1
434 82
1
435 140
1
436 212
1
437 166
1
438 105
1
439 261
1
440 40
1
441 307
1
442 133
1
443 274
0
0
1
444 94
0
0
1
445 153
0
0
0
1
446 293
0
0
1
447 280
0
1
448 359
0
1
449 317
1
450 249
1
451 137
1
452 151
1
453 309
1
454 65
1
455 111
1
456 15
0
0
1
457 165
1
458 123
1
459 32
1
460 267
1
461 339
1
462 202
1
463 191
1
464 38
1
465 343
1
466 306
0
1
467 230
0
1
468 278
1
469 349
0
1
470 155
1
471 212
0
1
472 35
1
473 20
1
474 99
1
475 94
1
476 72
1
477 366
1
478 98
0
0
0
1
479 60
0
1
480 267
0
1
481 58
1
482 293
1
483 83
1
484 314
0
0
1
485 7
1
486 296
0
1
487 191
1
488 25
1
489 61
1
490 238
0
1
491 56
0
1
492 339
0
1
493 339
1
494 235
0
0
0
1
495 316
1
496 28
1
497 241
1
498 189
1
499 16
1
500 200
1
501 232
1
502 224
1
503 137
1
504 20
1
505 30
1
506 132
0
1
507 24
0
1
508 320
1
509 267
1
510 90
1
511 350
1
512 100
1
513 311
1
514 143
1
515 190
1
516 57
0
1
517 91
1
518 37
1
519 31
1
520 268
0
1
521 258
0
1
522 332
1
523 295
1
524 106
1
525 202
1
526 261
0
1
527 254
1
528 286
1
529 166
1
530 124
1
531 290
0
1
532 74
0
1
533 179
1
534 334
0
1
535 138
0
1
536 272
1
537 13
0
1
538 5
0
0
1
539 267
1
540 60
1
541 352
0
0
1
542 14
1
543 134
1
544 350
1
545 201
1
546 8
1
547 149
1
548 191
1
549 160
1
550 344
1
551 39
1
552 307
1
553 328
1
554 98
0
1
555 296
1
556 243
1
557 29
1
558 66
0
1
559 40
0
1
560 287
1
561 131
1
562 57
1
563 40
1
564 13
1
565 159
1
566 347
1
567 320
1
568 311
1
569 356
1
570 225
1
571 146
0
1
572 126
1
573 260
1
574 161
1
575 332
0
1
576 113
1
577 293
0
1
578 281
1
579 32
1
580 241
1
581 214
0
1
582 322
1
583 139
0
1
584 159
1
585 306
1
586 108
1
587 32
1
588 227
1
589 285
1
590 166
1
591 30
1
592 129
1
593 182
1
594 20
1
595 366
1
596 32
1
597 176
0
1
598 214
1
599 277
1
600 157
1
601 200
1
602 350
1
603 12
1
604 87
1
605 336
1
606 266
1
607 72
1
608 194
0
1
609 216
1
610 236
1
611 96
1
612 18
1
613 74
1
614 323
1
615 200
0
1
616 273
1
617 256
0
1
618 254
0
1
619 114
0
1
620 61
1
621 86
1
622 171
0
1
623 181
1
624 219
1
625 161
1
626 52
1
627 352
1
628 20
1
629 77
1
630 141
0
0
0
0
1
631 127
1
632 328
1
633 251
0
1
634 343
1
635 199
1
636 176
0
1
637 234
1
638 125
1
639 359
1
640 243
1
641 292
1
642 26
1
643 102
1
644 58
0
1
645 287
1
646 174
1
647 332
1
648 347
1
649 348
1
650 320
1
651 243
1
652 146
0
1
653 50
0
1
654 185
1
655 150
1
656 317
0
1
657 307
1
658 98
1
659 307
1
660 342
0
1
661 147
1
662 267
1
663 204
1
664 208
1
665 276
1
666 358
0
1
667 360
1
668 49
1
669 97
1
670 307
1
671 146
1
672 94
0
1
673 186
1
674 285
1
675 221
1
676 143
0
0
1
677 37
1
678 115
1
679 304
1
680 24
1
681 317
1
682 72
0
0
1
683 280
1
684 367
1
685 170
1
686 291
1
687 129
1
688 59
1
689 251
1
690 31
1
691 180
1
692 289
1
693 358
1
694 220
1
695 278
1
696 198
1
697 61
1
698 105
1
699 354
0
1
700 317
0
1
701 165
1
702 34
1
703 59
1
704 260
1
705 334
0
1
706 250
1
707 50
1
708 309
1
709 339
1
710 173
1
711 205
1
712 350
1
713 53
1
714 333
1
715 108
1
716 314
1
717 340
1
718 42
1
719 157
0
1
720 220
1
721 262
1
722 72
1
723 201
0
1
724 100
1
725 190
1
726 106
1
727 45
1
728 353
1
729 11
1
730 35
1
731 48
1
732 297
0
1
733 102
1
734 182
1
735 168
0
0
1
736 230
1
737 176
1
738 82
0
1
739 272
1
740 198
1
741 339
1
742 73
1
743 77
1
744 357
1
745 174
1
746 127
0
1
747 23
1
748 51
1
749 157
1
750 35
1
751 343
1
752 41
1
753 175
1
754 166
1
755 242
1
756 183
1
757 70
1
758 120
0
1
759 52
1
760 150
1
761 260
0
1
762 142
1
763 215
0
1
764 232
1
765 122
1
766 173
1
767 118
0
1
768 308
1
769 201
1
770 176
1
771 247
1
772 332
1
773 200
1
774 74
0
0
1
775 109
1
776 111
1
777 42
0
0
1
778 76
1
779 33
1
780 31
1
781 180
1
782 93
1
783 254
1
784 316
1
785 38
1
786 94
1
787 16
1
788 146
0
1
789 43
1
790 176
1
791 216
1
792 364
1
793 361
1
794 344
1
795 44
1
796 211
1
797 345
1
798 162
1
799 332
1
800 202
1
801 309
1
802 361
1
803 67
0
1
804 330
0
1
805 84
1
806 307
1
807 220
1
808 347
1
809 273
1
810 80
1
811 246
1
812 68
1
813 319
1
814 162
1
815 77
1
816 242
1
817 342
1
818 67
1
819 346
1
820 280
1
821 159
1
822 262
1
823 230
0
1
824 56
1
825 157
1
826 359
1
827 350
1
828 226
1
829 120
1
830 90
1
831 316
1
832 175
1
833 355
1
834 136
1
835 145
1
836 248
1
837 175
0
1
838 254
1
839 84
1
840 286
1
841 108
0
1
842 315
1
843 39
1
844 216
1
845 298
1
846 119
1
847 291
1
848 338
1
849 264
1
850 195
1
851 352
1
852 200
1
853 145
1
854 350
1
855 250
1
856 366
1
857 253
1
858 264
1
859 220
1
860 246
1
861 252
1
862 125
1
863 97
1
864 272
1
865 16
1
866 361
1
867 217
1
868 224
1
869 29
1
870 204
1
871 156
1
872 222
1
873 203
1
874 63
1
875 319
1
876 213
1
877 47
1
878 62
1
879 250
1
880 82
1
881 224
1
882 298
1
883 361
1
884 204
1
885 35
1
886 336
1
887 19
1
888 171
1
889 66
1
890 197
1
891 269
1
892 41
1
893 311
1
894 133
1
895 53
1
896 360
1
897 325
1
898 338
1
899 114
1
900 216
1
901 270
1
902 70
1
903 364
1
904 61
0
1
905 14
1
906 165
1
907 182
1
908 157
1
909 307
1
910 346
1
911 358
1
912 297
1
913 247
1
914 237
1
915 303
1
916 77
1
917 29
1
918 73
1
919 359
1
920 336
1
921 33
1
922 251
1
923 271
1
924 51
0
1
925 278
1
926 219
1
927 248
1
928 210
1
929 47
1
930 107
1
931 171
1
932 215
1
933 204
1
934 220
1
935 24
1
936 212
1
937 138
1
938 192
1
939 97
1
940 35
1
941 304
1
942 242
1
943 321
1
944 237
1
945 52
1
946 263
1
947 350
1
948 139
1
949 34
1
950 198
1
951 357
1
952 286
1
953 350
1
954 78
1
955 116
1
956 237
1
957 173
1
958 268
1
959 341
1
960 285
1
961 49
1
962 261
1
963 224
1
964 202
1
965 15
1
966 184
1
967 264
1
968 156
1
969 337
1
970 32
1
971 137
1
972 64
1
973 333
1
974 354
1
975 267
1
976 120
1
977 97
1
978 97
1
979 202
1
980 294
1
981 38
1
982 94
1
983 187
1
984 253
1
985 168
1
986 118
1
987 195
1
988 54
1
989 180
1
990 57
1
991 269
1
992 68
1
993 62
1
994 129
1
995 23
1
996 24
1
997 24
1
998 237
1
999 192
1
1000 335
1
1001 259
1
1002 47
1
1003 182
1
1004 30
1
1005 3
1
1006 94
1
1007 239
1
1008 16
1
1009 223
1
1010 191
1
1011 3
1
1012 68
1
1013 359
1
1014 231
1
1015 81
1
1016 153
1
1017 55
1
1018 353
1
1019 109
1
1020 338
1
1021 189
1
1022 225
1
1023 65
1
1024 157
1
1025 297
1
1026 326
1
1027 149
1
1028 136
1
1029 7
1
1030 261
1
1031 236
1
1032 221
1
1033 133
1
1034 52
1
1035 222
1
1036 100
1
1037 32
1
1038 327
1
1039 131
1
1040 43
1
1041 332
1
1042 343
1
1043 298
1
1044 154
1
1045 230
1
1046 48
1
1047 45
1
1048 167
1
1049 153
1
1050 140
1
1051 28
1
1052 363
1
1053 200
1
1054 312
1
1055 242
1
1056 181
1
1057 37
1
1058 330
1
1059 73
1
1060 288
1
1061 194
1
1062 20
1
1063 273
1
1064 137
1
1065 311
1
1066 113
1
1067 177
1
1068 81
1
1069 112
1
1070 189
1
1071 75
1
1072 331
1
1073 285
1
1074 51
1
1075 366
1
1076 228
1
1077 263
1
1078 199
1
1079 103
1
1080 212
1
1081 36
1
1082 244
1
1083 196
1
1084 272
1
1085 272
1
1086 271
1
1087 266
1
1088 357
1
1089 141
1
1090 89
1
1091 118
1
1092 329
1
1093 56
1
1094 135
1
1095 206
1
1096 33
1
1097 145
1
1098 84
1
1099 312
1
1100 213
1
1101 63
1
1102 93
1
1103 249
1
1104 307
1
1105 308
1
1106 80
1
1107 113
1
1108 232
1
1109 136
1
1110 57
1
1111 263
1
1112 206
1
1113 133
1
1114 33
1
1115 206
1
1116 265
1
1117 191
1
1118 83
1
1119 36
1
1120 299
0
1
1121 153
1
1122 352
1
1123 291
1
1124 18
1
1125 216
1
1126 158
1
1127 350
1
1128 224
1
1129 250
1
1130 111
1
1131 321
1
1132 84
1
1133 309
1
1134 82
1
1135 21
1
1136 219
1
1137 241
1
1138 69
1
1139 196
1
1140 292
1
1141 157
1
1142 96
1
1143 292
0
1
1144 132
1
1145 70
1
1146 75
1
1147 292
1
1148 342
1
1149 287
1
1150 354
1
1151 71
1
1152 191
1
1153 287
1
1154 73
1
1155 27
1
1156 8
1
1157 284
1
1158 317
1
1159 156
1
1160 192
1
1161 165
1
1162 205
1
1163 111
1
1164 363
1
1165 344
0
1
1166 333
1
1167 102
1
1168 108
1
1169 359
1
1170 168
1
1171 161
1
1172 226
1
1173 98
1
1174 47
1
1175 140
1
1176 32
1
1177 12
1
1178 66
0
1
1179 360
1
1180 59
1
1181 144
1
1182 130
1
1183 58
1
1184 95
1
1185 235
1
1186 306
1
1187 46
1
1188 300
1
1189 180
1
1190 289
1
1191 154
1
1192 258
1
1193 302
1
1194 196
1
1195 124
1
1196 47
1
1197 287
1
1198 175
1
1199 104
1
1200 118
1
1201 114
1
1202 56
1
1203 47
1
1204 318
1
1205 20
1
1206 33
1
1207 24
1
1208 355
1
1209 48
1
1210 43
1
1211 238
1
1212 188
1
1213 242
1
1214 167
1
1215 214
1
1216 326
1
1217 311
1
1218 358
0
1
1219 234
1
1220 365
1
1221 23
1
1222 214
1
1223 82
1
1224 187
1
1225 167
1
1226 102
1
1227 282
1
1228 282
1
1229 304
1
1230 62
1
1231 196
1
1232 176
1
1233 301
1
1234 336
1
1235 357
1
1236 61
1
1237 108
1
1238 350
1
1239 33
1
1240 210
1
1241 222
1
1242 336
1
1243 347
1
1244 201
0
1
1245 307
1
1246 314
1
1247 190
1
1248 125
1
1249 263
1
1250 24
1
1251 353
1
1252 271
1
1253 249
1
1254 291
1
1255 138
1
1256 114
1
1257 250
1
1258 306
1
1259 94
1
1260 12
1
1261 292
1
1262 113
1
1263 267
1
1264 163
1
1265 64
1
1266 58
1
1267 189
1
1268 222
1
1269 201
1
1270 71
1
1271 255
1
1272 311
1
1273 286
1
1274 75
1
1275 341
1
1276 182
1
1277 330
1
1278 77
1
1279 353
1
1280 214
1
1281 107
1
1282 206
1
1283 102
1
1284 357
1
1285 222
1
1286 350
1
1287 4
1
1288 265
1
1289 263
1
1290 12
1
1291 310
1
1292 158
1
1293 350
1
1294 266
1
1295 323
1
1296 42
1
1297 296
1
1298 8
1
1299 319
1
1300 288
1
1301 313
1
1302 259
1
1303 64
1
1304 60
1
1305 177
1
1306 262
1
1307 279
0
1
1308 116
1
1309 103
1
1310 291
1
1311 122
1
1312 20
1
1313 262
1
1314 198
1
1315 102
1
1316 8
1
1317 141
1
1318 346
1
1319 152
1
1320 11
1
1321 308
1
1322 183
1
1323 282
1
1324 22
1
1325 202
1
1326 261
1
1327 255
1
1328 233
1
1329 70
1
1330 275
1
1331 229
1
1332 315
1
1333 267
1
1334 204
1
1335 319
1
1336 168
1
1337 348
1
1338 76
1
1339 50
1
1340 147
1
1341 200
1
1342 67
1
1343 275
1
1344 185
1
1345 234
1
1346 350
1
1347 234
1
1348 302
1
1349 25
1
1350 334
1
1351 184
1
1352 237
1
1353 280
1
1354 52
1
1355 179
1
1356 323
1
1357 357
1
1358 40
0
1
1359 354
1
1360 185
1
1361 366
0
1
1362 334
1
1363 315
1
1364 334
1
1365 243
1
1366 256
1
1367 146
1
1368 153
1
1369 105
1
1370 98
1
1371 153
1
1372 116
1
1373 88
1
1374 344
1
1375 257
1
1376 108
1
1377 95
0
1
1378 102
1
1379 69
1
1380 7
1
1381 169
1
1382 113
1
1383 73
1
1384 59
1
1385 147
1
1386 176
1
1387 10
1
1388 282
1
1389 166
1
1390 185
1
1391 157
1
1392 34
1
1393 176
1
1394 356
1
1395 47
1
1396 161
1
1397 247
1
1398 188
1
1399 312
1
1400 307
0
1
1401 141
1
1402 364
1
1403 342
1
1404 333
1
1405 166
1
1406 209
1
1407 327
1
1408 202
1
1409 7
1
1410 318
1
1411 192
1
1412 322
1
1413 339
1
1414 229
1
1415 312
1
1416 298
1
1417 311
1
1418 128
1
1419 248
1
1420 287
1
1421 361
1
1422 195
1
1423 301
1
1424 79
1
1425 92
0
1
1426 254
1
1427 130
1
1428 287
1
1429 324
1
1430 119
1
1431 354
1
1432 101
1
1433 71
1
1434 261
1
1435 84
0
1
1436 26
1
1437 50
1
1438 242
1
1439 10
1
1440 177
1
1441 43
1
1442 50
0
1
1443 230
1
1444 285
1
1445 295
0
1
1446 228
1
1447 286
1
1448 350
1
1449 104
1
1450 79
1
1451 308
1
1452 312
1
1453 359
1
1454 200
1
1455 14
1
1456 162
1
1457 24
1
1458 250
1
1459 362
1
1460 271
1
1461 358
1
1462 12
1
1463 5
1
1464 114
1
1465 23
0
1
1466 65
1
1467 262
1
1468 101
1
1469 302
1
1470 239
1
1471 237
1
1472 292
1
1473 279
1
1474 119
1
1475 221
1
1476 242
0
1
1477 352
1
1478 295
1
1479 69
0
1
1480 94
1
1481 111
1
1482 106
1
1483 200
1
1484 202
1
1485 102
0
1
1486 203
1
1487 345
1
1488 341
1
1489 243
1
1490 88
1
1491 67
1
1492 270
1
1493 296
1
1494 80
1
1495 141
1
1496 278
1
1497 253
1
1498 224
1
1499 288
1
1500 223
1
1501 286
0
1
1502 198
0
1
1503 35
1
1504 336
1
1505 19
1
1506 328
1
1507 338
1
1508 51
1
1509 178
1
1510 176
1
1511 302
1
1512 55
0
1
1513 180
1
1514 84
1
1515 220
1
1516 344
1
1517 121
1
1518 13
1
1519 308
1
1520 182
1
1521 89
1
1522 5
1
1523 174
1
1524 360
1
1525 248
1
1526 4
1
1527 277
1
1528 294
1
1529 346
1
1530 296
0
0
1
1531 22
1
1532 204
1
1533 146
1
1534 238
1
1535 144
1
1536 162
1
1537 176
1
1538 120
1
1539 240
1
1540 106
1
1541 187
1
1542 123
1
1543 118
1
1544 79
1
1545 326
1
1546 188
0
0
1
1547 36
1
1548 359
1
1549 316
1
1550 93
1
1551 241
1
1552 141
1
1553 173
1
1554 309
1
1555 295
1
1556 319
1
1557 161
1
1558 227
1
1559 267
1
1560 23
1
1561 126
1
1562 10
1
1563 165
1
1564 272
1
1565 70
1
1566 5
1
1567 205
1
1568 45
1
1569 285
1
1570 234
0
1
1571 215
1
1572 199
1
1573 192
1
1574 115
1
1575 166
1
1576 68
1
1577 188
1
1578 318
0
1
1579 89
1
1580 79
1
1581 42
0
1
1582 114
1
1583 141
1
1584 353
1
1585 286
1
1586 343
1
1587 145
1
1588 171
1
1589 326
1
1590 170
1
1591 121
1
1592 4
0
1
1593 222
1
1594 111
1
1595 232
1
1596 90
1
1597 100
1
1598 355
1
1599 43
1
1600 261
1
1601 4
1
1602 69
1
1603 59
1
1604 330
1
1605 50
1
1606 149
1
1607 97
1
1608 269
0
1
1609 233
1
1610 189
1
1611 271
1
1612 314
1
1613 235
1
1614 9
1
1615 191
1
1616 138
1
1617 367
1
1618 360
1
1619 291
1
1620 333
1
1621 57
1
1622 79
1
1623 211
1
1624 312
0
1
1625 307
0
1
1626 157
1
1627 209
1
1628 255
0
1
1629 112
1
1630 68
1
1631 37
0
0
1
1632 357
1
1633 252
1
1634 343
1
1635 176
1
1636 261
0
1
1637 24
1
1638 189
1
1639 14
1
1640 156
1
1641 337
1
1642 296
1
1643 318
1
1644 74
1
1645 137
1
1646 271
1
1647 224
1
1648 362
0
0
1
1649 297
1
1650 20
1
1651 272
1
1652 125
1
1653 32
1
1654 363
1
1655 129
1
1656 123
1
1657 18
1
1658 358
1
1659 42
1
1660 333
1
1661 102
1
1662 302
1
1663 367
1
1664 161
1
1665 43
1
1666 197
1
1667 24
1
1668 97
1
1669 37
1
1670 357
1
1671 232
0
1
1672 195
0
0
1
1673 130
1
1674 91
1
1675 304
1
1676 152
1
1677 222
1
1678 322
1
1679 126
1
1680 40
1
1681 337
1
1682 337
0
1
1683 5
1
1684 312
1
1685 161
1
1686 329
1
1687 113
0
1
1688 240
1
1689 260
1
1690 222
1
1691 204
1
1692 256
1
1693 202
1
1694 291
1
1695 293
1
1696 200
1
1697 78
1
1698 252
1
1699 123
1
1700 294
1
1701 105
0
1
1702 97
1
1703 288
1
1704 296
1
1705 249
1
1706 44
1
1707 130
1
1708 241
1
1709 287
1
1710 359
1
1711 164
1
1712 317
1
1713 319
1
1714 193
1
1715 311
1
1716 269
1
1717 23
1
1718 259
1
1719 330
1
1720 230
1
1721 246
1
1722 39
1
1723 261
1
1724 119
1
1725 125
1
1726 330
1
1727 209
1
1728 207
0
1
1729 350
1
1730 141
1
1731 222
1
1732 25
1
1733 347
1
1734 51
1
1735 98
1
1736 119
1
1737 111
1
1738 91
1
1739 208
0
1
1740 201
1
1741 215
1
1742 150
1
1743 310
1
1744 37
1
1745 97
1
1746 79
1
1747 281
0
1
1748 283
0
1
1749 317
1
1750 52
1
1751 341
0
1
1752 84
1
1753 160
1
1754 82
0
1
1755 358
1
1756 147
1
1757 163
0
0
0
1
1758 296
0
1
1759 267
1
1760 90
1
1761 230
1
1762 224
0
1
1763 285
1
1764 124
1
1765 294
1
1766 340
1
1767 157
1
1768 126
0
1
1769 222
1
1770 282
1
1771 95
1
1772 24
1
1773 26
1
1774 328
1
1775 74
1
1776 255
1
1777 233
1
1778 198
1
1779 253
1
1780 135
1
1781 237
1
1782 121
1
1783 242
1
1784 312
1
1785 236
1
1786 226
1
1787 35
1
1788 277
1
1789 341
1
1790 313
1
1791 357
1
1792 157
1
1793 292
1
1794 151
1
1795 120
1
1796 112
1
1797 126
1
1798 311
1
1799 125
0
1
1800 175
1
1801 4
1
1802 146
1
1803 90
0
0
1
1804 301
1
1805 253
1
1806 271
1
1807 5
1
1808 169
1
1809 319
0
1
1810 276
1
1811 38
1
1812 159
1
1813 240
1
1814 217
1
1815 39
1
1816 323
1
1817 173
1
1818 361
1
1819 82
1
1820 119
1
1821 9
1
1822 198
1
1823 143
1
1824 3
1
1825 309
1
1826 365
1
1827 247
1
1828 294
1
1829 106
1
1830 338
0
1
1831 220
1
1832 139
0
1
1833 49
1
1834 184
1
1835 47
1
1836 307
0
1
1837 21
0
1
1838 36
0
1
1839 173
1
1840 274
1
1841 134
1
1842 238
1
1843 308
1
1844 175
1
1845 326
1
1846 71
1
1847 59
1
1848 270
1
1849 104
1
1850 120
1
1851 122
1
1852 168
0
0
1
1853 305
1
1854 315
1
1855 135
0
1
1856 311
1
1857 106
1
1858 69
1
1859 45
1
1860 230
1
1861 16
1
1862 132
1
1863 317
1
1864 149
0
1
1865 33
1
1866 200
1
1867 261
1
1868 302
1
1869 47
0
1
1870 190
1
1871 16
1
1872 259
1
1873 10
1
1874 168
1
1875 232
1
1876 348
1
1877 118
1
1878 9
1
1879 322
1
1880 336
1
1881 8
1
1882 238
1
1883 241
1
1884 124
0
1
1885 96
0
1
1886 163
1
1887 205
1
1888 363
0
1
1889 105
1
1890 57
0
1
1891 81
1
1892 29
1
1893 176
0
0
1
1894 279
1
1895 194
1
1896 179
1
1897 63
1
1898 127
1
1899 207
1
1900 313
1
1901 340
1
1902 138
1
1903 54
1
1904 271
1
1905 94
1
1906 217
1
1907 70
1
1908 286
1
1909 180
1
1910 110
1
1911 343
1
1912 35
1
1913 305
1
1914 40
1
1915 113
1
1916 264
1
1917 8
1
1918 290
1
1919 357
1
1920 67
1
1921 225
0
1
1922 340
1
1923 211
1
1924 250
1
1925 134
1
1926 143
1
1927 68
1
1928 359
1
1929 190
1
1930 152
1
1931 301
1
1932 9
1
1933 200
1
1934 105
1
1935 319
1
1936 72
1
1937 347
1
1938 270
1
1939 36
1
1940 121
0
1
1941 62
1
1942 317
1
1943 301
1
1944 317
0
1
1945 225
1
1946 52
0
1
1947 71
0
1
1948 354
1
1949 238
1
1950 252
1
1951 344
1
1952 212
1
1953 102
1
1954 9
1
1955 223
1
1956 264
1
1957 22
1
1958 214
1
1959 194
0
1
1960 362
1
1961 68
1
1962 106
1
1963 155
0
1
1964 216
1
1965 273
1
1966 162
1
1967 352
1
1968 76
1
1969 36
1
1970 231
1
1971 238
1
1972 347
1
1973 75
0
1
1974 117
1
1975 350
1
1976 160
1
1977 26
0
1
1978 20
1
1979 221
1
1980 111
1
1981 202
1
1982 308
1
1983 342
1
1984 308
1
1985 10
1
1986 138
1
1987 75
1
1988 225
1
1989 5
1
1990 42
0
1
1991 364
1
1992 301
1
1993 232
0
1
1994 100
1
1995 105
1
1996 125
1
1997 224
1
1998 159
1
1999 214
0
0
1
2000 50
1
2001 71
1
2002 361
0
1
2003 350
1
2004 251
0
1
2005 231
1
2006 207
1
2007 208
1
2008 286
1
2009 222
1
2010 230
1
2011 254
1
2012 12
1
2013 305
1
2014 350
1
2015 156
1
2016 353
1
2017 175
0
1
2018 226
1
2019 65
0
1
2020 76
1
2021 250
1
2022 209
1
2023 149
1
2024 49
1
2025 193
0
1
2026 134
0
1
2027 223
1
2028 199
1
2029 101
1
2030 63
1
2031 99
1
2032 8
1
2033 213
1
2034 27
1
2035 98
1
2036 286
1
2037 253
1
2038 231
0
1
2039 244
1
2040 28
1
2041 261
0
1
2042 318
0
1
2043 30
1
2044 204
1
2045 232
0
0
1
2046 301
1
2047 179
1
2048 89
1
2049 177
1
2050 225
1
2051 206
1
2052 311
1
2053 116
0
1
2054 59
1
2055 341
1
2056 351
1
2057 69
0
1
2058 212
1
2059 260
0
1
2060 236
1
2061 78
0
0
1
2062 45
1
2063 24
1
2064 287
1
2065 192
1
2066 274
1
2067 212
1
2068 296
1
2069 237
0
1
2070 51
0
1
2071 190
0
1
2072 158
1
2073 89
0
1
2074 107
1
2075 136
1
2076 23
0
1
2077 87
1
2078 321
1
2079 240
1
2080 352
1
2081 4
1
2082 81
1
2083 200
1
2084 188
1
2085 67
1
2086 224
1
2087 103
0
1
2088 63
1
2089 44
0
1
2090 261
1
2091 367
1
2092 355
1
2093 140
0
1
2094 308
1
2095 197
1
2096 251
1
2097 355
1
2098 220
1
2099 174
1
2100 298
1
2101 67
1
2102 331
1
2103 228
1
2104 252
1
2105 259
1
2106 294
1
2107 224
1
2108 318
0
1
2109 206
1
2110 295
0
1
2111 349
1
2112 272
1
2113 141
1
2114 62
1
2115 195
1
2116 148
0
1
2117 7
1
2118 313
1
2119 360
1
2120 98
1
2121 18
1
2122 56
0
1
2123 138
1
2124 150
1
2125 33
1
2126 32
1
2127 60
1
2128 105
0
1
2129 316
1
2130 199
1
2131 338
1
2132 294
1
2133 107
1
2134 350
1
2135 203
1
2136 16
1
2137 356
0
1
2138 245
1
2139 318
1
2140 200
1
2141 69
1
2142 294
1
2143 261
0
1
2144 313
0
1
2145 274
1
2146 63
0
1
2147 245
1
2148 332
1
2149 220
1
2150 176
1
2151 154
1
2152 180
1
2153 53
0
1
2154 80
1
2155 103
1
2156 307
0
1
2157 118
1
2158 261
1
2159 286
1
2160 102
1
2161 109
1
2162 315
1
2163 22
1
2164 277
0
0
1
2165 314
1
2166 257
1
2167 307
1
2168 14
1
2169 207
1
2170 274
0
1
2171 233
1
2172 332
1
2173 46
1
2174 100
1
2175 171
1
2176 302
0
1
2177 322
1
2178 305
1
2179 232
1
2180 265
1
2181 30
1
2182 283
1
2183 258
1
2184 126
1
2185 46
1
2186 153
1
2187 287
0
1
2188 30
0
0
1
2189 249
1
2190 287
1
2191 59
0
1
2192 161
1
2193 20
1
2194 199
0
1
2195 263
1
2196 143
1
2197 283
1
2198 176
1
2199 269
1
2200 165
1
2201 330
1
2202 153
1
2203 269
1
2204 64
1
2205 364
1
2206 105
0
1
2207 28
1
2208 114
1
2209 364
1
2210 91
1
2211 204
1
2212 98
1
2213 48
1
2214 179
1
2215 295
1
2216 244
1
2217 176
1
2218 317
1
2219 173
1
2220 321
0
1
2221 176
1
2222 132
1
2223 74
1
2224 96
1
2225 58
0
0
1
2226 338
1
2227 134
0
1
2228 94
0
1
2229 280
1
2230 291
1
2231 93
0
0
1
2232 117
1
2233 225
0
1
2234 219
0
0
1
2235 36
1
2236 343
1
2237 38
1
2238 101
1
2239 9
1
2240 223
1
2241 288
0
1
2242 223
1
2243 58
1
2244 209
1
2245 158
1
2246 130
1
2247 301
1
2248 289
1
2249 196
1
2250 91
0
1
2251 329
1
2252 2
0
1
2253 222
0
1
2254 112
1
2255 352
1
2256 288
1
2257 192
1
2258 34
1
2259 343
0
1
2260 18
1
2261 18
1
2262 221
1
2263 269
0
1
2264 259
1
2265 342
1
2266 349
1
2267 252
1
2268 136
1
2269 298
1
2270 48
0
0
1
2271 225
1
2272 134
1
2273 260
1
2274 94
1
2275 16
0
0
0
1
2276 267
1
2277 150
1
2278 30
1
2279 108
1
2280 284
1
2281 297
1
2282 256
1
2283 292
1
2284 222
1
2285 192
1
2286 58
1
2287 97
1
2288 262
1
2289 60
1
2290 197
1
2291 223
1
2292 294
1
2293 196
0
1
2294 157
1
2295 157
1
2296 167
1
2297 126
1
2298 98
1
2299 245
1
2300 153
1
2301 266
1
2302 92
1
2303 170
1
2304 50
0
1
2305 20
1
2306 58
1
2307 230
1
2308 211
1
2309 179
1
2310 185
1
2311 33
1
2312 79
1
2313 186
1
2314 294
1
2315 287
1
2316 241
1
2317 239
1
2318 239
1
2319 362
1
2320 48
1
2321 131
0
1
2322 76
1
2323 3
1
2324 70
1
2325 269
1
2326 5
1
2327 225
1
2328 150
1
2329 231
1
2330 58
1
2331 362
1
2332 119
1
2333 301
1
2334 44
1
2335 280
1
2336 189
1
2337 98
1
2338 41
1
2339 115
0
1
2340 261
1
2341 145
0
1
2342 200
0
1
2343 131
1
2344 36
1
2345 47
0
1
2346 341
0
0
1
2347 226
1
2348 208
1
2349 318
1
2350 249
1
2351 305
1
2352 314
1
2353 314
1
2354 287
0
1
2355 217
1
2356 333
1
2357 120
1
2358 102
1
2359 53
0
1
2360 138
1
2361 307
1
2362 98
1
2363 213
1
2364 138
1
2365 301
1
2366 179
1
2367 326
1
2368 22
1
2369 196
1
2370 340
1
2371 100
1
2372 40
1
2373 341
1
2374 114
1
2375 239
1
2376 283
1
2377 206
1
2378 193
1
2379 212
0
1
2380 335
1
2381 33
0
1
2382 91
0
1
2383 242
1
2384 306
1
2385 187
1
2386 350
1
2387 300
1
2388 92
0
1
2389 114
1
2390 278
0
1
2391 109
1
2392 308
1
2393 20
1
2394 313
1
2395 202
1
2396 350
1
2397 78
0
0
1
2398 243
0
1
2399 230
1
2400 299
0
1
2401 308
0
1
2402 94
1
2403 303
0
0
0
1
2404 166
1
2405 176
1
2406 307
1
2407 195
1
2408 29
1
2409 167
1
2410 134
1
2411 283
1
2412 251
1
2413 338
1
2414 17
1
2415 204
0
0
1
2416 351
1
2417 340
1
2418 100
0
1
2419 295
1
2420 14
1
2421 358
1
2422 125
0
1
2423 9
1
2424 316
1
2425 56
1
2426 183
1
2427 331
1
2428 116
0
1
2429 292
1
2430 31
1
2431 269
0
1
2432 320
1
2433 129
1
2434 187
0
1
2435 8
0
1
2436 20
1
2437 307
1
2438 243
1
2439 47
0
1
2440 9
1
2441 180
1
2442 203
0
0
1
2443 212
1
2444 206
1
2445 156
0
1
2446 217
0
0
0
1
2447 130
0
1
2448 101
1
2449 128
1
2450 68
0
1
2451 20
1
2452 247
1
2453 200
1
2454 254
1
2455 329
1
2456 41
1
2457 92
0
0
0
1
2458 211
1
2459 90
1
2460 193
1
2461 220
0
1
2462 283
1
2463 283
1
2464 286
1
2465 210
1
2466 292
1
2467 306
0
1
2468 231
1
2469 39
1
2470 202
1
2471 245
1
2472 344
1
2473 248
0
1
2474 196
1
2475 265
0
1
2476 230
1
2477 170
1
2478 280
0
1
2479 110
1
2480 311
1
2481 139
0
1
2482 103
1
2483 218
1
2484 59
1
2485 302
1
2486 272
1
2487 186
0
1
2488 350
1
2489 217
0
1
2490 53
1
2491 288
1
2492 5
1
2493 313
1
2494 177
1
2495 292
1
2496 131
1
2497 363
1
2498 333
1
2499 333
1
2500 102
0
1
2501 58
1
2502 29
1
2503 174
1
2504 239
1
2505 291
1
2506 32
1
2507 198
1
2508 66
1
2509 114
1
2510 281
1
2511 333
1
2512 260
0
1
2513 331
0
1
2514 40
1
2515 264
1
2516 289
1
2517 71
1
2518 315
1
2519 22
1
2520 280
1
2521 175
1
2522 249
1
2523 157
1
2524 284
0
1
2525 30
1
2526 147
1
2527 224
1
2528 361
1
2529 324
1
2530 256
1
2531 22
1
2532 11
0
0
1
2533 146
0
1
2534 87
1
2535 62
0
1
2536 222
0
1
2537 166
1
2538 246
0
0
1
2539 261
1
2540 311
1
2541 160
0
0
1
2542 188
1
2543 5
1
2544 89
1
2545 214
1
2546 156
0
0
1
2547 323
1
2548 52
0
0
1
2549 274
1
2550 5
1
2551 179
1
2552 166
0
1
2553 67
0
1
2554 118
1
2555 323
1
2556 69
1
2557 294
0
1
2558 289
0
1
2559 53
1
2560 248
1
2561 55
1
2562 269
1
2563 299
1
2564 163
1
2565 112
1
2566 351
1
2567 78
0
1
2568 316
1
2569 8
1
2570 179
0
1
2571 93
1
2572 287
0
0
1
2573 362
1
2574 310
1
2575 275
1
2576 312
1
2577 28
0
1
2578 358
1
2579 326
1
2580 71
1
2581 141
1
2582 286
1
2583 187
0
1
2584 107
1
2585 119
1
2586 287
1
2587 180
1
2588 89
1
2589 179
1
2590 120
0
1
2591 175
1
2592 172
0
1
2593 33
1
2594 287
1
2595 319
1
2596 332
1
2597 84
1
2598 359
1
2599 120
0
0
1
2600 105
0
1
2601 267
0
0
0
1
2602 224
1
2603 348
1
2604 196
1
2605 279
1
2606 105
1
2607 98
1
2608 256
1
2609 239
1
2610 157
1
2611 149
1
2612 330
0
1
2613 253
1
2614 111
1
2615 175
1
2616 289
1
2617 59
0
1
2618 302
0
0
1
2619 364
1
2620 28
1
2621 293
1
2622 189
1
2623 258
0
1
2624 17
1
2625 296
1
2626 223
0
0
0
1
2627 286
1
2628 309
1
2629 86
1
2630 360
1
2631 76
0
1
2632 99
1
2633 209
0
1
2634 288
1
2635 308
1
2636 287
0
0
0
0
1
2637 324
1
2638 198
1
2639 227
1
2640 63
1
2641 330
1
2642 163
0
0
0
0
1
2643 243
1
2644 181
1
2645 154
0
1
2646 104
0
1
2647 185
1
2648 295
1
2649 15
1
2650 184
0
1
2651 101
1
2652 35
1
2653 284
1
2654 313
1
2655 249
1
2656 187
0
1
2657 165
0
1
2658 82
1
2659 311
0
1
2660 309
0
1
2661 290
0
0
1
2662 309
1
2663 33
0
0
1
2664 166
0
0
1
2665 16
1
2666 294
1
2667 79
1
2668 180
1
2669 190
1
2670 231
0
1
2671 120
1
2672 40
1
2673 253
1
2674 16
1
2675 218
0
0
0
1
2676 70
0
0
0
0
0
1
2677 38
1
2678 318
1
2679 12
1
2680 136
1
2681 207
0
0
0
1
2682 299
1
2683 48
1
2684 24
0
0
0
0
1
2685 327
0
1
2686 3
1
2687 48
0
0
1
2688 219
1
2689 95
1
2690 175
1
2691 45
1
2692 164
1
2693 165
1
2694 199
1
2695 152
1
2696 279
1
2697 332
1
2698 88
1
2699 233
0
1
2700 320
1
2701 30
1
2702 335
0
1
2703 149
1
2704 283
1
2705 366
1
2706 186
0
1
2707 22
1
2708 367
1
2709 170
1
2710 62
1
2711 240
1
2712 299
0
1
2713 112
1
2714 228
0
1
2715 330
1
2716 281
1
2717 168
1
2718 23
0
0
0
1
2719 23
1
2720 4
1
2721 88
1
2722 240
1
2723 93
1
2724 261
1
2725 274
1
2726 158
1
2727 308
1
2728 355
1
2729 195
0
0
1
2730 107
1
2731 135
1
2732 301
1
2733 180
1
2734 311
1
2735 193
1
2736 275
1
2737 271
1
2738 116
0
1
2739 57
0
0
1
2740 280
1
2741 363
1
2742 302
0
1
2743 340
1
2744 214
1
2745 167
0
1
2746 140
1
2747 184
0
1
2748 118
1
2749 357
1
2750 294
1
2751 163
1
2752 103
1
2753 336
0
0
1
2754 239
1
2755 154
1
2756 54
0
1
2757 243
1
2758 185
0
0
0
1
2759 287
1
2760 249
1
2761 242
1
2762 79
1
2763 127
0
1
2764 270
1
2765 365
1
2766 180
0
1
2767 134
0
1
2768 12
1
2769 359
1
2770 165
1
2771 317
1
2772 239
0
1
2773 112
1
2774 137
1
2775 321
1
2776 47
1
2777 204
1
2778 171
1
2779 30
1
2780 118
1
2781 29
1
2782 284
1
2783 293
1
2784 30
0
0
1
2785 296
1
2786 112
1
2787 23
0
1
2788 243
1
2789 314
1
2790 7
0
0
0
1
2791 61
0
1
2792 195
1
2793 195
1
2794 186
1
2795 81
1
2796 51
0
1
2797 38
1
2798 352
0
0
1
2799 200
1
2800 317
1
2801 29
1
2802 331
1
2803 47
0
0
1
2804 231
1
2805 101
0
1
2806 10
1
2807 164
1
2808 70
0
1
2809 128
1
2810 339
1
2811 350
1
2812 108
1
2813 365
0
1
2814 54
1
2815 202
1
2816 174
1
2817 358
0
1
2818 218
1
2819 223
1
2820 363
1
2821 179
1
2822 105
1
2823 98
1
2824 366
1
2825 212
0
1
2826 206
1
2827 342
1
2828 189
1
2829 322
1
2830 119
0
0
1
2831 84
0
0
1
2832 107
1
2833 192
1
2834 224
1
2835 31
1
2836 93
1
2837 308
1
2838 235
1
2839 367
0
1
2840 273
1
2841 70
1
2842 133
1
2843 121
1
2844 82
0
1
2845 152
1
2846 239
1
2847 354
1
2848 234
0
1
2849 50
1
2850 82
0
1
2851 323
1
2852 329
1
2853 112
0
1
2854 172
1
2855 198
1
2856 139
0
1
2857 318
1
2858 89
1
2859 24
0
1
2860 322
1
2861 323
0
1
2862 123
1
2863 26
1
2864 347
0
1
2865 287
1
2866 74
1
2867 219
1
2868 332
0
1
2869 220
0
1
2870 178
1
2871 112
1
2872 365
1
2873 79
0
0
0
0
0
1
2874 46
0
0
0
0
1
2875 297
1
2876 181
1
2877 218
1
2878 280
1
2879 159
1
2880 355
1
2881 285
1
2882 130
1
2883 228
1
2884 21
1
2885 23
1
2886 62
0
1
2887 38
1
2888 175
0
1
2889 350
1
2890 306
0
1
2891 187
1
2892 90
1
2893 252
0
0
1
2894 269
0
0
1
2895 317
0
1
2896 152
1
2897 308
1
2898 177
1
2899 88
1
2900 289
1
2901 348
1
2902 284
1
2903 178
0
1
2904 160
1
2905 172
1
2906 68
1
2907 200
0
1
2908 93
0
1
2909 4
0
0
0
1
2910 198
1
2911 87
0
0
1
2912 223
1
2913 367
1
2914 299
0
1
2915 29
1
2916 321
1
2917 143
1
2918 212
1
2919 290
1
2920 200
0
1
2921 97
1
2922 204
0
1
2923 228
1
2924 232
0
1
2925 16
1
2926 112
1
2927 296
1
2928 63
1
2929 52
1
2930 133
1
2931 154
1
2932 357
0
0
1
2933 141
0
0
1
2934 300
1
2935 156
1
2936 54
0
1
2937 296
0
1
2938 206
0
0
1
2939 139
1
2940 180
1
2941 130
0
0
1
2942 185
0
1
2943 215
1
2944 269
1
2945 165
0
0
1
2946 140
0
1
2947 8
0
1
2948 337
1
2949 287
1
2950 292
1
2951 100
1
2952 130
1
2953 176
1
2954 125
0
1
2955 37
1
2956 26
1
2957 81
1
2958 92
1
2959 97
0
1
2960 62
0
1
2961 179
1
2962 288
0
1
2963 45
0
1
2964 163
1
2965 51
1
2966 290
0
1
2967 350
1
2968 154
1
2969 22
1
2970 100
1
2971 115
1
2972 177
0
1
2973 112
1
2974 219
0
1
2975 320
1
2976 326
1
2977 220
1
2978 351
0
1
2979 27
1
2980 16
1
2981 316
0
0
1
2982 92
1
2983 73
1
2984 230
1
2985 357
1
2986 65
1
2987 120
1
2988 221
1
2989 90
1
2990 243
1
2991 134
1
2992 156
1
2993 84
1
2994 257
0
1
2995 48
0
1
2996 347
1
2997 165
0
1
2998 123
0
1
2999 250
0
0
0
1
3000 123
1
3001 97
1
3002 195
1
3003 304
1
3004 126
1
3005 267
1
3006 105
0
0
1
3007 165
1
3008 360
0
1
3009 128
1
3010 26
1
3011 114
0
1
3012 115
1
3013 133
1
3014 238
1
3015 260
1
3016 53
0
0
1
3017 39
1
3018 215
1
3019 322
0
1
3020 29
1
3021 313
1
3022 225
0
1
3023 327
1
3024 336
0
1
3025 321
1
3026 55
1
3027 362
0
0
1
3028 258
1
3029 200
1
3030 225
1
3031 269
0
1
3032 294
0
1
3033 324
1
3034 233
1
3035 149
1
3036 198
1
3037 289
1
3038 140
0
1
3039 304
1
3040 268
1
3041 286
1
3042 263
0
1
3043 287
1
3044 128
1
3045 164
0
1
3046 269
1
3047 33
1
3048 306
1
3049 133
1
3050 251
1
3051 302
0
1
3052 7
1
3053 98
0
1
3054 138
1
3055 294
1
3056 26
0
1
3057 104
1
3058 304
0
1
3059 127
0
1
3060 123
0
0
1
3061 180
1
3062 32
0
1
3063 103
1
3064 43
1
3065 347
1
3066 242
1
3067 198
0
1
3068 5
0
0
0
1
3069 155
1
3070 54
0
1
3071 132
1
3072 301
1
3073 55
1
3074 154
1
3075 228
0
1
3076 76
1
3077 7
1
3078 180
1
3079 206
1
3080 164
1
3081 176
1
3082 275
1
3083 261
0
1
3084 234
1
3085 67
1
3086 155
1
3087 112
0
0
0
1
3088 344
1
3089 262
1
3090 6
1
3091 103
1
3092 329
1
3093 97
0
0
0
1
3094 89
1
3095 175
0
0
1
3096 345
0
0
1
3097 218
0
0
1
3098 143
1
3099 343
1
3100 21
1
3101 192
0
1
3102 20
0
0
0
1
3103 249
1
3104 144
1
3105 5
1
3106 121
1
3107 345
0
1
3108 48
0
1
3109 311
1
3110 239
0
0
0
1
3111 330
0
1
3112 110
1
3113 167
1
3114 347
1
3115 234
0
1
3116 313
1
3117 48
1
3118 216
1
3119 107
1
3120 75
0
0
1
3121 105
1
3122 63
1
3123 308
1
3124 352
0
0
0
0
0
0
0
0
0
0
1
3125 296
1
3126 140
0
0
1
3127 295
1
3128 133
1
3129 175
1
3130 102
0
0
0
1
3131 102
0
1
3132 185
0
1
3133 311
1
3134 281
1
3135 16
0
0
1
3136 47
0
0
1
3137 171
1
3138 297
0
0
1
3139 28
1
3140 66
1
3141 256
1
3142 110
0
1
3143 165
0
1
3144 107
1
3145 359
1
3146 85
1
3147 329
1
3148 337
1
3149 312
1
3150 61
0
1
3151 38
0
1
3152 219
0
1
3153 161
0
1
3154 342
0
1
3155 156
0
1
3156 263
0
0
1
3157 170
0
0
0
1
3158 322
1
3159 25
1
3160 39
1
3161 169
1
3162 267
0
0
0
0
1
3163 34
0
1
3164 150
0
1
3165 128
1
3166 97
1
3167 167
0
0
1
3168 58
1
3169 249
0
1
3170 10
1
3171 358
0
0
0
1
3172 183
0
1
3173 86
0
1
3174 327
0
1
3175 69
1
3176 246
1
3177 208
1
3178 350
0
1
3179 16
1
3180 364
0
0
1
3181 314
0
1
3182 325
0
1
3183 179
1
3184 152
0
1
3185 41
0
1
3186 312
0
0
1
3187 92
1
3188 138
1
3189 296
1
3190 332
1
3191 322
0
0
1
3192 254
0
0
1
3193 162
0
1
3194 262
1
3195 214
1
3196 322
0
1
3197 17
1
3198 152
1
3199 161
0
1
3200 334
1
3201 159
0
0
1
3202 41
1
3203 179
1
3204 149
1
3205 293
1
3206 250
1
3207 117
1
3208 58
0
1
3209 211
0
1
3210 166
1
3211 73
0
1
3212 158
0
1
3213 309
0
0
0
0
1
3214 218
1
3215 318
0
1
3216 130
1
3217 155
1
3218 99
1
3219 200
1
3220 73
0
0
1
3221 125
1
3222 262
1
3223 200
1
3224 183
1
3225 89
1
3226 217
1
3227 338
1
3228 295
1
3229 357
1
3230 19
1
3231 14
1
3232 304
1
3233 339
1
3234 148
1
3235 244
1
3236 176
0
1
3237 46
1
3238 307
1
3239 232
0
1
3240 327
0
1
3241 41
0
0
1
3242 59
0
1
3243 319
0
1
3244 287
1
3245 253
1
3246 366
0
0
1
3247 185
0
0
0
1
3248 162
1
3249 318
1
3250 112
1
3251 80
0
1
3252 91
1
3253 93
1
3254 35
0
1
3255 176
1
3256 52
0
0
0
0
0
1
3257 16
1
3258 290
1
3259 176
0
0
1
3260 267
0
0
0
0
1
3261 277
1
3262 58
1
3263 276
1
3264 195
1
3265 183
1
3266 35
1
3267 333
0
1
3268 290
0
1
3269 159
1
3270 274
1
3271 90
1
3272 25
1
3273 100
1
3274 168
1
3275 180
0
1
3276 343
1
3277 242
0
1
3278 71
1
3279 106
0
1
3280 133
1
3281 159
1
3282 354
1
3283 121
1
3284 296
1
3285 274
1
3286 184
1
3287 69
1
3288 284
0
1
3289 70
0
1
3290 82
1
3291 16
1
3292 235
1
3293 269
1
3294 348
1
3295 134
1
3296 319
0
1
3297 353
0
1
3298 269
1
3299 120
0
1
3300 90
1
3301 189
1
3302 125
0
0
1
3303 356
1
3304 204
0
1
3305 221
1
3306 84
0
0
0
1
3307 135
0
1
3308 117
0
0
0
1
3309 63
0
1
3310 265
1
3311 40
1
3312 191
0
1
3313 148
1
3314 98
0
1
3315 294
1
3316 224
1
3317 328
1
3318 319
1
3319 117
0
1
3320 109
1
3321 317
1
3322 9
0
1
3323 251
0
0
1
3324 77
1
3325 168
1
3326 288
0
1
3327 286
1
3328 95
0
1
3329 317
1
3330 54
1
3331 112
0
0
1
3332 199
0
1
3333 216
0
0
0
1
3334 172
0
0
1
3335 62
0
1
3336 67
1
3337 113
0
0
0
1
3338 3
1
3339 3
1
3340 245
1
3341 13
0
1
3342 78
1
3343 24
1
3344 196
1
3345 173
0
1
3346 169
1
3347 305
1
3348 68
1
3349 99
0
1
3350 47
0
0
1
3351 189
1
3352 235
1
3353 317
1
3354 311
0
1
3355 199
0
1
3356 27
0
0
0
1
3357 159
0
0
0
1
3358 24
0
1
3359 206
1
3360 166
1
3361 294
0
1
3362 206
1
3363 16
1
3364 133
0
0
1
3365 307
1
3366 252
0
0
1
3367 341
0
1
3368 121
1
3369 15
0
0
1
3370 33
1
3371 114
1
3372 295
0
0
1
3373 294
0
1
3374 209
0
0
1
3375 45
0
1
3376 69
1
3377 300
1
3378 39
0
1
3379 367
0
0
1
3380 146
1
3381 110
1
3382 85
0
1
3383 124
1
3384 104
1
3385 224
0
0
1
3386 260
1
3387 334
0
1
3388 308
1
3389 17
1
3390 76
1
3391 149
1
3392 249
1
3393 242
1
3394 81
0
1
3395 155
1
3396 261
0
1
3397 349
1
3398 188
0
0
0
1
3399 252
1
3400 235
0
1
3401 367
0
1
3402 166
1
3403 88
0
1
3404 312
0
1
3405 37
0
1
3406 98
1
3407 87
0
0
1
3408 248
0
0
0
0
0
0
1
3409 46
0
0
0
0
0
1
3410 75
1
3411 257
1
3412 98
0
0
0
1
3413 225
1
3414 298
0
0
1
3415 10
1
3416 156
1
3417 38
1
3418 25
1
3419 70
0
0
0
1
3420 270
0
0
0
0
1
3421 47
0
0
0
0
1
3422 242
1
3423 193
1
3424 265
0
0
0
0
1
3425 144
1
3426 66
1
3427 235
1
3428 268
1
3429 329
1
3430 181
0
1
3431 306
1
3432 103
0
1
3433 5
0
1
3434 233
0
0
1
3435 154
1
3436 73
0
1
3437 268
0
1
3438 71
1
3439 88
1
3440 343
1
3441 330
1
3442 162
0
0
1
3443 236
0
0
0
0
1
3444 141
0
1
3445 44
0
0
1
3446 133
1
3447 46
1
3448 360
1
3449 93
1
3450 150
1
3451 31
1
3452 332
1
3453 149
0
0
1
3454 278
1
3455 351
0
1
3456 160
1
3457 363
1
3458 346
1
3459 129
1
3460 219
1
3461 68
1
3462 24
1
3463 366
1
3464 56
1
3465 211
1
3466 342
1
3467 195
1
3468 289
0
1
3469 154
0
1
3470 364
0
1
3471 362
1
3472 291
1
3473 231
1
3474 353
1
3475 59
0
0
0
0
0
0
1
3476 311
1
3477 173
0
1
3478 55
0
0
0
1
3479 361
0
0
0
1
3480 307
1
3481 139
1
3482 298
1
3483 196
0
0
1
3484 329
0
0
1
3485 294
0
0
1
3486 200
1
3487 336
1
3488 73
0
1
3489 148
0
1
3490 46
0
1
3491 299
0
1
3492 27
1
3493 334
1
3494 197
0
1
3495 284
1
3496 352
0
0
0
0
1
3497 203
0
0
0
1
3498 23
0
1
3499 200
0
1
3500 97
1
3501 361
0
1
3502 35
1
3503 225
0
1
3504 324
0
1
3505 188
1
3506 193
1
3507 51
1
3508 284
0
1
3509 65
0
1
3510 8
1
3511 101
0
0
1
3512 60
1
3513 134
1
3514 175
1
3515 83
1
3516 333
1
3517 218
0
0
0
0
1
3518 356
0
0
1
3519 311
1
3520 186
0
1
3521 354
0
0
1
3522 43
1
3523 17
0
1
3524 38
1
3525 104
1
3526 273
0
1
3527 65
0
1
3528 69
0
1
3529 174
1
3530 169
0
1
3531 128
1
3532 33
0
1
3533 74
1
3534 301
0
0
1
3535 4
1
3536 246
1
3537 107
0
1
3538 10
0
1
3539 131
1
3540 336
0
1
3541 245
1
3542 125
0
1
3543 303
1
3544 172
1
3545 366
1
3546 221
1
3547 312
1
3548 242
0
0
1
3549 295
0
0
0
1
3550 261
1
3551 105
0
1
3552 363
1
3553 6
0
1
3554 101
1
3555 172
0
1
3556 239
1
3557 80
0
0
0
1
3558 224
1
3559 348
0
1
3560 211
0
1
3561 177
1
3562 33
0
1
3563 105
0
1
3564 178
1
3565 212
0
1
3566 351
1
3567 81
0
0
1
3568 148
1
3569 87
1
3570 80
1
3571 242
0
0
0
1
3572 248
1
3573 356
1
3574 244
1
3575 130
1
3576 200
1
3577 145
0
0
1
3578 139
1
3579 140
1
3580 361
0
1
3581 144
1
3582 280
1
3583 334
1
3584 157
1
3585 175
0
1
3586 112
0
1
3587 322
0
1
3588 60
1
3589 263
1
3590 240
1
3591 181
0
0
1
3592 54
0
0
0
1
3593 128
1
3594 94
0
1
3595 244
0
1
3596 102
0
0
0
0
1
3597 300
1
3598 83
0
1
3599 146
1
3600 224
0
1
3601 296
0
1
3602 30
1
3603 97
0
1
3604 233
0
1
3605 284
0
0
1
3606 14
0
1
3607 294
1
3608 322
0
0
1
3609 277
0
1
3610 145
1
3611 177
1
3612 66
1
3613 242
1
3614 175
0
1
3615 127
1
3616 91
1
3617 310
1
3618 24
1
3619 129
1
3620 276
0
0
1
3621 218
0
1
3622 137
1
3623 330
0
0
0
0
0
0
0
0
1
3624 229
1
3625 173
0
1
3626 206
1
3627 135
1
3628 85
0
0
0
0
1
3629 280
1
3630 286
1
3631 130
0
1
3632 261
0
0
1
3633 237
1
3634 261
1
3635 104
1
3636 158
1
3637 185
0
0
1
3638 323
0
1
3639 3
0
1
3640 329
1
3641 131
1
3642 343
1
3643 357
1
3644 191
1
3645 25
0
0
0
0
1
3646 126
1
3647 188
0
1
3648 296
1
3649 96
1
3650 211
0
0
0
1
3651 48
0
0
1
3652 218
0
0
1
3653 250
0
1
3654 300
1
3655 9
1
3656 199
0
0
1
3657 166
1
3658 65
1
3659 338
0
0
0
1
3660 193
0
1
3661 204
1
3662 309
0
1
3663 156
0
1
3664 38
1
3665 256
0
0
1
3666 322
0
0
1
3667 126
1
3668 308
0
1
3669 114
1
3670 237
1
3671 49
0
1
3672 100
1
3673 68
1
3674 323
0
0
0
1
3675 357
0
1
3676 251
1
3677 358
1
3678 35
0
1
3679 346
0
1
3680 367
0
0
1
3681 53
0
0
1
3682 251
1
3683 359
0
0
1
3684 213
1
3685 121
1
3686 34
1
3687 35
1
3688 196
0
1
3689 87
1
3690 356
0
1
3691 295
1
3692 135
1
3693 332
0
1
3694 166
0
1
3695 265
0
0
1
3696 111
0
1
3697 186
0
1
3698 204
0
0
1
3699 361
0
1
3700 128
1
3701 124
1
3702 77
1
3703 182
0
0
1
3704 261
0
1
3705 161
1
3706 301
1
3707 103
1
3708 337
0
1
3709 166
1
3710 38
1
3711 216
1
3712 114
0
0
1
3713 332
0
1
3714 26
1
3715 200
0
0
1
3716 215
0
1
3717 352
1
3718 325
0
0
0
1
3719 42
1
3720 346
1
3721 327
1
3722 294
1
3723 190
0
1
3724 260
0
0
0
1
3725 323
1
3726 83
1
3727 107
1
3728 69
1
3729 223
1
3730 331
0
1
3731 266
1
3732 65
0
1
3733 360
0
0
1
3734 24
0
1
3735 37
1
3736 124
1
3737 327
0
1
3738 84
1
3739 9
1
3740 124
0
1
3741 4
1
3742 252
1
3743 142
1
3744 108
0
0
1
3745 277
1
3746 143
1
3747 189
1
3748 237
1
3749 48
1
3750 29
0
0
1
3751 206
1
3752 324
0
0
0
0
1
3753 189
1
3754 159
1
3755 105
1
3756 287
0
0
1
3757 320
0
0
0
0
1
3758 109
0
0
1
3759 239
1
3760 304
0
1
3761 53
1
3762 133
1
3763 104
0
0
0
1
3764 258
1
3765 145
0
0
0
0
1
3766 342
1
3767 311
0
1
3768 199
0
1
3769 153
1
3770 42
0
0
0
0
1
3771 2
1
3772 191
0
1
3773 238
1
3774 245
0
1
3775 323
0
0
0
0
0
1
3776 98
1
3777 61
0
1
3778 195
1
3779 230
0
0
0
1
3780 106
0
0
1
3781 139
1
3782 110
0
1
3783 309
0
0
1
3784 204
0
0
0
1
3785 176
0
1
3786 363
0
0
1
3787 226
1
3788 329
0
0
0
1
3789 338
0
1
3790 135
1
3791 261
1
3792 47
1
3793 43
1
3794 190
1
3795 351
0
0
1
3796 234
1
3797 47
0
1
3798 138
0
1
3799 2
0
0
1
3800 265
1
3801 256
1
3802 209
0
0
1
3803 134
0
1
3804 135
1
3805 149
1
3806 352
0
0
0
1
3807 205
1
3808 366
0
1
3809 122
0
1
3810 25
1
3811 16
0
1
3812 218
0
1
3813 275
1
3814 46
1
3815 314
1
3816 63
0
0
1
3817 112
1
3818 162
0
0
0
0
1
3819 115
1
3820 25
0
0
1
3821 248
1
3822 271
1
3823 277
0
0
1
3824 86
0
0
1
3825 328
0
1
3826 43
1
3827 312
0
0
1
3828 252
0
0
1
3829 158
0
1
3830 314
1
3831 172
1
3832 345
0
0
0
1
3833 214
0
0
1
3834 100
0
0
1
3835 247
1
3836 263
0
0
0
1
3837 85
1
3838 269
0
0
1
3839 119
1
3840 65
0
0
1
3841 317
1
3842 276
1
3843 74
1
3844 186
0
0
0
0
0
1
3845 274
1
3846 234
0
1
3847 236
0
0
0
0
1
3848 289
0
0
1
3849 163
0
0
1
3850 331
0
1
3851 161
1
3852 90
1
3853 366
1
3854 149
0
1
3855 317
1
3856 86
0
0
1
3857 87
0
1
3858 242
0
1
3859 320
0
0
0
1
3860 39
1
3861 332
0
0
1
3862 307
1
3863 329
1
3864 166
0
1
3865 35
0
0
0
0
1
3866 188
0
1
3867 319
0
0
1
3868 104
1
3869 210
1
3870 261
1
3871 147
1
3872 75
0
1
3873 251
0
1
3874 233
1
3875 359
1
3876 70
1
3877 309
0
0
0
0
0
1
3878 237
1
3879 320
0
0
0
0
1
3880 299
0
1
3881 276
1
3882 200
0
1
3883 357
0
0
0
1
3884 134
0
1
3885 7
1
3886 248
0
0
0
0
0
0
1
3887 11
0
1
3888 354
0
1
3889 311
1
3890 99
0
0
1
3891 292
0
0
1
3892 20
1
3893 71
0
1
3894 14
0
0
0
0
1
3895 291
0
1
3896 41
1
3897 248
0
1
3898 270
1
3899 338
0
0
1
3900 3
1
3901 151
1
3902 176
0
0
0
0
0
0
0
0
0
0
1
3903 266
0
1
3904 22
1
3905 175
1
3906 346
1
3907 11
0
0
1
3908 152
0
1
3909 206
0
1
3910 194
1
3911 312
1
3912 199
1
3913 345
0
0
0
0
0
0
0
0
1
3914 2
0
1
3915 252
1
3916 347
0
1
3917 330
0
1
3918 53
0
0
0
0
1
3919 209
0
0
1
3920 87
0
1
3921 85
1
3922 340
1
3923 265
0
1
3924 28
1
3925 342
1
3926 37
0
1
3927 284
0
1
3928 193
1
3929 194
0
0
1
3930 137
1
3931 102
1
3932 260
1
3933 189
1
3934 130
0
1
3935 365
1
3936 293
1
3937 176
0
0
0
0
1
3938 41
0
0
0
0
1
3939 128
0
1
3940 284
1
3941 296
0
1
3942 206
0
0
0
1
3943 350
1
3944 14
0
1
3945 176
0
1
3946 288
1
3947 275
1
3948 329
0
1
3949 6
0
1
3950 61
1
3951 15
0
0
1
3952 241
1
3953 37
1
3954 317
1
3955 305
1
3956 36
0
1
3957 148
1
3958 15
0
0
1
3959 166
0
0
0
1
3960 224
0
1
3961 180
0
1
3962 119
0
0
1
3963 266
0
1
3964 68
0
0
0
1
3965 234
0
0
0
0
1
3966 234
1
3967 262
1
3968 30
1
3969 286
0
1
3970 86
0
1
3971 158
0
1
3972 175
1
3973 204
0
0
0
0
1
3974 340
0
1
3975 55
0
0
1
3976 360
0
0
0
0
0
1
3977 8
0
0
0
0
0
0
0
0
0
0
1
3978 55
1
3979 88
1
3980 299
0
0
0
1
3981 116
0
0
1
3982 331
0
0
0
1
3983 54
1
3984 8
1
3985 96
0
0
1
3986 109
0
1
3987 115
0
0
1
3988 183
0
0
0
0
0
1
3989 127
0
0
1
3990 218
0
0
0
0
0
1
3991 205
0
0
1
3992 205
0
0
1
3993 59
1
3994 292
1
3995 337
1
3996 276
0
1
3997 188
0
0
1
3998 301
1
3999 237
1
4000 213
1
4001 330
1
4002 202
1
4003 321
0
0
1
4004 253
1
4005 360
0
0
1
4006 152
1
4007 111
0
0
1
4008 122
0
0
0
0
1
4009 59
1
4010 94
0
0
0
1
4011 245
0
1
4012 325
1
4013 78
0
1
4014 165
1
4015 179
0
0
1
4016 253
0
0
0
1
4017 313
1
4018 141
1
4019 247
1
4020 18
0
1
4021 285
0
1
4022 363
0
0
0
0
1
4023 234
1
4024 313
1
4025 195
0
0
0
1
4026 130
0
1
4027 43
1
4028 339
1
4029 219
0
0
1
4030 284
0
0
1
4031 337
1
4032 68
1
4033 153
0
1
4034 204
1
4035 349
0
0
0
0
0
1
4036 267
1
4037 148
0
1
4038 276
0
0
1
4039 97
0
1
4040 151
0
0
0
0
0
0
1
4041 340
1
4042 88
1
4043 275
1
4044 276
1
4045 331
0
0
0
1
4046 251
0
0
0
0
0
0
0
0
0
0
0
1
4047 205
0
1
4048 307
0
0
0
1
4049 210
1
4050 305
0
0
0
0
1
4051 65
1
4052 40
1
4053 337
0
1
4054 184
1
4055 195
0
1
4056 109
0
1
4057 173
0
0
1
4058 241
0
1
4059 3
0
1
4060 287
0
1
4061 301
0
0
1
4062 16
0
0
0
0
1
4063 215
0
0
0
1
4064 133
0
0
0
0
0
0
1
4065 40
0
0
0
0
1
4066 325
1
4067 111
0
0
1
4068 103
0
0
0
0
0
0
0
1
4069 251
1
4070 261
0
0
0
1
4071 81
1
4072 30
0
0
0
0
0
0
0
0
0
1
4073 244
0
1
4074 328
0
0
0
0
1
4075 183
1
4076 252
0
0
1
4077 42
1
4078 219
1
4079 158
1
4080 82
1
4081 255
0
1
4082 357
1
4083 263
1
4084 103
1
4085 18
0
1
4086 312
1
4087 50
0
0
0
0
0
0
0
0
0
0
1
4088 148
1
4089 127
1
4090 137
0
0
0
1
4091 229
0
1
4092 134
1
4093 103
0
1
4094 317
1
4095 4
1
4096 103
1
4097 33
1
4098 80
1
4099 129
1
4100 272
1
4101 115
1
4102 299
0
0
0
0
0
0
0
0
1
4103 137
0
1
4104 176
1
4105 296
1
4106 366
1
4107 357
0
0
1
4108 255
0
0
0
1
4109 8
0
0
0
0
0
0
0
1
4110 128
0
0
0
0
0
1
4111 156
0
1
4112 341
0
0
0
1
4113 234
0
0
1
4114 140
0
1
4115 332
0
0
1
4116 324
0
0
1
4117 67
1
4118 209
0
1
4119 52
0
0
1
4120 49
0
1
4121 76
0
0
1
4122 289
0
0
0
1
4123 289
1
4124 358
0
1
4125 16
0
1
4126 200
0
0
1
4127 241
0
0
0
0
1
4128 101
1
4129 3
1
4130 222
1
4131 77
0
0
0
1
4132 349
0
0
0
0
0
1
4133 300
0
0
1
4134 318
1
4135 10
0
0
1
4136 192
1
4137 137
1
4138 25
1
4139 224
1
4140 179
0
0
1
4141 64
0
0
0
1
4142 338
0
1
4143 102
0
1
4144 88
1
4145 245
0
1
4146 163
1
4147 245
1
4148 269
1
4149 302
0
0
0
0
0
0
1
4150 146
0
0
1
4151 52
0
1
4152 350
1
4153 351
0
1
4154 71
1
4155 312
1
4156 192
0
0
0
0
1
4157 324
0
0
1
4158 365
0
0
1
4159 58
1
4160 28
0
1
4161 106
0
0
1
4162 43
0
1
4163 112
0
1
4164 52
0
0
1
4165 246
0
0
0
0
1
4166 295
1
4167 105
0
0
1
4168 52
0
0
0
0
0
0
1
4169 95
0
0
0
0
1
4170 46
0
0
0
1
4171 198
0
0
1
4172 16
0
1
4173 132
1
4174 207
1
4175 94
1
4176 134
1
4177 315
0
0
0
1
4178 5
0
1
4179 351
0
1
4180 250
0
0
0
0
0
1
4181 360
1
4182 29
1
4183 297
0
0
0
0
0
1
4184 118
0
0
0
1
4185 40
1
4186 26
1
4187 309
0
0
1
4188 311
1
4189 166
1
4190 202
1
4191 181
0
0
0
0
0
0
1
4192 169
0
0
1
4193 51
0
0
0
0
1
4194 192
1
4195 22
1
4196 151
0
0
0
0
1
4197 52
1
4198 49
1
4199 24
0
1
4200 144
0
0
1
4201 270
0
1
4202 111
1
4203 122
0
0
0
0
1
4204 226
0
0
1
4205 352
0
0
0
0
1
4206 103
0
0
0
0
0
0
1
4207 35
0
1
4208 48
0
0
0
1
4209 72
0
0
0
0
1
4210 139
0
0
0
0
0
0
1
4211 331
1
4212 102
0
1
4213 16
0
0
0
0
1
4214 170
0
1
4215 158
0
0
0
0
0
0
0
0
1
4216 210
1
4217 179
1
4218 95
1
4219 318
0
1
4220 43
0
0
0
0
0
1
4221 340
1
4222 120
1
4223 319
0
0
0
1
4224 275
1
4225 279
0
0
0
0
1
4226 176
0
0
0
0
0
0
0
1
4227 258
0
0
0
0
1
4228 209
1
4229 98
0
0
1
4230 328
0
1
4231 350
0
0
1
4232 289
0
1
4233 190
0
0
0
0
0
0
0
0
0
0
0
0
1
4234 365
0
0
1
4235 316
1
4236 242
1
4237 8
0
1
4238 319
0
0
1
4239 280
0
0
0
0
1
4240 57
0
0
0
0
1
4241 332
0
1
4242 136
0
1
4243 5
0
0
0
1
4244 294
0
1
4245 127
0
1
4246 4
1
4247 155
0
0
0
0
0
0
0
1
4248 253
0
0
0
0
0
1
4249 221
1
4250 263
1
4251 106
1
4252 88
1
4253 202
0
0
0
0
1
4254 345
1
4255 198
0
1
4256 224
0
0
1
4257 90
0
0
0
0
1
4258 29
1
4259 24
0
0
1
4260 189
1
4261 148
1
4262 243
0
0
1
4263 317
0
0
0
0
0
1
4264 20
0
0
1
4265 248
1
4266 212
0
0
0
0
0
0
1
4267 82
0
0
1
4268 159
0
1
4269 270
1
4270 29
0
0
0
0
1
4271 253
1
4272 260
0
0
1
4273 20
1
4274 49
1
4275 115
0
0
0
0
0
1
4276 325
0
1
4277 256
0
0
1
4278 238
1
4279 214
1
4280 192
0
1
4281 365
0
1
4282 200
1
4283 91
1
4284 64
0
0
1
4285 345
0
1
4286 166
0
1
4287 330
0
1
4288 171
0
1
4289 349
0
0
0
0
0
0
0
0
1
4290 79
0
0
1
4291 154
0
0
0
0
0
1
4292 89
1
4293 291
1
4294 176
0
0
0
1
4295 170
0
0
0
0
1
4296 179
0
1
4297 207
0
0
1
4298 91
0
1
4299 91
0
0
0
0
1
4300 140
0
0
0
0
1
4301 219
0
0
1
4302 307
0
0
0
0
0
0
1
4303 296
1
4304 175
0
0
1
4305 314
0
0
0
0
1
4306 348
0
0
0
1
4307 224
1
4308 353
0
0
1
4309 46
0
1
4310 37
0
0
0
1
4311 6
0
1
4312 319
1
4313 357
0
0
0
0
0
0
0
0
1
4314 71
1
4315 2
0
0
0
0
0
0
1
4316 333
0
1
4317 140
1
4318 272
0
0
1
4319 56
0
0
1
4320 153
0
0
0
0
1
4321 327
1
4322 182
0
0
1
4323 118
0
0
0
0
1
4324 153
0
0
0
1
4325 315
0
0
0
1
4326 319
0
0
0
0
0
1
4327 33
0
1
4328 36
0
0
0
0
0
0
1
4329 338
1
4330 68
1
4331 315
0
0
0
0
0
0
0
0
1
4332 263
1
4333 35
0
0
0
0
0
0
1
4334 4
1
4335 130
0
0
1
4336 345
1
4337 71
0
1
4338 8
0
1
4339 204
1
4340 131
0
0
0
0
0
0
0
1
4341 194
1
4342 24
0
0
0
0
0
0
0
1
4343 179
0
0
0
0
0
0
0
0
0
1
4344 251
0
0
1
4345 10
1
4346 231
0
1
4347 263
0
1
4348 247
1
4349 28
0
0
1
4350 357
0
0
0
0
0
0
0
0
1
4351 175
1
4352 27
0
0
0
0
1
4353 179
0
0
0
0
1
4354 202
0
0
1
4355 155
1
4356 216
1
4357 109
0
0
0
0
1
4358 216
1
4359 124
1
4360 69
0
0
1
4361 171
1
4362 149
0
0
1
4363 202
0
0
1
4364 269
0
1
4365 310
0
1
4366 169
0
1
4367 350
1
4368 181
0
0
0
0
0
0
0
1
4369 228
1
4370 48
0
0
1
4371 43
0
0
1
4372 191
1
4373 107
1
4374 130
0
1
4375 309
1
4376 317
0
0
0
1
4377 328
0
0
0
0
0
0
0
0
0
0
0
0
0
0
0
1
4378 99
0
0
1
4379 115
0
1
4380 129
0
0
0
0
0
1
4381 317
0
1
4382 60
1
4383 3
1
4384 287
1
4385 7
0
0
0
1
4386 327
0
0
0
1
4387 357
0
0
0
1
4388 183
0
1
4389 17
0
0
0
0
0
0
0
1
4390 220
1
4391 248
1
4392 103
0
1
4393 261
0
1
4394 175
0
0
0
0
0
0
0
1
4395 164
0
0
1
4396 130
1
4397 254
0
0
0
0
1
4398 119
0
0
0
0
1
4399 146
1
4400 321
1
4401 54
0
1
4402 10
1
4403 123
0
0
0
0
0
0
0
0
0
0
0
1
4404 32
0
0
1
4405 176
0
0
1
4406 78
0
1
4407 117
0
0
0
0
1
4408 364
0
1
4409 54
0
1
4410 19
0
0
0
0
0
1
4411 102
1
4412 51
1
4413 364
0
1
4414 294
0
0
0
0
0
0
0
0
0
0
0
0
1
4415 343
0
0
0
0
0
1
4416 200
0
1
4417 275
0
0
1
4418 210
0
0
1
4419 300
0
0
0
0
0
0
0
1
4420 72
0
0
0
0
0
0
0
0
0
0
1
4421 241
0
0
1
4422 165
0
0
0
0
1
4423 307
0
0
0
0
0
1
4424 7
0
0
0
0
0
0
0
0
0
0
1
4425 192
1
4426 231
0
0
1
4427 206
0
0
1
4428 362
1
4429 326
0
0
0
0
0
0
0
0
1
4430 261
0
0
0
0
0
0
1
4431 294
0
0
0
0
0
0
0
0
0
0
0
1
4432 247
1
4433 147
0
0
1
4434 215
0
1
4435 311
0
0
1
4436 239
0
0
1
4437 240
0
0
0
0
1
4438 240
0
0
0
1
4439 143
1
4440 222
0
1
4441 233
0
1
4442 226
1
4443 159
0
1
4444 304
1
4445 269
1
4446 318
0
0
0
0
1
4447 77
0
1
4448 325
0
0
0
0
0
0
1
4449 239
0
1
4450 117
0
0
0
1
4451 303
1
4452 117
0
0
1
4453 35
1
4454 133
0
0
0
0
1
4455 144
1
4456 121
0
0
0
0
0
1
4457 244
0
0
1
4458 5
1
4459 166
0
1
4460 180
1
4461 332
1
4462 201
0
0
0
0
1
4463 47
1
4464 315
0
0
0
1
4465 94
0
0
0
0
0
1
4466 250
0
0
0
1
4467 79
1
4468 105
1
4469 77
0
1
4470 176
0
0
0
0
0
0
1
4471 145
0
0
0
0
1
4472 120
1
4473 225
1
4474 320
0
0
0
0
0
0
0
0
1
4475 21
0
0
0
1
4476 287
0
0
0
0
1
4477 348
0
0
0
0
0
0
0
0
0
0
1
4478 197
0
0
0
0
0
1
4479 35
0
0
0
0
0
1
4480 151
0
0
0
0
0
0
0
0
0
0
0
0
0
0
0
0
0
0
1
4481 115
0
0
0
1
4482 176
1
4483 199
0
0
1
4484 123
0
0
0
0
0
0
0
1
4485 206
0
0
1
4486 165
0
0
0
0
0
0
0
1
4487 333
1
4488 176
0
1
4489 219
0
0
0
1
4490 35
0
0
0
1
4491 109
0
0
1
4492 105
0
0
0
0
1
4493 5
0
0
1
4494 94
0
0
0
0
0
0
1
4495 203
0
0
1
4496 112
1
4497 31
0
0
0
0
0
0
0
0
0
0
0
0
0
1
4498 163
0
0
0
0
0
1
4499 214
0
1
4500 348
0
0
0
0
1
4501 279
0
1
4502 105
0
1
4503 59
0
0
0
0
0
0
0
0
0
0
1
4504 234
1
4505 57
1
4506 302
0
0
0
0
0
0
0
0
0
0
0
1
4507 55
0
0
0
1
4508 32
0
0
0
0
0
1
4509 345
0
0
0
0
0
0
1
4510 151
0
0
0
1
4511 287
0
0
0
0
0
0
0
1
4512 366
0
0
0
0
0
1
4513 44
0
0
0
0
0
0
0
1
4514 151
0
1
4515 349
0
0
1
4516 297
1
4517 119
0
0
1
4518 105
1
4519 157
0
1
4520 100
1
4521 111
0
0
0
1
4522 350
1
4523 104
0
0
0
0
0
0
0
1
4524 291
1
4525 313
0
0
0
0
0
0
1
4526 136
0
0
0
1
4527 133
1
4528 121
0
0
1
4529 3
0
1
4530 242
1
4531 25
0
1
4532 318
1
4533 146
0
0
0
0
0
1
4534 58
0
0
0
1
4535 18
0
0
0
0
0
1
4536 287
0
0
0
0
0
1
4537 10
0
0
0
0
0
1
4538 277
0
1
4539 232
0
0
0
0
0
0
0
0
0
0
1
4540 166
0
0
0
0
0
0
1
4541 148
1
4542 84
1
4543 184
0
1
4544 175
0
0
0
0
1
4545 295
0
0
0
0
0
1
4546 126
1
4547 58
0
0
0
0
0
0
1
4548 74
0
1
4549 256
0
1
4550 57
0
0
0
0
1
4551 209
0
0
1
4552 158
0
0
0
0
0
1
4553 271
0
0
1
4554 47
0
0
0
1
4555 269
0
0
1
4556 339
0
0
1
4557 124
0
0
1
4558 221
0
0
0
1
4559 194
0
1
4560 130
0
0
0
0
1
4561 159
0
0
0
1
4562 362
1
4563 147
0
0
0
0
0
1
4564 68
0
0
0
0
0
0
0
0
0
0
0
1
4565 248
0
1
4566 324
0
0
0
1
4567 327
0
0
0
0
0
0
0
0
0
0
0
0
0
0
1
4568 125
0
0
0
1
4569 240
1
4570 316
0
1
4571 294
0
0
0
0
0
0
0
0
1
4572 326
0
0
0
1
4573 9
0
0
0
1
4574 235
0
0
0
0
0
0
0
0
0
0
0
0
0
0
0
0
0
0
0
0
0
0
0
0
0
0
0
1
4575 252
0
0
1
4576 52
0
0
0
1
4577 364
0
1
4578 286
0
0
0
1
4579 260
0
1
4580 193
0
0
0
0
0
0
0
0
0
0
1
4581 116
0
1
4582 291
0
0
0
0
0
0
0
0
1
4583 183
0
0
0
0
0
0
0
0
0
0
1
4584 286
0
0
1
4585 314
0
1
4586 192
0
0
1
4587 351
0
0
0
1
4588 251
0
1
4589 54
0
0
0
0
0
0
0
0
0
0
0
1
4590 273
0
0
0
1
4591 50
0
0
0
0
0
0
1
4592 201
0
0
0
0
1
4593 69
0
0
0
0
0
0
0
0
0
0
0
0
0
0
0
0
1
4594 271
0
0
0
1
4595 288
0
0
0
0
0
0
1
4596 233
0
0
0
0
0
0
1
4597 71
1
4598 224
1
4599 353
1
4600 201
1
4601 204
0
0
0
1
4602 268
0
0
0
0
0
0
0
0
0
0
1
4603 165
0
0
0
0
0
0
1
4604 302
0
0
0
0
0
1
4605 142
0
0
0
0
0
1
4606 76
0
0
0
0
1
4607 253
0
0
0
0
0
0
1
4608 248
0
0
0
0
0
0
0
0
0
0
1
4609 263
0
0
0
0
0
0
0
0
0
0
0
0
1
4610 319
0
0
0
0
0
0
0
0
1
4611 40
0
0
0
0
0
1
4612 281
1
4613 185
1
4614 162
0
0
0
1
4615 83
0
0
0
1
4616 243
0
0
0
0
0
0
0
0
1
4617 161
0
0
0
0
0
0
0
0
0
0
0
0
0
0
0
0
0
1
4618 47
1
4619 352
0
0
0
0
0
1
4620 231
0
0
0
0
0
0
0
0
1
4621 222
0
0
1
4622 366
0
0
0
0
0
0
0
1
4623 131
0
0
0
1
4624 243
0
0
0
0
0
0
0
0
0
0
1
4625 350
1
4626 342
0
0
1
4627 115
1
4628 363
0
0
0
0
0
0
0
1
4629 178
0
0
1
4630 120
0
0
0
0
0
0
1
4631 106
0
0
0
0
0
0
0
0
0
0
0
0
0
0
0
0
0
1
4632 116
0
0
0
0
0
0
0
0
0
0
1
4633 171
1
4634 314
0
1
4635 288
0
0
0
0
0
0
0
0
0
0
1
4636 229
0
0
0
0
1
4637 304
0
0
0
1
4638 362
1
4639 137
0
0
0
0
0
0
0
0
1
4640 134
0
0
0
0
0
1
4641 113
0
0
0
1
4642 81
0
0
0
0
1
4643 240
0
0
0
0
0
0
0
0
0
1
4644 30
0
0
0
0
0
0
1
4645 192
0
0
0
0
0
0
0
0
0
0
0
0
0
0
0
0
0
0
0
1
4646 69
0
1
4647 303
0
0
0
0
0
0
0
0
0
0
0
0
0
0
0
0
0
0
0
1
4648 364
0
0
0
1
4649 33
0
0
0
0
0
1
4650 334
0
1
4651 308
0
0
0
0
0
0
0
0
0
0
0
0
0
0
0
0
0
0
0
0
0
0
0
0
0
0
0
0
0
0
0
0
1
4652 139
0
0
0
0
1
4653 129
0
0
0
0
0
0
0
0
0
1
4654 29
0
1
4655 287
0
0
0
1
4656 82
0
1
4657 224
1
4658 224
1
4659 187
0
0
0
0
0
0
0
1
4660 16
0
0
0
0
0
0
0
1
4661 358
0
0
1
4662 274
1
4663 176
0
0
0
0
1
4664 236
0
0
0
0
0
0
0
0
0
0
0
0
0
0
0
0
0
0
0
0
0
0
0
0
0
0
0
1
4665 313
0
1
4666 60
0
0
1
4667 192
0
0
0
1
4668 195
0
0
0
1
4669 339
0
0
0
0
0
0
0
0
0
0
0
0
0
1
4670 315
0
0
0
0
0
0
0
0
1
4671 33
0
0
0
0
0
0
0
0
0
0
0
0
0
0
0
0
0
0
1
4672 55
0
0
0
1
4673 229
0
0
0
0
1
4674 214
0
0
1
4675 299
0
0
0
0
0
1
4676 241
0
0
0
1
4677 192
0
0
0
0
0
0
0
0
0
0
0
1
4678 350
0
0
0
0
0
1
4679 182
0
0
0
0
0
0
1
4680 351
0
1
4681 15
0
0
0
0
0
0
0
0
0
0
0
0
0
0
0
0
0
0
0
0
0
0
0
0
0
0
0
1
4682 287
0
0
0
0
0
0
0
1
4683 196
0
0
0
0
0
0
0
0
0
0
0
0
1
4684 214
0
0
0
0
0
0
0
0
0
0
0
0
0
0
0
0
1
4685 184
0
0
0
0
0
0
0
0
0
1
4686 13
1
4687 192
0
0
1
4688 190
0
0
0
0
0
0
0
0
1
4689 330
0
0
0
0
0
0
0
0
0
0
0
0
0
0
0
0
0
0
0
0
0
0
0
0
0
0
0
0
0
0
0
0
1
4690 279
0
0
0
0
0
0
0
0
0
0
0
0
1
4691 285
0
0
0
1
4692 183
0
0
0
1
4693 282
0
0
0
0
0
0
0
0
0
0
0
0
0
0
0
0
0
1
4694 63
0
0
0
0
0
0
0
0
0
0
0
0
0
0
0
0
1
4695 286
0
0
0
0
0
0
0
0
0
0
0
0
0
1
4696 269
0
0
0
0
0
0
0
0
0
0
0
0
0
0
0
0
0
0
0
0
0
0
0
0
0
0
0
0
0
0
0
0
0
1
4697 65
0
0
0
0
0
1
4698 272
0
0
0
0
0
0
1
4699 303
0
0
0
0
0
0
0
1
4700 31
0
1
4701 260
0
0
0
0
0
0
0
0
0
0
0
0
0
0
0
0
0
0
0
0
0
1
4702 110
0
0
0
0
0
1
4703 308
0
0
0
0
0
1
4704 171
0
0
0
0
0
0
0
0
0
0
1
4705 94
0
0
1
4706 136
0
0
0
0
0
0
0
0
0
0
1
4707 291
0
0
0
0
0
0
0
0
0
0
0
0
0
0
0
0
0
0
0
0
0
0
0
0
1
4708 335
0
0
0
0
0
0
0
0
0
0
0
0
0
0
0
0
0
0
0
0
0
0
0
0
0
0
0
0
0
0
0
0
0
0
0
0
0
0
0
1
4709 14
0
0
0
0
0
0
0
0
0
1
4710 286
0
0
0
0
0
0
0
0
0
0
0
0
0
0
0
0
0
0
0
0
0
0
0
0
0
0
0
0
0
0
0
0
0
0
0
0
0
0
0
0
0
0
0
0
0
0
0
0
0
0
0
0
0
0
0
0
0
0
0
0
0
0
0
0
0
0
0
0
0
0
0
0
0
0
0
0
0
0
0
0
0
0
0
0
0
0
0
0
0
0
1
4711 17
0
0
0
0
0
0
0
0
0
0
0
0
0
0
0
0
1
4712 147
0
0
0
0
0
0
0
0
0
0
0
0
0
0
0
0
0
0
0
0
0
0
1
4713 81
0
0
0
0
0
0
0
0
0
0
0
0
0
0
0
0
0
0
0
0
0
0
0
0
0
0
0
0
0
0
0
0
0
0
0
0
0
0
0
0
0
0
0
0
0
0
0
0
0
0
0
0
0
0
0
0
0
0
0
0
0
0
0
0
0
0
1
4714 307
0
0
0
0
0
0
0
0
0
0
0
1
4715 166
0
0
0
0
0
0
0
0
0
0
0
0
0
0
0
0
0
0
0
0
0
0
0
0
0
0
0
0
0
0
0
0
0
0
0
0
0
0
0
0
0
0
0
0
0
0
0
0
0
0
0
0
0
0
0
0
0
0
0
0
0
0
0
0
0
0
0
0
0
0
0
0
0
0
0
0
0
0
0
0
0
0
0
0
0
0
0
0
0
0
0
0
0
0
0
0
0
0
0
0
0
0
0
0
0
0
0
0
0
0
0
0
0
0
0
0
0
0
0
0
0
0
0
0
0
0
0
0
0
0
0
0
0
0
0
0
0
0
0
0
0
0
0
0
0
0
0
0
0
0
0
0
0
0
0
0
0
0
0
0
0
0
0
0
0
0
0
0
0
0
0
0
0
0
0
0
0
0
0
0
0
0
0
0
0
0
0
0
0
0
0
0
0
0
0
0
0
0
0
0
0
0
0
0
0
0
0
0
0
0
0
0
0
0
0
0
0
0
0
0
0
0
0
0
0
0
0
0
0
0
0
0
0
0
0
0
0
0
0
0
0
0
0
0
0
0
0
0
0
0
0
0
0
0
0
0
0
0
0
0
0
0
0
0
0
0
0
0
0
0
0
0
0
0
0
0
0
0
0
0
0
0
0
0
0
0
0
0
0
0
0
0
0
0
0
0
0
0
0
0
0
0
0
0
0
0
0
0
0
0
0
0
0
0
0
0
0
0
0
0
0
0
0
0
0
0
0
0
0
0
0
0
0
0
0
0
0
0
0
0
0
0
0
0
0
0
0
0
0
0
0
0
0
0
0
0
0
0
0
0
0
0
0
0
0
0
0
0
0
0
0
0
0
0
0
0
0
0
0
0
0
0
0
0
0
0
0
0
0
0
0
0
0
0
0
0
0
0
0
0
0
0
0
0
0
0
0
0
0
0
0
0
0
0
0
0
0
0
0
0
0
0
0
0
0
0
0
0
0
0
0
0
0
0
0
0
0
0
0
0
0
0
0
0
0
0
0
0
0
0
0
0
0
0
0
0
0
0
0
0
0
0
0
0
0
0
0
0
0
0
0
0
0
0
0
0
0
0
0
0
0
0
0
0
0
0
0
0
0
0
0
0
0
0
0
0
0
0
0
0
0
0
0
0
0
0
0
0
0
0
0
0
0
0
0
0
0
0
0
0
0
0
0
0
0
0
0
0
0
0
0
0
0
0
0
0
0
0
0
0
0
0
0
0
0
0
0
0
0
0
0
0
0
0
0
0
0
0
0
0
0
0
0
0
0
0
0
0
0
0
0
0
0
0
0
0
0
0
0
0
0
0
0
0
0
0
0
0
0
0
0
0
0
0
0
0
0
0
0
0
0
0
0
0
0
0
0
0
0
0
0
0
0
0
0
0
0
0
0
0
0
0
0
0
0
0
0
0
0
0
0
0
0
0
0
0
0
0
0
0
0
0
0
0
0
0
0
0
0
0
0
0
0
0
0
0
0
