345 549
247 112 3
232 195 4
110 74 3
338 27 5
34 77 5
99 130 5
120 125 4
334 339 5
311 144 3
59 35 5
64 269 3
225 262 2
134 32 3
47 202 5
256 340 4
26 161 3
280 226 1
224 185 3
189 163 2
81 324 4
148 197 4
231 194 3
202 292 4
94 311 4
47 155 3
243 249 3
45 110 3
254 157 3
294 328 3
222 99 3
327 337 3
57 110 3
129 112 4
50 182 4
308 257 2
3 240 2
184 277 2
266 171 4
216 10 4
298 136 3
63 188 4
250 207 2
70 334 3
187 288 3
307 281 3
172 47 3
105 268 3
212 221 3
56 286 2
294 24 4
178 269 3
275 288 3
242 221 3
46 259 4
98 223 3
318 248 2
170 40 4
219 113 4
306 269 3
267 59 3
139 181 3
310 235 2
294 155 2
157 88 2
48 130 2
209 263 3
76 286 3
212 288 3
17 335 3
285 258 4
2 121 3
200 249 3
219 22 4
263 38 2
84 324 5
31 99 5
300 120 3
5 114 4
190 210 5
117 56 4
273 44 3
278 160 3
21 101 3
185 3 3
40 108 4
58 213 2
167 149 3
91 104 4
73 331 2
153 93 5
1 257 3
48 198 4
19 65 3
243 35 2
84 101 3
317 86 2
345 226 2
104 208 2
309 94 3
85 224 4
298 45 3
325 157 4
272 89 3
175 31 3
50 327 2
63 257 2
225 245 2
106 235 3
72 148 3
3 85 2
43 272 3
105 267 1
176 309 4
79 131 3
152 284 3
215 31 3
321 209 2
141 111 3
8 227 3
338 240 4
278 181 3
341 195 2
278 9 2
26 332 2
98 30 3
158 245 3
67 260 4
251 6 4
170 17 3
305 237 3
227 95 4
323 197 3
132 238 5
34 277 3
188 337 3
41 193 3
190 251 5
284 17 5
43 166 3
271 132 4
200 243 4
213 32 3
53 285 4
256 15 4
62 297 3
131 117 2
339 96 4
293 204 3
80 171 3
291 233 3
259 197 4
134 162 4
133 121 3
250 249 2
63 73 4
12 302 5
190 301 4
174 154 2
330 176 3
155 292 3
300 125 3
162 304 3
107 146 4
178 306 4
283 126 4
62 227 2
91 93 3
86 23 4
22 158 2
61 319 1
244 11 4
33 51 3
39 53 2
174 193 2
246 10 3
133 13 3
96 70 4
52 42 3
315 290 5
68 216 2
164 255 4
77 247 4
326 340 2
319 102 1
14 103 4
317 279 3
143 179 3
277 169 3
270 65 2
256 264 2
198 130 4
5 138 4
158 113 3
121 109 4
5 20 2
117 135 2
76 244 3
159 160 3
41 156 4
258 331 2
230 296 4
120 333 3
69 335 2
301 44 3
144 68 4
344 28 3
210 44 4
55 168 3
95 146 4
176 289 3
66 231 3
343 97 3
279 71 3
199 317 3
302 65 2
37 252 2
100 333 3
54 326 3
254 82 4
169 177 5
226 252 2
159 265 2
152 47 3
128 186 4
225 318 3
8 253 5
195 191 2
150 1 2
167 315 3
142 12 3
328 165 4
336 321 4
14 149 4
232 329 2
33 312 3
311 273 3
51 29 4
76 92 2
136 186 4
28 19 5
203 205 4
145 333 4
126 171 2
314 343 4
207 161 3
174 40 4
198 339 5
82 255 3
200 109 4
147 310 3
28 151 4
282 196 3
97 55 3
229 101 3
274 96 3
324 118 3
83 102 3
328 123 3
67 246 4
345 107 4
154 119 4
27 241 5
162 12 3
228 119 3
248 6 3
169 143 4
256 201 3
313 210 3
199 248 4
64 300 4
320 305 4
87 314 4
343 31 3
144 10 4
77 114 5
52 151 2
323 95 3
36 132 3
252 323 3
11 196 2
168 295 2
73 223 4
64 147 3
39 329 2
292 108 5
15 340 3
84 309 3
282 11 4
323 253 2
60 145 3
4 265 4
224 261 3
4 127 4
100 42 3
240 233 3
179 72 2
90 203 3
302 270 2
313 251 4
206 22 2
76 37 2
297 316 4
105 238 3
94 330 4
270 19 3
116 139 3
175 48 4
222 296 3
52 322 3
241 287 3
191 123 3
194 213 4
128 298 4
241 211 4
161 35 4
64 32 5
61 239 2
49 193 3
303 141 4
191 33 4
56 173 3
173 183 5
137 233 3
20 138 3
274 198 2
236 72 3
66 192 4
116 159 3
286 290 3
78 205 3
258 218 3
221 83 3
189 173 3
75 246 3
71 317 1
261 217 3
152 106 4
276 70 4
293 22 3
166 180 5
42 151 2
342 222 4
245 262 2
97 87 5
39 61 3
142 304 2
215 342 4
334 43 4
300 344 3
232 51 3
336 204 4
9 82 3
123 312 3
164 1 2
63 331 3
308 188 3
91 265 4
257 164 3
213 134 4
320 237 4
262 190 5
261 228 5
116 282 4
216 209 4
237 139 3
26 87 3
100 54 3
232 239 4
18 71 3
220 150 2
297 80 3
3 137 1
108 202 3
112 128 3
83 163 5
38 115 3
75 330 4
53 329 4
166 111 3
276 89 3
79 189 3
218 30 2
289 81 4
223 218 2
211 233 4
306 24 4
201 15 3
236 169 3
287 266 4
228 167 4
16 153 3
239 39 3
195 242 4
36 118 3
327 332 3
172 310 3
74 43 3
283 80 3
42 125 4
307 145 3
342 55 4
16 186 3
52 54 4
102 61 1
4 116 4
244 196 2
303 90 4
147 178 4
37 92 3
298 129 3
230 88 4
86 279 3
212 165 4
266 211 4
214 60 4
263 336 5
180 247 4
1 220 4
84 7 5
118 132 4
135 79 2
103 291 4
316 287 3
30 133 3
21 2 4
160 208 3
119 156 4
106 192 3
19 25 4
38 204 3
250 98 3
214 307 3
268 59 5
140 14 2
69 170 3
37 280 4
92 290 3
55 295 4
120 344 3
149 315 4
318 199 3
266 291 4
276 78 4
271 81 4
187 275 4
80 62 4
331 285 4
332 207 3
211 338 3
75 260 3
226 146 4
208 9 4
264 201 2
312 294 4
205 89 2
231 58 4
325 168 3
296 234 5
320 183 3
268 87 2
258 23 4
156 217 3
124 127 2
163 305 3
319 220 3
299 235 3
164 150 3
13 6 4
264 115 3
111 272 4
136 234 4
86 71 3
255 9 3
321 68 3
21 273 3
88 325 2
57 234 5
281 18 4
131 135 2
206 113 4
281 29 3
46 127 5
299 310 2
25 322 4
34 177 3
83 341 3
18 199 2
148 253 3
254 16 4
345 280 3
200 36 3
293 115 5
225 206 4
107 283 4
109 229 4
69 41 3
154 49 2
217 185 4
189 183 4
181 208 3
124 259 2
85 137 4
230 168 3
275 49 4
93 138 3
219 326 3
238 267 4
279 23 3
103 140 3
182 308 2
2 313 4
341 242 2
122 45 3
187 165 2
288 131 5
74 122 3
13 251 3
104 160 2
284 192 2
194 58 3
129 180 1
182 337 2
48 274 2
215 99 2
214 29 4
317 18 2
67 75 3
151 322 5
122 57 3
335 170 5
7 229 4
88 295 3
141 203 4
118 7 3
140 126 3
143 236 2
20 124 4
90 111 4
153 104 4
172 299 3
46 282 3
188 182 3
329 239 3
207 243 2
264 15 2
114 184 3
184 177 3
60 24 3
336 301 4
10000
0
0
0
0
0
0
0
0
0
0
0
0
0
0
0
0
0
0
0
0
0
0
0
0
0
0
0
0
0
0
0
0
0
0
0
0
0
0
0
0
0
0
0
0
0
0
0
0
0
0
0
0
0
0
0
0
0
0
0
0
0
0
0
0
0
1
1 45
0
0
0
0
0
0
0
0
0
0
0
0
0
0
0
0
0
0
0
0
0
0
0
0
0
0
0
0
0
0
1
2 266
0
0
0
0
0
0
0
0
0
0
0
0
0
0
0
0
0
0
0
0
0
0
0
0
0
0
0
0
0
0
0
0
0
0
0
0
0
0
0
0
0
0
0
0
0
0
0
0
0
0
0
0
0
0
0
0
0
0
0
0
0
0
0
0
0
0
0
0
0
0
0
0
0
0
0
0
0
0
0
0
0
0
0
0
0
0
0
0
0
0
0
0
0
0
0
0
0
0
0
0
0
0
0
0
0
0
0
0
0
1
3 251
0
0
0
0
0
0
0
0
1
4 322
0
0
0
0
0
0
0
0
0
1
5 251
0
0
0
0
0
0
0
0
0
0
0
0
0
0
0
0
0
0
1
6 150
0
0
0
0
0
0
0
0
0
0
0
0
0
1
7 268
0
0
0
0
0
0
0
0
0
0
0
0
0
0
0
1
8 101
0
0
1
9 11
0
0
0
0
0
0
0
0
0
0
0
0
0
0
0
0
0
1
10 58
0
0
0
0
0
0
0
0
0
0
0
0
0
0
0
0
1
11 191
0
0
0
0
0
0
0
0
0
0
0
0
0
1
12 321
0
0
0
0
0
0
0
0
0
0
0
0
0
0
0
0
0
0
0
0
0
0
0
0
0
0
0
0
0
0
1
13 333
0
0
0
0
0
0
0
0
0
0
0
0
0
0
0
0
0
0
0
1
14 10
0
0
0
0
0
0
0
0
0
0
0
0
0
0
0
0
0
0
0
0
0
0
0
0
0
0
1
15 136
0
0
0
0
0
1
16 20
0
0
0
0
0
0
1
17 42
0
0
0
0
0
0
0
0
0
0
0
0
0
0
0
0
0
0
0
0
0
0
0
0
0
0
1
18 58
0
0
0
0
0
0
0
0
0
1
19 75
0
0
0
0
0
0
0
0
0
0
1
20 76
0
0
0
0
0
0
0
0
0
0
0
0
0
0
0
0
0
0
0
0
0
0
0
0
0
0
0
0
0
0
0
0
0
0
0
1
21 54
0
0
0
0
0
0
0
0
0
0
0
0
0
0
0
1
22 89
0
0
0
0
0
0
0
0
0
0
0
0
0
0
0
0
0
1
23 99
0
0
0
0
0
0
0
0
0
0
0
0
0
0
0
1
24 265
0
0
0
0
0
0
0
0
0
0
0
0
0
0
0
0
0
0
0
0
1
25 323
0
0
0
0
0
1
26 231
0
0
1
27 115
0
0
0
0
0
0
0
0
0
0
0
0
1
28 235
0
0
0
0
1
29 133
0
1
30 162
0
0
0
0
0
0
0
0
0
0
0
0
0
0
0
0
0
0
0
1
31 209
0
0
0
1
32 344
0
0
0
0
0
0
0
0
1
33 53
0
0
0
0
0
0
0
0
0
0
0
0
0
0
0
0
0
0
0
0
0
0
0
0
0
0
0
0
0
0
0
0
0
1
34 100
0
0
0
0
0
0
0
0
0
0
0
0
0
0
0
0
1
35 212
0
0
0
0
0
0
0
0
0
0
0
0
1
36 194
0
0
0
0
0
0
0
0
0
1
37 303
0
0
0
1
38 87
0
0
0
0
0
0
0
0
0
0
0
0
0
0
0
0
0
0
1
39 12
1
40 171
0
0
0
0
1
41 264
0
1
42 155
0
0
0
0
0
0
0
1
43 164
0
0
0
0
0
0
0
1
44 8
0
0
0
0
0
0
0
0
0
1
45 141
1
46 299
0
0
0
1
47 120
0
0
0
0
0
0
0
1
48 71
0
0
0
0
0
1
49 134
0
0
0
0
0
0
0
0
0
0
0
1
50 236
0
0
0
0
0
0
0
0
0
0
0
1
51 216
0
0
0
0
1
52 344
0
0
0
0
1
53 85
0
1
54 93
0
0
1
55 103
1
56 200
0
0
0
0
0
0
1
57 46
0
0
0
0
1
58 12
0
0
1
59 305
0
0
0
0
1
60 214
0
0
0
0
0
0
0
0
0
0
0
0
0
0
0
0
0
0
0
0
1
61 211
1
62 155
0
0
0
1
63 328
0
0
0
0
0
1
64 195
0
1
65 68
0
1
66 245
0
0
0
0
0
0
0
0
0
0
0
0
0
0
0
1
67 157
0
1
68 279
0
0
0
1
69 185
1
70 135
0
0
0
0
0
0
0
0
0
1
71 4
0
0
0
0
0
1
72 121
0
0
0
0
0
0
0
0
0
0
0
0
0
1
73 121
0
0
0
0
0
0
0
0
0
0
0
0
0
0
0
0
1
74 83
1
75 306
0
1
76 60
0
0
1
77 298
1
78 195
0
0
1
79 80
0
0
0
0
1
80 224
0
0
0
0
0
0
0
0
0
0
1
81 38
0
0
0
0
0
0
0
0
0
1
82 15
0
0
1
83 106
0
0
0
0
1
84 293
0
0
0
0
0
0
0
0
0
0
0
0
0
0
0
0
1
85 230
0
1
86 9
0
0
0
0
0
0
0
0
0
0
0
1
87 31
0
0
0
1
88 206
0
0
0
0
0
0
1
89 308
1
90 244
0
0
0
0
0
0
0
0
1
91 74
0
0
0
0
0
0
0
0
0
0
0
0
0
0
0
0
0
1
92 245
1
93 208
0
0
1
94 3
0
0
0
1
95 208
0
1
96 324
1
97 339
0
0
0
0
0
0
1
98 317
1
99 300
0
0
1
100 77
0
0
0
0
0
0
0
0
0
0
0
0
1
101 39
0
0
0
0
0
0
0
0
0
0
0
1
102 41
0
0
0
0
0
0
1
103 38
0
0
0
0
0
0
1
104 259
0
0
0
0
0
0
0
0
0
1
105 39
0
0
0
0
0
0
0
0
0
0
0
1
106 76
0
0
1
107 340
0
0
0
0
0
1
108 220
0
0
0
0
0
0
0
0
0
1
109 73
0
0
0
0
0
1
110 180
0
0
1
111 272
1
112 242
0
0
1
113 100
0
0
0
0
1
114 236
1
115 83
0
0
0
1
116 326
0
0
0
0
0
0
0
0
0
0
0
0
0
0
0
0
1
117 262
0
1
118 242
0
0
1
119 168
0
0
0
1
120 295
0
0
0
0
0
0
1
121 27
0
1
122 325
0
1
123 305
0
0
1
124 289
0
0
0
0
0
0
0
0
0
0
0
0
1
125 292
0
1
126 317
0
0
0
1
127 311
0
0
0
0
0
0
0
0
0
0
0
0
0
0
1
128 60
0
1
129 331
0
0
0
0
0
0
0
0
0
0
0
0
1
130 132
0
0
0
0
0
1
131 99
0
0
0
0
1
132 253
1
133 215
0
0
0
0
1
134 54
1
135 103
0
0
0
0
0
0
0
0
0
0
0
1
136 213
1
137 71
0
0
0
0
0
0
0
1
138 11
0
0
0
0
0
0
0
0
0
0
0
0
0
1
139 160
1
140 210
0
0
0
0
1
141 49
0
0
1
142 255
0
1
143 116
0
1
144 58
0
0
0
0
0
0
0
1
145 262
0
1
146 218
0
0
0
0
1
147 320
0
0
0
0
1
148 39
0
0
0
0
1
149 209
0
0
1
150 302
0
0
0
0
0
0
1
151 7
0
0
1
152 283
0
0
0
0
0
0
0
0
0
0
0
0
0
0
0
0
0
0
0
0
1
153 55
0
1
154 288
1
155 81
0
1
156 242
0
1
157 228
1
158 225
0
1
159 257
0
0
0
0
1
160 38
0
0
0
1
161 88
0
0
0
1
162 9
0
0
1
163 259
1
164 343
1
165 313
1
166 88
0
1
167 91
0
1
168 88
0
1
169 203
0
0
0
0
0
1
170 83
0
0
0
0
1
171 214
0
0
0
0
0
0
1
172 190
0
0
0
0
0
0
0
0
1
173 269
0
1
174 82
0
0
1
175 336
0
0
0
0
0
0
0
1
176 100
0
0
1
177 221
0
1
178 205
0
0
0
0
0
0
0
0
1
179 273
0
1
180 232
1
181 192
0
0
0
0
1
182 19
1
183 78
0
0
0
0
0
1
184 40
1
185 79
0
1
186 131
0
0
0
1
187 112
0
0
0
0
0
0
0
1
188 215
0
0
0
0
1
189 101
0
1
190 134
0
0
0
0
0
1
191 215
0
0
0
1
192 154
0
0
0
1
193 191
0
1
194 284
0
0
0
0
0
0
0
1
195 221
1
196 2
0
0
0
1
197 120
0
0
0
1
198 4
0
1
199 151
0
0
1
200 219
1
201 220
0
0
0
1
202 203
1
203 25
0
0
0
1
204 184
0
0
1
205 219
0
1
206 236
0
0
0
0
0
0
0
0
0
0
0
0
1
207 314
0
0
0
0
0
0
0
0
0
1
208 24
0
1
209 182
0
0
0
1
210 221
1
211 20
0
0
1
212 229
0
1
213 296
0
1
214 221
0
0
0
0
1
215 173
0
0
0
0
0
0
0
0
0
0
0
0
1
216 17
1
217 96
0
0
0
0
0
1
218 120
0
0
0
0
0
1
219 194
0
1
220 324
0
0
0
0
0
1
221 64
0
0
0
1
222 10
0
1
223 244
0
0
1
224 169
0
0
0
0
1
225 55
0
0
0
0
0
0
0
0
1
226 329
1
227 232
0
0
1
228 148
0
0
0
0
0
1
229 176
0
1
230 310
0
1
231 107
1
232 268
0
1
233 295
0
0
0
1
234 213
0
1
235 137
1
236 16
0
0
0
0
0
0
1
237 320
0
0
1
238 39
1
239 90
0
0
0
0
1
240 105
0
1
241 38
0
0
0
0
0
0
1
242 158
0
0
0
1
243 102
0
0
0
0
0
0
0
1
244 151
0
0
1
245 131
1
246 196
1
247 55
0
0
0
0
0
1
248 10
0
0
0
1
249 223
0
0
0
0
1
250 126
0
0
1
251 53
0
0
0
0
0
0
0
0
1
252 7
0
0
0
0
0
0
0
1
253 99
0
0
0
0
0
1
254 234
0
1
255 11
1
256 286
0
1
257 176
0
1
258 162
1
259 331
1
260 106
0
1
261 82
1
262 145
0
1
263 107
0
0
0
0
0
0
0
0
0
0
0
0
1
264 83
0
1
265 180
1
266 285
0
0
0
1
267 203
0
0
0
0
0
0
0
1
268 11
0
0
1
269 5
1
270 332
0
0
0
1
271 200
0
1
272 160
0
0
0
1
273 154
0
1
274 257
0
0
0
1
275 199
1
276 258
0
0
1
277 136
0
0
0
0
1
278 98
0
0
1
279 283
1
280 136
0
0
1
281 327
0
0
0
0
0
0
1
282 321
0
1
283 149
0
0
0
0
0
0
1
284 33
0
0
1
285 41
1
286 337
0
0
1
287 316
1
288 97
1
289 257
0
0
1
290 102
1
291 314
0
0
0
0
1
292 268
0
1
293 191
0
0
0
0
0
0
1
294 20
1
295 277
0
0
0
0
0
0
0
0
0
0
0
0
0
0
0
1
296 227
0
0
0
0
0
0
0
1
297 55
0
0
1
298 272
1
299 296
1
300 72
0
0
1
301 116
0
0
0
0
1
302 134
1
303 232
0
0
1
304 220
1
305 172
0
1
306 197
1
307 103
0
0
1
308 116
1
309 170
1
310 318
1
311 302
1
312 197
0
1
313 242
0
0
0
1
314 331
0
1
315 152
0
0
1
316 328
0
1
317 330
0
0
0
0
0
0
0
0
0
1
318 97
0
0
1
319 314
0
0
1
320 103
1
321 338
1
322 314
0
0
1
323 18
0
0
0
0
1
324 225
0
0
1
325 57
1
326 142
0
0
0
0
1
327 102
0
1
328 191
1
329 310
0
0
0
1
330 220
1
331 336
0
0
1
332 53
1
333 80
0
0
0
0
0
0
0
1
334 49
0
0
0
1
335 53
1
336 149
0
0
0
0
0
1
337 207
1
338 127
0
0
0
1
339 95
1
340 16
1
341 260
0
1
342 33
0
1
343 287
0
1
344 297
0
0
1
345 194
0
0
0
1
346 156
0
0
0
0
1
347 276
0
0
0
0
1
348 229
0
1
349 278
1
350 130
0
0
0
0
0
1
351 151
1
352 242
1
353 65
0
0
0
0
0
0
0
1
354 129
0
1
355 83
0
0
0
0
1
356 282
1
357 176
0
1
358 317
0
0
0
0
0
1
359 312
1
360 6
0
0
0
0
1
361 110
0
0
0
0
1
362 28
0
1
363 107
0
0
0
0
0
1
364 203
1
365 197
0
0
0
0
0
0
0
0
1
366 252
0
0
0
0
0
0
0
0
0
1
367 295
0
0
1
368 270
0
0
0
0
0
0
0
1
369 176
1
370 306
0
0
0
0
0
0
1
371 33
0
0
0
0
1
372 89
0
0
0
1
373 332
1
374 260
0
0
1
375 205
0
1
376 175
0
1
377 261
1
378 220
1
379 69
0
0
0
0
1
380 11
0
1
381 280
0
0
0
0
0
1
382 301
1
383 148
0
1
384 14
0
0
0
1
385 107
0
0
0
0
1
386 79
0
0
1
387 67
0
0
0
1
388 8
0
0
0
0
1
389 205
1
390 203
1
391 123
1
392 223
0
1
393 41
0
0
0
0
1
394 2
1
395 195
1
396 201
0
0
1
397 329
0
1
398 50
1
399 312
0
0
1
400 182
0
1
401 238
0
1
402 241
0
0
0
1
403 170
1
404 260
1
405 225
0
1
406 320
0
0
1
407 259
1
408 230
0
0
0
1
409 224
0
0
0
1
410 11
0
1
411 45
0
0
1
412 58
1
413 8
0
0
0
0
0
1
414 223
1
415 138
1
416 56
1
417 319
0
1
418 162
0
0
0
0
0
1
419 26
0
1
420 172
1
421 103
0
0
1
422 111
1
423 71
1
424 206
0
0
0
0
1
425 239
0
1
426 322
0
1
427 181
1
428 60
0
0
0
1
429 220
1
430 285
0
0
0
0
0
1
431 155
1
432 61
0
0
1
433 100
0
1
434 95
0
1
435 232
0
1
436 255
0
1
437 233
1
438 293
0
0
0
1
439 299
0
0
0
1
440 158
1
441 64
0
1
442 37
0
0
0
1
443 37
0
0
0
0
1
444 144
0
1
445 83
0
0
0
0
0
1
446 68
0
1
447 91
0
1
448 310
0
1
449 117
1
450 177
0
1
451 305
0
1
452 255
0
0
0
1
453 188
0
0
0
0
1
454 22
1
455 341
1
456 102
1
457 48
0
1
458 298
0
0
0
1
459 26
0
0
0
1
460 216
0
1
461 308
0
0
0
1
462 265
1
463 159
1
464 311
0
0
1
465 307
1
466 181
1
467 20
1
468 34
1
469 51
0
1
470 18
0
0
1
471 74
0
1
472 308
0
1
473 119
0
1
474 278
1
475 189
0
0
1
476 253
1
477 159
0
0
0
1
478 164
1
479 37
1
480 257
0
1
481 227
0
1
482 309
1
483 275
1
484 50
0
0
1
485 204
1
486 344
1
487 203
0
1
488 156
0
1
489 39
0
0
1
490 52
1
491 320
0
1
492 249
0
0
1
493 153
0
1
494 240
0
1
495 200
0
0
0
0
1
496 275
1
497 7
0
1
498 239
0
1
499 95
1
500 187
1
501 217
1
502 174
0
1
503 94
0
1
504 245
1
505 295
1
506 146
0
0
0
0
0
1
507 290
0
1
508 101
1
509 124
0
0
1
510 298
0
1
511 326
0
0
1
512 82
0
0
0
1
513 342
1
514 331
0
0
0
0
0
0
0
0
1
515 275
1
516 15
0
0
0
1
517 161
0
1
518 6
0
0
1
519 254
0
0
0
1
520 96
0
1
521 330
0
0
0
0
1
522 27
1
523 265
0
1
524 319
0
0
0
1
525 193
1
526 60
0
1
527 76
1
528 55
0
0
0
1
529 74
0
0
0
0
1
530 229
1
531 57
0
1
532 138
1
533 91
0
0
0
1
534 63
0
1
535 72
0
1
536 43
0
0
0
0
0
1
537 84
1
538 170
0
1
539 195
0
0
1
540 196
0
0
1
541 242
0
0
1
542 41
0
1
543 82
0
0
0
0
0
1
544 43
1
545 344
1
546 257
1
547 117
0
0
0
0
1
548 12
0
0
1
549 158
1
550 117
0
1
551 188
1
552 64
1
553 62
0
0
1
554 53
0
0
0
0
1
555 195
1
556 131
1
557 285
1
558 234
0
0
1
559 320
1
560 77
0
0
1
561 63
0
1
562 96
1
563 91
0
0
0
0
1
564 180
0
0
0
1
565 345
1
566 241
0
0
0
1
567 297
1
568 35
0
0
0
1
569 45
0
0
1
570 72
1
571 175
0
0
0
1
572 102
0
0
0
0
1
573 286
0
0
1
574 331
0
0
0
1
575 65
0
0
0
0
0
0
1
576 8
1
577 266
1
578 233
1
579 192
0
0
1
580 274
0
0
0
0
0
0
0
0
1
581 77
0
0
0
0
1
582 14
1
583 151
1
584 82
0
1
585 62
0
1
586 63
1
587 189
1
588 8
0
1
589 37
0
0
0
1
590 234
0
1
591 19
1
592 93
1
593 266
0
1
594 27
1
595 195
0
0
0
1
596 81
0
0
1
597 70
0
0
0
0
1
598 5
0
0
0
0
0
0
0
1
599 35
0
0
0
1
600 186
0
0
1
601 218
1
602 135
0
0
0
1
603 312
1
604 191
0
0
0
0
1
605 312
0
0
0
0
0
0
0
1
606 185
1
607 172
0
0
0
0
1
608 162
0
0
1
609 254
0
1
610 7
0
0
1
611 302
0
1
612 124
1
613 266
1
614 205
1
615 91
0
0
1
616 263
0
1
617 196
0
0
1
618 58
0
1
619 147
0
1
620 63
0
0
1
621 102
0
1
622 266
0
0
0
0
0
0
1
623 59
1
624 86
1
625 71
0
1
626 212
1
627 150
1
628 78
0
1
629 319
0
0
1
630 117
0
1
631 10
0
1
632 261
0
1
633 295
1
634 166
1
635 270
0
1
636 73
1
637 294
1
638 201
1
639 74
0
0
0
0
0
0
0
1
640 193
1
641 126
0
1
642 236
1
643 242
1
644 72
0
1
645 50
1
646 5
1
647 309
1
648 322
0
0
0
0
1
649 116
0
0
0
0
0
0
1
650 147
1
651 182
1
652 229
0
0
0
0
0
1
653 37
1
654 208
1
655 87
0
0
0
1
656 17
1
657 111
0
1
658 91
1
659 136
1
660 27
0
1
661 343
1
662 34
1
663 308
0
0
0
0
0
0
0
0
1
664 21
1
665 275
1
666 54
1
667 286
1
668 259
1
669 150
1
670 23
1
671 21
0
0
0
0
1
672 100
0
1
673 272
1
674 31
0
0
0
1
675 288
0
0
0
1
676 141
0
0
0
0
1
677 168
1
678 266
0
0
0
1
679 79
0
1
680 270
1
681 9
1
682 287
1
683 336
1
684 98
0
1
685 130
0
1
686 255
0
1
687 105
0
0
0
0
0
1
688 305
0
1
689 36
0
1
690 39
1
691 4
1
692 25
1
693 156
1
694 184
0
1
695 158
1
696 40
0
0
1
697 188
1
698 14
0
1
699 187
0
0
1
700 154
0
1
701 127
0
1
702 85
1
703 37
0
1
704 56
0
0
0
1
705 8
1
706 296
0
1
707 111
0
0
1
708 288
0
0
0
1
709 249
0
0
0
0
0
0
0
1
710 193
1
711 176
1
712 286
0
1
713 292
1
714 83
1
715 41
1
716 246
1
717 272
1
718 205
0
0
0
0
1
719 223
0
0
1
720 336
1
721 159
1
722 237
1
723 115
0
1
724 221
1
725 173
1
726 167
0
1
727 152
1
728 223
0
0
0
0
1
729 136
1
730 118
1
731 55
0
0
1
732 169
0
0
0
0
0
0
1
733 146
1
734 143
0
0
0
0
1
735 242
1
736 33
1
737 191
0
1
738 147
0
1
739 268
1
740 23
1
741 52
1
742 248
1
743 28
0
1
744 116
0
1
745 276
1
746 161
0
1
747 208
1
748 291
0
1
749 51
1
750 251
0
1
751 135
0
0
1
752 313
0
0
0
0
1
753 331
0
1
754 280
1
755 183
1
756 341
1
757 109
1
758 336
0
0
0
0
0
0
0
1
759 36
1
760 292
1
761 295
0
0
0
0
0
0
0
1
762 259
0
1
763 76
1
764 120
0
0
1
765 9
0
1
766 241
1
767 203
0
0
0
0
1
768 283
1
769 77
1
770 121
1
771 339
0
1
772 105
1
773 242
1
774 41
1
775 143
1
776 166
1
777 116
0
0
0
0
1
778 290
0
0
0
1
779 96
1
780 216
0
0
0
0
0
1
781 160
0
0
1
782 261
1
783 44
0
1
784 213
0
0
1
785 191
0
0
1
786 305
1
787 311
0
0
1
788 336
1
789 282
1
790 99
0
1
791 168
0
0
0
1
792 123
0
0
1
793 260
1
794 240
1
795 91
1
796 320
0
0
1
797 47
1
798 191
1
799 83
1
800 53
0
0
1
801 128
0
0
0
0
0
1
802 208
1
803 255
0
1
804 10
1
805 49
0
0
0
1
806 206
0
1
807 239
1
808 63
1
809 13
0
0
1
810 153
1
811 64
1
812 255
1
813 285
1
814 240
0
0
1
815 301
0
1
816 189
1
817 165
0
1
818 186
1
819 317
0
1
820 162
1
821 317
1
822 116
1
823 110
0
1
824 103
0
1
825 341
1
826 194
1
827 289
1
828 148
0
0
0
1
829 294
1
830 218
0
1
831 46
0
1
832 322
0
1
833 329
0
1
834 249
1
835 99
0
0
1
836 80
0
0
1
837 139
1
838 65
1
839 53
1
840 202
1
841 208
1
842 11
0
1
843 283
1
844 257
1
845 236
1
846 117
0
0
0
0
1
847 167
1
848 278
1
849 255
0
1
850 35
1
851 136
1
852 93
0
1
853 36
0
1
854 79
0
1
855 113
0
0
0
1
856 53
0
1
857 83
0
1
858 206
0
1
859 127
1
860 8
1
861 53
1
862 241
1
863 345
0
0
0
0
0
1
864 171
1
865 321
0
1
866 131
0
0
0
0
0
1
867 120
1
868 82
1
869 54
0
1
870 168
1
871 161
1
872 114
0
1
873 252
0
1
874 216
0
1
875 290
1
876 332
1
877 227
0
1
878 8
0
1
879 324
1
880 203
1
881 325
0
0
1
882 131
0
1
883 288
0
1
884 40
1
885 184
1
886 279
0
1
887 58
0
0
1
888 39
0
1
889 212
0
0
0
1
890 116
1
891 265
1
892 309
1
893 175
0
0
1
894 258
0
0
1
895 267
0
1
896 329
1
897 42
0
0
1
898 329
0
0
0
0
0
0
0
0
1
899 236
0
1
900 56
1
901 64
1
902 213
1
903 300
0
1
904 191
1
905 167
0
1
906 145
1
907 344
1
908 53
0
1
909 92
1
910 91
0
0
1
911 22
1
912 326
1
913 333
1
914 89
1
915 9
0
0
1
916 90
1
917 308
1
918 52
0
0
1
919 162
0
1
920 315
1
921 285
0
1
922 246
0
1
923 204
0
1
924 117
1
925 29
1
926 291
1
927 128
0
0
0
0
1
928 160
1
929 172
0
1
930 112
1
931 337
1
932 307
0
1
933 122
1
934 182
1
935 230
0
1
936 116
0
1
937 153
1
938 301
0
0
1
939 44
0
1
940 324
1
941 255
1
942 217
1
943 25
1
944 279
1
945 58
1
946 61
1
947 69
1
948 196
1
949 273
1
950 154
0
0
1
951 9
1
952 181
0
1
953 338
0
0
0
1
954 60
0
0
1
955 220
1
956 312
1
957 219
0
0
0
1
958 233
1
959 294
0
1
960 219
1
961 314
0
0
0
1
962 9
1
963 221
0
1
964 164
1
965 201
1
966 190
1
967 302
0
1
968 33
0
1
969 120
1
970 192
1
971 2
1
972 295
1
973 245
1
974 164
1
975 175
0
0
0
0
1
976 91
1
977 186
0
0
1
978 86
0
1
979 12
0
1
980 223
0
1
981 343
1
982 239
0
1
983 153
1
984 161
0
1
985 271
0
0
0
0
0
0
1
986 194
0
1
987 150
1
988 311
0
0
1
989 242
1
990 114
0
0
1
991 122
1
992 279
0
0
1
993 135
1
994 33
1
995 263
1
996 93
1
997 148
1
998 125
0
0
0
1
999 229
0
0
1
1000 55
0
1
1001 321
0
1
1002 292
1
1003 217
1
1004 53
1
1005 185
1
1006 254
1
1007 113
1
1008 78
0
0
1
1009 317
1
1010 257
0
0
1
1011 259
1
1012 237
0
0
1
1013 134
0
0
0
1
1014 95
0
0
0
1
1015 168
1
1016 137
0
0
1
1017 331
1
1018 312
1
1019 140
0
1
1020 248
1
1021 139
0
0
1
1022 174
1
1023 224
1
1024 22
1
1025 33
0
0
1
1026 143
0
1
1027 283
1
1028 65
0
1
1029 175
1
1030 55
1
1031 110
0
0
1
1032 142
0
1
1033 116
0
0
1
1034 37
0
0
1
1035 58
1
1036 34
0
0
1
1037 293
0
1
1038 149
1
1039 330
1
1040 62
0
0
1
1041 126
1
1042 68
1
1043 79
0
0
1
1044 280
1
1045 257
1
1046 217
0
1
1047 333
1
1048 234
1
1049 108
0
0
0
1
1050 116
1
1051 106
1
1052 259
0
1
1053 139
0
1
1054 77
0
0
0
1
1055 107
0
1
1056 242
1
1057 293
0
1
1058 268
1
1059 331
1
1060 309
0
0
1
1061 271
0
0
1
1062 52
1
1063 260
0
1
1064 99
1
1065 272
0
0
1
1066 87
1
1067 203
1
1068 339
1
1069 39
1
1070 264
0
1
1071 344
1
1072 173
0
0
1
1073 233
1
1074 98
0
1
1075 139
1
1076 195
1
1077 53
1
1078 272
0
0
1
1079 160
0
0
1
1080 3
1
1081 125
0
0
0
0
0
1
1082 77
0
0
1
1083 282
1
1084 205
0
0
0
1
1085 39
1
1086 212
1
1087 293
1
1088 41
1
1089 329
1
1090 178
0
0
0
0
0
0
1
1091 190
0
0
0
0
0
1
1092 15
1
1093 262
1
1094 268
1
1095 129
0
1
1096 322
1
1097 309
1
1098 47
0
1
1099 16
0
0
0
0
0
0
1
1100 321
0
1
1101 257
0
1
1102 21
0
0
0
1
1103 320
0
1
1104 181
1
1105 320
0
1
1106 193
1
1107 98
0
0
1
1108 174
1
1109 251
1
1110 284
0
0
0
0
0
1
1111 230
0
1
1112 163
0
0
1
1113 155
1
1114 135
0
0
1
1115 170
1
1116 79
0
0
0
1
1117 282
0
0
0
1
1118 108
0
1
1119 261
1
1120 321
0
1
1121 82
0
0
1
1122 275
0
0
0
1
1123 254
1
1124 221
0
1
1125 88
0
1
1126 312
0
0
1
1127 105
0
1
1128 52
1
1129 163
1
1130 295
1
1131 95
0
0
1
1132 325
1
1133 132
1
1134 109
0
0
0
1
1135 81
1
1136 47
1
1137 109
1
1138 74
1
1139 11
0
0
1
1140 110
1
1141 208
0
0
0
0
0
0
1
1142 308
0
0
1
1143 91
0
0
1
1144 196
1
1145 278
0
0
1
1146 221
1
1147 178
1
1148 338
0
1
1149 156
0
0
0
1
1150 278
1
1151 80
0
0
0
1
1152 271
0
0
1
1153 268
0
0
0
0
1
1154 79
1
1155 90
1
1156 17
1
1157 11
0
1
1158 149
0
1
1159 33
1
1160 233
1
1161 136
0
1
1162 280
1
1163 41
1
1164 289
0
0
1
1165 197
1
1166 196
0
1
1167 173
1
1168 334
1
1169 159
0
1
1170 87
1
1171 268
1
1172 251
1
1173 168
0
0
1
1174 40
1
1175 172
0
0
0
0
1
1176 296
1
1177 61
0
0
0
0
1
1178 218
0
1
1179 82
0
1
1180 319
1
1181 143
0
1
1182 87
0
1
1183 62
0
1
1184 34
1
1185 320
0
1
1186 72
1
1187 340
0
1
1188 257
1
1189 115
1
1190 257
1
1191 170
0
1
1192 138
1
1193 109
1
1194 262
1
1195 167
1
1196 58
1
1197 191
1
1198 118
0
1
1199 201
1
1200 31
1
1201 144
0
0
0
1
1202 103
1
1203 164
0
0
1
1204 315
0
0
1
1205 91
1
1206 333
0
1
1207 31
0
1
1208 139
1
1209 296
0
1
1210 79
0
0
0
0
1
1211 46
0
1
1212 119
1
1213 162
0
1
1214 18
1
1215 159
1
1216 12
0
1
1217 87
1
1218 263
0
0
0
1
1219 180
1
1220 146
1
1221 318
0
1
1222 319
1
1223 129
1
1224 305
0
1
1225 160
1
1226 129
1
1227 269
1
1228 205
1
1229 107
1
1230 82
1
1231 257
1
1232 40
1
1233 242
0
0
1
1234 275
0
1
1235 259
0
1
1236 292
1
1237 48
1
1238 221
0
0
1
1239 276
1
1240 339
1
1241 90
0
1
1242 160
1
1243 261
0
0
0
0
0
1
1244 210
0
1
1245 292
0
0
1
1246 260
0
0
1
1247 250
0
1
1248 286
0
1
1249 255
1
1250 246
1
1251 253
0
1
1252 318
0
0
1
1253 135
1
1254 255
0
1
1255 82
1
1256 99
1
1257 222
0
0
1
1258 26
0
0
0
1
1259 2
1
1260 299
1
1261 218
1
1262 240
0
1
1263 85
0
1
1264 335
1
1265 192
1
1266 106
0
1
1267 171
0
0
1
1268 175
0
0
1
1269 25
1
1270 202
0
1
1271 221
1
1272 304
0
1
1273 51
1
1274 317
1
1275 166
1
1276 231
1
1277 104
1
1278 305
1
1279 92
0
0
1
1280 160
1
1281 236
0
1
1282 306
0
1
1283 157
0
1
1284 212
1
1285 202
1
1286 184
1
1287 286
1
1288 181
0
1
1289 232
1
1290 330
0
1
1291 221
1
1292 247
1
1293 68
1
1294 174
0
0
0
1
1295 183
1
1296 298
1
1297 312
1
1298 233
0
1
1299 94
1
1300 237
0
1
1301 67
1
1302 34
0
0
1
1303 255
1
1304 116
1
1305 227
1
1306 210
1
1307 274
1
1308 94
0
1
1309 315
0
1
1310 300
1
1311 121
1
1312 228
0
1
1313 79
0
1
1314 145
1
1315 46
0
0
0
0
0
1
1316 305
0
1
1317 11
1
1318 25
1
1319 93
1
1320 10
1
1321 239
0
0
0
0
1
1322 159
1
1323 268
1
1324 294
0
1
1325 328
1
1326 108
1
1327 20
0
0
1
1328 253
0
1
1329 212
0
1
1330 221
1
1331 319
1
1332 56
1
1333 222
1
1334 29
0
1
1335 6
0
1
1336 298
0
1
1337 289
0
0
0
0
0
0
0
1
1338 183
1
1339 176
1
1340 208
0
0
0
1
1341 268
0
0
0
1
1342 160
1
1343 56
0
1
1344 11
0
1
1345 67
1
1346 115
0
0
0
1
1347 109
1
1348 135
0
1
1349 120
0
1
1350 106
1
1351 108
0
1
1352 323
1
1353 243
1
1354 71
1
1355 228
1
1356 83
1
1357 141
1
1358 67
1
1359 104
1
1360 256
0
0
0
0
0
0
1
1361 58
1
1362 7
1
1363 48
0
1
1364 82
0
1
1365 343
0
1
1366 266
0
1
1367 112
1
1368 305
1
1369 327
1
1370 259
1
1371 7
0
1
1372 75
1
1373 209
0
0
1
1374 82
1
1375 227
0
1
1376 326
0
1
1377 196
1
1378 189
1
1379 82
1
1380 314
1
1381 122
1
1382 314
0
0
1
1383 324
0
1
1384 51
1
1385 99
1
1386 342
1
1387 328
0
0
0
0
1
1388 274
0
0
1
1389 131
0
1
1390 88
1
1391 114
1
1392 116
0
1
1393 53
0
1
1394 344
1
1395 276
1
1396 178
1
1397 294
1
1398 144
1
1399 15
1
1400 252
0
1
1401 156
0
0
0
1
1402 86
1
1403 79
1
1404 44
0
1
1405 128
1
1406 111
1
1407 178
1
1408 312
1
1409 304
1
1410 200
1
1411 2
0
0
1
1412 178
1
1413 327
0
1
1414 162
0
0
1
1415 218
1
1416 261
1
1417 183
1
1418 179
1
1419 320
1
1420 99
1
1421 40
1
1422 307
1
1423 274
0
0
1
1424 57
1
1425 9
0
0
1
1426 101
1
1427 189
1
1428 94
1
1429 298
1
1430 263
0
1
1431 194
0
1
1432 51
0
1
1433 135
1
1434 313
1
1435 185
1
1436 181
1
1437 80
1
1438 199
0
1
1439 108
1
1440 261
1
1441 335
1
1442 255
0
0
1
1443 74
1
1444 282
0
1
1445 212
0
1
1446 153
1
1447 314
0
1
1448 119
1
1449 266
0
1
1450 70
0
1
1451 87
1
1452 63
0
1
1453 199
1
1454 330
0
0
1
1455 31
0
1
1456 344
1
1457 125
0
1
1458 194
1
1459 294
0
1
1460 181
1
1461 113
1
1462 98
1
1463 96
0
1
1464 216
0
1
1465 180
1
1466 210
1
1467 305
1
1468 173
1
1469 147
1
1470 97
1
1471 4
1
1472 181
0
0
1
1473 332
0
1
1474 24
0
0
0
1
1475 129
0
1
1476 161
0
1
1477 150
1
1478 335
1
1479 88
0
1
1480 82
1
1481 21
1
1482 159
0
1
1483 181
1
1484 343
1
1485 274
1
1486 130
0
1
1487 156
1
1488 94
1
1489 177
1
1490 280
0
0
1
1491 53
1
1492 25
1
1493 246
0
1
1494 237
0
0
1
1495 5
1
1496 338
1
1497 281
1
1498 319
1
1499 143
1
1500 341
1
1501 156
1
1502 187
1
1503 156
1
1504 196
1
1505 156
0
1
1506 285
0
1
1507 64
1
1508 266
1
1509 75
1
1510 174
1
1511 263
1
1512 285
1
1513 187
1
1514 199
0
1
1515 10
1
1516 110
1
1517 108
1
1518 307
1
1519 12
0
0
1
1520 113
1
1521 226
0
0
0
1
1522 271
1
1523 322
0
1
1524 174
1
1525 240
0
0
1
1526 135
1
1527 188
1
1528 198
1
1529 116
1
1530 124
1
1531 180
1
1532 44
1
1533 40
1
1534 39
1
1535 181
1
1536 285
1
1537 95
0
0
1
1538 158
1
1539 234
1
1540 78
1
1541 145
1
1542 340
1
1543 242
1
1544 166
0
1
1545 231
0
1
1546 54
1
1547 301
1
1548 2
0
0
1
1549 150
1
1550 267
0
0
1
1551 36
1
1552 235
1
1553 92
1
1554 318
1
1555 275
0
1
1556 301
1
1557 142
1
1558 11
1
1559 190
1
1560 117
1
1561 290
1
1562 222
1
1563 205
0
1
1564 167
1
1565 260
1
1566 202
1
1567 99
1
1568 45
0
1
1569 210
1
1570 82
0
1
1571 32
0
1
1572 232
1
1573 57
1
1574 174
1
1575 163
1
1576 280
1
1577 147
0
1
1578 12
1
1579 81
1
1580 85
1
1581 46
1
1582 74
1
1583 163
1
1584 224
1
1585 119
1
1586 232
1
1587 55
0
0
1
1588 320
0
1
1589 302
0
0
1
1590 52
1
1591 56
1
1592 13
1
1593 233
1
1594 111
1
1595 336
1
1596 129
0
1
1597 219
1
1598 6
1
1599 64
0
0
0
0
1
1600 339
1
1601 64
0
1
1602 96
1
1603 53
0
1
1604 296
1
1605 116
0
0
1
1606 292
1
1607 331
1
1608 336
0
0
1
1609 35
0
0
1
1610 153
0
1
1611 44
1
1612 245
0
1
1613 212
1
1614 87
1
1615 60
0
0
1
1616 256
1
1617 99
1
1618 43
1
1619 329
1
1620 164
1
1621 317
1
1622 91
0
0
1
1623 163
1
1624 228
1
1625 5
1
1626 257
0
1
1627 303
1
1628 64
0
1
1629 164
0
0
1
1630 89
0
1
1631 181
1
1632 88
0
1
1633 284
1
1634 255
1
1635 128
1
1636 104
1
1637 189
1
1638 123
1
1639 290
0
1
1640 328
1
1641 111
1
1642 230
0
0
1
1643 233
0
1
1644 46
1
1645 303
1
1646 260
0
1
1647 198
1
1648 15
0
1
1649 277
1
1650 23
1
1651 24
1
1652 311
0
0
1
1653 36
1
1654 34
1
1655 91
0
1
1656 145
1
1657 80
1
1658 189
1
1659 14
1
1660 79
1
1661 321
0
1
1662 192
1
1663 51
0
0
1
1664 54
1
1665 178
0
1
1666 132
1
1667 120
1
1668 305
1
1669 264
1
1670 217
1
1671 131
1
1672 209
1
1673 145
1
1674 89
0
1
1675 219
1
1676 80
1
1677 115
0
0
1
1678 172
1
1679 111
1
1680 204
1
1681 323
1
1682 334
0
0
1
1683 279
0
1
1684 12
1
1685 242
1
1686 55
1
1687 172
1
1688 66
1
1689 270
1
1690 303
1
1691 56
0
0
1
1692 116
1
1693 208
1
1694 299
1
1695 285
1
1696 52
1
1697 309
1
1698 197
1
1699 257
1
1700 289
1
1701 132
0
0
1
1702 91
0
1
1703 139
0
1
1704 70
1
1705 317
1
1706 296
1
1707 150
1
1708 254
0
1
1709 159
1
1710 212
1
1711 232
1
1712 141
1
1713 336
1
1714 108
0
1
1715 224
1
1716 206
1
1717 263
1
1718 116
0
1
1719 333
0
1
1720 341
1
1721 36
0
1
1722 136
1
1723 210
0
1
1724 95
1
1725 53
0
1
1726 210
1
1727 61
1
1728 112
1
1729 258
1
1730 285
0
0
1
1731 16
1
1732 19
1
1733 60
1
1734 242
0
0
0
1
1735 265
0
1
1736 258
1
1737 220
1
1738 293
0
1
1739 229
1
1740 320
1
1741 112
0
1
1742 203
0
1
1743 37
1
1744 80
0
1
1745 196
0
1
1746 136
0
1
1747 198
0
1
1748 227
1
1749 133
1
1750 194
0
1
1751 305
0
1
1752 260
1
1753 34
1
1754 104
1
1755 161
1
1756 299
1
1757 281
1
1758 311
0
1
1759 203
0
0
1
1760 306
0
1
1761 91
1
1762 202
1
1763 31
0
1
1764 118
1
1765 164
1
1766 207
1
1767 53
1
1768 214
1
1769 220
0
1
1770 8
1
1771 289
0
1
1772 232
1
1773 208
1
1774 271
1
1775 242
1
1776 88
1
1777 274
1
1778 286
1
1779 191
0
1
1780 57
1
1781 212
1
1782 291
1
1783 226
1
1784 139
1
1785 113
1
1786 65
1
1787 118
0
1
1788 265
0
1
1789 320
1
1790 123
0
1
1791 237
1
1792 341
1
1793 265
1
1794 321
1
1795 337
1
1796 285
1
1797 234
1
1798 236
0
1
1799 63
1
1800 99
0
1
1801 255
1
1802 144
1
1803 139
1
1804 340
0
0
1
1805 344
1
1806 47
0
1
1807 72
0
0
1
1808 328
0
1
1809 256
1
1810 199
1
1811 191
0
0
1
1812 264
1
1813 106
0
1
1814 77
1
1815 252
1
1816 64
1
1817 287
1
1818 220
1
1819 125
0
1
1820 6
0
0
1
1821 119
1
1822 341
0
0
1
1823 238
1
1824 163
0
1
1825 65
1
1826 144
1
1827 187
1
1828 169
1
1829 275
1
1830 235
1
1831 83
0
1
1832 35
1
1833 77
1
1834 60
1
1835 305
1
1836 76
1
1837 230
1
1838 206
0
0
1
1839 314
1
1840 125
0
1
1841 59
1
1842 122
1
1843 278
1
1844 197
1
1845 252
1
1846 28
1
1847 136
1
1848 66
1
1849 53
1
1850 305
1
1851 116
1
1852 166
1
1853 303
1
1854 205
0
1
1855 322
0
0
1
1856 161
1
1857 60
1
1858 289
1
1859 223
1
1860 24
1
1861 191
1
1862 286
1
1863 134
0
1
1864 291
0
0
1
1865 252
0
1
1866 141
1
1867 252
1
1868 102
1
1869 92
1
1870 323
0
1
1871 331
1
1872 57
0
1
1873 203
0
1
1874 258
0
1
1875 240
1
1876 146
1
1877 101
0
0
1
1878 151
1
1879 64
1
1880 148
1
1881 204
0
1
1882 191
1
1883 244
1
1884 175
1
1885 22
0
0
0
1
1886 41
0
1
1887 165
1
1888 8
0
0
1
1889 299
1
1890 154
1
1891 198
1
1892 285
0
1
1893 336
1
1894 235
1
1895 160
0
1
1896 32
1
1897 219
1
1898 255
1
1899 83
1
1900 158
0
1
1901 282
1
1902 240
0
1
1903 167
1
1904 171
0
1
1905 239
0
1
1906 304
1
1907 128
1
1908 90
1
1909 126
1
1910 55
1
1911 74
1
1912 324
0
1
1913 278
0
0
1
1914 193
0
0
0
1
1915 3
1
1916 258
1
1917 128
0
1
1918 20
0
1
1919 11
1
1920 173
0
1
1921 256
1
1922 100
0
1
1923 303
1
1924 39
0
1
1925 108
0
0
1
1926 139
1
1927 82
1
1928 202
0
0
0
1
1929 69
1
1930 149
1
1931 339
0
1
1932 305
0
0
1
1933 126
1
1934 83
1
1935 162
1
1936 142
1
1937 283
1
1938 232
1
1939 236
1
1940 74
0
1
1941 229
1
1942 115
1
1943 333
0
1
1944 7
1
1945 201
1
1946 183
1
1947 157
1
1948 170
1
1949 81
1
1950 298
1
1951 131
0
1
1952 152
1
1953 44
1
1954 39
1
1955 262
0
0
1
1956 61
1
1957 189
1
1958 201
1
1959 24
1
1960 153
0
1
1961 86
1
1962 320
1
1963 97
1
1964 319
1
1965 204
1
1966 310
1
1967 310
1
1968 203
0
0
1
1969 36
1
1970 158
1
1971 76
1
1972 100
1
1973 311
0
1
1974 213
1
1975 50
1
1976 303
1
1977 109
1
1978 295
1
1979 297
1
1980 219
1
1981 171
1
1982 336
1
1983 37
1
1984 17
1
1985 82
0
1
1986 101
1
1987 177
1
1988 105
0
1
1989 235
0
1
1990 191
1
1991 309
1
1992 66
1
1993 299
1
1994 6
0
1
1995 107
1
1996 165
1
1997 270
0
0
0
1
1998 70
0
0
1
1999 46
1
2000 32
1
2001 143
1
2002 64
1
2003 76
1
2004 92
1
2005 101
1
2006 311
1
2007 196
1
2008 245
1
2009 32
1
2010 28
0
1
2011 255
0
0
1
2012 319
1
2013 208
0
1
2014 185
1
2015 76
1
2016 89
0
0
1
2017 340
1
2018 86
1
2019 101
1
2020 196
1
2021 86
0
1
2022 45
1
2023 185
1
2024 24
1
2025 204
1
2026 192
0
1
2027 88
0
1
2028 89
1
2029 255
1
2030 24
0
1
2031 23
1
2032 191
1
2033 307
0
0
1
2034 132
1
2035 36
1
2036 61
1
2037 243
1
2038 150
0
1
2039 153
1
2040 76
0
1
2041 60
1
2042 305
0
1
2043 34
1
2044 11
1
2045 178
1
2046 208
1
2047 171
0
1
2048 292
1
2049 270
1
2050 322
1
2051 230
1
2052 184
1
2053 223
0
0
1
2054 51
0
1
2055 155
1
2056 43
1
2057 265
1
2058 335
1
2059 280
1
2060 59
1
2061 73
1
2062 308
0
0
1
2063 23
1
2064 108
1
2065 25
0
1
2066 51
0
1
2067 261
1
2068 78
0
0
1
2069 233
1
2070 21
1
2071 327
1
2072 150
1
2073 306
1
2074 117
0
0
1
2075 79
1
2076 201
0
0
1
2077 139
1
2078 103
1
2079 291
1
2080 9
1
2081 64
1
2082 316
1
2083 325
1
2084 7
1
2085 11
1
2086 305
1
2087 144
1
2088 337
0
1
2089 136
1
2090 73
1
2091 96
1
2092 98
1
2093 150
1
2094 186
1
2095 272
1
2096 267
0
1
2097 234
1
2098 221
1
2099 314
1
2100 188
1
2101 175
1
2102 148
1
2103 280
0
1
2104 252
1
2105 345
0
1
2106 176
1
2107 137
0
1
2108 295
0
1
2109 213
1
2110 228
1
2111 110
1
2112 336
1
2113 213
1
2114 141
1
2115 55
1
2116 11
1
2117 206
1
2118 256
1
2119 150
1
2120 20
0
0
0
0
1
2121 160
1
2122 161
0
1
2123 299
1
2124 313
1
2125 33
1
2126 131
1
2127 103
1
2128 68
1
2129 200
1
2130 187
1
2131 175
0
1
2132 228
1
2133 109
0
1
2134 148
0
1
2135 149
1
2136 92
1
2137 192
1
2138 308
1
2139 240
1
2140 242
0
1
2141 115
1
2142 17
1
2143 137
1
2144 73
1
2145 312
1
2146 242
0
1
2147 324
0
1
2148 204
1
2149 87
1
2150 220
1
2151 158
1
2152 69
1
2153 6
0
1
2154 303
1
2155 261
1
2156 100
1
2157 329
1
2158 157
1
2159 231
1
2160 273
1
2161 189
1
2162 171
0
1
2163 19
1
2164 212
1
2165 11
0
1
2166 259
1
2167 336
1
2168 18
1
2169 20
1
2170 28
1
2171 280
1
2172 17
1
2173 157
1
2174 66
1
2175 290
0
1
2176 194
1
2177 138
1
2178 47
1
2179 85
1
2180 155
1
2181 319
1
2182 53
1
2183 331
1
2184 176
1
2185 219
1
2186 230
0
1
2187 196
1
2188 323
1
2189 247
1
2190 331
1
2191 173
1
2192 221
1
2193 109
1
2194 253
0
1
2195 126
1
2196 63
1
2197 343
1
2198 212
1
2199 244
0
1
2200 154
1
2201 225
1
2202 240
1
2203 118
1
2204 96
0
1
2205 154
0
0
1
2206 285
1
2207 334
1
2208 129
1
2209 83
1
2210 227
1
2211 156
1
2212 257
1
2213 236
1
2214 4
1
2215 232
1
2216 319
0
0
1
2217 297
0
1
2218 82
1
2219 23
1
2220 253
1
2221 40
1
2222 102
1
2223 259
1
2224 200
0
0
0
0
0
1
2225 76
1
2226 290
1
2227 44
1
2228 323
0
1
2229 42
1
2230 99
1
2231 132
1
2232 325
1
2233 181
1
2234 342
1
2235 199
0
1
2236 103
0
1
2237 293
0
1
2238 41
1
2239 89
1
2240 234
1
2241 270
0
1
2242 156
1
2243 8
0
1
2244 123
0
1
2245 114
1
2246 267
1
2247 76
0
1
2248 130
1
2249 128
1
2250 99
1
2251 315
1
2252 314
1
2253 172
1
2254 275
1
2255 33
1
2256 180
1
2257 195
1
2258 341
1
2259 144
1
2260 284
1
2261 156
1
2262 103
1
2263 136
1
2264 320
0
1
2265 247
1
2266 329
1
2267 135
1
2268 126
1
2269 126
1
2270 288
1
2271 223
1
2272 74
1
2273 197
1
2274 296
0
1
2275 225
1
2276 89
1
2277 86
1
2278 16
1
2279 191
1
2280 69
1
2281 24
1
2282 319
1
2283 165
1
2284 237
1
2285 345
1
2286 331
1
2287 115
0
0
1
2288 7
1
2289 210
1
2290 121
1
2291 299
0
1
2292 194
0
1
2293 59
1
2294 160
1
2295 232
1
2296 62
0
1
2297 133
0
1
2298 17
0
0
0
1
2299 266
1
2300 141
1
2301 9
1
2302 201
1
2303 226
1
2304 221
1
2305 291
1
2306 132
1
2307 86
0
1
2308 15
1
2309 45
0
0
1
2310 194
0
1
2311 234
0
0
1
2312 208
0
1
2313 217
1
2314 150
1
2315 75
1
2316 331
0
1
2317 159
0
1
2318 192
1
2319 98
1
2320 275
1
2321 342
0
1
2322 322
1
2323 297
1
2324 276
1
2325 235
0
1
2326 57
1
2327 309
1
2328 107
1
2329 175
0
1
2330 319
1
2331 45
1
2332 73
1
2333 261
1
2334 105
1
2335 113
1
2336 298
1
2337 267
1
2338 35
0
0
1
2339 343
1
2340 141
1
2341 256
1
2342 239
1
2343 305
1
2344 14
1
2345 11
1
2346 17
1
2347 142
1
2348 282
1
2349 239
0
1
2350 184
1
2351 159
1
2352 94
1
2353 128
1
2354 279
1
2355 232
0
1
2356 100
1
2357 89
1
2358 202
1
2359 57
1
2360 201
0
0
0
1
2361 181
1
2362 108
0
1
2363 102
1
2364 156
1
2365 50
1
2366 252
1
2367 39
0
1
2368 101
0
1
2369 272
1
2370 85
1
2371 205
1
2372 132
1
2373 184
0
0
1
2374 9
1
2375 288
0
1
2376 2
1
2377 298
1
2378 85
1
2379 255
1
2380 224
1
2381 142
1
2382 242
1
2383 248
1
2384 131
1
2385 170
1
2386 11
1
2387 255
1
2388 151
0
1
2389 48
1
2390 272
1
2391 27
1
2392 275
1
2393 45
1
2394 251
1
2395 191
1
2396 140
1
2397 3
1
2398 280
1
2399 282
1
2400 332
1
2401 115
1
2402 239
1
2403 275
1
2404 278
1
2405 303
1
2406 299
1
2407 335
1
2408 142
1
2409 258
0
1
2410 295
1
2411 310
1
2412 53
0
1
2413 197
1
2414 279
1
2415 2
1
2416 319
1
2417 3
0
0
1
2418 21
1
2419 328
1
2420 329
1
2421 171
1
2422 313
1
2423 12
0
1
2424 134
1
2425 89
1
2426 87
1
2427 252
1
2428 150
0
0
1
2429 57
1
2430 59
1
2431 223
1
2432 244
1
2433 256
1
2434 214
0
1
2435 126
1
2436 126
1
2437 113
0
0
1
2438 22
1
2439 79
1
2440 21
1
2441 293
1
2442 72
1
2443 102
1
2444 212
1
2445 258
1
2446 11
1
2447 70
0
1
2448 89
1
2449 242
1
2450 212
1
2451 25
1
2452 181
1
2453 304
1
2454 30
1
2455 13
1
2456 220
1
2457 313
1
2458 111
1
2459 315
1
2460 43
0
1
2461 118
0
1
2462 127
1
2463 256
1
2464 30
1
2465 305
1
2466 69
1
2467 239
1
2468 247
1
2469 279
1
2470 317
1
2471 60
1
2472 275
1
2473 17
1
2474 281
1
2475 289
1
2476 299
1
2477 239
1
2478 169
1
2479 81
1
2480 141
1
2481 15
1
2482 248
0
1
2483 337
1
2484 25
0
1
2485 35
1
2486 189
1
2487 219
0
0
0
1
2488 194
1
2489 278
0
1
2490 255
1
2491 42
1
2492 220
1
2493 95
1
2494 20
0
1
2495 298
1
2496 201
1
2497 219
1
2498 35
1
2499 220
1
2500 265
1
2501 71
1
2502 285
1
2503 80
1
2504 57
1
2505 187
1
2506 202
1
2507 297
1
2508 11
0
1
2509 212
1
2510 42
1
2511 315
1
2512 87
1
2513 266
1
2514 80
1
2515 117
1
2516 295
1
2517 245
0
1
2518 65
1
2519 222
1
2520 259
1
2521 117
1
2522 183
0
0
1
2523 159
1
2524 208
1
2525 142
1
2526 139
1
2527 137
1
2528 98
1
2529 106
1
2530 299
1
2531 97
1
2532 35
1
2533 164
0
1
2534 13
1
2535 277
1
2536 239
1
2537 8
1
2538 150
1
2539 36
1
2540 33
0
0
1
2541 158
1
2542 339
1
2543 329
1
2544 40
1
2545 344
1
2546 266
0
1
2547 83
1
2548 314
1
2549 164
1
2550 226
1
2551 7
1
2552 61
0
1
2553 92
1
2554 79
0
1
2555 210
1
2556 115
1
2557 48
1
2558 296
0
0
1
2559 221
0
1
2560 12
1
2561 122
1
2562 320
1
2563 22
1
2564 27
1
2565 151
0
1
2566 300
0
1
2567 15
1
2568 199
1
2569 181
0
1
2570 157
1
2571 138
1
2572 22
1
2573 53
1
2574 45
1
2575 83
1
2576 249
1
2577 123
1
2578 305
1
2579 204
1
2580 145
1
2581 195
1
2582 325
1
2583 262
0
1
2584 94
1
2585 109
1
2586 55
1
2587 189
1
2588 109
1
2589 191
1
2590 200
0
1
2591 251
1
2592 116
1
2593 225
1
2594 6
1
2595 4
0
1
2596 3
1
2597 150
1
2598 54
1
2599 275
1
2600 231
1
2601 128
1
2602 39
1
2603 324
1
2604 188
1
2605 252
1
2606 232
1
2607 32
0
1
2608 285
0
1
2609 335
1
2610 139
0
1
2611 102
0
1
2612 344
1
2613 270
1
2614 198
1
2615 307
1
2616 288
1
2617 340
1
2618 184
1
2619 302
1
2620 122
1
2621 285
1
2622 314
1
2623 309
1
2624 257
1
2625 122
1
2626 316
1
2627 122
0
1
2628 180
1
2629 305
1
2630 134
1
2631 49
1
2632 209
1
2633 327
1
2634 162
1
2635 271
1
2636 10
1
2637 32
1
2638 161
1
2639 185
1
2640 169
1
2641 315
1
2642 58
0
1
2643 251
1
2644 8
1
2645 244
0
0
1
2646 77
1
2647 175
1
2648 342
1
2649 30
0
1
2650 81
1
2651 208
1
2652 127
1
2653 320
1
2654 202
1
2655 321
1
2656 151
1
2657 76
1
2658 306
1
2659 336
1
2660 344
1
2661 125
1
2662 311
1
2663 41
1
2664 126
1
2665 225
1
2666 41
1
2667 285
1
2668 250
1
2669 220
1
2670 29
1
2671 314
1
2672 337
1
2673 168
1
2674 200
1
2675 305
1
2676 63
1
2677 320
1
2678 44
0
1
2679 50
1
2680 292
1
2681 23
1
2682 79
1
2683 268
1
2684 228
1
2685 310
1
2686 140
1
2687 29
0
1
2688 160
1
2689 235
1
2690 150
1
2691 232
1
2692 45
1
2693 205
1
2694 45
1
2695 153
1
2696 56
1
2697 139
1
2698 151
1
2699 66
1
2700 278
1
2701 162
1
2702 71
1
2703 238
1
2704 212
1
2705 88
1
2706 139
1
2707 128
1
2708 139
1
2709 220
0
1
2710 345
1
2711 249
1
2712 82
1
2713 243
1
2714 285
1
2715 296
1
2716 220
1
2717 175
1
2718 220
0
1
2719 237
1
2720 34
0
1
2721 178
1
2722 5
1
2723 276
1
2724 115
1
2725 205
1
2726 29
1
2727 303
1
2728 44
1
2729 63
0
1
2730 28
1
2731 264
1
2732 155
0
1
2733 320
1
2734 146
1
2735 76
1
2736 277
1
2737 43
1
2738 184
1
2739 338
1
2740 122
1
2741 120
1
2742 175
0
0
1
2743 272
0
1
2744 79
1
2745 183
1
2746 212
1
2747 288
1
2748 159
1
2749 171
1
2750 116
1
2751 82
0
1
2752 294
1
2753 272
1
2754 179
1
2755 345
1
2756 57
1
2757 321
1
2758 105
1
2759 36
1
2760 127
1
2761 5
1
2762 225
0
1
2763 309
1
2764 164
1
2765 239
1
2766 313
1
2767 291
1
2768 258
1
2769 9
1
2770 243
1
2771 9
1
2772 83
1
2773 127
1
2774 214
1
2775 255
1
2776 115
1
2777 300
1
2778 37
1
2779 233
1
2780 64
1
2781 117
0
1
2782 123
1
2783 279
1
2784 19
1
2785 151
1
2786 2
1
2787 241
1
2788 134
1
2789 285
0
0
1
2790 137
1
2791 194
1
2792 330
1
2793 100
1
2794 131
1
2795 313
1
2796 10
1
2797 271
1
2798 89
1
2799 233
1
2800 272
1
2801 308
1
2802 112
1
2803 194
1
2804 7
1
2805 45
1
2806 41
1
2807 147
1
2808 147
1
2809 33
0
1
2810 61
1
2811 337
1
2812 343
1
2813 37
1
2814 116
1
2815 101
1
2816 7
1
2817 220
1
2818 146
1
2819 116
1
2820 336
1
2821 66
1
2822 194
1
2823 10
1
2824 39
1
2825 144
1
2826 264
1
2827 239
1
2828 54
1
2829 164
1
2830 127
1
2831 256
1
2832 106
0
1
2833 205
1
2834 81
1
2835 342
1
2836 85
1
2837 183
1
2838 160
1
2839 332
1
2840 172
0
1
2841 259
1
2842 213
1
2843 139
1
2844 159
1
2845 144
1
2846 331
1
2847 40
1
2848 196
1
2849 130
1
2850 144
0
1
2851 339
1
2852 9
0
1
2853 328
1
2854 119
1
2855 134
1
2856 116
1
2857 55
1
2858 295
1
2859 269
1
2860 181
1
2861 208
1
2862 228
1
2863 304
1
2864 27
0
1
2865 306
1
2866 327
1
2867 19
0
1
2868 160
1
2869 166
1
2870 287
1
2871 8
1
2872 71
1
2873 282
1
2874 252
1
2875 164
0
1
2876 100
0
1
2877 75
1
2878 83
1
2879 78
1
2880 109
1
2881 79
1
2882 272
1
2883 107
1
2884 193
1
2885 208
1
2886 165
1
2887 252
1
2888 136
1
2889 35
1
2890 206
1
2891 330
1
2892 172
1
2893 162
1
2894 62
1
2895 171
1
2896 238
1
2897 37
1
2898 255
1
2899 175
1
2900 87
1
2901 225
1
2902 80
1
2903 295
1
2904 256
1
2905 183
1
2906 297
1
2907 248
1
2908 9
1
2909 114
1
2910 79
0
1
2911 289
1
2912 286
1
2913 254
1
2914 27
1
2915 196
1
2916 8
1
2917 166
1
2918 146
1
2919 73
1
2920 49
1
2921 82
1
2922 289
1
2923 150
1
2924 237
1
2925 150
1
2926 4
1
2927 117
1
2928 301
1
2929 81
1
2930 335
0
1
2931 159
1
2932 320
1
2933 244
1
2934 132
1
2935 55
1
2936 323
0
1
2937 116
0
1
2938 11
1
2939 238
1
2940 219
1
2941 164
1
2942 191
1
2943 285
1
2944 94
1
2945 252
1
2946 257
1
2947 221
1
2948 223
1
2949 312
1
2950 176
1
2951 45
1
2952 239
1
2953 29
1
2954 287
1
2955 77
1
2956 64
1
2957 121
1
2958 133
1
2959 182
1
2960 254
1
2961 177
1
2962 41
1
2963 276
1
2964 237
1
2965 264
0
1
2966 178
1
2967 147
1
2968 255
1
2969 137
1
2970 151
1
2971 3
0
1
2972 297
1
2973 294
1
2974 337
1
2975 274
1
2976 84
1
2977 228
1
2978 248
1
2979 136
1
2980 32
1
2981 86
1
2982 183
0
1
2983 57
1
2984 192
1
2985 119
1
2986 50
1
2987 174
1
2988 116
1
2989 27
0
1
2990 178
1
2991 189
1
2992 28
1
2993 218
1
2994 345
1
2995 194
1
2996 160
1
2997 60
1
2998 11
1
2999 179
1
3000 269
1
3001 164
1
3002 110
1
3003 98
1
3004 120
1
3005 41
1
3006 239
1
3007 291
1
3008 303
1
3009 61
1
3010 150
1
3011 261
1
3012 45
0
1
3013 39
1
3014 166
1
3015 329
1
3016 293
1
3017 102
1
3018 155
1
3019 85
1
3020 294
1
3021 157
1
3022 35
1
3023 102
1
3024 267
0
1
3025 96
0
1
3026 30
1
3027 247
1
3028 214
1
3029 265
1
3030 282
1
3031 169
1
3032 153
1
3033 223
1
3034 240
1
3035 308
1
3036 253
1
3037 212
1
3038 170
1
3039 210
1
3040 213
1
3041 164
1
3042 131
1
3043 225
1
3044 264
1
3045 7
1
3046 140
1
3047 142
1
3048 255
1
3049 162
1
3050 68
1
3051 30
1
3052 79
1
3053 53
1
3054 101
1
3055 298
1
3056 257
1
3057 300
1
3058 164
1
3059 312
1
3060 16
1
3061 317
1
3062 161
1
3063 183
1
3064 275
1
3065 65
1
3066 23
1
3067 77
1
3068 242
1
3069 25
1
3070 114
1
3071 248
1
3072 239
1
3073 8
1
3074 108
1
3075 73
1
3076 94
1
3077 148
1
3078 15
1
3079 213
1
3080 244
1
3081 195
1
3082 96
1
3083 203
1
3084 21
1
3085 130
1
3086 230
1
3087 63
1
3088 39
1
3089 224
0
1
3090 276
1
3091 69
1
3092 332
0
1
3093 297
1
3094 273
1
3095 32
1
3096 104
1
3097 112
1
3098 155
1
3099 253
1
3100 118
1
3101 37
1
3102 242
1
3103 331
1
3104 54
1
3105 23
1
3106 308
1
3107 124
1
3108 330
1
3109 225
1
3110 299
1
3111 101
1
3112 90
1
3113 326
1
3114 176
1
3115 72
1
3116 244
1
3117 145
1
3118 265
1
3119 238
1
3120 305
1
3121 85
1
3122 34
1
3123 160
1
3124 300
1
3125 322
1
3126 162
1
3127 304
1
3128 270
1
3129 296
1
3130 276
1
3131 281
1
3132 126
1
3133 180
1
3134 215
1
3135 224
1
3136 175
1
3137 159
1
3138 308
1
3139 255
1
3140 338
1
3141 83
1
3142 18
1
3143 252
1
3144 325
1
3145 319
1
3146 289
1
3147 297
1
3148 7
1
3149 72
1
3150 304
1
3151 208
1
3152 114
1
3153 207
1
3154 223
0
1
3155 10
1
3156 317
1
3157 329
1
3158 116
1
3159 4
1
3160 130
0
1
3161 91
1
3162 99
1
3163 196
1
3164 13
0
1
3165 311
0
1
3166 185
1
3167 341
1
3168 111
1
3169 70
1
3170 288
1
3171 161
1
3172 141
1
3173 26
1
3174 299
1
3175 160
1
3176 263
1
3177 174
1
3178 167
1
3179 145
1
3180 333
1
3181 343
1
3182 254
1
3183 333
1
3184 71
1
3185 207
1
3186 93
1
3187 106
1
3188 277
1
3189 129
1
3190 12
1
3191 276
1
3192 298
1
3193 19
1
3194 79
1
3195 9
1
3196 33
0
1
3197 337
1
3198 51
1
3199 326
0
1
3200 260
1
3201 70
1
3202 91
1
3203 334
1
3204 139
1
3205 332
1
3206 272
1
3207 192
1
3208 273
1
3209 166
1
3210 147
1
3211 286
1
3212 299
1
3213 262
1
3214 277
1
3215 326
1
3216 8
1
3217 64
1
3218 240
1
3219 149
1
3220 35
1
3221 147
1
3222 287
1
3223 295
1
3224 255
1
3225 248
1
3226 258
1
3227 139
1
3228 328
1
3229 57
1
3230 148
1
3231 45
1
3232 121
1
3233 10
1
3234 249
1
3235 212
1
3236 259
1
3237 115
1
3238 76
1
3239 145
1
3240 198
1
3241 183
1
3242 165
1
3243 86
1
3244 299
1
3245 278
1
3246 173
1
3247 262
1
3248 147
1
3249 308
1
3250 97
1
3251 260
1
3252 60
1
3253 39
1
3254 27
1
3255 145
1
3256 80
1
3257 184
1
3258 198
1
3259 175
1
3260 238
1
3261 91
1
3262 298
1
3263 189
1
3264 137
1
3265 191
1
3266 282
1
3267 244
1
3268 37
1
3269 17
1
3270 35
1
3271 147
1
3272 62
1
3273 320
1
3274 149
1
3275 124
1
3276 275
1
3277 310
1
3278 21
1
3279 33
1
3280 75
1
3281 282
1
3282 310
1
3283 278
1
3284 62
1
3285 18
1
3286 66
1
3287 241
1
3288 99
1
3289 300
1
3290 312
1
3291 24
1
3292 252
1
3293 216
1
3294 101
1
3295 217
1
3296 305
1
3297 77
1
3298 334
1
3299 22
1
3300 323
1
3301 164
1
3302 307
1
3303 180
1
3304 331
1
3305 162
1
3306 314
1
3307 137
1
3308 143
1
3309 196
1
3310 34
1
3311 195
1
3312 182
1
3313 63
1
3314 127
1
3315 259
1
3316 42
1
3317 308
1
3318 11
1
3319 331
1
3320 25
1
3321 73
1
3322 165
1
3323 265
1
3324 36
1
3325 43
1
3326 45
1
3327 336
1
3328 157
1
3329 342
1
3330 98
1
3331 16
1
3332 181
1
3333 115
1
3334 38
1
3335 134
1
3336 23
1
3337 219
1
3338 68
1
3339 38
1
3340 103
1
3341 194
1
3342 11
1
3343 321
1
3344 77
1
3345 274
1
3346 286
1
3347 81
1
3348 11
1
3349 45
1
3350 106
1
3351 320
1
3352 14
1
3353 13
1
3354 304
1
3355 64
1
3356 81
1
3357 308
1
3358 11
1
3359 100
1
3360 139
1
3361 237
1
3362 98
1
3363 35
1
3364 285
1
3365 180
1
3366 49
1
3367 29
1
3368 98
1
3369 3
1
3370 57
1
3371 104
1
3372 64
1
3373 220
1
3374 131
1
3375 252
1
3376 160
1
3377 35
1
3378 191
1
3379 39
1
3380 55
1
3381 288
1
3382 135
1
3383 269
1
3384 214
1
3385 183
1
3386 323
1
3387 187
1
3388 170
1
3389 214
1
3390 36
1
3391 144
1
3392 243
1
3393 319
1
3394 43
1
3395 176
1
3396 168
1
3397 174
1
3398 143
1
3399 3
1
3400 94
1
3401 239
1
3402 102
1
3403 61
1
3404 68
1
3405 40
1
3406 87
1
3407 93
1
3408 317
1
3409 183
1
3410 134
1
3411 163
1
3412 144
1
3413 176
1
3414 345
1
3415 208
1
3416 219
1
3417 214
0
1
3418 277
1
3419 340
1
3420 159
1
3421 79
1
3422 235
1
3423 256
1
3424 268
1
3425 45
1
3426 91
1
3427 125
1
3428 339
1
3429 116
1
3430 224
1
3431 194
1
3432 248
1
3433 136
1
3434 27
1
3435 242
1
3436 219
1
3437 181
1
3438 331
1
3439 244
1
3440 243
1
3441 300
1
3442 318
1
3443 214
1
3444 333
1
3445 134
1
3446 343
1
3447 231
1
3448 239
1
3449 285
1
3450 284
1
3451 296
1
3452 61
1
3453 323
1
3454 311
1
3455 244
1
3456 214
1
3457 175
1
3458 171
1
3459 166
1
3460 40
1
3461 195
1
3462 248
1
3463 256
1
3464 30
1
3465 244
1
3466 2
1
3467 201
1
3468 105
1
3469 102
1
3470 261
1
3471 154
1
3472 175
1
3473 72
1
3474 99
1
3475 166
1
3476 82
0
1
3477 221
1
3478 29
1
3479 221
1
3480 136
1
3481 331
1
3482 220
1
3483 172
1
3484 331
1
3485 15
1
3486 33
1
3487 140
1
3488 152
1
3489 215
1
3490 160
1
3491 254
1
3492 6
1
3493 108
1
3494 246
1
3495 227
1
3496 327
1
3497 220
1
3498 337
1
3499 237
1
3500 331
1
3501 151
1
3502 165
1
3503 296
0
1
3504 160
1
3505 73
1
3506 294
0
1
3507 242
1
3508 46
1
3509 228
1
3510 125
1
3511 218
1
3512 83
1
3513 226
1
3514 136
1
3515 114
1
3516 244
1
3517 43
1
3518 288
1
3519 180
1
3520 101
1
3521 57
1
3522 191
1
3523 164
1
3524 227
1
3525 237
1
3526 242
1
3527 299
1
3528 20
1
3529 136
1
3530 117
1
3531 232
1
3532 271
0
1
3533 221
1
3534 9
1
3535 68
1
3536 172
1
3537 16
0
1
3538 19
1
3539 212
0
1
3540 329
1
3541 24
1
3542 6
1
3543 25
1
3544 76
1
3545 152
1
3546 216
1
3547 331
1
3548 52
1
3549 234
1
3550 100
1
3551 130
0
1
3552 244
1
3553 249
1
3554 101
1
3555 231
1
3556 116
1
3557 284
0
1
3558 320
1
3559 283
1
3560 30
0
1
3561 144
1
3562 67
1
3563 261
1
3564 53
1
3565 89
1
3566 59
1
3567 231
1
3568 263
1
3569 66
1
3570 249
1
3571 278
1
3572 251
1
3573 250
1
3574 220
1
3575 176
1
3576 293
1
3577 232
1
3578 257
1
3579 178
1
3580 241
1
3581 3
1
3582 91
1
3583 38
1
3584 63
1
3585 228
0
1
3586 170
1
3587 312
1
3588 92
1
3589 93
1
3590 181
1
3591 105
1
3592 92
1
3593 220
1
3594 216
1
3595 181
1
3596 336
1
3597 184
0
0
0
1
3598 79
1
3599 25
1
3600 41
1
3601 319
1
3602 77
1
3603 274
1
3604 90
1
3605 326
1
3606 35
1
3607 344
1
3608 252
1
3609 230
1
3610 256
1
3611 205
1
3612 199
0
0
1
3613 181
1
3614 273
0
1
3615 69
1
3616 295
1
3617 96
1
3618 164
1
3619 52
1
3620 112
1
3621 322
1
3622 133
1
3623 289
1
3624 291
1
3625 243
1
3626 26
1
3627 157
1
3628 28
1
3629 244
1
3630 3
1
3631 140
1
3632 217
1
3633 58
1
3634 179
1
3635 31
1
3636 24
1
3637 145
1
3638 89
1
3639 212
1
3640 46
1
3641 87
1
3642 5
1
3643 50
1
3644 115
1
3645 16
1
3646 261
1
3647 255
1
3648 304
1
3649 59
1
3650 116
1
3651 336
1
3652 227
1
3653 248
1
3654 54
1
3655 82
1
3656 194
1
3657 188
1
3658 282
1
3659 193
1
3660 310
1
3661 345
1
3662 35
1
3663 120
1
3664 216
0
1
3665 218
1
3666 22
1
3667 217
0
1
3668 335
1
3669 338
1
3670 7
1
3671 244
1
3672 75
1
3673 254
1
3674 309
1
3675 36
1
3676 191
1
3677 125
1
3678 83
0
1
3679 305
1
3680 164
1
3681 34
1
3682 112
0
1
3683 249
0
1
3684 33
1
3685 189
1
3686 110
0
0
1
3687 71
1
3688 183
1
3689 98
0
1
3690 86
1
3691 212
0
0
1
3692 171
1
3693 36
1
3694 100
1
3695 104
1
3696 260
1
3697 214
0
1
3698 183
1
3699 227
1
3700 273
1
3701 329
1
3702 222
0
1
3703 338
1
3704 282
1
3705 163
1
3706 43
1
3707 232
1
3708 85
1
3709 260
1
3710 266
1
3711 186
1
3712 324
1
3713 120
1
3714 37
0
1
3715 54
1
3716 168
1
3717 108
0
1
3718 250
1
3719 175
1
3720 293
1
3721 212
1
3722 282
1
3723 254
1
3724 76
1
3725 240
1
3726 20
1
3727 158
1
3728 74
1
3729 326
1
3730 30
0
1
3731 186
1
3732 187
1
3733 273
1
3734 150
1
3735 320
1
3736 316
1
3737 12
1
3738 338
0
0
1
3739 80
1
3740 202
1
3741 338
1
3742 120
0
1
3743 218
1
3744 316
1
3745 276
1
3746 148
1
3747 102
1
3748 34
1
3749 344
1
3750 195
1
3751 171
0
0
0
1
3752 227
1
3753 189
1
3754 228
1
3755 307
1
3756 49
0
1
3757 76
1
3758 344
0
1
3759 260
1
3760 185
1
3761 103
1
3762 181
0
1
3763 51
1
3764 345
1
3765 282
1
3766 75
1
3767 24
1
3768 317
1
3769 208
1
3770 92
0
1
3771 311
1
3772 166
1
3773 82
1
3774 5
0
1
3775 258
0
1
3776 200
1
3777 326
1
3778 86
1
3779 237
0
1
3780 23
1
3781 149
0
0
1
3782 219
1
3783 118
1
3784 157
1
3785 40
1
3786 172
1
3787 45
0
1
3788 293
0
1
3789 285
1
3790 264
0
0
1
3791 145
1
3792 87
0
1
3793 11
1
3794 71
0
1
3795 293
1
3796 267
1
3797 114
1
3798 331
1
3799 239
0
1
3800 193
1
3801 147
1
3802 295
1
3803 187
1
3804 155
1
3805 206
1
3806 66
1
3807 161
1
3808 138
1
3809 17
1
3810 111
1
3811 179
1
3812 10
1
3813 117
0
1
3814 209
1
3815 62
1
3816 72
0
1
3817 91
1
3818 320
1
3819 241
1
3820 259
1
3821 118
0
1
3822 124
1
3823 207
1
3824 225
1
3825 218
1
3826 181
0
1
3827 329
1
3828 205
1
3829 17
1
3830 131
0
1
3831 285
1
3832 246
1
3833 51
1
3834 165
1
3835 144
0
0
1
3836 179
0
1
3837 301
0
0
0
1
3838 299
1
3839 236
1
3840 251
1
3841 22
1
3842 73
1
3843 335
1
3844 239
1
3845 78
1
3846 64
1
3847 116
1
3848 190
0
1
3849 57
1
3850 140
1
3851 198
1
3852 143
1
3853 98
0
1
3854 189
1
3855 196
1
3856 95
1
3857 275
1
3858 182
1
3859 103
1
3860 139
1
3861 253
1
3862 137
1
3863 187
1
3864 76
1
3865 232
0
1
3866 162
1
3867 61
0
1
3868 311
1
3869 2
1
3870 63
1
3871 337
1
3872 146
1
3873 235
1
3874 280
0
0
0
1
3875 300
0
1
3876 219
1
3877 178
1
3878 294
1
3879 115
1
3880 131
1
3881 58
1
3882 67
1
3883 97
1
3884 58
1
3885 278
0
1
3886 63
1
3887 89
1
3888 224
1
3889 168
1
3890 328
1
3891 61
1
3892 2
1
3893 167
1
3894 41
1
3895 14
1
3896 242
1
3897 328
0
1
3898 259
0
1
3899 56
1
3900 187
1
3901 118
1
3902 167
1
3903 81
1
3904 325
1
3905 265
1
3906 28
1
3907 97
1
3908 76
1
3909 72
1
3910 322
1
3911 220
0
1
3912 12
1
3913 236
1
3914 96
1
3915 305
0
0
1
3916 6
1
3917 226
1
3918 212
1
3919 336
1
3920 140
1
3921 53
1
3922 11
1
3923 4
1
3924 21
1
3925 331
1
3926 285
1
3927 34
1
3928 272
1
3929 187
1
3930 85
1
3931 307
1
3932 130
1
3933 89
1
3934 112
1
3935 220
1
3936 160
1
3937 36
1
3938 123
1
3939 224
0
1
3940 192
1
3941 255
1
3942 57
1
3943 44
1
3944 60
1
3945 25
1
3946 315
1
3947 95
1
3948 177
0
1
3949 266
1
3950 202
0
0
1
3951 8
1
3952 236
1
3953 294
1
3954 55
1
3955 39
1
3956 130
1
3957 84
1
3958 211
1
3959 34
1
3960 227
0
1
3961 98
0
1
3962 140
1
3963 296
1
3964 73
1
3965 303
1
3966 209
0
1
3967 16
1
3968 95
1
3969 128
0
1
3970 116
1
3971 302
1
3972 247
1
3973 340
1
3974 239
1
3975 91
1
3976 12
0
1
3977 53
0
0
1
3978 167
0
1
3979 259
1
3980 203
1
3981 257
1
3982 106
0
0
1
3983 279
1
3984 171
0
1
3985 299
0
0
1
3986 334
1
3987 116
0
1
3988 158
1
3989 228
1
3990 103
1
3991 83
1
3992 138
1
3993 57
1
3994 266
1
3995 61
1
3996 83
1
3997 51
0
1
3998 42
1
3999 16
1
4000 343
0
0
1
4001 188
1
4002 134
1
4003 306
1
4004 73
1
4005 322
1
4006 137
0
1
4007 84
1
4008 274
1
4009 343
0
0
0
0
1
4010 313
1
4011 17
1
4012 195
1
4013 293
1
4014 218
1
4015 309
1
4016 102
0
1
4017 339
1
4018 267
1
4019 242
1
4020 285
1
4021 296
1
4022 310
0
0
0
1
4023 232
1
4024 21
0
0
0
1
4025 151
1
4026 175
1
4027 149
0
1
4028 177
1
4029 73
0
1
4030 287
1
4031 45
0
1
4032 287
1
4033 201
1
4034 6
1
4035 319
1
4036 158
1
4037 300
1
4038 332
1
4039 25
1
4040 322
0
1
4041 285
0
0
0
1
4042 43
1
4043 207
1
4044 311
1
4045 68
0
1
4046 306
1
4047 339
1
4048 122
1
4049 32
0
0
0
1
4050 164
1
4051 202
1
4052 13
1
4053 77
1
4054 333
1
4055 29
1
4056 230
0
1
4057 239
1
4058 333
1
4059 292
1
4060 182
1
4061 102
1
4062 203
0
1
4063 339
0
1
4064 284
1
4065 105
1
4066 192
0
1
4067 173
1
4068 206
0
1
4069 13
1
4070 320
0
0
0
1
4071 257
0
1
4072 155
1
4073 134
1
4074 99
0
1
4075 77
1
4076 102
0
0
1
4077 195
1
4078 190
0
1
4079 17
1
4080 237
1
4081 230
1
4082 321
1
4083 138
1
4084 226
1
4085 72
1
4086 49
1
4087 214
0
0
1
4088 245
1
4089 266
1
4090 11
0
1
4091 208
0
0
1
4092 223
1
4093 83
0
0
1
4094 150
1
4095 49
0
1
4096 248
1
4097 19
0
0
1
4098 232
0
1
4099 238
1
4100 156
0
1
4101 127
1
4102 264
0
1
4103 15
1
4104 242
1
4105 145
1
4106 5
1
4107 149
0
1
4108 47
1
4109 106
1
4110 162
1
4111 265
1
4112 191
1
4113 70
1
4114 186
0
0
1
4115 167
1
4116 293
1
4117 170
1
4118 220
1
4119 76
1
4120 221
0
1
4121 106
0
1
4122 35
0
0
1
4123 209
1
4124 333
1
4125 18
1
4126 82
1
4127 79
1
4128 210
0
1
4129 232
0
1
4130 68
1
4131 103
1
4132 236
1
4133 219
0
1
4134 206
0
0
0
0
0
1
4135 152
0
0
0
0
0
1
4136 191
1
4137 145
1
4138 86
1
4139 303
1
4140 320
1
4141 12
1
4142 188
0
1
4143 338
1
4144 297
1
4145 74
0
1
4146 200
1
4147 228
1
4148 13
1
4149 337
1
4150 150
1
4151 144
0
0
1
4152 104
1
4153 242
1
4154 319
1
4155 205
1
4156 110
1
4157 282
1
4158 190
1
4159 85
1
4160 90
1
4161 89
1
4162 145
1
4163 288
1
4164 195
0
0
1
4165 281
1
4166 9
1
4167 296
1
4168 263
1
4169 66
1
4170 105
1
4171 102
1
4172 244
1
4173 126
0
0
1
4174 277
1
4175 167
1
4176 249
1
4177 313
1
4178 87
0
0
1
4179 212
0
0
0
1
4180 294
1
4181 112
1
4182 16
1
4183 317
0
0
1
4184 68
1
4185 173
0
0
1
4186 301
1
4187 9
0
1
4188 235
1
4189 15
1
4190 244
1
4191 220
1
4192 278
0
1
4193 302
0
1
4194 209
0
1
4195 285
1
4196 39
1
4197 334
0
1
4198 12
1
4199 316
1
4200 100
1
4201 175
1
4202 338
0
0
1
4203 49
1
4204 236
0
1
4205 238
1
4206 232
0
1
4207 51
1
4208 4
1
4209 83
1
4210 24
0
0
1
4211 266
1
4212 296
1
4213 44
0
0
0
0
0
1
4214 244
1
4215 188
0
0
1
4216 173
1
4217 12
1
4218 345
0
0
1
4219 13
1
4220 128
0
1
4221 329
0
0
0
0
0
0
1
4222 160
1
4223 78
0
1
4224 247
0
1
4225 45
1
4226 316
1
4227 121
1
4228 312
0
1
4229 200
1
4230 167
0
1
4231 94
1
4232 242
1
4233 283
1
4234 35
0
1
4235 139
0
1
4236 61
0
1
4237 285
1
4238 59
1
4239 35
1
4240 139
1
4241 328
0
0
1
4242 26
0
0
1
4243 205
1
4244 276
1
4245 253
1
4246 148
1
4247 100
0
1
4248 260
1
4249 85
1
4250 254
1
4251 123
1
4252 318
1
4253 5
1
4254 35
1
4255 319
1
4256 109
0
0
1
4257 158
0
0
1
4258 319
1
4259 224
0
1
4260 95
1
4261 208
0
1
4262 196
1
4263 257
1
4264 214
1
4265 18
0
1
4266 288
1
4267 226
1
4268 282
1
4269 321
0
0
0
0
1
4270 315
1
4271 217
1
4272 265
1
4273 154
1
4274 300
1
4275 122
1
4276 83
1
4277 139
1
4278 201
1
4279 45
0
0
0
0
0
1
4280 293
0
0
1
4281 324
1
4282 340
0
1
4283 183
1
4284 199
1
4285 57
1
4286 43
0
1
4287 236
1
4288 326
1
4289 162
1
4290 296
1
4291 76
0
1
4292 237
1
4293 293
1
4294 139
0
1
4295 150
0
0
1
4296 114
1
4297 239
0
1
4298 169
1
4299 331
1
4300 51
0
0
1
4301 172
0
1
4302 63
0
1
4303 208
0
1
4304 18
0
1
4305 196
1
4306 284
0
1
4307 328
0
0
1
4308 241
1
4309 61
1
4310 18
1
4311 241
1
4312 327
1
4313 239
1
4314 77
0
1
4315 186
1
4316 305
0
1
4317 18
1
4318 217
1
4319 105
1
4320 269
1
4321 67
0
0
1
4322 196
1
4323 269
0
0
1
4324 44
1
4325 85
1
4326 309
1
4327 118
1
4328 163
0
0
0
0
0
1
4329 323
0
0
1
4330 62
1
4331 289
0
1
4332 191
1
4333 208
0
0
0
1
4334 291
0
1
4335 65
1
4336 296
0
1
4337 167
0
1
4338 319
0
0
1
4339 257
1
4340 42
0
0
1
4341 164
1
4342 116
1
4343 111
1
4344 127
1
4345 76
1
4346 189
0
1
4347 59
0
0
1
4348 319
0
1
4349 3
0
0
1
4350 253
1
4351 135
0
0
1
4352 118
1
4353 76
1
4354 307
1
4355 124
1
4356 245
1
4357 44
0
0
0
1
4358 24
1
4359 203
1
4360 38
1
4361 226
0
1
4362 2
1
4363 111
0
1
4364 316
0
1
4365 315
0
1
4366 127
1
4367 269
1
4368 149
1
4369 111
1
4370 181
0
1
4371 111
1
4372 183
1
4373 231
0
1
4374 98
0
1
4375 93
1
4376 124
0
0
1
4377 44
1
4378 329
1
4379 129
1
4380 171
1
4381 333
0
1
4382 255
1
4383 264
1
4384 301
0
0
0
0
0
0
0
0
0
1
4385 257
0
1
4386 301
1
4387 274
0
1
4388 320
0
1
4389 177
1
4390 341
1
4391 20
1
4392 49
0
0
1
4393 49
1
4394 136
0
1
4395 255
1
4396 289
1
4397 24
0
1
4398 184
1
4399 255
0
0
0
1
4400 232
1
4401 282
1
4402 330
0
1
4403 19
0
0
0
1
4404 136
0
0
0
0
1
4405 194
0
1
4406 164
0
0
0
0
1
4407 247
1
4408 34
0
0
1
4409 9
0
1
4410 285
1
4411 160
1
4412 282
0
0
1
4413 157
0
0
1
4414 150
0
1
4415 27
0
0
0
0
1
4416 321
0
1
4417 236
0
0
0
0
0
0
0
0
1
4418 82
1
4419 207
0
0
0
1
4420 92
1
4421 268
1
4422 148
1
4423 341
1
4424 140
1
4425 124
0
1
4426 172
1
4427 157
1
4428 331
0
1
4429 212
0
0
0
0
1
4430 5
1
4431 69
0
0
1
4432 17
0
0
0
0
1
4433 100
1
4434 6
0
0
1
4435 242
0
0
1
4436 43
0
0
0
0
1
4437 171
0
1
4438 217
1
4439 23
0
0
1
4440 319
1
4441 8
1
4442 203
0
0
0
0
1
4443 328
1
4444 139
0
1
4445 252
1
4446 39
0
0
0
1
4447 113
0
1
4448 243
1
4449 230
1
4450 108
1
4451 266
1
4452 267
1
4453 128
1
4454 116
0
1
4455 25
0
0
0
1
4456 289
1
4457 253
0
0
0
1
4458 9
0
1
4459 63
0
1
4460 189
0
0
1
4461 269
0
0
0
0
0
0
0
1
4462 220
1
4463 310
0
0
1
4464 141
0
1
4465 330
0
0
1
4466 103
1
4467 211
1
4468 68
1
4469 237
0
1
4470 150
1
4471 37
0
0
0
1
4472 61
0
1
4473 184
1
4474 278
1
4475 255
0
0
0
0
0
1
4476 162
1
4477 131
0
0
1
4478 131
1
4479 233
1
4480 249
0
0
1
4481 40
0
1
4482 144
0
1
4483 244
0
0
0
0
1
4484 233
1
4485 193
1
4486 151
1
4487 111
0
0
1
4488 317
1
4489 196
0
0
0
0
1
4490 188
0
1
4491 36
1
4492 172
1
4493 129
1
4494 91
0
0
0
0
1
4495 242
0
0
1
4496 9
0
0
0
1
4497 316
1
4498 79
1
4499 57
0
1
4500 202
0
0
0
0
0
1
4501 213
0
1
4502 246
0
0
0
0
1
4503 172
1
4504 141
1
4505 106
0
0
1
4506 336
1
4507 186
0
0
0
1
4508 107
1
4509 169
1
4510 188
1
4511 296
0
0
1
4512 197
0
0
0
0
0
0
1
4513 135
1
4514 150
0
1
4515 91
1
4516 139
1
4517 137
0
0
1
4518 248
0
1
4519 10
0
0
1
4520 210
0
0
0
0
1
4521 315
0
0
1
4522 19
0
0
1
4523 73
0
0
0
0
0
0
0
0
1
4524 320
0
0
0
1
4525 93
0
0
0
1
4526 76
1
4527 124
1
4528 155
0
0
0
0
0
0
0
1
4529 174
0
0
0
0
0
1
4530 311
1
4531 215
1
4532 195
1
4533 79
0
1
4534 212
0
0
1
4535 169
0
0
1
4536 194
0
0
1
4537 244
0
1
4538 67
1
4539 99
0
0
0
1
4540 344
1
4541 185
0
1
4542 254
0
0
1
4543 75
1
4544 196
1
4545 252
1
4546 258
1
4547 118
0
1
4548 203
0
1
4549 244
0
0
0
0
1
4550 332
1
4551 196
0
0
1
4552 343
0
0
1
4553 285
1
4554 171
0
1
4555 309
1
4556 117
0
1
4557 318
0
0
1
4558 291
1
4559 176
1
4560 74
0
1
4561 320
0
1
4562 136
0
0
0
1
4563 189
0
1
4564 219
0
0
0
0
0
0
0
0
1
4565 220
1
4566 344
0
1
4567 245
1
4568 180
0
0
0
0
0
0
1
4569 2
1
4570 69
0
1
4571 48
0
0
0
0
0
0
1
4572 98
0
1
4573 94
0
0
0
1
4574 295
0
1
4575 304
0
0
1
4576 129
1
4577 105
0
0
1
4578 53
0
0
1
4579 76
0
0
1
4580 339
0
0
0
0
0
0
0
1
4581 119
0
0
0
0
0
0
0
0
1
4582 106
0
0
0
1
4583 319
1
4584 92
0
1
4585 65
1
4586 121
0
0
1
4587 73
1
4588 282
0
1
4589 180
0
1
4590 237
0
1
4591 187
0
1
4592 92
1
4593 230
0
1
4594 288
1
4595 62
1
4596 77
0
0
0
0
1
4597 140
0
0
0
0
0
0
0
0
0
1
4598 197
1
4599 200
0
0
1
4600 102
0
1
4601 314
1
4602 59
0
0
1
4603 91
0
1
4604 7
0
0
0
1
4605 77
1
4606 13
0
1
4607 134
0
0
0
0
0
1
4608 37
0
1
4609 176
0
0
1
4610 202
0
0
0
0
0
0
1
4611 339
0
0
0
1
4612 17
0
0
0
0
0
0
0
0
1
4613 183
0
1
4614 220
0
0
1
4615 275
0
0
1
4616 298
1
4617 4
1
4618 73
1
4619 14
1
4620 82
1
4621 212
0
1
4622 28
0
0
0
0
0
0
0
0
0
0
0
0
0
0
0
1
4623 319
1
4624 260
0
1
4625 264
1
4626 60
1
4627 237
0
1
4628 151
1
4629 282
0
0
1
4630 84
0
1
4631 181
1
4632 326
0
0
0
0
0
1
4633 32
0
0
0
0
1
4634 44
0
1
4635 305
0
0
0
0
0
0
0
1
4636 197
0
0
0
1
4637 50
1
4638 80
1
4639 329
0
0
1
4640 52
0
0
0
1
4641 53
0
0
0
1
4642 175
0
0
1
4643 161
0
1
4644 60
0
0
0
1
4645 188
1
4646 104
0
0
0
0
0
0
1
4647 135
1
4648 226
1
4649 178
0
0
0
0
1
4650 12
1
4651 215
0
0
1
4652 61
0
1
4653 7
1
4654 255
0
0
0
0
0
1
4655 341
0
1
4656 162
0
0
1
4657 311
1
4658 180
1
4659 291
0
0
0
0
0
0
1
4660 23
1
4661 163
0
0
0
0
1
4662 189
0
0
0
0
1
4663 336
1
4664 194
0
1
4665 9
0
0
0
0
0
0
0
1
4666 221
0
0
1
4667 232
0
1
4668 139
0
0
0
1
4669 65
0
0
0
0
1
4670 107
0
0
0
0
0
0
0
0
0
0
0
0
1
4671 56
0
0
1
4672 159
0
0
1
4673 208
0
0
0
1
4674 90
0
0
1
4675 12
0
0
0
0
0
0
1
4676 183
0
0
0
0
0
0
0
0
0
0
0
0
1
4677 34
0
0
0
0
0
0
1
4678 105
0
0
0
0
0
0
1
4679 199
0
0
1
4680 316
0
1
4681 203
0
0
0
0
0
0
0
0
1
4682 167
0
0
1
4683 129
0
0
0
0
0
0
0
1
4684 337
1
4685 292
0
0
0
0
1
4686 242
0
1
4687 113
0
1
4688 244
0
0
0
0
1
4689 11
0
0
0
1
4690 331
0
1
4691 181
0
0
0
0
1
4692 11
0
1
4693 227
0
0
0
0
1
4694 116
0
0
1
4695 40
0
0
0
0
0
1
4696 280
1
4697 150
0
0
0
0
0
0
0
0
0
0
0
0
0
0
0
1
4698 94
0
0
1
4699 32
0
0
0
1
4700 160
1
4701 244
0
0
1
4702 231
0
1
4703 171
0
0
0
0
0
0
0
0
0
0
0
0
0
0
0
0
0
0
0
0
0
0
0
0
1
4704 141
0
0
0
0
0
0
0
1
4705 116
0
0
0
0
1
4706 150
0
1
4707 313
0
0
0
0
0
1
4708 82
0
0
0
1
4709 177
0
1
4710 63
0
0
0
1
4711 95
1
4712 144
0
0
0
0
0
0
0
0
0
0
0
0
0
0
0
1
4713 331
0
0
0
0
0
0
0
0
0
1
4714 306
0
0
0
1
4715 197
1
4716 37
0
0
0
0
0
1
4717 6
0
0
1
4718 115
0
0
0
1
4719 82
1
4720 114
0
0
0
0
0
0
0
1
4721 183
0
0
1
4722 302
0
0
0
0
0
0
0
0
0
1
4723 166
0
0
1
4724 326
0
0
0
0
0
0
0
0
0
0
0
0
0
0
1
4725 218
1
4726 194
0
0
0
0
0
0
0
1
4727 143
0
0
0
0
1
4728 187
0
0
0
0
0
0
0
0
1
4729 75
0
0
1
4730 167
0
0
0
0
1
4731 159
0
0
0
0
1
4732 45
0
0
0
0
1
4733 308
0
0
0
0
0
0
0
0
0
0
0
0
0
0
0
0
0
0
0
0
1
4734 95
0
0
0
0
0
0
0
0
0
0
1
4735 234
0
0
1
4736 164
0
0
0
0
0
0
0
0
0
1
4737 331
1
4738 281
0
0
0
0
0
0
0
0
1
4739 61
0
0
0
0
1
4740 88
0
0
0
0
0
0
0
0
0
0
0
0
0
0
0
0
0
0
0
0
0
0
0
0
0
0
0
0
0
0
0
0
0
0
0
0
1
4741 219
0
0
0
0
1
4742 27
1
4743 195
0
0
0
0
1
4744 3
0
0
0
0
0
0
0
0
0
0
0
0
0
1
4745 228
1
4746 107
0
0
0
0
0
0
0
0
0
1
4747 71
0
0
0
0
0
0
0
0
0
0
0
0
0
0
0
1
4748 330
0
0
0
0
0
1
4749 89
0
0
0
0
0
0
0
0
0
0
0
1
4750 73
1
4751 129
0
0
0
0
0
1
4752 222
0
0
0
1
4753 342
0
0
0
0
0
0
0
0
0
0
0
0
1
4754 59
0
0
0
0
1
4755 279
0
0
0
0
1
4756 142
0
0
0
0
0
0
0
0
0
0
0
0
0
0
0
0
0
0
0
0
0
0
0
0
0
0
0
0
0
0
0
0
0
0
0
0
0
0
1
4757 229
0
0
1
4758 238
0
0
0
0
0
0
0
0
0
0
0
0
0
0
0
0
0
0
1
4759 19
0
0
0
0
0
0
0
0
0
1
4760 83
0
0
0
0
0
0
0
0
0
0
0
0
0
0
0
0
0
0
0
0
0
0
0
0
0
0
0
0
0
0
0
0
0
0
0
0
0
0
0
0
1
4761 311
0
0
0
0
1
4762 195
0
0
0
0
0
0
0
0
0
0
0
0
0
0
0
0
0
0
0
0
0
0
0
0
1
4763 147
0
0
0
1
4764 175
0
0
1
4765 250
0
0
0
0
0
0
0
0
0
0
0
0
0
0
0
0
0
0
0
1
4766 79
0
0
0
0
0
0
0
0
0
0
0
0
0
0
0
0
0
0
0
0
0
0
0
0
0
0
0
0
0
0
0
0
0
0
0
0
0
0
0
0
0
0
0
0
0
0
0
0
0
0
0
0
0
0
0
0
0
0
0
0
0
0
0
0
0
0
0
0
0
0
0
0
0
0
0
0
0
0
0
0
0
0
0
0
0
0
0
0
0
0
0
0
0
0
0
0
0
0
0
0
0
0
0
0
0
0
0
0
0
0
0
0
0
0
0
0
0
0
0
0
0
0
0
0
0
0
0
0
0
0
0
0
0
0
0
0
0
0
0
0
0
0
0
0
0
0
0
0
0
0
0
0
0
0
0
0
0
0
0
0
0
0
0
0
0
0
0
0
0
0
0
0
0
0
0
0
0
0
0
0
0
0
0
0
0
0
0
0
0
0
0
0
0
0
0
0
0
0
0
0
0
0
0
0
0
0
0
0
0
0
0
0
0
0
0
0
0
0
0
0
0
0
0
0
0
0
0
0
0
0
0
0
0
0
0
0
0
0
0
0
0
0
0
0
0
0
0
0
0
0
0
0
0
0
0
0
0
0
0
0
0
0
0
0
0
0
0
0
0
0
0
0
0
0
0
0
0
0
0
0
0
0
0
0
0
0
0
0
0
0
0
0
0
0
0
0
0
0
0
0
0
0
0
0
0
0
0
0
0
0
0
0
0
0
0
0
0
0
0
0
0
0
0
0
0
0
0
0
0
0
0
0
0
0
0
0
0
0
0
0
0
0
0
0
0
0
0
0
0
0
0
0
0
0
0
0
0
0
0
0
0
0
0
0
0
0
0
0
0
0
0
0
0
0
0
0
0
0
0
0
0
0
0
0
0
0
0
0
0
0
0
0
0
0
0
0
0
0
0
0
0
0
0
0
0
0
0
0
0
0
0
0
0
0
0
0
0
0
0
0
0
0
0
0
0
0
0
0
0
0
0
0
0
0
0
0
0
0
0
0
0
0
0
0
0
0
0
0
0
0
0
0
0
0
0
0
0
0
0
0
0
0
0
0
0
0
0
0
0
0
0
0
0
0
0
0
0
0
0
0
0
0
0
0
0
0
0
0
0
0
0
0
0
0
0
0
0
0
0
0
0
0
0
0
0
0
0
0
0
0
0
0
0
0
0
0
0
0
0
0
0
0
0
0
0
0
0
0
0
0
0
0
0
0
0
0
0
0
0
0
0
0
0
0
0
0
