374 713
269 79 3
320 97 2
248 189 3
66 113 2
172 158 4
163 148 5
5 328 4
145 229 2
363 23 4
279 144 5
372 87 5
374 90 5
184 85 3
296 336 4
239 338 4
194 345 2
364 350 2
110 219 3
63 68 5
370 297 3
295 136 3
37 189 5
287 132 4
163 297 3
252 311 3
281 257 2
26 170 3
294 366 3
102 194 4
282 196 3
96 195 3
221 339 3
250 22 2
77 1 3
50 104 2
347 298 3
75 10 4
365 162 3
106 62 1
62 355 3
343 9 3
163 128 2
322 219 3
17 313 3
341 340 2
159 187 3
52 253 4
88 259 3
347 128 4
321 67 3
227 4 2
239 67 3
174 108 4
280 23 5
322 134 3
75 369 3
89 116 4
374 295 3
151 80 3
317 210 5
175 298 3
55 189 2
225 256 3
207 344 4
354 58 4
30 110 3
70 186 3
245 111 5
278 276 4
285 8 2
156 17 3
368 26 3
260 69 3
142 224 3
77 211 3
327 323 4
105 45 3
365 81 4
232 243 4
329 367 5
82 331 3
197 84 3
143 183 3
84 186 3
131 283 2
242 254 4
2 274 4
290 230 2
127 230 3
369 59 4
347 109 3
267 190 4
266 174 3
313 124 3
329 19 3
311 71 4
334 371 3
191 241 4
273 180 3
247 119 3
352 325 2
268 147 3
229 290 4
182 364 4
126 35 3
199 209 4
363 72 4
331 47 3
204 151 2
310 136 2
305 155 2
54 311 4
173 127 2
207 119 2
300 362 5
40 316 4
183 94 3
6 214 4
102 48 2
273 27 5
42 27 3
24 167 3
263 332 4
305 340 2
64 36 3
321 198 3
72 280 3
9 276 4
41 137 5
52 123 3
216 341 4
244 325 4
130 262 3
143 373 4
107 232 2
181 187 3
202 46 3
275 154 4
37 46 2
166 326 3
229 199 3
332 270 3
25 43 2
233 195 4
84 33 3
197 70 3
294 337 3
179 112 3
293 307 3
295 252 3
365 308 2
140 329 4
221 215 4
279 120 3
338 251 3
21 194 4
345 102 2
70 193 5
8 283 2
357 113 2
246 44 3
286 78 3
345 228 3
314 288 4
18 287 3
176 149 2
66 332 4
10 150 5
278 115 4
213 328 4
245 65 3
127 364 2
109 130 5
25 317 3
205 181 3
293 28 5
192 321 3
73 61 3
252 348 5
358 174 4
120 39 3
60 249 4
187 117 3
116 152 3
141 238 2
114 40 3
90 200 4
255 238 3
309 272 4
173 182 3
287 351 4
43 224 3
226 289 3
110 11 3
48 168 3
349 256 5
228 21 3
291 361 5
302 197 3
56 256 5
202 36 3
358 266 5
173 364 3
268 78 5
107 184 4
315 346 3
98 333 4
322 171 2
318 56 3
113 270 3
334 125 3
185 310 3
234 51 3
146 309 3
46 21 3
120 179 2
312 145 3
210 286 4
103 290 2
319 354 2
324 69 3
208 83 4
89 261 4
64 254 4
236 232 3
22 69 3
299 226 2
134 171 2
264 160 4
278 169 3
154 83 3
300 99 3
253 232 4
71 294 4
358 222 4
274 218 4
285 99 5
265 317 2
341 59 4
189 106 3
373 227 4
182 153 4
290 267 3
330 205 3
205 307 4
80 277 4
98 96 4
149 52 4
73 86 3
240 235 4
25 78 3
261 38 3
72 56 3
223 241 4
218 2 2
180 306 2
330 211 3
27 258 3
184 243 4
160 73 2
111 296 3
19 214 3
57 188 3
124 156 4
220 247 3
307 28 1
369 266 2
295 71 2
216 20 4
327 335 3
320 340 3
41 228 5
218 129 3
338 165 3
258 180 3
145 122 3
370 185 4
253 107 3
172 187 3
140 280 3
32 312 3
137 76 3
126 306 3
97 354 3
192 67 2
123 326 4
30 211 4
127 103 3
289 105 2
68 257 4
135 310 2
371 16 5
312 109 3
129 373 4
151 315 5
355 212 4
357 332 3
246 56 5
236 176 4
282 226 3
101 145 3
108 244 5
18 118 4
273 281 2
216 222 4
287 100 2
363 318 4
252 147 2
35 93 3
203 143 3
166 107 4
141 353 2
275 208 2
170 361 3
269 31 3
99 204 3
359 340 5
57 328 3
220 211 4
299 337 3
319 240 2
121 57 4
13 164 3
188 213 5
325 108 4
70 12 4
259 322 3
26 126 3
300 231 4
351 208 4
183 284 3
172 87 3
223 91 4
138 158 4
86 85 2
317 333 3
304 12 3
193 333 3
215 258 3
116 38 2
133 106 5
250 110 4
372 51 3
17 217 3
207 247 2
242 315 4
183 8 3
103 146 4
234 117 2
346 80 3
260 324 5
59 222 5
217 374 3
266 10 3
161 29 5
291 150 4
150 7 4
116 343 3
10 361 3
113 201 2
15 42 4
267 146 4
42 4 2
367 240 2
154 276 3
293 51 4
260 352 2
330 28 4
89 66 3
35 281 3
31 7 4
8 74 4
311 286 2
87 234 5
253 149 3
112 279 2
71 135 3
164 99 3
161 163 3
293 234 5
302 178 3
348 200 3
9 115 5
61 249 4
188 5 5
250 368 3
127 350 4
94 74 4
299 289 2
164 323 3
41 46 3
272 95 1
323 34 2
136 135 3
89 263 5
221 7 3
271 237 4
204 231 4
31 291 4
196 218 3
320 155 2
264 15 3
373 203 2
233 142 3
139 149 3
60 18 4
55 133 4
254 277 4
31 79 3
329 58 3
96 193 3
316 301 3
14 115 1
235 225 5
344 108 3
163 185 5
91 191 3
314 101 2
327 19 3
128 148 3
47 82 2
368 69 3
371 224 4
137 195 4
34 24 3
134 259 3
134 357 4
168 76 4
88 171 3
83 50 5
257 180 3
122 314 2
336 320 3
30 162 3
210 54 3
63 281 4
4 264 4
6 74 3
165 175 3
144 251 4
136 29 4
103 230 4
59 20 3
307 51 3
355 142 4
299 342 2
239 198 4
148 161 3
289 282 2
356 191 3
269 111 3
160 273 3
49 336 4
206 138 3
225 44 4
191 129 3
37 248 4
353 255 3
344 119 2
244 344 3
357 201 2
219 308 3
53 131 4
303 67 4
367 246 4
119 1 3
158 159 2
200 125 4
265 43 4
104 141 4
294 54 5
118 100 3
262 165 4
75 291 4
115 153 5
135 366 5
170 150 3
85 282 3
303 338 2
62 213 3
169 14 3
24 346 3
94 65 3
129 203 3
29 366 2
168 304 4
354 367 3
269 49 5
100 208 3
244 207 3
310 370 3
122 199 3
98 233 5
298 297 3
167 271 3
347 32 3
268 348 3
226 105 2
120 124 4
152 154 3
283 356 3
74 177 3
34 271 3
366 92 3
362 91 3
50 93 3
130 165 2
323 167 3
275 278 2
220 22 3
35 68 3
77 330 4
65 177 3
337 92 5
371 316 2
248 195 4
3 146 5
209 14 3
264 86 3
318 349 3
178 286 4
293 181 4
243 61 3
159 206 2
245 339 2
192 198 4
85 2 4
284 42 3
351 50 4
351 118 2
262 267 3
348 16 3
36 21 6
15 27 2
369 358 3
197 45 3
210 333 3
47 122 3
356 203 4
76 228 3
34 335 3
360 132 2
223 304 4
360 100 3
288 360 5
198 272 6
342 197 3
106 212 3
212 248 3
190 95 5
345 48 3
84 45 3
162 181 4
133 189 4
101 199 3
1 28 3
79 49 3
114 301 3
202 37 3
5 301 3
177 214 3
370 120 5
61 60 3
164 204 3
45 342 4
40 355 2
215 7 4
39 313 3
249 93 4
359 319 3
362 356 5
53 13 2
123 166 4
352 324 3
13 99 4
112 124 4
262 229 3
20 155 3
235 359 5
19 140 4
131 285 2
81 158 4
264 274 4
140 327 4
270 201 2
33 45 3
66 201 2
152 343 5
37 41 4
194 64 4
13 214 3
176 139 3
303 144 4
94 339 4
176 331 3
202 55 3
301 57 3
157 90 5
335 237 4
241 186 3
53 6 2
302 186 3
242 102 2
97 296 3
246 72 4
304 76 2
353 11 5
162 205 4
151 24 4
6 285 3
78 265 3
62 114 5
335 167 2
75 79 3
65 111 2
172 117 1
328 114 4
342 105 2
337 178 1
331 288 3
206 81 4
4 15 3
350 173 2
138 270 3
239 3 3
361 324 4
82 139 4
170 306 4
292 179 4
12 76 4
257 126 4
288 47 4
20 49 3
52 326 3
38 263 4
261 343 3
153 14 3
16 43 3
166 289 4
23 237 4
109 175 3
314 209 4
275 83 3
104 255 4
121 334 4
148 32 4
141 68 3
156 374 4
30 308 4
320 305 4
184 73 3
152 276 2
81 187 3
3 262 4
157 147 3
219 11 4
296 58 4
350 230 4
86 2 2
251 175 3
271 335 5
297 128 3
125 16 2
137 12 2
220 260 3
241 33 3
185 135 3
298 292 3
236 132 3
196 33 4
223 168 2
258 306 3
63 353 3
279 292 3
360 209 3
244 247 2
11 238 3
236 18 3
44 240 3
193 302 3
97 305 3
82 32 3
169 9 3
117 87 3
123 92 3
292 251 5
309 190 2
39 156 4
9 153 3
98 265 3
274 4 2
318 280 4
255 88 3
253 326 2
315 277 2
63 126 2
217 157 4
121 316 3
191 196 4
218 373 4
339 284 2
22 352 4
95 321 4
178 54 5
227 143 3
224 40 3
313 179 4
212 233 3
242 194 3
245 221 3
48 231 6
341 155 3
118 93 4
10000
0
0
0
0
0
0
0
0
0
0
0
0
0
0
0
0
0
0
0
0
0
0
0
0
0
0
0
0
0
0
0
0
0
0
0
0
0
0
0
0
0
0
0
0
0
0
0
0
0
0
0
0
0
0
0
0
0
0
0
0
0
0
0
0
0
0
0
0
0
0
0
0
0
0
0
0
0
0
0
0
1
1 354
0
0
0
0
0
0
0
0
0
0
0
0
0
0
0
0
0
0
0
1
2 269
0
0
0
0
0
0
0
0
0
0
0
0
0
0
0
0
1
3 124
0
0
0
0
0
0
0
0
0
0
0
0
0
0
0
0
0
0
0
0
0
0
0
0
0
0
0
0
0
0
0
1
4 293
0
0
0
0
0
0
0
0
0
0
0
0
0
0
0
0
0
0
0
1
5 27
0
0
0
0
0
0
0
0
0
0
0
0
0
0
0
0
0
0
0
0
0
0
0
0
0
0
0
0
0
0
0
0
0
0
0
0
0
0
0
0
0
0
0
0
0
0
0
0
0
0
1
6 185
0
1
7 288
0
0
0
0
0
0
0
0
0
0
0
0
0
0
0
0
1
8 359
0
0
0
0
0
0
1
9 273
0
0
0
0
0
0
0
0
0
0
0
0
0
1
10 287
0
0
0
0
0
0
0
0
1
11 56
0
0
0
0
0
0
0
0
0
0
0
0
0
0
0
0
0
0
0
0
0
0
0
1
12 189
0
0
0
0
0
0
0
0
0
0
0
0
0
0
1
13 282
0
1
14 172
0
0
1
15 44
0
0
0
0
0
0
0
0
1
16 296
0
0
0
1
17 264
0
0
0
0
0
0
0
0
0
0
0
0
0
0
0
0
0
0
0
0
1
18 107
0
0
0
0
0
0
0
0
0
0
0
1
19 267
0
0
0
0
0
0
0
0
1
20 244
0
0
0
0
0
0
0
0
1
21 225
0
0
0
0
1
22 187
0
0
0
0
0
0
0
0
0
0
0
1
23 92
0
0
0
0
0
0
0
1
24 144
0
0
0
0
0
0
0
0
0
0
0
0
0
0
0
0
0
0
1
25 32
0
0
0
0
0
0
0
0
0
0
0
0
0
0
0
0
0
0
0
0
1
26 356
0
0
1
27 240
0
1
28 271
0
0
0
0
1
29 22
0
0
0
0
0
0
0
1
30 370
0
0
0
0
0
0
0
0
0
0
1
31 167
0
0
0
0
0
0
0
0
0
0
0
0
0
0
0
0
0
0
0
1
32 88
0
0
0
0
0
0
0
0
1
33 372
0
0
0
0
1
34 9
1
35 20
0
0
0
0
0
1
36 285
0
0
1
37 6
0
0
0
0
0
0
1
38 75
0
0
0
0
0
1
39 21
0
0
0
0
1
40 199
0
0
0
0
0
0
0
0
0
0
0
0
1
41 161
0
0
1
42 310
0
1
43 167
0
1
44 43
0
0
0
0
0
0
1
45 270
0
0
1
46 294
1
47 84
1
48 196
0
0
0
1
49 77
0
0
0
0
0
0
1
50 52
0
0
0
0
0
0
0
0
0
1
51 2
0
0
0
0
0
0
0
0
0
0
1
52 26
0
0
0
0
0
0
0
0
0
0
0
0
1
53 347
0
0
0
0
0
1
54 242
0
0
0
1
55 105
0
0
0
0
0
0
0
0
0
0
0
0
0
0
0
0
0
0
0
0
0
0
0
0
0
0
0
0
0
0
0
0
0
0
0
1
56 358
1
57 141
0
0
0
0
0
0
0
0
0
0
0
1
58 338
0
0
1
59 305
0
0
0
0
0
1
60 74
0
0
0
0
0
0
0
1
61 216
0
0
1
62 164
0
0
0
0
0
0
0
0
0
1
63 17
0
0
1
64 89
0
0
0
0
0
0
1
65 145
1
66 57
0
1
67 171
0
0
1
68 27
1
69 13
0
0
0
0
0
0
1
70 262
1
71 21
1
72 209
1
73 153
0
0
1
74 221
1
75 97
0
0
0
0
0
1
76 3
0
1
77 204
0
0
0
0
0
0
0
1
78 240
0
0
0
0
0
1
79 218
0
0
0
0
0
0
1
80 149
0
0
1
81 355
0
0
0
0
0
0
1
82 284
0
0
1
83 77
0
0
0
0
1
84 331
1
85 256
1
86 299
0
0
0
0
0
1
87 340
0
0
0
0
1
88 36
0
0
0
0
0
1
89 162
0
0
0
0
0
0
1
90 348
0
0
1
91 191
0
0
0
0
0
0
0
1
92 172
0
0
1
93 13
0
0
0
0
1
94 144
0
1
95 297
1
96 72
0
0
0
0
0
0
0
0
0
0
1
97 109
0
1
98 94
0
0
1
99 52
0
0
0
1
100 322
0
0
0
0
1
101 309
0
1
102 283
1
103 231
0
0
0
0
0
1
104 111
1
105 193
0
1
106 209
0
0
0
0
0
0
1
107 200
0
0
0
0
1
108 233
0
0
0
1
109 216
0
0
0
0
1
110 8
0
1
111 63
1
112 133
0
1
113 270
0
0
0
1
114 192
0
0
0
0
0
0
0
0
0
1
115 224
0
0
1
116 210
0
0
0
0
0
1
117 8
0
0
0
0
1
118 96
0
0
1
119 111
1
120 298
0
0
0
0
0
0
0
0
0
1
121 67
0
0
1
122 103
1
123 122
0
0
1
124 76
0
0
0
0
0
1
125 113
1
126 299
0
0
1
127 96
0
0
0
1
128 269
0
1
129 106
0
0
0
0
0
0
1
130 150
0
0
0
0
0
0
0
0
0
0
0
0
0
1
131 294
0
1
132 328
1
133 31
0
1
134 331
1
135 214
1
136 32
1
137 98
0
0
0
1
138 288
1
139 365
1
140 19
0
0
0
0
1
141 193
1
142 4
0
0
1
143 311
1
144 334
0
0
0
1
145 338
0
0
0
0
1
146 277
1
147 373
0
1
148 249
0
0
0
0
0
0
1
149 170
0
0
1
150 102
0
0
0
0
1
151 139
0
0
0
1
152 244
0
0
0
0
0
0
1
153 234
0
1
154 362
0
0
1
155 289
0
0
0
0
1
156 4
0
1
157 15
0
0
1
158 111
1
159 48
1
160 323
0
0
1
161 10
0
0
0
0
1
162 273
0
0
0
0
0
0
1
163 184
0
0
0
1
164 332
0
0
0
0
0
0
0
1
165 5
0
0
1
166 19
1
167 285
0
0
0
1
168 285
1
169 366
0
1
170 273
0
1
171 2
1
172 154
0
0
0
0
0
1
173 335
0
0
0
1
174 233
0
0
0
0
1
175 58
0
0
1
176 49
1
177 362
1
178 367
0
0
0
0
0
0
1
179 162
0
0
0
0
1
180 106
0
0
0
1
181 238
0
0
0
0
1
182 35
1
183 296
0
1
184 230
0
1
185 89
0
0
1
186 34
1
187 310
1
188 350
1
189 288
0
0
0
0
0
0
0
0
1
190 72
0
1
191 7
0
1
192 275
0
0
0
0
0
0
0
0
1
193 196
1
194 234
0
1
195 79
0
1
196 105
1
197 274
0
0
1
198 81
1
199 179
0
1
200 5
1
201 114
0
1
202 41
0
0
0
0
1
203 118
0
0
0
0
0
0
1
204 54
1
205 326
0
0
0
0
0
0
0
0
0
0
0
1
206 346
1
207 8
0
0
0
0
0
1
208 213
0
1
209 90
0
0
1
210 186
0
1
211 41
1
212 340
0
0
0
1
213 283
0
1
214 291
0
1
215 162
0
1
216 177
0
1
217 139
0
1
218 84
0
0
0
0
0
0
0
0
0
0
1
219 181
0
0
1
220 188
1
221 50
0
0
1
222 253
0
0
1
223 285
0
1
224 342
0
1
225 79
1
226 8
1
227 141
0
0
0
0
0
0
1
228 278
0
0
0
0
1
229 145
1
230 196
1
231 148
1
232 230
1
233 57
1
234 85
0
1
235 114
1
236 343
0
0
1
237 277
0
1
238 272
1
239 143
0
0
1
240 133
0
0
1
241 153
0
0
0
1
242 107
0
1
243 360
0
0
0
1
244 121
1
245 86
0
0
0
1
246 155
1
247 359
0
0
1
248 273
1
249 362
0
1
250 34
1
251 7
1
252 112
0
0
1
253 18
0
0
0
0
1
254 294
1
255 105
0
0
1
256 287
0
1
257 256
1
258 300
0
1
259 335
0
0
0
0
1
260 322
1
261 342
1
262 157
1
263 13
1
264 177
1
265 300
1
266 279
1
267 240
0
0
1
268 146
0
1
269 308
0
0
1
270 63
1
271 195
1
272 300
0
1
273 147
1
274 292
1
275 13
0
0
1
276 171
1
277 128
0
1
278 138
1
279 40
0
0
1
280 345
1
281 49
0
0
1
282 356
0
0
0
0
0
1
283 327
1
284 370
1
285 249
0
1
286 258
0
0
1
287 206
1
288 294
1
289 4
0
0
0
1
290 350
0
1
291 363
0
0
0
1
292 350
0
1
293 158
0
0
1
294 296
1
295 111
0
0
0
0
0
0
0
1
296 251
0
0
0
0
1
297 154
0
1
298 269
0
0
1
299 223
0
1
300 319
0
1
301 140
0
0
1
302 282
0
1
303 276
0
0
0
1
304 192
0
1
305 359
1
306 187
0
1
307 203
0
1
308 273
0
0
0
1
309 369
0
1
310 362
0
1
311 280
1
312 142
0
1
313 236
1
314 126
1
315 145
0
0
0
1
316 167
0
1
317 202
1
318 160
1
319 362
0
1
320 283
0
1
321 188
1
322 363
0
0
1
323 307
0
0
0
1
324 152
0
0
0
0
0
0
0
1
325 2
1
326 260
0
1
327 27
1
328 237
1
329 190
0
0
1
330 118
0
0
1
331 346
1
332 183
1
333 261
0
1
334 285
1
335 180
0
0
0
0
1
336 4
0
1
337 247
0
1
338 152
1
339 281
0
1
340 228
1
341 263
1
342 207
0
1
343 237
0
1
344 258
0
1
345 349
0
1
346 360
1
347 162
0
0
0
0
0
0
0
0
1
348 36
0
1
349 284
1
350 261
1
351 272
0
0
0
1
352 178
1
353 325
0
1
354 86
1
355 310
0
1
356 370
0
1
357 8
0
0
0
0
0
0
1
358 217
1
359 127
0
0
0
0
0
0
1
360 19
0
1
361 54
0
0
1
362 131
0
0
1
363 138
0
1
364 243
0
0
1
365 65
0
1
366 327
1
367 278
1
368 11
0
1
369 99
0
1
370 308
0
0
1
371 167
1
372 31
0
1
373 230
0
0
0
0
0
1
374 150
1
375 104
1
376 230
0
1
377 330
0
1
378 187
0
0
1
379 204
0
0
0
0
0
1
380 338
1
381 47
1
382 190
1
383 35
0
1
384 269
0
0
0
1
385 196
0
0
1
386 92
1
387 19
1
388 160
1
389 115
0
1
390 174
1
391 345
1
392 207
0
1
393 232
1
394 323
1
395 49
1
396 148
0
1
397 106
0
1
398 295
0
0
0
0
0
0
0
0
1
399 334
1
400 274
1
401 31
1
402 177
0
1
403 276
1
404 95
0
1
405 237
1
406 95
1
407 70
1
408 180
0
0
0
0
1
409 191
1
410 323
1
411 220
0
0
0
0
0
0
0
0
0
1
412 184
0
1
413 283
1
414 73
0
1
415 299
1
416 354
0
1
417 104
0
0
0
0
1
418 144
1
419 59
1
420 371
0
0
0
0
0
0
0
0
0
1
421 8
1
422 14
0
0
0
0
0
0
1
423 369
0
0
0
1
424 374
0
1
425 227
1
426 250
1
427 206
1
428 29
1
429 308
1
430 133
0
1
431 266
1
432 214
1
433 279
0
1
434 184
1
435 117
1
436 252
0
1
437 256
1
438 213
0
1
439 127
0
0
1
440 232
1
441 17
0
1
442 291
0
0
1
443 173
0
1
444 185
0
0
1
445 4
1
446 215
0
1
447 174
0
1
448 65
0
1
449 329
0
1
450 169
1
451 250
1
452 294
0
0
1
453 180
0
0
1
454 266
0
0
1
455 232
0
0
1
456 271
1
457 322
1
458 297
0
1
459 279
1
460 192
1
461 136
1
462 174
1
463 203
0
0
0
0
1
464 73
0
0
0
0
1
465 185
0
0
1
466 313
0
1
467 345
0
0
0
1
468 258
0
0
1
469 2
0
1
470 97
0
0
0
0
0
0
1
471 199
0
0
1
472 7
1
473 31
0
0
1
474 124
1
475 321
0
1
476 80
0
0
1
477 106
0
0
1
478 304
0
1
479 309
0
0
0
1
480 365
0
1
481 64
1
482 88
1
483 184
0
0
1
484 356
1
485 330
1
486 71
0
1
487 41
1
488 306
0
1
489 131
0
1
490 334
1
491 13
1
492 232
0
1
493 261
1
494 134
0
1
495 148
1
496 171
0
1
497 173
1
498 29
0
1
499 349
0
1
500 41
1
501 356
1
502 119
1
503 79
1
504 120
0
0
0
0
1
505 292
0
0
1
506 330
0
1
507 14
1
508 350
0
1
509 293
1
510 101
1
511 185
1
512 273
1
513 209
1
514 171
1
515 213
1
516 311
1
517 123
1
518 238
1
519 35
0
1
520 36
0
0
0
0
0
0
1
521 183
1
522 198
1
523 27
1
524 220
0
0
0
1
525 131
0
0
0
1
526 28
1
527 296
0
0
1
528 29
1
529 349
1
530 8
0
0
1
531 238
0
0
1
532 74
1
533 321
0
1
534 356
1
535 362
0
0
1
536 18
0
0
1
537 343
1
538 191
1
539 354
1
540 304
0
0
0
1
541 20
0
1
542 110
0
0
0
1
543 203
0
1
544 57
0
0
1
545 204
1
546 111
1
547 156
1
548 318
0
1
549 83
0
0
1
550 288
1
551 372
1
552 295
1
553 300
1
554 91
1
555 146
1
556 7
0
0
1
557 303
0
1
558 112
0
1
559 5
0
1
560 356
0
0
1
561 137
1
562 373
1
563 330
1
564 88
1
565 20
1
566 273
1
567 300
0
1
568 217
1
569 354
1
570 349
1
571 223
1
572 297
1
573 275
0
1
574 140
0
1
575 353
1
576 205
1
577 283
0
0
0
0
1
578 156
1
579 278
0
1
580 367
1
581 108
0
0
1
582 33
0
1
583 325
1
584 246
1
585 244
0
1
586 262
1
587 198
1
588 30
1
589 372
1
590 3
1
591 86
0
0
1
592 77
1
593 301
0
0
1
594 13
1
595 287
1
596 88
1
597 64
1
598 292
0
0
0
0
1
599 357
1
600 355
0
1
601 266
0
1
602 211
1
603 13
1
604 341
0
1
605 143
1
606 225
1
607 294
1
608 82
0
0
1
609 352
1
610 251
1
611 292
0
0
1
612 87
1
613 346
1
614 54
1
615 266
1
616 309
0
1
617 271
1
618 196
0
0
1
619 365
1
620 62
1
621 328
1
622 179
1
623 239
1
624 374
0
0
1
625 259
1
626 96
1
627 133
1
628 372
1
629 163
1
630 264
1
631 354
1
632 39
1
633 147
0
0
0
0
1
634 108
0
1
635 11
1
636 168
1
637 349
1
638 27
1
639 2
1
640 153
0
0
1
641 136
1
642 177
0
1
643 146
0
0
1
644 131
0
0
1
645 78
1
646 36
0
1
647 43
1
648 140
1
649 8
1
650 307
1
651 145
1
652 199
1
653 27
1
654 270
0
0
1
655 41
1
656 329
0
1
657 208
1
658 142
1
659 17
0
1
660 250
1
661 193
0
1
662 227
1
663 215
1
664 348
0
1
665 36
1
666 164
1
667 319
1
668 203
0
1
669 348
0
1
670 236
0
1
671 153
0
1
672 189
1
673 264
1
674 8
1
675 316
0
1
676 213
1
677 192
0
1
678 20
1
679 103
1
680 135
1
681 318
1
682 324
1
683 274
1
684 182
1
685 166
0
0
1
686 111
0
0
1
687 349
0
1
688 206
0
1
689 366
0
0
0
0
1
690 196
0
0
1
691 356
1
692 220
0
1
693 361
0
1
694 139
1
695 149
0
1
696 269
1
697 151
1
698 160
0
0
1
699 183
1
700 24
0
1
701 177
1
702 67
0
1
703 256
1
704 42
0
0
1
705 221
0
1
706 110
1
707 109
0
0
0
0
1
708 269
0
0
0
1
709 207
0
1
710 17
1
711 184
1
712 356
0
1
713 103
1
714 8
1
715 169
1
716 13
1
717 233
0
1
718 11
1
719 291
1
720 373
0
1
721 356
1
722 360
0
0
1
723 60
1
724 131
0
0
1
725 123
1
726 215
1
727 159
1
728 145
1
729 153
0
1
730 274
0
1
731 97
0
0
0
1
732 262
0
0
1
733 312
0
0
1
734 203
1
735 16
0
0
1
736 28
1
737 255
1
738 306
1
739 27
0
1
740 4
1
741 232
0
1
742 301
1
743 253
0
1
744 103
1
745 91
0
0
0
1
746 336
1
747 343
0
1
748 21
1
749 212
0
0
1
750 269
0
0
0
1
751 118
1
752 316
1
753 172
1
754 177
1
755 216
1
756 118
1
757 302
1
758 49
1
759 103
0
1
760 113
1
761 287
0
1
762 37
0
1
763 183
1
764 49
1
765 369
1
766 265
1
767 100
1
768 143
1
769 108
1
770 84
0
1
771 30
0
1
772 285
1
773 215
1
774 345
0
1
775 215
0
1
776 132
1
777 72
1
778 333
1
779 163
0
1
780 373
0
1
781 219
1
782 5
1
783 321
0
1
784 49
0
0
0
1
785 8
1
786 128
1
787 36
0
1
788 284
1
789 151
0
1
790 223
1
791 273
0
1
792 355
1
793 302
0
1
794 300
1
795 201
1
796 281
0
1
797 280
0
1
798 325
1
799 203
0
0
1
800 104
1
801 91
1
802 226
0
1
803 226
0
0
1
804 325
1
805 187
1
806 160
0
0
0
1
807 94
1
808 308
1
809 74
1
810 102
0
1
811 102
1
812 28
0
0
1
813 203
0
1
814 328
1
815 240
1
816 317
1
817 176
1
818 358
1
819 277
0
0
0
0
1
820 42
1
821 27
1
822 58
1
823 238
0
1
824 154
0
1
825 199
1
826 136
0
1
827 292
1
828 191
0
0
1
829 164
0
0
0
0
1
830 110
1
831 138
1
832 46
0
0
1
833 363
0
1
834 21
1
835 365
1
836 374
0
1
837 203
0
1
838 177
0
1
839 25
0
1
840 183
1
841 315
1
842 238
0
0
1
843 65
0
1
844 268
0
1
845 306
1
846 230
0
1
847 35
1
848 276
1
849 344
0
0
1
850 300
0
1
851 279
0
1
852 12
1
853 33
1
854 153
0
1
855 273
1
856 82
1
857 186
0
1
858 94
0
0
0
0
1
859 66
1
860 296
1
861 44
0
0
1
862 22
1
863 279
1
864 8
1
865 173
1
866 176
1
867 158
1
868 344
0
1
869 9
1
870 141
1
871 270
1
872 259
1
873 240
0
1
874 275
1
875 167
1
876 191
1
877 367
1
878 284
1
879 54
0
1
880 65
0
1
881 275
1
882 324
1
883 27
1
884 171
1
885 147
0
1
886 345
1
887 271
1
888 216
1
889 212
0
0
0
1
890 198
1
891 374
1
892 14
1
893 368
1
894 264
0
1
895 257
1
896 237
0
1
897 303
0
1
898 156
0
0
1
899 164
1
900 98
0
0
1
901 322
0
1
902 109
1
903 163
1
904 261
0
0
0
0
1
905 160
1
906 227
1
907 169
1
908 164
0
1
909 341
1
910 214
1
911 215
1
912 41
1
913 168
1
914 104
1
915 285
1
916 282
1
917 49
1
918 283
0
1
919 147
1
920 157
1
921 68
1
922 347
1
923 272
1
924 245
1
925 179
1
926 90
1
927 253
0
0
1
928 240
1
929 73
1
930 13
1
931 264
1
932 8
1
933 13
1
934 201
1
935 159
0
1
936 305
1
937 285
1
938 335
1
939 194
1
940 150
1
941 210
1
942 167
1
943 363
1
944 370
0
1
945 18
1
946 204
1
947 101
1
948 140
1
949 334
1
950 111
0
1
951 363
0
1
952 232
0
0
1
953 69
1
954 76
1
955 118
1
956 179
1
957 182
1
958 65
0
0
1
959 15
1
960 142
1
961 345
1
962 264
1
963 32
0
1
964 147
1
965 182
1
966 142
1
967 150
1
968 274
1
969 77
1
970 173
1
971 250
0
0
1
972 305
1
973 118
1
974 200
1
975 208
1
976 295
1
977 318
1
978 283
1
979 65
1
980 54
1
981 123
1
982 184
0
0
1
983 167
1
984 18
1
985 214
1
986 105
0
1
987 246
1
988 256
0
1
989 81
1
990 124
0
0
0
0
1
991 307
0
1
992 298
1
993 214
1
994 32
0
0
1
995 192
1
996 257
1
997 35
1
998 204
1
999 214
1
1000 269
0
1
1001 9
0
1
1002 276
0
0
1
1003 281
1
1004 233
1
1005 130
0
1
1006 80
0
0
0
0
1
1007 213
1
1008 181
1
1009 214
0
1
1010 255
0
1
1011 177
1
1012 98
1
1013 185
1
1014 305
1
1015 141
1
1016 290
0
1
1017 372
0
0
1
1018 320
1
1019 52
1
1020 247
0
1
1021 191
1
1022 254
1
1023 322
1
1024 75
1
1025 54
0
1
1026 32
0
1
1027 123
0
1
1028 185
1
1029 247
1
1030 196
1
1031 61
1
1032 233
0
1
1033 188
1
1034 141
1
1035 117
1
1036 214
0
1
1037 191
1
1038 275
1
1039 91
1
1040 236
1
1041 221
0
0
1
1042 323
1
1043 154
1
1044 235
1
1045 109
1
1046 180
0
1
1047 269
0
1
1048 224
1
1049 9
0
1
1050 137
1
1051 109
0
0
1
1052 361
1
1053 17
1
1054 95
1
1055 45
1
1056 172
1
1057 118
1
1058 280
1
1059 336
1
1060 134
0
1
1061 167
1
1062 61
1
1063 208
1
1064 321
1
1065 229
1
1066 178
1
1067 75
1
1068 118
1
1069 23
1
1070 117
1
1071 163
1
1072 113
1
1073 13
1
1074 223
1
1075 196
0
1
1076 143
1
1077 160
1
1078 294
1
1079 273
1
1080 101
1
1081 70
1
1082 12
1
1083 113
1
1084 244
1
1085 44
1
1086 3
1
1087 264
1
1088 318
1
1089 353
1
1090 73
1
1091 252
1
1092 255
1
1093 130
1
1094 220
1
1095 165
1
1096 2
1
1097 168
1
1098 2
0
0
1
1099 250
1
1100 366
1
1101 19
1
1102 28
1
1103 320
0
1
1104 352
1
1105 292
1
1106 34
1
1107 74
1
1108 317
1
1109 236
1
1110 147
0
1
1111 297
1
1112 273
0
1
1113 267
1
1114 365
1
1115 205
1
1116 282
1
1117 287
1
1118 156
0
1
1119 195
1
1120 82
1
1121 239
0
0
1
1122 5
1
1123 52
1
1124 300
1
1125 169
0
0
1
1126 260
1
1127 151
0
1
1128 304
1
1129 339
1
1130 203
1
1131 26
0
0
1
1132 304
1
1133 189
1
1134 296
0
1
1135 290
1
1136 42
1
1137 234
1
1138 215
1
1139 345
1
1140 159
1
1141 356
1
1142 115
1
1143 91
1
1144 60
0
1
1145 224
1
1146 318
1
1147 220
0
0
1
1148 102
1
1149 87
1
1150 103
1
1151 165
1
1152 59
1
1153 279
1
1154 356
0
1
1155 158
1
1156 77
1
1157 247
0
1
1158 87
1
1159 162
1
1160 218
0
1
1161 173
1
1162 211
0
1
1163 206
1
1164 176
1
1165 59
1
1166 301
1
1167 78
1
1168 362
1
1169 8
0
1
1170 35
1
1171 372
1
1172 94
1
1173 76
1
1174 112
1
1175 253
1
1176 261
0
1
1177 274
1
1178 340
1
1179 365
1
1180 140
1
1181 103
1
1182 351
1
1183 24
1
1184 296
1
1185 32
1
1186 49
0
1
1187 123
1
1188 264
1
1189 230
1
1190 193
1
1191 274
1
1192 107
1
1193 292
1
1194 27
0
1
1195 31
1
1196 230
1
1197 30
1
1198 129
1
1199 33
1
1200 262
1
1201 298
1
1202 181
1
1203 197
1
1204 27
1
1205 269
1
1206 130
1
1207 341
1
1208 131
1
1209 31
1
1210 251
1
1211 31
1
1212 63
1
1213 249
1
1214 125
1
1215 282
1
1216 344
1
1217 321
1
1218 125
1
1219 312
0
1
1220 341
1
1221 342
1
1222 281
1
1223 240
1
1224 176
1
1225 236
1
1226 170
1
1227 173
0
1
1228 362
1
1229 307
1
1230 335
1
1231 214
1
1232 343
1
1233 182
1
1234 362
1
1235 224
1
1236 131
1
1237 15
1
1238 345
1
1239 311
1
1240 73
1
1241 272
1
1242 94
1
1243 340
1
1244 227
1
1245 37
1
1246 293
1
1247 52
1
1248 30
1
1249 262
1
1250 250
1
1251 232
0
1
1252 42
1
1253 4
1
1254 131
1
1255 146
1
1256 193
0
1
1257 201
1
1258 152
1
1259 290
1
1260 186
1
1261 337
1
1262 319
1
1263 365
1
1264 36
1
1265 360
1
1266 23
1
1267 327
1
1268 259
1
1269 197
1
1270 85
1
1271 191
1
1272 6
1
1273 99
1
1274 206
1
1275 358
1
1276 269
1
1277 347
0
1
1278 163
0
1
1279 112
1
1280 101
1
1281 106
1
1282 93
1
1283 357
1
1284 354
0
1
1285 50
1
1286 26
1
1287 184
1
1288 293
1
1289 303
0
1
1290 65
1
1291 314
1
1292 135
1
1293 2
1
1294 278
1
1295 30
1
1296 42
1
1297 215
1
1298 157
1
1299 8
1
1300 60
1
1301 58
1
1302 8
1
1303 227
1
1304 169
0
1
1305 359
0
1
1306 354
1
1307 203
1
1308 120
1
1309 313
1
1310 56
1
1311 153
1
1312 7
1
1313 133
1
1314 130
1
1315 20
1
1316 140
0
1
1317 294
1
1318 85
1
1319 11
1
1320 84
1
1321 359
0
1
1322 309
1
1323 361
1
1324 188
1
1325 361
1
1326 221
1
1327 286
1
1328 166
1
1329 291
1
1330 189
1
1331 67
1
1332 100
1
1333 45
1
1334 307
0
1
1335 197
1
1336 368
1
1337 137
0
1
1338 334
0
0
1
1339 356
0
1
1340 115
1
1341 85
1
1342 186
0
1
1343 360
1
1344 186
0
1
1345 229
1
1346 209
1
1347 191
1
1348 140
1
1349 318
1
1350 222
1
1351 10
1
1352 227
1
1353 32
1
1354 117
1
1355 161
1
1356 320
1
1357 105
1
1358 18
1
1359 131
1
1360 116
1
1361 176
1
1362 299
0
1
1363 338
1
1364 157
0
1
1365 344
1
1366 264
1
1367 365
1
1368 353
1
1369 217
0
1
1370 164
1
1371 342
1
1372 122
0
1
1373 95
1
1374 71
1
1375 317
1
1376 19
1
1377 267
1
1378 192
1
1379 274
1
1380 85
1
1381 31
1
1382 144
1
1383 19
1
1384 180
1
1385 264
1
1386 294
0
1
1387 230
1
1388 279
1
1389 203
1
1390 339
1
1391 183
1
1392 116
1
1393 42
1
1394 53
1
1395 300
1
1396 173
1
1397 196
1
1398 172
1
1399 68
1
1400 153
1
1401 246
1
1402 56
1
1403 204
1
1404 245
1
1405 305
1
1406 226
1
1407 250
1
1408 325
1
1409 335
1
1410 283
1
1411 58
1
1412 99
1
1413 20
1
1414 32
1
1415 357
1
1416 301
1
1417 164
1
1418 82
1
1419 296
1
1420 105
1
1421 231
1
1422 173
0
1
1423 250
1
1424 353
1
1425 59
1
1426 260
1
1427 285
1
1428 180
1
1429 275
1
1430 77
1
1431 155
1
1432 189
0
1
1433 214
1
1434 15
1
1435 339
1
1436 64
1
1437 317
1
1438 315
1
1439 277
1
1440 310
1
1441 161
1
1442 122
1
1443 342
1
1444 86
1
1445 351
1
1446 166
1
1447 6
1
1448 37
1
1449 373
1
1450 361
1
1451 316
1
1452 269
1
1453 268
1
1454 157
1
1455 187
1
1456 326
1
1457 32
1
1458 346
1
1459 14
1
1460 74
1
1461 139
1
1462 129
1
1463 31
1
1464 113
1
1465 42
1
1466 228
1
1467 36
1
1468 90
1
1469 247
1
1470 36
1
1471 72
1
1472 141
1
1473 223
1
1474 296
0
1
1475 358
1
1476 294
1
1477 114
0
0
1
1478 150
1
1479 223
1
1480 257
1
1481 37
1
1482 188
1
1483 320
1
1484 280
1
1485 4
1
1486 65
1
1487 267
1
1488 357
1
1489 363
1
1490 49
1
1491 38
1
1492 129
1
1493 253
1
1494 73
1
1495 207
1
1496 4
1
1497 22
1
1498 57
1
1499 206
1
1500 268
1
1501 373
1
1502 56
1
1503 243
1
1504 323
1
1505 25
1
1506 214
1
1507 220
1
1508 115
1
1509 36
0
1
1510 264
0
0
1
1511 208
1
1512 91
1
1513 160
1
1514 64
1
1515 57
1
1516 9
1
1517 145
1
1518 296
1
1519 190
1
1520 288
1
1521 162
1
1522 207
1
1523 236
1
1524 38
1
1525 21
1
1526 182
1
1527 117
1
1528 85
1
1529 228
0
1
1530 306
1
1531 67
1
1532 88
0
1
1533 14
1
1534 258
1
1535 362
1
1536 25
1
1537 102
1
1538 64
1
1539 35
0
1
1540 211
1
1541 80
1
1542 39
1
1543 241
1
1544 103
1
1545 20
1
1546 37
1
1547 361
1
1548 241
1
1549 139
0
1
1550 369
1
1551 258
1
1552 143
1
1553 304
1
1554 218
0
1
1555 148
1
1556 336
1
1557 139
1
1558 154
1
1559 138
1
1560 6
1
1561 111
1
1562 285
1
1563 128
0
1
1564 173
0
1
1565 250
1
1566 372
1
1567 365
0
1
1568 170
1
1569 153
1
1570 297
1
1571 246
1
1572 196
1
1573 92
1
1574 81
1
1575 253
1
1576 245
1
1577 264
1
1578 346
1
1579 108
1
1580 274
1
1581 14
1
1582 38
1
1583 39
1
1584 374
1
1585 254
1
1586 51
1
1587 31
1
1588 171
1
1589 185
1
1590 167
1
1591 91
1
1592 145
1
1593 30
1
1594 237
1
1595 342
1
1596 196
1
1597 119
1
1598 80
1
1599 55
1
1600 327
1
1601 273
1
1602 132
1
1603 181
1
1604 264
1
1605 69
1
1606 319
1
1607 324
1
1608 177
1
1609 2
1
1610 110
1
1611 279
1
1612 272
1
1613 41
1
1614 295
1
1615 143
1
1616 302
1
1617 33
1
1618 148
1
1619 63
1
1620 56
1
1621 366
1
1622 300
1
1623 33
1
1624 67
1
1625 221
1
1626 302
1
1627 74
1
1628 93
1
1629 336
1
1630 233
1
1631 143
1
1632 50
1
1633 49
1
1634 262
1
1635 351
1
1636 188
1
1637 260
1
1638 203
1
1639 242
1
1640 222
1
1641 309
1
1642 170
1
1643 142
1
1644 146
1
1645 127
1
1646 334
1
1647 166
1
1648 139
1
1649 238
1
1650 283
1
1651 330
1
1652 57
1
1653 164
1
1654 310
1
1655 8
1
1656 10
1
1657 133
1
1658 257
1
1659 39
1
1660 196
1
1661 96
1
1662 290
1
1663 145
1
1664 38
1
1665 289
1
1666 105
1
1667 40
1
1668 30
1
1669 109
1
1670 86
1
1671 218
1
1672 205
1
1673 169
1
1674 9
1
1675 143
1
1676 118
1
1677 61
1
1678 4
1
1679 300
1
1680 264
1
1681 159
1
1682 66
1
1683 365
1
1684 158
1
1685 50
1
1686 120
1
1687 43
1
1688 277
1
1689 40
1
1690 123
1
1691 131
1
1692 83
1
1693 320
1
1694 53
1
1695 260
1
1696 70
1
1697 362
1
1698 206
1
1699 310
1
1700 44
1
1701 242
1
1702 244
1
1703 221
1
1704 370
1
1705 240
1
1706 364
1
1707 106
1
1708 259
1
1709 211
1
1710 254
1
1711 291
1
1712 343
1
1713 110
1
1714 274
1
1715 185
1
1716 278
1
1717 144
1
1718 305
1
1719 339
1
1720 91
1
1721 139
1
1722 138
1
1723 142
1
1724 134
1
1725 288
1
1726 66
1
1727 59
1
1728 23
1
1729 254
1
1730 214
1
1731 132
1
1732 37
1
1733 319
1
1734 8
1
1735 29
1
1736 84
1
1737 55
1
1738 361
1
1739 90
1
1740 139
1
1741 260
1
1742 192
1
1743 27
1
1744 41
1
1745 248
1
1746 222
1
1747 61
1
1748 347
1
1749 264
1
1750 79
1
1751 284
1
1752 199
1
1753 345
1
1754 166
1
1755 192
1
1756 40
1
1757 143
1
1758 142
1
1759 261
1
1760 333
1
1761 248
1
1762 248
1
1763 73
1
1764 300
1
1765 96
1
1766 177
1
1767 221
1
1768 326
1
1769 222
1
1770 46
1
1771 258
1
1772 306
1
1773 314
1
1774 289
1
1775 283
1
1776 105
1
1777 26
0
1
1778 359
1
1779 349
1
1780 160
1
1781 23
1
1782 356
1
1783 198
1
1784 141
1
1785 340
1
1786 136
1
1787 124
1
1788 242
1
1789 339
1
1790 242
1
1791 285
1
1792 74
1
1793 86
1
1794 186
1
1795 93
1
1796 364
1
1797 189
1
1798 229
1
1799 74
1
1800 171
1
1801 15
1
1802 139
1
1803 281
1
1804 32
1
1805 215
1
1806 179
1
1807 293
1
1808 245
1
1809 236
1
1810 373
1
1811 190
1
1812 54
1
1813 146
1
1814 114
1
1815 298
1
1816 74
1
1817 195
1
1818 9
1
1819 126
1
1820 47
1
1821 201
1
1822 356
1
1823 163
1
1824 143
1
1825 82
1
1826 63
1
1827 19
1
1828 81
1
1829 338
1
1830 78
1
1831 284
1
1832 214
1
1833 161
1
1834 355
1
1835 290
1
1836 78
1
1837 78
1
1838 212
1
1839 344
1
1840 75
1
1841 215
1
1842 195
1
1843 319
1
1844 36
1
1845 256
1
1846 268
1
1847 104
1
1848 323
1
1849 369
1
1850 373
1
1851 239
1
1852 159
1
1853 243
1
1854 28
1
1855 10
1
1856 124
1
1857 242
1
1858 42
1
1859 97
1
1860 32
1
1861 306
1
1862 170
1
1863 272
1
1864 300
1
1865 59
1
1866 257
1
1867 211
1
1868 87
1
1869 342
1
1870 107
1
1871 206
1
1872 136
1
1873 216
1
1874 289
1
1875 46
1
1876 334
1
1877 183
1
1878 266
1
1879 6
1
1880 309
1
1881 264
1
1882 148
1
1883 185
1
1884 340
1
1885 75
1
1886 72
0
1
1887 210
1
1888 239
1
1889 143
1
1890 39
1
1891 264
1
1892 336
1
1893 344
1
1894 233
1
1895 312
1
1896 109
1
1897 129
1
1898 183
1
1899 195
1
1900 231
1
1901 160
1
1902 177
0
1
1903 283
1
1904 183
1
1905 367
1
1906 204
0
1
1907 320
1
1908 316
1
1909 121
1
1910 168
1
1911 284
1
1912 213
1
1913 284
1
1914 134
1
1915 374
1
1916 298
1
1917 50
1
1918 300
1
1919 362
1
1920 274
0
1
1921 248
1
1922 70
1
1923 58
1
1924 152
1
1925 192
1
1926 176
1
1927 172
1
1928 339
1
1929 323
1
1930 276
1
1931 77
1
1932 316
1
1933 35
1
1934 321
1
1935 221
1
1936 276
1
1937 285
1
1938 170
1
1939 291
1
1940 349
0
1
1941 198
1
1942 167
1
1943 264
1
1944 82
1
1945 301
1
1946 372
1
1947 48
1
1948 242
1
1949 253
1
1950 325
1
1951 367
1
1952 65
1
1953 113
1
1954 209
1
1955 102
1
1956 120
1
1957 179
1
1958 227
1
1959 363
1
1960 335
1
1961 42
1
1962 327
1
1963 7
1
1964 83
1
1965 353
1
1966 194
1
1967 102
1
1968 120
1
1969 159
1
1970 125
1
1971 356
1
1972 274
1
1973 277
1
1974 129
1
1975 149
1
1976 34
1
1977 282
1
1978 366
1
1979 311
0
1
1980 117
0
0
1
1981 82
1
1982 356
1
1983 70
1
1984 127
1
1985 213
1
1986 7
1
1987 300
0
1
1988 19
1
1989 267
1
1990 221
1
1991 142
1
1992 26
1
1993 244
1
1994 134
1
1995 355
1
1996 183
1
1997 15
1
1998 282
1
1999 245
1
2000 342
1
2001 35
1
2002 138
1
2003 300
1
2004 228
1
2005 36
1
2006 271
1
2007 193
1
2008 160
0
1
2009 177
1
2010 170
0
1
2011 19
1
2012 350
1
2013 251
1
2014 340
1
2015 5
1
2016 236
1
2017 320
1
2018 241
1
2019 4
1
2020 94
1
2021 323
1
2022 203
0
1
2023 82
1
2024 68
1
2025 339
0
1
2026 17
1
2027 43
1
2028 6
1
2029 49
1
2030 226
1
2031 165
1
2032 41
1
2033 363
1
2034 332
1
2035 269
1
2036 299
1
2037 144
0
1
2038 320
1
2039 101
1
2040 192
1
2041 215
1
2042 196
1
2043 345
1
2044 42
1
2045 232
1
2046 208
1
2047 193
1
2048 88
0
1
2049 127
1
2050 156
1
2051 117
1
2052 256
1
2053 350
1
2054 297
1
2055 223
1
2056 226
1
2057 333
1
2058 173
1
2059 325
1
2060 269
1
2061 12
1
2062 188
1
2063 243
1
2064 33
1
2065 60
1
2066 87
0
1
2067 373
1
2068 258
1
2069 208
1
2070 126
1
2071 155
1
2072 231
1
2073 303
1
2074 160
1
2075 365
1
2076 248
1
2077 320
1
2078 278
1
2079 216
1
2080 20
1
2081 33
1
2082 274
1
2083 203
1
2084 40
1
2085 152
1
2086 205
1
2087 153
1
2088 221
1
2089 284
1
2090 106
1
2091 236
1
2092 238
1
2093 194
1
2094 218
1
2095 238
1
2096 31
1
2097 366
1
2098 7
1
2099 289
1
2100 357
1
2101 227
1
2102 218
1
2103 160
0
1
2104 347
1
2105 2
1
2106 275
1
2107 120
1
2108 251
1
2109 50
1
2110 227
1
2111 237
1
2112 35
1
2113 307
1
2114 164
1
2115 296
1
2116 79
1
2117 291
1
2118 336
1
2119 98
1
2120 349
1
2121 43
0
1
2122 227
1
2123 256
1
2124 15
1
2125 257
1
2126 336
1
2127 28
1
2128 73
1
2129 170
1
2130 187
1
2131 50
1
2132 176
1
2133 106
1
2134 300
1
2135 245
1
2136 138
1
2137 294
0
1
2138 348
1
2139 84
1
2140 191
1
2141 129
1
2142 358
1
2143 309
1
2144 4
1
2145 257
0
1
2146 303
1
2147 248
1
2148 75
1
2149 131
1
2150 119
1
2151 117
1
2152 117
1
2153 62
1
2154 362
1
2155 74
1
2156 185
1
2157 6
0
1
2158 17
1
2159 147
1
2160 351
1
2161 351
1
2162 58
1
2163 55
1
2164 174
1
2165 283
1
2166 101
1
2167 40
1
2168 149
1
2169 77
1
2170 283
1
2171 172
1
2172 252
1
2173 345
1
2174 89
1
2175 347
1
2176 212
1
2177 99
1
2178 362
1
2179 35
1
2180 16
1
2181 359
1
2182 184
1
2183 89
1
2184 60
1
2185 211
1
2186 111
1
2187 226
1
2188 257
1
2189 311
1
2190 249
1
2191 199
1
2192 42
1
2193 239
1
2194 284
0
1
2195 186
1
2196 282
0
1
2197 341
1
2198 72
1
2199 59
1
2200 260
1
2201 4
1
2202 350
1
2203 240
1
2204 2
1
2205 196
1
2206 260
0
1
2207 135
1
2208 342
1
2209 8
1
2210 154
0
1
2211 274
1
2212 49
1
2213 370
1
2214 269
1
2215 227
1
2216 94
1
2217 245
1
2218 152
1
2219 166
1
2220 311
1
2221 155
1
2222 252
1
2223 197
1
2224 313
1
2225 9
1
2226 187
1
2227 26
1
2228 285
1
2229 200
1
2230 40
1
2231 131
1
2232 245
1
2233 34
1
2234 86
1
2235 206
1
2236 225
1
2237 264
1
2238 231
1
2239 146
1
2240 49
1
2241 238
1
2242 372
1
2243 295
0
1
2244 113
1
2245 165
1
2246 203
0
1
2247 163
1
2248 208
1
2249 143
1
2250 200
1
2251 245
1
2252 304
1
2253 325
1
2254 143
1
2255 348
1
2256 178
1
2257 312
0
1
2258 59
1
2259 335
1
2260 288
1
2261 56
1
2262 13
1
2263 176
1
2264 269
1
2265 261
0
1
2266 202
0
1
2267 345
1
2268 79
1
2269 329
1
2270 203
1
2271 274
1
2272 183
1
2273 60
1
2274 210
1
2275 138
1
2276 249
1
2277 266
1
2278 215
1
2279 347
1
2280 285
1
2281 241
1
2282 31
1
2283 127
1
2284 7
0
1
2285 100
1
2286 300
1
2287 285
1
2288 174
1
2289 363
1
2290 327
1
2291 188
1
2292 147
1
2293 221
1
2294 48
1
2295 196
1
2296 173
1
2297 210
1
2298 259
1
2299 222
1
2300 320
1
2301 208
1
2302 128
1
2303 188
1
2304 364
1
2305 286
1
2306 274
1
2307 126
1
2308 215
1
2309 117
1
2310 349
1
2311 354
1
2312 15
1
2313 371
1
2314 82
1
2315 320
1
2316 108
1
2317 278
1
2318 147
1
2319 302
1
2320 91
1
2321 129
1
2322 59
1
2323 232
1
2324 140
1
2325 141
1
2326 324
0
1
2327 212
1
2328 58
1
2329 247
1
2330 345
1
2331 26
1
2332 333
1
2333 114
0
1
2334 164
1
2335 12
1
2336 245
1
2337 303
0
1
2338 143
1
2339 142
1
2340 252
1
2341 250
0
0
1
2342 41
1
2343 42
1
2344 82
1
2345 255
1
2346 295
1
2347 218
1
2348 343
0
1
2349 105
1
2350 78
1
2351 104
1
2352 173
1
2353 16
1
2354 326
1
2355 193
1
2356 339
1
2357 50
1
2358 163
1
2359 250
1
2360 243
1
2361 194
1
2362 152
1
2363 226
1
2364 243
1
2365 299
0
1
2366 319
1
2367 112
1
2368 213
1
2369 95
1
2370 2
1
2371 255
1
2372 161
1
2373 330
1
2374 287
1
2375 365
1
2376 50
1
2377 201
1
2378 263
1
2379 129
1
2380 363
1
2381 3
1
2382 142
1
2383 233
1
2384 334
1
2385 160
1
2386 357
1
2387 283
1
2388 150
1
2389 367
1
2390 107
1
2391 184
1
2392 232
1
2393 351
1
2394 235
1
2395 196
1
2396 4
1
2397 283
1
2398 211
1
2399 88
1
2400 12
1
2401 36
0
1
2402 80
1
2403 220
1
2404 314
1
2405 23
1
2406 273
1
2407 101
0
1
2408 305
1
2409 118
1
2410 40
1
2411 214
1
2412 353
1
2413 6
1
2414 48
1
2415 357
1
2416 233
1
2417 294
1
2418 231
0
1
2419 343
1
2420 350
1
2421 240
1
2422 343
1
2423 191
1
2424 313
1
2425 250
1
2426 98
1
2427 147
1
2428 254
1
2429 41
0
1
2430 355
1
2431 100
0
1
2432 370
1
2433 342
1
2434 108
1
2435 358
1
2436 336
1
2437 259
1
2438 191
0
1
2439 357
0
0
1
2440 282
1
2441 359
1
2442 159
1
2443 41
1
2444 142
1
2445 274
1
2446 130
1
2447 259
1
2448 303
0
1
2449 353
1
2450 290
1
2451 5
0
1
2452 88
1
2453 328
1
2454 101
1
2455 251
1
2456 206
1
2457 348
1
2458 246
1
2459 295
0
1
2460 221
1
2461 134
1
2462 74
0
1
2463 244
1
2464 230
1
2465 70
1
2466 123
1
2467 280
1
2468 7
1
2469 181
1
2470 7
1
2471 177
1
2472 218
1
2473 74
1
2474 133
1
2475 22
1
2476 152
0
1
2477 175
0
1
2478 41
1
2479 296
0
1
2480 78
1
2481 13
1
2482 22
1
2483 118
1
2484 253
0
1
2485 129
1
2486 109
0
1
2487 349
1
2488 344
1
2489 114
1
2490 347
1
2491 205
1
2492 258
1
2493 39
1
2494 15
1
2495 40
1
2496 328
1
2497 38
1
2498 286
1
2499 196
1
2500 266
1
2501 216
0
1
2502 35
1
2503 337
1
2504 228
1
2505 99
1
2506 304
1
2507 365
1
2508 164
0
1
2509 46
1
2510 164
1
2511 372
1
2512 252
0
1
2513 104
1
2514 223
1
2515 4
0
1
2516 324
1
2517 32
1
2518 349
1
2519 206
1
2520 272
1
2521 111
1
2522 131
0
1
2523 320
0
1
2524 351
1
2525 34
1
2526 242
1
2527 321
1
2528 78
1
2529 151
1
2530 301
1
2531 60
1
2532 248
1
2533 28
1
2534 199
1
2535 349
1
2536 166
1
2537 18
1
2538 66
1
2539 302
1
2540 134
1
2541 160
1
2542 56
1
2543 172
1
2544 216
1
2545 227
1
2546 317
1
2547 167
1
2548 294
1
2549 136
1
2550 314
1
2551 175
0
1
2552 37
1
2553 283
1
2554 203
1
2555 301
0
1
2556 291
1
2557 335
1
2558 163
1
2559 322
0
1
2560 361
1
2561 347
1
2562 276
1
2563 269
1
2564 143
1
2565 278
1
2566 273
1
2567 101
1
2568 31
1
2569 251
1
2570 125
1
2571 213
1
2572 339
1
2573 50
0
1
2574 44
1
2575 347
1
2576 177
1
2577 125
1
2578 31
1
2579 84
1
2580 212
1
2581 36
1
2582 343
1
2583 177
1
2584 82
1
2585 337
1
2586 117
1
2587 62
1
2588 139
1
2589 313
0
1
2590 217
1
2591 50
1
2592 228
1
2593 254
0
1
2594 44
0
1
2595 272
1
2596 219
1
2597 53
1
2598 53
0
1
2599 98
1
2600 189
0
1
2601 42
1
2602 134
1
2603 360
1
2604 259
0
0
1
2605 155
1
2606 246
1
2607 205
0
1
2608 59
1
2609 288
1
2610 39
1
2611 4
1
2612 351
0
1
2613 332
1
2614 27
1
2615 131
1
2616 362
1
2617 126
1
2618 46
1
2619 368
1
2620 4
1
2621 266
1
2622 182
1
2623 230
1
2624 306
1
2625 146
1
2626 50
1
2627 269
1
2628 215
1
2629 224
1
2630 374
1
2631 218
1
2632 203
1
2633 139
1
2634 215
1
2635 84
1
2636 52
1
2637 191
1
2638 201
1
2639 70
1
2640 273
1
2641 369
1
2642 205
1
2643 214
1
2644 360
1
2645 361
1
2646 325
1
2647 57
1
2648 173
1
2649 15
1
2650 338
1
2651 296
0
1
2652 347
1
2653 315
1
2654 292
1
2655 202
1
2656 304
0
1
2657 183
1
2658 143
0
1
2659 285
1
2660 25
1
2661 8
1
2662 47
1
2663 164
1
2664 300
1
2665 371
1
2666 206
0
1
2667 240
1
2668 187
1
2669 96
0
1
2670 191
1
2671 352
0
0
0
1
2672 357
1
2673 287
1
2674 127
1
2675 57
0
0
0
1
2676 323
1
2677 344
1
2678 196
0
1
2679 325
1
2680 157
1
2681 245
1
2682 27
1
2683 325
1
2684 44
1
2685 161
1
2686 349
0
1
2687 81
1
2688 218
1
2689 7
0
1
2690 340
1
2691 25
1
2692 124
1
2693 296
1
2694 295
1
2695 278
1
2696 363
0
1
2697 256
0
0
1
2698 307
1
2699 92
1
2700 94
1
2701 49
1
2702 188
1
2703 219
0
1
2704 221
1
2705 27
1
2706 295
1
2707 80
1
2708 183
1
2709 222
1
2710 93
1
2711 252
1
2712 111
1
2713 261
1
2714 23
1
2715 221
1
2716 187
1
2717 199
1
2718 123
1
2719 103
1
2720 156
1
2721 93
1
2722 205
1
2723 196
1
2724 206
1
2725 224
1
2726 195
1
2727 244
1
2728 370
0
0
1
2729 273
1
2730 29
1
2731 364
1
2732 15
1
2733 245
1
2734 151
1
2735 5
1
2736 286
1
2737 109
1
2738 337
1
2739 220
1
2740 164
1
2741 14
0
1
2742 189
0
0
1
2743 281
1
2744 141
1
2745 22
1
2746 147
0
0
1
2747 50
1
2748 331
1
2749 75
1
2750 104
1
2751 127
0
1
2752 277
1
2753 156
1
2754 216
0
1
2755 279
1
2756 105
1
2757 239
1
2758 215
1
2759 207
1
2760 359
1
2761 178
1
2762 301
1
2763 210
1
2764 4
1
2765 201
0
0
1
2766 251
0
1
2767 65
1
2768 228
1
2769 109
0
1
2770 298
1
2771 300
1
2772 191
1
2773 276
1
2774 288
1
2775 191
1
2776 273
1
2777 59
1
2778 241
1
2779 145
0
1
2780 262
1
2781 65
0
1
2782 323
0
1
2783 166
0
1
2784 10
1
2785 2
1
2786 331
1
2787 135
1
2788 352
0
1
2789 82
1
2790 27
1
2791 224
0
1
2792 224
1
2793 173
0
1
2794 188
1
2795 38
1
2796 74
1
2797 275
1
2798 64
1
2799 366
1
2800 182
1
2801 119
1
2802 32
0
0
1
2803 48
1
2804 261
0
1
2805 155
1
2806 48
0
0
1
2807 230
1
2808 327
1
2809 274
1
2810 210
1
2811 92
1
2812 183
1
2813 295
0
1
2814 206
1
2815 284
0
1
2816 222
1
2817 15
1
2818 146
1
2819 289
1
2820 78
1
2821 36
1
2822 193
1
2823 24
1
2824 122
1
2825 275
1
2826 96
1
2827 244
1
2828 357
0
1
2829 26
1
2830 113
1
2831 36
1
2832 258
1
2833 374
1
2834 178
0
1
2835 129
1
2836 363
1
2837 220
1
2838 298
1
2839 212
1
2840 328
1
2841 282
1
2842 91
1
2843 212
1
2844 27
1
2845 140
0
1
2846 208
1
2847 181
1
2848 265
1
2849 203
0
1
2850 27
1
2851 371
1
2852 354
1
2853 148
1
2854 37
1
2855 321
1
2856 147
1
2857 71
1
2858 358
0
1
2859 273
1
2860 289
1
2861 371
1
2862 258
1
2863 10
1
2864 118
1
2865 135
0
1
2866 236
1
2867 333
1
2868 243
1
2869 282
1
2870 38
1
2871 341
1
2872 227
1
2873 360
1
2874 108
1
2875 276
0
1
2876 257
1
2877 62
1
2878 266
1
2879 46
1
2880 80
1
2881 309
0
1
2882 269
1
2883 207
0
1
2884 103
1
2885 177
0
1
2886 2
1
2887 269
1
2888 110
1
2889 112
0
0
0
0
1
2890 25
1
2891 358
1
2892 346
1
2893 367
1
2894 347
1
2895 204
1
2896 96
1
2897 41
1
2898 336
1
2899 211
1
2900 259
1
2901 333
1
2902 90
1
2903 211
0
1
2904 178
1
2905 223
1
2906 332
1
2907 354
1
2908 112
1
2909 211
1
2910 205
1
2911 218
0
1
2912 36
1
2913 99
1
2914 235
1
2915 26
1
2916 231
0
0
1
2917 3
1
2918 74
0
1
2919 192
1
2920 318
1
2921 259
1
2922 285
1
2923 97
1
2924 240
1
2925 196
0
1
2926 314
1
2927 148
0
0
0
1
2928 131
1
2929 48
1
2930 166
1
2931 38
1
2932 26
1
2933 221
0
1
2934 58
1
2935 8
1
2936 67
0
1
2937 81
1
2938 138
1
2939 204
1
2940 129
1
2941 4
1
2942 169
0
1
2943 358
1
2944 146
1
2945 276
1
2946 324
0
0
1
2947 325
1
2948 364
0
1
2949 56
1
2950 74
1
2951 51
0
1
2952 136
1
2953 341
1
2954 52
0
0
1
2955 233
0
1
2956 257
1
2957 94
1
2958 206
1
2959 261
1
2960 264
0
1
2961 212
1
2962 163
1
2963 351
1
2964 253
0
1
2965 134
1
2966 324
1
2967 304
1
2968 297
0
0
1
2969 131
1
2970 341
1
2971 61
1
2972 24
1
2973 229
1
2974 282
1
2975 66
0
1
2976 100
1
2977 164
1
2978 156
1
2979 83
1
2980 265
1
2981 211
1
2982 63
1
2983 39
1
2984 187
0
1
2985 250
1
2986 337
1
2987 30
1
2988 167
0
1
2989 224
0
0
1
2990 226
1
2991 134
0
1
2992 29
1
2993 205
1
2994 273
0
1
2995 73
1
2996 110
0
1
2997 227
0
1
2998 157
0
1
2999 371
1
3000 115
1
3001 207
1
3002 267
0
1
3003 325
1
3004 273
1
3005 134
1
3006 215
1
3007 152
1
3008 264
1
3009 351
0
1
3010 202
1
3011 4
1
3012 159
1
3013 301
1
3014 322
1
3015 7
1
3016 272
0
1
3017 92
1
3018 7
0
1
3019 252
1
3020 220
1
3021 287
1
3022 185
1
3023 310
1
3024 113
1
3025 267
1
3026 318
1
3027 369
1
3028 251
1
3029 33
0
0
1
3030 189
1
3031 144
1
3032 44
0
1
3033 260
1
3034 201
1
3035 318
1
3036 219
1
3037 26
0
1
3038 273
1
3039 340
1
3040 299
1
3041 224
1
3042 143
1
3043 294
1
3044 22
1
3045 336
0
1
3046 191
1
3047 131
0
1
3048 207
1
3049 70
1
3050 73
1
3051 210
1
3052 185
1
3053 71
0
1
3054 264
1
3055 133
1
3056 193
1
3057 115
1
3058 26
1
3059 248
1
3060 239
1
3061 27
0
0
1
3062 367
1
3063 160
1
3064 305
1
3065 277
1
3066 146
1
3067 200
1
3068 23
1
3069 371
1
3070 294
1
3071 358
1
3072 191
0
1
3073 100
0
1
3074 91
1
3075 140
0
1
3076 131
1
3077 9
0
1
3078 24
1
3079 303
0
1
3080 120
0
1
3081 338
1
3082 242
1
3083 47
1
3084 93
1
3085 305
1
3086 170
1
3087 320
1
3088 17
1
3089 327
1
3090 269
1
3091 7
1
3092 183
1
3093 192
0
0
1
3094 302
1
3095 206
0
1
3096 80
1
3097 205
1
3098 362
1
3099 253
0
1
3100 346
1
3101 310
0
1
3102 191
0
1
3103 149
0
1
3104 41
0
1
3105 174
1
3106 85
1
3107 339
0
1
3108 302
1
3109 224
1
3110 282
1
3111 277
1
3112 251
0
1
3113 231
1
3114 208
0
1
3115 354
1
3116 56
0
0
0
1
3117 255
1
3118 134
1
3119 29
1
3120 132
1
3121 170
1
3122 144
1
3123 165
0
1
3124 252
1
3125 219
1
3126 174
1
3127 252
0
1
3128 202
0
0
1
3129 277
1
3130 80
0
1
3131 250
1
3132 188
1
3133 280
0
1
3134 327
1
3135 219
0
1
3136 78
0
1
3137 187
1
3138 353
1
3139 2
1
3140 205
1
3141 92
0
0
1
3142 347
1
3143 15
0
0
0
1
3144 178
1
3145 339
1
3146 337
1
3147 161
0
1
3148 247
0
1
3149 218
1
3150 272
1
3151 111
1
3152 245
1
3153 169
1
3154 50
0
1
3155 164
1
3156 220
1
3157 87
0
0
1
3158 227
1
3159 246
0
0
1
3160 220
1
3161 210
1
3162 54
1
3163 15
0
1
3164 304
0
1
3165 60
1
3166 122
1
3167 126
0
1
3168 226
1
3169 64
0
1
3170 241
1
3171 288
0
1
3172 283
1
3173 123
1
3174 215
0
0
1
3175 13
0
1
3176 304
1
3177 259
1
3178 195
1
3179 291
0
1
3180 294
1
3181 111
1
3182 146
1
3183 331
0
1
3184 5
1
3185 291
1
3186 19
1
3187 260
0
1
3188 300
1
3189 373
1
3190 243
1
3191 172
1
3192 302
1
3193 103
1
3194 122
0
0
1
3195 2
1
3196 13
1
3197 13
1
3198 166
1
3199 8
1
3200 294
0
1
3201 321
1
3202 31
1
3203 63
1
3204 156
0
1
3205 36
0
0
1
3206 269
1
3207 78
1
3208 360
1
3209 248
1
3210 31
1
3211 275
1
3212 174
1
3213 36
0
0
0
0
0
1
3214 147
1
3215 86
0
1
3216 31
1
3217 59
1
3218 266
1
3219 29
1
3220 303
0
0
0
1
3221 167
0
1
3222 143
1
3223 152
1
3224 84
1
3225 55
0
1
3226 55
1
3227 228
0
1
3228 289
1
3229 175
1
3230 82
0
1
3231 230
1
3232 229
0
0
1
3233 155
1
3234 110
1
3235 24
1
3236 371
0
0
1
3237 42
1
3238 259
1
3239 347
0
1
3240 97
1
3241 160
1
3242 115
0
0
0
1
3243 255
0
0
1
3244 114
1
3245 298
1
3246 66
1
3247 311
0
1
3248 253
1
3249 108
1
3250 322
1
3251 269
0
1
3252 347
1
3253 263
1
3254 119
1
3255 12
1
3256 142
1
3257 143
1
3258 114
1
3259 327
1
3260 303
1
3261 74
0
0
0
0
0
1
3262 245
1
3263 61
0
0
1
3264 55
0
1
3265 256
0
0
0
1
3266 84
1
3267 53
0
0
1
3268 126
1
3269 245
1
3270 182
0
1
3271 373
1
3272 235
1
3273 208
1
3274 152
1
3275 91
1
3276 4
1
3277 50
1
3278 288
1
3279 177
1
3280 271
1
3281 204
0
0
1
3282 66
1
3283 70
1
3284 143
1
3285 288
1
3286 197
0
0
1
3287 331
1
3288 118
1
3289 91
1
3290 130
1
3291 18
1
3292 238
1
3293 6
1
3294 152
1
3295 302
1
3296 226
1
3297 272
1
3298 169
1
3299 53
1
3300 86
1
3301 83
1
3302 146
0
1
3303 14
1
3304 62
0
1
3305 149
1
3306 240
1
3307 138
1
3308 97
0
1
3309 180
1
3310 55
1
3311 35
1
3312 359
1
3313 15
1
3314 166
1
3315 160
1
3316 369
0
1
3317 61
1
3318 253
1
3319 184
1
3320 223
1
3321 265
1
3322 140
1
3323 44
1
3324 49
1
3325 109
1
3326 252
1
3327 95
1
3328 96
1
3329 73
1
3330 3
0
1
3331 81
1
3332 135
1
3333 18
1
3334 218
1
3335 132
1
3336 308
1
3337 321
0
1
3338 371
0
0
1
3339 215
1
3340 154
1
3341 344
0
1
3342 120
1
3343 192
0
1
3344 274
1
3345 203
1
3346 325
1
3347 184
1
3348 374
0
1
3349 42
1
3350 170
0
1
3351 278
1
3352 295
1
3353 219
0
0
1
3354 23
1
3355 291
1
3356 159
1
3357 106
1
3358 264
0
1
3359 14
1
3360 46
1
3361 57
0
0
1
3362 320
0
0
0
1
3363 99
1
3364 238
0
1
3365 297
1
3366 191
1
3367 62
1
3368 273
1
3369 205
1
3370 54
1
3371 347
0
1
3372 112
0
0
1
3373 282
0
1
3374 166
0
1
3375 358
1
3376 77
1
3377 300
1
3378 329
0
1
3379 355
1
3380 288
1
3381 93
0
0
1
3382 70
0
1
3383 169
1
3384 17
0
1
3385 111
1
3386 115
1
3387 333
0
1
3388 31
1
3389 210
1
3390 8
1
3391 6
1
3392 102
0
0
1
3393 40
0
0
0
1
3394 244
0
1
3395 101
1
3396 342
0
0
1
3397 102
1
3398 283
1
3399 346
1
3400 309
1
3401 156
1
3402 255
0
1
3403 313
1
3404 196
0
1
3405 42
1
3406 69
0
1
3407 253
1
3408 34
1
3409 130
0
1
3410 286
0
1
3411 14
1
3412 110
1
3413 208
1
3414 148
0
0
1
3415 111
1
3416 52
0
0
1
3417 241
1
3418 79
1
3419 262
0
0
1
3420 190
0
1
3421 368
0
0
1
3422 160
1
3423 157
1
3424 335
0
1
3425 263
1
3426 105
1
3427 131
0
0
1
3428 180
0
0
1
3429 174
0
1
3430 189
1
3431 94
0
1
3432 273
0
1
3433 290
1
3434 139
1
3435 273
1
3436 8
1
3437 291
0
1
3438 182
1
3439 31
1
3440 127
0
1
3441 341
1
3442 355
0
0
1
3443 120
1
3444 285
1
3445 107
1
3446 192
0
0
1
3447 270
1
3448 36
1
3449 218
1
3450 263
0
1
3451 351
1
3452 21
1
3453 339
1
3454 366
0
0
0
0
1
3455 73
1
3456 169
1
3457 169
1
3458 54
0
1
3459 254
0
0
0
0
0
1
3460 160
1
3461 366
0
1
3462 254
0
1
3463 105
1
3464 152
0
0
1
3465 311
0
1
3466 192
1
3467 322
0
1
3468 231
0
1
3469 21
0
1
3470 29
0
1
3471 280
1
3472 18
1
3473 302
1
3474 203
0
1
3475 221
0
1
3476 31
0
0
0
0
0
1
3477 296
1
3478 58
1
3479 300
1
3480 290
1
3481 100
1
3482 23
1
3483 4
1
3484 205
1
3485 165
0
1
3486 174
1
3487 240
0
1
3488 29
1
3489 146
1
3490 10
1
3491 354
1
3492 253
1
3493 24
1
3494 32
1
3495 300
1
3496 150
0
0
1
3497 296
0
0
0
1
3498 91
0
0
0
1
3499 36
1
3500 204
1
3501 215
0
0
1
3502 157
1
3503 253
1
3504 177
1
3505 204
1
3506 315
1
3507 359
1
3508 245
1
3509 342
1
3510 202
1
3511 347
1
3512 112
0
1
3513 204
1
3514 207
1
3515 60
1
3516 271
0
0
0
0
1
3517 349
1
3518 284
1
3519 27
1
3520 250
0
1
3521 134
1
3522 193
1
3523 213
1
3524 196
0
1
3525 327
1
3526 227
0
1
3527 254
1
3528 343
1
3529 91
1
3530 323
1
3531 274
1
3532 100
0
0
1
3533 99
1
3534 305
0
1
3535 113
0
0
0
1
3536 338
1
3537 59
1
3538 336
1
3539 56
0
1
3540 288
1
3541 2
1
3542 361
1
3543 55
1
3544 193
1
3545 53
1
3546 72
0
0
1
3547 9
1
3548 156
0
0
0
1
3549 365
1
3550 134
1
3551 86
1
3552 5
0
0
0
1
3553 14
1
3554 227
1
3555 86
1
3556 314
1
3557 174
1
3558 242
1
3559 66
0
0
0
1
3560 372
1
3561 16
1
3562 212
0
0
1
3563 168
1
3564 303
1
3565 100
1
3566 26
1
3567 184
1
3568 299
0
1
3569 217
1
3570 246
1
3571 300
0
1
3572 234
1
3573 83
1
3574 209
1
3575 312
1
3576 267
1
3577 307
0
0
1
3578 357
1
3579 114
0
1
3580 74
0
0
1
3581 203
1
3582 212
0
0
0
0
1
3583 143
1
3584 288
0
1
3585 67
0
0
1
3586 234
0
1
3587 34
0
1
3588 352
0
1
3589 100
0
0
1
3590 20
0
1
3591 12
0
0
0
0
1
3592 59
1
3593 34
1
3594 304
1
3595 211
0
1
3596 368
1
3597 274
1
3598 113
1
3599 110
1
3600 225
1
3601 239
1
3602 13
1
3603 67
1
3604 153
0
0
1
3605 343
1
3606 191
1
3607 27
1
3608 183
0
1
3609 70
0
0
0
1
3610 41
1
3611 49
0
1
3612 87
0
1
3613 169
1
3614 227
1
3615 373
0
0
0
1
3616 355
1
3617 143
0
0
1
3618 17
0
1
3619 67
1
3620 191
1
3621 101
1
3622 214
0
1
3623 73
0
1
3624 349
1
3625 126
0
1
3626 129
1
3627 34
0
1
3628 292
0
1
3629 145
0
1
3630 320
0
0
0
1
3631 5
1
3632 196
1
3633 101
1
3634 128
0
0
0
0
0
1
3635 266
1
3636 176
1
3637 123
1
3638 191
1
3639 143
0
0
0
0
1
3640 78
1
3641 292
1
3642 262
1
3643 89
0
0
1
3644 297
1
3645 280
1
3646 310
1
3647 183
1
3648 208
1
3649 354
0
1
3650 127
0
0
1
3651 313
1
3652 50
1
3653 91
1
3654 143
1
3655 354
1
3656 59
1
3657 266
1
3658 4
1
3659 222
1
3660 181
0
0
1
3661 62
1
3662 158
1
3663 170
0
1
3664 221
0
1
3665 140
1
3666 209
1
3667 372
0
0
1
3668 177
1
3669 149
1
3670 14
1
3671 362
0
1
3672 338
0
0
1
3673 231
1
3674 339
0
0
0
0
0
1
3675 42
1
3676 230
1
3677 283
0
1
3678 201
1
3679 361
0
1
3680 284
0
0
1
3681 94
1
3682 119
0
1
3683 341
0
1
3684 134
0
1
3685 129
0
0
0
1
3686 160
0
1
3687 6
0
0
0
0
0
0
1
3688 253
1
3689 259
0
1
3690 252
1
3691 238
1
3692 287
1
3693 17
1
3694 152
0
0
1
3695 195
1
3696 335
1
3697 14
0
0
1
3698 305
1
3699 106
1
3700 309
0
1
3701 117
0
1
3702 71
0
1
3703 323
0
1
3704 74
0
1
3705 351
0
1
3706 320
0
1
3707 143
1
3708 253
0
1
3709 43
1
3710 33
1
3711 187
0
1
3712 34
1
3713 76
0
0
0
1
3714 227
0
0
1
3715 300
1
3716 218
1
3717 7
0
1
3718 274
0
0
1
3719 301
1
3720 370
1
3721 36
0
1
3722 302
1
3723 79
1
3724 94
1
3725 273
1
3726 108
1
3727 142
0
0
0
0
1
3728 127
1
3729 122
1
3730 340
0
0
1
3731 373
1
3732 344
1
3733 274
1
3734 239
0
0
1
3735 48
0
0
1
3736 67
0
1
3737 188
1
3738 359
1
3739 121
0
1
3740 227
1
3741 167
1
3742 123
1
3743 275
0
0
1
3744 121
0
1
3745 212
1
3746 14
0
0
1
3747 315
1
3748 244
0
0
0
1
3749 96
0
1
3750 132
1
3751 356
0
1
3752 319
1
3753 152
1
3754 196
1
3755 357
0
0
1
3756 61
0
0
0
1
3757 302
0
0
0
1
3758 352
1
3759 211
1
3760 291
0
1
3761 181
0
0
0
1
3762 194
0
1
3763 188
0
1
3764 373
1
3765 335
0
1
3766 110
0
1
3767 56
0
1
3768 38
0
0
0
1
3769 62
0
0
1
3770 39
0
0
1
3771 31
1
3772 283
0
0
0
1
3773 210
1
3774 337
0
1
3775 357
0
1
3776 109
1
3777 183
1
3778 64
1
3779 12
0
0
0
1
3780 219
0
0
1
3781 107
1
3782 215
0
0
1
3783 161
1
3784 95
1
3785 290
1
3786 78
0
0
0
0
1
3787 197
1
3788 73
0
0
0
1
3789 303
1
3790 367
0
1
3791 347
1
3792 221
1
3793 21
0
0
1
3794 187
1
3795 149
1
3796 22
1
3797 361
1
3798 142
0
1
3799 2
0
0
0
1
3800 325
0
1
3801 35
1
3802 90
0
1
3803 294
0
1
3804 221
0
1
3805 164
0
0
1
3806 273
0
1
3807 147
1
3808 283
1
3809 35
0
0
1
3810 101
0
1
3811 8
1
3812 242
0
1
3813 177
1
3814 274
0
1
3815 191
1
3816 139
1
3817 215
1
3818 26
0
0
1
3819 214
0
1
3820 256
0
1
3821 111
0
0
1
3822 374
1
3823 77
1
3824 370
1
3825 228
0
1
3826 74
1
3827 11
1
3828 16
1
3829 235
1
3830 56
1
3831 48
0
0
1
3832 308
1
3833 122
1
3834 140
1
3835 164
1
3836 202
1
3837 297
0
1
3838 183
1
3839 18
1
3840 243
1
3841 343
1
3842 242
0
1
3843 94
1
3844 174
1
3845 43
1
3846 271
0
1
3847 36
0
1
3848 62
0
1
3849 39
0
1
3850 339
1
3851 2
0
1
3852 26
1
3853 311
0
0
0
1
3854 156
1
3855 17
1
3856 368
0
1
3857 223
1
3858 209
1
3859 94
0
0
1
3860 291
0
0
1
3861 176
1
3862 60
0
0
1
3863 307
1
3864 42
0
1
3865 314
0
1
3866 193
1
3867 91
1
3868 253
1
3869 203
0
1
3870 334
0
1
3871 272
0
1
3872 329
1
3873 280
1
3874 12
1
3875 192
1
3876 315
0
1
3877 74
1
3878 27
0
1
3879 212
1
3880 67
1
3881 98
1
3882 277
0
1
3883 107
1
3884 193
1
3885 337
0
1
3886 127
0
1
3887 323
0
1
3888 259
0
1
3889 313
1
3890 94
1
3891 283
0
1
3892 357
1
3893 148
0
1
3894 274
0
1
3895 133
1
3896 271
0
1
3897 221
1
3898 218
0
1
3899 312
0
1
3900 196
0
0
1
3901 127
0
0
1
3902 42
1
3903 174
1
3904 122
0
0
1
3905 72
1
3906 359
1
3907 354
0
1
3908 226
1
3909 138
1
3910 124
0
0
1
3911 354
1
3912 224
1
3913 16
1
3914 91
1
3915 194
1
3916 2
1
3917 73
0
0
0
0
0
1
3918 285
1
3919 344
0
0
1
3920 270
0
1
3921 182
0
0
0
0
0
1
3922 246
1
3923 268
0
1
3924 319
1
3925 177
0
1
3926 70
0
0
0
1
3927 263
1
3928 91
1
3929 78
0
0
1
3930 153
0
0
0
0
1
3931 3
0
1
3932 120
0
0
1
3933 302
0
1
3934 146
0
0
0
1
3935 13
1
3936 266
1
3937 218
0
1
3938 4
1
3939 115
0
0
1
3940 73
1
3941 25
0
0
0
1
3942 342
0
0
1
3943 120
0
1
3944 266
0
0
0
0
1
3945 148
0
1
3946 115
1
3947 317
1
3948 3
1
3949 211
0
1
3950 275
1
3951 83
0
1
3952 17
0
1
3953 259
0
1
3954 122
1
3955 168
1
3956 25
1
3957 362
0
1
3958 204
1
3959 187
0
1
3960 67
1
3961 362
1
3962 257
1
3963 111
0
1
3964 297
1
3965 89
0
1
3966 336
1
3967 125
1
3968 86
0
0
0
1
3969 260
1
3970 266
1
3971 144
1
3972 196
0
0
1
3973 160
0
1
3974 208
0
1
3975 198
1
3976 374
1
3977 12
0
1
3978 271
0
0
1
3979 64
0
0
0
1
3980 170
1
3981 39
1
3982 143
1
3983 345
1
3984 197
1
3985 356
0
0
1
3986 112
1
3987 307
0
0
1
3988 105
0
1
3989 8
0
1
3990 101
1
3991 181
0
1
3992 52
0
0
1
3993 65
1
3994 156
1
3995 38
1
3996 87
0
1
3997 74
0
1
3998 329
1
3999 99
0
0
1
4000 132
1
4001 246
0
1
4002 9
1
4003 174
0
0
1
4004 120
0
0
0
1
4005 168
1
4006 131
0
1
4007 103
1
4008 365
1
4009 362
0
0
0
0
1
4010 69
1
4011 76
0
1
4012 156
0
1
4013 214
1
4014 102
1
4015 2
0
0
0
1
4016 180
1
4017 230
1
4018 44
0
0
0
0
1
4019 347
1
4020 249
0
0
0
0
0
0
1
4021 2
0
0
0
1
4022 256
0
0
0
0
0
0
0
1
4023 99
0
1
4024 229
1
4025 153
1
4026 14
0
1
4027 221
0
0
0
1
4028 115
0
1
4029 164
1
4030 196
1
4031 351
1
4032 142
0
0
0
1
4033 268
0
0
1
4034 122
0
0
1
4035 257
1
4036 113
1
4037 341
0
1
4038 317
1
4039 213
1
4040 138
1
4041 264
1
4042 7
1
4043 256
0
1
4044 159
1
4045 330
1
4046 24
0
1
4047 294
1
4048 327
0
1
4049 56
0
1
4050 317
0
0
0
1
4051 115
1
4052 172
0
0
0
1
4053 13
0
0
0
0
0
1
4054 318
0
1
4055 320
1
4056 102
1
4057 356
0
0
0
1
4058 273
0
0
1
4059 101
1
4060 321
0
0
0
0
0
1
4061 366
0
1
4062 164
0
1
4063 92
0
1
4064 282
1
4065 292
1
4066 303
1
4067 144
1
4068 83
1
4069 143
0
1
4070 285
1
4071 265
1
4072 213
1
4073 110
0
1
4074 333
0
1
4075 166
0
1
4076 211
0
0
1
4077 165
0
1
4078 270
0
0
0
1
4079 115
0
0
0
1
4080 311
0
0
1
4081 195
0
0
1
4082 265
0
0
1
4083 161
0
0
1
4084 49
1
4085 191
0
1
4086 338
1
4087 66
1
4088 204
1
4089 351
0
1
4090 91
0
1
4091 225
1
4092 66
0
1
4093 318
1
4094 116
1
4095 255
1
4096 49
1
4097 286
1
4098 97
0
1
4099 240
1
4100 125
0
0
0
0
1
4101 70
0
1
4102 261
1
4103 281
1
4104 104
0
0
0
0
1
4105 230
1
4106 131
0
1
4107 352
1
4108 138
0
0
1
4109 286
1
4110 13
1
4111 145
0
0
0
0
1
4112 51
1
4113 147
0
0
1
4114 288
1
4115 279
1
4116 345
1
4117 134
1
4118 250
1
4119 293
0
1
4120 186
1
4121 4
0
1
4122 328
0
1
4123 87
1
4124 134
0
0
0
1
4125 200
1
4126 97
0
0
0
0
0
0
1
4127 158
1
4128 173
1
4129 278
0
1
4130 187
0
0
0
1
4131 190
0
0
0
0
1
4132 27
1
4133 8
0
0
1
4134 239
0
0
1
4135 348
0
1
4136 131
1
4137 214
0
1
4138 108
0
1
4139 131
0
0
1
4140 251
0
0
0
0
0
0
1
4141 95
0
0
0
1
4142 367
0
1
4143 204
1
4144 80
1
4145 41
0
1
4146 96
1
4147 291
0
0
0
1
4148 373
0
0
0
1
4149 38
1
4150 4
1
4151 110
0
0
0
0
0
0
0
0
1
4152 234
1
4153 170
0
1
4154 8
1
4155 66
0
1
4156 13
1
4157 19
1
4158 266
1
4159 284
0
1
4160 273
1
4161 232
0
1
4162 68
1
4163 373
0
1
4164 181
0
1
4165 15
0
1
4166 39
1
4167 120
0
1
4168 72
1
4169 143
0
0
0
0
0
0
0
0
0
1
4170 231
1
4171 242
0
1
4172 141
0
0
1
4173 291
1
4174 364
0
0
0
0
0
0
1
4175 291
1
4176 52
1
4177 145
1
4178 79
1
4179 205
1
4180 170
0
1
4181 214
1
4182 335
1
4183 41
1
4184 237
0
0
1
4185 243
0
0
1
4186 161
0
0
0
0
1
4187 173
0
0
0
1
4188 236
0
1
4189 245
0
0
1
4190 173
0
1
4191 339
1
4192 320
0
1
4193 159
1
4194 288
1
4195 20
1
4196 210
1
4197 127
0
0
0
1
4198 53
0
1
4199 310
0
0
0
0
0
0
1
4200 33
1
4201 332
0
1
4202 39
1
4203 80
0
1
4204 36
1
4205 112
1
4206 177
0
0
1
4207 26
0
1
4208 89
1
4209 213
1
4210 346
1
4211 225
1
4212 328
1
4213 160
1
4214 284
0
1
4215 295
1
4216 60
0
1
4217 218
0
0
0
1
4218 107
1
4219 167
1
4220 91
1
4221 124
0
1
4222 41
0
0
1
4223 137
0
1
4224 54
0
0
0
1
4225 326
1
4226 359
1
4227 51
1
4228 283
0
1
4229 185
0
1
4230 140
0
0
0
1
4231 137
0
1
4232 31
0
0
1
4233 264
0
0
0
1
4234 88
0
1
4235 66
1
4236 77
1
4237 63
0
1
4238 285
1
4239 214
1
4240 101
0
0
1
4241 215
1
4242 254
1
4243 304
1
4244 165
1
4245 169
0
0
1
4246 42
0
0
0
0
1
4247 144
0
0
0
1
4248 263
0
1
4249 351
1
4250 23
0
1
4251 245
0
0
0
0
0
0
0
1
4252 2
0
0
0
0
0
0
1
4253 292
1
4254 74
0
1
4255 232
0
0
0
1
4256 126
0
0
0
1
4257 19
0
1
4258 360
1
4259 362
1
4260 274
0
1
4261 94
0
0
0
0
0
0
0
1
4262 249
0
1
4263 339
1
4264 352
0
0
0
0
0
0
0
1
4265 160
0
0
0
1
4266 336
0
0
0
0
0
0
0
0
0
0
0
0
1
4267 268
1
4268 373
0
0
0
1
4269 110
0
0
0
0
0
0
0
1
4270 339
0
1
4271 283
0
0
0
1
4272 274
0
1
4273 87
0
0
0
0
0
0
1
4274 11
0
0
1
4275 202
0
1
4276 216
1
4277 40
0
0
1
4278 339
0
0
0
1
4279 111
0
0
0
0
1
4280 88
0
0
1
4281 77
0
0
0
1
4282 39
0
0
0
1
4283 264
0
1
4284 269
0
1
4285 323
1
4286 139
0
1
4287 143
0
1
4288 369
0
0
0
0
0
0
1
4289 325
0
1
4290 358
0
0
0
0
1
4291 341
1
4292 108
1
4293 371
0
1
4294 272
0
0
1
4295 164
1
4296 282
0
1
4297 172
1
4298 338
0
0
0
1
4299 221
0
0
0
1
4300 217
0
1
4301 358
0
0
0
0
0
0
0
1
4302 50
0
1
4303 199
1
4304 91
0
0
1
4305 97
1
4306 3
0
0
0
1
4307 147
0
1
4308 287
1
4309 94
0
1
4310 268
0
0
0
0
0
1
4311 101
0
1
4312 280
1
4313 130
1
4314 124
1
4315 138
1
4316 145
0
1
4317 49
1
4318 356
0
1
4319 344
1
4320 273
0
0
0
1
4321 216
1
4322 307
0
0
0
1
4323 327
1
4324 275
0
0
1
4325 156
0
1
4326 140
1
4327 31
0
0
0
1
4328 238
0
1
4329 4
0
0
0
1
4330 196
0
1
4331 317
1
4332 220
1
4333 13
0
1
4334 335
0
0
0
0
1
4335 146
0
0
1
4336 270
0
1
4337 215
0
0
0
0
1
4338 328
1
4339 226
0
0
0
0
0
0
0
0
0
0
1
4340 206
0
0
0
1
4341 37
1
4342 93
1
4343 203
1
4344 91
1
4345 356
1
4346 131
1
4347 91
0
0
1
4348 102
0
0
0
1
4349 232
0
0
1
4350 189
1
4351 284
1
4352 339
1
4353 91
0
0
1
4354 283
1
4355 245
0
0
0
0
0
0
0
0
0
0
0
1
4356 159
1
4357 176
0
0
0
0
0
0
1
4358 170
0
0
0
0
0
0
0
0
1
4359 275
1
4360 20
0
0
0
0
1
4361 294
1
4362 365
0
1
4363 106
0
0
0
0
1
4364 112
0
0
0
0
0
0
0
1
4365 300
0
0
1
4366 305
0
0
1
4367 107
0
0
1
4368 221
0
0
0
1
4369 189
0
0
0
1
4370 303
1
4371 161
1
4372 356
0
0
0
1
4373 32
0
0
0
0
0
1
4374 9
1
4375 137
0
1
4376 210
0
0
1
4377 183
0
0
1
4378 165
0
0
0
0
0
0
0
1
4379 175
0
0
1
4380 339
0
0
0
0
0
1
4381 71
0
0
0
1
4382 97
0
1
4383 118
0
1
4384 358
0
0
1
4385 196
1
4386 58
0
0
0
0
0
0
0
1
4387 183
1
4388 43
1
4389 247
0
1
4390 96
0
0
1
4391 230
0
1
4392 99
1
4393 91
0
0
1
4394 281
0
0
0
0
1
4395 44
1
4396 260
0
0
1
4397 289
1
4398 8
0
1
4399 53
1
4400 74
0
0
0
0
1
4401 9
0
0
1
4402 31
0
1
4403 52
1
4404 255
1
4405 256
1
4406 274
0
1
4407 74
0
1
4408 310
1
4409 300
1
4410 148
0
1
4411 291
1
4412 321
0
0
0
0
1
4413 343
0
0
1
4414 328
0
0
0
0
0
1
4415 352
0
0
0
1
4416 117
1
4417 74
0
0
0
0
1
4418 275
0
0
0
0
0
0
1
4419 40
1
4420 91
1
4421 163
0
1
4422 298
0
0
0
0
0
1
4423 27
0
0
0
1
4424 36
0
1
4425 19
1
4426 71
0
1
4427 160
0
0
1
4428 260
0
0
1
4429 142
0
1
4430 154
1
4431 267
1
4432 203
1
4433 18
0
0
0
0
1
4434 33
0
1
4435 135
1
4436 342
1
4437 67
0
0
1
4438 211
0
0
0
0
0
0
0
0
0
0
1
4439 23
0
1
4440 154
0
0
1
4441 177
1
4442 195
0
0
0
1
4443 350
1
4444 233
0
0
0
0
0
0
0
1
4445 159
0
0
0
0
0
0
0
0
0
0
0
1
4446 129
0
0
0
0
0
0
1
4447 242
1
4448 334
1
4449 5
0
1
4450 203
1
4451 325
0
0
1
4452 155
0
0
0
1
4453 196
0
0
0
0
0
0
0
0
0
0
1
4454 310
0
1
4455 191
0
0
0
1
4456 257
0
1
4457 278
0
0
0
0
0
1
4458 349
1
4459 105
0
0
0
1
4460 214
0
0
0
0
0
1
4461 28
0
0
1
4462 167
0
0
0
0
0
0
0
1
4463 339
0
1
4464 2
0
1
4465 287
0
0
0
0
0
1
4466 369
0
0
1
4467 362
1
4468 75
1
4469 229
0
0
0
0
1
4470 203
0
1
4471 46
1
4472 111
0
0
0
0
0
0
0
1
4473 225
0
1
4474 228
0
0
0
0
0
0
0
0
1
4475 252
1
4476 12
0
0
1
4477 147
0
0
0
0
1
4478 33
0
1
4479 70
0
0
0
0
0
0
0
1
4480 71
0
0
0
0
0
1
4481 182
1
4482 55
1
4483 51
1
4484 167
1
4485 100
1
4486 174
0
0
0
0
1
4487 332
1
4488 78
0
0
0
0
1
4489 43
0
1
4490 189
0
0
0
0
0
0
0
0
0
0
0
0
1
4491 316
0
0
1
4492 120
0
1
4493 269
0
1
4494 373
0
1
4495 27
0
1
4496 263
0
0
1
4497 191
1
4498 53
0
0
1
4499 172
1
4500 29
0
0
0
0
0
1
4501 208
0
0
0
0
0
0
1
4502 31
0
1
4503 217
0
0
1
4504 105
0
0
1
4505 195
1
4506 265
1
4507 57
0
0
0
0
0
1
4508 345
0
0
0
0
0
0
0
0
0
1
4509 322
0
0
0
0
0
0
1
4510 166
1
4511 353
0
1
4512 46
0
0
1
4513 265
1
4514 23
0
0
0
0
1
4515 32
1
4516 91
1
4517 202
1
4518 221
0
0
0
1
4519 42
0
0
0
1
4520 287
0
1
4521 143
1
4522 87
0
0
0
1
4523 347
0
0
1
4524 28
0
1
4525 72
1
4526 99
0
0
0
1
4527 69
0
0
0
0
0
0
0
0
1
4528 106
0
0
0
0
0
0
1
4529 371
1
4530 295
0
0
1
4531 233
1
4532 94
1
4533 23
0
0
1
4534 177
0
0
0
1
4535 352
1
4536 254
0
1
4537 111
1
4538 277
0
1
4539 299
0
0
1
4540 78
0
0
0
0
0
1
4541 344
0
0
0
0
0
1
4542 38
0
0
0
0
1
4543 357
0
0
0
0
0
1
4544 174
0
0
1
4545 354
0
1
4546 285
0
0
0
1
4547 102
1
4548 90
0
0
0
0
0
0
0
0
0
0
0
0
1
4549 31
0
0
0
0
0
0
0
0
0
0
1
4550 158
0
0
1
4551 80
1
4552 245
1
4553 276
1
4554 54
0
0
0
1
4555 314
0
0
0
1
4556 123
0
0
0
0
0
0
0
0
1
4557 369
0
1
4558 353
0
1
4559 110
0
1
4560 374
0
1
4561 314
0
0
0
1
4562 33
1
4563 198
0
0
0
1
4564 162
0
0
0
1
4565 211
0
0
0
0
0
0
0
0
0
1
4566 162
0
1
4567 324
0
0
0
0
0
0
0
0
1
4568 45
0
0
1
4569 40
0
1
4570 245
0
0
0
1
4571 66
0
0
1
4572 169
0
0
1
4573 260
1
4574 208
0
0
0
1
4575 65
0
0
1
4576 124
0
0
0
0
0
0
0
1
4577 259
1
4578 78
0
0
0
0
0
0
0
0
0
1
4579 111
0
1
4580 138
0
1
4581 128
1
4582 174
1
4583 356
0
0
0
0
0
0
0
0
0
0
1
4584 199
1
4585 218
0
0
0
0
0
0
0
0
0
0
0
0
0
0
1
4586 247
0
1
4587 237
1
4588 308
0
0
0
0
0
0
0
1
4589 228
0
0
0
0
1
4590 122
0
0
1
4591 276
0
0
0
0
0
0
0
0
1
4592 179
0
0
0
0
0
0
0
0
1
4593 197
0
0
0
1
4594 87
0
0
0
0
0
1
4595 191
0
0
0
0
0
0
0
0
0
1
4596 104
0
0
1
4597 372
0
0
0
1
4598 31
0
0
0
0
0
0
0
0
0
0
1
4599 100
1
4600 182
0
0
1
4601 243
0
1
4602 210
0
0
1
4603 349
0
0
0
1
4604 262
0
1
4605 255
1
4606 9
0
0
0
0
0
0
1
4607 274
0
0
0
0
0
0
0
1
4608 62
0
0
0
0
0
0
1
4609 219
0
0
1
4610 319
1
4611 4
1
4612 54
0
1
4613 85
1
4614 72
1
4615 124
0
0
0
0
1
4616 361
0
1
4617 81
1
4618 332
1
4619 346
0
0
0
0
0
0
0
0
0
0
0
1
4620 8
0
0
0
0
0
0
0
0
0
0
0
0
0
1
4621 191
0
0
1
4622 43
0
0
0
0
0
0
0
0
1
4623 144
1
4624 267
0
1
4625 361
1
4626 82
0
0
0
0
0
1
4627 343
0
0
0
0
0
0
0
0
0
0
0
0
0
0
0
0
1
4628 284
0
0
0
0
0
1
4629 224
1
4630 274
1
4631 311
0
1
4632 101
0
0
0
1
4633 99
0
0
1
4634 174
0
0
0
0
0
1
4635 59
0
0
1
4636 102
0
0
1
4637 15
0
0
0
0
0
0
0
0
0
0
0
1
4638 368
0
0
0
0
0
0
0
0
1
4639 105
0
0
0
0
1
4640 248
0
1
4641 91
0
0
0
1
4642 343
0
1
4643 33
0
1
4644 221
0
0
1
4645 118
0
0
1
4646 70
0
0
0
0
1
4647 284
0
0
0
0
0
0
0
1
4648 347
0
0
0
0
0
1
4649 119
0
0
0
0
1
4650 296
1
4651 245
0
0
0
0
0
0
0
1
4652 274
0
1
4653 107
1
4654 97
1
4655 4
0
0
0
0
0
1
4656 126
1
4657 285
0
1
4658 306
1
4659 172
0
0
0
0
0
0
0
1
4660 373
0
0
0
0
0
0
0
1
4661 105
0
0
0
0
1
4662 285
0
0
1
4663 257
0
0
0
0
0
0
1
4664 175
0
0
0
0
0
0
0
0
0
0
0
1
4665 103
0
0
1
4666 73
0
0
1
4667 74
0
0
0
0
0
1
4668 364
0
1
4669 71
1
4670 300
0
0
1
4671 344
0
0
0
0
0
1
4672 108
1
4673 211
0
0
0
0
0
0
0
1
4674 26
0
0
0
0
1
4675 135
0
0
0
0
0
0
1
4676 142
0
1
4677 200
0
0
0
0
1
4678 43
0
0
0
0
0
0
0
0
0
0
0
0
1
4679 331
0
0
1
4680 347
0
0
0
0
0
0
0
0
0
0
0
0
0
0
0
0
1
4681 84
0
0
0
0
0
0
0
0
0
0
1
4682 50
0
0
0
0
0
0
0
0
0
0
0
0
1
4683 159
0
0
0
0
0
0
1
4684 221
0
1
4685 226
0
0
0
0
0
0
0
1
4686 358
1
4687 343
0
0
0
0
0
0
0
0
0
0
1
4688 58
1
4689 54
0
0
0
1
4690 315
0
0
1
4691 44
0
1
4692 119
0
0
0
0
0
0
0
0
0
0
0
0
1
4693 70
0
0
0
0
0
0
0
0
1
4694 172
0
0
0
0
0
0
0
0
0
1
4695 217
0
1
4696 129
1
4697 288
1
4698 143
1
4699 281
0
0
0
0
0
0
0
1
4700 52
0
0
0
1
4701 138
0
0
0
0
0
0
0
0
1
4702 178
0
1
4703 123
0
0
0
0
0
0
0
0
0
1
4704 193
0
0
0
0
1
4705 62
0
0
0
0
0
0
0
0
0
1
4706 67
0
0
1
4707 196
0
0
0
0
0
0
0
0
0
1
4708 89
0
0
0
0
1
4709 179
0
0
0
0
0
0
0
0
0
0
0
1
4710 204
0
0
0
0
0
1
4711 293
0
0
0
0
0
0
0
1
4712 271
0
0
1
4713 4
0
0
0
0
0
0
1
4714 231
0
0
1
4715 371
0
0
0
0
1
4716 7
1
4717 169
0
0
1
4718 315
0
0
0
0
0
0
0
0
0
0
0
0
0
0
0
0
0
0
0
0
0
0
0
0
0
0
0
0
0
0
0
0
0
0
0
0
0
0
0
0
0
0
0
0
1
4719 19
0
0
0
0
0
0
0
0
0
0
0
0
0
0
0
1
4720 157
1
4721 140
1
4722 304
0
1
4723 237
0
0
0
0
0
0
0
0
0
0
0
0
0
0
0
0
0
0
0
0
0
0
0
1
4724 193
0
0
0
0
1
4725 210
0
1
4726 11
0
0
0
0
0
0
0
0
0
0
0
0
0
0
0
0
0
0
0
0
0
0
0
1
4727 43
0
0
0
0
0
0
0
0
0
0
0
0
0
0
0
0
0
0
0
0
1
4728 358
0
0
0
0
0
0
0
0
1
4729 186
0
1
4730 295
0
0
0
0
1
4731 285
0
0
0
0
0
0
0
0
0
0
0
0
1
4732 190
0
0
0
1
4733 42
0
0
0
0
0
0
0
0
0
0
1
4734 111
0
1
4735 208
0
0
0
0
0
0
0
0
0
0
0
0
0
0
0
0
0
0
0
1
4736 327
0
0
0
0
0
0
0
0
0
1
4737 134
0
0
0
0
0
0
0
0
0
0
0
0
0
0
0
0
0
0
0
0
0
0
0
0
0
0
0
0
0
0
0
0
0
0
0
1
4738 49
0
0
0
0
0
0
0
0
0
0
0
0
0
1
4739 325
0
0
0
0
0
0
0
0
0
0
0
0
0
0
0
0
0
0
0
0
0
0
0
0
0
0
0
0
0
0
0
0
0
0
0
0
0
0
0
0
0
0
0
0
0
0
0
0
0
0
0
0
0
0
0
0
0
0
0
0
0
0
0
0
0
1
4740 14
0
0
0
0
0
1
4741 267
0
0
0
0
0
0
0
0
1
4742 70
0
1
4743 53
0
0
0
0
0
0
0
0
0
0
0
0
0
1
4744 236
0
0
0
0
0
0
0
0
0
0
0
0
0
0
0
0
0
0
0
0
0
0
0
0
0
0
0
1
4745 374
0
0
1
4746 207
0
1
4747 256
0
0
0
0
0
0
0
0
0
0
0
0
0
0
0
0
0
0
0
0
0
0
0
0
0
0
0
0
0
0
0
0
0
0
1
4748 71
0
0
0
0
0
0
0
0
0
0
0
0
0
0
0
0
0
0
0
0
0
0
0
0
0
0
0
0
0
0
0
1
4749 97
0
0
0
0
0
0
0
0
0
0
0
0
0
0
1
4750 196
0
0
0
0
0
0
0
0
0
1
4751 186
0
0
0
0
0
0
0
0
0
0
0
0
0
0
0
0
0
0
0
0
0
0
0
0
0
0
0
0
0
0
0
0
0
0
0
0
0
0
0
0
0
0
0
0
0
0
0
0
0
0
0
1
4752 176
0
0
0
0
0
0
0
0
0
0
0
0
0
0
0
0
0
0
0
0
0
0
0
0
0
0
0
0
0
0
0
0
0
0
0
0
0
0
0
0
0
0
0
0
0
0
0
0
0
1
4753 91
0
0
0
0
0
0
0
0
0
0
0
0
0
0
0
0
0
0
0
0
0
0
0
0
0
1
4754 31
0
0
0
0
0
0
0
0
0
0
0
0
0
0
0
0
0
0
0
0
0
0
0
0
0
0
0
0
0
0
0
0
0
0
0
0
0
0
0
0
0
0
0
0
0
0
0
0
0
0
0
0
0
0
0
0
0
0
0
0
0
0
0
0
0
0
0
0
0
0
0
0
0
0
0
0
0
0
0
0
0
0
0
0
0
0
0
0
0
0
0
0
0
0
0
0
0
0
0
0
0
0
0
0
0
0
0
0
0
0
0
0
0
0
0
0
0
0
0
0
0
0
0
0
0
0
0
0
0
0
0
0
0
0
0
0
0
0
0
0
0
0
0
0
0
0
0
0
0
0
0
0
0
0
0
0
0
0
0
0
0
0
0
0
0
0
0
0
0
0
0
0
0
0
0
0
0
0
0
0
0
0
0
0
0
0
0
0
0
0
0
0
0
0
0
0
0
0
0
0
0
0
0
0
0
0
0
0
0
0
0
0
0
0
0
0
0
0
0
0
0
0
0
0
0
0
0
0
0
0
0
0
0
0
0
0
0
0
0
0
0
0
0
0
0
0
0
0
0
0
0
0
0
0
0
0
0
0
0
0
0
0
0
0
0
0
0
0
0
0
0
0
0
0
0
0
0
0
0
0
0
0
0
0
0
0
0
0
0
0
0
0
0
0
0
0
0
0
0
0
0
0
0
0
0
0
0
0
0
0
0
0
0
0
0
0
0
0
0
0
0
0
0
0
0
0
0
0
0
0
0
0
0
0
0
0
0
0
0
0
0
0
0
0
0
0
0
0
0
0
0
0
0
0
0
0
0
0
0
0
0
0
0
0
0
0
0
0
0
0
0
0
0
0
0
0
0
0
0
0
0
0
0
0
0
0
0
0
0
0
0
0
0
0
0
0
0
0
0
0
0
0
0
0
0
0
0
0
0
0
0
0
0
0
0
0
0
0
0
0
0
0
0
0
0
0
0
0
0
0
0
0
0
0
0
0
0
0
0
0
0
0
0
0
0
0
0
0
0
0
0
0
0
0
0
0
0
0
0
0
0
0
0
0
0
0
0
0
0
0
0
0
0
0
0
0
0
0
0
0
0
0
0
0
0
0
0
0
0
0
0
0
0
0
0
0
0
0
0
0
0
0
0
0
0
0
0
0
0
0
0
0
0
0
0
0
0
0
0
0
0
0
0
0
0
0
0
0
0
0
0
0
0
0
0
0
0
0
0
0
0
0
0
0
0
0
0
0
0
0
0
0
0
0
0
0
0
0
0
0
0
0
0
0
0
0
0
0
0
0
0
0
0
0
0
0
0
0
0
0
0
0
0
0
0
0
0
0
0
0
0
0
0
0
0
0
0
0
0
0
0
0
0
0
0
0
0
0
0
0
0
0
0
0
0
0
0
0
0
0
0
0
0
