330 585
57 37 3
213 262 5
329 278 3
25 273 3
286 35 2
32 162 3
122 192 1
311 290 5
165 230 4
306 299 3
108 253 3
24 104 4
268 149 3
204 40 3
155 217 3
37 151 4
28 143 3
229 57 3
102 196 3
208 174 3
117 300 2
241 291 2
184 328 3
247 267 2
222 131 2
310 94 2
4 129 4
305 141 3
296 224 3
158 163 2
111 182 2
132 323 5
206 234 4
69 208 4
311 195 5
279 160 3
185 263 5
297 280 3
106 60 3
26 76 4
258 121 2
296 246 5
323 290 2
52 224 4
306 73 4
177 209 3
308 75 2
140 155 5
219 120 4
6 329 5
3 5 2
309 73 3
105 93 4
242 323 3
292 199 3
203 62 3
184 164 3
94 183 2
315 152 3
126 133 2
150 48 3
278 89 3
25 64 4
146 68 2
236 32 3
43 260 5
206 157 2
299 181 3
218 194 3
247 19 3
120 322 3
96 292 4
167 251 2
188 237 3
41 212 3
137 276 3
150 190 4
256 200 3
314 47 4
263 46 3
57 191 3
170 24 3
110 322 2
258 178 3
267 220 3
31 123 4
283 306 4
74 84 3
302 142 3
257 38 3
79 245 3
137 263 3
196 63 5
254 207 3
109 127 3
41 284 3
256 18 5
72 176 2
198 305 3
276 104 2
250 153 3
49 20 2
99 47 4
144 314 4
236 278 3
218 52 4
249 83 4
279 171 2
252 211 3
93 242 4
159 167 4
90 79 3
291 126 3
177 98 2
202 156 3
128 217 5
92 201 3
233 190 5
308 45 5
243 309 4
12 171 3
117 194 5
317 324 3
35 62 3
141 204 4
7 160 4
262 10 3
112 169 3
254 67 4
270 217 3
137 246 4
259 121 5
236 162 4
274 327 3
281 237 5
310 260 3
189 98 3
290 255 3
298 320 4
124 264 3
237 208 5
17 26 3
14 86 3
257 212 3
132 322 2
112 75 3
111 85 2
226 80 4
106 113 2
75 325 4
22 155 2
301 63 4
113 266 2
146 69 3
113 60 5
230 161 3
227 175 3
93 311 3
259 51 3
186 214 2
270 238 2
161 47 3
38 247 3
324 283 2
204 272 4
330 149 4
145 209 2
292 40 2
3 14 3
205 246 5
295 19 3
232 225 6
312 183 2
173 114 4
13 30 3
288 9 3
28 295 3
35 29 2
146 115 4
114 300 2
203 209 3
154 134 3
182 197 3
113 294 3
219 192 3
307 179 2
33 223 3
266 303 4
74 116 4
145 185 3
191 255 4
164 240 4
31 95 3
269 214 4
271 233 5
15 126 4
326 207 4
298 318 3
213 193 4
56 275 5
100 280 3
2 135 4
37 138 5
220 140 3
213 181 4
95 264 2
77 38 1
21 17 3
45 171 3
151 285 2
147 177 4
270 128 3
70 85 3
207 124 3
264 254 4
325 308 3
150 249 3
200 244 5
112 12 4
63 64 3
243 289 3
7 77 4
72 56 4
248 170 4
253 51 4
179 168 4
211 248 4
281 146 3
112 27 3
236 41 4
130 192 2
84 137 3
158 36 4
307 86 2
14 179 4
221 138 5
77 303 5
153 319 4
248 74 4
123 82 2
120 51 3
21 312 3
317 135 3
33 118 4
52 313 5
166 212 3
235 251 4
315 316 3
275 78 4
233 125 3
304 141 5
231 165 3
261 17 3
4 250 3
194 81 4
230 274 1
240 58 5
69 237 3
94 87 4
80 45 3
100 168 4
302 289 5
324 135 2
218 81 3
92 1 2
134 166 2
174 50 5
256 103 2
199 155 3
96 269 2
178 109 3
255 195 3
144 161 3
174 315 4
205 39 3
287 246 4
22 239 4
2 181 3
193 59 3
175 184 4
280 216 4
307 14 4
86 73 3
161 274 5
294 106 4
127 178 5
312 30 2
26 261 3
227 190 3
159 271 3
266 106 2
304 272 3
163 168 2
287 39 5
151 229 5
61 286 3
272 300 3
167 227 1
92 108 3
111 197 2
11 91 3
329 41 3
5 188 3
152 5 3
86 260 3
136 232 3
1 281 1
193 2 2
157 72 3
273 134 4
110 242 3
215 182 3
34 226 3
225 231 3
59 262 6
11 133 3
164 67 4
215 277 2
75 16 3
83 228 2
145 98 4
73 260 4
121 253 3
192 55 2
81 198 5
172 211 4
54 276 2
101 288 3
293 91 4
148 66 5
48 76 3
200 18 5
7 295 3
95 123 3
313 186 3
229 255 3
169 60 3
20 225 3
277 197 3
330 107 4
221 3 3
32 257 4
142 262 5
10 142 3
8 65 3
27 88 4
320 89 3
136 231 3
66 61 2
125 16 4
281 201 2
52 194 3
70 202 3
230 327 5
279 133 4
251 227 4
203 147 2
24 224 3
183 310 4
219 245 3
4 99 2
145 46 2
108 148 3
328 240 4
58 87 3
277 65 3
217 143 2
278 6 2
102 166 3
239 199 3
180 271 3
99 129 2
187 294 3
243 100 2
1 201 2
289 309 3
10 118 4
13 261 4
129 274 3
310 312 3
275 105 3
128 22 4
222 49 3
136 225 4
55 122 4
223 36 5
70 101 4
209 185 4
152 13 3
114 186 4
307 43 5
249 27 3
282 229 3
173 301 3
275 55 3
189 9 4
233 228 4
125 271 4
268 74 4
244 284 3
288 202 4
103 18 3
318 162 3
15 210 4
139 153 2
286 200 4
269 114 3
43 13 3
323 191 3
31 232 3
40 239 5
82 31 3
140 173 3
21 175 4
289 100 3
228 88 2
252 64 3
298 249 3
63 267 3
24 313 3
315 261 3
256 42 4
111 215 3
235 159 2
74 149 3
144 49 4
165 34 4
206 8 3
296 276 3
44 319 4
187 160 3
53 156 2
72 78 4
125 180 3
87 328 3
20 131 3
98 288 3
184 326 5
293 250 3
169 71 2
133 241 3
28 238 4
215 8 4
44 4 3
235 124 4
188 221 3
328 58 5
280 33 3
80 327 3
107 244 2
176 157 3
214 300 3
320 119 2
66 42 3
119 60 3
263 321 3
181 302 3
316 76 3
277 85 3
198 304 3
82 180 3
62 116 4
259 265 5
216 118 4
326 67 4
266 162 4
172 269 4
116 321 5
124 123 4
46 185 4
44 129 4
241 295 3
220 247 4
208 152 5
49 231 4
158 297 2
90 66 3
163 37 5
119 71 4
286 29 3
148 79 3
23 78 1
292 272 3
42 92 2
139 45 5
96 173 3
205 189 5
54 224 3
220 19 3
330 252 3
212 32 4
317 283 2
81 117 3
34 136 4
234 176 3
11 171 2
139 319 2
196 267 3
29 61 4
329 18 2
84 321 3
89 115 3
68 103 4
9 97 2
80 325 5
241 126 4
25 196 3
270 143 4
211 170 4
5 138 4
130 197 5
124 159 4
290 242 3
291 210 3
320 50 4
6 115 3
316 50 4
153 91 5
299 309 3
252 273 3
27 71 3
187 77 4
42 108 3
304 305 4
88 83 4
142 216 2
17 30 3
285 282 5
251 326 4
70 53 4
56 23 5
143 19 3
97 101 4
26 48 4
144 131 4
54 84 3
105 110 5
325 16 2
297 168 3
102 273 3
107 154 5
12 294 5
179 243 3
186 172 2
104 54 3
210 238 5
226 327 3
223 297 4
83 190 3
170 104 4
285 36 4
293 15 4
68 1 3
207 235 4
268 116 3
172 64 3
183 21 2
202 177 5
71 298 4
258 127 5
265 132 4
183 175 3
303 257 3
330 134 4
222 314 3
140 301 5
57 109 2
156 79 3
119 318 2
228 16 3
122 130 1
65 97 4
39 46 4
85 182 2
133 160 4
299 317 4
127 191 3
120 265 2
55 23 5
89 318 2
130 245 5
282 195 3
53 245 4
284 154 3
90 147 5
10000
0
0
0
0
0
0
0
0
0
0
0
0
0
0
0
0
0
0
0
0
0
0
0
0
0
0
0
0
0
0
0
0
0
0
0
0
0
0
0
0
0
0
0
0
0
0
0
0
0
0
0
0
0
0
0
0
1
1 51
0
0
0
0
0
0
0
0
0
0
0
0
0
0
0
0
0
0
0
0
0
0
0
0
0
0
0
0
0
0
0
0
0
0
0
0
0
0
0
0
0
0
0
0
0
0
0
0
0
0
0
0
0
0
0
0
1
2 69
0
0
0
0
0
0
0
0
0
0
0
0
0
0
0
0
0
0
0
0
0
0
0
0
0
0
0
0
0
0
0
0
0
0
0
0
0
0
0
0
0
0
0
0
0
0
0
0
0
0
0
0
0
0
0
0
0
0
0
0
0
0
0
0
0
0
0
0
0
0
0
0
0
0
0
0
0
0
0
0
0
0
0
0
0
0
0
0
0
0
0
0
0
0
0
0
0
0
1
3 108
1
4 159
0
0
0
0
0
0
0
0
0
0
0
0
0
0
0
0
0
0
0
0
0
0
0
0
0
0
0
0
0
0
0
0
0
0
0
0
0
0
0
0
0
0
0
0
0
0
0
0
0
0
0
0
0
0
0
0
0
0
0
1
5 304
0
0
0
0
0
0
0
0
0
0
0
0
0
0
0
0
0
0
0
0
0
0
0
0
0
0
0
0
0
0
0
0
0
0
0
0
0
0
0
0
0
0
0
0
0
0
0
0
0
0
0
0
0
0
0
0
0
0
0
0
0
1
6 78
0
0
0
0
0
0
0
0
0
0
0
0
0
0
0
0
0
0
1
7 177
0
0
0
0
0
0
0
1
8 268
0
0
0
0
0
0
0
0
0
0
0
0
0
0
0
0
0
0
0
0
0
0
0
0
0
0
0
0
0
0
0
0
0
0
0
0
1
9 150
0
0
0
0
0
0
0
0
0
0
0
0
0
0
0
0
0
0
0
0
0
0
0
0
0
0
0
0
0
0
0
0
0
0
0
0
0
0
1
10 12
0
0
0
0
0
0
0
0
0
0
0
0
0
0
0
0
0
0
0
1
11 237
0
0
0
0
0
0
0
0
0
0
1
12 132
0
0
0
0
0
0
0
0
0
0
0
0
0
0
0
0
0
0
0
0
0
0
0
0
0
0
0
0
0
1
13 260
0
0
0
0
0
0
0
0
0
0
0
0
0
0
0
0
0
0
0
0
0
0
0
1
14 263
0
0
0
0
0
0
0
0
0
0
0
0
0
0
0
0
0
0
0
0
0
0
0
0
0
0
0
0
0
0
0
0
1
15 137
0
0
0
0
1
16 73
0
1
17 239
0
0
0
0
0
0
0
0
0
0
0
0
0
0
0
1
18 77
0
0
0
0
0
0
0
0
0
0
0
0
0
0
0
0
0
0
0
0
0
0
0
0
1
19 63
0
0
0
0
0
0
0
0
0
0
0
0
1
20 163
0
0
0
0
0
0
0
0
0
0
0
0
0
1
21 121
0
0
0
0
0
0
0
0
0
0
0
0
0
0
0
0
0
0
0
0
0
0
0
1
22 296
0
0
0
0
0
0
0
0
0
0
0
0
1
23 191
0
0
0
0
1
24 329
0
0
0
0
0
0
0
0
0
0
0
1
25 16
0
0
1
26 7
0
0
1
27 82
0
0
0
0
0
0
0
0
1
28 180
1
29 135
0
0
0
0
0
0
0
0
0
0
0
1
30 260
0
0
0
0
0
1
31 151
0
0
0
0
0
1
32 255
0
0
0
0
0
0
0
0
0
0
0
0
0
1
33 289
0
0
0
1
34 65
0
0
0
0
0
0
0
0
0
0
0
1
35 82
0
0
0
0
0
0
0
0
0
0
0
0
0
0
0
0
0
1
36 4
0
0
0
0
0
0
0
0
0
0
0
0
0
1
37 28
0
0
0
0
0
0
1
38 282
0
0
0
0
0
0
0
0
0
0
0
0
0
0
0
0
0
0
0
0
1
39 101
1
40 160
0
0
0
0
0
0
0
0
1
41 71
0
0
0
0
0
1
42 76
0
1
43 232
1
44 200
0
0
0
0
1
45 188
0
0
0
0
0
0
1
46 33
0
0
0
0
0
0
0
0
0
0
0
0
1
47 76
0
0
0
0
1
48 69
0
0
0
0
0
0
0
0
0
0
1
49 14
0
0
0
0
0
0
1
50 174
0
0
0
0
0
0
0
0
1
51 13
0
1
52 163
0
0
0
0
0
0
0
0
0
0
0
0
0
0
0
1
53 242
0
0
0
0
1
54 83
0
1
55 309
0
0
0
0
0
0
0
0
0
1
56 89
0
0
0
1
57 324
0
0
0
0
0
0
0
1
58 112
0
1
59 32
0
1
60 79
0
0
0
0
0
0
0
0
0
0
0
0
0
0
1
61 259
0
0
0
0
0
0
0
0
0
0
0
1
62 102
0
1
63 185
1
64 176
1
65 171
0
0
0
0
0
0
0
0
0
0
0
0
0
0
0
0
0
0
0
1
66 52
0
0
0
0
0
0
0
1
67 281
0
0
0
1
68 134
0
0
0
1
69 195
1
70 283
0
0
0
0
0
0
0
0
1
71 237
0
0
0
0
0
0
0
0
0
0
0
0
0
0
1
72 119
0
0
0
0
1
73 142
1
74 29
0
0
0
1
75 231
0
0
0
0
0
0
0
1
76 89
0
0
0
1
77 30
1
78 69
0
0
0
0
0
0
0
1
79 44
0
0
0
0
0
0
0
0
0
0
0
1
80 222
0
0
0
0
0
0
0
0
1
81 87
0
0
0
0
0
0
0
0
0
0
0
0
0
0
0
0
0
0
0
0
0
0
0
1
82 193
0
0
0
0
0
0
0
1
83 248
1
84 86
0
0
0
0
0
0
0
1
85 21
0
0
0
0
1
86 217
0
0
0
0
0
0
1
87 186
0
0
0
0
0
1
88 35
0
0
0
0
0
0
1
89 249
0
0
1
90 165
0
0
0
0
1
91 5
0
0
1
92 329
0
0
0
0
0
0
0
1
93 202
0
0
1
94 184
0
0
0
1
95 205
0
1
96 303
0
0
1
97 314
1
98 325
0
1
99 188
0
0
0
0
0
0
0
0
0
0
0
0
0
0
0
0
0
0
0
1
100 64
1
101 94
0
0
1
102 258
0
0
1
103 122
0
0
1
104 236
0
0
0
0
0
0
0
0
0
0
0
0
0
0
0
1
105 70
0
1
106 60
1
107 174
0
0
1
108 49
0
1
109 21
1
110 237
0
0
0
0
0
0
0
0
0
1
111 170
0
0
0
0
0
0
0
1
112 46
0
0
0
0
0
0
0
0
0
0
0
0
0
1
113 9
0
0
0
0
0
1
114 77
0
0
0
0
0
0
0
0
0
0
0
1
115 94
0
0
0
0
0
1
116 152
0
0
0
0
0
1
117 181
1
118 36
0
0
0
0
1
119 16
0
0
0
0
0
1
120 86
0
0
1
121 319
0
0
0
1
122 260
0
0
0
1
123 69
0
0
0
0
0
0
0
0
0
0
0
0
0
1
124 203
0
1
125 212
0
0
0
0
0
0
0
1
126 204
1
127 66
1
128 224
0
0
0
0
0
0
0
0
0
0
0
0
0
1
129 176
1
130 302
0
0
0
0
0
1
131 28
0
0
0
0
0
0
0
0
0
0
1
132 201
0
1
133 181
0
1
134 145
0
0
0
0
0
0
0
0
0
1
135 108
1
136 127
1
137 33
0
1
138 6
0
0
1
139 202
0
0
1
140 71
0
1
141 88
0
0
0
0
0
0
0
1
142 30
0
0
0
1
143 53
0
0
0
0
0
0
0
0
0
0
0
0
0
0
1
144 266
0
1
145 137
1
146 216
0
0
0
0
0
0
0
0
0
0
0
0
0
0
0
1
147 212
0
0
0
0
0
1
148 193
0
0
0
1
149 119
0
0
0
0
0
0
0
0
0
1
150 323
0
0
0
0
1
151 35
0
0
0
0
0
0
1
152 178
1
153 238
0
0
0
0
1
154 147
0
0
0
0
0
0
1
155 8
0
0
0
0
1
156 307
0
1
157 73
0
0
0
0
0
0
0
1
158 314
1
159 127
0
0
0
0
0
0
0
1
160 132
0
0
0
1
161 190
1
162 322
0
0
1
163 293
0
1
164 143
0
0
0
1
165 271
0
0
0
1
166 319
0
0
0
0
0
0
0
0
1
167 180
0
0
0
0
0
0
0
0
0
1
168 59
0
1
169 273
0
0
1
170 320
0
1
171 13
1
172 308
0
0
0
0
0
0
0
0
0
0
0
0
1
173 43
0
1
174 155
0
0
0
0
0
0
0
0
0
1
175 195
1
176 282
1
177 207
0
0
0
0
0
0
1
178 3
0
0
0
0
1
179 51
0
0
1
180 149
1
181 26
0
1
182 131
0
1
183 170
0
0
0
0
0
0
1
184 97
0
1
185 311
0
0
0
0
1
186 156
0
0
0
0
0
0
0
0
0
0
0
0
0
0
1
187 52
1
188 49
0
0
0
0
1
189 86
0
0
0
1
190 13
0
1
191 243
0
0
1
192 97
1
193 203
0
0
1
194 227
1
195 267
0
0
0
1
196 140
0
0
1
197 3
0
0
1
198 211
0
0
0
1
199 239
0
0
1
200 88
1
201 5
0
0
0
0
0
0
1
202 188
0
0
0
0
0
0
1
203 26
1
204 122
0
1
205 146
0
0
0
1
206 86
1
207 148
0
0
1
208 12
0
1
209 34
0
0
1
210 227
0
0
0
1
211 260
1
212 277
0
1
213 315
0
0
0
1
214 224
0
1
215 30
0
0
1
216 324
0
1
217 200
1
218 143
0
1
219 60
0
1
220 43
1
221 73
0
1
222 73
0
0
0
0
0
0
0
1
223 254
0
0
0
1
224 228
0
0
0
0
0
0
0
0
1
225 69
0
0
0
1
226 14
1
227 208
0
1
228 113
0
0
0
0
0
0
0
0
0
0
0
0
0
1
229 313
1
230 141
0
1
231 60
0
0
1
232 229
1
233 52
0
0
1
234 9
1
235 184
1
236 248
1
237 153
0
0
1
238 86
0
0
1
239 284
0
0
0
0
1
240 133
0
1
241 36
0
0
0
0
0
0
1
242 125
0
1
243 37
0
0
0
1
244 180
1
245 261
1
246 175
0
1
247 89
0
0
0
0
0
0
0
0
0
0
1
248 219
0
1
249 165
0
0
0
0
0
0
1
250 273
0
0
0
0
1
251 13
0
0
0
0
0
0
0
0
0
0
0
1
252 163
0
0
0
0
1
253 168
1
254 283
1
255 264
1
256 307
1
257 328
0
0
0
1
258 172
0
1
259 84
1
260 305
0
0
1
261 308
0
0
0
0
0
1
262 293
0
0
0
0
1
263 209
0
0
1
264 318
0
0
1
265 64
0
0
0
1
266 240
0
0
0
0
0
0
0
1
267 264
1
268 39
0
0
0
1
269 35
1
270 174
1
271 53
0
0
0
1
272 70
1
273 120
0
0
0
0
0
0
0
0
1
274 63
0
1
275 74
0
0
0
1
276 199
1
277 236
0
0
0
1
278 177
1
279 292
0
0
0
0
0
0
0
0
0
0
0
0
1
280 77
1
281 8
0
0
0
0
0
0
0
1
282 279
0
1
283 296
0
0
0
1
284 126
1
285 289
0
0
0
0
0
0
0
0
1
286 119
1
287 246
0
1
288 46
0
0
1
289 30
0
0
0
0
1
290 315
0
0
1
291 328
0
0
0
0
0
0
0
0
0
0
1
292 2
1
293 229
0
0
1
294 22
1
295 217
0
0
0
0
0
0
0
1
296 20
0
1
297 63
0
0
0
0
1
298 264
0
1
299 256
0
1
300 185
0
1
301 207
0
1
302 4
0
0
1
303 5
1
304 228
0
0
0
0
0
1
305 261
1
306 242
1
307 152
0
0
0
0
0
0
0
0
0
0
0
0
0
1
308 97
0
0
1
309 193
0
1
310 142
1
311 42
1
312 260
0
0
0
0
0
0
0
0
0
1
313 61
1
314 177
0
0
0
1
315 102
0
0
1
316 262
1
317 183
0
0
0
0
0
1
318 14
0
0
0
1
319 22
0
0
0
0
0
0
0
0
0
0
0
1
320 221
0
0
0
0
1
321 265
0
0
0
1
322 58
0
0
1
323 69
1
324 198
0
0
0
0
1
325 231
1
326 326
0
0
1
327 305
0
0
0
0
0
0
0
0
0
1
328 190
1
329 273
0
0
1
330 298
1
331 89
0
0
0
0
0
0
1
332 266
1
333 273
0
1
334 251
1
335 16
0
0
0
1
336 98
0
0
0
1
337 104
0
0
0
0
0
0
0
0
0
1
338 80
0
0
1
339 225
0
0
1
340 247
1
341 111
0
1
342 203
1
343 199
1
344 296
1
345 150
0
0
1
346 121
0
0
0
1
347 191
0
1
348 156
0
0
0
1
349 29
0
1
350 278
0
0
0
1
351 186
0
0
0
1
352 76
1
353 319
0
0
0
0
0
1
354 254
0
1
355 142
1
356 147
0
0
0
0
1
357 93
0
1
358 76
1
359 43
1
360 89
0
0
0
0
0
0
0
1
361 216
0
1
362 7
0
1
363 96
0
0
0
0
0
1
364 97
1
365 198
0
1
366 25
0
0
1
367 235
0
0
0
0
0
0
0
0
0
0
0
1
368 48
0
1
369 174
0
0
0
0
0
1
370 164
1
371 155
1
372 6
0
0
0
0
0
0
0
0
0
0
0
1
373 86
1
374 157
1
375 78
1
376 315
0
1
377 254
1
378 296
0
1
379 221
0
0
1
380 89
0
0
0
1
381 284
0
1
382 261
0
0
1
383 53
0
0
0
0
1
384 157
0
1
385 285
0
0
0
0
0
1
386 55
1
387 262
0
1
388 54
1
389 210
0
0
0
1
390 23
1
391 317
0
0
0
0
0
0
0
0
1
392 186
1
393 223
0
1
394 284
0
0
0
1
395 281
1
396 264
0
0
0
0
0
1
397 197
0
0
0
1
398 29
0
0
0
0
1
399 246
0
0
0
1
400 87
0
0
0
0
0
0
0
0
0
1
401 195
0
1
402 296
0
0
0
0
0
0
0
0
1
403 274
0
0
0
0
0
1
404 201
1
405 15
0
0
0
0
1
406 26
1
407 233
0
0
0
0
1
408 98
1
409 305
1
410 21
0
0
1
411 201
1
412 112
0
1
413 303
1
414 271
0
1
415 63
1
416 270
0
0
0
0
1
417 45
0
0
1
418 265
0
0
1
419 196
0
1
420 68
1
421 122
0
0
0
0
0
1
422 163
1
423 120
1
424 199
0
0
0
0
0
0
1
425 184
0
1
426 227
0
0
1
427 251
1
428 72
0
0
0
0
0
0
1
429 127
1
430 162
1
431 190
0
0
1
432 149
0
0
1
433 44
1
434 170
0
0
0
1
435 47
1
436 12
0
0
1
437 154
0
0
0
1
438 43
0
0
0
0
1
439 154
0
0
0
0
0
1
440 12
1
441 287
0
1
442 213
0
0
0
0
0
0
1
443 248
1
444 115
1
445 210
0
0
1
446 43
0
1
447 83
0
1
448 225
1
449 304
1
450 40
0
0
1
451 110
0
1
452 79
1
453 304
0
1
454 33
0
0
0
0
0
0
0
0
0
0
0
0
0
0
1
455 128
0
1
456 233
0
0
0
1
457 257
1
458 57
0
0
0
1
459 14
0
0
1
460 173
0
0
0
0
1
461 5
0
0
0
0
0
1
462 5
1
463 112
0
1
464 5
0
0
1
465 229
0
0
0
1
466 97
1
467 119
0
0
1
468 188
0
0
0
0
1
469 312
0
0
0
0
0
1
470 20
1
471 116
0
1
472 158
1
473 14
1
474 209
0
1
475 171
0
0
1
476 99
0
1
477 176
0
1
478 315
1
479 282
0
0
1
480 255
0
0
0
0
0
1
481 275
0
0
0
0
0
1
482 52
0
1
483 87
1
484 125
0
0
1
485 133
0
0
0
0
0
0
0
0
0
0
0
0
0
1
486 152
0
0
1
487 78
1
488 245
0
0
0
0
0
0
1
489 161
1
490 195
1
491 327
0
0
1
492 327
0
0
1
493 52
0
0
0
0
0
0
0
0
0
0
0
1
494 26
0
1
495 237
0
0
1
496 98
0
0
1
497 208
1
498 43
1
499 261
1
500 96
0
1
501 28
1
502 208
0
1
503 157
0
0
1
504 93
0
0
0
0
0
1
505 21
1
506 216
0
1
507 174
1
508 221
0
0
0
0
0
1
509 5
1
510 315
0
0
0
0
0
0
0
0
1
511 118
1
512 190
1
513 138
0
0
0
1
514 47
0
1
515 102
0
0
1
516 14
1
517 40
1
518 140
0
1
519 278
1
520 137
1
521 140
0
0
0
0
0
1
522 4
1
523 54
0
0
0
0
0
0
0
0
0
0
0
0
1
524 269
1
525 249
0
0
0
0
0
0
1
526 25
0
0
0
1
527 221
1
528 103
0
1
529 173
1
530 261
1
531 221
0
1
532 166
0
1
533 58
0
0
1
534 208
0
0
1
535 29
0
0
0
0
0
1
536 30
0
0
1
537 88
1
538 251
1
539 86
1
540 276
0
1
541 241
0
0
0
0
0
1
542 81
0
0
0
0
1
543 319
0
1
544 56
0
0
0
0
0
0
1
545 82
1
546 36
0
0
0
0
1
547 184
0
0
0
1
548 89
0
0
0
0
1
549 172
0
1
550 235
0
0
0
1
551 297
0
1
552 211
0
0
0
0
0
1
553 144
1
554 223
0
0
0
1
555 154
0
0
0
0
0
0
1
556 41
0
0
0
0
0
0
1
557 198
1
558 219
0
0
0
1
559 35
1
560 104
1
561 157
1
562 261
0
1
563 74
0
0
0
1
564 241
1
565 87
0
1
566 58
0
0
0
1
567 147
0
0
0
0
1
568 52
0
1
569 330
0
0
0
1
570 33
1
571 48
1
572 313
0
1
573 255
0
1
574 35
0
0
0
0
0
0
1
575 102
1
576 277
1
577 295
0
0
0
0
1
578 190
0
1
579 223
0
1
580 215
0
0
1
581 55
0
0
1
582 279
0
0
0
0
0
0
0
0
1
583 213
1
584 273
1
585 261
0
1
586 19
1
587 200
0
0
0
0
1
588 308
1
589 224
0
0
1
590 206
1
591 91
0
0
0
1
592 43
0
0
0
1
593 288
0
0
1
594 40
0
0
0
0
0
0
1
595 177
1
596 275
0
1
597 153
0
0
0
1
598 17
0
1
599 313
0
0
0
0
0
1
600 108
1
601 231
0
0
1
602 108
0
0
0
1
603 91
0
0
0
1
604 65
1
605 236
1
606 158
1
607 161
1
608 301
0
1
609 180
0
1
610 56
0
0
1
611 141
0
0
0
0
0
1
612 92
1
613 264
0
0
1
614 117
0
1
615 106
0
0
0
0
1
616 277
0
1
617 37
1
618 200
1
619 19
1
620 37
1
621 320
0
0
0
1
622 310
1
623 274
0
1
624 142
1
625 110
0
1
626 179
0
0
0
0
1
627 125
1
628 2
0
0
1
629 79
0
0
0
0
0
1
630 122
0
0
0
1
631 105
0
1
632 285
0
0
0
1
633 171
1
634 103
1
635 265
1
636 13
1
637 10
0
0
0
1
638 35
1
639 283
1
640 84
0
0
1
641 190
1
642 66
0
0
0
1
643 156
1
644 116
1
645 322
1
646 3
0
1
647 123
0
0
0
0
0
0
0
0
0
1
648 65
0
0
1
649 176
0
0
0
1
650 140
0
1
651 146
0
0
1
652 177
0
1
653 26
0
1
654 93
1
655 63
1
656 35
0
0
1
657 171
0
1
658 102
0
1
659 132
0
1
660 62
1
661 317
0
0
0
0
1
662 287
1
663 130
0
0
0
0
1
664 326
0
1
665 207
0
0
1
666 248
1
667 34
0
0
0
0
0
0
0
1
668 207
1
669 50
0
0
0
0
0
0
0
1
670 28
0
0
0
0
1
671 191
0
1
672 131
1
673 161
0
1
674 316
1
675 195
0
0
1
676 127
0
1
677 50
0
1
678 294
1
679 214
1
680 304
0
0
1
681 160
0
0
1
682 177
0
1
683 198
0
0
0
0
1
684 204
0
0
1
685 10
1
686 251
0
0
0
0
1
687 203
1
688 230
1
689 255
0
1
690 193
0
0
0
0
0
0
1
691 270
0
0
1
692 13
1
693 44
1
694 127
1
695 260
0
0
0
1
696 311
0
1
697 220
0
0
1
698 63
0
0
0
0
0
0
1
699 157
1
700 114
0
0
1
701 91
0
1
702 209
1
703 311
0
1
704 138
1
705 312
1
706 183
0
0
1
707 293
1
708 272
0
0
0
1
709 314
1
710 256
0
0
0
1
711 43
0
0
1
712 73
1
713 192
0
0
1
714 154
0
1
715 36
0
1
716 6
0
0
0
1
717 308
0
0
1
718 152
0
1
719 304
0
0
1
720 278
1
721 47
1
722 163
1
723 202
0
1
724 186
0
1
725 262
1
726 237
0
0
1
727 219
1
728 69
1
729 8
1
730 186
1
731 298
0
0
1
732 48
1
733 279
1
734 154
1
735 141
0
0
1
736 120
1
737 258
0
0
1
738 28
1
739 4
1
740 124
0
0
1
741 109
0
1
742 201
0
0
0
0
0
0
0
1
743 261
0
1
744 184
1
745 43
0
1
746 269
1
747 154
1
748 3
1
749 188
0
0
0
0
0
1
750 259
0
0
1
751 150
0
1
752 3
0
1
753 329
0
1
754 240
1
755 271
1
756 69
1
757 45
0
0
0
0
0
0
1
758 286
0
0
0
0
1
759 4
0
0
1
760 4
1
761 124
1
762 50
1
763 160
1
764 100
1
765 111
1
766 80
0
0
0
0
1
767 151
1
768 87
0
1
769 270
1
770 272
1
771 193
0
0
0
0
1
772 43
0
1
773 37
1
774 118
0
0
0
1
775 273
0
0
1
776 239
0
1
777 15
0
1
778 226
0
0
1
779 64
0
0
0
0
0
1
780 277
0
1
781 105
0
0
1
782 50
0
1
783 270
0
0
1
784 261
0
0
0
1
785 281
0
1
786 3
1
787 75
1
788 127
1
789 38
0
1
790 244
0
1
791 148
0
1
792 237
0
1
793 97
0
1
794 321
0
1
795 290
1
796 116
0
1
797 151
0
1
798 270
1
799 301
0
0
0
0
0
1
800 276
0
1
801 36
1
802 312
0
1
803 70
1
804 225
0
1
805 258
1
806 86
1
807 24
0
1
808 52
0
0
1
809 285
1
810 228
1
811 131
0
0
0
0
0
0
1
812 276
1
813 47
0
0
0
0
0
0
0
0
1
814 115
1
815 181
0
1
816 204
0
0
1
817 318
1
818 173
1
819 187
0
0
1
820 247
1
821 187
0
0
0
1
822 290
1
823 307
1
824 233
0
0
0
1
825 61
1
826 113
0
1
827 119
1
828 225
1
829 160
1
830 116
0
1
831 3
0
0
1
832 182
0
1
833 317
0
1
834 304
1
835 95
1
836 11
1
837 194
1
838 194
1
839 322
0
0
1
840 95
0
1
841 313
0
0
0
0
1
842 297
1
843 316
0
1
844 299
1
845 13
0
0
1
846 208
0
0
0
1
847 194
0
1
848 227
0
0
1
849 312
1
850 324
0
1
851 139
0
0
1
852 286
1
853 234
0
0
1
854 13
0
1
855 71
0
0
0
0
1
856 288
0
0
0
1
857 265
1
858 196
1
859 42
0
0
0
0
0
0
0
0
0
1
860 98
0
1
861 158
0
0
0
1
862 116
1
863 74
1
864 299
0
1
865 286
1
866 216
1
867 32
0
0
1
868 234
1
869 328
0
1
870 74
1
871 14
0
1
872 202
0
1
873 169
1
874 37
0
1
875 231
0
1
876 129
0
1
877 11
1
878 143
0
1
879 42
0
1
880 39
1
881 75
1
882 237
1
883 304
0
0
0
1
884 6
1
885 134
1
886 11
1
887 148
1
888 285
1
889 204
0
0
0
0
0
1
890 80
0
1
891 92
1
892 199
0
1
893 312
0
0
0
1
894 271
0
1
895 273
1
896 74
0
1
897 117
0
0
0
0
1
898 36
0
1
899 71
0
1
900 289
1
901 152
0
0
0
1
902 89
1
903 47
1
904 147
1
905 141
1
906 127
1
907 193
0
0
0
1
908 268
1
909 15
0
1
910 101
0
1
911 256
1
912 172
0
1
913 316
0
0
1
914 242
1
915 320
1
916 206
0
1
917 209
1
918 102
1
919 26
1
920 88
0
0
0
0
0
0
0
0
0
0
1
921 76
1
922 109
0
0
0
1
923 213
1
924 113
1
925 245
1
926 281
1
927 30
0
0
0
1
928 171
0
0
0
1
929 47
0
0
0
1
930 19
1
931 47
0
0
0
1
932 3
1
933 9
0
0
1
934 265
0
1
935 151
0
1
936 45
1
937 11
0
1
938 22
0
1
939 14
1
940 267
0
1
941 158
0
0
0
1
942 213
1
943 319
0
1
944 319
1
945 5
0
0
0
0
0
1
946 210
0
1
947 328
0
0
1
948 159
1
949 319
1
950 86
1
951 169
1
952 83
1
953 58
1
954 302
0
0
1
955 199
1
956 278
0
0
0
0
1
957 13
1
958 308
0
1
959 251
0
1
960 324
1
961 89
1
962 310
1
963 99
1
964 42
0
1
965 174
0
1
966 145
0
1
967 316
1
968 27
0
1
969 328
1
970 239
1
971 163
1
972 296
1
973 161
0
1
974 302
1
975 130
1
976 25
1
977 149
1
978 262
0
1
979 55
0
0
1
980 236
0
1
981 276
0
0
0
1
982 235
0
1
983 288
1
984 35
0
1
985 146
0
1
986 21
1
987 173
0
1
988 218
1
989 131
1
990 217
0
0
1
991 137
0
1
992 211
0
0
0
1
993 283
1
994 184
1
995 74
0
1
996 126
1
997 3
0
0
0
1
998 79
0
0
1
999 127
0
1
1000 65
1
1001 234
1
1002 254
1
1003 6
1
1004 251
1
1005 194
0
0
0
1
1006 17
1
1007 154
1
1008 192
0
0
0
1
1009 68
0
1
1010 41
1
1011 178
1
1012 277
0
1
1013 307
1
1014 86
1
1015 242
0
0
0
0
0
1
1016 273
1
1017 281
0
1
1018 22
0
1
1019 308
0
0
1
1020 330
0
0
0
1
1021 215
0
0
0
0
0
1
1022 219
1
1023 11
0
1
1024 321
0
0
0
0
1
1025 94
0
1
1026 69
1
1027 82
0
1
1028 7
1
1029 312
1
1030 311
1
1031 240
0
0
0
1
1032 50
0
0
1
1033 256
0
1
1034 11
1
1035 122
1
1036 69
0
1
1037 105
1
1038 194
1
1039 285
0
0
1
1040 34
1
1041 168
0
0
1
1042 209
0
1
1043 103
1
1044 76
1
1045 32
1
1046 48
1
1047 192
0
0
0
0
1
1048 6
0
0
1
1049 84
1
1050 77
1
1051 270
0
0
1
1052 172
0
1
1053 27
1
1054 168
1
1055 40
1
1056 315
1
1057 26
1
1058 5
0
1
1059 68
1
1060 278
1
1061 287
1
1062 276
1
1063 126
0
1
1064 149
1
1065 199
1
1066 65
0
0
1
1067 53
0
0
1
1068 100
0
1
1069 36
1
1070 251
0
1
1071 296
1
1072 310
0
0
1
1073 107
1
1074 172
1
1075 177
1
1076 292
0
0
0
0
1
1077 208
1
1078 5
1
1079 20
1
1080 42
1
1081 45
0
1
1082 222
0
1
1083 73
0
0
0
1
1084 237
0
0
0
0
1
1085 320
0
0
1
1086 236
1
1087 138
1
1088 209
0
1
1089 189
1
1090 180
0
0
0
0
1
1091 267
1
1092 307
1
1093 174
1
1094 188
1
1095 324
0
0
0
1
1096 130
1
1097 185
0
0
1
1098 291
0
1
1099 305
1
1100 246
1
1101 327
1
1102 175
1
1103 224
1
1104 157
0
0
1
1105 85
0
0
1
1106 265
0
1
1107 228
1
1108 8
1
1109 17
1
1110 89
0
1
1111 318
1
1112 160
1
1113 165
1
1114 125
1
1115 52
0
1
1116 314
0
1
1117 76
1
1118 4
0
1
1119 210
1
1120 232
1
1121 89
1
1122 106
0
1
1123 47
1
1124 281
0
1
1125 123
0
0
0
0
1
1126 146
0
0
1
1127 187
0
1
1128 307
0
1
1129 312
0
1
1130 10
1
1131 329
1
1132 37
1
1133 222
1
1134 110
1
1135 65
0
1
1136 134
1
1137 76
1
1138 213
1
1139 34
1
1140 285
1
1141 318
1
1142 52
0
1
1143 41
1
1144 260
1
1145 170
0
1
1146 4
1
1147 301
1
1148 188
0
0
1
1149 249
1
1150 37
1
1151 97
0
0
0
1
1152 49
1
1153 221
1
1154 140
0
0
0
1
1155 153
1
1156 191
0
1
1157 271
0
0
0
1
1158 325
1
1159 173
0
0
0
0
1
1160 307
1
1161 50
1
1162 281
1
1163 23
1
1164 247
1
1165 39
1
1166 80
0
0
1
1167 301
0
0
1
1168 117
1
1169 214
1
1170 3
0
1
1171 14
1
1172 232
0
0
0
0
0
1
1173 143
1
1174 274
0
0
1
1175 245
0
1
1176 232
1
1177 324
0
0
0
0
0
1
1178 79
1
1179 249
0
0
1
1180 87
1
1181 12
0
0
0
0
0
1
1182 79
1
1183 76
0
0
1
1184 103
0
0
1
1185 68
1
1186 121
1
1187 80
0
0
0
0
0
0
1
1188 265
0
1
1189 212
0
0
1
1190 47
1
1191 213
1
1192 230
1
1193 5
1
1194 322
0
1
1195 174
1
1196 114
0
1
1197 328
0
0
0
0
0
0
0
1
1198 117
1
1199 35
0
1
1200 103
1
1201 34
1
1202 255
1
1203 233
0
1
1204 92
1
1205 100
1
1206 26
0
1
1207 192
0
0
1
1208 34
1
1209 258
1
1210 77
0
0
0
1
1211 208
1
1212 187
0
1
1213 150
0
1
1214 58
0
1
1215 246
1
1216 178
1
1217 81
1
1218 277
0
1
1219 146
0
1
1220 187
1
1221 170
1
1222 63
0
0
1
1223 68
0
1
1224 14
1
1225 17
0
1
1226 187
1
1227 262
1
1228 162
1
1229 152
0
1
1230 115
1
1231 227
0
0
0
1
1232 26
0
0
1
1233 328
1
1234 47
1
1235 130
1
1236 172
1
1237 135
1
1238 205
1
1239 26
1
1240 114
0
1
1241 46
1
1242 96
1
1243 274
1
1244 37
0
1
1245 289
1
1246 154
1
1247 109
0
1
1248 127
1
1249 121
0
0
1
1250 241
1
1251 125
0
1
1252 220
0
1
1253 227
1
1254 308
1
1255 76
1
1256 244
1
1257 26
1
1258 284
0
0
0
1
1259 310
1
1260 53
0
1
1261 249
0
1
1262 71
0
1
1263 283
0
0
1
1264 149
1
1265 42
1
1266 65
0
1
1267 130
1
1268 4
1
1269 141
0
1
1270 297
1
1271 107
0
1
1272 293
0
0
1
1273 184
1
1274 324
1
1275 71
1
1276 220
1
1277 26
1
1278 117
0
0
1
1279 45
1
1280 114
1
1281 64
1
1282 189
1
1283 48
0
1
1284 41
1
1285 170
1
1286 68
0
1
1287 305
0
0
0
0
0
1
1288 149
1
1289 312
0
1
1290 221
1
1291 181
0
0
1
1292 263
0
1
1293 22
0
1
1294 175
0
0
1
1295 220
0
1
1296 170
1
1297 271
1
1298 221
1
1299 76
1
1300 291
1
1301 242
0
0
1
1302 100
1
1303 253
0
1
1304 88
0
1
1305 295
0
1
1306 181
1
1307 220
1
1308 237
0
0
0
0
1
1309 82
0
1
1310 265
1
1311 312
0
1
1312 277
0
1
1313 83
1
1314 318
1
1315 164
1
1316 90
0
0
1
1317 227
0
1
1318 206
1
1319 70
1
1320 59
0
1
1321 30
1
1322 307
1
1323 15
0
0
1
1324 320
1
1325 4
0
1
1326 6
1
1327 162
0
0
1
1328 235
1
1329 184
1
1330 145
1
1331 36
0
1
1332 141
1
1333 2
0
0
0
1
1334 250
1
1335 250
1
1336 89
0
1
1337 275
0
0
1
1338 126
0
0
1
1339 146
1
1340 101
0
0
0
0
1
1341 143
0
0
0
1
1342 69
0
0
1
1343 183
0
1
1344 103
0
0
0
0
0
0
1
1345 13
1
1346 201
0
0
0
0
0
1
1347 36
0
0
1
1348 188
1
1349 300
1
1350 73
0
1
1351 25
0
1
1352 39
1
1353 231
0
1
1354 328
1
1355 241
0
0
1
1356 160
1
1357 72
0
0
0
1
1358 26
0
1
1359 312
0
1
1360 145
1
1361 51
1
1362 82
1
1363 82
0
0
1
1364 148
1
1365 89
0
1
1366 268
0
0
0
1
1367 311
1
1368 40
1
1369 167
0
0
1
1370 95
1
1371 323
0
1
1372 324
1
1373 40
1
1374 133
0
1
1375 140
1
1376 162
1
1377 42
0
0
1
1378 216
0
0
0
0
0
1
1379 174
1
1380 25
0
1
1381 115
1
1382 162
1
1383 262
1
1384 148
0
0
1
1385 71
0
1
1386 133
1
1387 135
0
1
1388 247
0
1
1389 286
0
0
0
0
0
1
1390 283
1
1391 236
0
1
1392 178
1
1393 315
0
1
1394 249
1
1395 296
0
0
1
1396 105
1
1397 33
1
1398 92
1
1399 222
1
1400 41
1
1401 125
1
1402 258
1
1403 35
1
1404 264
1
1405 9
1
1406 143
1
1407 210
1
1408 46
1
1409 114
0
1
1410 208
0
1
1411 119
1
1412 205
1
1413 80
0
0
1
1414 271
1
1415 30
1
1416 129
1
1417 56
0
1
1418 166
1
1419 190
0
1
1420 267
1
1421 249
1
1422 208
0
0
0
0
1
1423 126
0
0
0
0
0
0
0
1
1424 173
0
0
0
1
1425 226
0
1
1426 108
1
1427 48
0
0
0
0
1
1428 159
0
0
1
1429 37
1
1430 228
1
1431 155
1
1432 185
1
1433 13
1
1434 167
1
1435 87
0
1
1436 205
1
1437 289
1
1438 105
1
1439 228
1
1440 91
1
1441 25
1
1442 294
1
1443 171
1
1444 3
1
1445 116
1
1446 150
1
1447 248
0
1
1448 238
1
1449 152
1
1450 73
1
1451 71
1
1452 147
0
1
1453 158
1
1454 226
1
1455 208
1
1456 35
1
1457 254
0
1
1458 164
0
0
0
1
1459 319
1
1460 174
0
1
1461 170
1
1462 188
0
0
1
1463 299
1
1464 254
0
0
1
1465 56
0
1
1466 250
1
1467 16
1
1468 95
0
0
1
1469 181
1
1470 241
1
1471 323
1
1472 50
0
1
1473 326
1
1474 76
1
1475 104
0
1
1476 299
1
1477 169
0
1
1478 236
0
0
1
1479 152
1
1480 50
1
1481 45
1
1482 137
0
0
0
1
1483 17
1
1484 302
1
1485 6
0
0
1
1486 175
0
0
1
1487 56
1
1488 110
1
1489 4
0
1
1490 129
0
1
1491 302
0
0
1
1492 68
0
1
1493 224
0
0
1
1494 84
0
1
1495 152
1
1496 252
1
1497 75
1
1498 161
0
1
1499 184
1
1500 254
0
0
0
0
0
1
1501 28
1
1502 14
0
1
1503 308
1
1504 34
1
1505 109
1
1506 59
0
1
1507 234
1
1508 14
0
0
0
1
1509 91
0
1
1510 240
1
1511 26
1
1512 234
1
1513 278
1
1514 11
1
1515 225
0
1
1516 72
1
1517 181
1
1518 283
1
1519 123
0
1
1520 293
0
1
1521 281
0
1
1522 21
1
1523 76
1
1524 212
1
1525 3
1
1526 99
1
1527 263
0
0
1
1528 67
0
1
1529 118
0
1
1530 272
1
1531 283
1
1532 12
1
1533 225
0
0
0
1
1534 259
1
1535 127
1
1536 59
0
1
1537 262
1
1538 22
0
1
1539 286
1
1540 212
1
1541 143
1
1542 25
1
1543 251
0
1
1544 282
1
1545 301
1
1546 4
1
1547 136
1
1548 265
0
1
1549 157
0
1
1550 227
0
0
1
1551 144
0
1
1552 6
0
1
1553 237
1
1554 7
1
1555 211
1
1556 217
0
1
1557 133
1
1558 3
0
1
1559 250
1
1560 158
1
1561 178
1
1562 63
0
1
1563 89
0
1
1564 3
0
1
1565 312
0
0
1
1566 142
0
1
1567 112
1
1568 250
1
1569 125
1
1570 14
1
1571 279
1
1572 126
0
1
1573 176
0
1
1574 197
1
1575 258
0
1
1576 102
1
1577 182
1
1578 90
1
1579 330
1
1580 315
1
1581 181
1
1582 321
0
1
1583 60
0
1
1584 229
0
0
1
1585 294
1
1586 6
0
1
1587 297
0
0
1
1588 138
1
1589 201
1
1590 210
0
1
1591 48
1
1592 330
0
1
1593 221
1
1594 146
0
0
1
1595 33
0
1
1596 18
0
1
1597 56
0
0
1
1598 96
1
1599 151
0
1
1600 22
1
1601 119
1
1602 195
0
1
1603 316
1
1604 76
1
1605 71
1
1606 260
1
1607 92
0
1
1608 115
0
0
1
1609 165
0
1
1610 62
1
1611 230
1
1612 65
1
1613 159
1
1614 207
1
1615 73
1
1616 272
0
1
1617 74
1
1618 174
1
1619 210
1
1620 201
1
1621 43
1
1622 102
1
1623 128
0
1
1624 172
0
1
1625 200
1
1626 46
1
1627 30
1
1628 301
1
1629 263
1
1630 22
1
1631 104
0
1
1632 168
1
1633 30
0
1
1634 127
1
1635 86
1
1636 252
1
1637 76
1
1638 265
1
1639 146
1
1640 278
1
1641 70
0
1
1642 125
0
1
1643 14
1
1644 23
0
0
1
1645 106
0
1
1646 125
1
1647 88
1
1648 137
1
1649 214
0
1
1650 214
1
1651 260
1
1652 249
1
1653 47
1
1654 258
1
1655 9
1
1656 158
1
1657 303
1
1658 208
1
1659 272
1
1660 63
1
1661 5
0
1
1662 86
0
0
1
1663 151
1
1664 274
0
1
1665 5
0
1
1666 218
1
1667 278
1
1668 76
1
1669 131
0
1
1670 30
0
1
1671 5
0
0
1
1672 82
1
1673 50
1
1674 254
0
0
0
1
1675 131
0
1
1676 25
1
1677 327
0
1
1678 233
1
1679 60
0
1
1680 18
1
1681 61
1
1682 15
1
1683 14
1
1684 272
1
1685 281
1
1686 137
0
0
1
1687 55
1
1688 299
1
1689 6
1
1690 249
1
1691 127
1
1692 40
0
1
1693 318
1
1694 6
0
1
1695 136
0
1
1696 29
1
1697 150
1
1698 22
1
1699 287
1
1700 279
1
1701 76
1
1702 57
1
1703 176
0
0
1
1704 201
1
1705 180
0
1
1706 324
1
1707 223
0
0
0
0
1
1708 150
1
1709 118
0
1
1710 285
1
1711 273
0
1
1712 270
1
1713 285
1
1714 79
1
1715 196
0
0
1
1716 131
1
1717 169
0
0
1
1718 144
1
1719 204
1
1720 101
0
1
1721 157
1
1722 281
0
1
1723 277
1
1724 188
0
1
1725 198
1
1726 242
1
1727 50
1
1728 247
0
1
1729 87
1
1730 262
1
1731 222
1
1732 272
0
1
1733 278
1
1734 264
1
1735 79
1
1736 248
1
1737 71
1
1738 155
0
1
1739 40
1
1740 33
0
1
1741 156
1
1742 194
1
1743 296
1
1744 83
0
1
1745 99
0
1
1746 30
1
1747 142
1
1748 112
0
0
0
1
1749 164
1
1750 95
1
1751 146
0
1
1752 242
1
1753 34
1
1754 326
1
1755 78
0
1
1756 267
0
1
1757 286
1
1758 228
1
1759 192
1
1760 221
1
1761 273
1
1762 129
1
1763 97
0
1
1764 123
1
1765 295
0
1
1766 169
1
1767 77
1
1768 112
1
1769 68
1
1770 215
0
0
1
1771 79
1
1772 120
1
1773 313
1
1774 194
1
1775 257
1
1776 119
0
1
1777 257
1
1778 206
1
1779 41
1
1780 52
1
1781 86
1
1782 320
1
1783 312
1
1784 107
1
1785 129
1
1786 61
1
1787 277
0
1
1788 200
0
1
1789 206
1
1790 227
1
1791 187
1
1792 38
1
1793 215
1
1794 73
1
1795 51
1
1796 306
0
1
1797 291
0
1
1798 92
0
1
1799 300
1
1800 112
1
1801 137
1
1802 134
1
1803 56
1
1804 185
1
1805 206
1
1806 231
1
1807 24
0
1
1808 5
0
1
1809 306
0
1
1810 140
1
1811 152
0
1
1812 241
1
1813 18
1
1814 89
1
1815 148
0
1
1816 158
1
1817 243
1
1818 313
0
1
1819 293
1
1820 188
1
1821 42
1
1822 33
1
1823 160
1
1824 240
1
1825 119
1
1826 152
1
1827 147
1
1828 159
1
1829 137
1
1830 198
1
1831 116
1
1832 162
1
1833 84
1
1834 204
0
0
1
1835 185
0
1
1836 179
0
1
1837 129
0
0
1
1838 106
1
1839 266
0
1
1840 146
0
1
1841 69
1
1842 86
0
1
1843 263
0
0
0
1
1844 162
1
1845 295
0
1
1846 315
0
0
1
1847 307
1
1848 61
1
1849 230
1
1850 92
0
1
1851 17
0
0
0
1
1852 30
0
1
1853 317
1
1854 209
1
1855 49
1
1856 37
1
1857 278
1
1858 234
1
1859 101
0
1
1860 50
0
1
1861 312
0
1
1862 169
1
1863 299
0
1
1864 324
1
1865 325
1
1866 298
0
0
1
1867 290
1
1868 149
1
1869 128
1
1870 111
0
1
1871 176
1
1872 105
1
1873 70
1
1874 270
0
1
1875 129
1
1876 328
1
1877 111
1
1878 298
0
1
1879 299
1
1880 219
1
1881 235
1
1882 313
0
1
1883 158
1
1884 311
0
1
1885 192
1
1886 222
1
1887 283
1
1888 218
1
1889 258
0
1
1890 217
1
1891 205
1
1892 314
0
1
1893 3
1
1894 294
0
0
0
1
1895 260
1
1896 69
1
1897 307
0
1
1898 206
1
1899 48
1
1900 23
1
1901 184
1
1902 135
1
1903 268
1
1904 159
1
1905 90
1
1906 99
0
1
1907 157
1
1908 3
1
1909 70
1
1910 78
1
1911 7
1
1912 240
1
1913 226
1
1914 132
0
0
1
1915 28
1
1916 3
0
1
1917 37
1
1918 77
1
1919 54
0
0
1
1920 320
1
1921 166
0
1
1922 321
0
0
0
1
1923 41
0
1
1924 292
1
1925 57
0
1
1926 194
0
0
1
1927 159
1
1928 103
1
1929 114
1
1930 179
1
1931 284
0
1
1932 260
1
1933 6
1
1934 295
0
0
0
1
1935 83
1
1936 117
1
1937 48
0
0
1
1938 155
0
1
1939 176
1
1940 244
1
1941 311
0
0
1
1942 56
1
1943 2
1
1944 325
0
1
1945 186
0
0
1
1946 325
0
1
1947 317
1
1948 147
1
1949 208
0
1
1950 295
1
1951 278
0
1
1952 15
0
1
1953 57
0
1
1954 108
1
1955 58
1
1956 154
1
1957 202
1
1958 126
1
1959 141
1
1960 126
1
1961 221
1
1962 128
1
1963 25
1
1964 328
1
1965 113
1
1966 297
1
1967 307
1
1968 85
1
1969 22
0
0
1
1970 183
1
1971 31
1
1972 93
1
1973 111
1
1974 209
1
1975 53
1
1976 287
1
1977 30
1
1978 35
0
1
1979 145
1
1980 148
1
1981 278
1
1982 117
0
0
0
1
1983 201
1
1984 183
1
1985 25
1
1986 219
0
1
1987 231
0
1
1988 94
1
1989 134
1
1990 201
1
1991 136
0
0
1
1992 146
1
1993 226
0
0
0
1
1994 159
1
1995 119
1
1996 261
0
1
1997 100
1
1998 21
1
1999 144
1
2000 13
1
2001 276
1
2002 70
1
2003 192
1
2004 202
0
1
2005 90
1
2006 3
1
2007 6
1
2008 204
1
2009 2
1
2010 101
1
2011 95
1
2012 135
0
1
2013 156
1
2014 19
1
2015 50
0
1
2016 16
1
2017 42
1
2018 288
1
2019 43
1
2020 30
1
2021 175
1
2022 135
1
2023 51
1
2024 71
1
2025 182
1
2026 148
0
1
2027 159
0
1
2028 259
0
1
2029 186
1
2030 11
0
1
2031 156
1
2032 101
1
2033 226
0
1
2034 280
1
2035 153
1
2036 120
1
2037 210
0
1
2038 218
1
2039 296
0
1
2040 323
0
1
2041 330
1
2042 60
1
2043 260
0
1
2044 189
0
1
2045 89
1
2046 166
0
1
2047 219
1
2048 233
1
2049 244
1
2050 94
1
2051 323
1
2052 91
1
2053 143
1
2054 97
1
2055 61
1
2056 325
1
2057 197
0
1
2058 320
1
2059 325
0
0
0
1
2060 199
1
2061 142
1
2062 259
0
1
2063 88
1
2064 73
0
0
1
2065 279
1
2066 260
1
2067 256
0
1
2068 252
1
2069 239
1
2070 47
1
2071 89
1
2072 299
1
2073 298
0
0
1
2074 66
0
0
1
2075 221
1
2076 87
1
2077 211
1
2078 216
1
2079 43
1
2080 73
0
0
1
2081 259
1
2082 31
1
2083 306
1
2084 40
1
2085 64
0
1
2086 65
1
2087 240
0
1
2088 276
1
2089 55
0
0
1
2090 162
1
2091 240
1
2092 115
1
2093 7
1
2094 177
1
2095 294
1
2096 293
1
2097 289
1
2098 182
1
2099 311
0
1
2100 274
1
2101 194
0
1
2102 154
1
2103 45
1
2104 76
0
1
2105 318
0
1
2106 274
1
2107 210
0
0
1
2108 102
1
2109 256
1
2110 200
0
1
2111 47
1
2112 38
1
2113 123
0
0
1
2114 136
1
2115 248
0
1
2116 157
1
2117 91
1
2118 325
1
2119 107
1
2120 293
1
2121 138
1
2122 57
1
2123 279
1
2124 188
1
2125 207
1
2126 21
1
2127 107
1
2128 98
1
2129 9
1
2130 47
1
2131 177
1
2132 278
1
2133 26
0
1
2134 39
1
2135 103
1
2136 127
0
1
2137 141
1
2138 270
0
1
2139 264
1
2140 138
1
2141 291
0
1
2142 294
1
2143 104
1
2144 71
1
2145 235
1
2146 252
1
2147 221
1
2148 283
0
1
2149 123
1
2150 251
1
2151 71
1
2152 30
1
2153 46
1
2154 9
1
2155 266
1
2156 222
1
2157 159
0
1
2158 172
1
2159 272
1
2160 304
1
2161 279
1
2162 69
1
2163 221
1
2164 202
1
2165 69
1
2166 270
1
2167 97
0
1
2168 40
1
2169 206
1
2170 67
0
1
2171 306
0
1
2172 326
1
2173 7
1
2174 200
0
1
2175 245
0
0
1
2176 91
1
2177 88
1
2178 94
0
1
2179 245
1
2180 107
0
1
2181 298
0
1
2182 285
1
2183 107
1
2184 284
1
2185 289
1
2186 279
1
2187 292
1
2188 147
1
2189 82
1
2190 189
1
2191 67
1
2192 229
0
0
1
2193 289
1
2194 180
1
2195 14
1
2196 325
0
1
2197 206
1
2198 28
1
2199 105
0
1
2200 212
1
2201 131
1
2202 142
1
2203 2
1
2204 258
1
2205 168
1
2206 201
0
1
2207 68
0
0
1
2208 217
1
2209 186
1
2210 250
1
2211 93
0
1
2212 266
1
2213 30
1
2214 96
1
2215 254
1
2216 110
1
2217 37
1
2218 146
1
2219 13
1
2220 86
1
2221 185
1
2222 200
1
2223 151
0
1
2224 161
1
2225 247
1
2226 314
1
2227 56
1
2228 249
1
2229 222
0
1
2230 252
1
2231 307
1
2232 115
1
2233 50
1
2234 114
1
2235 103
1
2236 292
1
2237 175
0
1
2238 297
1
2239 184
0
1
2240 109
1
2241 169
1
2242 146
1
2243 140
1
2244 263
1
2245 140
1
2246 183
0
0
1
2247 282
1
2248 228
1
2249 146
1
2250 41
1
2251 218
1
2252 170
1
2253 249
1
2254 173
1
2255 150
1
2256 106
0
0
1
2257 308
0
1
2258 255
1
2259 10
0
1
2260 91
1
2261 301
1
2262 74
1
2263 5
1
2264 188
1
2265 277
0
1
2266 254
0
1
2267 330
1
2268 288
1
2269 45
1
2270 11
1
2271 245
1
2272 50
1
2273 229
0
0
1
2274 294
0
1
2275 83
0
1
2276 35
0
1
2277 281
1
2278 152
1
2279 71
1
2280 55
1
2281 69
1
2282 97
1
2283 195
1
2284 2
1
2285 232
1
2286 273
1
2287 279
1
2288 78
1
2289 157
1
2290 46
1
2291 50
1
2292 12
0
1
2293 72
1
2294 278
1
2295 5
1
2296 108
1
2297 90
1
2298 301
1
2299 110
0
1
2300 278
1
2301 311
1
2302 260
1
2303 27
1
2304 86
1
2305 323
1
2306 152
1
2307 165
1
2308 111
1
2309 299
1
2310 310
1
2311 180
0
1
2312 278
1
2313 204
1
2314 130
1
2315 210
1
2316 57
0
0
0
1
2317 207
0
1
2318 41
1
2319 115
1
2320 259
1
2321 327
1
2322 99
1
2323 255
1
2324 292
0
1
2325 263
1
2326 112
1
2327 238
0
0
1
2328 288
1
2329 32
1
2330 39
1
2331 138
1
2332 119
1
2333 71
0
1
2334 30
1
2335 249
1
2336 54
1
2337 158
0
1
2338 145
1
2339 296
1
2340 151
0
0
1
2341 317
1
2342 88
0
1
2343 289
1
2344 324
1
2345 31
1
2346 258
1
2347 222
1
2348 278
1
2349 298
1
2350 119
1
2351 90
1
2352 167
1
2353 197
1
2354 55
1
2355 175
1
2356 84
1
2357 110
1
2358 283
1
2359 294
0
0
1
2360 237
1
2361 195
1
2362 263
1
2363 292
0
1
2364 25
0
0
1
2365 223
1
2366 322
1
2367 294
1
2368 75
1
2369 166
0
1
2370 258
1
2371 83
1
2372 39
1
2373 60
1
2374 57
1
2375 2
1
2376 33
1
2377 175
1
2378 94
1
2379 83
1
2380 28
1
2381 119
1
2382 236
1
2383 45
0
0
1
2384 214
0
1
2385 160
1
2386 186
1
2387 177
1
2388 281
1
2389 250
1
2390 43
1
2391 172
1
2392 299
1
2393 109
1
2394 182
1
2395 68
1
2396 278
1
2397 74
1
2398 63
0
0
1
2399 30
1
2400 194
1
2401 3
1
2402 17
1
2403 60
0
1
2404 108
1
2405 191
1
2406 12
1
2407 221
1
2408 42
1
2409 256
1
2410 134
1
2411 47
1
2412 93
1
2413 235
1
2414 189
1
2415 82
1
2416 146
1
2417 8
1
2418 188
1
2419 26
1
2420 205
1
2421 179
1
2422 329
1
2423 232
1
2424 301
1
2425 220
1
2426 277
1
2427 62
1
2428 183
1
2429 275
1
2430 131
0
0
0
1
2431 6
1
2432 47
0
1
2433 206
1
2434 57
1
2435 302
0
1
2436 228
0
1
2437 33
1
2438 244
0
1
2439 100
0
1
2440 16
1
2441 140
1
2442 235
1
2443 64
1
2444 276
1
2445 221
1
2446 68
1
2447 131
1
2448 302
1
2449 82
1
2450 325
1
2451 47
1
2452 113
1
2453 44
1
2454 172
0
1
2455 203
1
2456 39
1
2457 320
1
2458 137
0
1
2459 302
0
1
2460 118
1
2461 162
1
2462 152
1
2463 107
1
2464 126
0
1
2465 110
1
2466 73
0
1
2467 51
1
2468 111
1
2469 69
1
2470 266
1
2471 36
1
2472 180
1
2473 50
1
2474 224
1
2475 268
1
2476 325
1
2477 293
1
2478 74
1
2479 96
1
2480 89
1
2481 165
1
2482 26
1
2483 177
1
2484 137
1
2485 255
0
1
2486 174
1
2487 108
1
2488 214
1
2489 229
0
1
2490 184
1
2491 25
1
2492 209
1
2493 177
1
2494 142
1
2495 204
0
1
2496 96
1
2497 221
1
2498 317
1
2499 223
1
2500 156
1
2501 142
1
2502 99
1
2503 125
1
2504 73
1
2505 210
1
2506 5
1
2507 102
1
2508 27
0
1
2509 39
1
2510 323
1
2511 105
0
1
2512 150
1
2513 127
1
2514 155
0
1
2515 273
1
2516 71
1
2517 237
1
2518 202
1
2519 60
1
2520 102
0
1
2521 177
0
1
2522 198
1
2523 120
1
2524 279
1
2525 28
1
2526 129
1
2527 233
1
2528 215
0
1
2529 268
1
2530 245
1
2531 186
1
2532 178
1
2533 281
1
2534 302
1
2535 327
1
2536 99
0
1
2537 286
1
2538 239
1
2539 247
1
2540 203
1
2541 99
1
2542 69
1
2543 14
1
2544 278
1
2545 133
1
2546 283
0
1
2547 312
1
2548 93
0
1
2549 284
1
2550 180
1
2551 211
1
2552 86
1
2553 248
1
2554 19
1
2555 95
1
2556 120
1
2557 275
1
2558 43
1
2559 21
1
2560 143
1
2561 175
1
2562 75
1
2563 33
1
2564 285
1
2565 114
1
2566 228
1
2567 141
1
2568 159
1
2569 27
1
2570 239
1
2571 152
1
2572 257
0
1
2573 23
1
2574 27
1
2575 205
0
0
1
2576 69
1
2577 186
1
2578 140
1
2579 131
1
2580 163
1
2581 129
1
2582 307
1
2583 38
1
2584 43
1
2585 259
1
2586 284
1
2587 69
1
2588 150
1
2589 260
0
1
2590 318
1
2591 67
1
2592 251
1
2593 115
0
1
2594 179
1
2595 186
1
2596 133
0
0
1
2597 80
1
2598 220
1
2599 289
0
1
2600 152
1
2601 307
1
2602 323
1
2603 211
1
2604 236
1
2605 186
1
2606 190
1
2607 151
0
1
2608 187
1
2609 93
1
2610 198
1
2611 152
1
2612 121
1
2613 119
0
1
2614 265
1
2615 329
1
2616 82
1
2617 281
1
2618 318
1
2619 185
1
2620 18
1
2621 190
0
1
2622 238
1
2623 319
1
2624 34
1
2625 30
1
2626 15
1
2627 219
1
2628 38
0
1
2629 89
1
2630 183
0
1
2631 306
1
2632 146
1
2633 57
0
0
1
2634 155
1
2635 5
1
2636 5
1
2637 45
1
2638 45
0
1
2639 221
1
2640 271
1
2641 37
1
2642 320
1
2643 247
0
1
2644 14
1
2645 137
1
2646 44
1
2647 113
1
2648 251
0
1
2649 21
0
0
1
2650 193
0
1
2651 300
0
0
1
2652 63
1
2653 57
1
2654 254
1
2655 77
1
2656 131
0
1
2657 50
1
2658 93
1
2659 187
1
2660 194
1
2661 214
1
2662 126
1
2663 65
0
0
1
2664 128
1
2665 103
1
2666 326
0
1
2667 129
0
1
2668 270
1
2669 223
1
2670 22
1
2671 246
1
2672 144
1
2673 319
1
2674 201
1
2675 66
0
1
2676 15
1
2677 23
1
2678 182
1
2679 89
1
2680 107
1
2681 142
1
2682 158
1
2683 297
1
2684 206
1
2685 240
1
2686 169
1
2687 58
0
1
2688 256
1
2689 302
1
2690 34
1
2691 69
1
2692 329
1
2693 293
1
2694 19
1
2695 116
1
2696 95
1
2697 3
1
2698 77
0
0
1
2699 260
1
2700 220
1
2701 104
1
2702 101
1
2703 153
1
2704 180
1
2705 72
1
2706 44
1
2707 5
1
2708 157
1
2709 215
1
2710 220
1
2711 144
1
2712 272
1
2713 196
1
2714 182
0
1
2715 94
1
2716 44
1
2717 307
0
0
0
1
2718 222
1
2719 6
1
2720 141
1
2721 122
1
2722 211
1
2723 6
1
2724 223
1
2725 21
0
1
2726 116
1
2727 80
1
2728 201
1
2729 178
1
2730 203
1
2731 286
1
2732 307
1
2733 38
1
2734 209
1
2735 214
1
2736 80
0
1
2737 319
1
2738 61
0
1
2739 157
1
2740 189
1
2741 259
1
2742 103
1
2743 287
1
2744 321
1
2745 37
0
1
2746 45
1
2747 87
1
2748 22
0
1
2749 139
1
2750 264
0
1
2751 195
1
2752 236
1
2753 322
1
2754 129
1
2755 222
1
2756 9
1
2757 122
1
2758 28
1
2759 107
1
2760 114
0
1
2761 39
1
2762 259
1
2763 318
1
2764 108
1
2765 22
1
2766 223
1
2767 93
0
1
2768 310
0
1
2769 247
1
2770 295
0
1
2771 110
1
2772 29
0
1
2773 9
1
2774 108
1
2775 48
1
2776 50
1
2777 119
1
2778 74
1
2779 192
1
2780 33
1
2781 63
1
2782 41
1
2783 202
1
2784 184
1
2785 173
1
2786 143
1
2787 275
1
2788 136
1
2789 288
1
2790 140
1
2791 85
1
2792 30
1
2793 168
1
2794 318
1
2795 147
1
2796 221
0
1
2797 144
1
2798 187
1
2799 113
1
2800 188
1
2801 195
1
2802 289
1
2803 229
1
2804 74
1
2805 5
0
1
2806 174
1
2807 41
1
2808 314
1
2809 114
1
2810 106
1
2811 68
1
2812 43
1
2813 123
1
2814 42
1
2815 219
1
2816 242
1
2817 139
1
2818 312
1
2819 78
1
2820 152
1
2821 7
0
1
2822 304
1
2823 86
1
2824 25
1
2825 294
1
2826 155
0
1
2827 146
1
2828 256
1
2829 236
1
2830 182
0
1
2831 151
1
2832 308
1
2833 215
0
1
2834 300
1
2835 13
1
2836 69
1
2837 53
1
2838 64
1
2839 180
1
2840 272
1
2841 25
1
2842 247
1
2843 182
1
2844 55
1
2845 303
1
2846 59
1
2847 6
1
2848 302
1
2849 166
1
2850 218
1
2851 311
1
2852 238
0
1
2853 261
0
1
2854 237
1
2855 312
1
2856 65
1
2857 29
1
2858 181
1
2859 5
1
2860 209
1
2861 112
1
2862 159
1
2863 154
1
2864 152
1
2865 299
1
2866 141
1
2867 325
1
2868 174
1
2869 211
0
1
2870 117
1
2871 192
1
2872 310
1
2873 224
1
2874 223
1
2875 230
1
2876 245
1
2877 237
1
2878 260
1
2879 268
1
2880 318
1
2881 120
1
2882 68
1
2883 286
1
2884 167
1
2885 327
1
2886 18
1
2887 277
1
2888 3
1
2889 154
1
2890 322
1
2891 76
1
2892 211
1
2893 93
1
2894 14
1
2895 116
1
2896 22
1
2897 3
1
2898 180
1
2899 183
1
2900 275
1
2901 65
1
2902 130
1
2903 316
0
1
2904 328
1
2905 37
1
2906 251
1
2907 315
1
2908 262
1
2909 211
1
2910 2
1
2911 124
1
2912 68
0
1
2913 164
1
2914 269
0
1
2915 204
1
2916 132
1
2917 199
1
2918 66
1
2919 80
1
2920 60
1
2921 160
0
0
1
2922 244
1
2923 195
1
2924 135
1
2925 118
1
2926 322
0
1
2927 164
1
2928 95
1
2929 2
1
2930 160
1
2931 118
1
2932 2
1
2933 315
1
2934 62
1
2935 47
1
2936 293
1
2937 108
1
2938 207
1
2939 9
1
2940 103
1
2941 107
1
2942 270
1
2943 164
1
2944 13
1
2945 320
1
2946 115
1
2947 79
1
2948 198
1
2949 57
1
2950 248
1
2951 106
1
2952 75
0
1
2953 213
1
2954 316
1
2955 129
1
2956 30
1
2957 69
0
1
2958 161
1
2959 309
1
2960 316
1
2961 183
1
2962 249
1
2963 315
1
2964 264
1
2965 217
1
2966 4
0
1
2967 197
1
2968 162
1
2969 118
1
2970 85
1
2971 22
1
2972 232
1
2973 6
1
2974 51
1
2975 134
1
2976 145
0
1
2977 39
1
2978 180
0
1
2979 5
0
1
2980 116
1
2981 200
1
2982 60
1
2983 218
1
2984 74
1
2985 239
0
1
2986 264
1
2987 322
1
2988 316
1
2989 171
1
2990 301
0
0
1
2991 302
1
2992 7
1
2993 55
1
2994 98
1
2995 153
1
2996 247
0
1
2997 262
1
2998 245
1
2999 139
1
3000 141
1
3001 115
1
3002 254
1
3003 183
1
3004 28
1
3005 44
1
3006 295
1
3007 117
1
3008 268
1
3009 124
1
3010 106
1
3011 242
1
3012 50
1
3013 255
1
3014 32
1
3015 248
1
3016 129
1
3017 147
1
3018 322
1
3019 95
1
3020 51
1
3021 87
1
3022 37
0
1
3023 268
1
3024 17
1
3025 206
1
3026 304
1
3027 213
1
3028 24
1
3029 139
1
3030 297
1
3031 16
1
3032 174
1
3033 86
1
3034 119
0
1
3035 193
1
3036 25
1
3037 228
1
3038 47
1
3039 83
0
1
3040 139
1
3041 207
1
3042 260
1
3043 13
1
3044 277
1
3045 242
1
3046 156
1
3047 188
1
3048 27
1
3049 243
1
3050 101
1
3051 318
1
3052 6
1
3053 284
1
3054 173
1
3055 43
1
3056 307
1
3057 292
1
3058 276
1
3059 216
0
1
3060 156
1
3061 32
0
1
3062 179
1
3063 111
1
3064 37
1
3065 95
1
3066 39
1
3067 191
1
3068 5
0
1
3069 222
1
3070 208
1
3071 224
1
3072 103
1
3073 23
1
3074 190
1
3075 43
1
3076 316
1
3077 302
1
3078 214
1
3079 313
1
3080 281
1
3081 218
1
3082 285
1
3083 255
1
3084 327
1
3085 261
0
1
3086 94
1
3087 6
1
3088 211
1
3089 111
0
1
3090 311
1
3091 163
1
3092 212
1
3093 75
1
3094 155
1
3095 68
1
3096 65
1
3097 221
1
3098 33
1
3099 265
1
3100 175
1
3101 78
1
3102 313
1
3103 255
1
3104 43
1
3105 272
1
3106 275
1
3107 122
1
3108 328
0
1
3109 188
1
3110 93
1
3111 225
1
3112 95
1
3113 265
1
3114 239
1
3115 248
1
3116 269
1
3117 127
0
1
3118 137
1
3119 299
1
3120 299
1
3121 10
1
3122 136
1
3123 292
1
3124 115
0
1
3125 285
1
3126 264
1
3127 51
1
3128 233
1
3129 119
1
3130 171
1
3131 134
1
3132 243
1
3133 113
1
3134 51
0
1
3135 86
1
3136 22
1
3137 246
0
1
3138 226
1
3139 234
1
3140 152
1
3141 30
0
1
3142 87
1
3143 71
1
3144 302
1
3145 26
1
3146 261
1
3147 310
1
3148 267
1
3149 220
1
3150 174
1
3151 117
1
3152 184
1
3153 208
1
3154 258
1
3155 240
1
3156 49
1
3157 141
0
1
3158 94
1
3159 291
1
3160 182
1
3161 143
1
3162 8
1
3163 320
1
3164 238
1
3165 90
1
3166 131
1
3167 290
1
3168 67
1
3169 289
1
3170 182
1
3171 292
1
3172 120
1
3173 281
1
3174 94
1
3175 6
1
3176 51
0
1
3177 5
1
3178 76
1
3179 260
1
3180 21
1
3181 215
1
3182 25
1
3183 322
1
3184 201
1
3185 152
1
3186 233
1
3187 147
1
3188 245
1
3189 133
1
3190 190
1
3191 68
1
3192 25
1
3193 279
1
3194 200
0
1
3195 146
1
3196 290
1
3197 103
0
1
3198 190
1
3199 192
1
3200 3
1
3201 310
1
3202 65
1
3203 239
1
3204 299
1
3205 270
0
1
3206 291
1
3207 268
0
1
3208 320
1
3209 141
1
3210 170
1
3211 187
1
3212 92
0
1
3213 310
1
3214 178
1
3215 76
1
3216 185
1
3217 231
1
3218 262
1
3219 288
1
3220 32
1
3221 148
1
3222 145
1
3223 102
1
3224 153
1
3225 186
1
3226 150
1
3227 298
1
3228 88
1
3229 98
1
3230 324
1
3231 293
1
3232 70
1
3233 102
1
3234 328
1
3235 309
1
3236 112
0
1
3237 308
0
1
3238 176
1
3239 117
1
3240 157
1
3241 26
1
3242 67
0
1
3243 57
1
3244 327
1
3245 304
1
3246 183
1
3247 218
1
3248 253
0
1
3249 48
1
3250 277
1
3251 139
1
3252 21
1
3253 149
1
3254 277
1
3255 281
1
3256 46
1
3257 167
1
3258 101
1
3259 91
1
3260 329
1
3261 125
1
3262 208
1
3263 54
1
3264 242
1
3265 257
1
3266 237
0
1
3267 152
1
3268 115
1
3269 241
1
3270 67
1
3271 293
1
3272 189
1
3273 96
1
3274 13
1
3275 309
1
3276 216
1
3277 60
1
3278 177
1
3279 23
1
3280 229
1
3281 130
0
1
3282 73
1
3283 11
1
3284 64
1
3285 195
1
3286 157
1
3287 287
1
3288 268
1
3289 122
1
3290 91
1
3291 4
1
3292 298
1
3293 143
1
3294 226
1
3295 6
1
3296 232
1
3297 5
1
3298 69
1
3299 55
1
3300 127
1
3301 59
1
3302 188
1
3303 259
1
3304 226
1
3305 281
1
3306 11
1
3307 107
1
3308 315
1
3309 298
1
3310 152
1
3311 119
1
3312 188
1
3313 104
0
0
1
3314 208
1
3315 73
1
3316 284
1
3317 71
1
3318 42
0
1
3319 317
1
3320 235
1
3321 116
1
3322 92
1
3323 111
1
3324 231
1
3325 136
1
3326 69
1
3327 3
1
3328 229
1
3329 296
1
3330 95
1
3331 194
1
3332 261
1
3333 148
1
3334 298
1
3335 169
1
3336 92
1
3337 82
1
3338 226
1
3339 188
1
3340 136
1
3341 26
1
3342 158
1
3343 298
1
3344 179
0
1
3345 221
1
3346 131
1
3347 40
0
1
3348 268
1
3349 316
1
3350 183
1
3351 74
1
3352 104
1
3353 253
1
3354 4
1
3355 300
1
3356 196
1
3357 215
1
3358 303
0
1
3359 83
1
3360 77
1
3361 292
1
3362 233
1
3363 89
1
3364 195
1
3365 164
1
3366 86
1
3367 39
1
3368 320
1
3369 245
1
3370 149
0
1
3371 51
1
3372 254
1
3373 222
1
3374 43
1
3375 95
1
3376 200
1
3377 153
1
3378 161
1
3379 330
1
3380 302
1
3381 42
1
3382 139
1
3383 262
1
3384 288
1
3385 61
1
3386 193
1
3387 288
1
3388 43
1
3389 39
1
3390 187
1
3391 153
1
3392 157
1
3393 65
1
3394 63
1
3395 259
1
3396 278
1
3397 322
1
3398 124
1
3399 272
1
3400 149
1
3401 101
1
3402 208
1
3403 69
1
3404 235
1
3405 84
0
1
3406 73
1
3407 259
1
3408 5
1
3409 221
1
3410 52
1
3411 173
1
3412 294
1
3413 26
1
3414 127
1
3415 73
1
3416 259
1
3417 123
1
3418 253
1
3419 75
1
3420 195
1
3421 20
1
3422 71
1
3423 232
1
3424 274
1
3425 40
1
3426 312
1
3427 257
0
1
3428 126
1
3429 218
1
3430 259
1
3431 37
1
3432 283
1
3433 225
1
3434 91
1
3435 299
1
3436 232
1
3437 231
1
3438 316
1
3439 26
1
3440 141
1
3441 75
1
3442 169
1
3443 47
1
3444 223
1
3445 307
1
3446 230
1
3447 143
1
3448 283
1
3449 227
1
3450 81
1
3451 37
1
3452 150
1
3453 9
1
3454 307
1
3455 106
1
3456 72
1
3457 154
0
1
3458 5
1
3459 62
1
3460 329
0
1
3461 215
1
3462 91
1
3463 183
1
3464 132
1
3465 320
0
1
3466 125
1
3467 169
1
3468 63
1
3469 232
1
3470 9
1
3471 63
1
3472 62
1
3473 97
1
3474 269
1
3475 182
1
3476 146
1
3477 98
1
3478 299
1
3479 269
1
3480 114
1
3481 75
0
1
3482 32
1
3483 292
1
3484 78
1
3485 307
1
3486 316
1
3487 215
1
3488 77
1
3489 193
1
3490 295
1
3491 228
1
3492 55
0
1
3493 33
1
3494 96
1
3495 320
1
3496 186
1
3497 324
1
3498 165
1
3499 123
1
3500 177
1
3501 97
1
3502 32
1
3503 3
1
3504 78
1
3505 179
1
3506 174
1
3507 75
1
3508 58
1
3509 45
1
3510 246
1
3511 45
1
3512 92
1
3513 49
1
3514 234
1
3515 76
1
3516 238
1
3517 119
1
3518 98
1
3519 152
1
3520 248
1
3521 103
1
3522 20
1
3523 207
1
3524 232
1
3525 226
1
3526 117
1
3527 121
1
3528 57
1
3529 274
1
3530 41
1
3531 113
1
3532 324
1
3533 3
1
3534 140
1
3535 143
1
3536 32
1
3537 64
1
3538 56
1
3539 134
1
3540 188
1
3541 202
1
3542 92
1
3543 160
1
3544 59
1
3545 13
1
3546 249
1
3547 14
1
3548 96
1
3549 123
1
3550 302
1
3551 71
1
3552 73
1
3553 44
1
3554 232
1
3555 246
1
3556 267
1
3557 14
1
3558 319
1
3559 144
1
3560 248
1
3561 241
1
3562 72
1
3563 47
1
3564 76
1
3565 89
1
3566 260
1
3567 177
1
3568 178
1
3569 42
1
3570 122
1
3571 95
1
3572 301
1
3573 130
1
3574 120
1
3575 281
1
3576 107
1
3577 240
1
3578 226
1
3579 86
1
3580 131
1
3581 217
1
3582 327
1
3583 218
1
3584 34
1
3585 99
1
3586 285
1
3587 80
1
3588 207
1
3589 69
1
3590 325
1
3591 219
1
3592 177
1
3593 247
0
1
3594 314
1
3595 306
1
3596 329
1
3597 319
1
3598 93
1
3599 300
1
3600 45
1
3601 35
1
3602 66
1
3603 297
1
3604 146
1
3605 138
1
3606 278
1
3607 265
1
3608 158
1
3609 156
1
3610 330
1
3611 70
1
3612 301
1
3613 17
1
3614 256
1
3615 30
1
3616 8
1
3617 7
1
3618 188
1
3619 251
1
3620 303
1
3621 93
1
3622 275
1
3623 289
1
3624 8
1
3625 271
1
3626 188
1
3627 267
1
3628 259
1
3629 233
1
3630 266
0
1
3631 129
1
3632 193
1
3633 152
1
3634 27
1
3635 237
1
3636 167
1
3637 314
1
3638 328
1
3639 217
1
3640 261
1
3641 76
1
3642 127
1
3643 293
1
3644 40
1
3645 43
1
3646 172
1
3647 285
1
3648 180
1
3649 9
1
3650 177
1
3651 98
1
3652 143
1
3653 152
1
3654 216
1
3655 152
1
3656 73
1
3657 137
1
3658 224
1
3659 56
1
3660 116
1
3661 71
1
3662 179
1
3663 7
1
3664 282
1
3665 60
1
3666 73
1
3667 75
1
3668 97
1
3669 247
1
3670 43
1
3671 204
1
3672 232
1
3673 278
1
3674 275
1
3675 79
1
3676 307
1
3677 210
1
3678 24
1
3679 6
1
3680 203
1
3681 10
1
3682 34
1
3683 219
1
3684 225
1
3685 299
1
3686 282
1
3687 37
1
3688 62
1
3689 114
1
3690 274
1
3691 205
1
3692 233
1
3693 238
1
3694 87
1
3695 85
1
3696 127
1
3697 218
1
3698 237
1
3699 48
1
3700 14
0
1
3701 312
1
3702 271
1
3703 193
1
3704 48
1
3705 116
1
3706 177
1
3707 58
1
3708 123
1
3709 248
1
3710 44
1
3711 303
1
3712 193
1
3713 328
0
1
3714 205
1
3715 262
1
3716 23
1
3717 115
1
3718 156
1
3719 59
1
3720 5
1
3721 14
1
3722 211
1
3723 132
1
3724 170
1
3725 188
1
3726 48
1
3727 312
1
3728 172
1
3729 308
1
3730 291
1
3731 27
1
3732 77
0
1
3733 130
1
3734 73
1
3735 105
1
3736 312
1
3737 260
1
3738 57
1
3739 67
1
3740 239
1
3741 181
1
3742 326
1
3743 196
1
3744 113
0
1
3745 116
1
3746 118
1
3747 277
1
3748 221
1
3749 291
1
3750 33
1
3751 53
1
3752 231
1
3753 81
1
3754 69
1
3755 192
1
3756 305
1
3757 155
1
3758 261
1
3759 221
1
3760 181
1
3761 136
1
3762 23
1
3763 214
1
3764 39
1
3765 285
1
3766 54
1
3767 85
1
3768 244
1
3769 64
1
3770 17
1
3771 261
1
3772 294
1
3773 133
1
3774 149
1
3775 246
1
3776 325
1
3777 240
1
3778 180
1
3779 30
1
3780 251
1
3781 316
1
3782 235
1
3783 50
1
3784 142
1
3785 211
1
3786 151
1
3787 68
1
3788 9
1
3789 24
1
3790 273
1
3791 69
1
3792 244
1
3793 216
1
3794 242
1
3795 6
1
3796 193
1
3797 103
1
3798 257
1
3799 211
1
3800 197
1
3801 70
1
3802 152
1
3803 267
1
3804 266
1
3805 30
1
3806 32
1
3807 39
1
3808 104
0
1
3809 172
1
3810 193
1
3811 51
1
3812 136
1
3813 321
1
3814 29
0
1
3815 8
1
3816 256
1
3817 11
1
3818 222
1
3819 307
1
3820 115
1
3821 87
1
3822 106
1
3823 81
1
3824 103
1
3825 41
1
3826 5
0
1
3827 38
0
1
3828 133
1
3829 168
1
3830 140
1
3831 80
1
3832 54
1
3833 144
1
3834 143
1
3835 285
1
3836 38
1
3837 76
1
3838 68
1
3839 320
1
3840 27
1
3841 204
1
3842 93
1
3843 251
1
3844 27
1
3845 51
1
3846 43
1
3847 159
1
3848 216
1
3849 150
1
3850 292
1
3851 104
1
3852 131
1
3853 290
1
3854 261
1
3855 51
1
3856 256
1
3857 197
1
3858 236
1
3859 92
1
3860 137
1
3861 10
1
3862 201
0
1
3863 330
1
3864 290
1
3865 66
1
3866 232
1
3867 55
1
3868 13
1
3869 111
1
3870 80
1
3871 19
1
3872 255
0
0
1
3873 63
1
3874 158
1
3875 102
1
3876 50
1
3877 69
1
3878 95
1
3879 265
1
3880 242
1
3881 101
1
3882 327
1
3883 308
1
3884 194
1
3885 151
1
3886 106
1
3887 261
0
1
3888 57
1
3889 230
1
3890 84
1
3891 162
1
3892 295
1
3893 24
1
3894 99
1
3895 128
1
3896 13
1
3897 73
1
3898 107
1
3899 90
1
3900 128
1
3901 115
1
3902 258
1
3903 45
1
3904 157
1
3905 36
1
3906 321
1
3907 14
1
3908 199
1
3909 32
1
3910 58
0
0
1
3911 190
1
3912 232
1
3913 118
1
3914 146
1
3915 315
1
3916 319
1
3917 186
1
3918 253
1
3919 214
1
3920 102
1
3921 316
1
3922 216
0
1
3923 187
1
3924 19
1
3925 94
1
3926 127
1
3927 315
1
3928 121
1
3929 302
1
3930 257
0
1
3931 76
0
1
3932 94
1
3933 15
0
1
3934 14
1
3935 315
0
1
3936 52
1
3937 291
1
3938 146
1
3939 127
1
3940 269
1
3941 327
1
3942 208
1
3943 130
1
3944 204
1
3945 103
1
3946 289
1
3947 314
1
3948 293
1
3949 169
1
3950 36
1
3951 271
1
3952 146
0
1
3953 198
1
3954 4
1
3955 97
1
3956 43
1
3957 101
1
3958 69
1
3959 290
1
3960 227
1
3961 134
1
3962 195
1
3963 119
1
3964 210
1
3965 278
1
3966 110
1
3967 245
1
3968 29
1
3969 202
1
3970 57
1
3971 153
1
3972 201
1
3973 41
0
1
3974 283
1
3975 301
1
3976 316
1
3977 204
1
3978 134
1
3979 246
1
3980 236
1
3981 13
1
3982 61
1
3983 321
1
3984 86
1
3985 220
0
1
3986 283
1
3987 149
1
3988 316
0
1
3989 109
1
3990 308
1
3991 23
1
3992 91
1
3993 18
1
3994 58
1
3995 299
0
0
1
3996 252
0
1
3997 228
1
3998 260
1
3999 181
1
4000 48
1
4001 93
1
4002 23
1
4003 206
1
4004 119
1
4005 186
0
0
1
4006 281
1
4007 112
1
4008 284
1
4009 176
1
4010 116
1
4011 53
1
4012 292
1
4013 220
1
4014 177
1
4015 165
1
4016 203
0
1
4017 20
0
1
4018 102
1
4019 189
1
4020 155
1
4021 168
1
4022 16
0
1
4023 52
0
1
4024 91
0
1
4025 8
1
4026 262
1
4027 266
1
4028 151
1
4029 242
1
4030 134
1
4031 158
1
4032 308
1
4033 265
1
4034 116
1
4035 190
1
4036 80
0
0
1
4037 7
1
4038 33
0
1
4039 196
1
4040 37
1
4041 17
1
4042 305
1
4043 271
1
4044 307
1
4045 47
1
4046 78
1
4047 316
1
4048 236
1
4049 174
1
4050 69
0
1
4051 239
1
4052 206
0
1
4053 328
1
4054 106
0
1
4055 192
0
1
4056 41
1
4057 241
1
4058 139
0
1
4059 174
1
4060 119
1
4061 271
1
4062 59
1
4063 278
1
4064 187
1
4065 283
1
4066 206
0
1
4067 329
0
0
0
0
1
4068 50
1
4069 115
1
4070 232
1
4071 2
1
4072 253
1
4073 327
1
4074 79
1
4075 327
1
4076 275
1
4077 277
1
4078 247
1
4079 127
1
4080 66
1
4081 101
0
1
4082 122
1
4083 114
1
4084 300
1
4085 18
1
4086 197
0
1
4087 164
1
4088 35
1
4089 277
1
4090 172
1
4091 114
1
4092 298
1
4093 212
0
0
1
4094 189
1
4095 79
0
1
4096 29
0
1
4097 288
1
4098 94
1
4099 208
1
4100 214
1
4101 96
1
4102 9
1
4103 218
1
4104 165
0
1
4105 15
1
4106 166
1
4107 303
1
4108 147
1
4109 258
1
4110 14
1
4111 326
1
4112 98
0
1
4113 237
1
4114 270
1
4115 163
1
4116 238
1
4117 313
1
4118 61
1
4119 148
1
4120 69
1
4121 47
1
4122 227
1
4123 73
1
4124 53
1
4125 33
0
1
4126 5
0
0
1
4127 68
0
1
4128 68
1
4129 221
0
1
4130 278
1
4131 11
1
4132 327
1
4133 278
1
4134 221
0
1
4135 67
1
4136 29
1
4137 263
1
4138 41
1
4139 58
1
4140 139
0
1
4141 188
1
4142 200
1
4143 173
0
1
4144 272
1
4145 328
1
4146 21
1
4147 280
1
4148 169
1
4149 241
1
4150 208
1
4151 210
0
1
4152 327
1
4153 249
0
1
4154 59
1
4155 71
0
1
4156 38
1
4157 66
1
4158 8
0
0
0
0
0
1
4159 32
0
1
4160 127
1
4161 307
1
4162 86
0
1
4163 164
0
1
4164 97
1
4165 329
1
4166 70
1
4167 41
1
4168 206
0
1
4169 30
1
4170 325
1
4171 206
1
4172 79
1
4173 84
1
4174 210
1
4175 46
1
4176 179
1
4177 38
1
4178 198
1
4179 28
1
4180 158
0
1
4181 221
1
4182 205
1
4183 4
0
0
1
4184 300
1
4185 111
1
4186 59
1
4187 65
1
4188 11
1
4189 64
1
4190 68
1
4191 230
1
4192 243
1
4193 225
0
1
4194 45
1
4195 174
1
4196 280
1
4197 192
0
1
4198 278
1
4199 38
1
4200 201
1
4201 12
1
4202 316
1
4203 239
0
1
4204 148
1
4205 66
0
1
4206 71
0
1
4207 106
1
4208 103
1
4209 18
0
1
4210 93
1
4211 15
1
4212 24
1
4213 2
1
4214 250
1
4215 155
0
0
1
4216 17
1
4217 319
1
4218 101
1
4219 288
1
4220 203
0
0
1
4221 43
1
4222 57
1
4223 239
1
4224 57
1
4225 163
1
4226 170
1
4227 17
1
4228 87
1
4229 18
1
4230 234
0
0
1
4231 149
1
4232 135
0
1
4233 193
1
4234 256
0
1
4235 316
1
4236 227
1
4237 60
1
4238 152
1
4239 279
1
4240 154
0
0
1
4241 187
0
1
4242 188
1
4243 181
1
4244 57
1
4245 91
0
0
1
4246 230
1
4247 11
0
0
1
4248 275
1
4249 94
1
4250 174
1
4251 252
0
0
0
0
1
4252 269
1
4253 92
1
4254 229
0
0
0
1
4255 296
1
4256 283
1
4257 140
1
4258 43
1
4259 144
1
4260 72
1
4261 4
1
4262 292
0
1
4263 120
1
4264 69
1
4265 134
1
4266 214
1
4267 306
1
4268 257
1
4269 203
0
1
4270 139
0
1
4271 202
1
4272 23
1
4273 65
1
4274 210
1
4275 93
1
4276 207
0
0
0
0
0
1
4277 220
0
1
4278 73
0
1
4279 57
1
4280 14
1
4281 293
1
4282 162
0
1
4283 277
0
1
4284 315
1
4285 200
0
0
0
1
4286 199
0
0
0
1
4287 116
1
4288 107
1
4289 47
0
1
4290 139
1
4291 92
0
1
4292 143
0
1
4293 4
1
4294 242
0
1
4295 320
1
4296 189
1
4297 115
1
4298 152
1
4299 266
1
4300 26
0
1
4301 307
0
0
0
1
4302 73
1
4303 46
0
0
1
4304 83
0
1
4305 238
1
4306 47
0
1
4307 208
0
1
4308 226
1
4309 86
1
4310 87
1
4311 115
0
0
1
4312 100
1
4313 284
0
1
4314 188
0
0
1
4315 68
0
1
4316 76
1
4317 229
1
4318 13
1
4319 66
0
1
4320 208
0
1
4321 296
0
1
4322 77
1
4323 256
1
4324 61
0
0
1
4325 256
1
4326 283
1
4327 257
1
4328 290
0
1
4329 212
1
4330 194
0
1
4331 105
0
1
4332 132
1
4333 205
0
0
1
4334 137
0
1
4335 289
1
4336 139
1
4337 261
1
4338 184
1
4339 210
1
4340 303
1
4341 60
0
1
4342 3
1
4343 261
0
0
0
0
1
4344 43
1
4345 314
0
0
1
4346 212
0
0
1
4347 23
1
4348 287
1
4349 296
0
1
4350 94
1
4351 59
0
1
4352 160
1
4353 325
0
1
4354 150
1
4355 190
1
4356 30
1
4357 50
1
4358 112
0
0
1
4359 5
1
4360 282
0
1
4361 210
0
1
4362 315
0
0
0
1
4363 223
0
1
4364 241
0
1
4365 30
1
4366 196
1
4367 244
0
1
4368 249
1
4369 242
1
4370 16
0
1
4371 123
0
1
4372 52
0
1
4373 212
1
4374 4
0
1
4375 113
1
4376 70
0
0
0
1
4377 82
0
1
4378 104
1
4379 136
1
4380 132
0
0
0
0
1
4381 70
1
4382 214
1
4383 250
0
1
4384 10
0
1
4385 225
1
4386 183
0
0
1
4387 19
1
4388 100
1
4389 211
1
4390 81
1
4391 154
1
4392 106
0
1
4393 196
1
4394 291
0
1
4395 322
1
4396 12
0
0
1
4397 224
0
0
0
1
4398 120
0
0
0
1
4399 102
0
1
4400 177
1
4401 278
1
4402 75
1
4403 8
1
4404 208
1
4405 244
1
4406 229
0
1
4407 69
0
1
4408 202
1
4409 151
1
4410 290
1
4411 314
1
4412 170
0
1
4413 105
0
0
0
1
4414 283
1
4415 184
1
4416 218
1
4417 291
1
4418 99
0
1
4419 154
1
4420 119
1
4421 2
1
4422 220
1
4423 261
0
1
4424 224
0
1
4425 143
1
4426 206
1
4427 117
1
4428 295
1
4429 139
0
1
4430 322
0
0
0
0
1
4431 88
1
4432 297
0
0
1
4433 262
0
1
4434 264
1
4435 33
1
4436 319
0
0
0
1
4437 203
0
1
4438 319
1
4439 6
0
1
4440 149
0
0
1
4441 12
0
0
0
0
0
1
4442 187
0
1
4443 243
1
4444 62
1
4445 203
1
4446 90
0
1
4447 199
0
1
4448 292
0
0
0
0
1
4449 217
1
4450 103
1
4451 275
1
4452 7
0
1
4453 212
0
1
4454 327
0
1
4455 12
0
0
1
4456 181
1
4457 22
1
4458 51
0
1
4459 275
1
4460 227
1
4461 6
1
4462 48
1
4463 193
0
0
1
4464 208
0
0
1
4465 317
1
4466 146
1
4467 294
1
4468 330
0
0
1
4469 112
1
4470 161
0
1
4471 37
1
4472 11
1
4473 137
0
1
4474 291
0
0
1
4475 184
0
1
4476 57
1
4477 18
0
1
4478 3
0
0
0
0
1
4479 192
1
4480 77
1
4481 302
0
1
4482 166
0
0
1
4483 182
0
0
0
0
1
4484 89
0
0
1
4485 258
1
4486 134
1
4487 260
0
1
4488 103
0
1
4489 98
1
4490 98
0
1
4491 58
1
4492 65
0
0
0
0
0
0
1
4493 211
1
4494 99
0
1
4495 118
0
0
1
4496 322
0
0
1
4497 69
0
0
0
0
0
0
0
1
4498 30
0
0
0
0
0
1
4499 103
1
4500 275
0
0
0
0
0
0
0
1
4501 327
0
0
1
4502 19
0
0
1
4503 139
1
4504 118
1
4505 161
0
1
4506 73
0
0
0
1
4507 265
1
4508 146
0
1
4509 25
0
0
0
0
1
4510 26
0
0
1
4511 76
1
4512 277
1
4513 243
0
1
4514 286
0
0
1
4515 216
1
4516 121
1
4517 30
0
1
4518 171
0
0
0
1
4519 75
1
4520 316
0
0
1
4521 235
0
0
1
4522 132
1
4523 125
1
4524 24
0
1
4525 167
1
4526 281
0
1
4527 154
0
0
1
4528 188
1
4529 260
0
0
0
1
4530 22
0
1
4531 13
0
1
4532 41
0
0
0
0
1
4533 139
0
1
4534 258
0
0
1
4535 323
0
1
4536 127
0
1
4537 312
0
0
1
4538 108
0
0
0
0
1
4539 186
0
0
0
0
0
1
4540 206
0
0
0
1
4541 249
1
4542 174
1
4543 168
0
0
1
4544 58
0
0
1
4545 59
0
1
4546 92
1
4547 62
0
0
1
4548 102
1
4549 102
0
1
4550 315
1
4551 205
0
1
4552 61
1
4553 50
0
0
1
4554 13
0
1
4555 56
1
4556 44
0
1
4557 221
0
0
1
4558 6
0
1
4559 187
1
4560 31
0
0
0
1
4561 76
1
4562 56
1
4563 222
0
1
4564 301
0
0
0
0
0
0
0
1
4565 171
1
4566 125
0
0
1
4567 158
1
4568 258
1
4569 45
0
0
1
4570 173
1
4571 209
0
1
4572 19
0
1
4573 43
1
4574 238
1
4575 204
0
0
0
0
1
4576 262
1
4577 106
0
1
4578 71
1
4579 316
0
0
1
4580 289
1
4581 317
1
4582 47
0
0
1
4583 293
0
0
1
4584 278
1
4585 146
0
1
4586 186
0
0
1
4587 14
0
1
4588 69
0
0
0
0
1
4589 270
0
1
4590 200
0
0
0
0
0
0
1
4591 10
0
0
0
0
1
4592 88
0
0
0
0
0
0
1
4593 310
0
1
4594 254
1
4595 163
0
1
4596 192
0
1
4597 186
0
1
4598 53
1
4599 203
1
4600 106
0
0
1
4601 266
0
0
1
4602 276
1
4603 26
0
0
0
0
0
0
1
4604 184
1
4605 255
1
4606 240
0
0
1
4607 299
0
0
0
0
0
0
0
0
0
0
0
0
0
1
4608 155
0
0
1
4609 248
1
4610 71
1
4611 61
0
1
4612 286
0
0
0
0
0
0
0
1
4613 115
1
4614 123
1
4615 30
0
0
1
4616 43
0
0
0
0
0
1
4617 277
0
0
1
4618 172
0
1
4619 273
0
0
1
4620 215
0
0
1
4621 18
1
4622 136
0
0
0
1
4623 176
0
0
0
0
1
4624 199
0
0
0
1
4625 26
1
4626 101
0
1
4627 4
0
0
0
0
1
4628 188
0
0
0
0
0
1
4629 183
0
1
4630 117
0
1
4631 137
0
1
4632 73
0
0
0
1
4633 174
0
0
0
1
4634 13
1
4635 279
0
0
0
1
4636 230
0
1
4637 272
1
4638 72
0
0
1
4639 217
0
0
1
4640 97
0
0
0
1
4641 64
0
0
0
1
4642 292
1
4643 316
0
0
0
0
0
0
1
4644 34
1
4645 309
0
0
1
4646 139
0
0
0
0
0
1
4647 221
0
1
4648 237
0
0
0
0
0
0
1
4649 188
1
4650 195
0
1
4651 228
1
4652 155
1
4653 65
1
4654 32
1
4655 19
1
4656 62
0
0
0
0
1
4657 146
0
0
0
0
1
4658 22
0
0
0
0
1
4659 46
0
0
0
0
0
0
0
1
4660 164
1
4661 114
0
0
0
0
0
0
0
0
0
0
1
4662 196
1
4663 27
0
0
0
0
0
0
1
4664 327
1
4665 145
0
1
4666 40
0
0
0
1
4667 222
0
0
0
1
4668 279
0
0
0
0
0
0
0
0
0
0
0
0
1
4669 227
0
0
0
0
0
0
0
0
0
0
0
0
1
4670 306
1
4671 117
0
0
0
0
1
4672 161
0
0
1
4673 188
0
0
1
4674 102
1
4675 319
0
0
1
4676 216
1
4677 139
0
0
0
0
0
0
1
4678 63
0
1
4679 328
1
4680 34
1
4681 155
0
0
0
0
0
0
0
0
0
0
0
0
0
0
0
0
1
4682 212
1
4683 321
0
0
1
4684 98
1
4685 210
0
0
0
1
4686 174
0
0
1
4687 289
1
4688 127
1
4689 30
1
4690 240
0
0
0
0
0
1
4691 146
0
0
0
1
4692 12
0
1
4693 259
1
4694 224
0
0
0
0
1
4695 99
1
4696 316
0
0
0
1
4697 86
0
0
1
4698 92
0
1
4699 324
0
1
4700 80
0
0
0
0
0
0
0
0
0
0
0
0
0
0
1
4701 302
0
0
1
4702 113
0
1
4703 50
0
1
4704 2
0
0
0
0
0
0
0
1
4705 266
0
1
4706 85
0
0
0
0
0
0
0
0
1
4707 227
0
0
1
4708 113
0
0
1
4709 189
0
0
0
0
0
0
0
0
0
0
0
0
0
0
0
0
0
1
4710 63
0
0
0
0
0
1
4711 105
0
0
0
1
4712 39
0
0
0
0
0
1
4713 108
0
0
0
0
0
1
4714 14
0
0
0
0
0
0
0
0
0
0
0
0
0
1
4715 219
0
0
0
0
0
0
0
0
0
0
0
0
0
1
4716 237
0
1
4717 151
0
0
0
0
1
4718 142
0
0
0
0
0
0
0
0
0
0
0
0
0
0
0
0
1
4719 137
0
0
0
0
0
0
0
1
4720 246
0
0
0
0
0
0
0
0
0
0
0
0
0
1
4721 329
0
0
0
0
0
0
0
0
0
0
0
0
0
0
1
4722 59
0
0
0
0
0
0
0
0
1
4723 93
0
0
0
0
0
1
4724 39
1
4725 68
1
4726 210
0
1
4727 153
0
0
0
0
1
4728 259
1
4729 94
0
0
0
0
0
0
0
0
0
0
0
0
0
0
0
0
0
0
0
0
1
4730 142
0
0
0
0
0
0
0
0
0
0
0
0
1
4731 63
0
0
0
0
0
0
0
0
0
0
1
4732 64
0
0
0
0
0
0
0
0
0
0
0
0
0
0
0
0
0
0
0
1
4733 8
0
0
0
0
0
0
0
0
0
0
1
4734 294
0
0
0
0
0
0
0
1
4735 14
0
0
0
0
0
0
0
1
4736 138
0
0
0
0
0
0
0
0
0
0
0
0
0
0
0
0
0
0
0
0
0
0
0
0
0
0
0
0
0
0
0
0
0
0
0
0
0
0
0
0
0
0
0
1
4737 247
0
0
0
0
0
0
0
0
0
0
0
0
0
0
0
0
0
0
0
0
0
0
0
1
4738 290
0
0
0
0
0
0
0
0
0
0
0
0
0
0
0
0
0
0
0
0
0
0
0
0
0
0
0
0
0
0
0
0
0
0
0
0
0
0
0
0
0
0
0
0
0
0
0
0
0
0
0
0
0
0
0
0
0
0
0
0
0
0
0
0
0
0
0
0
0
0
0
0
0
0
0
0
0
0
0
0
0
0
0
0
0
0
0
0
0
0
0
0
0
0
0
0
0
0
0
0
0
0
0
0
0
0
0
0
0
0
0
0
0
0
0
0
0
0
0
0
0
0
0
0
0
0
0
0
0
0
0
0
0
0
0
0
0
0
0
0
0
0
0
0
0
0
0
0
0
0
0
0
0
0
0
0
0
0
0
0
0
0
0
0
0
0
0
0
0
0
0
0
0
0
0
0
0
0
0
0
0
0
0
0
0
0
0
0
0
0
0
0
0
0
0
0
0
0
0
0
0
0
0
0
0
0
0
0
0
0
0
0
0
0
0
0
0
0
0
0
0
0
0
0
0
0
0
0
0
0
0
0
0
0
0
0
0
0
0
0
0
0
0
0
0
0
0
0
0
0
0
0
0
0
0
0
0
0
0
0
0
0
0
0
0
0
0
0
0
0
0
0
0
0
0
0
0
0
0
0
0
0
0
0
0
0
0
0
0
0
0
0
0
0
0
0
0
0
0
0
0
0
0
0
0
0
0
0
0
0
0
0
0
0
0
0
0
0
0
0
0
0
0
0
0
0
0
0
0
0
0
0
0
0
0
0
0
0
0
0
0
0
0
0
0
0
0
0
0
0
0
0
0
0
0
0
0
0
0
0
0
0
0
0
0
0
0
0
0
0
0
0
0
0
0
0
0
0
0
0
0
0
0
0
0
0
0
0
0
0
0
0
0
0
0
0
0
0
0
0
0
0
0
0
0
0
0
0
0
0
0
0
0
0
0
0
0
0
0
0
0
0
0
0
0
0
0
0
0
0
0
0
0
0
0
0
0
0
0
0
0
0
0
0
0
0
0
0
0
0
0
0
0
0
0
0
0
0
0
0
0
0
0
0
0
0
0
0
0
0
0
0
0
0
0
0
0
0
0
0
0
0
0
0
0
0
0
0
0
0
0
0
0
0
0
0
0
0
0
0
0
0
0
0
0
0
0
0
0
0
0
0
0
0
0
0
0
0
0
0
0
0
0
0
0
0
0
0
0
0
0
0
0
0
0
0
0
0
0
0
0
0
0
0
0
0
0
0
0
0
0
0
0
0
0
0
0
