365 623
138 148 4
306 40 4
215 241 4
130 332 3
11 265 3
45 203 4
275 239 4
335 358 5
268 93 3
46 78 2
67 358 4
276 139 3
213 308 2
132 327 3
178 73 3
363 333 3
10 278 3
167 59 3
53 165 4
191 317 4
250 10 4
174 287 4
352 308 2
162 33 4
147 118 3
305 302 4
121 226 3
106 301 4
188 339 3
229 358 2
231 263 3
33 108 5
288 335 3
341 323 4
51 16 3
127 312 3
52 105 6
30 72 3
164 300 4
360 258 3
166 254 2
137 358 2
69 134 4
6 64 2
70 166 3
302 200 4
189 120 3
137 13 3
206 224 3
340 195 3
107 1 3
273 321 3
202 131 3
26 318 3
320 68 4
177 85 4
356 18 3
161 360 4
223 311 5
169 58 5
96 168 5
186 203 3
96 193 2
339 345 3
188 116 4
46 359 3
167 61 4
149 152 3
265 103 3
153 89 4
47 28 4
172 94 4
179 337 2
188 7 3
66 215 4
170 202 4
167 184 3
322 303 3
337 243 2
169 267 4
336 39 4
37 178 3
234 225 5
291 92 5
194 64 4
1 314 4
90 61 2
148 365 4
280 51 4
64 160 2
253 77 3
11 146 3
183 161 4
123 31 4
153 260 2
32 141 4
266 287 4
267 342 4
49 202 3
315 239 3
317 236 3
104 210 5
338 135 3
46 75 4
207 126 6
209 42 4
94 350 5
123 136 3
63 68 3
226 17 4
252 3 2
343 12 3
111 171 4
237 102 3
353 36 2
98 61 3
84 109 5
316 67 4
291 309 3
37 48 4
364 220 3
219 310 4
120 196 3
89 323 3
140 32 3
39 362 2
352 237 3
38 26 3
30 230 3
134 282 3
324 352 3
319 12 2
271 129 5
329 125 3
26 178 5
294 127 3
194 187 4
27 149 4
217 254 3
156 58 6
303 365 2
280 290 4
9 147 3
341 118 4
222 87 4
54 241 4
67 288 4
80 158 3
292 33 4
312 128 5
255 150 4
177 136 4
18 286 2
208 249 3
327 35 3
43 12 3
22 79 4
108 344 5
196 267 3
94 256 3
315 151 3
330 245 5
265 233 3
26 240 2
219 122 2
152 27 3
173 100 4
248 341 4
274 284 4
343 313 3
223 289 4
165 212 3
144 325 4
99 79 4
145 238 3
153 65 3
340 303 3
34 356 3
154 7 5
346 218 4
296 274 3
184 211 4
348 214 3
274 234 3
350 256 1
116 209 3
332 168 2
296 132 3
97 192 5
71 55 3
336 149 3
45 150 4
290 244 3
50 233 2
246 128 3
145 330 3
110 175 3
38 69 3
247 206 4
305 354 3
183 304 5
35 86 3
227 182 3
170 57 5
184 338 3
90 59 2
283 211 4
179 84 3
244 360 3
166 301 3
191 163 3
50 161 5
44 1 4
42 346 3
307 52 4
138 63 3
240 134 3
321 345 3
115 256 3
343 319 2
2 151 3
112 273 4
324 308 3
138 124 6
229 172 2
300 37 4
228 111 3
226 248 3
147 197 4
100 176 3
173 133 5
242 269 4
262 311 3
159 24 2
335 110 4
292 41 4
263 212 3
53 350 3
89 146 3
220 28 4
316 238 3
158 295 3
333 255 4
233 25 4
98 99 3
95 324 4
60 81 4
332 309 5
306 344 1
2 123 3
57 49 3
259 126 3
164 48 3
91 174 3
175 245 5
105 80 4
54 28 3
19 66 4
199 252 4
313 189 3
270 204 3
239 101 3
296 112 2
49 131 2
231 165 2
173 151 3
24 197 4
236 79 3
287 295 5
117 180 2
82 257 5
349 129 4
158 52 5
292 243 3
228 182 4
315 133 2
60 198 3
137 172 3
247 283 2
179 243 4
201 292 3
150 333 3
285 251 3
6 321 3
219 51 4
256 238 3
214 16 1
114 351 5
119 205 3
236 310 3
234 261 4
359 75 3
225 349 4
181 355 3
205 347 3
16 230 2
219 281 3
260 155 4
104 171 3
194 142 3
319 189 4
109 62 3
72 199 4
90 113 2
313 125 5
176 299 5
77 242 3
58 196 4
206 338 3
314 102 3
297 29 1
190 187 4
249 259 3
354 92 4
221 301 3
282 69 2
25 250 3
320 85 4
47 293 4
103 250 2
222 176 4
10 213 4
107 216 2
36 34 2
65 44 3
88 235 3
351 355 4
204 15 3
252 95 4
175 329 2
8 236 4
344 56 3
88 127 4
126 148 2
73 300 5
159 231 3
276 289 3
244 183 2
43 363 3
14 351 3
115 53 3
124 59 4
22 30 4
328 36 2
357 86 3
108 298 3
312 235 3
328 353 3
156 329 3
119 102 5
4 301 4
288 175 4
140 221 4
354 200 3
4 279 3
254 221 3
87 326 4
100 75 3
20 2 3
23 21 4
212 325 4
332 141 3
345 116 4
130 282 4
241 325 4
130 168 1
334 271 4
198 298 4
229 137 3
41 111 4
327 228 4
316 330 3
280 297 4
207 259 4
272 276 4
299 347 4
45 235 4
246 253 2
211 113 3
177 31 3
262 293 5
11 248 4
287 307 4
207 74 2
323 362 3
362 89 3
201 60 1
5 305 5
123 275 5
251 342 3
62 15 5
118 9 4
140 180 4
92 195 2
96 318 3
222 34 2
186 189 4
63 365 2
7 209 4
70 217 4
97 188 3
8 127 3
230 214 1
13 94 5
74 113 3
157 245 3
93 64 3
204 314 3
181 14 3
103 278 2
309 5 4
23 3 3
53 231 4
9 197 3
331 17 4
356 119 3
82 268 3
343 43 5
103 146 4
82 190 3
339 321 4
93 357 3
56 298 5
66 54 2
247 338 5
145 159 3
135 163 4
74 211 4
263 144 2
322 83 5
121 330 3
304 290 3
4 166 4
95 71 3
299 119 3
156 125 4
198 264 3
224 105 4
331 360 5
286 356 5
331 121 4
285 232 5
279 97 4
310 281 4
76 217 3
144 147 4
159 238 3
364 39 4
351 98 4
222 353 2
326 117 3
266 208 3
7 279 3
253 269 4
216 109 3
157 185 3
252 71 4
265 25 3
362 149 3
199 101 4
21 315 4
334 298 4
15 257 3
114 59 3
62 107 3
56 334 4
72 348 4
278 260 3
46 195 3
216 44 2
198 271 5
27 336 2
2 359 3
286 270 4
213 237 2
36 18 3
201 108 5
31 359 3
86 112 2
32 291 4
186 120 3
302 322 4
348 30 5
197 263 3
289 220 3
193 332 3
205 23 2
182 210 4
242 224 2
269 191 3
44 155 4
261 143 2
132 86 2
311 293 3
13 49 4
268 361 5
136 14 5
55 304 3
230 348 2
164 346 4
259 174 3
35 132 4
18 190 2
124 113 4
101 21 3
277 319 3
104 41 3
355 22 2
320 340 3
181 72 4
122 310 3
29 185 3
309 354 3
283 208 1
331 258 3
192 76 4
155 10 4
145 24 3
112 357 5
277 12 2
102 270 4
139 306 4
232 169 2
180 78 4
152 65 4
363 122 5
167 135 4
281 79 3
347 133 3
151 275 1
5 193 3
48 42 5
363 51 3
88 150 3
171 284 2
61 114 3
81 104 5
130 141 2
78 75 2
95 3 2
251 170 2
317 294 2
295 80 5
81 264 3
264 201 3
289 272 4
34 328 3
47 66 5
218 106 4
218 154 3
361 227 5
69 318 2
8 294 4
106 134 3
210 111 3
262 40 3
342 232 2
19 325 5
163 99 3
128 294 4
143 225 3
91 307 4
248 323 2
361 257 4
81 143 6
208 247 4
242 253 3
109 107 3
258 157 4
264 349 4
160 6 3
156 110 2
327 227 4
162 243 3
17 11 3
142 192 1
308 250 5
185 297 2
318 38 4
277 203 4
272 27 3
56 40 3
77 246 2
87 117 3
20 320 4
154 42 4
162 139 4
142 187 4
1 216 4
303 68 3
218 48 3
326 180 3
160 339 3
84 337 4
88 255 3
83 200 2
249 74 3
194 82 5
55 324 3
124 85 4
240 69 3
285 57 4
279 70 3
241 19 3
31 20 2
170 131 5
187 76 3
50 25 3
83 340 4
284 228 4
364 215 3
181 239 3
311 276 3
317 8 2
125 29 3
223 293 3
122 255 4
195 200 3
91 266 3
357 273 4
257 62 3
165 115 2
223 28 3
10000
0
0
0
0
0
0
0
0
0
0
0
0
0
0
0
0
0
0
0
0
0
0
0
0
0
0
0
0
0
0
0
0
0
0
0
0
0
0
0
0
0
0
0
0
0
0
0
0
0
0
0
0
0
0
0
0
0
0
0
0
0
0
0
0
0
0
0
0
0
0
0
0
0
0
0
0
0
0
0
0
0
0
0
0
0
0
0
0
0
1
1 55
0
0
0
0
0
0
0
0
0
0
0
0
0
0
0
0
0
0
0
0
0
0
0
0
0
0
0
0
0
0
0
0
0
0
0
0
0
0
0
0
0
0
0
0
0
0
0
0
0
0
0
0
0
0
0
0
0
0
0
0
0
0
0
0
0
0
0
0
0
0
0
0
0
0
0
0
0
0
0
0
0
0
0
0
0
0
0
0
0
0
0
0
0
0
0
0
0
0
0
0
0
0
0
0
0
0
0
0
0
0
0
0
0
0
0
0
0
0
0
0
0
0
0
0
0
0
0
0
0
0
0
0
0
0
0
0
0
0
0
0
0
0
0
0
0
0
0
1
2 175
0
0
0
0
0
0
0
0
0
0
0
0
0
0
0
0
0
0
0
0
0
0
0
0
0
0
0
0
0
0
0
0
0
0
0
0
0
0
0
0
0
0
0
0
0
0
0
0
0
0
0
0
0
0
0
1
3 356
0
0
0
0
0
0
0
0
0
0
0
0
0
0
1
4 106
0
0
0
0
0
0
0
0
0
0
0
0
0
0
0
1
5 343
0
0
0
0
0
0
0
0
0
0
0
0
0
0
0
0
0
0
0
0
0
0
0
0
0
0
0
0
0
0
0
0
0
0
0
0
0
0
0
1
6 92
0
0
0
0
0
0
0
0
0
0
0
0
0
0
0
0
0
0
0
0
0
0
0
0
0
0
0
0
0
0
0
0
0
0
0
0
0
0
0
0
1
7 308
0
0
0
1
8 236
0
0
0
0
0
0
0
0
0
0
0
0
0
0
0
0
0
0
0
1
9 311
0
0
0
0
0
0
0
0
0
0
0
1
10 90
0
0
0
0
0
0
0
0
0
0
0
0
1
11 196
0
0
0
0
0
0
0
1
12 207
0
0
0
0
0
0
0
0
0
0
0
0
0
0
0
0
0
0
0
0
0
0
0
0
0
0
0
0
0
0
0
0
0
0
0
0
0
0
0
0
0
0
0
0
0
0
0
0
0
0
0
0
0
0
0
0
0
0
0
0
0
0
0
0
0
0
0
0
0
0
0
0
0
0
0
0
0
0
0
0
0
0
0
0
0
0
0
0
0
0
0
0
0
0
0
0
0
1
13 122
0
0
0
0
1
14 284
0
0
0
0
0
0
0
0
0
0
0
0
0
0
0
0
0
0
0
0
0
0
0
0
0
0
0
0
0
0
0
0
0
0
0
0
0
0
0
0
0
0
0
0
0
0
0
0
0
0
0
0
0
0
0
1
15 168
1
16 48
0
0
0
1
17 222
0
0
0
0
0
0
0
0
0
0
0
0
1
18 41
0
0
0
0
0
0
0
0
0
0
0
0
0
0
0
1
19 9
0
0
0
0
0
0
0
0
1
20 129
0
0
1
21 42
0
0
0
0
0
0
0
0
0
0
1
22 160
0
0
0
0
0
0
0
0
0
1
23 84
0
0
0
0
0
0
0
1
24 89
0
0
0
0
0
0
0
0
0
0
0
0
1
25 129
1
26 310
0
0
0
0
0
0
0
0
0
0
0
0
0
0
0
0
0
0
0
0
0
0
0
0
0
0
0
0
0
0
0
0
0
0
0
0
0
0
0
0
0
0
0
0
0
0
0
0
0
0
0
0
1
27 44
0
0
0
1
28 105
0
0
0
0
0
0
0
0
1
29 11
0
0
0
0
0
0
0
0
0
0
0
0
0
0
0
0
0
0
1
30 355
0
0
0
0
0
0
0
0
0
0
0
0
0
0
0
0
0
0
0
0
0
0
0
0
0
1
31 274
0
0
0
1
32 23
0
0
0
0
0
0
0
0
0
0
1
33 119
0
0
0
0
0
0
0
0
0
0
0
0
0
1
34 29
0
0
0
0
0
0
0
0
0
0
0
0
0
0
0
0
0
0
0
0
0
0
0
0
0
0
0
0
0
0
0
0
1
35 332
0
0
0
1
36 144
0
0
0
0
0
0
0
1
37 29
0
0
0
0
0
0
0
0
0
0
0
0
0
0
0
0
0
0
0
0
0
0
0
0
0
0
0
0
0
1
38 205
1
39 309
0
0
0
0
0
1
40 134
0
0
0
0
0
0
0
1
41 349
0
0
1
42 365
0
0
0
0
1
43 104
0
0
0
0
1
44 315
0
0
0
0
0
0
0
0
1
45 349
0
0
1
46 59
1
47 265
0
0
0
0
0
1
48 119
0
0
0
0
0
0
0
0
0
0
0
0
0
1
49 188
0
0
1
50 185
1
51 349
0
0
0
0
0
0
1
52 20
0
0
0
0
0
0
0
0
0
0
0
0
0
0
1
53 155
0
0
0
0
0
0
0
0
1
54 126
0
0
1
55 155
0
0
0
0
0
1
56 216
0
0
0
0
0
0
0
0
0
0
1
57 263
0
0
0
0
0
0
0
0
1
58 226
0
0
0
0
0
0
0
0
0
0
0
0
0
0
0
0
0
0
1
59 15
0
0
0
0
1
60 107
0
0
1
61 260
1
62 204
0
0
0
0
0
0
0
0
0
1
63 88
0
0
1
64 339
0
0
0
0
0
0
0
0
0
0
0
0
0
0
0
0
0
0
0
0
0
0
0
0
0
0
0
0
1
65 143
0
0
0
0
1
66 331
0
0
0
0
0
1
67 171
0
0
1
68 85
0
0
0
0
0
0
0
0
0
0
0
0
0
0
0
0
0
0
0
0
0
1
69 353
0
0
0
1
70 319
0
0
1
71 132
0
0
0
0
0
0
0
1
72 282
0
0
0
0
0
0
0
1
73 276
0
0
0
0
0
0
0
0
0
0
0
0
1
74 293
0
0
0
0
0
0
0
0
1
75 304
0
1
76 294
0
0
0
0
0
0
0
1
77 331
0
0
0
1
78 317
0
0
0
0
0
1
79 300
0
1
80 294
0
0
0
0
0
1
81 151
0
0
0
0
0
0
1
82 52
0
0
0
0
0
0
0
0
0
0
0
0
0
0
0
0
1
83 282
0
0
1
84 52
0
0
0
0
0
0
1
85 144
0
1
86 283
0
1
87 33
0
0
0
0
0
0
0
0
0
0
0
0
0
0
0
0
0
0
0
0
0
0
1
88 315
0
0
0
0
0
1
89 117
0
0
0
0
1
90 343
0
0
0
0
0
1
91 169
0
0
0
0
0
0
0
0
0
0
0
0
0
0
0
0
0
0
1
92 18
0
0
1
93 198
0
1
94 3
0
1
95 226
0
0
1
96 40
0
0
0
0
1
97 38
0
1
98 137
0
0
0
1
99 132
0
0
0
0
0
0
0
0
0
1
100 102
0
1
101 238
0
0
0
0
0
0
1
102 211
1
103 151
0
0
0
0
0
0
0
0
1
104 263
0
0
0
0
0
0
0
0
0
0
0
0
0
0
0
1
105 335
0
0
0
0
1
106 166
0
0
1
107 224
0
0
0
1
108 5
0
0
0
0
0
0
0
1
109 330
0
0
0
1
110 22
1
111 148
0
0
0
1
112 305
0
1
113 345
0
0
0
1
114 301
1
115 276
0
0
0
0
0
0
0
0
0
0
0
1
116 183
1
117 252
0
0
0
0
1
118 228
0
0
0
0
0
0
0
0
0
0
0
0
0
0
0
0
0
0
1
119 155
1
120 48
0
0
0
0
0
0
0
1
121 236
0
0
0
0
0
0
0
0
0
0
0
0
0
0
0
0
0
0
1
122 4
0
0
1
123 131
1
124 310
0
0
0
0
0
0
1
125 304
1
126 58
0
0
0
0
1
127 267
0
0
0
1
128 237
0
0
0
0
0
0
0
0
0
1
129 218
0
0
0
0
1
130 219
0
0
0
1
131 265
0
0
0
0
0
0
0
0
1
132 101
0
0
0
0
0
0
0
0
0
0
0
0
0
1
133 84
0
1
134 126
0
0
0
0
0
0
1
135 292
0
0
0
0
1
136 198
1
137 193
1
138 272
1
139 183
0
0
0
0
0
0
0
1
140 265
0
1
141 285
0
0
0
0
0
0
0
1
142 304
0
0
0
1
143 172
0
0
0
0
0
0
0
0
1
144 316
0
1
145 298
0
0
0
0
0
0
0
0
0
0
0
0
0
0
0
1
146 294
0
0
1
147 13
0
0
0
1
148 72
0
1
149 264
1
150 51
0
1
151 38
0
0
0
1
152 167
0
0
0
0
1
153 49
1
154 129
0
1
155 24
0
0
0
1
156 112
0
1
157 160
1
158 268
0
1
159 246
0
1
160 4
1
161 316
1
162 266
0
0
0
0
0
0
1
163 45
0
0
0
0
0
0
1
164 252
0
1
165 340
1
166 314
0
0
1
167 228
0
0
0
0
1
168 139
1
169 283
0
0
1
170 256
0
0
0
0
0
0
0
0
0
0
0
0
0
0
0
0
0
1
171 230
0
0
0
0
0
0
0
0
0
0
1
172 22
1
173 196
0
0
0
0
1
174 199
0
0
1
175 41
0
0
0
0
0
0
0
0
1
176 138
1
177 175
0
0
0
0
0
0
0
1
178 232
0
1
179 18
0
0
0
1
180 87
1
181 67
1
182 30
0
0
1
183 81
0
0
0
0
1
184 358
1
185 35
1
186 227
0
0
0
0
0
1
187 287
0
1
188 354
0
0
0
0
0
0
0
0
0
0
0
0
0
0
0
0
0
0
1
189 18
0
0
1
190 290
0
0
1
191 241
1
192 196
1
193 74
0
0
0
1
194 51
1
195 160
0
1
196 202
0
0
0
1
197 168
0
1
198 338
0
0
0
0
0
0
0
0
0
0
0
1
199 164
1
200 264
0
0
0
0
0
1
201 175
0
0
0
1
202 88
0
0
0
1
203 5
0
0
1
204 113
1
205 6
1
206 242
0
0
0
1
207 244
1
208 131
0
1
209 146
0
0
1
210 249
0
0
0
0
0
0
0
0
0
0
0
0
0
0
0
0
0
0
0
0
0
0
0
0
0
0
0
1
211 344
0
1
212 76
0
0
0
0
0
1
213 281
1
214 146
0
0
1
215 291
0
0
0
1
216 250
0
1
217 280
0
0
0
0
0
0
0
0
0
0
1
218 11
0
1
219 200
0
1
220 229
1
221 350
0
0
0
1
222 10
1
223 49
0
0
0
0
0
0
0
1
224 229
0
0
0
1
225 244
0
0
0
1
226 91
0
0
0
1
227 267
0
0
0
1
228 340
0
1
229 14
0
0
0
1
230 200
0
0
0
1
231 23
1
232 158
1
233 109
0
1
234 308
0
1
235 342
0
1
236 146
0
0
0
0
0
0
0
0
1
237 100
0
1
238 43
0
0
0
0
1
239 84
1
240 153
0
0
1
241 324
0
0
0
0
1
242 122
0
0
0
0
0
1
243 315
0
1
244 212
0
0
0
0
1
245 324
1
246 339
0
0
1
247 362
0
1
248 301
0
0
1
249 7
0
0
0
0
0
0
1
250 152
0
1
251 165
0
0
0
0
1
252 353
0
0
0
0
0
0
0
0
1
253 259
0
0
0
0
0
0
0
0
0
1
254 230
1
255 227
0
0
1
256 304
1
257 317
0
0
0
0
0
0
0
0
0
0
1
258 304
0
0
1
259 158
0
0
1
260 112
0
0
1
261 186
0
0
1
262 364
0
0
0
0
1
263 310
0
1
264 107
1
265 33
0
0
0
0
1
266 288
1
267 127
0
0
0
0
0
1
268 112
0
0
0
1
269 11
0
0
1
270 333
0
0
1
271 278
1
272 82
0
1
273 39
0
0
0
1
274 12
0
0
0
0
1
275 182
0
1
276 29
0
0
1
277 230
0
0
1
278 245
0
0
0
1
279 181
1
280 263
0
0
1
281 161
0
0
0
0
1
282 249
0
0
0
0
0
0
0
1
283 171
1
284 285
0
0
0
0
1
285 245
0
0
0
0
0
1
286 264
1
287 324
1
288 44
1
289 251
0
0
0
0
0
0
0
0
0
1
290 345
0
1
291 310
0
0
0
0
1
292 335
1
293 170
0
0
1
294 146
0
0
0
0
0
1
295 125
1
296 262
0
0
1
297 309
0
0
0
1
298 313
0
1
299 158
0
0
0
1
300 215
0
0
1
301 258
0
0
0
0
0
0
0
0
0
0
0
0
0
0
0
0
0
1
302 359
0
1
303 279
0
0
1
304 68
1
305 270
1
306 116
1
307 114
0
0
0
1
308 19
0
1
309 33
0
0
0
0
1
310 194
0
1
311 96
0
0
0
1
312 338
0
0
0
0
0
0
0
0
0
0
0
0
0
0
0
0
0
1
313 49
1
314 230
1
315 267
0
0
1
316 211
1
317 182
0
1
318 73
1
319 126
0
1
320 116
0
0
0
0
0
0
0
1
321 186
1
322 363
0
1
323 118
1
324 342
1
325 160
0
1
326 4
0
0
1
327 151
0
1
328 266
1
329 27
1
330 44
0
0
0
0
0
0
1
331 336
0
0
0
1
332 63
0
0
0
1
333 357
1
334 303
0
0
0
0
1
335 12
1
336 78
0
0
1
337 362
0
0
0
0
0
0
1
338 19
1
339 325
0
1
340 349
1
341 285
1
342 14
0
1
343 227
0
0
1
344 205
0
0
0
0
0
1
345 253
1
346 84
0
0
0
1
347 275
1
348 25
1
349 295
0
1
350 346
0
0
0
0
1
351 174
0
0
0
0
0
0
0
0
0
0
0
0
0
0
0
0
0
0
0
0
1
352 92
0
0
0
0
1
353 188
0
1
354 266
0
0
1
355 307
0
0
0
0
0
0
0
0
0
1
356 304
0
0
0
0
0
0
0
0
1
357 248
1
358 230
0
1
359 300
1
360 197
0
1
361 233
0
0
0
0
0
0
1
362 43
0
1
363 346
0
0
1
364 245
0
0
0
1
365 180
0
0
0
0
0
0
0
0
0
0
0
0
0
0
1
366 346
0
0
0
0
0
0
0
0
1
367 133
0
0
0
1
368 85
0
0
1
369 120
0
1
370 153
1
371 156
0
0
0
0
1
372 102
1
373 191
0
1
374 77
1
375 82
1
376 2
0
1
377 72
0
0
0
0
0
1
378 72
1
379 88
1
380 339
0
0
0
0
0
0
1
381 233
0
0
0
0
1
382 349
0
1
383 235
0
0
1
384 50
0
1
385 102
0
1
386 80
0
0
0
0
0
0
1
387 222
1
388 25
0
0
0
0
0
1
389 314
0
0
0
0
0
0
1
390 19
0
0
1
391 138
0
0
0
0
0
0
0
0
0
0
0
1
392 216
0
0
0
0
1
393 152
0
0
0
0
1
394 233
0
0
1
395 319
0
1
396 148
0
0
0
0
0
0
1
397 64
0
0
1
398 32
0
0
0
0
0
0
0
0
0
0
1
399 316
0
0
0
0
0
0
0
0
0
1
400 281
0
0
0
1
401 227
0
1
402 330
1
403 227
0
1
404 119
0
0
0
0
0
1
405 144
1
406 99
0
0
1
407 250
0
1
408 346
0
0
0
0
1
409 65
0
1
410 65
0
1
411 173
0
1
412 18
1
413 34
0
1
414 285
1
415 217
0
0
0
0
1
416 134
0
0
0
0
0
0
1
417 46
0
1
418 188
0
0
0
0
1
419 333
0
1
420 242
0
1
421 270
0
0
0
0
0
1
422 33
1
423 100
1
424 291
0
0
0
0
0
0
0
1
425 296
0
1
426 133
0
1
427 136
0
0
0
1
428 8
1
429 83
0
0
1
430 307
0
0
1
431 346
0
0
0
0
0
0
0
0
0
1
432 231
0
0
0
0
0
0
0
0
0
0
0
0
1
433 114
0
0
1
434 277
0
1
435 247
1
436 352
1
437 192
0
0
0
0
1
438 312
0
1
439 98
0
1
440 300
0
0
0
0
0
1
441 252
1
442 171
0
0
1
443 228
1
444 82
0
0
0
0
1
445 59
0
0
1
446 53
0
0
0
0
0
1
447 95
0
1
448 69
0
0
0
0
1
449 264
0
0
0
1
450 309
1
451 45
0
0
0
0
0
0
0
1
452 160
0
1
453 230
0
1
454 103
0
0
0
0
0
0
0
1
455 243
0
0
0
0
0
1
456 314
0
0
0
0
0
1
457 267
0
0
0
1
458 84
1
459 257
1
460 293
0
0
0
0
0
1
461 66
0
1
462 172
0
0
0
0
0
0
0
1
463 114
1
464 75
0
0
1
465 152
0
0
1
466 336
0
1
467 33
0
0
0
0
1
468 330
0
1
469 292
0
1
470 34
0
0
0
0
0
0
0
1
471 335
0
1
472 169
0
0
1
473 118
0
0
1
474 180
1
475 74
0
0
1
476 146
1
477 27
1
478 54
0
0
0
1
479 103
0
1
480 77
0
1
481 237
0
0
1
482 237
0
0
0
0
1
483 137
0
0
0
1
484 266
0
0
0
0
1
485 36
0
1
486 151
0
1
487 233
0
0
0
0
0
0
1
488 311
0
0
0
0
0
1
489 92
0
1
490 271
0
0
1
491 334
1
492 296
0
0
0
0
0
0
0
0
0
1
493 306
0
0
1
494 308
0
0
0
1
495 328
1
496 110
1
497 146
0
0
1
498 314
1
499 206
0
0
0
1
500 5
0
0
1
501 348
0
0
0
0
1
502 21
1
503 15
0
1
504 207
0
1
505 131
0
1
506 344
1
507 154
1
508 363
0
1
509 223
0
1
510 177
0
0
0
1
511 274
1
512 254
1
513 262
0
0
0
0
1
514 49
1
515 139
1
516 323
0
0
1
517 194
0
1
518 102
0
0
1
519 32
1
520 247
0
0
0
1
521 203
1
522 183
0
0
1
523 129
1
524 81
0
0
0
0
0
0
1
525 263
0
1
526 23
0
0
0
0
0
0
0
0
1
527 337
1
528 152
0
0
1
529 250
1
530 299
0
0
1
531 71
1
532 216
1
533 50
0
0
0
1
534 295
1
535 192
1
536 22
0
0
0
0
1
537 78
1
538 308
0
0
0
1
539 169
0
1
540 139
0
0
0
0
0
1
541 60
0
0
1
542 107
0
0
0
0
0
0
1
543 352
1
544 162
0
0
0
0
0
1
545 188
1
546 121
1
547 82
0
0
0
0
1
548 223
0
0
0
1
549 166
0
0
1
550 324
1
551 250
0
0
0
0
1
552 343
0
0
1
553 73
0
1
554 180
1
555 39
0
0
1
556 185
1
557 238
0
0
0
0
0
0
1
558 304
0
1
559 109
0
1
560 17
0
0
0
1
561 271
0
0
0
1
562 37
1
563 309
1
564 166
0
0
0
0
0
1
565 269
0
1
566 277
1
567 58
0
1
568 139
0
1
569 323
0
0
0
0
1
570 332
1
571 237
0
0
0
0
0
1
572 181
0
0
0
1
573 242
1
574 81
1
575 214
0
0
1
576 23
1
577 95
1
578 240
0
0
0
0
0
1
579 194
1
580 350
0
1
581 270
0
0
0
1
582 294
0
1
583 293
1
584 70
0
1
585 217
0
0
0
0
1
586 8
1
587 153
1
588 136
0
0
0
1
589 233
1
590 260
0
0
0
1
591 248
0
0
0
0
0
0
0
1
592 360
0
1
593 202
0
0
0
0
0
0
0
0
0
0
0
0
0
0
0
0
1
594 192
1
595 17
0
0
1
596 248
0
0
1
597 283
0
0
1
598 84
0
0
0
1
599 9
0
0
1
600 10
0
1
601 303
0
1
602 35
0
1
603 173
0
0
0
1
604 34
0
0
0
0
0
1
605 152
0
1
606 280
0
0
0
0
0
0
0
0
0
0
0
1
607 67
1
608 256
1
609 172
0
0
0
1
610 308
0
0
0
1
611 10
1
612 179
0
0
0
0
0
0
0
0
0
1
613 342
0
0
0
1
614 95
1
615 309
0
0
0
0
0
0
1
616 269
1
617 46
1
618 76
0
1
619 239
1
620 276
1
621 360
0
0
1
622 140
0
1
623 143
1
624 145
1
625 230
0
0
0
1
626 350
1
627 181
1
628 218
1
629 64
1
630 271
0
0
0
1
631 20
1
632 56
1
633 10
1
634 99
0
0
1
635 55
1
636 307
1
637 11
0
0
0
1
638 272
0
1
639 47
0
1
640 7
0
0
0
0
0
0
0
1
641 126
0
0
1
642 216
1
643 43
0
0
0
0
1
644 287
1
645 106
0
1
646 15
0
0
1
647 339
0
0
0
0
0
0
0
0
0
0
0
0
0
0
1
648 51
1
649 235
0
1
650 361
1
651 54
0
0
1
652 83
0
1
653 199
0
1
654 143
1
655 205
1
656 21
0
1
657 18
0
0
0
0
0
1
658 335
0
1
659 101
1
660 194
1
661 197
1
662 77
0
1
663 113
0
1
664 119
0
0
0
0
1
665 139
0
0
0
0
1
666 62
1
667 135
0
0
1
668 100
1
669 152
0
1
670 88
1
671 78
1
672 220
1
673 189
0
0
0
1
674 244
0
0
1
675 244
0
0
1
676 278
1
677 228
0
0
0
0
1
678 110
1
679 51
1
680 152
0
0
0
0
0
0
1
681 279
1
682 212
0
0
0
0
0
0
0
1
683 19
1
684 169
0
1
685 20
0
0
0
0
0
0
1
686 98
0
0
0
0
1
687 112
1
688 209
1
689 242
1
690 195
1
691 234
1
692 183
0
1
693 20
0
1
694 71
0
1
695 365
0
0
0
0
0
1
696 125
1
697 176
0
0
1
698 327
0
0
0
1
699 215
0
0
1
700 27
1
701 215
0
0
1
702 186
1
703 70
0
0
0
0
1
704 333
0
0
0
0
0
0
0
0
0
0
0
1
705 152
1
706 284
0
0
1
707 176
1
708 352
0
0
0
0
0
1
709 243
0
0
0
0
1
710 215
0
0
0
1
711 133
1
712 5
1
713 116
0
1
714 352
0
1
715 238
0
0
1
716 102
1
717 5
1
718 248
1
719 247
1
720 32
0
0
0
1
721 167
0
0
0
1
722 298
0
0
1
723 347
1
724 235
0
1
725 260
0
1
726 365
0
0
0
1
727 298
0
0
0
0
1
728 294
1
729 105
0
1
730 152
1
731 116
1
732 135
1
733 40
0
1
734 13
1
735 311
1
736 219
0
1
737 122
0
1
738 314
0
0
0
0
1
739 6
1
740 190
1
741 237
0
0
0
1
742 4
1
743 348
0
1
744 151
1
745 17
1
746 67
1
747 22
1
748 2
1
749 73
1
750 23
1
751 65
0
0
1
752 77
0
0
0
1
753 99
0
0
0
0
0
0
0
0
1
754 291
0
1
755 69
1
756 276
0
0
1
757 26
1
758 186
0
0
0
1
759 318
0
1
760 327
1
761 146
0
1
762 59
0
1
763 6
0
0
1
764 51
0
0
1
765 13
0
0
0
1
766 129
1
767 16
0
0
1
768 195
1
769 86
0
1
770 347
0
1
771 151
1
772 288
1
773 338
0
1
774 152
1
775 278
0
0
1
776 320
1
777 295
1
778 301
1
779 248
1
780 327
1
781 286
0
0
0
1
782 249
0
0
1
783 313
1
784 185
0
1
785 153
1
786 7
1
787 35
0
1
788 144
0
0
0
0
0
0
1
789 278
1
790 125
1
791 101
1
792 338
1
793 151
1
794 179
1
795 174
1
796 335
1
797 344
0
1
798 308
1
799 102
1
800 51
0
1
801 232
1
802 79
0
1
803 268
0
0
0
0
0
0
0
1
804 230
0
1
805 216
1
806 146
0
0
0
1
807 11
1
808 264
1
809 246
0
0
0
0
0
1
810 209
0
0
0
1
811 24
0
0
0
1
812 216
0
0
0
1
813 55
0
1
814 79
0
1
815 306
1
816 335
0
1
817 163
1
818 264
0
1
819 319
1
820 167
0
1
821 275
0
1
822 270
1
823 313
1
824 96
1
825 32
1
826 20
0
0
0
1
827 205
0
1
828 229
1
829 227
1
830 160
0
1
831 115
1
832 234
1
833 44
0
1
834 357
1
835 128
1
836 301
0
0
0
0
0
0
1
837 312
0
0
0
0
1
838 307
0
0
1
839 275
1
840 240
0
1
841 36
0
0
0
1
842 254
0
0
1
843 190
1
844 292
0
1
845 298
1
846 129
0
0
1
847 195
1
848 233
1
849 253
1
850 252
1
851 204
0
1
852 38
1
853 277
0
0
0
1
854 232
0
1
855 13
1
856 6
1
857 195
1
858 139
0
1
859 73
0
1
860 237
1
861 243
0
1
862 277
0
0
0
0
1
863 25
0
1
864 353
1
865 282
1
866 233
1
867 129
0
0
1
868 102
1
869 14
0
0
1
870 293
0
0
1
871 150
1
872 140
0
1
873 310
0
0
1
874 274
0
1
875 118
0
1
876 95
1
877 155
0
1
878 157
0
0
0
1
879 69
0
0
1
880 138
1
881 93
1
882 309
0
0
1
883 186
0
0
1
884 55
0
0
0
1
885 337
0
1
886 54
1
887 74
1
888 54
0
0
0
0
0
0
0
0
1
889 350
1
890 285
1
891 215
1
892 133
0
0
0
1
893 73
0
0
0
0
1
894 25
1
895 33
0
1
896 307
1
897 283
0
1
898 149
1
899 163
1
900 248
1
901 102
1
902 267
1
903 294
0
1
904 22
0
1
905 219
1
906 43
0
0
1
907 39
1
908 178
1
909 325
0
0
0
0
0
1
910 125
1
911 146
0
0
0
0
0
0
1
912 315
0
1
913 233
1
914 241
0
0
0
0
0
0
1
915 234
1
916 204
0
1
917 257
0
0
0
1
918 265
0
0
0
0
0
1
919 120
1
920 194
1
921 215
0
1
922 101
1
923 50
0
1
924 40
1
925 110
1
926 84
1
927 178
0
0
1
928 353
1
929 99
1
930 175
0
0
0
1
931 267
1
932 161
1
933 60
1
934 10
0
0
1
935 352
0
1
936 234
0
0
1
937 360
0
1
938 314
0
0
0
0
0
0
0
1
939 259
1
940 222
0
1
941 37
1
942 167
0
0
1
943 32
0
1
944 287
0
1
945 360
1
946 158
1
947 293
0
1
948 62
0
0
0
1
949 302
1
950 6
0
0
0
0
1
951 92
0
0
1
952 275
0
0
0
1
953 95
1
954 238
0
0
0
1
955 304
0
1
956 132
1
957 102
0
0
1
958 266
0
1
959 126
0
0
0
1
960 82
0
0
0
0
0
1
961 112
1
962 312
1
963 208
0
1
964 314
0
0
1
965 18
0
0
0
1
966 235
1
967 51
1
968 328
1
969 321
0
0
0
1
970 147
1
971 144
0
0
0
1
972 279
1
973 66
1
974 103
0
0
1
975 235
1
976 174
0
0
0
1
977 91
1
978 73
0
1
979 163
1
980 76
1
981 223
1
982 205
1
983 282
0
1
984 292
1
985 319
0
1
986 5
0
1
987 134
1
988 146
0
0
0
0
1
989 233
1
990 95
0
1
991 213
0
0
1
992 272
0
1
993 97
1
994 17
1
995 299
1
996 274
0
1
997 155
0
0
1
998 88
1
999 278
0
1
1000 124
0
0
1
1001 70
1
1002 16
0
1
1003 202
0
0
0
1
1004 37
1
1005 110
0
0
0
0
0
1
1006 21
1
1007 37
0
1
1008 56
0
1
1009 155
0
0
0
0
1
1010 38
1
1011 41
1
1012 133
0
0
1
1013 169
1
1014 233
0
1
1015 31
0
1
1016 277
1
1017 216
0
1
1018 217
0
0
1
1019 89
0
1
1020 258
1
1021 94
1
1022 334
1
1023 17
0
0
0
0
0
0
1
1024 128
1
1025 121
1
1026 133
0
1
1027 6
0
1
1028 302
1
1029 148
1
1030 78
1
1031 6
1
1032 157
0
1
1033 235
1
1034 320
1
1035 3
1
1036 104
0
0
1
1037 95
0
1
1038 32
0
0
0
1
1039 202
0
0
1
1040 25
0
1
1041 27
0
1
1042 268
1
1043 190
0
0
1
1044 103
0
1
1045 53
0
1
1046 48
1
1047 12
1
1048 115
1
1049 273
1
1050 51
0
1
1051 196
1
1052 342
1
1053 95
0
0
1
1054 270
0
0
1
1055 165
1
1056 324
1
1057 308
0
0
1
1058 154
0
1
1059 317
0
1
1060 311
1
1061 90
0
0
1
1062 189
1
1063 10
0
1
1064 360
0
1
1065 359
1
1066 190
1
1067 42
1
1068 302
0
1
1069 310
1
1070 361
0
1
1071 170
1
1072 174
1
1073 70
1
1074 130
1
1075 213
1
1076 164
0
1
1077 332
1
1078 93
0
1
1079 100
1
1080 171
1
1081 274
0
0
1
1082 23
0
1
1083 216
0
0
0
0
0
1
1084 228
0
0
1
1085 110
0
1
1086 56
1
1087 240
0
0
1
1088 15
1
1089 113
1
1090 113
0
0
1
1091 265
0
1
1092 183
1
1093 275
1
1094 103
1
1095 150
0
0
0
1
1096 272
0
1
1097 11
0
1
1098 27
0
0
0
1
1099 251
1
1100 14
1
1101 315
1
1102 275
1
1103 259
1
1104 162
1
1105 174
1
1106 27
1
1107 78
1
1108 298
0
0
1
1109 253
1
1110 75
1
1111 259
0
1
1112 346
0
0
1
1113 151
0
0
1
1114 48
1
1115 295
1
1116 283
1
1117 191
0
0
0
1
1118 260
0
0
0
1
1119 172
0
0
0
1
1120 234
1
1121 211
1
1122 33
0
0
0
0
1
1123 157
0
0
1
1124 265
1
1125 11
0
1
1126 25
0
0
0
1
1127 274
0
0
1
1128 108
0
1
1129 201
1
1130 225
1
1131 32
1
1132 51
0
1
1133 110
0
1
1134 122
0
1
1135 286
1
1136 46
1
1137 60
1
1138 49
1
1139 300
0
0
1
1140 49
1
1141 3
1
1142 345
1
1143 289
1
1144 110
1
1145 262
1
1146 215
0
0
1
1147 340
0
1
1148 200
1
1149 257
1
1150 211
1
1151 23
0
0
1
1152 213
1
1153 133
0
1
1154 236
1
1155 263
1
1156 341
1
1157 181
1
1158 147
1
1159 51
1
1160 164
0
1
1161 218
0
1
1162 264
0
1
1163 195
1
1164 119
0
0
0
1
1165 193
1
1166 297
1
1167 174
1
1168 294
1
1169 249
1
1170 112
0
1
1171 16
0
0
0
0
0
1
1172 284
1
1173 50
1
1174 221
1
1175 237
0
1
1176 97
1
1177 223
1
1178 262
1
1179 75
1
1180 127
1
1181 144
0
1
1182 23
1
1183 313
1
1184 117
1
1185 196
0
0
1
1186 29
0
0
0
0
0
1
1187 348
1
1188 4
0
0
1
1189 3
0
1
1190 217
0
0
0
1
1191 174
0
1
1192 324
0
1
1193 127
1
1194 358
0
1
1195 168
1
1196 296
1
1197 99
1
1198 360
1
1199 163
1
1200 65
0
0
1
1201 343
1
1202 24
1
1203 72
0
0
0
0
1
1204 296
0
0
1
1205 364
0
1
1206 257
0
0
1
1207 23
0
0
1
1208 147
0
0
1
1209 325
0
0
0
0
1
1210 119
0
0
0
1
1211 88
0
0
0
0
0
0
1
1212 253
1
1213 87
1
1214 283
1
1215 34
0
1
1216 64
0
0
1
1217 50
1
1218 317
0
1
1219 37
0
1
1220 226
1
1221 174
1
1222 199
1
1223 68
0
1
1224 224
1
1225 55
1
1226 30
1
1227 73
1
1228 243
1
1229 235
0
1
1230 267
0
1
1231 38
1
1232 315
1
1233 93
0
1
1234 199
0
1
1235 161
1
1236 355
1
1237 316
0
1
1238 230
0
0
1
1239 221
1
1240 152
0
0
1
1241 25
1
1242 284
1
1243 336
0
0
1
1244 54
1
1245 48
1
1246 290
0
0
1
1247 291
0
0
0
1
1248 53
1
1249 165
1
1250 86
1
1251 184
1
1252 273
0
0
1
1253 36
1
1254 270
1
1255 141
0
0
1
1256 300
1
1257 296
1
1258 253
0
0
1
1259 268
0
1
1260 175
1
1261 330
0
0
0
0
1
1262 110
1
1263 198
1
1264 297
0
0
0
0
0
1
1265 91
1
1266 359
1
1267 105
0
1
1268 50
1
1269 152
0
1
1270 222
1
1271 199
0
1
1272 36
0
0
0
0
0
1
1273 227
1
1274 3
1
1275 280
1
1276 308
1
1277 141
1
1278 4
1
1279 102
1
1280 324
1
1281 116
1
1282 45
1
1283 270
1
1284 123
0
1
1285 224
0
1
1286 273
0
0
0
1
1287 319
1
1288 206
0
0
0
0
0
0
1
1289 166
1
1290 17
1
1291 47
0
0
0
1
1292 359
0
1
1293 165
1
1294 84
0
0
1
1295 261
1
1296 109
1
1297 324
1
1298 224
0
1
1299 256
0
0
0
0
1
1300 11
1
1301 37
1
1302 250
0
1
1303 122
0
1
1304 95
1
1305 36
1
1306 276
0
1
1307 91
0
1
1308 314
0
1
1309 179
1
1310 260
1
1311 50
1
1312 138
1
1313 113
1
1314 180
1
1315 220
1
1316 76
0
0
0
1
1317 205
1
1318 358
0
0
0
0
1
1319 361
0
1
1320 129
1
1321 347
0
1
1322 254
0
0
0
1
1323 325
1
1324 167
0
1
1325 340
0
1
1326 281
1
1327 149
1
1328 169
0
1
1329 296
0
1
1330 121
0
0
0
0
0
1
1331 228
1
1332 341
1
1333 29
0
0
0
1
1334 10
1
1335 306
1
1336 11
1
1337 17
0
0
1
1338 148
1
1339 173
1
1340 154
1
1341 32
0
0
0
1
1342 268
1
1343 198
1
1344 113
1
1345 218
0
1
1346 141
1
1347 134
1
1348 198
1
1349 342
1
1350 63
0
1
1351 347
0
0
1
1352 250
0
0
1
1353 145
0
1
1354 250
0
1
1355 68
1
1356 349
1
1357 72
1
1358 223
1
1359 246
1
1360 230
1
1361 114
0
1
1362 84
1
1363 44
1
1364 272
0
1
1365 307
1
1366 161
1
1367 345
0
1
1368 172
0
1
1369 86
0
1
1370 292
0
0
1
1371 43
0
0
1
1372 302
1
1373 216
0
1
1374 293
1
1375 309
0
0
0
0
0
0
1
1376 352
0
1
1377 236
1
1378 359
0
1
1379 281
0
1
1380 262
1
1381 50
0
0
1
1382 132
1
1383 7
0
0
1
1384 71
0
1
1385 150
0
1
1386 22
0
1
1387 44
0
0
0
0
0
1
1388 155
1
1389 75
0
1
1390 61
1
1391 155
1
1392 324
1
1393 122
1
1394 233
1
1395 329
0
0
0
1
1396 44
1
1397 201
0
0
1
1398 53
1
1399 153
0
1
1400 92
1
1401 26
1
1402 216
0
1
1403 315
0
1
1404 261
1
1405 229
1
1406 268
1
1407 95
1
1408 6
0
1
1409 213
0
1
1410 204
0
0
0
1
1411 364
1
1412 133
1
1413 324
1
1414 352
1
1415 43
1
1416 77
1
1417 23
0
1
1418 210
1
1419 338
1
1420 293
0
0
0
0
0
0
1
1421 260
0
1
1422 58
1
1423 80
1
1424 248
0
1
1425 84
1
1426 87
1
1427 320
1
1428 18
1
1429 351
0
0
0
0
1
1430 10
1
1431 37
1
1432 202
1
1433 9
0
0
0
1
1434 291
1
1435 204
1
1436 42
1
1437 291
1
1438 262
0
1
1439 176
1
1440 233
0
0
1
1441 320
1
1442 16
1
1443 323
1
1444 178
1
1445 299
1
1446 134
0
0
0
1
1447 316
1
1448 204
1
1449 73
1
1450 11
1
1451 88
0
0
1
1452 95
1
1453 344
1
1454 318
0
1
1455 173
0
0
1
1456 208
1
1457 27
1
1458 17
1
1459 98
0
1
1460 39
1
1461 246
1
1462 116
0
1
1463 62
0
0
1
1464 106
1
1465 31
0
1
1466 27
0
1
1467 43
0
0
1
1468 278
0
0
1
1469 102
1
1470 119
1
1471 76
0
0
0
1
1472 216
1
1473 221
1
1474 244
1
1475 231
1
1476 315
0
1
1477 2
0
1
1478 134
0
0
1
1479 160
1
1480 125
0
1
1481 213
1
1482 99
1
1483 278
0
1
1484 297
1
1485 183
0
1
1486 149
0
0
0
0
1
1487 219
1
1488 225
0
1
1489 69
0
1
1490 79
0
0
1
1491 238
1
1492 204
0
0
1
1493 8
1
1494 303
1
1495 193
0
0
1
1496 76
1
1497 69
1
1498 361
1
1499 305
1
1500 149
0
1
1501 71
0
0
1
1502 130
1
1503 305
1
1504 270
1
1505 164
1
1506 37
1
1507 313
0
0
1
1508 166
1
1509 253
1
1510 243
1
1511 81
0
1
1512 359
1
1513 104
0
0
1
1514 317
1
1515 56
0
1
1516 324
1
1517 319
0
0
0
1
1518 270
1
1519 216
0
1
1520 3
1
1521 364
0
1
1522 70
0
1
1523 210
1
1524 290
1
1525 209
1
1526 179
0
0
1
1527 85
1
1528 274
1
1529 223
0
1
1530 314
0
0
1
1531 265
1
1532 135
1
1533 99
1
1534 243
1
1535 124
1
1536 164
1
1537 134
1
1538 234
1
1539 32
1
1540 19
1
1541 267
0
0
1
1542 225
1
1543 119
0
0
1
1544 299
1
1545 298
0
1
1546 157
0
1
1547 222
1
1548 157
1
1549 351
0
1
1550 252
1
1551 272
0
0
0
1
1552 61
1
1553 221
0
1
1554 149
1
1555 205
1
1556 154
0
1
1557 309
1
1558 86
0
1
1559 276
0
1
1560 210
0
0
0
1
1561 111
1
1562 61
1
1563 128
1
1564 131
1
1565 91
1
1566 347
1
1567 64
1
1568 118
1
1569 333
1
1570 210
1
1571 337
1
1572 216
1
1573 323
1
1574 300
0
0
1
1575 21
1
1576 281
1
1577 270
0
0
1
1578 18
1
1579 310
1
1580 304
1
1581 3
1
1582 103
1
1583 133
1
1584 199
0
0
1
1585 294
0
1
1586 84
1
1587 260
0
0
0
1
1588 216
1
1589 95
0
1
1590 15
1
1591 293
0
1
1592 70
0
1
1593 214
0
1
1594 20
0
1
1595 110
0
0
1
1596 251
1
1597 205
1
1598 42
1
1599 204
1
1600 12
1
1601 181
1
1602 319
1
1603 311
1
1604 288
1
1605 100
1
1606 133
0
1
1607 83
1
1608 310
0
1
1609 123
0
1
1610 78
1
1611 143
0
1
1612 325
1
1613 363
1
1614 71
1
1615 201
1
1616 88
1
1617 18
1
1618 19
1
1619 84
1
1620 306
1
1621 101
1
1622 251
1
1623 284
1
1624 232
0
1
1625 344
1
1626 238
0
0
1
1627 54
1
1628 276
1
1629 291
1
1630 248
0
1
1631 173
0
1
1632 198
1
1633 40
1
1634 206
1
1635 246
0
1
1636 118
1
1637 128
1
1638 270
1
1639 331
1
1640 277
1
1641 114
0
1
1642 119
0
1
1643 177
1
1644 305
1
1645 21
1
1646 272
0
0
1
1647 316
1
1648 222
0
0
0
1
1649 328
0
1
1650 355
1
1651 269
1
1652 131
0
1
1653 67
1
1654 161
1
1655 153
1
1656 147
1
1657 198
1
1658 196
1
1659 254
1
1660 165
0
1
1661 33
0
1
1662 266
1
1663 258
1
1664 199
1
1665 214
1
1666 88
0
0
1
1667 232
0
1
1668 307
1
1669 78
1
1670 153
0
1
1671 27
0
1
1672 356
0
1
1673 74
1
1674 198
0
0
0
1
1675 227
0
1
1676 352
0
1
1677 49
0
1
1678 226
0
1
1679 276
1
1680 314
1
1681 126
0
1
1682 285
1
1683 282
0
1
1684 193
1
1685 133
1
1686 232
1
1687 314
0
1
1688 320
0
0
0
0
1
1689 88
1
1690 314
1
1691 310
1
1692 304
1
1693 22
1
1694 346
1
1695 116
1
1696 207
1
1697 119
0
1
1698 280
1
1699 120
1
1700 333
1
1701 50
1
1702 162
1
1703 246
1
1704 263
0
1
1705 364
1
1706 252
0
1
1707 56
1
1708 195
1
1709 138
1
1710 248
1
1711 251
0
1
1712 323
1
1713 277
0
0
0
1
1714 128
0
1
1715 112
0
1
1716 199
1
1717 50
0
0
1
1718 203
1
1719 30
1
1720 297
1
1721 23
1
1722 61
0
0
0
1
1723 103
1
1724 234
0
0
0
1
1725 310
0
0
1
1726 30
0
0
1
1727 135
0
1
1728 6
1
1729 16
1
1730 281
0
1
1731 254
1
1732 114
1
1733 109
0
0
1
1734 324
1
1735 252
0
1
1736 120
1
1737 99
1
1738 164
1
1739 111
0
1
1740 55
0
1
1741 95
1
1742 174
1
1743 200
1
1744 54
1
1745 358
0
0
0
0
1
1746 44
1
1747 237
1
1748 263
1
1749 311
1
1750 207
1
1751 91
0
0
1
1752 234
1
1753 261
1
1754 348
1
1755 353
0
1
1756 135
1
1757 341
1
1758 48
1
1759 101
0
1
1760 291
1
1761 151
0
0
1
1762 302
1
1763 203
1
1764 55
0
1
1765 167
0
0
0
1
1766 14
0
0
1
1767 61
1
1768 23
1
1769 8
0
1
1770 38
1
1771 153
1
1772 207
0
1
1773 295
1
1774 233
1
1775 39
1
1776 287
1
1777 43
1
1778 114
1
1779 199
1
1780 121
1
1781 344
0
0
1
1782 155
1
1783 154
1
1784 109
0
1
1785 200
1
1786 253
0
1
1787 334
1
1788 320
1
1789 318
1
1790 335
0
1
1791 225
1
1792 220
1
1793 32
1
1794 25
0
0
0
0
1
1795 25
1
1796 17
1
1797 245
1
1798 116
1
1799 119
1
1800 290
1
1801 21
1
1802 233
0
1
1803 324
0
0
0
1
1804 287
1
1805 58
1
1806 38
1
1807 286
0
0
1
1808 147
1
1809 354
1
1810 262
1
1811 75
1
1812 232
1
1813 177
0
0
1
1814 241
0
1
1815 104
0
0
1
1816 50
1
1817 97
1
1818 91
1
1819 358
1
1820 15
1
1821 325
0
1
1822 264
1
1823 216
1
1824 264
1
1825 360
1
1826 48
1
1827 95
0
1
1828 15
1
1829 316
1
1830 92
0
0
1
1831 151
1
1832 314
1
1833 43
0
1
1834 125
1
1835 70
1
1836 360
0
1
1837 128
1
1838 244
1
1839 135
1
1840 67
1
1841 269
0
1
1842 119
0
0
1
1843 242
0
0
1
1844 199
0
1
1845 323
1
1846 153
0
1
1847 246
0
1
1848 48
0
1
1849 249
0
1
1850 314
0
1
1851 55
1
1852 163
1
1853 103
1
1854 19
0
0
1
1855 257
0
1
1856 193
0
1
1857 20
0
1
1858 337
0
1
1859 215
0
1
1860 315
0
1
1861 320
1
1862 213
1
1863 349
1
1864 185
1
1865 81
1
1866 97
1
1867 249
1
1868 49
0
1
1869 160
0
1
1870 213
1
1871 125
0
0
1
1872 119
1
1873 273
0
1
1874 10
0
1
1875 55
0
0
1
1876 151
1
1877 215
1
1878 323
1
1879 114
0
1
1880 306
0
1
1881 358
1
1882 40
1
1883 165
1
1884 113
1
1885 308
1
1886 322
0
1
1887 17
1
1888 316
1
1889 360
1
1890 114
0
1
1891 298
0
0
0
1
1892 149
0
0
1
1893 319
1
1894 280
1
1895 263
1
1896 68
1
1897 235
0
1
1898 170
1
1899 114
1
1900 333
1
1901 79
1
1902 255
0
0
0
0
0
1
1903 235
1
1904 86
1
1905 354
0
0
1
1906 152
1
1907 272
0
1
1908 87
1
1909 260
0
0
1
1910 345
0
1
1911 4
0
1
1912 6
0
0
0
1
1913 65
1
1914 240
1
1915 50
1
1916 194
1
1917 163
1
1918 205
1
1919 124
0
1
1920 303
0
0
1
1921 155
1
1922 267
1
1923 302
1
1924 332
1
1925 177
1
1926 82
0
1
1927 126
1
1928 70
0
1
1929 358
1
1930 176
1
1931 62
1
1932 14
1
1933 20
1
1934 204
0
1
1935 193
1
1936 287
1
1937 213
1
1938 61
1
1939 230
1
1940 158
1
1941 103
1
1942 123
0
0
1
1943 347
1
1944 272
1
1945 67
0
0
0
1
1946 246
1
1947 13
1
1948 338
1
1949 148
0
1
1950 341
1
1951 191
0
1
1952 252
0
1
1953 287
1
1954 177
1
1955 302
1
1956 25
0
1
1957 213
0
1
1958 132
1
1959 181
1
1960 270
1
1961 227
1
1962 107
0
1
1963 185
0
1
1964 295
1
1965 353
1
1966 276
0
1
1967 168
1
1968 137
1
1969 156
1
1970 44
1
1971 80
0
1
1972 128
1
1973 211
1
1974 227
1
1975 130
0
1
1976 25
0
1
1977 168
1
1978 216
0
1
1979 299
1
1980 265
0
1
1981 196
1
1982 169
0
1
1983 51
1
1984 295
1
1985 151
1
1986 326
1
1987 288
0
1
1988 237
0
1
1989 349
1
1990 3
1
1991 205
0
1
1992 124
0
1
1993 25
1
1994 9
1
1995 77
1
1996 184
0
1
1997 192
0
1
1998 70
0
1
1999 151
0
1
2000 146
1
2001 33
1
2002 155
1
2003 192
1
2004 32
1
2005 166
0
0
0
1
2006 89
0
1
2007 87
1
2008 25
1
2009 253
1
2010 50
0
1
2011 151
1
2012 7
1
2013 63
0
1
2014 63
0
1
2015 123
1
2016 200
1
2017 354
1
2018 175
0
0
1
2019 142
1
2020 89
1
2021 20
1
2022 56
1
2023 21
1
2024 76
0
0
0
0
0
1
2025 157
1
2026 175
1
2027 342
1
2028 354
1
2029 93
1
2030 26
1
2031 231
0
1
2032 342
0
0
0
1
2033 272
0
1
2034 298
0
1
2035 103
1
2036 320
1
2037 281
1
2038 352
1
2039 178
1
2040 165
1
2041 103
1
2042 168
1
2043 21
1
2044 162
0
1
2045 148
1
2046 29
1
2047 45
0
1
2048 360
0
1
2049 215
1
2050 60
0
1
2051 352
1
2052 110
1
2053 24
1
2054 316
1
2055 236
0
0
1
2056 231
1
2057 262
1
2058 14
0
0
1
2059 199
1
2060 218
0
1
2061 73
0
1
2062 119
1
2063 66
1
2064 3
1
2065 196
1
2066 189
1
2067 82
1
2068 153
1
2069 282
1
2070 8
1
2071 224
1
2072 354
1
2073 180
0
0
0
1
2074 167
1
2075 10
1
2076 7
1
2077 155
1
2078 237
1
2079 342
1
2080 194
1
2081 109
1
2082 154
1
2083 182
1
2084 94
1
2085 50
1
2086 94
1
2087 249
1
2088 190
0
1
2089 186
1
2090 29
0
1
2091 125
1
2092 252
1
2093 17
0
1
2094 134
0
1
2095 36
1
2096 241
1
2097 58
1
2098 24
0
1
2099 205
0
1
2100 277
0
1
2101 250
1
2102 10
1
2103 267
1
2104 270
1
2105 169
0
1
2106 8
1
2107 55
1
2108 51
1
2109 329
1
2110 208
0
1
2111 209
0
1
2112 37
1
2113 216
1
2114 139
1
2115 162
1
2116 278
1
2117 56
0
1
2118 256
0
1
2119 264
1
2120 294
0
0
0
1
2121 233
0
1
2122 290
1
2123 70
0
1
2124 282
1
2125 215
1
2126 327
1
2127 250
1
2128 143
1
2129 201
1
2130 286
0
1
2131 43
1
2132 108
1
2133 308
1
2134 268
1
2135 134
0
1
2136 244
0
1
2137 122
0
0
1
2138 30
0
1
2139 132
1
2140 260
1
2141 106
1
2142 229
1
2143 194
0
1
2144 284
1
2145 304
1
2146 89
0
0
1
2147 114
1
2148 275
1
2149 347
1
2150 79
1
2151 244
1
2152 208
0
1
2153 231
0
0
0
1
2154 97
0
0
1
2155 69
0
1
2156 110
1
2157 49
1
2158 60
1
2159 36
0
1
2160 258
1
2161 206
1
2162 165
1
2163 44
1
2164 67
1
2165 306
1
2166 291
1
2167 135
0
0
0
1
2168 257
1
2169 217
0
1
2170 257
1
2171 167
0
0
1
2172 252
1
2173 325
1
2174 154
0
0
1
2175 193
1
2176 102
0
0
1
2177 278
1
2178 201
0
1
2179 158
1
2180 37
1
2181 300
1
2182 62
1
2183 350
0
0
1
2184 165
0
0
1
2185 164
1
2186 9
0
1
2187 149
1
2188 237
1
2189 235
1
2190 216
0
1
2191 253
0
0
1
2192 268
1
2193 164
0
0
1
2194 236
1
2195 55
1
2196 129
1
2197 310
0
1
2198 297
1
2199 299
0
1
2200 274
1
2201 225
1
2202 15
1
2203 184
1
2204 4
0
1
2205 266
0
1
2206 95
1
2207 86
0
1
2208 30
1
2209 327
0
0
1
2210 153
0
0
1
2211 29
1
2212 85
1
2213 278
0
1
2214 40
1
2215 305
1
2216 41
1
2217 286
1
2218 24
1
2219 31
0
0
1
2220 142
1
2221 360
1
2222 212
0
1
2223 167
0
1
2224 226
1
2225 292
0
1
2226 164
0
0
0
1
2227 324
1
2228 132
1
2229 183
1
2230 97
0
1
2231 268
0
1
2232 181
1
2233 44
0
1
2234 278
0
1
2235 208
1
2236 94
1
2237 88
0
1
2238 125
0
0
0
0
0
1
2239 15
0
0
1
2240 148
1
2241 4
0
0
0
1
2242 184
1
2243 100
1
2244 85
0
0
0
0
1
2245 52
1
2246 258
1
2247 220
1
2248 328
1
2249 342
1
2250 294
1
2251 146
1
2252 10
1
2253 223
1
2254 315
1
2255 347
1
2256 197
1
2257 188
1
2258 84
0
1
2259 252
1
2260 310
0
1
2261 145
1
2262 144
1
2263 27
1
2264 212
0
0
1
2265 345
1
2266 7
0
0
1
2267 334
1
2268 310
1
2269 158
0
1
2270 265
0
0
1
2271 29
1
2272 110
1
2273 357
0
1
2274 225
1
2275 281
1
2276 277
1
2277 318
1
2278 109
1
2279 155
1
2280 45
1
2281 101
1
2282 96
1
2283 199
1
2284 98
1
2285 138
0
1
2286 353
1
2287 129
0
1
2288 214
1
2289 62
0
1
2290 348
1
2291 18
1
2292 121
0
0
0
1
2293 277
0
1
2294 155
0
1
2295 49
1
2296 139
1
2297 63
1
2298 77
1
2299 354
1
2300 174
1
2301 168
1
2302 297
1
2303 2
0
0
0
1
2304 161
0
0
0
0
1
2305 216
1
2306 322
1
2307 64
0
0
0
1
2308 161
1
2309 283
1
2310 71
1
2311 363
1
2312 9
1
2313 84
1
2314 11
1
2315 72
1
2316 145
1
2317 90
1
2318 308
1
2319 115
0
1
2320 299
1
2321 200
1
2322 346
0
0
0
0
1
2323 213
1
2324 144
1
2325 354
1
2326 176
1
2327 259
1
2328 74
1
2329 160
1
2330 347
1
2331 339
1
2332 217
0
1
2333 220
1
2334 34
1
2335 130
0
1
2336 84
1
2337 18
1
2338 44
1
2339 277
1
2340 311
0
0
0
1
2341 213
0
1
2342 334
1
2343 104
0
0
0
1
2344 112
0
1
2345 285
1
2346 220
0
1
2347 69
0
1
2348 209
1
2349 278
1
2350 66
1
2351 42
1
2352 98
1
2353 163
1
2354 132
0
1
2355 295
1
2356 250
1
2357 32
0
1
2358 131
1
2359 265
1
2360 25
1
2361 53
1
2362 122
1
2363 271
1
2364 202
0
1
2365 171
0
1
2366 164
1
2367 219
1
2368 343
1
2369 183
1
2370 152
1
2371 319
1
2372 195
1
2373 220
1
2374 133
1
2375 124
1
2376 294
1
2377 48
1
2378 37
1
2379 274
1
2380 73
0
1
2381 262
1
2382 51
0
1
2383 342
1
2384 298
1
2385 159
1
2386 259
1
2387 18
0
1
2388 8
1
2389 265
1
2390 207
1
2391 300
1
2392 365
1
2393 31
1
2394 35
1
2395 338
1
2396 227
1
2397 284
1
2398 39
1
2399 103
1
2400 227
0
1
2401 19
0
1
2402 229
1
2403 181
1
2404 271
1
2405 256
1
2406 155
1
2407 101
1
2408 166
1
2409 295
0
1
2410 25
1
2411 193
1
2412 237
0
1
2413 285
1
2414 304
0
0
1
2415 113
1
2416 74
1
2417 47
1
2418 160
1
2419 360
1
2420 166
1
2421 157
1
2422 354
1
2423 101
1
2424 109
1
2425 12
1
2426 44
1
2427 331
1
2428 14
1
2429 57
0
0
0
1
2430 207
1
2431 91
1
2432 18
0
1
2433 248
1
2434 242
0
1
2435 24
0
1
2436 103
1
2437 329
1
2438 200
0
1
2439 250
0
1
2440 199
1
2441 276
0
1
2442 156
1
2443 20
1
2444 363
1
2445 343
1
2446 319
1
2447 145
1
2448 258
1
2449 214
1
2450 233
0
1
2451 111
1
2452 156
1
2453 173
1
2454 101
1
2455 280
0
1
2456 113
1
2457 262
1
2458 278
1
2459 180
1
2460 190
1
2461 217
1
2462 84
0
1
2463 275
1
2464 60
1
2465 243
1
2466 248
1
2467 69
1
2468 328
1
2469 36
0
1
2470 2
1
2471 163
1
2472 356
0
0
1
2473 37
1
2474 189
0
1
2475 181
1
2476 189
0
1
2477 73
0
1
2478 66
1
2479 278
1
2480 178
1
2481 260
0
1
2482 311
1
2483 332
1
2484 269
1
2485 246
1
2486 115
1
2487 151
1
2488 50
1
2489 39
0
1
2490 81
1
2491 252
1
2492 363
0
1
2493 347
0
1
2494 90
1
2495 304
1
2496 121
0
0
1
2497 190
1
2498 167
0
1
2499 313
1
2500 106
0
1
2501 155
1
2502 107
1
2503 176
0
1
2504 121
1
2505 160
1
2506 276
0
1
2507 314
0
1
2508 188
1
2509 276
1
2510 97
1
2511 313
0
1
2512 182
1
2513 98
0
0
1
2514 18
1
2515 56
1
2516 18
1
2517 170
1
2518 84
1
2519 51
1
2520 141
1
2521 313
1
2522 296
1
2523 230
1
2524 365
1
2525 20
0
0
1
2526 109
1
2527 69
1
2528 233
0
1
2529 224
1
2530 169
0
1
2531 93
1
2532 57
1
2533 316
1
2534 178
1
2535 130
1
2536 139
0
1
2537 71
1
2538 314
1
2539 160
1
2540 214
1
2541 267
1
2542 208
1
2543 193
1
2544 310
1
2545 44
1
2546 99
0
1
2547 319
1
2548 296
1
2549 164
1
2550 76
1
2551 4
1
2552 346
1
2553 229
1
2554 233
1
2555 341
1
2556 252
1
2557 151
1
2558 60
1
2559 162
0
1
2560 198
1
2561 261
1
2562 270
0
1
2563 47
0
1
2564 324
0
1
2565 116
1
2566 342
0
1
2567 35
1
2568 266
1
2569 115
0
1
2570 119
1
2571 128
1
2572 125
1
2573 154
0
1
2574 176
1
2575 188
1
2576 25
1
2577 324
1
2578 276
1
2579 47
0
0
1
2580 182
1
2581 70
0
1
2582 334
0
1
2583 321
0
1
2584 334
1
2585 85
0
1
2586 244
1
2587 155
0
1
2588 76
1
2589 347
1
2590 247
1
2591 346
1
2592 134
1
2593 320
1
2594 319
1
2595 50
1
2596 183
1
2597 121
1
2598 343
1
2599 128
0
0
1
2600 329
1
2601 232
1
2602 292
1
2603 324
0
0
0
1
2604 225
1
2605 226
1
2606 117
1
2607 114
1
2608 178
1
2609 350
1
2610 123
1
2611 78
1
2612 206
1
2613 116
1
2614 59
1
2615 359
0
1
2616 9
1
2617 255
1
2618 132
1
2619 139
0
0
1
2620 149
0
1
2621 148
1
2622 119
1
2623 81
0
1
2624 241
1
2625 87
1
2626 10
1
2627 68
1
2628 87
0
1
2629 258
1
2630 55
1
2631 353
1
2632 151
0
1
2633 4
1
2634 199
1
2635 174
1
2636 189
0
1
2637 230
0
1
2638 82
1
2639 87
1
2640 2
0
1
2641 24
1
2642 65
1
2643 209
1
2644 295
1
2645 16
1
2646 277
1
2647 45
1
2648 194
1
2649 124
0
1
2650 95
1
2651 340
1
2652 202
1
2653 315
1
2654 78
1
2655 363
1
2656 321
1
2657 102
1
2658 237
1
2659 28
0
0
1
2660 357
1
2661 88
1
2662 155
0
0
0
0
1
2663 140
1
2664 304
1
2665 47
1
2666 303
1
2667 55
1
2668 254
1
2669 195
0
0
0
1
2670 326
1
2671 64
1
2672 33
1
2673 349
1
2674 183
1
2675 164
1
2676 183
1
2677 351
0
1
2678 293
0
1
2679 97
0
1
2680 192
1
2681 343
1
2682 238
1
2683 193
1
2684 168
1
2685 300
1
2686 25
1
2687 137
1
2688 99
1
2689 342
1
2690 118
1
2691 154
1
2692 26
0
1
2693 118
0
1
2694 331
1
2695 332
1
2696 54
1
2697 149
1
2698 335
0
1
2699 169
1
2700 240
0
1
2701 152
0
1
2702 229
1
2703 202
0
1
2704 251
0
1
2705 205
1
2706 308
1
2707 352
1
2708 85
1
2709 113
1
2710 295
0
1
2711 213
1
2712 312
1
2713 152
1
2714 310
1
2715 50
1
2716 356
1
2717 237
1
2718 110
1
2719 137
1
2720 129
0
0
1
2721 26
0
0
0
1
2722 44
1
2723 132
1
2724 220
1
2725 153
1
2726 314
1
2727 53
1
2728 313
1
2729 75
1
2730 314
1
2731 112
1
2732 250
1
2733 52
1
2734 317
1
2735 85
1
2736 295
1
2737 291
1
2738 166
0
1
2739 358
1
2740 153
1
2741 49
1
2742 286
1
2743 31
1
2744 208
0
1
2745 85
1
2746 146
1
2747 301
0
1
2748 308
0
1
2749 140
0
1
2750 48
1
2751 274
1
2752 139
1
2753 272
0
1
2754 75
1
2755 208
1
2756 69
0
1
2757 107
1
2758 116
1
2759 234
1
2760 174
1
2761 313
1
2762 53
0
1
2763 165
1
2764 85
1
2765 61
1
2766 75
1
2767 54
1
2768 21
1
2769 248
1
2770 128
1
2771 265
1
2772 270
1
2773 325
1
2774 238
1
2775 89
1
2776 23
1
2777 22
1
2778 131
0
0
0
1
2779 187
0
1
2780 153
1
2781 154
0
1
2782 55
1
2783 360
1
2784 267
0
1
2785 339
1
2786 25
1
2787 231
1
2788 247
1
2789 29
0
0
1
2790 315
0
1
2791 259
1
2792 132
0
1
2793 295
1
2794 148
1
2795 222
1
2796 239
1
2797 112
1
2798 294
1
2799 11
1
2800 194
0
1
2801 155
0
1
2802 146
1
2803 289
0
1
2804 253
1
2805 363
1
2806 320
1
2807 278
1
2808 198
1
2809 285
1
2810 319
1
2811 223
1
2812 69
1
2813 113
1
2814 16
1
2815 363
1
2816 32
1
2817 287
1
2818 96
1
2819 23
0
1
2820 148
1
2821 331
0
1
2822 223
1
2823 194
1
2824 257
1
2825 254
1
2826 364
0
0
1
2827 363
1
2828 198
1
2829 174
1
2830 97
1
2831 168
0
1
2832 89
1
2833 158
0
1
2834 110
1
2835 78
1
2836 14
1
2837 126
1
2838 276
1
2839 51
1
2840 295
1
2841 281
1
2842 35
1
2843 144
0
1
2844 15
1
2845 163
1
2846 308
0
0
0
1
2847 89
0
1
2848 20
1
2849 316
1
2850 291
1
2851 216
0
1
2852 301
1
2853 102
1
2854 99
1
2855 249
0
1
2856 310
1
2857 216
1
2858 289
1
2859 270
1
2860 136
1
2861 154
1
2862 362
1
2863 48
1
2864 86
1
2865 289
0
1
2866 333
1
2867 260
1
2868 69
1
2869 232
1
2870 101
1
2871 3
0
1
2872 153
0
1
2873 181
1
2874 94
1
2875 85
1
2876 296
0
1
2877 21
1
2878 140
1
2879 162
1
2880 174
1
2881 308
0
0
1
2882 151
1
2883 283
1
2884 248
1
2885 146
0
1
2886 287
1
2887 9
1
2888 86
1
2889 323
1
2890 270
1
2891 45
1
2892 347
1
2893 94
1
2894 328
0
1
2895 80
1
2896 176
0
0
1
2897 25
1
2898 141
1
2899 119
1
2900 321
1
2901 35
1
2902 243
1
2903 70
1
2904 254
0
1
2905 128
1
2906 244
1
2907 74
1
2908 304
1
2909 95
1
2910 38
1
2911 85
1
2912 156
0
1
2913 42
1
2914 48
0
1
2915 64
1
2916 2
1
2917 175
1
2918 324
1
2919 27
1
2920 72
1
2921 323
0
1
2922 204
1
2923 347
1
2924 347
1
2925 92
1
2926 157
1
2927 333
1
2928 327
0
1
2929 76
1
2930 26
1
2931 110
1
2932 218
1
2933 9
1
2934 155
1
2935 18
1
2936 218
1
2937 306
1
2938 25
1
2939 202
1
2940 15
0
0
0
1
2941 297
1
2942 44
1
2943 270
1
2944 215
1
2945 337
1
2946 315
1
2947 21
1
2948 276
1
2949 142
1
2950 345
1
2951 101
0
1
2952 185
1
2953 102
1
2954 49
1
2955 205
1
2956 54
1
2957 162
1
2958 262
1
2959 345
0
1
2960 244
1
2961 85
1
2962 155
1
2963 72
1
2964 235
0
1
2965 154
1
2966 88
1
2967 271
0
1
2968 192
1
2969 182
1
2970 304
1
2971 146
1
2972 67
1
2973 185
1
2974 190
1
2975 9
1
2976 65
1
2977 359
1
2978 37
1
2979 347
1
2980 45
1
2981 217
1
2982 119
1
2983 73
1
2984 183
1
2985 316
1
2986 85
1
2987 29
1
2988 120
1
2989 151
1
2990 60
1
2991 230
1
2992 276
0
1
2993 351
1
2994 264
1
2995 60
1
2996 195
1
2997 255
0
1
2998 196
1
2999 225
0
1
3000 327
1
3001 71
1
3002 6
1
3003 300
1
3004 63
1
3005 80
1
3006 364
1
3007 202
1
3008 162
0
1
3009 180
1
3010 149
1
3011 44
1
3012 3
0
1
3013 28
1
3014 90
1
3015 233
1
3016 60
0
1
3017 293
1
3018 150
1
3019 185
1
3020 352
1
3021 326
1
3022 57
1
3023 182
1
3024 97
1
3025 263
0
1
3026 277
1
3027 349
1
3028 261
1
3029 343
1
3030 248
0
1
3031 308
1
3032 98
1
3033 319
1
3034 60
1
3035 25
0
1
3036 89
1
3037 177
1
3038 258
1
3039 287
1
3040 261
1
3041 52
1
3042 148
1
3043 50
1
3044 252
1
3045 218
0
1
3046 194
1
3047 132
1
3048 4
1
3049 223
0
1
3050 347
1
3051 282
1
3052 347
1
3053 250
1
3054 95
1
3055 158
0
0
1
3056 238
1
3057 252
1
3058 109
1
3059 20
1
3060 196
1
3061 53
0
1
3062 233
1
3063 311
1
3064 314
1
3065 299
1
3066 304
1
3067 68
1
3068 306
1
3069 25
0
1
3070 323
1
3071 282
0
1
3072 262
1
3073 36
1
3074 314
1
3075 224
1
3076 10
1
3077 278
1
3078 148
0
1
3079 241
1
3080 4
1
3081 271
1
3082 104
1
3083 350
0
1
3084 12
1
3085 250
1
3086 110
0
1
3087 305
1
3088 331
1
3089 45
1
3090 278
1
3091 39
1
3092 152
1
3093 37
0
1
3094 85
1
3095 55
1
3096 95
0
1
3097 84
1
3098 216
0
1
3099 237
1
3100 310
1
3101 116
1
3102 18
1
3103 228
1
3104 82
1
3105 131
1
3106 336
1
3107 216
1
3108 215
0
1
3109 73
1
3110 216
0
0
0
1
3111 121
1
3112 50
1
3113 324
1
3114 159
1
3115 96
0
1
3116 122
1
3117 150
1
3118 30
1
3119 215
1
3120 86
1
3121 26
1
3122 14
1
3123 333
1
3124 152
1
3125 73
1
3126 43
1
3127 55
1
3128 103
1
3129 23
1
3130 285
0
1
3131 326
1
3132 84
1
3133 308
1
3134 269
1
3135 206
1
3136 68
1
3137 343
1
3138 280
1
3139 159
0
1
3140 140
1
3141 205
1
3142 111
0
1
3143 154
1
3144 146
1
3145 252
1
3146 103
1
3147 347
1
3148 332
1
3149 74
1
3150 25
1
3151 199
1
3152 189
1
3153 334
1
3154 359
1
3155 127
1
3156 204
1
3157 276
1
3158 67
1
3159 226
1
3160 82
1
3161 205
1
3162 15
1
3163 291
1
3164 333
1
3165 25
1
3166 18
1
3167 199
1
3168 223
1
3169 61
1
3170 218
1
3171 152
1
3172 205
1
3173 143
1
3174 351
1
3175 264
1
3176 65
1
3177 221
1
3178 2
1
3179 50
1
3180 57
1
3181 213
0
1
3182 72
0
1
3183 293
1
3184 280
1
3185 324
1
3186 330
1
3187 77
1
3188 344
1
3189 329
1
3190 48
1
3191 87
1
3192 320
1
3193 315
1
3194 218
1
3195 33
1
3196 2
1
3197 354
1
3198 126
1
3199 67
1
3200 71
1
3201 189
1
3202 79
1
3203 154
1
3204 269
1
3205 124
1
3206 363
1
3207 186
1
3208 169
1
3209 63
1
3210 296
1
3211 4
1
3212 195
1
3213 127
1
3214 153
1
3215 100
1
3216 352
1
3217 103
1
3218 103
1
3219 61
1
3220 279
1
3221 68
1
3222 75
0
1
3223 124
1
3224 361
1
3225 242
1
3226 68
1
3227 188
1
3228 359
1
3229 349
1
3230 145
0
0
1
3231 79
1
3232 19
1
3233 202
1
3234 108
1
3235 215
1
3236 22
1
3237 7
1
3238 60
1
3239 9
1
3240 107
1
3241 260
0
1
3242 27
1
3243 74
0
1
3244 347
1
3245 11
1
3246 36
1
3247 213
1
3248 258
1
3249 334
1
3250 185
1
3251 219
1
3252 115
1
3253 59
1
3254 145
1
3255 81
1
3256 217
1
3257 304
0
1
3258 294
1
3259 338
0
1
3260 318
1
3261 106
1
3262 361
1
3263 8
1
3264 259
0
1
3265 177
1
3266 110
1
3267 248
1
3268 54
1
3269 132
1
3270 205
1
3271 252
1
3272 224
1
3273 311
1
3274 101
1
3275 344
1
3276 121
1
3277 251
0
1
3278 21
1
3279 294
1
3280 320
1
3281 96
1
3282 76
1
3283 328
1
3284 172
1
3285 174
1
3286 297
1
3287 102
1
3288 268
1
3289 227
1
3290 248
1
3291 101
1
3292 255
1
3293 306
1
3294 158
1
3295 173
0
1
3296 69
1
3297 16
1
3298 354
0
0
1
3299 261
1
3300 8
0
1
3301 182
1
3302 345
1
3303 39
1
3304 86
1
3305 27
1
3306 116
1
3307 255
1
3308 348
0
1
3309 98
0
0
1
3310 25
1
3311 232
1
3312 337
1
3313 308
1
3314 140
0
1
3315 86
1
3316 150
0
0
1
3317 3
1
3318 84
1
3319 220
1
3320 33
1
3321 83
1
3322 64
1
3323 330
1
3324 187
1
3325 70
1
3326 129
1
3327 260
1
3328 5
1
3329 60
1
3330 336
1
3331 104
1
3332 253
1
3333 6
1
3334 331
1
3335 343
1
3336 194
1
3337 133
1
3338 329
1
3339 277
0
1
3340 110
1
3341 257
1
3342 57
1
3343 310
1
3344 128
1
3345 95
1
3346 355
1
3347 35
1
3348 351
1
3349 221
1
3350 260
1
3351 260
1
3352 15
1
3353 75
1
3354 124
1
3355 185
1
3356 279
1
3357 126
1
3358 248
0
1
3359 189
1
3360 360
1
3361 329
1
3362 187
1
3363 126
0
1
3364 159
0
1
3365 248
1
3366 197
1
3367 257
1
3368 356
1
3369 316
1
3370 320
1
3371 213
0
1
3372 61
1
3373 249
1
3374 85
1
3375 177
1
3376 322
1
3377 202
1
3378 263
1
3379 348
1
3380 111
1
3381 2
1
3382 21
1
3383 269
1
3384 250
1
3385 185
1
3386 13
1
3387 248
1
3388 172
1
3389 252
1
3390 276
1
3391 136
1
3392 162
1
3393 198
0
1
3394 246
1
3395 45
1
3396 62
1
3397 154
1
3398 173
1
3399 152
1
3400 360
1
3401 242
0
1
3402 81
1
3403 354
1
3404 29
1
3405 289
1
3406 131
1
3407 339
0
1
3408 36
1
3409 135
1
3410 272
1
3411 53
1
3412 147
1
3413 179
1
3414 197
1
3415 260
1
3416 207
1
3417 300
1
3418 104
1
3419 108
1
3420 342
1
3421 132
1
3422 50
1
3423 197
1
3424 232
0
1
3425 228
1
3426 56
1
3427 151
1
3428 359
1
3429 220
1
3430 184
1
3431 287
1
3432 156
1
3433 236
1
3434 343
1
3435 186
1
3436 131
1
3437 273
1
3438 265
1
3439 203
1
3440 73
1
3441 126
1
3442 257
1
3443 352
1
3444 100
1
3445 93
1
3446 91
1
3447 305
1
3448 77
1
3449 270
1
3450 190
0
1
3451 194
1
3452 346
1
3453 147
1
3454 222
1
3455 213
1
3456 64
1
3457 95
1
3458 238
1
3459 274
1
3460 226
0
1
3461 348
1
3462 33
0
1
3463 290
1
3464 66
1
3465 240
1
3466 2
1
3467 258
1
3468 365
1
3469 234
1
3470 297
1
3471 250
1
3472 297
1
3473 119
1
3474 292
1
3475 101
1
3476 340
1
3477 36
1
3478 67
1
3479 4
1
3480 245
1
3481 232
1
3482 236
1
3483 62
1
3484 196
1
3485 60
1
3486 299
1
3487 125
1
3488 88
1
3489 314
1
3490 24
1
3491 242
1
3492 139
1
3493 157
1
3494 129
0
1
3495 70
1
3496 321
1
3497 256
1
3498 247
1
3499 165
0
1
3500 218
1
3501 299
1
3502 354
1
3503 113
1
3504 100
1
3505 150
1
3506 74
0
1
3507 345
1
3508 233
1
3509 140
1
3510 233
1
3511 23
1
3512 357
1
3513 6
1
3514 276
1
3515 203
1
3516 268
1
3517 279
1
3518 243
1
3519 55
1
3520 56
1
3521 64
1
3522 307
1
3523 324
1
3524 140
1
3525 210
1
3526 177
1
3527 96
1
3528 9
1
3529 55
1
3530 268
1
3531 66
1
3532 12
1
3533 153
1
3534 274
1
3535 226
0
1
3536 265
1
3537 26
1
3538 144
1
3539 197
1
3540 76
1
3541 143
1
3542 327
1
3543 175
1
3544 343
1
3545 332
1
3546 200
1
3547 315
1
3548 55
1
3549 289
1
3550 28
1
3551 244
1
3552 206
1
3553 216
1
3554 151
1
3555 295
1
3556 278
1
3557 18
1
3558 95
1
3559 32
1
3560 316
1
3561 243
1
3562 360
1
3563 191
1
3564 55
1
3565 50
1
3566 265
1
3567 43
1
3568 277
1
3569 158
1
3570 323
1
3571 365
1
3572 132
1
3573 324
1
3574 151
1
3575 33
1
3576 121
0
1
3577 193
1
3578 245
1
3579 281
1
3580 347
1
3581 230
1
3582 191
1
3583 48
1
3584 94
1
3585 158
1
3586 111
1
3587 292
1
3588 261
1
3589 72
1
3590 83
1
3591 24
1
3592 104
1
3593 103
1
3594 71
1
3595 191
1
3596 50
1
3597 195
1
3598 72
1
3599 33
1
3600 344
1
3601 106
1
3602 46
1
3603 146
1
3604 347
1
3605 92
1
3606 109
1
3607 357
1
3608 328
1
3609 21
1
3610 74
1
3611 14
1
3612 135
1
3613 20
1
3614 302
1
3615 261
1
3616 236
1
3617 18
1
3618 18
1
3619 197
1
3620 230
1
3621 222
1
3622 141
1
3623 272
1
3624 88
1
3625 298
1
3626 72
1
3627 113
1
3628 26
1
3629 130
0
1
3630 8
1
3631 216
1
3632 122
1
3633 276
1
3634 54
1
3635 54
1
3636 220
1
3637 223
1
3638 183
0
1
3639 235
1
3640 231
1
3641 241
1
3642 43
1
3643 236
0
1
3644 304
1
3645 113
1
3646 5
1
3647 114
1
3648 24
1
3649 101
1
3650 9
1
3651 303
1
3652 364
1
3653 42
1
3654 250
0
1
3655 91
1
3656 80
1
3657 265
1
3658 203
1
3659 335
1
3660 248
1
3661 181
1
3662 329
1
3663 224
1
3664 163
1
3665 212
1
3666 248
0
1
3667 172
1
3668 109
1
3669 9
1
3670 287
1
3671 315
1
3672 38
1
3673 40
0
1
3674 84
1
3675 268
1
3676 19
1
3677 272
1
3678 60
1
3679 31
1
3680 331
1
3681 200
1
3682 27
1
3683 71
1
3684 253
1
3685 209
1
3686 55
1
3687 364
1
3688 62
1
3689 89
1
3690 127
1
3691 358
1
3692 354
1
3693 118
1
3694 44
1
3695 290
1
3696 183
1
3697 265
1
3698 306
1
3699 226
1
3700 108
1
3701 192
1
3702 26
1
3703 337
1
3704 255
1
3705 229
1
3706 172
1
3707 315
1
3708 145
1
3709 102
0
1
3710 104
1
3711 175
1
3712 310
1
3713 324
1
3714 183
1
3715 75
1
3716 132
1
3717 297
1
3718 298
1
3719 308
1
3720 260
1
3721 33
1
3722 91
1
3723 42
1
3724 55
1
3725 6
1
3726 14
1
3727 204
1
3728 343
1
3729 23
1
3730 84
1
3731 347
1
3732 21
1
3733 32
1
3734 233
1
3735 135
1
3736 284
1
3737 56
1
3738 255
1
3739 251
1
3740 101
1
3741 145
1
3742 316
1
3743 285
1
3744 340
1
3745 306
1
3746 312
1
3747 278
1
3748 336
0
1
3749 102
1
3750 207
1
3751 278
1
3752 237
1
3753 190
1
3754 302
0
1
3755 86
1
3756 136
1
3757 285
1
3758 353
1
3759 324
1
3760 146
1
3761 38
0
1
3762 212
1
3763 149
1
3764 25
1
3765 11
1
3766 142
1
3767 263
1
3768 264
1
3769 170
1
3770 79
1
3771 76
1
3772 49
1
3773 168
1
3774 74
1
3775 120
1
3776 106
1
3777 61
1
3778 352
1
3779 340
1
3780 149
1
3781 16
1
3782 250
1
3783 170
1
3784 184
1
3785 314
1
3786 353
1
3787 133
1
3788 343
1
3789 342
1
3790 192
1
3791 248
1
3792 307
1
3793 312
1
3794 167
1
3795 104
1
3796 50
1
3797 341
1
3798 75
0
1
3799 3
1
3800 255
1
3801 19
1
3802 171
1
3803 139
1
3804 323
1
3805 202
1
3806 233
1
3807 128
1
3808 316
1
3809 36
1
3810 96
1
3811 365
1
3812 59
1
3813 57
1
3814 102
1
3815 250
1
3816 250
1
3817 330
1
3818 318
1
3819 252
1
3820 22
1
3821 177
1
3822 255
1
3823 61
1
3824 119
1
3825 307
1
3826 82
1
3827 240
1
3828 286
1
3829 156
1
3830 66
1
3831 91
1
3832 169
1
3833 353
0
1
3834 213
1
3835 97
1
3836 189
1
3837 187
1
3838 352
1
3839 216
1
3840 229
1
3841 139
1
3842 128
1
3843 71
1
3844 322
1
3845 92
1
3846 39
1
3847 101
1
3848 60
1
3849 97
1
3850 58
1
3851 63
1
3852 121
0
1
3853 2
1
3854 104
1
3855 212
1
3856 136
1
3857 240
1
3858 109
1
3859 213
1
3860 310
1
3861 120
1
3862 278
1
3863 119
1
3864 321
1
3865 67
1
3866 324
1
3867 198
1
3868 183
1
3869 62
1
3870 116
1
3871 230
1
3872 9
1
3873 240
1
3874 250
0
1
3875 260
1
3876 221
1
3877 32
0
1
3878 284
0
1
3879 304
1
3880 101
1
3881 92
1
3882 308
1
3883 17
1
3884 118
1
3885 94
1
3886 211
1
3887 219
1
3888 177
1
3889 353
1
3890 250
1
3891 150
1
3892 362
1
3893 25
1
3894 83
0
1
3895 260
1
3896 270
1
3897 72
1
3898 79
1
3899 280
1
3900 3
1
3901 259
1
3902 153
1
3903 5
1
3904 290
1
3905 136
1
3906 289
1
3907 315
1
3908 67
1
3909 351
1
3910 193
1
3911 320
1
3912 163
1
3913 216
1
3914 206
1
3915 70
1
3916 138
1
3917 38
1
3918 147
1
3919 2
1
3920 227
1
3921 80
1
3922 114
1
3923 19
1
3924 85
1
3925 247
1
3926 205
1
3927 87
1
3928 176
1
3929 148
1
3930 106
1
3931 343
1
3932 97
1
3933 166
1
3934 324
1
3935 144
1
3936 247
1
3937 229
1
3938 278
1
3939 20
1
3940 216
1
3941 269
1
3942 354
1
3943 343
1
3944 43
1
3945 37
1
3946 168
1
3947 256
1
3948 10
1
3949 37
0
1
3950 230
0
1
3951 21
1
3952 208
1
3953 316
1
3954 336
1
3955 222
1
3956 259
1
3957 261
1
3958 17
1
3959 250
1
3960 68
1
3961 15
1
3962 273
1
3963 235
1
3964 54
1
3965 105
1
3966 166
1
3967 189
1
3968 103
1
3969 238
1
3970 119
1
3971 145
1
3972 156
1
3973 45
1
3974 359
1
3975 19
1
3976 349
1
3977 331
1
3978 183
1
3979 178
1
3980 245
1
3981 248
1
3982 331
1
3983 78
0
1
3984 141
1
3985 145
1
3986 224
1
3987 176
1
3988 182
1
3989 148
1
3990 281
1
3991 76
1
3992 29
1
3993 12
1
3994 250
1
3995 257
1
3996 15
1
3997 346
1
3998 260
1
3999 21
1
4000 17
1
4001 186
1
4002 196
1
4003 230
1
4004 280
1
4005 121
1
4006 239
1
4007 9
1
4008 266
1
4009 51
1
4010 60
1
4011 7
1
4012 318
1
4013 84
1
4014 304
1
4015 23
0
1
4016 65
1
4017 272
1
4018 155
1
4019 337
1
4020 162
1
4021 152
1
4022 155
1
4023 359
1
4024 60
1
4025 54
1
4026 276
1
4027 358
1
4028 40
1
4029 103
1
4030 192
1
4031 347
1
4032 32
1
4033 84
1
4034 326
1
4035 157
1
4036 225
1
4037 75
1
4038 270
1
4039 160
1
4040 354
1
4041 146
1
4042 142
1
4043 115
1
4044 332
1
4045 325
1
4046 231
1
4047 249
1
4048 172
1
4049 49
1
4050 154
1
4051 340
1
4052 356
1
4053 95
1
4054 95
1
4055 267
1
4056 153
1
4057 331
1
4058 247
1
4059 321
1
4060 117
1
4061 344
1
4062 244
1
4063 293
1
4064 63
1
4065 155
1
4066 100
1
4067 251
1
4068 23
1
4069 169
1
4070 165
1
4071 118
1
4072 44
1
4073 172
1
4074 299
1
4075 53
1
4076 365
1
4077 331
1
4078 302
1
4079 128
1
4080 105
1
4081 321
1
4082 197
0
1
4083 247
1
4084 158
1
4085 296
1
4086 165
1
4087 325
0
1
4088 205
1
4089 134
1
4090 260
1
4091 188
1
4092 334
1
4093 7
1
4094 304
1
4095 150
1
4096 86
1
4097 325
1
4098 316
0
1
4099 346
1
4100 288
1
4101 57
1
4102 274
1
4103 296
1
4104 321
1
4105 124
1
4106 49
1
4107 72
1
4108 341
1
4109 31
1
4110 324
1
4111 119
1
4112 184
1
4113 248
1
4114 159
1
4115 237
1
4116 3
1
4117 216
1
4118 244
1
4119 55
1
4120 30
1
4121 157
1
4122 286
1
4123 118
1
4124 183
1
4125 101
1
4126 14
1
4127 362
1
4128 3
1
4129 84
1
4130 314
1
4131 85
1
4132 303
1
4133 292
1
4134 57
1
4135 62
1
4136 335
1
4137 135
1
4138 229
1
4139 230
1
4140 201
1
4141 35
1
4142 22
1
4143 294
1
4144 264
1
4145 102
1
4146 267
1
4147 148
1
4148 68
1
4149 358
1
4150 321
1
4151 348
1
4152 76
1
4153 135
1
4154 55
1
4155 238
1
4156 164
1
4157 106
1
4158 310
1
4159 312
1
4160 41
1
4161 337
1
4162 42
1
4163 334
1
4164 168
1
4165 211
1
4166 37
1
4167 315
1
4168 208
1
4169 220
1
4170 26
1
4171 97
1
4172 271
1
4173 121
1
4174 181
1
4175 17
1
4176 235
1
4177 155
1
4178 67
1
4179 345
1
4180 205
1
4181 297
1
4182 5
1
4183 15
1
4184 45
1
4185 119
1
4186 294
1
4187 115
1
4188 104
1
4189 246
1
4190 199
0
1
4191 334
1
4192 95
1
4193 127
1
4194 250
1
4195 48
1
4196 102
1
4197 60
1
4198 101
1
4199 116
1
4200 25
1
4201 40
1
4202 47
1
4203 78
1
4204 233
1
4205 76
1
4206 109
1
4207 293
1
4208 292
1
4209 213
1
4210 54
1
4211 120
1
4212 7
1
4213 93
1
4214 141
1
4215 11
1
4216 231
1
4217 157
1
4218 309
1
4219 279
1
4220 205
1
4221 5
1
4222 177
1
4223 355
1
4224 351
1
4225 218
1
4226 55
1
4227 161
1
4228 29
1
4229 301
1
4230 312
1
4231 324
1
4232 302
1
4233 107
1
4234 286
1
4235 103
1
4236 334
1
4237 270
1
4238 204
1
4239 205
1
4240 287
1
4241 300
1
4242 72
1
4243 201
1
4244 94
1
4245 57
1
4246 183
1
4247 40
1
4248 310
1
4249 53
1
4250 51
1
4251 274
1
4252 284
1
4253 149
1
4254 140
1
4255 232
1
4256 162
1
4257 3
1
4258 66
1
4259 29
1
4260 81
1
4261 17
1
4262 57
1
4263 221
1
4264 351
1
4265 205
1
4266 173
1
4267 9
1
4268 120
1
4269 51
1
4270 244
1
4271 213
1
4272 73
1
4273 350
1
4274 265
1
4275 246
1
4276 204
1
4277 323
1
4278 95
1
4279 299
1
4280 201
1
4281 183
1
4282 352
1
4283 283
1
4284 254
1
4285 105
1
4286 237
1
4287 284
1
4288 196
1
4289 131
1
4290 65
1
4291 37
1
4292 18
1
4293 66
1
4294 324
1
4295 126
1
4296 54
1
4297 319
1
4298 235
1
4299 25
1
4300 155
1
4301 249
1
4302 194
1
4303 90
1
4304 15
1
4305 152
1
4306 308
1
4307 129
1
4308 339
1
4309 308
1
4310 347
1
4311 174
1
4312 195
1
4313 269
0
1
4314 93
1
4315 155
1
4316 69
1
4317 177
1
4318 330
1
4319 48
1
4320 148
1
4321 354
1
4322 53
1
4323 4
1
4324 128
1
4325 304
1
4326 5
1
4327 41
1
4328 31
1
4329 23
1
4330 250
1
4331 287
1
4332 258
1
4333 197
1
4334 342
1
4335 211
1
4336 271
1
4337 201
1
4338 195
1
4339 141
1
4340 304
1
4341 98
1
4342 186
1
4343 107
1
4344 117
1
4345 268
0
1
4346 255
1
4347 173
1
4348 192
1
4349 201
1
4350 352
1
4351 96
1
4352 292
1
4353 162
1
4354 327
0
1
4355 228
1
4356 296
1
4357 206
1
4358 13
1
4359 296
1
4360 325
1
4361 50
1
4362 220
0
1
4363 71
1
4364 43
1
4365 245
1
4366 224
1
4367 71
1
4368 310
1
4369 142
1
4370 102
1
4371 3
1
4372 102
1
4373 83
1
4374 209
1
4375 18
0
1
4376 10
1
4377 151
1
4378 364
1
4379 23
1
4380 94
0
1
4381 272
1
4382 146
1
4383 3
1
4384 14
1
4385 345
1
4386 328
1
4387 364
1
4388 332
1
4389 109
1
4390 336
1
4391 91
1
4392 202
0
1
4393 237
1
4394 160
1
4395 264
1
4396 40
1
4397 321
1
4398 144
1
4399 100
1
4400 331
1
4401 233
1
4402 125
1
4403 270
1
4404 10
1
4405 60
0
1
4406 128
0
1
4407 243
1
4408 46
1
4409 198
1
4410 272
1
4411 2
1
4412 290
1
4413 360
1
4414 82
1
4415 213
0
1
4416 17
1
4417 223
1
4418 58
0
1
4419 163
1
4420 216
1
4421 365
1
4422 190
1
4423 161
1
4424 62
1
4425 255
1
4426 274
0
1
4427 137
1
4428 268
1
4429 320
1
4430 285
1
4431 88
1
4432 139
1
4433 245
1
4434 303
1
4435 265
0
1
4436 217
1
4437 248
1
4438 111
1
4439 3
0
1
4440 48
0
1
4441 233
1
4442 15
1
4443 346
1
4444 208
1
4445 119
1
4446 117
1
4447 316
1
4448 186
1
4449 200
1
4450 202
1
4451 22
1
4452 66
1
4453 161
0
1
4454 315
0
1
4455 347
1
4456 155
1
4457 38
1
4458 111
1
4459 276
1
4460 12
0
1
4461 153
1
4462 206
1
4463 333
1
4464 351
1
4465 100
1
4466 55
1
4467 353
1
4468 146
0
1
4469 76
1
4470 20
1
4471 205
1
4472 278
1
4473 75
1
4474 64
0
1
4475 314
0
1
4476 312
1
4477 29
1
4478 349
1
4479 257
1
4480 206
1
4481 152
1
4482 37
1
4483 70
1
4484 325
0
1
4485 113
1
4486 205
1
4487 242
0
0
1
4488 127
1
4489 177
1
4490 279
0
1
4491 140
1
4492 167
0
0
1
4493 67
1
4494 39
0
1
4495 363
1
4496 273
1
4497 326
1
4498 234
1
4499 135
0
1
4500 185
1
4501 328
1
4502 138
1
4503 353
0
1
4504 341
1
4505 336
1
4506 246
1
4507 238
0
1
4508 113
1
4509 39
1
4510 209
1
4511 266
0
0
1
4512 270
0
0
0
1
4513 201
1
4514 189
1
4515 150
1
4516 257
1
4517 175
0
0
0
1
4518 270
1
4519 45
0
1
4520 157
1
4521 265
1
4522 92
1
4523 213
1
4524 159
1
4525 10
1
4526 214
0
0
1
4527 180
0
0
1
4528 81
0
1
4529 266
1
4530 197
0
1
4531 78
1
4532 323
0
1
4533 302
0
1
4534 230
1
4535 88
1
4536 58
1
4537 119
0
1
4538 125
0
0
1
4539 304
0
0
1
4540 54
1
4541 84
0
1
4542 188
1
4543 230
0
1
4544 31
1
4545 77
0
1
4546 262
1
4547 324
1
4548 92
0
1
4549 132
1
4550 141
0
1
4551 19
1
4552 281
0
0
1
4553 286
1
4554 47
1
4555 230
0
1
4556 275
0
1
4557 70
1
4558 315
1
4559 260
1
4560 191
0
1
4561 73
1
4562 270
0
0
0
0
1
4563 148
0
0
0
0
0
1
4564 3
0
0
1
4565 230
0
1
4566 265
1
4567 242
1
4568 141
0
1
4569 85
0
1
4570 352
1
4571 48
1
4572 243
0
0
0
0
1
4573 11
1
4574 181
0
1
4575 86
1
4576 154
1
4577 275
1
4578 314
0
0
1
4579 226
1
4580 100
1
4581 189
0
1
4582 104
0
0
1
4583 160
1
4584 128
0
0
1
4585 270
0
1
4586 51
1
4587 344
0
1
4588 22
1
4589 158
1
4590 265
1
4591 70
0
0
1
4592 53
0
1
4593 264
0
0
1
4594 22
0
0
0
1
4595 101
1
4596 119
1
4597 92
1
4598 262
0
1
4599 119
0
1
4600 262
0
0
1
4601 143
1
4602 363
0
1
4603 11
0
0
1
4604 143
0
0
0
1
4605 343
1
4606 335
1
4607 305
1
4608 74
0
1
4609 322
1
4610 117
0
1
4611 61
1
4612 95
1
4613 190
0
1
4614 211
1
4615 307
0
1
4616 348
0
1
4617 19
1
4618 247
0
1
4619 267
0
1
4620 204
0
0
0
1
4621 256
0
0
0
1
4622 222
0
0
1
4623 126
1
4624 329
1
4625 117
0
0
0
1
4626 241
1
4627 182
1
4628 332
1
4629 314
0
0
0
1
4630 66
1
4631 157
1
4632 153
1
4633 364
0
0
0
0
0
0
0
1
4634 117
0
1
4635 141
1
4636 238
0
0
0
0
1
4637 135
1
4638 236
0
0
1
4639 246
0
0
0
1
4640 359
1
4641 257
0
1
4642 134
1
4643 55
1
4644 243
1
4645 262
0
0
1
4646 224
0
0
1
4647 183
0
0
1
4648 233
0
0
0
0
0
0
1
4649 17
1
4650 208
1
4651 117
1
4652 33
1
4653 3
0
0
1
4654 35
0
0
0
0
0
0
0
1
4655 17
1
4656 171
1
4657 109
0
0
1
4658 17
0
1
4659 265
0
0
1
4660 233
0
0
0
1
4661 155
1
4662 26
0
0
0
0
1
4663 138
0
1
4664 119
1
4665 151
0
0
1
4666 51
0
0
1
4667 215
0
1
4668 286
0
1
4669 155
0
1
4670 124
0
1
4671 240
1
4672 103
1
4673 204
0
0
0
0
1
4674 39
1
4675 15
0
0
1
4676 78
0
1
4677 155
0
0
0
1
4678 319
0
0
1
4679 285
0
0
1
4680 361
1
4681 353
0
0
0
0
0
0
0
0
0
0
1
4682 270
0
0
1
4683 128
0
1
4684 17
1
4685 60
0
0
0
0
0
0
1
4686 172
1
4687 105
0
0
0
0
0
0
0
0
1
4688 118
1
4689 175
0
0
0
0
0
0
1
4690 106
1
4691 25
0
0
0
0
0
1
4692 85
0
0
1
4693 31
1
4694 157
1
4695 336
0
0
1
4696 30
0
0
1
4697 326
0
0
0
0
1
4698 241
1
4699 36
0
1
4700 25
0
1
4701 347
0
0
1
4702 258
0
1
4703 15
0
1
4704 36
0
0
0
0
0
1
4705 72
1
4706 95
0
0
1
4707 280
0
0
1
4708 240
0
1
4709 325
0
0
1
4710 256
0
0
0
1
4711 185
1
4712 68
0
0
1
4713 311
0
0
1
4714 256
1
4715 201
1
4716 321
0
0
0
0
0
0
0
0
0
0
0
0
0
1
4717 321
0
1
4718 95
1
4719 31
1
4720 282
0
0
0
0
0
0
0
0
0
0
0
0
0
0
0
1
4721 211
0
0
0
0
0
0
1
4722 177
0
0
1
4723 267
1
4724 167
0
1
4725 328
0
0
0
0
0
0
0
0
1
4726 204
0
0
0
1
4727 164
1
4728 265
1
4729 264
1
4730 256
1
4731 9
0
0
0
0
0
1
4732 61
0
0
0
1
4733 18
0
0
0
0
0
0
1
4734 116
1
4735 281
0
1
4736 278
0
0
0
0
0
0
1
4737 94
0
0
0
0
0
0
1
4738 277
0
1
4739 309
0
0
0
0
0
0
0
0
0
0
1
4740 284
0
0
1
4741 125
1
4742 108
0
0
1
4743 189
1
4744 100
0
0
0
1
4745 20
1
4746 85
0
0
1
4747 23
1
4748 324
0
0
0
0
1
4749 12
1
4750 2
0
0
0
0
1
4751 215
1
4752 102
0
0
0
0
0
0
0
0
0
0
0
0
0
0
0
0
0
0
1
4753 31
0
0
0
0
0
0
0
0
0
0
1
4754 275
0
0
0
0
0
0
0
0
0
0
0
0
1
4755 75
1
4756 232
0
0
1
4757 323
0
0
0
0
0
0
0
0
0
0
1
4758 147
0
0
0
0
0
0
0
1
4759 204
0
0
0
0
0
0
0
0
0
0
0
0
0
0
0
0
0
0
0
0
0
0
0
0
0
0
0
0
0
0
0
0
0
0
0
0
0
0
0
0
0
0
0
0
0
0
0
0
0
0
0
0
0
0
0
0
0
0
0
0
0
0
0
0
0
0
0
0
0
0
0
0
0
0
0
0
0
0
0
1
4760 131
0
0
0
0
0
0
0
0
0
0
0
0
0
0
0
0
0
0
0
0
0
0
0
0
0
0
0
0
0
0
0
0
0
0
0
0
0
0
0
0
0
0
0
0
0
0
0
0
0
0
0
0
0
0
0
0
0
0
0
0
0
0
0
0
0
0
0
0
0
0
0
0
0
0
0
0
0
0
0
0
0
0
0
0
0
0
0
0
0
0
0
0
0
0
0
0
0
0
0
0
0
0
0
0
0
0
0
0
0
0
0
0
0
0
0
0
0
0
0
0
0
0
0
0
0
0
0
0
0
0
0
0
0
0
0
0
0
0
0
0
0
0
0
0
0
0
0
0
0
0
0
0
0
0
0
0
0
0
0
0
0
0
0
0
0
0
0
0
0
0
0
0
0
0
0
0
0
0
0
0
0
0
0
0
0
0
0
0
0
0
0
0
0
0
0
0
0
0
0
0
0
0
0
0
0
0
0
0
0
0
0
0
0
0
0
0
0
0
0
0
0
0
0
0
0
0
0
0
0
0
0
0
0
0
0
0
0
0
0
0
0
0
0
0
0
0
0
0
0
0
0
0
0
0
0
0
0
0
0
0
0
0
0
0
0
0
0
0
0
0
0
0
0
0
0
0
0
0
0
0
0
0
0
0
0
0
0
0
0
0
0
0
0
0
0
0
0
0
0
0
0
0
0
0
0
0
0
0
0
0
0
0
0
0
0
0
0
0
0
0
0
0
0
0
0
0
0
0
0
0
0
0
0
0
0
0
0
0
0
0
0
0
0
0
0
0
0
0
0
0
0
0
0
0
0
0
0
0
0
0
0
0
0
0
0
0
0
0
0
0
0
0
0
0
0
0
0
0
0
0
0
0
0
0
0
0
0
0
0
0
0
0
0
0
0
0
0
0
0
0
0
0
0
0
0
0
0
0
0
0
0
0
0
0
0
0
0
0
0
0
0
0
0
0
0
0
0
0
0
0
0
0
0
0
0
0
0
0
0
0
0
0
0
0
0
0
0
0
0
0
0
0
0
0
0
0
0
0
0
0
0
0
0
0
0
0
0
0
0
0
0
0
0
0
0
0
0
0
0
0
0
0
0
0
0
0
0
0
0
0
0
0
0
0
0
0
0
0
0
0
0
0
0
0
0
0
0
0
0
0
0
0
0
0
0
0
0
0
0
0
0
0
