257 443
87 236 2
203 239 5
7 256 4
81 252 3
106 136 2
72 153 3
243 134 2
240 20 4
200 206 3
27 91 3
190 156 3
53 15 3
41 132 3
165 172 4
233 18 3
253 121 3
55 129 3
82 102 3
30 241 5
247 19 3
150 105 4
218 27 4
141 239 4
25 57 3
126 108 3
219 6 6
52 200 3
222 175 4
253 118 4
76 187 3
128 185 4
145 139 4
16 99 3
22 29 3
125 37 3
241 3 3
12 161 3
84 37 5
119 157 4
134 68 4
26 72 3
18 170 4
135 54 4
62 113 4
66 116 4
164 249 2
182 212 3
138 250 4
158 252 3
218 150 3
112 35 2
231 130 4
200 191 3
68 243 2
244 115 5
140 256 5
57 89 4
138 153 3
1 192 3
163 139 3
177 193 3
93 211 3
40 174 2
96 251 3
43 131 3
2 189 3
61 65 5
97 102 3
149 201 3
193 38 4
112 160 4
248 192 4
32 114 3
56 160 3
201 160 3
115 52 3
23 236 4
220 162 3
4 49 4
229 58 5
164 80 3
135 40 3
75 117 3
235 75 4
173 166 4
78 201 3
209 79 3
189 125 3
241 168 2
176 46 2
86 40 3
188 39 3
55 188 3
181 178 4
191 206 2
63 194 3
185 4 4
136 11 4
93 68 3
97 141 2
197 162 3
27 38 5
176 73 2
42 45 4
39 130 3
159 213 4
39 145 4
81 244 3
3 32 4
234 131 3
149 56 4
114 140 3
252 115 3
88 186 4
218 104 3
179 147 4
178 248 4
144 220 4
252 127 4
47 17 3
82 48 3
94 61 2
41 42 5
111 192 3
60 143 3
58 90 3
69 87 2
35 116 3
101 234 3
9 215 4
240 112 3
152 9 2
254 115 3
36 165 3
137 176 4
127 45 4
3 109 3
133 122 1
255 103 3
67 143 5
220 246 4
238 167 5
148 227 3
229 74 2
164 149 5
207 234 4
123 34 3
207 44 4
36 178 3
147 86 3
230 221 3
195 255 4
158 254 3
82 163 4
87 152 3
179 124 4
43 31 5
67 95 5
5 35 3
171 80 2
1 53 3
143 123 3
30 161 3
217 177 5
49 72 2
183 25 3
100 85 4
20 84 3
13 85 3
180 151 2
204 42 4
18 93 5
92 30 3
147 124 3
213 95 4
210 242 4
206 223 3
191 189 3
66 251 3
165 11 5
24 20 5
28 48 3
244 228 4
128 49 3
148 202 3
146 227 2
29 44 3
202 73 3
238 76 5
41 227 3
245 6 5
66 232 3
135 9 4
184 125 3
177 27 3
204 83 2
151 157 3
248 36 3
96 38 4
3 166 3
250 108 4
10 23 3
6 180 3
66 96 2
46 146 3
197 221 5
78 232 2
55 230 4
134 230 3
39 139 2
108 151 3
98 105 3
64 77 5
250 219 3
211 113 3
254 5 3
195 64 3
138 26 4
245 110 4
118 64 3
121 33 3
23 15 4
153 26 2
226 150 2
219 153 4
8 137 4
210 233 3
246 121 3
257 182 3
62 170 3
205 99 4
158 5 2
89 183 5
128 4 5
161 168 3
119 101 3
195 21 4
134 129 5
233 225 3
28 223 3
237 104 3
31 212 3
205 257 4
137 216 4
180 110 2
54 236 4
10 199 2
68 249 3
241 235 3
37 20 4
172 147 3
222 198 3
5 84 2
184 2 2
254 84 4
83 8 5
221 188 4
51 111 5
202 83 3
73 216 4
158 41 3
117 47 3
77 144 3
60 225 5
152 69 2
228 52 3
58 133 4
194 187 5
100 159 3
105 196 3
4 256 3
155 159 3
128 256 3
230 243 3
122 58 2
21 77 3
101 43 4
243 129 3
96 229 3
203 76 4
102 194 2
181 248 4
157 126 3
120 217 4
87 135 3
203 97 3
97 187 3
155 120 3
218 226 4
63 154 2
100 95 3
138 92 4
86 13 3
5 122 5
206 71 2
155 85 4
225 101 4
19 162 2
109 32 3
211 224 4
60 242 3
70 208 3
193 251 3
127 132 5
149 129 3
208 190 4
151 119 4
12 92 2
217 124 2
150 98 4
245 16 3
142 167 5
205 29 3
16 22 5
44 31 3
166 235 3
59 224 4
90 74 3
198 247 3
192 53 4
183 10 3
8 73 6
212 169 5
110 6 5
140 107 2
214 7 3
118 246 3
169 69 3
232 251 3
199 208 4
177 98 4
69 9 2
107 168 4
104 91 4
209 239 4
90 237 3
169 152 4
103 14 2
7 185 5
197 61 3
174 123 4
48 163 5
10 208 2
116 160 3
114 168 2
21 103 4
242 67 2
29 99 3
65 14 3
94 59 3
171 242 5
79 141 3
26 30 5
88 50 6
86 179 5
63 28 4
71 228 5
156 257 4
22 99 5
154 223 3
173 109 5
198 79 2
213 80 3
231 56 3
196 136 4
18 113 3
51 89 4
126 62 3
176 186 3
224 94 2
146 148 3
70 257 3
237 91 3
34 13 3
253 209 5
229 133 3
197 144 4
119 110 3
212 215 3
60 233 2
226 88 4
142 76 2
21 65 2
130 145 4
148 204 3
225 131 3
174 13 3
50 104 3
53 111 2
144 65 4
78 116 3
172 36 4
222 141 3
12 47 3
51 1 4
107 114 3
249 171 3
34 100 3
235 14 3
61 59 2
48 189 4
187 167 3
199 183 4
170 157 4
15 54 3
154 238 4
199 190 3
200 71 4
227 132 3
186 216 3
231 24 5
19 33 3
50 237 3
106 196 3
24 184 5
179 120 3
175 247 3
173 255 4
145 2 4
113 117 3
47 62 3
75 17 5
123 215 4
156 70 3
74 38 4
175 163 5
165 181 3
46 202 2
22 207 5
169 182 2
210 93 3
140 214 3
214 32 4
85 159 3
33 247 5
232 159 4
89 25 5
161 17 3
81 45 4
191 28 4
106 11 2
193 120 4
240 24 3
10000
0
0
0
0
0
0
0
0
0
0
0
0
0
0
0
0
0
0
0
0
0
0
0
0
0
0
0
0
0
0
0
0
0
0
0
1
1 215
0
0
0
0
0
0
0
0
0
0
0
0
0
0
0
0
0
0
0
0
0
0
0
0
0
0
0
0
0
0
0
0
0
0
0
0
0
0
0
0
0
0
0
0
0
0
0
0
0
0
0
0
0
0
0
0
0
0
0
0
0
0
0
0
0
0
0
0
0
0
0
0
0
0
0
0
0
0
0
0
0
0
0
0
0
0
0
0
0
0
0
0
0
1
2 30
0
0
0
0
0
0
0
0
0
0
0
0
0
0
0
0
0
0
0
0
1
3 105
0
0
0
0
0
0
0
0
0
0
0
0
0
0
0
0
0
1
4 60
0
0
0
1
5 138
0
0
0
0
0
0
0
0
0
0
0
1
6 28
0
0
0
0
1
7 152
0
0
0
0
0
0
0
0
0
0
0
0
0
0
1
8 256
0
0
0
0
0
0
1
9 167
0
0
0
0
0
1
10 80
0
0
0
0
0
0
0
0
0
0
0
0
0
0
0
0
0
0
0
0
0
0
0
0
0
0
0
0
0
0
0
0
0
0
0
0
0
0
0
0
0
0
0
0
1
11 234
0
0
0
0
0
0
0
0
0
0
0
0
0
0
1
12 196
0
0
0
0
0
0
0
0
0
0
0
0
0
0
0
0
0
0
1
13 204
0
0
0
0
0
0
0
1
14 90
0
0
1
15 125
0
0
0
0
0
0
0
0
0
0
0
0
0
0
0
0
0
0
0
1
16 172
0
0
0
0
1
17 191
0
0
0
1
18 57
0
0
0
0
0
0
0
0
0
0
0
0
0
0
0
0
1
19 231
0
0
0
0
0
0
0
0
0
0
0
0
0
0
0
0
0
0
0
0
1
20 57
1
21 59
0
1
22 75
0
0
0
0
0
1
23 166
0
0
0
0
0
1
24 212
0
0
1
25 149
0
0
0
0
0
0
0
1
26 124
0
0
0
0
0
0
0
0
0
0
0
0
0
0
0
0
1
27 160
0
0
0
0
0
0
0
0
0
0
0
0
0
0
0
0
0
0
0
0
0
0
0
1
28 170
1
29 97
0
0
0
0
0
0
1
30 145
0
0
0
0
0
0
1
31 233
0
0
0
0
1
32 128
0
0
0
0
0
0
0
0
0
0
0
1
33 246
0
0
0
0
0
0
0
0
0
0
0
0
0
1
34 193
0
0
0
0
0
1
35 197
0
0
0
0
0
0
0
0
0
1
36 233
0
0
0
0
0
0
1
37 95
0
0
1
38 218
0
1
39 155
0
0
1
40 36
0
0
0
1
41 12
1
42 112
0
0
0
0
0
0
0
0
0
1
43 222
1
44 160
0
1
45 205
0
1
46 217
0
0
0
1
47 33
0
0
0
0
0
0
0
0
0
0
0
0
0
1
48 29
0
1
49 149
0
0
0
1
50 146
0
0
0
0
0
0
0
0
0
0
0
0
0
0
0
0
0
0
0
0
0
0
0
0
1
51 12
0
0
0
1
52 179
0
0
0
0
1
53 76
0
0
0
0
0
0
0
0
0
1
54 108
0
0
1
55 181
0
0
0
0
0
0
0
0
0
0
0
0
0
0
0
1
56 31
0
0
0
0
0
0
1
57 85
0
0
0
1
58 142
1
59 94
0
0
0
0
1
60 87
0
0
0
1
61 35
0
0
0
0
0
0
1
62 8
1
63 255
1
64 204
1
65 139
0
1
66 138
0
0
1
67 27
0
0
0
0
1
68 117
0
0
0
0
0
0
0
0
0
1
69 234
0
1
70 89
0
0
1
71 231
0
0
0
1
72 152
0
0
1
73 60
0
0
1
74 204
0
0
1
75 167
0
1
76 164
1
77 70
0
1
78 170
0
0
0
0
0
0
0
0
1
79 19
0
0
0
0
0
1
80 146
0
0
0
0
0
0
0
0
0
0
1
81 221
0
1
82 250
0
1
83 192
1
84 70
1
85 62
0
0
0
0
0
0
0
0
1
86 132
0
0
0
0
0
0
1
87 211
0
0
0
0
0
0
0
0
0
0
0
0
0
0
1
88 183
0
0
0
0
0
1
89 146
0
0
0
0
0
0
0
1
90 241
0
0
0
0
0
0
0
1
91 26
0
0
0
0
1
92 194
1
93 12
0
0
0
0
1
94 94
0
0
0
1
95 43
0
0
1
96 217
0
0
0
1
97 58
0
0
0
0
0
1
98 249
0
0
0
0
1
99 163
0
1
100 98
1
101 161
0
0
0
0
0
0
0
0
0
1
102 157
0
0
0
0
1
103 175
0
1
104 30
0
1
105 165
0
0
0
1
106 108
1
107 222
0
0
0
1
108 211
0
1
109 75
1
110 53
0
0
1
111 143
0
1
112 73
0
0
0
0
0
1
113 144
0
0
0
1
114 244
0
0
0
0
0
0
0
1
115 15
0
0
0
0
1
116 193
0
0
0
0
0
1
117 226
0
1
118 16
1
119 136
0
0
1
120 59
0
0
1
121 135
0
0
0
0
0
0
1
122 98
0
0
0
1
123 138
0
0
0
1
124 180
1
125 25
0
0
0
0
0
0
0
0
0
0
0
1
126 118
0
0
0
0
0
0
0
0
0
0
0
0
0
1
127 76
0
1
128 149
0
1
129 41
0
0
0
0
0
1
130 117
0
0
0
0
0
0
0
1
131 62
0
0
0
0
0
1
132 176
0
0
0
1
133 179
0
1
134 68
0
0
0
0
0
1
135 104
0
0
0
1
136 207
0
0
0
1
137 66
0
0
1
138 75
0
0
0
0
0
0
0
0
0
1
139 169
1
140 192
0
0
0
0
0
0
0
0
0
0
0
0
0
0
1
141 240
1
142 188
0
0
0
0
1
143 133
1
144 155
0
1
145 117
0
0
0
0
0
1
146 250
0
0
0
0
0
1
147 228
0
1
148 175
0
1
149 195
1
150 56
0
1
151 174
0
0
0
1
152 87
0
0
0
0
0
0
0
0
1
153 137
1
154 227
0
0
0
0
0
0
1
155 12
0
0
0
0
0
0
0
0
0
0
0
1
156 210
0
0
0
1
157 251
0
0
1
158 161
0
0
0
1
159 71
0
1
160 204
0
0
1
161 108
0
0
1
162 249
1
163 116
0
0
0
0
0
0
1
164 235
0
1
165 14
0
0
0
1
166 29
0
0
1
167 126
0
1
168 156
1
169 255
0
1
170 159
0
0
0
0
0
0
0
0
0
1
171 216
0
0
0
1
172 40
1
173 103
0
0
0
1
174 64
0
0
0
0
0
1
175 15
0
1
176 120
0
1
177 91
1
178 119
0
0
0
0
0
1
179 74
1
180 161
0
1
181 217
1
182 245
0
0
0
0
0
0
0
0
1
183 113
0
0
0
0
0
0
0
0
0
0
0
0
0
1
184 142
0
1
185 185
0
0
0
1
186 213
1
187 42
0
0
1
188 219
1
189 9
1
190 18
1
191 131
0
0
0
1
192 197
0
0
0
0
0
0
0
0
0
0
0
1
193 37
0
0
1
194 150
1
195 133
0
1
196 213
0
0
0
0
1
197 14
0
1
198 7
0
1
199 4
1
200 234
0
0
0
1
201 170
0
1
202 34
0
0
1
203 38
0
0
0
1
204 55
0
1
205 32
1
206 165
1
207 136
0
1
208 175
0
0
1
209 224
1
210 159
1
211 24
0
0
0
0
0
1
212 220
0
1
213 242
1
214 125
0
0
0
0
1
215 167
0
0
0
1
216 133
0
1
217 113
1
218 95
0
0
0
0
1
219 147
0
1
220 172
0
0
0
0
0
0
1
221 145
1
222 253
0
0
1
223 170
1
224 211
1
225 167
0
0
0
0
0
0
1
226 54
1
227 179
1
228 112
1
229 110
0
0
0
1
230 7
1
231 53
0
0
0
1
232 136
0
0
1
233 30
0
0
0
1
234 119
1
235 139
0
0
0
0
0
0
0
0
0
0
0
0
0
0
1
236 117
0
1
237 73
0
0
0
0
0
0
1
238 5
1
239 191
0
1
240 135
0
0
0
0
1
241 100
0
0
1
242 102
0
0
1
243 121
0
1
244 200
0
0
0
0
1
245 207
1
246 247
0
1
247 4
0
0
0
0
1
248 56
0
1
249 169
0
1
250 187
1
251 111
0
0
1
252 58
0
0
0
0
1
253 202
1
254 5
1
255 174
0
1
256 75
1
257 245
0
1
258 141
0
0
0
0
1
259 42
0
0
1
260 46
1
261 56
1
262 54
0
1
263 225
1
264 61
1
265 217
0
0
1
266 235
1
267 167
0
0
1
268 84
0
0
0
0
0
0
0
0
1
269 138
1
270 124
0
1
271 235
0
0
1
272 3
1
273 48
1
274 169
0
0
1
275 89
0
0
1
276 88
1
277 203
0
0
0
0
0
1
278 75
0
0
0
0
0
0
0
0
0
0
0
1
279 64
0
0
0
0
0
1
280 248
0
0
0
0
0
0
0
0
0
0
1
281 100
1
282 170
0
0
0
0
0
0
0
0
0
0
1
283 121
0
0
0
0
0
0
1
284 254
0
0
0
0
0
0
0
0
0
0
0
0
1
285 110
1
286 148
0
0
1
287 135
1
288 203
1
289 222
0
0
1
290 124
0
1
291 113
0
0
0
0
1
292 254
1
293 80
1
294 248
0
0
1
295 222
1
296 24
1
297 230
1
298 117
1
299 12
1
300 174
1
301 151
0
0
1
302 3
0
1
303 47
0
1
304 13
0
0
0
1
305 239
1
306 99
1
307 81
0
0
0
0
1
308 157
0
0
1
309 165
1
310 211
0
1
311 214
1
312 65
0
0
1
313 109
0
0
1
314 36
0
0
0
1
315 12
1
316 27
0
0
0
0
0
1
317 144
0
0
0
1
318 75
0
0
0
0
1
319 224
0
1
320 125
0
0
0
1
321 12
1
322 56
1
323 42
0
0
0
0
0
1
324 230
0
0
1
325 95
1
326 238
1
327 238
0
0
0
0
1
328 257
0
0
1
329 3
1
330 151
1
331 230
0
0
0
1
332 34
0
0
1
333 142
1
334 164
1
335 235
0
1
336 18
1
337 121
0
0
1
338 163
1
339 114
0
1
340 170
0
0
0
0
1
341 54
1
342 191
1
343 159
1
344 12
0
1
345 63
1
346 180
1
347 161
0
1
348 186
1
349 139
0
0
1
350 248
1
351 30
1
352 20
1
353 36
1
354 145
0
1
355 188
0
0
0
0
0
0
0
0
1
356 74
0
1
357 17
0
0
1
358 12
0
0
0
0
1
359 12
0
1
360 206
1
361 31
0
1
362 96
1
363 214
0
0
1
364 185
1
365 99
0
1
366 131
0
0
0
1
367 102
0
0
0
0
1
368 4
1
369 90
0
0
0
0
1
370 36
1
371 113
1
372 36
0
0
1
373 7
0
0
1
374 213
1
375 155
0
0
0
0
0
0
0
1
376 9
0
1
377 204
0
1
378 89
0
0
0
1
379 164
0
0
1
380 257
0
1
381 201
0
0
1
382 69
0
1
383 183
1
384 62
0
0
0
0
0
0
0
0
1
385 84
0
1
386 67
0
0
0
1
387 174
0
1
388 58
1
389 8
0
0
1
390 44
0
1
391 75
1
392 151
1
393 108
0
1
394 41
1
395 199
0
1
396 212
0
1
397 236
0
0
1
398 211
0
1
399 37
1
400 177
0
0
1
401 191
0
0
1
402 153
0
0
1
403 57
0
1
404 58
0
0
1
405 94
0
0
1
406 60
0
0
0
1
407 69
1
408 6
1
409 207
1
410 141
1
411 174
0
0
0
0
0
1
412 189
0
1
413 138
1
414 79
1
415 230
1
416 235
0
1
417 186
1
418 208
1
419 255
0
1
420 70
1
421 81
0
0
0
1
422 69
0
1
423 101
0
1
424 188
0
0
0
0
0
0
1
425 245
0
0
0
0
1
426 25
1
427 117
0
1
428 19
1
429 21
0
0
0
1
430 158
0
1
431 126
0
1
432 27
0
0
1
433 5
0
1
434 92
0
1
435 33
0
1
436 205
0
1
437 116
1
438 76
1
439 138
0
0
1
440 230
1
441 7
1
442 93
0
1
443 5
0
1
444 113
0
1
445 120
0
0
0
0
1
446 23
0
1
447 102
0
1
448 15
1
449 251
1
450 8
0
0
0
0
0
1
451 122
1
452 178
1
453 171
0
1
454 179
0
1
455 116
0
0
0
0
0
0
0
0
1
456 237
1
457 111
1
458 143
1
459 4
1
460 121
0
1
461 219
1
462 247
0
0
1
463 220
0
1
464 219
1
465 43
0
1
466 253
1
467 180
1
468 190
1
469 184
1
470 38
1
471 111
0
0
0
1
472 164
0
0
0
0
1
473 37
0
1
474 238
1
475 71
0
1
476 101
0
0
0
1
477 3
1
478 183
0
1
479 108
0
1
480 58
0
1
481 250
0
1
482 70
1
483 211
0
1
484 90
0
1
485 104
1
486 34
1
487 54
1
488 108
1
489 115
0
0
0
1
490 151
1
491 153
0
1
492 156
0
1
493 44
1
494 152
1
495 62
0
0
1
496 112
1
497 254
0
1
498 17
1
499 113
0
0
0
0
0
1
500 64
0
0
1
501 145
1
502 44
1
503 149
0
1
504 247
1
505 135
0
1
506 32
1
507 75
1
508 191
0
0
1
509 73
0
0
0
1
510 45
1
511 180
0
1
512 184
0
1
513 229
0
1
514 57
0
0
1
515 240
0
1
516 105
1
517 170
0
1
518 247
0
1
519 251
0
0
1
520 2
1
521 200
1
522 114
0
1
523 90
0
0
0
0
1
524 6
1
525 136
1
526 58
0
0
0
1
527 170
1
528 11
0
0
0
0
1
529 146
0
0
0
1
530 54
0
0
1
531 247
1
532 158
1
533 241
0
1
534 211
0
1
535 45
1
536 57
0
0
1
537 224
1
538 200
1
539 129
0
0
0
0
0
0
0
1
540 180
1
541 95
0
1
542 83
1
543 177
1
544 36
1
545 26
0
1
546 87
1
547 158
0
1
548 210
1
549 37
0
0
1
550 180
0
1
551 12
0
1
552 76
1
553 91
0
1
554 107
0
1
555 106
0
0
0
1
556 111
1
557 119
0
0
1
558 204
0
1
559 190
0
1
560 112
0
0
0
1
561 48
1
562 249
1
563 247
0
1
564 187
0
1
565 5
1
566 22
1
567 73
0
1
568 14
1
569 217
1
570 117
0
0
1
571 60
1
572 139
1
573 247
0
0
1
574 228
0
0
1
575 217
1
576 199
0
1
577 93
0
0
0
0
1
578 215
1
579 137
0
1
580 121
0
1
581 46
0
0
1
582 27
1
583 254
0
1
584 169
1
585 249
1
586 211
1
587 66
0
0
1
588 135
1
589 87
1
590 196
1
591 18
0
1
592 15
0
1
593 192
1
594 132
1
595 135
1
596 244
0
1
597 153
1
598 140
1
599 224
0
1
600 54
1
601 22
1
602 79
0
1
603 149
1
604 76
1
605 224
1
606 16
0
1
607 47
0
1
608 246
0
0
1
609 30
1
610 139
1
611 202
1
612 142
1
613 35
0
1
614 181
1
615 127
0
1
616 100
0
1
617 57
0
0
1
618 132
1
619 52
0
0
1
620 118
0
1
621 231
1
622 235
0
0
1
623 183
1
624 154
1
625 39
0
0
0
0
0
0
1
626 196
1
627 14
1
628 194
1
629 90
0
1
630 135
0
1
631 85
1
632 164
0
0
1
633 100
0
0
1
634 155
0
0
0
1
635 146
1
636 48
0
0
0
1
637 44
1
638 50
1
639 243
1
640 155
0
0
1
641 223
1
642 194
0
1
643 84
0
1
644 170
1
645 66
0
0
1
646 238
1
647 98
1
648 224
1
649 13
1
650 32
0
0
1
651 174
1
652 49
1
653 108
1
654 80
1
655 23
0
1
656 6
1
657 34
1
658 216
1
659 51
1
660 227
0
0
0
1
661 166
1
662 54
1
663 180
0
1
664 35
1
665 218
0
1
666 247
1
667 222
0
1
668 117
1
669 257
0
1
670 212
0
1
671 113
1
672 18
1
673 204
1
674 157
0
0
0
1
675 197
0
0
1
676 62
0
0
0
1
677 113
0
1
678 224
1
679 161
1
680 256
1
681 219
0
1
682 120
1
683 242
1
684 253
1
685 19
1
686 118
1
687 145
1
688 96
1
689 70
0
0
1
690 27
0
0
0
0
0
0
0
1
691 79
1
692 11
0
0
1
693 33
0
0
1
694 143
0
1
695 149
1
696 167
1
697 78
1
698 198
0
1
699 11
1
700 103
0
0
1
701 8
1
702 48
1
703 47
0
1
704 48
0
0
1
705 27
0
0
1
706 185
0
1
707 30
1
708 116
0
0
1
709 11
1
710 32
1
711 62
1
712 10
1
713 153
1
714 114
1
715 6
0
1
716 96
0
0
1
717 125
0
0
0
1
718 185
1
719 17
1
720 112
0
0
0
1
721 75
1
722 257
0
1
723 163
1
724 21
0
0
1
725 128
1
726 130
0
1
727 35
1
728 223
1
729 218
0
1
730 245
1
731 98
0
1
732 181
0
1
733 68
1
734 57
1
735 151
1
736 162
1
737 151
0
0
1
738 230
1
739 17
0
0
0
1
740 176
1
741 211
1
742 210
0
1
743 80
1
744 3
0
1
745 7
1
746 161
1
747 252
0
1
748 140
0
1
749 172
0
1
750 177
0
1
751 249
1
752 161
0
0
1
753 68
1
754 248
1
755 151
0
0
0
1
756 160
0
1
757 99
1
758 43
0
1
759 8
0
0
1
760 61
0
1
761 194
1
762 234
1
763 8
0
0
1
764 18
0
1
765 226
1
766 61
0
1
767 47
0
0
0
0
1
768 199
0
1
769 168
0
1
770 201
1
771 21
1
772 186
0
0
0
1
773 254
0
0
1
774 92
1
775 75
1
776 137
1
777 142
1
778 182
1
779 217
1
780 196
1
781 52
1
782 225
0
0
0
0
0
1
783 79
0
1
784 113
0
1
785 119
1
786 174
1
787 75
1
788 49
1
789 47
1
790 233
1
791 181
1
792 246
0
0
1
793 115
0
1
794 196
1
795 71
0
0
1
796 212
0
1
797 49
1
798 96
1
799 113
1
800 111
0
0
0
1
801 15
0
1
802 18
0
1
803 147
1
804 8
0
1
805 113
1
806 167
1
807 224
1
808 48
1
809 6
1
810 224
0
1
811 18
0
1
812 54
1
813 120
1
814 247
0
0
1
815 43
1
816 211
1
817 148
1
818 149
0
0
1
819 84
1
820 239
1
821 84
1
822 23
0
0
1
823 20
1
824 147
1
825 167
1
826 190
0
0
1
827 128
0
0
1
828 5
1
829 165
1
830 152
1
831 73
1
832 223
1
833 166
0
0
0
1
834 234
1
835 4
1
836 147
1
837 175
0
1
838 144
1
839 176
1
840 81
1
841 224
1
842 155
0
0
1
843 44
1
844 234
0
1
845 35
0
0
0
1
846 71
1
847 195
1
848 219
0
0
0
1
849 121
0
1
850 237
1
851 104
1
852 235
1
853 140
1
854 75
0
1
855 23
1
856 241
0
1
857 87
0
1
858 64
1
859 257
0
1
860 156
1
861 34
0
1
862 250
0
1
863 155
1
864 21
0
1
865 229
0
1
866 233
0
1
867 8
1
868 161
0
1
869 130
1
870 138
1
871 30
1
872 30
1
873 6
1
874 126
0
1
875 206
1
876 148
1
877 16
1
878 5
1
879 150
1
880 25
0
1
881 135
1
882 79
1
883 166
1
884 234
1
885 223
1
886 99
1
887 63
1
888 162
0
0
0
1
889 164
0
1
890 83
0
1
891 231
0
1
892 73
1
893 162
0
0
0
0
1
894 52
0
1
895 246
0
1
896 107
0
0
1
897 205
0
1
898 190
1
899 212
1
900 11
0
1
901 221
1
902 214
1
903 33
1
904 90
1
905 160
0
1
906 57
0
1
907 257
0
0
0
0
0
1
908 72
1
909 7
1
910 99
0
1
911 107
0
1
912 37
1
913 121
1
914 198
1
915 12
1
916 42
0
0
0
1
917 182
1
918 92
1
919 152
1
920 217
1
921 113
1
922 47
0
0
0
1
923 207
1
924 183
0
0
1
925 243
0
0
1
926 202
1
927 15
0
1
928 239
1
929 251
1
930 117
0
1
931 117
1
932 184
1
933 57
1
934 157
0
1
935 188
1
936 63
1
937 90
1
938 241
1
939 95
1
940 132
1
941 16
1
942 112
0
1
943 39
1
944 214
1
945 134
1
946 120
0
1
947 8
1
948 133
1
949 29
1
950 78
0
0
1
951 161
0
0
1
952 255
1
953 52
0
0
0
1
954 86
0
0
1
955 165
0
1
956 36
1
957 250
0
1
958 113
0
1
959 129
1
960 249
1
961 178
1
962 158
1
963 62
0
1
964 15
0
1
965 161
1
966 183
1
967 140
1
968 113
1
969 113
0
1
970 237
0
0
1
971 173
1
972 227
0
1
973 113
0
1
974 15
0
1
975 61
1
976 246
1
977 88
1
978 107
1
979 171
0
1
980 51
1
981 106
1
982 220
1
983 161
0
1
984 181
0
1
985 207
1
986 107
0
0
1
987 44
1
988 101
0
0
1
989 54
1
990 102
1
991 193
1
992 123
0
1
993 40
1
994 195
1
995 12
1
996 102
0
1
997 220
1
998 10
0
0
1
999 122
1
1000 109
1
1001 160
1
1002 63
1
1003 203
1
1004 128
1
1005 35
1
1006 98
1
1007 92
1
1008 84
1
1009 8
1
1010 75
0
1
1011 242
1
1012 207
1
1013 126
1
1014 29
1
1015 241
1
1016 200
1
1017 102
1
1018 208
0
1
1019 166
1
1020 49
0
1
1021 256
1
1022 65
1
1023 98
0
0
1
1024 190
0
0
0
0
0
1
1025 141
1
1026 189
1
1027 176
0
1
1028 62
1
1029 31
0
0
1
1030 11
1
1031 13
1
1032 157
1
1033 235
1
1034 111
1
1035 63
0
0
1
1036 189
0
0
1
1037 72
0
1
1038 180
0
1
1039 227
0
0
0
1
1040 257
1
1041 140
1
1042 110
1
1043 257
1
1044 46
0
1
1045 223
0
1
1046 142
1
1047 145
0
0
1
1048 230
1
1049 110
1
1050 44
1
1051 18
1
1052 182
0
1
1053 43
1
1054 120
1
1055 21
0
0
1
1056 109
1
1057 2
1
1058 157
0
0
0
1
1059 170
1
1060 71
0
1
1061 75
1
1062 21
1
1063 135
1
1064 181
1
1065 185
1
1066 232
0
0
1
1067 55
1
1068 69
0
1
1069 130
1
1070 85
0
0
1
1071 54
1
1072 153
1
1073 105
0
0
1
1074 47
1
1075 68
0
0
1
1076 9
1
1077 91
1
1078 89
1
1079 88
0
1
1080 108
1
1081 182
0
0
1
1082 85
0
0
1
1083 237
1
1084 232
1
1085 59
1
1086 46
1
1087 27
0
1
1088 224
1
1089 180
1
1090 65
1
1091 210
1
1092 34
0
0
1
1093 214
1
1094 55
1
1095 204
1
1096 56
1
1097 248
1
1098 109
0
1
1099 188
1
1100 16
1
1101 251
1
1102 135
1
1103 226
1
1104 53
1
1105 175
0
1
1106 133
0
1
1107 238
0
1
1108 53
1
1109 249
1
1110 121
1
1111 74
1
1112 47
0
1
1113 64
1
1114 245
1
1115 52
1
1116 81
1
1117 138
0
1
1118 99
0
1
1119 17
1
1120 43
1
1121 98
1
1122 236
0
1
1123 140
1
1124 11
1
1125 63
0
1
1126 175
0
1
1127 240
0
1
1128 93
1
1129 92
1
1130 54
1
1131 95
0
1
1132 215
0
1
1133 240
1
1134 91
1
1135 89
0
1
1136 74
1
1137 199
1
1138 252
1
1139 253
1
1140 220
0
0
1
1141 211
1
1142 28
1
1143 80
1
1144 43
1
1145 94
1
1146 243
0
1
1147 75
0
1
1148 199
1
1149 235
1
1150 149
1
1151 235
1
1152 92
1
1153 190
1
1154 109
1
1155 75
1
1156 63
1
1157 231
0
0
0
1
1158 206
1
1159 115
1
1160 73
1
1161 23
1
1162 254
1
1163 140
1
1164 207
1
1165 176
0
1
1166 228
1
1167 235
1
1168 214
1
1169 125
1
1170 15
1
1171 234
1
1172 240
1
1173 119
0
1
1174 101
1
1175 255
1
1176 17
1
1177 26
1
1178 162
1
1179 116
1
1180 18
1
1181 177
1
1182 131
1
1183 9
1
1184 59
0
1
1185 31
1
1186 230
0
1
1187 41
1
1188 12
0
1
1189 205
1
1190 218
1
1191 244
1
1192 116
1
1193 118
1
1194 161
0
1
1195 138
1
1196 182
1
1197 247
1
1198 122
1
1199 175
1
1200 242
1
1201 221
0
1
1202 138
1
1203 215
1
1204 211
1
1205 237
1
1206 186
1
1207 123
1
1208 65
1
1209 17
1
1210 204
0
1
1211 107
1
1212 251
1
1213 144
1
1214 9
0
1
1215 117
0
1
1216 152
1
1217 215
1
1218 119
1
1219 36
1
1220 113
1
1221 219
1
1222 55
1
1223 36
0
1
1224 176
1
1225 62
1
1226 42
0
1
1227 50
1
1228 184
1
1229 246
1
1230 224
0
1
1231 241
0
1
1232 39
1
1233 67
1
1234 149
0
1
1235 239
1
1236 131
1
1237 248
0
1
1238 145
1
1239 17
1
1240 78
1
1241 230
1
1242 13
1
1243 153
1
1244 242
1
1245 235
1
1246 234
1
1247 117
1
1248 184
0
0
1
1249 250
1
1250 126
1
1251 117
1
1252 26
1
1253 239
0
1
1254 85
1
1255 181
1
1256 83
1
1257 222
1
1258 230
1
1259 103
1
1260 231
1
1261 227
1
1262 197
1
1263 206
1
1264 87
1
1265 69
1
1266 142
1
1267 227
1
1268 216
1
1269 235
0
1
1270 99
1
1271 44
0
1
1272 243
1
1273 211
1
1274 70
0
1
1275 119
1
1276 253
0
1
1277 180
1
1278 40
1
1279 244
1
1280 159
1
1281 236
1
1282 54
1
1283 28
1
1284 180
0
1
1285 72
1
1286 152
1
1287 89
1
1288 235
1
1289 78
1
1290 34
1
1291 104
1
1292 157
0
0
1
1293 9
0
1
1294 113
1
1295 188
1
1296 191
1
1297 72
1
1298 230
1
1299 99
1
1300 230
1
1301 30
1
1302 156
1
1303 167
1
1304 74
1
1305 81
1
1306 244
0
1
1307 169
1
1308 147
1
1309 234
1
1310 104
0
1
1311 102
0
1
1312 64
1
1313 35
1
1314 54
1
1315 91
1
1316 248
1
1317 117
1
1318 80
1
1319 236
1
1320 10
1
1321 70
1
1322 61
1
1323 232
1
1324 42
1
1325 192
1
1326 97
1
1327 254
1
1328 215
1
1329 171
1
1330 222
0
1
1331 230
0
1
1332 58
1
1333 190
1
1334 109
0
1
1335 248
1
1336 242
1
1337 196
1
1338 9
1
1339 235
1
1340 19
0
1
1341 211
0
1
1342 178
1
1343 45
0
1
1344 40
1
1345 86
1
1346 9
1
1347 75
0
1
1348 233
1
1349 30
1
1350 223
1
1351 161
1
1352 3
1
1353 2
1
1354 188
1
1355 209
1
1356 257
1
1357 218
1
1358 135
1
1359 135
1
1360 31
0
1
1361 40
1
1362 180
1
1363 56
1
1364 248
0
1
1365 27
1
1366 11
0
1
1367 123
1
1368 15
1
1369 110
1
1370 225
1
1371 212
1
1372 3
1
1373 207
1
1374 41
1
1375 96
0
1
1376 220
1
1377 15
0
1
1378 28
0
1
1379 66
1
1380 123
1
1381 183
1
1382 119
1
1383 208
1
1384 43
0
1
1385 107
1
1386 44
1
1387 178
1
1388 126
1
1389 18
1
1390 134
1
1391 206
1
1392 235
1
1393 78
1
1394 108
1
1395 10
1
1396 78
1
1397 167
0
0
1
1398 202
0
1
1399 31
1
1400 163
1
1401 91
1
1402 87
1
1403 180
1
1404 46
1
1405 257
1
1406 198
1
1407 236
1
1408 10
0
1
1409 179
1
1410 230
1
1411 24
1
1412 229
1
1413 166
1
1414 60
0
1
1415 180
1
1416 213
1
1417 149
1
1418 194
1
1419 30
0
1
1420 126
1
1421 87
1
1422 123
0
1
1423 89
1
1424 186
1
1425 52
0
1
1426 221
1
1427 40
1
1428 135
1
1429 217
1
1430 180
0
1
1431 82
1
1432 3
1
1433 176
1
1434 104
1
1435 166
1
1436 138
1
1437 12
1
1438 41
1
1439 186
1
1440 211
1
1441 217
1
1442 226
1
1443 100
1
1444 22
1
1445 236
1
1446 2
0
1
1447 229
1
1448 230
1
1449 213
1
1450 12
0
1
1451 188
1
1452 92
1
1453 155
1
1454 131
0
1
1455 17
1
1456 45
1
1457 114
1
1458 41
1
1459 48
1
1460 203
1
1461 97
0
1
1462 162
1
1463 163
0
1
1464 56
1
1465 162
1
1466 63
1
1467 136
1
1468 204
0
1
1469 122
0
1
1470 144
1
1471 32
1
1472 47
1
1473 83
1
1474 246
1
1475 64
1
1476 34
1
1477 90
1
1478 167
1
1479 26
1
1480 222
1
1481 32
1
1482 218
0
0
1
1483 160
1
1484 211
1
1485 191
1
1486 112
1
1487 113
1
1488 172
0
1
1489 226
1
1490 180
1
1491 241
1
1492 163
1
1493 197
1
1494 30
1
1495 131
1
1496 131
1
1497 5
1
1498 35
1
1499 21
1
1500 47
0
1
1501 66
0
1
1502 128
1
1503 154
1
1504 92
1
1505 124
1
1506 183
1
1507 147
1
1508 141
1
1509 234
1
1510 117
1
1511 243
1
1512 176
1
1513 124
1
1514 164
1
1515 27
1
1516 236
1
1517 24
1
1518 157
1
1519 227
1
1520 83
1
1521 146
1
1522 17
1
1523 54
1
1524 180
1
1525 229
1
1526 109
0
1
1527 207
1
1528 117
1
1529 48
1
1530 51
1
1531 154
1
1532 14
1
1533 114
1
1534 143
1
1535 116
1
1536 114
1
1537 43
1
1538 118
1
1539 199
1
1540 73
1
1541 88
0
1
1542 20
1
1543 146
1
1544 106
0
0
1
1545 160
0
1
1546 118
1
1547 152
1
1548 163
1
1549 67
1
1550 145
1
1551 211
1
1552 60
1
1553 109
1
1554 41
0
1
1555 171
1
1556 50
1
1557 38
1
1558 183
1
1559 181
1
1560 32
1
1561 223
1
1562 186
1
1563 185
1
1564 57
0
1
1565 119
1
1566 205
1
1567 36
1
1568 161
1
1569 52
1
1570 84
0
1
1571 238
1
1572 98
1
1573 10
1
1574 43
1
1575 155
1
1576 52
1
1577 75
1
1578 114
0
1
1579 62
1
1580 233
1
1581 88
1
1582 40
1
1583 136
1
1584 240
1
1585 48
1
1586 51
1
1587 87
0
1
1588 7
1
1589 113
1
1590 249
1
1591 124
1
1592 36
1
1593 57
1
1594 195
1
1595 194
1
1596 89
1
1597 216
1
1598 227
1
1599 140
1
1600 33
1
1601 83
0
1
1602 44
1
1603 176
1
1604 111
1
1605 159
0
1
1606 133
1
1607 35
1
1608 96
1
1609 251
1
1610 67
1
1611 57
1
1612 81
1
1613 210
1
1614 151
1
1615 237
1
1616 213
1
1617 126
1
1618 25
0
1
1619 173
1
1620 213
1
1621 131
1
1622 190
1
1623 178
1
1624 237
0
1
1625 86
1
1626 217
1
1627 125
1
1628 123
1
1629 19
1
1630 128
1
1631 128
1
1632 43
1
1633 66
1
1634 27
1
1635 54
1
1636 60
1
1637 157
1
1638 184
1
1639 254
1
1640 74
1
1641 113
1
1642 195
1
1643 101
1
1644 70
1
1645 180
1
1646 209
1
1647 194
0
1
1648 122
1
1649 128
1
1650 178
1
1651 14
1
1652 86
1
1653 55
1
1654 216
1
1655 222
1
1656 244
1
1657 61
1
1658 159
1
1659 45
1
1660 211
1
1661 66
1
1662 222
1
1663 187
1
1664 74
1
1665 167
1
1666 89
1
1667 31
1
1668 225
1
1669 85
1
1670 127
1
1671 138
1
1672 47
1
1673 180
1
1674 2
1
1675 20
1
1676 14
1
1677 60
1
1678 110
1
1679 32
1
1680 42
1
1681 198
1
1682 82
0
1
1683 76
1
1684 146
1
1685 28
1
1686 243
0
1
1687 161
1
1688 74
1
1689 193
1
1690 238
1
1691 133
1
1692 151
1
1693 236
1
1694 154
1
1695 169
1
1696 86
1
1697 231
1
1698 66
1
1699 257
1
1700 45
1
1701 124
1
1702 83
1
1703 209
1
1704 11
1
1705 46
1
1706 175
1
1707 245
0
0
1
1708 176
1
1709 97
1
1710 147
1
1711 141
1
1712 240
1
1713 227
1
1714 145
1
1715 228
0
1
1716 78
1
1717 231
1
1718 110
1
1719 7
1
1720 53
1
1721 147
1
1722 184
1
1723 240
1
1724 16
1
1725 177
1
1726 225
1
1727 200
1
1728 161
0
1
1729 41
1
1730 12
1
1731 3
1
1732 24
1
1733 119
0
1
1734 189
1
1735 187
1
1736 83
1
1737 252
1
1738 31
1
1739 119
1
1740 98
1
1741 143
1
1742 32
1
1743 18
1
1744 213
1
1745 40
1
1746 47
0
1
1747 178
1
1748 224
1
1749 246
1
1750 21
1
1751 58
1
1752 62
1
1753 145
1
1754 156
1
1755 241
1
1756 252
1
1757 186
1
1758 213
1
1759 92
1
1760 255
1
1761 113
1
1762 135
1
1763 6
1
1764 245
1
1765 197
1
1766 159
1
1767 38
1
1768 192
1
1769 153
1
1770 53
1
1771 210
1
1772 206
1
1773 80
1
1774 156
1
1775 71
1
1776 63
0
1
1777 225
1
1778 52
1
1779 218
1
1780 32
1
1781 185
1
1782 192
1
1783 17
1
1784 98
1
1785 221
1
1786 100
1
1787 178
1
1788 129
0
1
1789 6
1
1790 40
1
1791 99
1
1792 31
1
1793 192
1
1794 127
1
1795 37
1
1796 40
1
1797 129
1
1798 254
1
1799 53
1
1800 222
1
1801 87
1
1802 158
1
1803 54
1
1804 58
1
1805 198
1
1806 2
0
1
1807 111
1
1808 180
1
1809 34
1
1810 161
1
1811 112
1
1812 185
1
1813 161
1
1814 165
1
1815 113
1
1816 100
1
1817 92
1
1818 93
1
1819 173
1
1820 120
1
1821 49
1
1822 133
1
1823 41
1
1824 216
0
1
1825 163
1
1826 75
1
1827 138
1
1828 230
1
1829 4
1
1830 48
1
1831 206
1
1832 54
1
1833 230
1
1834 161
1
1835 128
1
1836 17
1
1837 114
1
1838 233
1
1839 205
1
1840 183
1
1841 97
1
1842 114
1
1843 76
1
1844 253
1
1845 97
1
1846 193
1
1847 150
1
1848 118
1
1849 132
1
1850 43
1
1851 159
1
1852 89
1
1853 37
1
1854 39
1
1855 245
1
1856 78
1
1857 237
1
1858 174
1
1859 139
1
1860 221
1
1861 159
1
1862 243
1
1863 66
1
1864 187
1
1865 248
1
1866 246
1
1867 117
1
1868 113
1
1869 94
1
1870 33
1
1871 221
1
1872 163
1
1873 32
1
1874 13
1
1875 247
1
1876 172
1
1877 167
1
1878 161
1
1879 197
1
1880 197
1
1881 71
1
1882 56
0
1
1883 75
1
1884 112
1
1885 238
1
1886 132
1
1887 174
1
1888 222
1
1889 232
1
1890 75
1
1891 207
1
1892 238
1
1893 145
1
1894 122
1
1895 229
1
1896 61
1
1897 81
1
1898 160
1
1899 181
1
1900 152
1
1901 2
1
1902 236
1
1903 229
1
1904 144
1
1905 227
1
1906 6
1
1907 56
1
1908 193
1
1909 26
1
1910 158
1
1911 242
1
1912 243
1
1913 207
1
1914 73
1
1915 178
1
1916 111
1
1917 157
1
1918 85
1
1919 13
1
1920 170
1
1921 239
1
1922 119
1
1923 170
1
1924 65
1
1925 179
1
1926 213
1
1927 229
1
1928 132
1
1929 89
1
1930 91
1
1931 122
1
1932 123
1
1933 17
1
1934 102
1
1935 47
1
1936 73
1
1937 203
1
1938 90
1
1939 74
1
1940 97
1
1941 73
1
1942 180
1
1943 22
1
1944 65
1
1945 169
1
1946 32
1
1947 109
1
1948 208
1
1949 170
1
1950 92
1
1951 217
1
1952 69
1
1953 76
1
1954 92
1
1955 44
1
1956 88
1
1957 10
1
1958 91
1
1959 44
1
1960 140
1
1961 29
1
1962 230
1
1963 37
1
1964 39
1
1965 135
1
1966 229
1
1967 187
1
1968 177
1
1969 110
1
1970 64
1
1971 112
1
1972 66
1
1973 119
1
1974 132
1
1975 214
1
1976 77
1
1977 200
1
1978 251
1
1979 139
1
1980 30
1
1981 190
1
1982 159
1
1983 29
1
1984 256
1
1985 114
1
1986 197
1
1987 110
1
1988 37
1
1989 17
1
1990 239
1
1991 30
1
1992 44
1
1993 250
1
1994 170
1
1995 121
1
1996 147
1
1997 238
1
1998 234
1
1999 65
1
2000 150
1
2001 63
1
2002 183
1
2003 234
1
2004 229
1
2005 19
1
2006 251
1
2007 54
1
2008 40
1
2009 132
1
2010 24
1
2011 92
1
2012 182
1
2013 93
1
2014 193
1
2015 133
1
2016 80
1
2017 198
1
2018 40
1
2019 119
1
2020 178
1
2021 188
1
2022 178
1
2023 28
1
2024 80
1
2025 230
1
2026 208
1
2027 191
1
2028 131
1
2029 117
1
2030 24
1
2031 70
1
2032 174
1
2033 240
1
2034 10
1
2035 180
1
2036 75
1
2037 189
1
2038 65
1
2039 48
1
2040 240
1
2041 2
1
2042 132
1
2043 163
1
2044 208
1
2045 132
1
2046 196
1
2047 8
1
2048 243
1
2049 176
1
2050 63
1
2051 49
1
2052 208
1
2053 250
1
2054 228
1
2055 186
1
2056 29
1
2057 72
1
2058 3
1
2059 167
1
2060 49
1
2061 90
1
2062 35
1
2063 194
1
2064 69
1
2065 150
1
2066 11
1
2067 248
1
2068 154
1
2069 214
1
2070 34
1
2071 5
1
2072 58
1
2073 149
1
2074 49
1
2075 199
1
2076 2
1
2077 54
1
2078 232
1
2079 17
1
2080 235
1
2081 70
1
2082 85
1
2083 35
1
2084 211
1
2085 187
1
2086 247
1
2087 250
1
2088 24
1
2089 13
1
2090 92
1
2091 8
1
2092 34
1
2093 208
1
2094 87
1
2095 25
0
1
2096 61
1
2097 146
1
2098 14
1
2099 223
1
2100 20
1
2101 34
1
2102 168
1
2103 224
1
2104 69
1
2105 33
1
2106 222
1
2107 62
1
2108 131
1
2109 224
1
2110 157
1
2111 42
1
2112 242
1
2113 82
1
2114 231
1
2115 100
1
2116 233
1
2117 199
1
2118 107
1
2119 210
1
2120 6
1
2121 62
1
2122 49
1
2123 14
1
2124 101
1
2125 98
1
2126 150
1
2127 10
1
2128 69
1
2129 218
1
2130 208
1
2131 182
1
2132 83
1
2133 46
1
2134 189
1
2135 7
1
2136 31
1
2137 62
1
2138 79
1
2139 127
1
2140 192
1
2141 211
1
2142 250
1
2143 211
1
2144 240
1
2145 157
1
2146 257
1
2147 84
1
2148 188
1
2149 205
1
2150 197
1
2151 105
1
2152 191
1
2153 172
1
2154 32
1
2155 35
1
2156 178
1
2157 125
1
2158 183
1
2159 13
1
2160 244
1
2161 148
1
2162 255
1
2163 161
1
2164 250
0
1
2165 216
1
2166 146
1
2167 180
1
2168 39
1
2169 223
1
2170 88
1
2171 147
1
2172 175
1
2173 241
1
2174 111
1
2175 121
1
2176 169
1
2177 249
1
2178 227
1
2179 257
1
2180 244
1
2181 50
1
2182 130
1
2183 244
1
2184 6
1
2185 242
1
2186 163
1
2187 161
1
2188 244
1
2189 82
1
2190 126
1
2191 61
1
2192 249
1
2193 106
1
2194 253
1
2195 159
0
1
2196 60
1
2197 126
1
2198 133
1
2199 100
1
2200 100
1
2201 155
1
2202 70
1
2203 177
1
2204 126
1
2205 170
1
2206 179
1
2207 75
1
2208 154
1
2209 173
1
2210 11
1
2211 87
1
2212 187
1
2213 212
1
2214 180
1
2215 49
1
2216 171
1
2217 52
1
2218 201
0
1
2219 249
1
2220 211
1
2221 17
1
2222 100
1
2223 89
0
1
2224 208
1
2225 102
1
2226 247
1
2227 33
1
2228 202
1
2229 40
1
2230 52
1
2231 239
1
2232 152
1
2233 42
1
2234 256
1
2235 27
1
2236 188
1
2237 94
1
2238 131
1
2239 188
1
2240 53
1
2241 57
1
2242 209
1
2243 14
1
2244 35
1
2245 138
1
2246 196
1
2247 55
1
2248 111
1
2249 25
1
2250 9
1
2251 198
1
2252 48
1
2253 170
1
2254 4
1
2255 153
1
2256 161
1
2257 46
1
2258 138
1
2259 220
1
2260 59
1
2261 123
1
2262 71
1
2263 159
1
2264 224
1
2265 9
1
2266 31
1
2267 181
1
2268 51
1
2269 198
0
1
2270 195
1
2271 85
1
2272 5
1
2273 110
1
2274 39
1
2275 57
0
1
2276 87
1
2277 112
1
2278 99
1
2279 137
1
2280 120
1
2281 126
1
2282 35
1
2283 87
1
2284 76
1
2285 161
1
2286 30
1
2287 98
1
2288 169
1
2289 20
1
2290 88
1
2291 139
1
2292 82
1
2293 136
1
2294 29
1
2295 23
0
1
2296 128
1
2297 215
1
2298 18
1
2299 120
1
2300 72
1
2301 124
1
2302 164
1
2303 214
1
2304 89
1
2305 61
1
2306 192
1
2307 43
1
2308 176
1
2309 245
1
2310 18
1
2311 47
1
2312 233
0
1
2313 180
1
2314 132
1
2315 122
1
2316 51
1
2317 9
1
2318 144
1
2319 80
1
2320 3
1
2321 246
1
2322 238
1
2323 6
1
2324 182
1
2325 45
1
2326 198
1
2327 119
1
2328 92
1
2329 4
1
2330 37
1
2331 198
1
2332 50
1
2333 91
1
2334 136
1
2335 156
0
1
2336 57
1
2337 87
1
2338 242
1
2339 175
1
2340 180
1
2341 44
1
2342 197
1
2343 47
1
2344 126
1
2345 235
1
2346 72
1
2347 29
1
2348 180
1
2349 126
1
2350 68
1
2351 51
1
2352 186
1
2353 163
1
2354 7
1
2355 98
1
2356 147
1
2357 69
1
2358 234
1
2359 211
1
2360 222
1
2361 191
1
2362 217
1
2363 88
1
2364 137
1
2365 174
1
2366 172
1
2367 191
1
2368 157
1
2369 122
1
2370 135
1
2371 61
0
1
2372 29
1
2373 235
1
2374 12
1
2375 189
1
2376 107
1
2377 235
1
2378 62
1
2379 30
1
2380 251
1
2381 45
1
2382 14
1
2383 5
0
1
2384 193
1
2385 254
1
2386 26
1
2387 216
1
2388 61
1
2389 149
1
2390 89
1
2391 202
1
2392 96
1
2393 101
1
2394 22
1
2395 161
1
2396 62
1
2397 93
1
2398 61
1
2399 61
1
2400 208
1
2401 254
1
2402 124
1
2403 229
1
2404 139
0
0
1
2405 9
1
2406 123
1
2407 36
1
2408 8
1
2409 44
1
2410 171
1
2411 170
1
2412 34
1
2413 88
0
1
2414 61
1
2415 47
1
2416 129
1
2417 131
1
2418 45
1
2419 157
1
2420 94
1
2421 95
1
2422 221
1
2423 8
1
2424 88
1
2425 22
1
2426 94
1
2427 55
1
2428 58
1
2429 135
1
2430 108
1
2431 251
1
2432 172
1
2433 7
1
2434 145
1
2435 125
1
2436 119
1
2437 14
1
2438 75
1
2439 96
1
2440 53
1
2441 154
1
2442 78
1
2443 203
1
2444 117
1
2445 83
1
2446 167
1
2447 170
1
2448 201
1
2449 244
1
2450 122
1
2451 78
1
2452 188
1
2453 62
1
2454 21
1
2455 54
1
2456 236
1
2457 41
1
2458 100
0
1
2459 12
1
2460 157
1
2461 187
1
2462 45
1
2463 100
1
2464 36
1
2465 104
1
2466 54
1
2467 172
0
1
2468 142
1
2469 51
1
2470 59
0
1
2471 219
1
2472 248
1
2473 159
0
1
2474 140
1
2475 94
1
2476 86
1
2477 18
0
1
2478 102
1
2479 2
1
2480 186
0
1
2481 108
1
2482 28
1
2483 66
0
1
2484 46
1
2485 211
1
2486 238
1
2487 175
1
2488 12
0
1
2489 56
1
2490 227
1
2491 132
1
2492 209
1
2493 224
1
2494 203
1
2495 59
1
2496 39
0
1
2497 256
1
2498 229
1
2499 153
1
2500 128
1
2501 74
1
2502 224
1
2503 194
1
2504 138
1
2505 96
1
2506 56
1
2507 82
1
2508 37
1
2509 225
1
2510 161
0
1
2511 247
1
2512 224
1
2513 226
1
2514 54
1
2515 199
1
2516 126
1
2517 138
1
2518 216
1
2519 130
1
2520 19
1
2521 33
1
2522 241
1
2523 2
1
2524 4
1
2525 174
1
2526 130
1
2527 56
1
2528 47
1
2529 65
1
2530 124
1
2531 82
1
2532 75
1
2533 50
1
2534 82
1
2535 68
1
2536 11
1
2537 54
1
2538 18
1
2539 101
1
2540 211
1
2541 41
1
2542 57
1
2543 117
0
1
2544 86
1
2545 62
1
2546 26
1
2547 148
1
2548 61
1
2549 39
1
2550 250
1
2551 163
0
1
2552 255
1
2553 205
1
2554 120
1
2555 83
1
2556 62
1
2557 125
1
2558 152
1
2559 59
1
2560 5
1
2561 102
0
1
2562 186
1
2563 141
1
2564 77
1
2565 102
1
2566 222
1
2567 62
1
2568 52
0
1
2569 255
1
2570 84
1
2571 46
1
2572 112
1
2573 197
1
2574 168
1
2575 174
1
2576 238
1
2577 19
1
2578 131
1
2579 193
1
2580 242
1
2581 216
1
2582 140
1
2583 5
0
1
2584 17
1
2585 222
1
2586 26
0
1
2587 246
1
2588 171
1
2589 34
1
2590 106
1
2591 61
1
2592 8
0
1
2593 197
1
2594 225
1
2595 4
1
2596 28
1
2597 211
1
2598 227
1
2599 77
0
1
2600 76
0
0
1
2601 80
1
2602 101
1
2603 25
0
1
2604 65
1
2605 85
1
2606 17
1
2607 217
1
2608 161
1
2609 138
1
2610 37
1
2611 117
1
2612 198
1
2613 231
1
2614 170
0
1
2615 257
1
2616 221
1
2617 34
1
2618 186
1
2619 162
1
2620 187
0
1
2621 217
1
2622 55
1
2623 134
1
2624 145
1
2625 108
1
2626 195
1
2627 119
1
2628 29
1
2629 149
1
2630 200
1
2631 243
1
2632 53
1
2633 126
1
2634 212
1
2635 14
1
2636 185
1
2637 139
1
2638 233
1
2639 111
1
2640 235
1
2641 174
1
2642 80
1
2643 157
1
2644 234
1
2645 115
1
2646 126
1
2647 238
1
2648 36
1
2649 117
1
2650 220
1
2651 85
1
2652 117
1
2653 109
1
2654 11
1
2655 35
1
2656 229
1
2657 32
1
2658 40
1
2659 163
1
2660 41
0
1
2661 156
0
1
2662 40
1
2663 156
1
2664 61
1
2665 224
1
2666 32
1
2667 119
1
2668 18
1
2669 165
0
0
1
2670 112
1
2671 167
1
2672 113
1
2673 207
1
2674 22
1
2675 171
1
2676 107
1
2677 231
1
2678 161
1
2679 176
0
0
1
2680 172
1
2681 8
1
2682 186
1
2683 106
1
2684 46
1
2685 251
1
2686 180
1
2687 17
1
2688 98
1
2689 167
1
2690 216
1
2691 12
1
2692 11
1
2693 180
0
1
2694 14
1
2695 92
1
2696 248
1
2697 10
1
2698 111
1
2699 66
1
2700 74
1
2701 94
1
2702 227
1
2703 83
0
1
2704 134
1
2705 136
1
2706 163
1
2707 17
1
2708 181
1
2709 52
1
2710 14
1
2711 71
1
2712 61
1
2713 61
0
1
2714 151
1
2715 46
0
1
2716 185
1
2717 10
1
2718 171
1
2719 26
1
2720 189
1
2721 220
1
2722 18
1
2723 86
1
2724 101
1
2725 12
0
1
2726 152
1
2727 102
1
2728 106
1
2729 252
0
1
2730 107
1
2731 85
1
2732 80
1
2733 215
1
2734 221
1
2735 201
1
2736 39
1
2737 36
1
2738 123
0
1
2739 79
1
2740 56
1
2741 193
1
2742 89
0
0
1
2743 187
1
2744 34
1
2745 76
1
2746 51
0
1
2747 193
1
2748 113
1
2749 134
1
2750 117
1
2751 139
0
1
2752 256
1
2753 154
1
2754 197
1
2755 18
1
2756 251
0
1
2757 155
1
2758 224
1
2759 255
1
2760 196
1
2761 230
1
2762 113
1
2763 107
1
2764 238
1
2765 104
0
1
2766 12
1
2767 147
1
2768 125
1
2769 171
1
2770 123
1
2771 71
0
0
1
2772 199
1
2773 117
1
2774 156
1
2775 224
0
1
2776 142
1
2777 256
1
2778 240
1
2779 31
0
1
2780 106
1
2781 241
1
2782 234
1
2783 171
1
2784 50
1
2785 98
1
2786 9
1
2787 110
1
2788 39
1
2789 212
1
2790 109
1
2791 145
0
1
2792 210
1
2793 138
1
2794 37
1
2795 152
1
2796 232
1
2797 148
1
2798 250
0
1
2799 69
1
2800 88
1
2801 219
1
2802 250
1
2803 92
1
2804 10
1
2805 144
1
2806 206
1
2807 168
0
1
2808 62
1
2809 100
1
2810 197
1
2811 164
1
2812 211
0
1
2813 17
1
2814 22
1
2815 218
1
2816 222
1
2817 216
1
2818 243
1
2819 176
1
2820 121
1
2821 43
1
2822 128
1
2823 191
0
1
2824 225
1
2825 195
1
2826 56
1
2827 241
1
2828 143
1
2829 119
1
2830 235
1
2831 138
1
2832 63
1
2833 186
1
2834 60
1
2835 182
1
2836 153
1
2837 141
1
2838 11
1
2839 230
1
2840 193
1
2841 109
1
2842 221
0
0
0
1
2843 205
1
2844 161
0
1
2845 126
1
2846 92
1
2847 139
1
2848 163
1
2849 82
0
1
2850 200
1
2851 119
0
1
2852 86
1
2853 85
1
2854 202
1
2855 187
1
2856 20
1
2857 149
1
2858 156
0
1
2859 241
1
2860 113
1
2861 10
1
2862 96
0
1
2863 17
1
2864 12
1
2865 104
1
2866 139
1
2867 94
1
2868 224
1
2869 221
1
2870 248
1
2871 146
1
2872 144
1
2873 180
1
2874 211
1
2875 135
1
2876 116
1
2877 74
1
2878 224
1
2879 66
1
2880 172
1
2881 225
1
2882 215
1
2883 100
1
2884 251
1
2885 65
1
2886 133
1
2887 216
1
2888 200
0
1
2889 212
1
2890 216
1
2891 112
1
2892 27
0
1
2893 39
1
2894 54
1
2895 119
1
2896 82
0
1
2897 241
1
2898 124
1
2899 176
0
0
1
2900 39
1
2901 213
1
2902 61
1
2903 15
1
2904 70
1
2905 119
1
2906 173
1
2907 227
1
2908 30
1
2909 84
1
2910 44
1
2911 140
0
0
1
2912 164
1
2913 57
1
2914 28
1
2915 180
0
1
2916 61
1
2917 133
0
1
2918 204
1
2919 218
1
2920 110
1
2921 154
1
2922 11
1
2923 141
1
2924 73
1
2925 202
0
1
2926 177
0
1
2927 250
0
1
2928 24
1
2929 212
1
2930 121
1
2931 145
1
2932 224
1
2933 128
1
2934 37
1
2935 165
1
2936 157
1
2937 208
1
2938 16
1
2939 191
1
2940 2
0
1
2941 103
1
2942 27
0
1
2943 221
1
2944 184
1
2945 27
1
2946 25
0
1
2947 53
1
2948 131
1
2949 33
0
1
2950 47
1
2951 153
1
2952 26
1
2953 181
1
2954 255
1
2955 88
0
1
2956 182
1
2957 192
1
2958 235
1
2959 149
0
0
1
2960 214
1
2961 48
1
2962 179
1
2963 79
1
2964 86
1
2965 84
1
2966 91
1
2967 182
1
2968 76
1
2969 144
1
2970 240
0
1
2971 222
0
0
1
2972 85
0
0
1
2973 70
1
2974 97
1
2975 65
1
2976 219
1
2977 91
1
2978 199
0
1
2979 23
1
2980 31
1
2981 152
1
2982 38
1
2983 79
1
2984 192
1
2985 179
1
2986 249
1
2987 87
1
2988 43
1
2989 141
1
2990 161
0
1
2991 32
1
2992 130
1
2993 191
0
1
2994 181
1
2995 8
1
2996 62
1
2997 252
0
1
2998 211
0
1
2999 194
0
1
3000 7
1
3001 80
1
3002 15
1
3003 30
1
3004 70
1
3005 135
1
3006 236
1
3007 228
1
3008 255
1
3009 68
1
3010 98
1
3011 68
1
3012 114
1
3013 57
1
3014 180
1
3015 219
1
3016 231
1
3017 88
1
3018 250
0
1
3019 21
1
3020 214
1
3021 177
1
3022 3
1
3023 232
1
3024 200
1
3025 161
1
3026 122
0
1
3027 170
1
3028 79
1
3029 215
1
3030 62
0
1
3031 125
1
3032 224
0
1
3033 50
1
3034 35
1
3035 228
1
3036 213
1
3037 71
0
1
3038 165
1
3039 10
1
3040 102
1
3041 5
1
3042 35
1
3043 56
0
1
3044 96
1
3045 177
1
3046 33
1
3047 156
1
3048 156
0
1
3049 183
1
3050 36
1
3051 164
1
3052 97
0
0
1
3053 164
0
1
3054 190
1
3055 96
1
3056 133
1
3057 2
1
3058 207
0
1
3059 2
1
3060 30
1
3061 184
1
3062 238
1
3063 239
0
1
3064 42
1
3065 191
1
3066 195
1
3067 85
1
3068 155
1
3069 134
1
3070 94
1
3071 89
1
3072 32
1
3073 175
1
3074 85
1
3075 99
1
3076 167
1
3077 216
0
1
3078 238
1
3079 100
0
0
1
3080 224
1
3081 144
1
3082 240
1
3083 251
0
1
3084 163
1
3085 48
1
3086 208
1
3087 135
1
3088 129
0
1
3089 219
1
3090 254
0
0
1
3091 161
1
3092 204
0
1
3093 151
1
3094 180
1
3095 28
0
1
3096 113
1
3097 161
1
3098 33
1
3099 119
1
3100 121
1
3101 159
1
3102 77
0
1
3103 164
1
3104 70
1
3105 92
1
3106 69
1
3107 76
1
3108 224
1
3109 102
1
3110 131
1
3111 136
1
3112 147
0
1
3113 38
1
3114 211
1
3115 39
1
3116 12
1
3117 6
1
3118 234
1
3119 104
1
3120 221
1
3121 68
0
1
3122 179
0
1
3123 160
1
3124 169
1
3125 164
1
3126 217
1
3127 41
1
3128 45
0
0
1
3129 115
1
3130 226
1
3131 182
1
3132 27
1
3133 128
1
3134 221
0
1
3135 161
1
3136 106
1
3137 69
1
3138 163
1
3139 175
1
3140 73
0
1
3141 30
1
3142 146
0
0
1
3143 194
1
3144 43
1
3145 140
0
1
3146 90
0
1
3147 117
1
3148 138
1
3149 84
0
1
3150 30
1
3151 149
1
3152 120
1
3153 15
1
3154 143
1
3155 170
1
3156 161
0
1
3157 187
0
1
3158 22
1
3159 212
0
1
3160 104
1
3161 22
1
3162 76
0
1
3163 47
0
1
3164 250
1
3165 241
1
3166 72
1
3167 218
0
1
3168 8
1
3169 7
0
0
1
3170 123
1
3171 15
1
3172 8
1
3173 172
1
3174 49
1
3175 224
1
3176 55
0
1
3177 34
0
1
3178 144
0
1
3179 188
1
3180 198
1
3181 146
1
3182 49
1
3183 29
0
0
0
1
3184 48
1
3185 50
1
3186 195
0
1
3187 12
0
1
3188 109
0
1
3189 39
1
3190 24
1
3191 79
0
1
3192 92
1
3193 197
1
3194 183
1
3195 2
0
1
3196 56
1
3197 34
0
1
3198 17
1
3199 170
1
3200 130
1
3201 68
1
3202 240
0
1
3203 91
0
1
3204 212
1
3205 110
1
3206 104
1
3207 157
1
3208 94
1
3209 232
1
3210 117
0
1
3211 92
1
3212 236
1
3213 5
1
3214 225
1
3215 113
1
3216 113
0
1
3217 80
1
3218 195
1
3219 77
1
3220 154
1
3221 179
0
1
3222 37
1
3223 112
1
3224 129
0
1
3225 12
1
3226 37
1
3227 127
0
1
3228 251
1
3229 233
1
3230 225
0
1
3231 76
1
3232 17
1
3233 224
0
1
3234 13
1
3235 137
1
3236 109
0
1
3237 138
1
3238 226
1
3239 206
0
1
3240 184
0
0
1
3241 50
1
3242 60
1
3243 80
0
1
3244 235
1
3245 140
1
3246 87
1
3247 202
1
3248 230
1
3249 62
1
3250 55
1
3251 56
1
3252 106
1
3253 250
1
3254 146
1
3255 214
1
3256 34
0
0
0
1
3257 33
1
3258 87
1
3259 214
0
1
3260 85
1
3261 146
1
3262 63
1
3263 206
1
3264 138
1
3265 82
1
3266 57
1
3267 29
1
3268 22
1
3269 8
0
0
1
3270 224
1
3271 213
1
3272 50
1
3273 79
1
3274 18
1
3275 176
1
3276 146
1
3277 117
0
1
3278 62
0
0
1
3279 104
0
1
3280 67
0
0
0
0
1
3281 27
1
3282 31
1
3283 211
1
3284 155
1
3285 86
1
3286 145
1
3287 10
1
3288 204
1
3289 189
1
3290 32
0
0
0
1
3291 153
1
3292 219
0
1
3293 17
0
1
3294 106
1
3295 86
1
3296 235
0
0
0
1
3297 138
1
3298 170
0
1
3299 94
1
3300 41
1
3301 187
1
3302 48
1
3303 230
1
3304 120
1
3305 118
1
3306 152
1
3307 106
1
3308 196
0
1
3309 143
1
3310 210
1
3311 210
0
1
3312 62
1
3313 77
1
3314 87
1
3315 216
1
3316 77
1
3317 210
1
3318 140
1
3319 177
1
3320 45
0
1
3321 107
0
0
1
3322 9
1
3323 81
1
3324 224
1
3325 70
1
3326 143
1
3327 10
0
0
0
0
0
1
3328 225
1
3329 201
1
3330 217
1
3331 244
0
0
1
3332 8
0
1
3333 192
1
3334 43
1
3335 210
1
3336 115
0
1
3337 170
1
3338 174
0
1
3339 151
1
3340 172
1
3341 11
1
3342 235
1
3343 125
1
3344 124
1
3345 151
1
3346 135
1
3347 51
1
3348 125
1
3349 221
1
3350 117
1
3351 222
1
3352 224
0
0
1
3353 39
0
0
0
1
3354 116
0
0
1
3355 89
1
3356 31
1
3357 159
1
3358 236
1
3359 225
1
3360 133
1
3361 143
1
3362 49
1
3363 181
0
1
3364 250
1
3365 161
1
3366 30
0
1
3367 201
1
3368 180
1
3369 128
1
3370 251
1
3371 46
1
3372 248
0
1
3373 12
0
0
0
1
3374 169
0
1
3375 135
1
3376 15
0
1
3377 42
0
1
3378 161
1
3379 161
1
3380 113
1
3381 42
1
3382 229
1
3383 130
0
0
1
3384 234
0
1
3385 178
0
1
3386 137
1
3387 161
1
3388 139
1
3389 3
1
3390 234
0
1
3391 153
0
1
3392 240
1
3393 187
0
1
3394 47
1
3395 30
1
3396 250
1
3397 54
1
3398 139
0
1
3399 110
0
0
1
3400 207
1
3401 168
1
3402 4
1
3403 214
1
3404 162
1
3405 95
1
3406 228
1
3407 142
1
3408 29
1
3409 30
0
0
1
3410 109
1
3411 160
0
1
3412 51
1
3413 118
1
3414 34
1
3415 22
1
3416 59
1
3417 211
1
3418 207
0
1
3419 255
1
3420 232
1
3421 211
0
1
3422 182
1
3423 208
1
3424 165
1
3425 40
1
3426 62
0
1
3427 237
0
1
3428 103
1
3429 245
1
3430 117
1
3431 148
0
1
3432 24
0
1
3433 219
1
3434 103
0
0
1
3435 71
1
3436 120
1
3437 86
0
1
3438 116
1
3439 170
1
3440 224
0
0
1
3441 252
0
1
3442 162
1
3443 2
1
3444 229
0
0
1
3445 165
1
3446 18
1
3447 217
1
3448 76
1
3449 254
1
3450 54
1
3451 92
1
3452 62
1
3453 179
1
3454 113
1
3455 118
1
3456 139
1
3457 130
0
0
0
1
3458 254
1
3459 93
1
3460 3
0
0
1
3461 205
0
1
3462 97
1
3463 159
0
1
3464 7
1
3465 112
0
1
3466 38
0
1
3467 129
1
3468 250
1
3469 241
1
3470 62
1
3471 211
1
3472 138
1
3473 18
1
3474 11
0
0
1
3475 194
1
3476 240
1
3477 78
1
3478 56
1
3479 220
1
3480 103
1
3481 243
0
1
3482 171
1
3483 184
1
3484 79
1
3485 47
1
3486 168
0
1
3487 45
0
0
1
3488 174
0
1
3489 170
0
0
1
3490 250
1
3491 5
1
3492 187
1
3493 149
1
3494 39
1
3495 148
1
3496 153
0
1
3497 79
1
3498 81
0
1
3499 197
1
3500 199
0
1
3501 65
1
3502 47
1
3503 148
1
3504 255
1
3505 102
0
1
3506 135
0
1
3507 215
1
3508 105
1
3509 236
1
3510 50
1
3511 126
1
3512 53
1
3513 22
1
3514 256
1
3515 29
1
3516 77
0
1
3517 226
1
3518 27
0
1
3519 96
1
3520 174
1
3521 169
1
3522 37
1
3523 132
1
3524 25
0
1
3525 193
1
3526 165
1
3527 21
0
1
3528 134
0
1
3529 239
1
3530 174
1
3531 65
1
3532 47
1
3533 130
0
1
3534 43
1
3535 151
1
3536 237
1
3537 200
0
1
3538 124
1
3539 214
1
3540 224
0
1
3541 21
1
3542 22
1
3543 161
1
3544 235
0
0
1
3545 213
0
1
3546 60
0
1
3547 213
0
1
3548 23
1
3549 57
0
1
3550 112
0
0
0
0
1
3551 234
1
3552 73
1
3553 224
1
3554 108
1
3555 256
1
3556 117
1
3557 225
1
3558 34
0
1
3559 197
1
3560 4
1
3561 70
0
0
1
3562 171
1
3563 47
1
3564 127
1
3565 205
1
3566 253
1
3567 236
1
3568 240
1
3569 226
1
3570 92
1
3571 103
1
3572 153
1
3573 62
1
3574 53
1
3575 12
1
3576 113
1
3577 73
0
1
3578 88
1
3579 235
1
3580 95
1
3581 51
0
0
1
3582 131
0
0
1
3583 18
1
3584 158
1
3585 140
1
3586 94
1
3587 31
1
3588 98
0
1
3589 184
1
3590 6
0
1
3591 30
1
3592 203
1
3593 222
1
3594 49
0
0
0
1
3595 241
0
0
1
3596 202
1
3597 228
1
3598 209
1
3599 251
0
1
3600 7
1
3601 212
1
3602 67
1
3603 228
0
1
3604 43
1
3605 154
0
0
1
3606 66
0
1
3607 255
0
1
3608 117
1
3609 32
1
3610 102
1
3611 105
1
3612 32
1
3613 147
1
3614 44
1
3615 88
1
3616 171
1
3617 183
1
3618 244
1
3619 163
1
3620 122
0
0
1
3621 161
0
1
3622 209
0
0
1
3623 62
0
1
3624 250
1
3625 12
1
3626 228
1
3627 98
1
3628 94
1
3629 161
1
3630 127
0
0
1
3631 227
1
3632 107
0
1
3633 113
1
3634 48
1
3635 62
0
1
3636 37
1
3637 98
0
1
3638 29
0
1
3639 31
1
3640 142
1
3641 174
1
3642 75
1
3643 29
0
1
3644 170
1
3645 204
1
3646 101
0
1
3647 128
1
3648 127
1
3649 25
1
3650 122
0
0
1
3651 135
1
3652 157
0
0
0
0
0
1
3653 88
1
3654 208
1
3655 118
1
3656 222
1
3657 34
1
3658 123
1
3659 83
1
3660 116
0
0
1
3661 231
1
3662 193
1
3663 246
0
0
1
3664 140
1
3665 70
0
1
3666 200
1
3667 44
0
1
3668 99
0
0
0
1
3669 97
1
3670 21
1
3671 62
1
3672 163
1
3673 84
0
0
1
3674 58
0
1
3675 113
1
3676 13
1
3677 9
1
3678 82
0
1
3679 236
0
1
3680 11
1
3681 30
1
3682 62
1
3683 211
1
3684 115
1
3685 26
1
3686 223
1
3687 43
0
1
3688 238
0
1
3689 8
1
3690 251
1
3691 164
0
1
3692 97
0
1
3693 33
1
3694 46
0
0
1
3695 198
1
3696 64
1
3697 36
1
3698 117
1
3699 166
0
1
3700 75
1
3701 117
1
3702 81
1
3703 195
0
1
3704 40
1
3705 27
0
0
1
3706 127
1
3707 109
0
1
3708 54
1
3709 112
1
3710 244
1
3711 226
0
1
3712 234
0
1
3713 22
0
1
3714 222
0
1
3715 206
0
1
3716 164
0
0
1
3717 160
0
1
3718 225
1
3719 175
1
3720 70
0
0
1
3721 97
1
3722 117
0
1
3723 144
0
1
3724 166
1
3725 106
0
1
3726 194
1
3727 51
1
3728 60
1
3729 60
0
1
3730 138
1
3731 18
0
1
3732 132
0
1
3733 191
0
0
0
0
1
3734 137
1
3735 248
1
3736 234
0
1
3737 64
0
0
1
3738 190
1
3739 164
1
3740 240
1
3741 170
1
3742 34
0
0
0
0
0
0
0
1
3743 149
1
3744 103
0
0
0
0
0
1
3745 24
1
3746 133
1
3747 95
0
1
3748 118
1
3749 76
0
1
3750 61
0
1
3751 113
0
1
3752 247
0
1
3753 217
0
1
3754 95
1
3755 250
1
3756 157
1
3757 239
1
3758 78
1
3759 49
0
1
3760 90
1
3761 144
1
3762 185
1
3763 236
1
3764 58
0
0
1
3765 199
1
3766 7
1
3767 224
1
3768 238
0
1
3769 4
1
3770 138
1
3771 250
0
0
1
3772 56
0
1
3773 64
1
3774 242
1
3775 76
0
0
0
1
3776 41
1
3777 202
1
3778 176
1
3779 97
1
3780 15
1
3781 124
1
3782 149
1
3783 72
0
0
1
3784 244
1
3785 161
1
3786 235
1
3787 15
1
3788 64
0
1
3789 150
0
0
1
3790 62
1
3791 230
1
3792 183
0
0
0
0
1
3793 129
1
3794 50
1
3795 176
1
3796 211
1
3797 140
0
1
3798 175
1
3799 2
1
3800 90
1
3801 112
0
1
3802 12
0
1
3803 77
1
3804 255
0
1
3805 72
1
3806 102
0
0
0
0
0
0
1
3807 117
1
3808 120
0
1
3809 73
1
3810 70
0
1
3811 96
1
3812 197
1
3813 143
0
0
1
3814 51
1
3815 189
1
3816 66
0
1
3817 85
1
3818 191
1
3819 5
0
0
1
3820 69
1
3821 105
0
1
3822 248
1
3823 187
0
1
3824 208
0
0
0
1
3825 104
0
1
3826 205
0
0
1
3827 16
1
3828 219
1
3829 245
0
0
1
3830 102
1
3831 203
0
0
0
0
1
3832 246
0
1
3833 203
0
0
0
1
3834 226
0
1
3835 119
1
3836 148
1
3837 255
0
0
1
3838 210
1
3839 85
0
0
1
3840 43
1
3841 203
0
0
0
1
3842 242
1
3843 97
1
3844 4
0
0
0
1
3845 133
1
3846 106
1
3847 236
0
0
1
3848 250
1
3849 184
1
3850 219
0
1
3851 45
1
3852 119
0
0
1
3853 120
0
0
0
1
3854 224
0
0
0
0
1
3855 48
1
3856 78
0
0
0
1
3857 131
1
3858 61
0
1
3859 255
0
0
0
1
3860 234
0
1
3861 90
0
0
0
0
1
3862 113
1
3863 16
0
0
1
3864 87
1
3865 129
1
3866 108
1
3867 186
1
3868 44
0
0
0
1
3869 253
1
3870 80
1
3871 143
1
3872 255
0
1
3873 242
1
3874 12
1
3875 117
1
3876 165
0
1
3877 157
1
3878 78
1
3879 69
1
3880 184
1
3881 18
1
3882 119
1
3883 198
0
1
3884 221
0
1
3885 206
1
3886 126
0
1
3887 217
1
3888 47
0
0
1
3889 153
0
0
1
3890 208
1
3891 24
1
3892 230
0
1
3893 222
1
3894 89
0
1
3895 203
0
0
0
1
3896 139
1
3897 160
0
1
3898 35
0
0
0
0
0
1
3899 12
0
0
1
3900 188
1
3901 46
0
1
3902 150
0
1
3903 73
0
1
3904 30
1
3905 170
1
3906 184
0
0
0
1
3907 22
1
3908 161
1
3909 58
0
1
3910 232
1
3911 247
0
1
3912 60
1
3913 31
1
3914 167
1
3915 13
0
1
3916 168
1
3917 76
1
3918 106
1
3919 166
1
3920 144
0
0
1
3921 240
0
0
0
0
0
0
1
3922 99
1
3923 141
1
3924 250
1
3925 140
0
0
0
1
3926 21
0
1
3927 52
1
3928 3
0
1
3929 144
0
0
0
1
3930 251
1
3931 62
1
3932 83
1
3933 2
1
3934 115
1
3935 188
0
1
3936 49
1
3937 223
0
1
3938 129
1
3939 65
1
3940 241
1
3941 71
1
3942 91
0
0
1
3943 81
1
3944 141
1
3945 241
0
1
3946 146
1
3947 77
1
3948 174
1
3949 130
1
3950 219
1
3951 38
1
3952 31
1
3953 91
0
1
3954 71
1
3955 144
1
3956 2
0
0
0
1
3957 252
1
3958 245
1
3959 229
1
3960 94
1
3961 83
0
1
3962 224
1
3963 232
0
1
3964 175
0
1
3965 246
0
0
1
3966 29
1
3967 116
0
0
0
0
0
0
1
3968 80
1
3969 119
1
3970 66
1
3971 64
0
1
3972 203
1
3973 70
1
3974 180
0
0
0
0
1
3975 187
1
3976 170
0
0
1
3977 204
1
3978 51
0
0
0
0
1
3979 130
0
0
1
3980 187
1
3981 194
1
3982 51
1
3983 147
0
1
3984 47
0
0
0
1
3985 60
1
3986 6
0
0
1
3987 254
1
3988 127
0
0
1
3989 210
0
0
1
3990 220
1
3991 68
0
0
1
3992 175
0
1
3993 138
1
3994 180
0
1
3995 195
1
3996 176
1
3997 141
1
3998 122
0
1
3999 199
1
4000 196
0
0
0
1
4001 119
1
4002 141
1
4003 20
1
4004 196
0
1
4005 250
1
4006 68
1
4007 206
0
0
0
1
4008 215
0
1
4009 193
0
0
0
0
1
4010 93
0
0
1
4011 2
0
0
1
4012 65
0
1
4013 247
1
4014 71
0
0
1
4015 12
0
1
4016 55
0
0
1
4017 180
0
1
4018 211
1
4019 92
1
4020 77
0
0
1
4021 39
0
0
0
1
4022 200
1
4023 27
1
4024 255
0
1
4025 77
0
0
0
1
4026 151
0
1
4027 98
0
1
4028 233
0
0
1
4029 133
0
1
4030 187
1
4031 229
1
4032 111
1
4033 42
1
4034 180
1
4035 224
1
4036 228
0
1
4037 11
0
0
1
4038 120
1
4039 226
0
0
0
0
0
1
4040 126
0
0
0
1
4041 142
1
4042 195
0
0
0
0
0
0
1
4043 35
0
1
4044 47
1
4045 126
1
4046 56
0
0
1
4047 81
0
0
0
1
4048 53
0
0
1
4049 231
0
0
1
4050 244
1
4051 162
0
0
0
1
4052 240
0
0
0
1
4053 153
0
1
4054 64
0
1
4055 36
0
0
1
4056 157
1
4057 77
0
1
4058 198
1
4059 134
1
4060 88
1
4061 39
1
4062 61
0
0
0
0
1
4063 178
0
1
4064 166
0
1
4065 65
0
1
4066 105
0
1
4067 96
0
1
4068 191
1
4069 150
1
4070 245
1
4071 113
0
0
0
0
0
0
1
4072 200
0
0
1
4073 61
0
1
4074 33
1
4075 80
1
4076 47
0
0
1
4077 50
0
0
0
1
4078 78
1
4079 165
1
4080 19
1
4081 218
0
0
1
4082 229
0
0
1
4083 189
1
4084 204
0
0
1
4085 138
1
4086 247
1
4087 16
0
0
1
4088 70
0
0
1
4089 164
1
4090 68
1
4091 172
0
0
1
4092 100
0
0
0
1
4093 227
0
1
4094 157
1
4095 34
0
0
0
1
4096 183
1
4097 125
1
4098 113
1
4099 11
1
4100 178
0
1
4101 41
0
1
4102 14
0
0
0
1
4103 241
0
1
4104 157
0
0
0
0
0
0
0
0
1
4105 230
0
1
4106 100
1
4107 212
1
4108 242
1
4109 227
1
4110 224
0
1
4111 212
0
0
0
1
4112 230
1
4113 207
0
1
4114 66
1
4115 65
0
0
1
4116 201
0
1
4117 149
1
4118 133
1
4119 106
1
4120 232
1
4121 214
0
0
0
0
0
1
4122 113
0
1
4123 236
1
4124 65
0
1
4125 35
1
4126 42
1
4127 20
0
0
1
4128 119
0
1
4129 125
0
0
1
4130 203
0
1
4131 72
1
4132 130
1
4133 151
1
4134 7
0
1
4135 217
0
0
1
4136 257
0
1
4137 214
1
4138 62
0
0
0
0
0
0
0
0
1
4139 9
0
1
4140 62
0
1
4141 201
0
1
4142 114
0
1
4143 235
1
4144 157
0
1
4145 74
0
0
0
1
4146 196
1
4147 155
0
0
1
4148 110
0
0
0
0
1
4149 136
0
0
1
4150 53
0
0
0
1
4151 87
1
4152 98
1
4153 42
1
4154 10
0
0
1
4155 225
1
4156 211
1
4157 11
0
0
1
4158 200
0
0
0
1
4159 23
0
1
4160 5
1
4161 200
1
4162 201
1
4163 150
1
4164 83
1
4165 38
0
0
1
4166 216
1
4167 171
1
4168 202
1
4169 250
0
1
4170 257
1
4171 110
1
4172 12
1
4173 18
1
4174 72
1
4175 201
0
1
4176 174
1
4177 256
0
0
0
0
0
1
4178 86
0
0
0
0
0
1
4179 74
0
0
1
4180 225
1
4181 167
1
4182 30
0
1
4183 244
1
4184 169
0
1
4185 234
1
4186 35
1
4187 106
1
4188 157
0
1
4189 23
0
0
0
0
0
0
0
0
0
1
4190 228
0
1
4191 34
0
0
0
1
4192 228
1
4193 241
0
0
0
0
0
1
4194 172
0
1
4195 66
0
0
0
1
4196 230
1
4197 138
0
1
4198 72
1
4199 239
0
0
0
0
0
1
4200 175
0
1
4201 50
1
4202 247
1
4203 60
0
0
0
0
0
0
0
0
1
4204 230
1
4205 167
1
4206 183
1
4207 248
0
1
4208 236
0
1
4209 190
0
1
4210 96
1
4211 192
1
4212 124
0
1
4213 211
1
4214 211
1
4215 250
0
0
1
4216 91
0
1
4217 163
1
4218 58
1
4219 106
0
1
4220 48
0
1
4221 138
0
0
1
4222 161
1
4223 67
1
4224 224
1
4225 230
0
1
4226 150
1
4227 114
1
4228 183
1
4229 246
1
4230 128
1
4231 123
0
1
4232 129
1
4233 142
0
0
0
0
0
0
1
4234 39
0
0
0
0
1
4235 14
1
4236 51
1
4237 150
0
1
4238 235
0
0
0
1
4239 122
1
4240 180
0
1
4241 125
0
0
1
4242 9
0
1
4243 209
1
4244 130
1
4245 23
1
4246 71
0
0
0
1
4247 86
0
1
4248 230
0
0
0
0
1
4249 39
0
0
0
1
4250 225
1
4251 234
1
4252 178
0
1
4253 67
0
1
4254 69
1
4255 26
0
0
1
4256 121
1
4257 11
0
1
4258 43
1
4259 164
1
4260 136
0
0
1
4261 102
0
1
4262 136
0
0
0
1
4263 58
0
1
4264 150
0
1
4265 127
1
4266 231
1
4267 102
0
1
4268 34
0
1
4269 227
0
0
1
4270 95
0
1
4271 12
1
4272 185
0
0
0
0
1
4273 47
0
1
4274 60
1
4275 190
1
4276 169
0
1
4277 241
1
4278 24
0
0
1
4279 59
1
4280 177
1
4281 61
0
1
4282 148
1
4283 73
0
0
1
4284 6
1
4285 122
1
4286 199
0
1
4287 68
0
0
1
4288 58
0
1
4289 109
0
1
4290 138
1
4291 62
1
4292 59
0
0
1
4293 79
1
4294 188
1
4295 25
0
1
4296 129
0
0
0
0
0
1
4297 30
1
4298 137
0
0
0
1
4299 154
1
4300 123
0
0
0
1
4301 188
1
4302 85
0
0
0
0
1
4303 61
0
0
0
1
4304 138
0
0
1
4305 112
0
1
4306 241
1
4307 253
0
0
0
1
4308 191
0
1
4309 56
0
1
4310 148
0
1
4311 147
1
4312 246
0
0
0
0
0
1
4313 18
1
4314 175
1
4315 105
0
0
0
1
4316 76
0
0
1
4317 123
1
4318 105
0
0
0
0
1
4319 18
0
1
4320 249
0
1
4321 50
1
4322 241
1
4323 197
1
4324 147
0
0
1
4325 32
1
4326 209
0
1
4327 50
0
0
0
0
0
0
0
0
1
4328 62
1
4329 23
0
0
1
4330 125
1
4331 83
0
0
1
4332 196
0
1
4333 228
1
4334 175
0
0
1
4335 89
1
4336 149
0
0
0
1
4337 156
0
0
1
4338 113
0
0
1
4339 66
0
1
4340 83
0
0
1
4341 246
0
1
4342 47
1
4343 241
1
4344 12
0
0
0
0
0
0
1
4345 12
0
1
4346 125
0
0
0
0
1
4347 250
0
1
4348 97
0
0
0
0
1
4349 47
0
1
4350 11
1
4351 52
0
1
4352 107
0
1
4353 209
1
4354 13
0
0
0
1
4355 133
0
0
0
0
0
1
4356 232
0
1
4357 131
0
1
4358 39
0
1
4359 35
1
4360 24
0
1
4361 132
1
4362 38
1
4363 140
1
4364 71
0
0
1
4365 236
1
4366 48
1
4367 144
0
0
0
1
4368 82
0
0
0
1
4369 232
0
0
0
0
0
0
0
1
4370 217
1
4371 178
0
1
4372 9
1
4373 85
0
0
0
0
1
4374 19
0
0
0
1
4375 75
0
1
4376 200
0
0
1
4377 66
0
0
0
0
0
1
4378 18
1
4379 240
1
4380 256
0
0
0
0
0
1
4381 9
0
0
0
1
4382 231
1
4383 191
0
1
4384 185
1
4385 19
0
1
4386 109
0
1
4387 52
0
1
4388 222
0
0
0
0
0
1
4389 49
0
1
4390 229
0
0
0
1
4391 73
0
1
4392 237
0
0
0
0
0
0
0
0
0
1
4393 42
1
4394 143
0
0
0
1
4395 34
1
4396 97
0
0
1
4397 169
1
4398 120
0
0
0
1
4399 8
1
4400 218
0
0
0
1
4401 43
1
4402 196
1
4403 241
0
0
0
1
4404 24
0
0
0
0
0
0
0
1
4405 74
1
4406 161
0
0
1
4407 113
0
0
1
4408 5
0
0
0
1
4409 12
0
1
4410 180
0
0
0
0
1
4411 225
1
4412 129
0
0
0
1
4413 175
1
4414 202
0
1
4415 87
0
1
4416 113
0
1
4417 28
1
4418 173
1
4419 40
0
0
0
1
4420 85
0
0
1
4421 175
1
4422 148
1
4423 185
0
0
0
0
1
4424 117
0
0
1
4425 86
0
0
0
0
0
0
1
4426 48
0
1
4427 17
1
4428 33
1
4429 247
0
0
0
1
4430 126
0
0
0
0
1
4431 242
0
0
1
4432 35
1
4433 203
0
0
1
4434 9
1
4435 238
0
0
0
0
1
4436 250
0
0
0
0
0
0
0
1
4437 197
1
4438 204
0
0
0
1
4439 152
0
0
0
0
1
4440 15
0
0
0
1
4441 255
0
0
1
4442 205
0
0
0
0
1
4443 23
0
0
0
1
4444 184
0
1
4445 47
0
0
1
4446 63
0
0
1
4447 154
0
0
0
0
1
4448 4
1
4449 108
0
1
4450 228
0
0
0
0
1
4451 57
0
1
4452 66
1
4453 76
0
1
4454 61
1
4455 131
1
4456 255
0
1
4457 211
0
1
4458 154
0
1
4459 43
1
4460 156
1
4461 82
0
0
0
0
0
1
4462 129
0
1
4463 118
0
0
0
0
0
0
0
0
0
0
1
4464 59
0
0
0
0
1
4465 75
0
0
0
1
4466 96
0
0
1
4467 90
0
0
1
4468 35
1
4469 152
0
0
0
0
1
4470 99
0
0
0
0
1
4471 142
0
0
1
4472 197
0
1
4473 95
0
0
0
1
4474 33
1
4475 62
0
0
0
0
1
4476 9
0
0
0
0
1
4477 177
0
0
1
4478 188
1
4479 117
0
1
4480 36
0
0
1
4481 2
0
0
0
1
4482 13
0
0
0
1
4483 12
0
0
0
0
0
0
0
1
4484 214
0
0
1
4485 170
1
4486 241
0
1
4487 11
1
4488 117
0
0
1
4489 64
0
0
1
4490 61
0
0
0
0
1
4491 118
1
4492 114
0
0
0
0
1
4493 69
0
0
0
0
0
0
1
4494 150
1
4495 210
0
0
1
4496 140
0
0
1
4497 26
0
0
0
0
1
4498 21
1
4499 93
0
0
0
0
0
0
1
4500 53
0
0
0
0
0
0
0
1
4501 52
0
0
0
0
0
1
4502 18
1
4503 69
0
0
0
1
4504 161
0
0
0
0
0
0
0
1
4505 47
0
1
4506 234
1
4507 80
1
4508 205
0
1
4509 130
0
0
1
4510 97
0
1
4511 105
0
0
0
1
4512 38
1
4513 34
0
0
0
1
4514 98
0
0
0
0
0
1
4515 40
1
4516 148
0
0
1
4517 63
0
1
4518 221
1
4519 151
0
0
0
1
4520 27
0
1
4521 207
0
1
4522 208
0
1
4523 184
0
1
4524 56
0
0
1
4525 237
0
0
0
1
4526 76
0
0
1
4527 69
0
0
0
1
4528 237
0
1
4529 47
1
4530 214
1
4531 144
0
0
0
0
1
4532 178
1
4533 57
0
0
0
0
1
4534 220
0
0
0
0
0
0
0
1
4535 101
0
1
4536 138
0
1
4537 63
0
1
4538 110
0
1
4539 180
0
0
1
4540 67
0
1
4541 147
0
0
0
0
1
4542 135
0
0
0
0
1
4543 10
1
4544 117
1
4545 39
0
1
4546 230
0
0
0
0
0
1
4547 123
1
4548 70
1
4549 75
0
0
0
0
0
1
4550 106
1
4551 255
0
0
0
0
0
0
0
0
0
0
1
4552 236
1
4553 113
1
4554 115
0
0
1
4555 177
1
4556 253
1
4557 20
0
0
0
1
4558 180
1
4559 250
0
1
4560 64
1
4561 124
0
0
0
0
0
0
0
0
0
0
0
0
0
1
4562 30
0
1
4563 121
0
0
1
4564 223
1
4565 112
1
4566 253
0
0
0
0
0
0
0
1
4567 32
0
0
0
0
0
1
4568 168
0
1
4569 195
0
1
4570 188
0
0
0
0
0
0
0
0
0
0
1
4571 175
1
4572 10
0
0
0
0
0
0
1
4573 125
0
0
1
4574 6
0
0
0
0
1
4575 69
0
1
4576 182
0
0
0
0
0
1
4577 198
1
4578 23
1
4579 60
0
0
0
0
1
4580 204
0
0
0
1
4581 209
0
0
0
0
0
1
4582 179
0
0
0
1
4583 26
0
1
4584 17
0
0
1
4585 45
1
4586 182
0
0
0
0
0
0
0
0
1
4587 65
1
4588 249
0
0
1
4589 152
1
4590 204
0
0
1
4591 30
1
4592 137
0
0
0
0
0
1
4593 229
0
1
4594 157
0
1
4595 34
0
0
0
0
0
0
0
0
0
0
1
4596 235
0
0
0
0
0
0
0
0
1
4597 47
0
0
0
0
1
4598 117
0
0
1
4599 4
0
0
1
4600 160
0
0
0
0
0
0
0
0
0
0
1
4601 140
0
0
0
0
1
4602 250
1
4603 229
0
0
0
0
1
4604 89
0
1
4605 140
0
0
0
0
0
0
0
1
4606 5
1
4607 10
0
0
1
4608 110
0
0
1
4609 102
1
4610 97
0
0
0
0
0
0
1
4611 50
1
4612 207
0
0
0
0
0
1
4613 227
0
1
4614 235
0
0
0
0
0
0
1
4615 25
0
0
1
4616 70
0
0
1
4617 228
0
0
1
4618 202
0
1
4619 28
1
4620 115
1
4621 58
0
0
1
4622 160
0
1
4623 16
0
1
4624 123
0
0
0
1
4625 50
0
1
4626 194
0
0
1
4627 91
0
0
0
0
0
0
0
0
0
1
4628 121
0
0
0
1
4629 33
0
0
0
0
0
0
1
4630 51
0
0
1
4631 120
1
4632 29
1
4633 24
0
0
1
4634 41
0
0
0
1
4635 180
1
4636 115
0
0
0
0
0
0
0
1
4637 47
1
4638 197
0
1
4639 114
0
1
4640 43
0
0
1
4641 85
1
4642 228
0
0
0
0
0
0
1
4643 168
0
0
1
4644 170
0
0
1
4645 3
0
0
0
0
0
1
4646 53
0
0
0
0
0
0
1
4647 213
0
0
0
0
0
0
1
4648 186
0
0
0
0
0
0
0
1
4649 96
0
0
1
4650 24
1
4651 224
0
1
4652 191
0
0
0
0
0
1
4653 64
0
0
0
0
1
4654 21
0
0
0
0
0
0
0
0
0
0
0
0
0
0
1
4655 41
0
0
0
0
0
1
4656 123
1
4657 90
0
0
1
4658 47
0
0
0
0
0
0
0
0
0
0
0
0
0
0
1
4659 136
0
1
4660 30
0
0
1
4661 186
0
0
1
4662 110
0
1
4663 242
1
4664 90
0
1
4665 135
0
0
1
4666 227
1
4667 9
1
4668 6
0
1
4669 26
0
0
0
0
0
0
0
1
4670 139
0
0
0
1
4671 169
1
4672 17
0
1
4673 46
0
0
0
0
1
4674 180
0
0
0
0
0
0
0
0
1
4675 91
0
0
0
0
0
0
0
0
0
1
4676 33
1
4677 79
0
0
0
0
0
0
0
0
0
0
0
0
0
0
1
4678 166
0
0
1
4679 166
0
0
0
0
0
1
4680 119
0
0
0
0
0
0
0
0
0
0
0
0
0
0
0
0
0
0
0
0
1
4681 161
0
0
0
0
0
1
4682 253
0
0
0
0
0
0
0
0
0
0
0
0
0
0
1
4683 175
0
1
4684 108
0
0
1
4685 252
0
0
0
0
0
0
1
4686 257
0
1
4687 113
1
4688 179
0
0
0
0
0
0
0
1
4689 178
1
4690 177
0
0
0
0
1
4691 36
0
1
4692 15
0
0
1
4693 135
0
0
0
0
1
4694 223
0
0
0
0
0
0
0
0
0
0
1
4695 115
0
0
0
0
0
0
1
4696 249
0
0
1
4697 57
0
0
0
0
0
1
4698 237
0
0
0
0
0
0
0
1
4699 250
1
4700 230
0
0
0
0
0
0
0
0
0
1
4701 166
0
0
0
0
0
1
4702 249
0
0
0
0
0
0
1
4703 17
0
0
0
1
4704 57
0
0
0
0
0
0
1
4705 238
0
0
0
0
1
4706 138
1
4707 162
1
4708 224
0
1
4709 101
0
0
0
0
0
1
4710 138
0
0
0
0
0
0
0
1
4711 62
0
0
0
0
0
1
4712 165
1
4713 99
0
0
1
4714 115
0
0
1
4715 91
0
0
0
0
0
0
0
1
4716 53
0
0
0
0
0
1
4717 13
1
4718 80
0
1
4719 81
0
0
0
0
0
0
0
1
4720 187
1
4721 224
0
0
0
0
0
0
1
4722 177
0
0
0
0
0
1
4723 75
0
0
1
4724 59
0
0
0
1
4725 179
0
0
0
0
1
4726 31
0
0
0
0
0
0
1
4727 226
0
0
1
4728 246
1
4729 23
0
0
0
0
0
0
0
0
0
0
0
1
4730 77
0
0
0
0
0
0
0
0
0
0
0
0
0
0
0
0
0
0
0
0
1
4731 184
1
4732 129
0
0
0
0
0
1
4733 157
0
0
1
4734 110
0
0
0
0
0
1
4735 49
0
0
0
0
1
4736 236
0
0
0
0
0
0
1
4737 67
0
0
0
0
0
0
0
1
4738 197
1
4739 167
0
0
0
0
0
0
0
0
0
0
0
0
0
0
0
1
4740 12
0
0
1
4741 163
0
0
0
0
0
0
0
1
4742 188
0
0
1
4743 150
0
0
0
0
0
0
0
0
0
0
0
0
0
0
0
0
0
0
0
0
0
0
0
1
4744 30
0
1
4745 40
0
1
4746 235
0
0
1
4747 51
0
0
0
0
0
0
1
4748 28
1
4749 44
0
0
0
0
0
0
0
0
0
0
0
0
0
0
0
0
0
0
0
0
0
0
0
0
0
0
0
0
0
1
4750 41
1
4751 199
0
0
0
0
0
1
4752 61
0
0
0
0
0
0
0
0
0
0
0
0
0
0
0
0
0
0
0
1
4753 157
0
0
0
0
0
1
4754 249
1
4755 199
0
0
1
4756 41
0
0
0
0
0
0
0
0
0
1
4757 53
0
1
4758 248
0
0
0
0
0
0
0
0
1
4759 35
0
0
0
0
1
4760 175
0
0
0
0
0
1
4761 115
1
4762 145
0
0
0
0
0
0
0
0
0
0
0
0
0
0
0
1
4763 245
1
4764 61
0
0
0
0
0
0
0
1
4765 92
0
1
4766 55
0
0
0
0
0
0
0
0
0
0
0
0
0
0
1
4767 98
0
0
0
0
0
0
1
4768 138
0
0
0
0
0
0
0
0
0
0
0
0
0
0
0
0
0
0
0
0
0
0
0
0
0
0
0
0
0
0
0
0
0
0
0
0
0
1
4769 211
1
4770 235
0
0
0
0
1
4771 188
0
0
0
0
0
0
0
0
0
0
0
0
0
0
0
0
0
0
0
0
0
0
0
0
0
0
0
0
0
0
0
0
0
0
0
0
0
0
0
0
0
0
0
0
0
0
1
4772 56
0
0
0
1
4773 226
0
0
0
0
0
0
0
0
0
0
0
0
0
0
0
0
0
1
4774 201
0
0
0
0
0
0
0
0
0
0
0
0
0
0
0
0
0
0
0
0
0
0
0
0
0
0
0
0
1
4775 37
0
0
0
0
0
0
1
4776 234
0
0
0
0
0
0
0
0
0
0
0
0
0
0
0
0
0
0
0
0
0
0
0
0
0
0
0
0
0
0
0
0
0
0
0
0
0
0
0
0
0
0
0
0
0
0
0
0
0
0
0
0
0
0
0
0
0
0
0
0
0
0
0
0
0
0
0
0
0
0
0
0
0
0
0
0
0
0
0
0
0
0
0
0
0
0
0
0
0
0
0
0
0
0
0
0
0
0
0
0
0
0
0
0
0
0
0
0
0
0
0
0
0
0
0
0
0
0
0
0
0
0
0
0
0
0
0
0
0
0
0
1
4777 116
1
4778 35
0
0
0
0
0
0
0
0
0
0
0
0
0
0
1
4779 61
0
1
4780 187
0
0
0
0
0
0
0
0
0
0
0
0
0
0
0
0
0
0
0
0
0
0
0
0
0
0
0
0
0
0
0
0
0
0
0
0
0
1
4781 117
1
4782 126
0
0
0
0
0
0
0
0
0
0
0
1
4783 5
0
0
0
0
0
0
0
0
0
0
1
4784 84
1
4785 194
0
0
0
0
0
0
0
0
0
0
0
0
0
0
0
0
0
0
0
0
0
1
4786 7
0
0
0
0
0
0
0
0
0
0
0
0
0
0
0
0
0
0
0
0
0
0
0
0
0
0
0
0
0
0
0
0
0
0
0
0
0
0
0
0
0
0
0
0
0
0
0
0
0
0
0
0
0
0
0
0
0
0
0
0
0
0
0
0
0
0
0
0
0
0
0
0
0
0
0
0
0
0
0
0
0
0
0
0
0
0
0
0
0
0
0
0
0
0
0
0
0
0
0
0
0
0
0
0
0
0
0
0
0
0
0
0
0
0
0
0
0
0
0
0
0
0
0
0
0
0
0
0
0
0
0
0
0
0
0
0
0
0
0
0
0
0
0
0
0
0
0
0
0
0
0
0
0
0
0
0
0
0
0
0
0
0
0
0
0
0
0
0
0
0
0
0
0
0
0
0
0
0
0
0
0
0
0
0
0
0
0
0
0
0
0
0
0
0
0
0
0
0
0
0
0
0
0
0
0
0
0
0
0
0
0
0
0
0
0
0
0
0
0
0
0
0
0
0
0
0
0
0
0
0
0
0
0
0
0
0
0
0
0
0
0
0
0
0
0
0
0
0
0
0
0
0
0
0
0
0
0
0
0
0
0
0
0
0
0
0
0
0
0
0
0
0
0
0
0
0
0
0
0
0
0
0
0
0
0
0
0
0
0
0
0
0
0
0
0
0
0
0
0
0
0
0
0
0
0
0
0
0
0
0
0
0
0
0
0
0
0
0
0
0
0
0
0
0
0
0
0
0
0
0
0
0
0
0
0
0
0
0
0
0
0
0
0
0
0
0
0
0
0
0
0
0
0
0
0
0
0
0
0
0
0
0
0
0
0
0
0
0
0
0
0
0
0
0
0
0
0
0
0
0
0
0
0
0
0
0
0
0
0
0
0
0
0
0
0
0
0
0
0
0
0
0
0
0
0
0
0
0
0
0
0
0
0
0
0
0
0
0
0
0
0
0
0
0
0
0
0
0
0
0
0
0
0
0
0
0
0
0
0
0
0
0
0
0
0
0
0
0
0
0
0
0
0
0
0
0
0
0
0
0
0
0
0
0
0
0
0
0
0
0
0
0
0
0
0
0
0
0
0
0
0
0
0
0
0
0
0
0
0
0
0
0
0
0
0
0
0
0
0
0
0
0
0
0
0
0
0
0
0
0
0
0
0
0
0
0
0
0
0
0
0
0
0
0
0
0
0
0
0
0
0
0
0
0
0
0
0
0
0
0
0
0
0
0
0
0
0
0
0
0
0
0
0
0
0
0
0
0
0
0
0
0
0
0
0
0
0
0
0
0
0
0
0
0
0
0
0
0
0
0
0
0
0
0
0
0
0
0
0
0
0
0
0
0
0
0
0
0
0
0
0
0
0
0
0
0
0
0
0
0
0
0
0
0
0
0
0
0
