348 628
59 347 3
169 332 4
56 242 3
153 325 3
330 94 2
181 95 2
133 102 3
181 256 3
64 344 4
122 6 3
9 104 3
253 231 5
295 326 4
78 20 3
307 251 5
270 31 3
280 288 3
189 79 4
96 54 3
12 158 3
33 123 3
339 75 3
186 58 3
171 226 3
284 89 2
167 166 3
155 88 3
303 115 5
221 311 3
86 166 4
315 94 3
144 203 4
245 63 3
336 301 2
293 114 5
185 16 2
288 72 3
135 200 2
257 197 3
53 163 4
346 272 4
148 290 1
70 265 4
49 194 2
260 48 3
191 166 3
200 103 3
124 292 4
283 40 2
200 168 4
285 126 3
100 75 2
245 147 3
51 107 4
275 326 2
289 291 4
348 220 3
82 61 4
280 195 3
13 66 3
92 124 4
91 87 3
330 306 2
317 13 3
230 170 3
14 167 3
237 227 3
258 302 3
118 345 4
63 30 3
206 277 2
25 233 3
345 339 4
284 128 3
172 290 2
278 163 3
311 177 3
106 328 3
237 126 4
305 164 5
248 234 1
90 77 3
253 42 3
254 125 4
232 296 2
329 158 3
222 136 4
145 274 5
177 190 3
170 295 4
44 341 3
112 55 3
77 190 3
280 189 3
18 85 3
118 240 3
10 141 5
305 326 3
214 116 3
198 79 2
261 45 4
228 209 3
143 202 3
157 276 4
121 2 5
205 268 5
225 110 3
170 140 4
138 20 2
25 127 3
175 294 3
337 318 3
343 249 4
238 150 2
310 79 3
212 67 3
213 211 2
35 108 4
203 173 3
5 211 3
215 222 2
146 87 1
279 216 4
199 343 3
39 18 5
291 146 3
159 270 4
111 335 2
331 289 3
236 224 3
52 331 3
69 32 2
176 180 2
328 85 3
239 178 3
185 26 3
90 151 3
51 38 3
58 290 3
339 91 3
113 300 4
81 194 3
292 337 2
175 245 3
212 278 3
137 203 3
10 316 5
227 3 3
123 73 3
248 125 4
252 224 4
156 68 4
1 218 2
23 85 4
24 344 3
6 134 2
81 20 4
334 200 2
111 310 3
188 59 3
145 18 5
303 8 2
127 164 4
264 149 3
171 162 4
269 201 2
341 104 1
61 205 3
243 172 3
238 298 2
151 48 3
169 157 4
43 207 3
132 152 4
343 27 5
190 311 2
13 110 2
37 223 6
93 181 3
31 256 3
7 213 3
131 160 3
226 149 3
13 159 4
17 64 3
234 254 2
32 283 2
27 177 3
65 282 4
268 161 4
209 233 2
95 330 3
246 49 3
158 130 4
292 114 2
331 312 2
257 180 3
340 120 2
284 224 2
316 35 4
287 84 4
251 338 3
89 224 2
25 305 3
210 182 3
272 47 3
116 210 3
327 241 5
340 138 3
139 24 3
41 3 5
125 321 4
128 2 3
163 111 4
183 196 2
340 81 2
163 212 3
21 343 5
217 275 4
275 230 2
262 88 5
141 341 4
168 103 3
56 197 3
108 5 2
154 202 2
15 234 3
236 284 2
328 4 3
274 204 3
220 282 5
346 264 3
247 46 4
96 190 2
133 306 4
55 116 3
8 16 3
321 41 2
142 8 3
113 18 3
165 279 3
262 170 4
318 320 2
325 332 2
100 339 4
274 44 3
253 272 3
83 50 4
80 201 3
348 20 4
228 263 2
114 337 3
309 311 3
245 241 3
256 296 3
32 40 2
286 168 3
188 285 2
134 101 2
345 87 4
49 81 2
300 37 4
142 70 4
340 49 3
120 58 5
123 62 3
145 23 3
89 236 2
29 71 3
26 202 3
115 26 2
124 41 4
21 54 3
38 107 3
277 211 3
232 192 2
173 137 6
105 286 3
185 11 3
42 35 4
50 269 3
33 255 4
57 215 3
152 195 2
230 262 3
15 320 3
267 285 3
76 214 4
130 114 3
342 182 3
192 317 3
232 317 3
164 275 4
208 231 4
117 113 4
155 43 4
9 223 4
250 172 3
313 251 5
131 58 3
217 230 1
328 304 4
240 124 2
223 39 2
267 252 4
180 22 7
16 115 3
98 226 5
297 179 3
308 70 3
10 277 3
324 246 5
298 92 2
215 193 3
227 191 4
243 235 3
133 148 2
198 53 3
308 46 3
259 197 4
256 47 3
112 46 3
11 202 4
76 222 3
149 98 3
117 85 2
136 76 4
273 74 5
62 269 4
302 31 4
28 27 3
238 294 4
30 167 4
135 168 3
88 314 3
237 191 3
156 275 2
38 66 3
161 265 4
159 302 3
152 288 3
217 68 3
126 86 3
97 205 3
338 144 2
342 287 5
209 263 4
179 322 3
105 338 4
95 31 1
244 246 4
183 225 3
329 292 2
241 301 4
198 280 5
154 281 3
97 84 3
159 57 5
72 189 3
75 301 3
110 196 2
335 299 5
323 45 3
333 254 3
251 60 3
289 293 3
188 218 3
252 315 3
42 208 3
192 231 4
334 173 2
106 23 4
32 19 1
2 222 5
157 325 3
240 312 4
263 279 4
116 247 4
93 278 3
177 96 4
188 319 4
206 5 4
242 257 3
237 134 5
27 249 3
99 199 4
239 149 2
196 266 3
182 287 3
271 219 4
164 326 4
239 264 3
57 136 2
147 14 4
336 339 5
183 107 2
36 128 4
316 108 2
145 117 3
143 103 3
109 19 3
322 304 3
235 120 3
207 153 4
46 121 3
100 91 5
307 257 3
322 106 5
342 265 3
305 295 4
17 131 3
334 135 4
131 299 3
243 218 2
335 17 3
274 104 3
346 323 3
268 97 3
184 201 2
247 55 3
195 271 3
254 15 3
325 207 4
179 129 5
309 56 3
227 150 4
30 175 3
239 67 4
69 283 3
266 110 1
29 304 2
194 169 5
150 298 4
205 34 3
195 162 3
62 83 6
55 308 2
176 313 3
204 213 5
140 153 3
11 36 4
50 184 4
250 59 3
118 312 1
62 184 4
249 286 3
177 309 3
340 186 2
93 299 3
315 193 4
259 242 2
187 80 5
229 122 4
306 94 2
140 207 4
318 329 3
347 94 4
273 226 4
298 240 3
102 93 4
136 214 3
153 43 3
258 193 3
154 26 4
281 249 5
315 347 3
288 219 3
160 64 4
160 17 4
176 307 3
178 53 3
231 47 3
2 215 3
279 69 2
185 121 4
338 60 5
333 318 4
220 78 3
4 117 3
38 183 4
82 287 4
109 40 4
261 273 6
74 346 3
310 53 3
56 221 3
165 119 2
165 228 3
169 348 2
73 255 2
119 279 3
22 197 4
260 161 3
319 1 3
119 283 2
348 276 4
28 286 5
248 15 4
331 118 3
132 98 4
225 66 4
336 52 3
208 7 3
84 61 4
345 52 2
82 71 3
34 48 4
99 154 3
73 189 4
244 319 3
181 212 3
281 103 4
229 68 2
260 21 3
332 43 3
271 83 3
333 109 4
63 294 4
77 96 2
7 5 3
84 342 3
67 278 4
123 72 4
303 142 4
126 101 4
323 42 5
300 39 3
233 216 2
80 33 3
210 297 2
101 174 2
74 45 2
247 214 2
206 108 2
155 324 3
156 217 3
144 313 3
14 63 3
99 115 4
128 89 4
8 112 4
211 44 3
83 219 3
9 141 4
186 235 4
78 24 1
34 151 3
255 187 4
198 310 5
104 39 3
59 267 2
174 319 5
139 65 3
119 69 2
291 293 4
22 307 5
66 317 4
216 119 3
268 34 4
54 48 3
143 327 3
204 44 3
314 244 3
276 282 4
99 303 3
108 277 2
152 171 4
129 304 5
347 193 3
264 67 3
296 192 2
129 71 3
130 12 3
78 344 5
297 196 3
121 76 3
285 250 4
255 139 3
79 64 3
290 133 2
140 262 3
303 199 3
135 173 2
158 109 3
143 281 3
204 51 5
102 95 5
127 234 2
60 105 2
137 334 4
172 148 3
86 191 3
324 194 3
147 327 3
220 139 4
330 102 4
6 174 4
236 166 3
36 16 3
35 206 3
51 106 3
258 57 3
235 1 2
296 270 2
19 12 4
138 344 5
30 238 3
29 4 4
321 122 4
229 156 3
68 314 3
246 1 5
132 162 3
240 92 2
289 146 3
65 187 4
178 98 2
120 186 2
97 265 3
221 259 3
270 232 4
320 333 3
54 90 2
266 225 2
261 316 4
92 3 3
309 28 4
302 270 3
10000
0
0
0
0
0
0
0
0
0
0
0
0
0
0
0
0
0
0
0
0
0
0
0
0
0
0
0
0
0
0
0
0
0
0
0
0
0
0
0
0
0
0
0
0
0
0
0
0
0
0
0
0
0
0
0
0
0
0
0
0
0
0
0
0
1
1 77
0
0
0
0
0
0
0
0
0
0
0
0
0
0
0
0
0
0
0
1
2 185
0
0
0
0
0
0
0
0
0
0
0
0
0
0
0
0
0
0
0
0
0
0
0
1
3 113
0
0
0
0
0
0
0
1
4 114
0
0
0
0
0
0
0
0
0
0
0
0
0
0
0
0
0
0
0
0
0
0
0
1
5 98
0
0
0
0
0
0
0
0
0
0
0
0
0
0
0
1
6 35
0
0
0
0
0
1
7 327
0
0
0
0
0
0
0
0
0
0
0
0
0
0
0
0
0
0
0
0
0
0
1
8 38
0
1
9 185
1
10 234
0
0
0
0
0
0
0
0
0
0
0
0
0
0
0
0
0
1
11 19
0
0
0
0
0
1
12 237
0
0
0
0
0
1
13 329
0
0
0
1
14 2
1
15 247
0
0
0
0
0
0
1
16 328
1
17 296
0
0
0
0
0
0
0
0
1
18 172
0
0
0
1
19 82
0
0
0
0
0
1
20 116
1
21 17
0
0
0
0
0
0
0
0
0
0
0
0
0
1
22 188
0
0
0
0
0
0
1
23 128
1
24 131
0
0
0
0
0
0
0
0
0
0
0
0
0
0
0
0
0
1
25 126
0
0
1
26 149
1
27 305
0
0
0
1
28 166
0
0
0
1
29 306
0
0
0
0
0
1
30 186
0
0
0
1
31 88
0
0
1
32 118
0
1
33 81
1
34 274
0
1
35 46
0
1
36 92
1
37 32
0
0
0
0
0
1
38 130
0
0
0
1
39 176
0
0
0
0
1
40 108
1
41 2
0
0
0
0
0
0
0
1
42 337
0
0
0
1
43 289
1
44 216
1
45 250
0
0
0
0
0
0
0
0
0
0
0
0
0
1
46 72
0
1
47 236
0
0
0
0
0
0
1
48 152
0
0
0
1
49 4
1
50 153
1
51 14
0
1
52 244
0
1
53 173
1
54 243
0
0
0
1
55 123
0
0
0
1
56 129
1
57 247
1
58 237
0
0
1
59 265
0
0
0
1
60 270
0
0
0
1
61 229
0
0
0
0
0
1
62 247
0
0
0
0
1
63 235
0
0
1
64 76
0
0
0
0
0
0
0
0
1
65 164
0
0
1
66 322
0
1
67 172
1
68 88
1
69 133
0
1
70 190
0
0
0
0
1
71 286
0
0
1
72 274
1
73 243
0
0
0
0
1
74 196
0
0
1
75 284
1
76 40
0
0
0
1
77 20
0
0
0
0
1
78 245
0
1
79 310
1
80 254
0
0
0
0
1
81 62
0
1
82 188
1
83 238
0
1
84 6
0
0
0
1
85 160
0
1
86 139
1
87 111
1
88 107
1
89 156
0
0
1
90 129
0
0
1
91 227
0
1
92 48
0
0
1
93 34
0
1
94 234
0
1
95 295
0
0
0
0
0
0
1
96 167
1
97 314
0
0
0
1
98 76
1
99 107
0
1
100 267
0
1
101 108
0
0
1
102 267
0
0
0
0
1
103 336
1
104 247
0
0
1
105 28
1
106 35
1
107 283
0
0
0
0
0
1
108 29
1
109 32
0
0
1
110 223
0
0
1
111 310
0
1
112 161
0
0
0
0
1
113 34
0
0
0
1
114 346
0
1
115 24
1
116 319
1
117 284
0
0
0
1
118 154
0
0
0
0
0
1
119 57
0
0
1
120 254
0
0
1
121 138
1
122 17
0
0
0
1
123 322
0
0
0
0
0
1
124 86
1
125 126
0
1
126 184
1
127 281
0
1
128 282
0
1
129 73
1
130 13
0
0
0
0
0
1
131 244
0
1
132 199
1
133 256
0
1
134 92
0
1
135 274
0
0
0
0
1
136 289
0
1
137 224
1
138 237
1
139 269
1
140 196
0
1
141 103
0
0
1
142 99
1
143 83
0
1
144 319
0
0
1
145 63
1
146 320
0
1
147 84
0
0
1
148 321
1
149 283
0
1
150 5
0
0
1
151 182
0
0
1
152 273
1
153 74
0
0
1
154 280
0
1
155 142
0
0
1
156 165
0
0
0
0
1
157 176
0
0
1
158 9
0
1
159 165
0
0
1
160 41
0
1
161 318
1
162 174
0
0
1
163 270
1
164 291
0
1
165 120
1
166 266
0
1
167 15
1
168 307
1
169 259
1
170 17
0
1
171 182
1
172 319
0
1
173 9
0
0
0
0
0
1
174 35
1
175 149
1
176 26
0
0
0
1
177 227
0
1
178 202
1
179 309
0
0
0
1
180 23
1
181 265
0
0
0
0
0
0
0
0
1
182 118
1
183 253
0
1
184 324
0
1
185 239
0
0
0
1
186 97
0
1
187 72
0
0
0
0
1
188 110
0
0
0
0
1
189 56
1
190 203
0
0
0
1
191 335
1
192 244
1
193 280
1
194 142
1
195 298
0
1
196 319
0
0
1
197 240
1
198 143
1
199 198
0
0
1
200 261
1
201 3
0
0
1
202 140
1
203 298
1
204 270
1
205 268
0
1
206 127
0
1
207 101
0
1
208 182
1
209 126
0
0
1
210 98
1
211 288
1
212 269
1
213 336
0
0
1
214 348
1
215 128
0
0
1
216 285
1
217 320
1
218 117
0
1
219 107
1
220 111
0
1
221 227
1
222 163
0
1
223 107
1
224 304
0
1
225 319
0
1
226 244
1
227 344
1
228 216
1
229 106
0
1
230 136
0
0
1
231 284
1
232 323
1
233 245
0
0
0
1
234 328
1
235 296
0
0
0
1
236 8
1
237 310
1
238 166
0
1
239 236
1
240 179
0
1
241 252
0
0
1
242 54
0
0
1
243 205
0
1
244 294
0
1
245 45
1
246 127
1
247 115
1
248 84
0
0
1
249 116
1
250 41
0
1
251 198
1
252 45
1
253 264
0
1
254 203
1
255 55
1
256 77
0
1
257 133
0
0
0
1
258 53
0
0
1
259 326
0
0
1
260 314
0
1
261 135
1
262 337
0
1
263 304
0
0
0
1
264 110
0
0
1
265 184
0
0
1
266 69
0
0
1
267 143
1
268 206
1
269 134
1
270 39
1
271 150
1
272 41
1
273 173
0
1
274 339
0
1
275 217
1
276 292
1
277 166
1
278 312
1
279 13
1
280 296
0
0
1
281 86
1
282 126
1
283 31
0
1
284 331
1
285 236
1
286 135
0
0
0
1
287 226
0
1
288 324
1
289 107
1
290 308
1
291 252
1
292 285
1
293 319
0
0
0
0
1
294 107
1
295 209
1
296 45
1
297 234
1
298 229
1
299 103
1
300 81
1
301 104
1
302 173
0
0
1
303 174
0
0
1
304 110
1
305 244
0
1
306 113
1
307 69
0
1
308 95
1
309 40
1
310 188
1
311 188
0
1
312 265
1
313 238
1
314 306
1
315 305
1
316 85
1
317 253
1
318 198
0
1
319 15
1
320 144
1
321 95
0
0
1
322 232
1
323 96
0
1
324 247
0
1
325 239
0
0
1
326 209
0
0
1
327 309
1
328 257
0
1
329 14
1
330 118
1
331 252
1
332 166
1
333 294
1
334 87
1
335 284
1
336 149
0
1
337 92
1
338 332
0
0
0
1
339 311
1
340 22
1
341 86
1
342 182
1
343 163
1
344 240
0
1
345 347
1
346 249
0
1
347 314
0
0
1
348 181
1
349 343
1
350 314
1
351 267
1
352 186
1
353 122
0
1
354 320
1
355 204
1
356 212
0
1
357 17
1
358 342
1
359 174
1
360 179
1
361 115
1
362 109
1
363 154
1
364 156
0
0
0
1
365 167
0
1
366 297
1
367 61
0
1
368 217
1
369 252
1
370 236
0
1
371 55
1
372 329
1
373 325
0
0
1
374 9
0
1
375 102
1
376 276
1
377 212
1
378 194
0
0
1
379 205
0
0
0
1
380 176
0
1
381 89
1
382 52
0
1
383 191
0
1
384 184
1
385 60
0
0
1
386 219
1
387 119
0
0
0
1
388 136
0
0
1
389 147
1
390 159
1
391 64
1
392 154
0
1
393 106
1
394 40
1
395 311
1
396 348
1
397 250
1
398 254
1
399 161
1
400 45
1
401 59
1
402 25
0
1
403 285
0
1
404 267
1
405 156
1
406 213
0
1
407 35
1
408 184
1
409 117
1
410 233
1
411 164
1
412 303
1
413 215
1
414 277
1
415 319
1
416 101
1
417 93
0
1
418 233
1
419 238
1
420 141
1
421 298
1
422 304
1
423 121
1
424 246
0
1
425 9
0
1
426 28
1
427 129
0
1
428 103
1
429 42
1
430 37
1
431 181
1
432 165
1
433 139
1
434 242
1
435 177
1
436 8
1
437 16
1
438 69
1
439 202
1
440 46
1
441 206
1
442 337
1
443 34
1
444 162
1
445 150
1
446 14
1
447 189
1
448 159
0
1
449 193
1
450 210
1
451 175
1
452 97
0
1
453 319
1
454 187
0
1
455 148
1
456 199
1
457 205
0
1
458 60
1
459 250
0
1
460 86
1
461 140
1
462 228
1
463 315
1
464 267
1
465 67
1
466 293
1
467 72
1
468 127
1
469 51
1
470 17
1
471 81
1
472 213
1
473 175
1
474 90
1
475 120
1
476 319
1
477 238
1
478 53
1
479 44
1
480 314
1
481 144
0
1
482 241
0
1
483 292
1
484 163
1
485 251
1
486 165
1
487 243
1
488 220
1
489 86
1
490 122
1
491 311
0
1
492 121
1
493 247
1
494 99
1
495 52
0
1
496 268
1
497 325
1
498 264
1
499 208
1
500 54
0
0
1
501 140
1
502 260
1
503 34
0
1
504 3
1
505 85
1
506 54
1
507 126
1
508 79
1
509 188
1
510 49
1
511 245
1
512 91
1
513 268
1
514 76
1
515 150
1
516 252
1
517 211
1
518 242
1
519 151
1
520 163
1
521 332
0
1
522 3
1
523 74
1
524 197
1
525 14
1
526 346
1
527 185
1
528 312
0
1
529 47
1
530 178
1
531 194
1
532 46
0
1
533 210
0
1
534 316
1
535 199
1
536 267
1
537 143
0
0
1
538 228
1
539 7
1
540 338
1
541 207
1
542 9
1
543 243
1
544 139
1
545 194
1
546 291
1
547 330
1
548 104
1
549 261
1
550 111
1
551 194
1
552 75
1
553 250
1
554 96
1
555 346
1
556 108
1
557 47
1
558 131
0
1
559 249
1
560 190
1
561 331
1
562 163
1
563 74
1
564 108
1
565 119
0
1
566 269
1
567 229
1
568 195
1
569 274
1
570 38
1
571 307
1
572 255
1
573 295
1
574 328
1
575 315
1
576 181
1
577 159
1
578 318
1
579 249
1
580 284
1
581 184
0
1
582 212
1
583 156
1
584 41
1
585 73
0
1
586 68
1
587 315
0
1
588 267
0
0
1
589 204
1
590 284
1
591 32
1
592 227
1
593 72
1
594 321
1
595 22
1
596 19
1
597 169
1
598 267
1
599 156
1
600 142
1
601 15
1
602 27
1
603 325
1
604 211
1
605 314
1
606 66
1
607 325
1
608 197
1
609 293
1
610 200
1
611 230
1
612 168
1
613 68
1
614 126
1
615 17
1
616 140
1
617 314
1
618 184
1
619 60
1
620 155
1
621 10
1
622 163
0
1
623 161
1
624 139
1
625 189
1
626 147
1
627 227
1
628 78
1
629 28
1
630 335
0
1
631 333
1
632 17
1
633 244
1
634 202
1
635 250
1
636 146
1
637 257
1
638 278
1
639 177
1
640 166
1
641 264
1
642 102
1
643 241
1
644 346
1
645 132
1
646 59
1
647 77
1
648 4
1
649 235
1
650 189
1
651 86
0
1
652 276
1
653 314
1
654 301
1
655 224
1
656 142
1
657 101
0
1
658 196
1
659 210
1
660 125
1
661 79
1
662 33
1
663 93
1
664 48
1
665 107
1
666 136
0
1
667 84
1
668 273
1
669 42
1
670 293
1
671 319
1
672 223
1
673 141
1
674 50
1
675 280
1
676 130
1
677 211
1
678 300
1
679 3
1
680 291
1
681 200
1
682 108
1
683 348
1
684 324
1
685 174
1
686 314
1
687 182
1
688 121
1
689 334
1
690 61
1
691 263
1
692 132
1
693 182
1
694 348
1
695 177
1
696 182
1
697 6
1
698 308
1
699 315
1
700 238
1
701 137
1
702 285
1
703 302
1
704 288
1
705 174
1
706 292
1
707 142
1
708 41
1
709 236
1
710 24
1
711 27
1
712 287
1
713 123
1
714 108
1
715 138
1
716 87
1
717 182
1
718 112
1
719 191
1
720 11
1
721 127
1
722 249
1
723 274
1
724 68
1
725 208
1
726 145
1
727 275
1
728 77
1
729 213
1
730 302
1
731 332
1
732 59
1
733 189
1
734 300
1
735 83
1
736 295
1
737 149
1
738 247
0
1
739 336
1
740 238
1
741 285
1
742 288
1
743 41
1
744 124
1
745 238
1
746 201
1
747 204
1
748 149
0
1
749 165
1
750 298
1
751 102
1
752 32
1
753 210
1
754 314
1
755 129
1
756 124
1
757 301
1
758 266
1
759 248
1
760 70
1
761 254
1
762 29
1
763 252
1
764 320
1
765 146
1
766 91
1
767 322
1
768 267
1
769 7
1
770 140
1
771 291
1
772 256
1
773 311
1
774 289
1
775 182
1
776 103
1
777 277
1
778 232
1
779 292
1
780 319
1
781 253
1
782 6
1
783 86
1
784 195
1
785 188
1
786 15
1
787 267
1
788 229
1
789 211
1
790 220
1
791 285
1
792 256
1
793 182
1
794 82
1
795 120
1
796 304
1
797 2
1
798 260
1
799 230
1
800 252
0
1
801 105
1
802 308
1
803 11
1
804 101
1
805 318
1
806 149
1
807 105
1
808 220
1
809 231
1
810 223
1
811 83
1
812 69
1
813 88
1
814 236
1
815 306
1
816 315
1
817 10
1
818 214
1
819 20
1
820 121
1
821 24
1
822 299
1
823 28
1
824 162
1
825 216
1
826 335
1
827 203
1
828 98
1
829 124
1
830 179
1
831 296
1
832 299
1
833 35
1
834 92
1
835 96
1
836 86
1
837 292
1
838 331
1
839 15
1
840 185
1
841 230
1
842 242
1
843 326
1
844 144
1
845 185
1
846 327
1
847 268
0
1
848 285
1
849 66
1
850 325
1
851 20
1
852 63
1
853 226
1
854 252
1
855 62
1
856 221
1
857 152
1
858 6
1
859 118
1
860 47
1
861 197
1
862 69
1
863 80
1
864 130
1
865 340
1
866 22
1
867 88
1
868 308
1
869 283
1
870 5
1
871 19
1
872 126
1
873 25
1
874 148
1
875 313
1
876 330
1
877 263
1
878 125
1
879 340
1
880 57
1
881 74
1
882 344
1
883 205
1
884 115
1
885 318
1
886 235
1
887 83
1
888 6
1
889 251
1
890 150
1
891 236
1
892 150
1
893 192
1
894 165
1
895 277
1
896 290
1
897 102
1
898 145
1
899 88
1
900 302
1
901 244
1
902 296
1
903 91
1
904 244
1
905 73
1
906 278
1
907 47
1
908 229
1
909 71
1
910 130
1
911 186
1
912 249
1
913 90
1
914 290
1
915 263
1
916 250
1
917 23
1
918 313
1
919 239
1
920 195
1
921 118
1
922 220
1
923 219
1
924 99
1
925 234
1
926 172
1
927 18
1
928 167
1
929 216
1
930 52
1
931 306
1
932 139
1
933 235
1
934 200
0
1
935 272
1
936 101
1
937 263
1
938 224
1
939 65
1
940 188
1
941 162
1
942 200
1
943 156
1
944 266
1
945 327
1
946 20
1
947 227
1
948 92
1
949 327
1
950 31
1
951 235
1
952 345
1
953 209
1
954 53
1
955 314
1
956 148
0
1
957 183
1
958 91
1
959 108
1
960 188
1
961 96
1
962 62
1
963 102
1
964 327
1
965 251
1
966 308
1
967 238
1
968 156
1
969 71
1
970 260
1
971 21
1
972 145
1
973 108
1
974 346
1
975 324
1
976 242
1
977 85
1
978 118
1
979 250
1
980 133
1
981 263
1
982 51
1
983 26
1
984 93
1
985 239
0
1
986 242
1
987 79
1
988 21
1
989 208
1
990 109
1
991 79
1
992 279
1
993 188
1
994 9
1
995 251
1
996 264
1
997 169
1
998 314
1
999 301
1
1000 242
1
1001 87
1
1002 325
1
1003 189
1
1004 221
1
1005 295
1
1006 28
1
1007 41
1
1008 146
1
1009 288
1
1010 204
1
1011 298
1
1012 134
1
1013 172
1
1014 233
1
1015 79
1
1016 42
1
1017 85
1
1018 65
1
1019 5
0
1
1020 68
1
1021 16
1
1022 59
1
1023 203
1
1024 195
1
1025 243
1
1026 284
1
1027 284
1
1028 74
1
1029 182
1
1030 210
1
1031 94
1
1032 151
1
1033 216
1
1034 101
1
1035 150
1
1036 260
1
1037 9
1
1038 333
1
1039 18
1
1040 116
1
1041 336
1
1042 148
1
1043 94
1
1044 172
1
1045 299
1
1046 181
1
1047 54
1
1048 243
1
1049 44
1
1050 286
1
1051 250
1
1052 258
1
1053 52
1
1054 124
1
1055 333
0
1
1056 120
1
1057 208
1
1058 41
1
1059 253
1
1060 62
1
1061 312
1
1062 294
1
1063 51
1
1064 316
1
1065 173
1
1066 321
1
1067 22
1
1068 93
1
1069 232
0
1
1070 216
1
1071 344
1
1072 109
1
1073 303
1
1074 234
1
1075 64
1
1076 218
1
1077 9
1
1078 247
1
1079 167
1
1080 104
1
1081 163
1
1082 309
1
1083 122
1
1084 189
1
1085 250
1
1086 235
1
1087 77
1
1088 323
0
0
1
1089 107
1
1090 325
1
1091 173
1
1092 42
1
1093 84
1
1094 123
1
1095 207
1
1096 264
1
1097 80
1
1098 142
1
1099 249
1
1100 291
1
1101 268
1
1102 104
0
1
1103 117
1
1104 238
1
1105 39
1
1106 237
1
1107 142
1
1108 294
1
1109 200
1
1110 312
1
1111 39
1
1112 251
1
1113 32
1
1114 69
1
1115 72
1
1116 244
1
1117 27
1
1118 79
1
1119 301
1
1120 229
1
1121 192
1
1122 177
1
1123 236
0
1
1124 41
1
1125 34
1
1126 72
1
1127 254
1
1128 334
0
1
1129 291
1
1130 312
0
1
1131 85
1
1132 18
1
1133 137
1
1134 279
1
1135 132
1
1136 166
1
1137 323
1
1138 284
1
1139 245
1
1140 18
1
1141 224
1
1142 153
1
1143 237
1
1144 199
1
1145 233
1
1146 172
1
1147 283
1
1148 323
1
1149 140
1
1150 34
1
1151 38
1
1152 103
1
1153 92
1
1154 124
1
1155 157
1
1156 252
1
1157 204
1
1158 74
1
1159 345
1
1160 215
1
1161 198
1
1162 31
1
1163 260
1
1164 52
1
1165 197
1
1166 348
1
1167 103
1
1168 159
1
1169 46
1
1170 129
1
1171 178
1
1172 347
1
1173 221
1
1174 297
1
1175 156
1
1176 345
1
1177 216
1
1178 47
1
1179 209
1
1180 130
1
1181 185
1
1182 182
1
1183 306
1
1184 254
1
1185 258
1
1186 246
1
1187 213
1
1188 261
1
1189 180
1
1190 199
1
1191 130
1
1192 260
1
1193 60
1
1194 50
1
1195 272
1
1196 109
1
1197 250
1
1198 254
1
1199 290
1
1200 88
1
1201 229
1
1202 11
1
1203 18
1
1204 236
1
1205 99
1
1206 272
1
1207 45
1
1208 256
1
1209 3
1
1210 169
1
1211 118
1
1212 11
1
1213 247
1
1214 295
1
1215 284
1
1216 56
1
1217 238
1
1218 240
1
1219 85
1
1220 208
1
1221 295
1
1222 176
1
1223 132
1
1224 145
1
1225 5
1
1226 227
1
1227 150
1
1228 286
1
1229 208
1
1230 227
1
1231 198
1
1232 112
1
1233 29
1
1234 98
0
1
1235 92
1
1236 36
1
1237 315
1
1238 306
1
1239 109
1
1240 212
1
1241 324
1
1242 76
1
1243 329
0
1
1244 222
1
1245 266
1
1246 35
1
1247 204
1
1248 23
0
1
1249 179
1
1250 66
1
1251 180
1
1252 127
1
1253 81
1
1254 207
1
1255 163
1
1256 2
1
1257 220
1
1258 332
1
1259 245
1
1260 39
1
1261 3
1
1262 122
1
1263 229
1
1264 260
1
1265 240
1
1266 341
1
1267 51
1
1268 260
1
1269 268
1
1270 101
1
1271 115
1
1272 166
1
1273 205
1
1274 245
1
1275 48
1
1276 254
0
1
1277 167
1
1278 288
1
1279 118
1
1280 278
1
1281 336
1
1282 42
1
1283 15
1
1284 145
1
1285 196
1
1286 254
1
1287 98
1
1288 146
1
1289 166
1
1290 255
1
1291 34
1
1292 2
1
1293 228
1
1294 304
1
1295 180
1
1296 284
1
1297 304
1
1298 71
1
1299 128
1
1300 12
1
1301 347
1
1302 123
1
1303 259
1
1304 304
1
1305 73
1
1306 166
1
1307 155
1
1308 174
1
1309 98
1
1310 189
1
1311 171
1
1312 153
1
1313 284
1
1314 82
0
1
1315 308
1
1316 138
1
1317 166
1
1318 150
1
1319 31
1
1320 230
1
1321 40
1
1322 332
1
1323 156
1
1324 14
1
1325 20
1
1326 40
1
1327 293
1
1328 175
1
1329 284
1
1330 138
1
1331 204
1
1332 314
1
1333 340
1
1334 191
1
1335 95
1
1336 10
0
1
1337 303
1
1338 198
1
1339 41
0
1
1340 154
1
1341 204
1
1342 224
1
1343 44
0
0
0
1
1344 311
1
1345 132
1
1346 247
1
1347 243
1
1348 55
1
1349 96
1
1350 339
1
1351 309
1
1352 216
1
1353 169
1
1354 267
1
1355 250
1
1356 268
1
1357 89
1
1358 139
1
1359 141
1
1360 212
1
1361 322
1
1362 146
1
1363 70
1
1364 272
1
1365 241
1
1366 231
1
1367 135
1
1368 228
1
1369 218
1
1370 253
0
1
1371 37
1
1372 3
1
1373 73
1
1374 84
1
1375 188
1
1376 61
1
1377 29
1
1378 211
1
1379 18
1
1380 122
1
1381 228
1
1382 289
1
1383 112
1
1384 342
1
1385 292
1
1386 121
0
1
1387 24
1
1388 15
1
1389 310
1
1390 89
1
1391 13
1
1392 345
1
1393 287
1
1394 35
1
1395 299
1
1396 245
1
1397 265
1
1398 137
1
1399 22
0
1
1400 59
1
1401 224
1
1402 10
1
1403 228
1
1404 186
1
1405 92
1
1406 133
1
1407 18
1
1408 8
1
1409 289
1
1410 22
1
1411 156
1
1412 233
1
1413 173
1
1414 74
1
1415 261
1
1416 266
1
1417 122
1
1418 142
1
1419 139
1
1420 94
1
1421 277
1
1422 47
1
1423 233
1
1424 174
1
1425 303
1
1426 8
1
1427 26
0
1
1428 142
1
1429 61
1
1430 12
1
1431 128
0
1
1432 75
1
1433 314
1
1434 64
1
1435 126
1
1436 56
1
1437 319
1
1438 159
1
1439 88
1
1440 156
1
1441 227
1
1442 336
1
1443 194
1
1444 138
1
1445 299
1
1446 298
1
1447 319
1
1448 10
1
1449 55
1
1450 244
1
1451 70
0
1
1452 218
1
1453 302
1
1454 306
0
1
1455 90
1
1456 166
1
1457 204
1
1458 102
1
1459 132
1
1460 88
1
1461 99
1
1462 111
1
1463 274
1
1464 100
1
1465 154
1
1466 118
1
1467 3
1
1468 55
1
1469 310
1
1470 213
1
1471 172
1
1472 37
1
1473 292
1
1474 131
1
1475 308
1
1476 23
0
1
1477 209
1
1478 159
1
1479 274
1
1480 341
0
1
1481 111
1
1482 10
0
1
1483 150
0
1
1484 284
1
1485 229
0
1
1486 32
0
0
1
1487 161
0
1
1488 335
1
1489 219
1
1490 142
1
1491 250
1
1492 138
0
1
1493 258
0
1
1494 274
1
1495 192
1
1496 193
1
1497 152
0
1
1498 115
1
1499 174
1
1500 260
1
1501 206
1
1502 33
0
1
1503 237
1
1504 88
1
1505 29
0
1
1506 135
0
1
1507 133
1
1508 52
1
1509 232
1
1510 265
1
1511 337
1
1512 109
1
1513 158
1
1514 113
1
1515 51
1
1516 213
1
1517 72
1
1518 204
1
1519 285
1
1520 263
1
1521 264
0
1
1522 343
0
1
1523 178
1
1524 276
1
1525 169
1
1526 285
0
1
1527 59
1
1528 184
1
1529 239
1
1530 19
1
1531 110
1
1532 314
1
1533 31
1
1534 14
1
1535 106
1
1536 172
0
1
1537 18
1
1538 150
0
1
1539 314
1
1540 89
1
1541 252
1
1542 26
1
1543 27
1
1544 19
1
1545 201
1
1546 319
1
1547 9
1
1548 247
1
1549 208
1
1550 15
1
1551 101
1
1552 162
1
1553 99
1
1554 269
1
1555 31
1
1556 157
1
1557 238
1
1558 179
1
1559 6
1
1560 97
1
1561 174
1
1562 7
0
1
1563 279
1
1564 105
1
1565 213
1
1566 305
1
1567 126
1
1568 45
1
1569 191
1
1570 122
1
1571 227
1
1572 83
1
1573 8
1
1574 348
1
1575 77
1
1576 46
1
1577 270
1
1578 247
1
1579 306
1
1580 242
1
1581 99
1
1582 319
1
1583 145
1
1584 149
1
1585 142
1
1586 257
1
1587 140
1
1588 276
1
1589 5
0
1
1590 178
1
1591 308
1
1592 259
1
1593 84
1
1594 197
1
1595 43
1
1596 336
1
1597 327
1
1598 170
0
1
1599 197
1
1600 252
1
1601 184
0
0
1
1602 164
1
1603 221
1
1604 87
1
1605 283
1
1606 49
1
1607 203
1
1608 269
1
1609 305
1
1610 203
1
1611 112
1
1612 59
1
1613 268
0
1
1614 124
1
1615 297
0
1
1616 23
1
1617 44
1
1618 97
1
1619 208
1
1620 286
1
1621 267
1
1622 267
1
1623 175
1
1624 91
0
1
1625 88
1
1626 45
1
1627 156
1
1628 172
1
1629 322
1
1630 6
1
1631 86
1
1632 164
1
1633 62
1
1634 247
1
1635 239
1
1636 101
1
1637 182
1
1638 244
1
1639 287
1
1640 238
1
1641 280
1
1642 157
1
1643 275
1
1644 171
1
1645 187
1
1646 172
1
1647 115
1
1648 99
1
1649 193
1
1650 154
1
1651 340
1
1652 74
1
1653 332
1
1654 114
1
1655 294
1
1656 334
0
1
1657 53
1
1658 279
1
1659 303
1
1660 264
0
1
1661 219
0
1
1662 43
1
1663 229
1
1664 78
1
1665 15
1
1666 238
0
1
1667 271
1
1668 118
0
1
1669 273
1
1670 226
1
1671 249
1
1672 292
1
1673 319
0
1
1674 124
1
1675 296
1
1676 248
1
1677 165
1
1678 306
1
1679 250
1
1680 286
1
1681 127
1
1682 182
1
1683 50
1
1684 259
1
1685 236
1
1686 289
1
1687 330
1
1688 106
1
1689 191
1
1690 51
1
1691 192
1
1692 147
1
1693 127
1
1694 162
1
1695 188
1
1696 276
1
1697 348
1
1698 315
1
1699 127
1
1700 141
1
1701 178
1
1702 91
1
1703 45
1
1704 344
1
1705 320
1
1706 37
1
1707 314
0
1
1708 204
1
1709 201
1
1710 192
1
1711 59
1
1712 76
1
1713 256
1
1714 263
1
1715 285
1
1716 298
1
1717 60
1
1718 195
1
1719 227
1
1720 162
1
1721 173
0
1
1722 279
1
1723 284
1
1724 255
1
1725 155
1
1726 56
1
1727 86
1
1728 11
1
1729 294
1
1730 333
1
1731 10
1
1732 174
1
1733 43
1
1734 231
1
1735 247
1
1736 83
1
1737 209
1
1738 150
1
1739 205
1
1740 131
1
1741 229
1
1742 317
1
1743 107
1
1744 288
0
0
1
1745 210
1
1746 25
1
1747 188
1
1748 101
1
1749 184
1
1750 277
1
1751 24
1
1752 284
1
1753 75
1
1754 44
1
1755 242
1
1756 101
1
1757 306
1
1758 292
1
1759 210
1
1760 220
1
1761 72
1
1762 262
1
1763 14
1
1764 228
1
1765 125
1
1766 84
0
1
1767 218
1
1768 145
1
1769 151
1
1770 326
1
1771 239
0
1
1772 162
1
1773 178
1
1774 62
1
1775 174
0
1
1776 123
0
1
1777 267
0
1
1778 134
1
1779 174
0
0
1
1780 211
1
1781 90
1
1782 266
1
1783 231
1
1784 240
1
1785 15
1
1786 281
1
1787 235
1
1788 81
1
1789 28
1
1790 36
1
1791 95
1
1792 134
0
1
1793 250
1
1794 2
1
1795 31
1
1796 189
1
1797 180
1
1798 42
1
1799 257
1
1800 246
0
1
1801 79
1
1802 248
1
1803 329
1
1804 48
1
1805 65
1
1806 294
1
1807 46
1
1808 197
1
1809 191
1
1810 34
1
1811 261
1
1812 269
1
1813 129
1
1814 172
1
1815 121
1
1816 141
1
1817 217
1
1818 258
1
1819 72
1
1820 21
1
1821 191
1
1822 147
1
1823 127
1
1824 80
1
1825 111
1
1826 279
1
1827 184
1
1828 108
1
1829 255
1
1830 152
1
1831 191
1
1832 312
1
1833 56
1
1834 166
1
1835 39
1
1836 6
1
1837 347
1
1838 315
1
1839 328
1
1840 242
1
1841 146
1
1842 217
0
1
1843 313
1
1844 295
1
1845 97
1
1846 39
1
1847 25
1
1848 164
1
1849 55
1
1850 105
1
1851 39
1
1852 237
1
1853 320
1
1854 275
1
1855 47
1
1856 217
1
1857 324
0
0
1
1858 335
1
1859 206
1
1860 277
0
1
1861 237
1
1862 170
0
1
1863 45
1
1864 67
1
1865 323
1
1866 129
1
1867 294
1
1868 29
0
1
1869 58
1
1870 235
1
1871 191
0
1
1872 184
1
1873 223
1
1874 15
1
1875 109
0
1
1876 40
1
1877 141
1
1878 53
1
1879 117
1
1880 311
1
1881 284
1
1882 227
1
1883 135
1
1884 306
1
1885 156
1
1886 183
0
1
1887 193
1
1888 271
1
1889 149
1
1890 153
1
1891 216
1
1892 84
1
1893 337
1
1894 114
1
1895 37
1
1896 85
1
1897 207
1
1898 334
1
1899 4
1
1900 250
1
1901 207
1
1902 214
1
1903 94
1
1904 44
1
1905 119
1
1906 86
1
1907 3
1
1908 102
1
1909 343
1
1910 284
1
1911 205
1
1912 4
1
1913 312
1
1914 221
1
1915 284
1
1916 166
1
1917 101
1
1918 92
0
1
1919 183
1
1920 330
1
1921 43
1
1922 315
1
1923 230
1
1924 259
0
1
1925 4
1
1926 226
1
1927 321
1
1928 96
1
1929 280
0
1
1930 212
1
1931 300
1
1932 166
0
1
1933 176
0
1
1934 87
1
1935 55
1
1936 348
1
1937 148
1
1938 189
1
1939 291
1
1940 339
1
1941 119
0
1
1942 63
1
1943 262
1
1944 250
1
1945 188
0
1
1946 217
1
1947 14
1
1948 252
1
1949 182
1
1950 322
1
1951 5
1
1952 131
1
1953 76
1
1954 161
1
1955 159
0
1
1956 245
1
1957 23
1
1958 221
1
1959 293
0
1
1960 268
1
1961 305
0
1
1962 193
1
1963 43
1
1964 120
1
1965 315
1
1966 179
1
1967 82
1
1968 308
1
1969 184
1
1970 206
1
1971 132
0
1
1972 336
1
1973 303
1
1974 29
1
1975 245
1
1976 281
0
1
1977 126
0
1
1978 341
1
1979 287
1
1980 83
1
1981 213
1
1982 38
1
1983 49
1
1984 323
1
1985 199
1
1986 9
1
1987 3
1
1988 120
1
1989 165
1
1990 133
0
1
1991 296
1
1992 219
0
1
1993 108
1
1994 247
1
1995 298
1
1996 87
0
1
1997 37
1
1998 251
1
1999 316
1
2000 3
1
2001 8
1
2002 290
1
2003 76
1
2004 156
1
2005 107
1
2006 238
1
2007 268
1
2008 278
1
2009 175
1
2010 204
1
2011 238
1
2012 18
0
1
2013 172
1
2014 319
1
2015 37
1
2016 315
1
2017 115
0
1
2018 143
1
2019 250
1
2020 122
1
2021 73
1
2022 284
1
2023 87
1
2024 7
0
1
2025 75
1
2026 188
1
2027 228
1
2028 126
0
1
2029 324
1
2030 156
1
2031 7
1
2032 319
1
2033 347
1
2034 261
0
1
2035 39
1
2036 30
1
2037 303
1
2038 222
1
2039 211
1
2040 94
1
2041 40
1
2042 232
0
1
2043 319
1
2044 217
1
2045 90
1
2046 329
1
2047 231
1
2048 231
0
1
2049 169
1
2050 231
0
1
2051 179
1
2052 266
1
2053 229
1
2054 129
0
1
2055 261
1
2056 104
1
2057 26
1
2058 247
0
1
2059 54
1
2060 214
1
2061 346
1
2062 28
1
2063 103
1
2064 47
1
2065 235
1
2066 132
1
2067 111
1
2068 145
1
2069 310
1
2070 49
1
2071 8
1
2072 194
1
2073 90
1
2074 41
1
2075 13
1
2076 151
1
2077 111
1
2078 172
0
1
2079 99
1
2080 131
0
1
2081 23
1
2082 198
1
2083 175
1
2084 317
1
2085 288
1
2086 120
1
2087 222
1
2088 31
0
0
1
2089 82
1
2090 156
1
2091 251
1
2092 215
1
2093 213
1
2094 69
0
1
2095 299
1
2096 118
1
2097 173
1
2098 271
1
2099 51
0
1
2100 5
1
2101 127
1
2102 32
1
2103 319
1
2104 190
1
2105 32
1
2106 133
1
2107 258
1
2108 166
0
1
2109 15
1
2110 185
1
2111 89
0
0
0
1
2112 38
1
2113 160
0
1
2114 292
1
2115 217
1
2116 229
1
2117 342
1
2118 83
1
2119 70
1
2120 323
1
2121 100
1
2122 193
0
1
2123 141
1
2124 75
1
2125 18
1
2126 133
0
1
2127 137
1
2128 164
1
2129 29
1
2130 303
1
2131 131
1
2132 69
1
2133 332
1
2134 40
1
2135 296
1
2136 284
1
2137 155
1
2138 273
0
1
2139 245
1
2140 82
1
2141 209
1
2142 5
1
2143 97
1
2144 92
1
2145 252
1
2146 262
1
2147 273
0
1
2148 316
1
2149 342
0
1
2150 211
0
1
2151 136
0
1
2152 306
1
2153 113
1
2154 90
1
2155 155
1
2156 128
0
1
2157 263
1
2158 335
1
2159 247
1
2160 81
1
2161 9
1
2162 232
1
2163 44
1
2164 142
0
1
2165 15
1
2166 110
0
1
2167 227
1
2168 40
0
1
2169 197
1
2170 109
1
2171 211
1
2172 72
1
2173 330
1
2174 156
1
2175 91
0
1
2176 14
1
2177 47
1
2178 2
1
2179 144
1
2180 216
1
2181 347
1
2182 295
0
1
2183 170
1
2184 51
1
2185 21
1
2186 232
1
2187 203
0
1
2188 239
1
2189 326
0
1
2190 221
1
2191 250
1
2192 173
1
2193 137
0
1
2194 298
1
2195 344
0
1
2196 136
1
2197 256
1
2198 171
1
2199 234
1
2200 83
1
2201 227
1
2202 218
1
2203 267
1
2204 240
1
2205 126
0
0
0
1
2206 303
1
2207 119
1
2208 109
1
2209 13
0
1
2210 218
1
2211 139
1
2212 227
0
1
2213 118
1
2214 191
0
1
2215 283
1
2216 244
0
0
1
2217 81
1
2218 124
1
2219 186
1
2220 133
1
2221 40
1
2222 63
1
2223 48
1
2224 177
1
2225 69
1
2226 125
0
1
2227 301
1
2228 31
1
2229 321
1
2230 72
1
2231 19
1
2232 113
0
0
1
2233 31
1
2234 4
1
2235 137
1
2236 319
1
2237 62
1
2238 266
1
2239 189
1
2240 173
1
2241 254
0
1
2242 228
1
2243 144
1
2244 183
1
2245 230
1
2246 14
1
2247 37
1
2248 344
0
1
2249 276
0
1
2250 97
1
2251 42
1
2252 274
1
2253 14
1
2254 177
1
2255 206
1
2256 218
1
2257 133
0
1
2258 307
1
2259 333
1
2260 14
0
1
2261 158
1
2262 334
0
0
1
2263 14
1
2264 57
1
2265 303
1
2266 348
1
2267 153
0
1
2268 242
1
2269 323
1
2270 58
0
1
2271 264
1
2272 110
1
2273 143
1
2274 333
1
2275 92
1
2276 133
1
2277 110
0
1
2278 236
0
1
2279 56
0
1
2280 89
1
2281 252
1
2282 22
0
1
2283 156
0
1
2284 68
0
1
2285 194
0
0
1
2286 186
1
2287 284
0
1
2288 183
1
2289 304
1
2290 174
1
2291 211
1
2292 287
1
2293 208
1
2294 287
1
2295 52
1
2296 74
1
2297 182
1
2298 206
1
2299 11
1
2300 294
1
2301 183
1
2302 37
1
2303 7
1
2304 136
1
2305 242
1
2306 214
1
2307 76
1
2308 285
1
2309 254
1
2310 42
1
2311 66
1
2312 218
0
1
2313 194
1
2314 18
1
2315 102
1
2316 218
1
2317 258
1
2318 330
1
2319 111
1
2320 115
1
2321 206
1
2322 6
1
2323 8
1
2324 306
1
2325 276
1
2326 333
1
2327 327
0
1
2328 170
0
0
1
2329 59
1
2330 260
1
2331 189
1
2332 156
1
2333 327
1
2334 130
1
2335 224
1
2336 166
1
2337 90
1
2338 300
1
2339 104
1
2340 280
1
2341 290
1
2342 144
1
2343 315
0
1
2344 174
1
2345 151
0
1
2346 218
1
2347 325
1
2348 109
1
2349 296
1
2350 165
1
2351 160
1
2352 212
1
2353 96
1
2354 224
0
1
2355 324
1
2356 255
1
2357 339
1
2358 274
0
0
1
2359 157
0
1
2360 129
1
2361 297
1
2362 161
1
2363 213
1
2364 84
1
2365 74
1
2366 89
0
0
0
1
2367 221
1
2368 123
1
2369 275
0
0
1
2370 347
1
2371 302
1
2372 60
1
2373 143
1
2374 172
1
2375 141
0
0
1
2376 234
0
1
2377 232
0
0
1
2378 227
1
2379 126
1
2380 110
0
1
2381 224
1
2382 3
0
1
2383 199
1
2384 27
1
2385 172
1
2386 93
1
2387 324
1
2388 69
1
2389 314
1
2390 254
0
1
2391 275
1
2392 188
1
2393 277
1
2394 59
0
1
2395 19
1
2396 258
1
2397 294
0
1
2398 293
1
2399 345
0
1
2400 194
1
2401 184
1
2402 321
1
2403 290
1
2404 94
1
2405 193
1
2406 333
1
2407 298
0
1
2408 107
1
2409 306
1
2410 189
0
0
1
2411 127
0
1
2412 60
1
2413 134
1
2414 237
1
2415 309
0
1
2416 228
1
2417 81
1
2418 224
1
2419 181
0
1
2420 32
1
2421 224
1
2422 4
1
2423 126
1
2424 6
0
0
1
2425 299
1
2426 43
1
2427 109
0
1
2428 21
1
2429 299
1
2430 237
0
1
2431 267
1
2432 335
1
2433 147
1
2434 40
1
2435 129
0
1
2436 71
1
2437 134
1
2438 89
1
2439 191
1
2440 215
1
2441 134
1
2442 268
1
2443 134
1
2444 196
1
2445 76
1
2446 301
0
1
2447 68
1
2448 295
0
1
2449 28
1
2450 250
1
2451 40
1
2452 222
1
2453 238
1
2454 188
1
2455 54
1
2456 283
1
2457 293
1
2458 259
1
2459 100
1
2460 214
1
2461 129
1
2462 47
1
2463 247
1
2464 229
1
2465 234
1
2466 221
1
2467 335
1
2468 22
1
2469 218
1
2470 12
1
2471 192
1
2472 6
1
2473 92
1
2474 275
1
2475 181
0
0
0
1
2476 263
1
2477 11
1
2478 202
1
2479 288
0
1
2480 314
1
2481 283
1
2482 327
0
1
2483 72
0
0
1
2484 143
0
1
2485 96
1
2486 117
0
1
2487 28
1
2488 168
1
2489 309
1
2490 97
1
2491 122
1
2492 150
1
2493 258
1
2494 284
1
2495 52
1
2496 236
1
2497 308
1
2498 291
1
2499 241
0
0
1
2500 89
1
2501 49
0
1
2502 329
1
2503 191
0
0
1
2504 53
1
2505 296
0
0
1
2506 263
1
2507 165
1
2508 181
1
2509 6
1
2510 165
1
2511 237
1
2512 195
1
2513 337
1
2514 135
1
2515 51
1
2516 46
1
2517 183
0
0
0
1
2518 122
0
0
1
2519 311
1
2520 2
0
1
2521 139
1
2522 12
1
2523 241
1
2524 101
1
2525 134
1
2526 296
1
2527 117
1
2528 332
1
2529 58
1
2530 174
1
2531 264
1
2532 131
1
2533 98
1
2534 202
0
1
2535 309
1
2536 121
1
2537 151
1
2538 94
1
2539 285
1
2540 17
1
2541 246
1
2542 153
0
1
2543 126
1
2544 21
1
2545 195
1
2546 51
1
2547 8
1
2548 9
1
2549 34
1
2550 13
1
2551 159
1
2552 276
0
1
2553 180
0
1
2554 130
1
2555 224
1
2556 97
1
2557 223
1
2558 86
1
2559 25
1
2560 121
1
2561 305
1
2562 235
0
1
2563 294
1
2564 164
1
2565 234
1
2566 233
1
2567 33
1
2568 186
1
2569 182
0
1
2570 53
1
2571 345
1
2572 59
1
2573 6
1
2574 291
0
1
2575 95
0
1
2576 325
1
2577 259
1
2578 13
1
2579 281
1
2580 98
1
2581 331
1
2582 128
0
1
2583 92
1
2584 249
0
0
0
0
1
2585 228
1
2586 85
1
2587 121
0
0
0
1
2588 240
1
2589 35
1
2590 216
1
2591 228
1
2592 301
1
2593 293
1
2594 296
1
2595 40
1
2596 168
1
2597 48
1
2598 307
0
1
2599 242
1
2600 139
1
2601 286
1
2602 162
1
2603 17
1
2604 327
0
0
1
2605 130
1
2606 47
1
2607 155
0
1
2608 41
1
2609 84
1
2610 132
0
1
2611 314
1
2612 70
1
2613 245
1
2614 215
1
2615 84
1
2616 180
0
0
1
2617 298
1
2618 97
0
1
2619 243
1
2620 144
1
2621 22
1
2622 13
1
2623 312
0
0
0
0
1
2624 259
0
0
1
2625 175
1
2626 126
1
2627 133
0
1
2628 344
1
2629 128
1
2630 61
1
2631 256
1
2632 234
1
2633 343
1
2634 261
1
2635 75
1
2636 309
0
1
2637 170
1
2638 132
1
2639 185
0
0
1
2640 314
1
2641 238
1
2642 283
1
2643 269
0
0
0
0
0
0
1
2644 164
1
2645 15
1
2646 208
0
0
0
0
0
0
1
2647 267
1
2648 314
1
2649 71
1
2650 101
0
1
2651 145
0
0
1
2652 94
1
2653 63
0
1
2654 177
1
2655 215
0
0
0
1
2656 227
1
2657 297
0
1
2658 316
0
0
1
2659 336
1
2660 218
1
2661 5
1
2662 293
0
1
2663 67
1
2664 348
1
2665 189
1
2666 206
1
2667 312
1
2668 4
1
2669 146
0
1
2670 63
1
2671 5
1
2672 188
0
1
2673 105
1
2674 116
1
2675 169
1
2676 219
1
2677 51
1
2678 315
1
2679 125
1
2680 195
1
2681 41
1
2682 161
1
2683 91
1
2684 206
1
2685 219
1
2686 61
1
2687 228
1
2688 294
1
2689 118
1
2690 292
0
1
2691 191
1
2692 9
1
2693 17
0
0
0
1
2694 235
1
2695 223
1
2696 74
1
2697 92
1
2698 219
0
1
2699 86
1
2700 342
1
2701 219
0
1
2702 162
1
2703 34
1
2704 219
1
2705 107
0
0
1
2706 99
1
2707 127
1
2708 149
1
2709 261
1
2710 112
1
2711 63
1
2712 108
0
1
2713 3
1
2714 236
1
2715 64
1
2716 311
0
1
2717 289
1
2718 72
0
1
2719 11
1
2720 214
1
2721 80
1
2722 17
1
2723 142
0
1
2724 21
1
2725 204
1
2726 77
1
2727 251
1
2728 292
0
1
2729 141
1
2730 57
1
2731 288
1
2732 224
1
2733 150
1
2734 295
0
1
2735 158
0
1
2736 116
1
2737 59
1
2738 79
1
2739 218
1
2740 244
0
0
1
2741 73
0
1
2742 299
1
2743 218
1
2744 105
1
2745 6
1
2746 199
1
2747 347
0
1
2748 252
1
2749 296
0
1
2750 4
1
2751 257
1
2752 173
0
1
2753 234
0
1
2754 299
0
1
2755 126
1
2756 42
1
2757 252
0
1
2758 281
0
1
2759 291
0
0
0
1
2760 9
1
2761 334
1
2762 19
1
2763 59
1
2764 47
1
2765 18
1
2766 53
1
2767 245
1
2768 136
1
2769 183
1
2770 157
0
1
2771 160
0
1
2772 90
0
1
2773 139
1
2774 58
0
1
2775 37
1
2776 233
0
0
1
2777 18
0
1
2778 172
1
2779 194
1
2780 75
1
2781 38
0
1
2782 225
1
2783 204
0
1
2784 191
0
1
2785 306
1
2786 53
0
0
1
2787 292
0
1
2788 99
1
2789 306
0
0
0
1
2790 186
1
2791 215
1
2792 97
1
2793 253
0
1
2794 8
1
2795 184
0
1
2796 299
1
2797 286
1
2798 291
1
2799 153
1
2800 121
1
2801 302
1
2802 121
1
2803 247
0
0
1
2804 344
1
2805 216
0
0
1
2806 348
0
1
2807 296
1
2808 341
0
1
2809 126
1
2810 131
1
2811 155
1
2812 66
1
2813 155
0
1
2814 183
1
2815 217
1
2816 3
0
1
2817 330
0
1
2818 76
1
2819 75
1
2820 246
1
2821 84
1
2822 200
1
2823 48
0
1
2824 136
0
0
1
2825 341
1
2826 292
0
1
2827 95
1
2828 21
0
1
2829 325
1
2830 239
1
2831 241
1
2832 315
1
2833 163
1
2834 342
1
2835 331
0
0
1
2836 248
1
2837 291
1
2838 221
1
2839 188
1
2840 135
1
2841 54
0
1
2842 342
1
2843 301
0
1
2844 25
0
1
2845 241
1
2846 183
0
1
2847 184
0
1
2848 281
1
2849 191
1
2850 283
1
2851 300
1
2852 318
1
2853 147
1
2854 188
1
2855 114
0
0
0
1
2856 335
1
2857 281
1
2858 139
1
2859 146
0
1
2860 188
0
1
2861 234
1
2862 324
1
2863 227
1
2864 227
1
2865 51
1
2866 87
0
0
1
2867 210
1
2868 165
0
1
2869 12
0
1
2870 149
1
2871 269
1
2872 23
1
2873 166
1
2874 232
1
2875 192
0
1
2876 134
1
2877 203
1
2878 236
0
1
2879 201
1
2880 320
1
2881 10
0
1
2882 52
0
1
2883 37
1
2884 22
1
2885 13
1
2886 66
0
0
0
1
2887 198
1
2888 281
1
2889 255
0
1
2890 128
0
0
0
1
2891 154
1
2892 42
1
2893 117
1
2894 232
0
1
2895 97
1
2896 346
0
1
2897 57
1
2898 41
1
2899 238
1
2900 92
1
2901 308
1
2902 18
0
1
2903 96
0
1
2904 293
0
1
2905 207
0
1
2906 304
0
1
2907 46
1
2908 156
1
2909 20
0
0
0
1
2910 268
1
2911 243
0
1
2912 289
1
2913 213
0
1
2914 270
1
2915 291
1
2916 201
1
2917 292
1
2918 35
1
2919 287
1
2920 279
1
2921 99
0
1
2922 261
0
0
1
2923 32
1
2924 107
0
1
2925 32
0
1
2926 127
1
2927 342
1
2928 179
0
1
2929 128
0
0
0
1
2930 54
0
1
2931 290
1
2932 205
0
1
2933 65
0
0
1
2934 116
0
1
2935 67
1
2936 329
1
2937 39
1
2938 234
0
1
2939 52
1
2940 249
1
2941 166
0
1
2942 338
1
2943 13
0
0
1
2944 87
1
2945 208
1
2946 43
0
1
2947 287
0
0
1
2948 168
1
2949 108
1
2950 344
0
1
2951 93
0
1
2952 106
1
2953 60
1
2954 212
1
2955 191
1
2956 164
0
0
0
1
2957 54
1
2958 303
0
1
2959 11
1
2960 176
1
2961 318
0
1
2962 273
0
1
2963 137
1
2964 177
0
1
2965 95
1
2966 9
0
1
2967 249
1
2968 30
0
1
2969 266
0
1
2970 28
1
2971 274
1
2972 7
1
2973 275
1
2974 294
1
2975 225
1
2976 24
1
2977 256
1
2978 286
0
1
2979 101
0
0
1
2980 237
1
2981 127
1
2982 267
0
1
2983 290
1
2984 187
1
2985 114
1
2986 25
1
2987 275
1
2988 252
0
1
2989 124
1
2990 209
1
2991 193
1
2992 187
0
0
0
1
2993 298
1
2994 69
0
1
2995 260
1
2996 151
0
1
2997 87
1
2998 42
1
2999 70
0
1
3000 111
1
3001 340
0
1
3002 149
1
3003 156
0
1
3004 216
0
1
3005 327
1
3006 188
0
1
3007 81
1
3008 245
0
1
3009 95
1
3010 326
0
0
0
1
3011 254
1
3012 229
0
1
3013 85
0
1
3014 196
1
3015 66
1
3016 236
1
3017 59
1
3018 194
1
3019 128
1
3020 272
1
3021 140
0
1
3022 184
1
3023 92
0
1
3024 134
1
3025 84
1
3026 73
1
3027 160
1
3028 87
1
3029 208
1
3030 218
0
1
3031 86
0
0
0
1
3032 136
1
3033 249
0
1
3034 30
1
3035 208
1
3036 87
1
3037 314
1
3038 197
1
3039 170
0
1
3040 2
0
1
3041 239
1
3042 331
1
3043 252
0
0
0
1
3044 104
1
3045 185
1
3046 318
0
0
1
3047 340
1
3048 279
0
1
3049 86
0
0
1
3050 48
0
1
3051 74
1
3052 46
0
1
3053 333
1
3054 149
1
3055 57
0
1
3056 50
1
3057 73
1
3058 173
1
3059 42
0
0
0
1
3060 150
1
3061 283
1
3062 158
1
3063 318
1
3064 43
1
3065 339
0
0
1
3066 179
1
3067 110
1
3068 7
0
0
1
3069 176
1
3070 92
1
3071 267
0
1
3072 150
0
1
3073 85
0
0
1
3074 237
1
3075 24
1
3076 58
1
3077 262
0
1
3078 273
1
3079 5
1
3080 341
1
3081 289
1
3082 209
0
1
3083 202
1
3084 337
0
1
3085 305
1
3086 98
0
0
1
3087 21
1
3088 96
1
3089 218
0
1
3090 94
1
3091 106
1
3092 104
1
3093 196
1
3094 134
1
3095 100
1
3096 107
1
3097 158
1
3098 259
1
3099 181
1
3100 341
0
1
3101 342
1
3102 240
0
1
3103 99
0
0
1
3104 347
1
3105 98
1
3106 229
1
3107 207
0
1
3108 262
1
3109 128
1
3110 218
0
1
3111 233
1
3112 246
1
3113 114
1
3114 195
1
3115 302
0
0
0
1
3116 227
1
3117 112
0
0
1
3118 235
1
3119 262
1
3120 271
1
3121 268
1
3122 294
0
0
1
3123 3
1
3124 29
1
3125 260
1
3126 233
1
3127 306
1
3128 267
0
1
3129 90
0
0
1
3130 204
1
3131 208
1
3132 225
1
3133 76
1
3134 183
1
3135 247
1
3136 281
1
3137 98
1
3138 294
0
0
1
3139 144
1
3140 264
1
3141 176
1
3142 320
1
3143 243
0
0
1
3144 336
0
1
3145 40
1
3146 268
0
0
0
1
3147 138
1
3148 128
0
1
3149 319
0
1
3150 121
0
1
3151 137
1
3152 75
0
1
3153 218
0
1
3154 245
1
3155 252
1
3156 229
0
1
3157 83
1
3158 266
0
1
3159 320
1
3160 172
1
3161 102
1
3162 230
0
1
3163 227
0
1
3164 102
1
3165 21
0
1
3166 23
1
3167 329
1
3168 285
1
3169 158
1
3170 127
0
1
3171 273
0
1
3172 15
0
1
3173 162
0
1
3174 207
0
1
3175 18
0
1
3176 265
1
3177 3
1
3178 316
0
0
1
3179 95
1
3180 92
1
3181 166
0
1
3182 329
1
3183 216
0
0
0
0
1
3184 73
1
3185 304
1
3186 231
0
1
3187 91
1
3188 316
1
3189 61
1
3190 255
0
1
3191 138
1
3192 334
1
3193 306
1
3194 218
0
0
1
3195 224
1
3196 288
0
1
3197 313
1
3198 154
1
3199 121
0
1
3200 135
1
3201 299
1
3202 328
0
1
3203 135
1
3204 139
1
3205 165
1
3206 296
0
0
1
3207 140
1
3208 238
0
1
3209 11
0
1
3210 269
0
0
1
3211 135
1
3212 257
1
3213 128
0
1
3214 127
0
1
3215 233
1
3216 158
1
3217 203
1
3218 188
1
3219 129
1
3220 284
0
1
3221 121
0
0
0
0
1
3222 314
1
3223 202
1
3224 153
1
3225 173
1
3226 125
0
1
3227 161
0
1
3228 145
0
0
0
0
1
3229 112
1
3230 149
1
3231 317
1
3232 165
1
3233 74
1
3234 17
0
1
3235 284
1
3236 337
0
0
1
3237 250
1
3238 207
1
3239 103
1
3240 93
0
1
3241 156
0
0
0
1
3242 4
1
3243 125
0
1
3244 3
0
0
1
3245 224
1
3246 306
1
3247 38
0
0
1
3248 59
0
1
3249 12
0
0
0
0
0
1
3250 62
1
3251 276
0
1
3252 284
0
0
0
1
3253 140
0
0
0
1
3254 321
0
1
3255 144
0
1
3256 75
1
3257 218
1
3258 165
1
3259 90
0
0
0
1
3260 130
1
3261 88
1
3262 340
1
3263 335
0
1
3264 186
0
1
3265 69
0
0
1
3266 203
1
3267 231
1
3268 29
0
1
3269 244
1
3270 261
0
0
1
3271 237
1
3272 64
1
3273 170
1
3274 220
0
1
3275 33
1
3276 78
1
3277 83
0
0
0
1
3278 322
1
3279 270
0
1
3280 293
1
3281 214
1
3282 130
1
3283 294
1
3284 207
1
3285 328
1
3286 248
1
3287 226
1
3288 193
1
3289 207
0
1
3290 75
0
0
1
3291 156
1
3292 125
1
3293 278
1
3294 329
1
3295 259
0
1
3296 17
0
0
0
1
3297 250
0
1
3298 252
1
3299 186
1
3300 13
1
3301 172
0
1
3302 204
0
0
0
0
1
3303 150
1
3304 240
0
0
0
0
1
3305 254
1
3306 183
1
3307 69
0
0
1
3308 166
0
0
0
1
3309 233
1
3310 122
1
3311 346
1
3312 61
1
3313 27
1
3314 72
1
3315 157
0
1
3316 53
1
3317 276
1
3318 25
1
3319 341
1
3320 199
1
3321 17
0
1
3322 135
1
3323 258
0
0
1
3324 202
1
3325 92
0
0
0
1
3326 134
0
1
3327 334
1
3328 13
1
3329 283
1
3330 204
1
3331 191
1
3332 337
1
3333 12
0
0
0
0
0
1
3334 141
0
1
3335 218
0
1
3336 10
1
3337 27
0
1
3338 283
0
0
0
1
3339 242
0
1
3340 95
0
1
3341 185
0
1
3342 254
1
3343 285
1
3344 186
1
3345 188
0
0
1
3346 224
0
1
3347 172
0
1
3348 72
1
3349 233
1
3350 150
1
3351 224
1
3352 286
1
3353 341
0
1
3354 148
1
3355 272
1
3356 159
1
3357 177
1
3358 275
1
3359 327
1
3360 105
1
3361 253
1
3362 211
0
1
3363 26
1
3364 179
1
3365 247
0
1
3366 285
1
3367 152
0
0
1
3368 297
1
3369 127
1
3370 6
0
0
0
1
3371 73
0
1
3372 313
1
3373 215
1
3374 39
1
3375 325
1
3376 190
1
3377 60
0
0
0
1
3378 346
1
3379 141
1
3380 326
1
3381 121
0
1
3382 176
1
3383 27
1
3384 313
0
1
3385 300
1
3386 141
1
3387 293
0
1
3388 262
0
0
1
3389 344
1
3390 315
1
3391 58
0
0
1
3392 15
0
0
1
3393 275
1
3394 169
1
3395 253
1
3396 285
1
3397 193
1
3398 263
0
1
3399 285
1
3400 51
0
1
3401 168
1
3402 220
1
3403 37
1
3404 84
1
3405 75
1
3406 116
0
1
3407 347
0
1
3408 216
0
1
3409 269
0
1
3410 237
1
3411 224
1
3412 343
1
3413 294
1
3414 181
1
3415 233
1
3416 237
1
3417 202
0
1
3418 172
0
1
3419 6
1
3420 208
1
3421 240
1
3422 99
0
0
1
3423 331
1
3424 134
1
3425 36
0
0
0
0
1
3426 138
1
3427 253
1
3428 97
1
3429 20
1
3430 23
1
3431 111
1
3432 38
0
0
1
3433 191
0
1
3434 59
0
1
3435 87
0
0
0
0
0
1
3436 256
1
3437 6
1
3438 209
1
3439 258
0
1
3440 291
1
3441 162
0
1
3442 161
0
1
3443 38
1
3444 272
0
1
3445 154
0
1
3446 258
1
3447 164
1
3448 184
0
1
3449 13
0
1
3450 247
1
3451 61
0
0
1
3452 37
0
0
1
3453 101
1
3454 116
0
1
3455 292
1
3456 196
0
1
3457 234
1
3458 184
0
0
0
0
0
0
0
1
3459 149
0
0
1
3460 6
1
3461 319
0
1
3462 207
0
0
1
3463 45
0
0
1
3464 284
1
3465 254
0
1
3466 275
1
3467 203
0
0
1
3468 24
0
0
0
0
1
3469 289
0
0
1
3470 253
1
3471 258
0
1
3472 298
1
3473 224
0
0
1
3474 94
0
0
1
3475 227
1
3476 79
1
3477 335
0
1
3478 84
0
1
3479 325
1
3480 144
1
3481 293
0
1
3482 44
0
0
0
1
3483 305
1
3484 166
0
1
3485 240
1
3486 19
0
0
0
1
3487 28
1
3488 300
0
1
3489 281
1
3490 73
1
3491 124
1
3492 201
1
3493 284
1
3494 331
1
3495 139
0
1
3496 186
0
1
3497 228
0
0
0
1
3498 160
1
3499 88
0
1
3500 15
1
3501 59
0
0
1
3502 18
1
3503 95
0
1
3504 301
1
3505 188
0
1
3506 229
1
3507 134
0
1
3508 111
0
1
3509 101
0
0
1
3510 114
1
3511 74
0
0
0
1
3512 42
0
1
3513 122
1
3514 338
0
0
1
3515 120
1
3516 178
0
1
3517 88
0
1
3518 227
1
3519 190
1
3520 147
0
1
3521 151
1
3522 114
0
0
1
3523 195
1
3524 316
1
3525 99
0
1
3526 14
0
0
0
0
1
3527 328
0
1
3528 345
0
1
3529 110
0
1
3530 70
1
3531 18
0
1
3532 325
1
3533 41
0
0
0
0
1
3534 96
0
0
0
1
3535 147
0
0
1
3536 64
0
0
0
0
0
0
0
1
3537 296
1
3538 252
0
1
3539 306
1
3540 182
1
3541 157
1
3542 25
0
1
3543 36
0
1
3544 6
1
3545 198
1
3546 321
1
3547 111
1
3548 6
0
0
1
3549 184
0
1
3550 59
0
0
0
1
3551 92
1
3552 200
0
1
3553 252
0
1
3554 285
0
1
3555 121
0
1
3556 149
1
3557 44
1
3558 149
0
1
3559 76
0
1
3560 327
1
3561 135
1
3562 292
0
0
0
1
3563 70
1
3564 107
0
1
3565 32
1
3566 252
0
0
1
3567 151
1
3568 225
0
1
3569 148
1
3570 184
1
3571 45
1
3572 164
0
0
1
3573 256
1
3574 148
1
3575 174
1
3576 48
0
1
3577 30
1
3578 242
1
3579 18
1
3580 148
1
3581 288
0
1
3582 319
1
3583 245
0
0
0
1
3584 246
0
0
1
3585 344
1
3586 148
1
3587 57
1
3588 245
0
0
1
3589 229
1
3590 236
0
1
3591 284
1
3592 244
1
3593 25
0
1
3594 26
0
1
3595 114
0
1
3596 277
0
1
3597 167
0
1
3598 54
1
3599 8
1
3600 166
0
1
3601 210
0
1
3602 229
1
3603 167
0
0
1
3604 343
1
3605 89
0
0
1
3606 49
0
0
1
3607 126
1
3608 110
0
0
1
3609 341
0
1
3610 284
1
3611 141
1
3612 213
1
3613 269
0
0
1
3614 246
0
1
3615 128
1
3616 206
0
1
3617 124
0
1
3618 148
1
3619 272
0
0
1
3620 334
1
3621 148
1
3622 103
0
1
3623 238
1
3624 90
0
0
0
0
1
3625 129
0
1
3626 169
1
3627 159
1
3628 347
0
1
3629 342
1
3630 306
0
0
1
3631 319
0
0
1
3632 284
0
1
3633 13
0
1
3634 112
0
0
0
1
3635 51
1
3636 39
0
1
3637 205
0
1
3638 229
1
3639 205
1
3640 129
0
1
3641 285
1
3642 87
1
3643 204
1
3644 83
0
0
1
3645 206
0
1
3646 332
1
3647 324
0
0
1
3648 4
1
3649 3
1
3650 12
1
3651 95
1
3652 116
0
0
1
3653 225
1
3654 117
1
3655 236
0
0
1
3656 312
0
1
3657 197
0
0
1
3658 142
1
3659 26
1
3660 264
1
3661 257
0
0
1
3662 54
1
3663 116
1
3664 239
0
0
0
0
1
3665 319
0
0
1
3666 10
0
1
3667 309
1
3668 329
1
3669 284
0
0
1
3670 174
1
3671 199
0
0
0
1
3672 148
0
0
0
1
3673 239
1
3674 240
1
3675 312
1
3676 113
1
3677 188
0
1
3678 270
0
1
3679 235
1
3680 166
1
3681 78
1
3682 288
0
1
3683 115
0
1
3684 97
0
0
1
3685 66
0
1
3686 155
1
3687 93
0
1
3688 198
1
3689 131
1
3690 202
1
3691 97
1
3692 24
1
3693 10
1
3694 46
1
3695 16
0
1
3696 241
1
3697 189
1
3698 255
0
1
3699 226
1
3700 80
0
0
0
0
1
3701 256
1
3702 320
1
3703 246
0
1
3704 170
1
3705 7
0
1
3706 257
1
3707 333
1
3708 77
1
3709 261
0
1
3710 132
0
0
1
3711 75
1
3712 203
0
1
3713 44
0
0
0
0
1
3714 227
1
3715 94
1
3716 150
1
3717 27
1
3718 121
0
0
1
3719 343
0
0
1
3720 76
1
3721 162
0
1
3722 169
1
3723 115
0
0
1
3724 285
1
3725 213
0
1
3726 42
1
3727 312
0
0
1
3728 287
0
0
1
3729 304
1
3730 247
0
0
0
0
0
0
0
1
3731 138
1
3732 152
1
3733 122
0
1
3734 49
0
0
0
0
1
3735 113
1
3736 273
0
1
3737 167
1
3738 195
0
0
1
3739 339
1
3740 105
1
3741 329
0
1
3742 243
1
3743 70
0
1
3744 145
1
3745 69
1
3746 277
1
3747 116
1
3748 139
1
3749 166
0
1
3750 23
1
3751 300
0
0
1
3752 126
1
3753 4
0
0
0
1
3754 165
0
1
3755 29
1
3756 305
1
3757 338
0
1
3758 143
0
1
3759 273
0
0
0
0
0
0
1
3760 249
1
3761 306
1
3762 223
0
0
0
1
3763 339
0
0
1
3764 73
1
3765 201
1
3766 193
1
3767 289
1
3768 301
0
0
0
0
1
3769 74
1
3770 169
1
3771 230
1
3772 312
0
0
0
0
0
1
3773 125
1
3774 69
0
1
3775 86
1
3776 267
1
3777 8
1
3778 72
1
3779 98
1
3780 287
1
3781 221
0
0
0
1
3782 334
0
1
3783 208
0
1
3784 244
0
1
3785 253
1
3786 86
1
3787 121
0
0
1
3788 300
1
3789 137
1
3790 55
1
3791 188
1
3792 256
0
0
0
0
1
3793 97
1
3794 202
0
1
3795 224
1
3796 137
0
0
0
1
3797 346
0
1
3798 216
1
3799 134
0
1
3800 75
1
3801 327
0
0
0
0
0
1
3802 269
0
0
0
1
3803 345
1
3804 267
1
3805 163
1
3806 270
0
0
1
3807 6
0
1
3808 105
1
3809 249
1
3810 176
0
1
3811 117
1
3812 71
0
0
1
3813 114
0
0
1
3814 186
0
0
0
0
0
1
3815 295
1
3816 171
1
3817 39
0
1
3818 37
1
3819 301
1
3820 14
0
1
3821 51
0
1
3822 283
0
1
3823 57
0
0
0
0
1
3824 111
0
0
0
0
0
1
3825 272
0
0
0
1
3826 131
0
0
0
0
1
3827 250
0
1
3828 42
0
1
3829 126
0
1
3830 103
1
3831 297
1
3832 283
1
3833 186
1
3834 20
0
1
3835 231
0
0
1
3836 250
0
0
1
3837 122
1
3838 103
0
0
1
3839 93
1
3840 6
0
0
0
1
3841 209
0
1
3842 275
0
1
3843 172
1
3844 89
0
1
3845 126
0
1
3846 36
0
0
0
0
0
1
3847 120
0
0
1
3848 28
1
3849 228
0
0
0
0
0
1
3850 91
1
3851 212
0
1
3852 330
1
3853 295
0
1
3854 169
0
1
3855 54
0
1
3856 116
0
1
3857 183
0
0
0
1
3858 292
0
0
0
0
1
3859 128
1
3860 183
0
1
3861 304
0
1
3862 209
0
0
0
1
3863 18
0
0
0
1
3864 184
0
0
1
3865 117
0
1
3866 146
0
0
1
3867 126
0
1
3868 19
0
0
0
0
0
1
3869 129
1
3870 267
0
0
0
0
1
3871 196
0
1
3872 59
0
0
1
3873 42
0
1
3874 296
0
1
3875 313
0
0
1
3876 322
1
3877 271
1
3878 272
1
3879 320
1
3880 55
1
3881 74
1
3882 121
0
0
1
3883 159
1
3884 107
0
1
3885 158
0
1
3886 185
0
0
0
0
0
0
1
3887 156
0
1
3888 61
1
3889 108
1
3890 98
1
3891 30
1
3892 265
1
3893 169
0
0
1
3894 254
1
3895 306
0
1
3896 262
1
3897 210
0
0
1
3898 285
1
3899 235
1
3900 86
0
1
3901 73
0
0
0
0
1
3902 305
0
1
3903 343
1
3904 333
0
0
0
0
1
3905 273
0
0
0
0
0
1
3906 268
1
3907 272
0
1
3908 299
1
3909 43
1
3910 236
0
1
3911 13
0
1
3912 343
1
3913 144
1
3914 43
1
3915 52
0
1
3916 166
0
0
0
1
3917 161
0
1
3918 261
0
0
1
3919 44
1
3920 150
0
0
1
3921 149
1
3922 227
0
0
1
3923 38
0
0
1
3924 253
0
1
3925 314
0
0
0
0
0
1
3926 223
0
0
0
1
3927 321
1
3928 141
0
1
3929 226
1
3930 255
1
3931 222
0
1
3932 71
1
3933 249
0
1
3934 96
0
1
3935 77
0
1
3936 338
0
0
0
1
3937 93
0
0
1
3938 141
1
3939 276
1
3940 187
0
1
3941 237
0
1
3942 311
1
3943 176
1
3944 86
1
3945 195
0
0
1
3946 113
0
0
0
0
1
3947 107
0
0
0
0
1
3948 86
1
3949 265
0
0
1
3950 85
0
1
3951 138
1
3952 228
0
1
3953 22
1
3954 34
1
3955 228
1
3956 70
0
0
1
3957 284
0
0
0
1
3958 32
1
3959 115
1
3960 206
1
3961 151
1
3962 257
0
1
3963 244
0
0
1
3964 282
1
3965 346
0
0
0
0
1
3966 64
0
0
1
3967 168
1
3968 19
1
3969 341
0
0
0
1
3970 23
1
3971 121
1
3972 292
1
3973 174
1
3974 149
0
1
3975 93
0
0
1
3976 322
0
1
3977 6
0
1
3978 131
0
1
3979 171
1
3980 139
1
3981 138
1
3982 169
0
1
3983 314
1
3984 128
1
3985 145
1
3986 277
0
0
0
0
0
0
1
3987 285
0
1
3988 197
1
3989 29
1
3990 142
1
3991 22
0
1
3992 123
1
3993 18
1
3994 298
0
0
1
3995 134
0
1
3996 300
1
3997 293
1
3998 264
0
1
3999 40
0
0
0
0
0
0
1
4000 329
0
0
1
4001 287
0
0
1
4002 151
1
4003 109
0
1
4004 134
0
1
4005 154
0
1
4006 145
0
0
0
0
0
0
0
0
0
1
4007 187
0
0
0
0
0
0
0
1
4008 247
1
4009 22
0
0
0
0
0
1
4010 323
0
0
1
4011 24
0
1
4012 302
1
4013 266
0
0
1
4014 306
1
4015 263
0
0
0
1
4016 108
0
0
1
4017 325
1
4018 152
1
4019 185
1
4020 338
0
1
4021 32
0
1
4022 40
0
0
0
0
1
4023 283
0
0
0
0
1
4024 218
0
1
4025 58
0
0
0
0
0
1
4026 330
1
4027 90
0
0
0
1
4028 274
0
0
0
1
4029 149
0
1
4030 75
0
0
1
4031 194
1
4032 148
1
4033 227
0
0
0
1
4034 160
1
4035 14
1
4036 96
1
4037 313
0
1
4038 322
1
4039 161
1
4040 42
0
0
1
4041 59
1
4042 233
0
0
0
1
4043 92
0
0
0
0
1
4044 310
1
4045 253
1
4046 272
0
0
0
1
4047 214
1
4048 4
1
4049 56
0
1
4050 49
1
4051 224
1
4052 287
0
0
0
1
4053 222
1
4054 59
0
0
1
4055 297
1
4056 103
1
4057 236
0
1
4058 161
1
4059 346
0
1
4060 130
1
4061 5
1
4062 205
1
4063 6
0
1
4064 263
0
0
0
0
1
4065 97
1
4066 288
1
4067 124
0
0
0
0
0
0
0
1
4068 260
1
4069 187
0
1
4070 6
1
4071 33
0
0
0
0
0
0
0
0
0
0
1
4072 230
1
4073 335
1
4074 113
0
0
0
0
0
0
1
4075 9
1
4076 188
0
0
1
4077 181
1
4078 5
1
4079 59
1
4080 272
0
1
4081 185
0
1
4082 27
1
4083 268
0
1
4084 2
0
0
0
1
4085 101
1
4086 56
0
0
0
0
1
4087 42
0
0
1
4088 108
1
4089 73
0
0
0
0
0
0
1
4090 285
1
4091 15
0
1
4092 325
0
1
4093 18
1
4094 142
0
1
4095 252
0
1
4096 348
0
1
4097 55
0
0
1
4098 218
0
0
1
4099 172
0
0
0
0
0
1
4100 101
1
4101 18
0
0
1
4102 325
1
4103 136
0
1
4104 235
1
4105 329
0
0
1
4106 144
1
4107 9
1
4108 3
0
0
0
0
0
0
0
0
1
4109 122
1
4110 186
1
4111 11
1
4112 4
1
4113 192
0
1
4114 213
0
1
4115 5
0
0
0
1
4116 317
1
4117 224
1
4118 88
1
4119 123
0
0
0
0
0
1
4120 281
0
0
1
4121 132
0
0
1
4122 88
0
1
4123 86
1
4124 210
1
4125 66
0
0
1
4126 131
1
4127 316
1
4128 156
0
0
0
0
1
4129 207
0
0
1
4130 99
1
4131 74
0
1
4132 163
0
0
0
0
0
1
4133 326
1
4134 218
0
0
0
0
0
1
4135 260
1
4136 315
1
4137 71
0
0
0
1
4138 40
0
0
0
1
4139 259
1
4140 279
1
4141 295
1
4142 159
1
4143 165
1
4144 23
1
4145 15
0
0
1
4146 6
0
0
0
1
4147 305
1
4148 201
0
0
0
0
1
4149 196
1
4150 234
0
0
0
1
4151 5
0
0
0
1
4152 184
1
4153 313
0
1
4154 280
1
4155 36
0
1
4156 142
0
0
0
0
0
0
0
0
1
4157 10
0
0
1
4158 216
0
1
4159 232
1
4160 315
0
1
4161 270
0
1
4162 320
0
0
1
4163 303
0
0
0
0
0
0
0
0
1
4164 327
0
1
4165 101
1
4166 40
0
0
0
0
0
1
4167 147
1
4168 2
0
1
4169 23
0
1
4170 300
1
4171 283
1
4172 244
1
4173 224
0
1
4174 170
1
4175 224
0
1
4176 311
1
4177 153
0
1
4178 331
1
4179 46
0
0
0
0
0
0
0
0
0
0
0
0
0
0
0
1
4180 62
1
4181 17
0
0
0
1
4182 105
0
1
4183 140
0
0
1
4184 295
0
0
0
0
1
4185 108
0
1
4186 94
0
0
0
0
0
0
1
4187 217
0
1
4188 171
1
4189 134
1
4190 107
1
4191 76
1
4192 23
0
1
4193 229
0
1
4194 52
0
0
0
1
4195 92
0
0
1
4196 135
0
1
4197 336
1
4198 29
0
0
0
0
0
0
0
0
1
4199 11
0
1
4200 158
0
0
0
0
1
4201 17
0
0
0
1
4202 207
1
4203 46
0
0
0
0
1
4204 186
0
0
0
0
0
0
0
0
1
4205 6
1
4206 170
1
4207 174
0
0
0
0
1
4208 229
1
4209 202
0
0
0
1
4210 119
0
1
4211 123
0
0
1
4212 267
0
0
1
4213 109
0
0
1
4214 250
0
1
4215 319
1
4216 262
0
1
4217 298
0
0
0
0
0
0
1
4218 144
0
0
0
0
0
1
4219 26
1
4220 38
1
4221 285
0
0
0
1
4222 264
1
4223 319
0
0
1
4224 189
1
4225 183
1
4226 236
0
0
1
4227 276
0
0
1
4228 333
0
0
0
0
1
4229 224
0
0
1
4230 308
1
4231 108
1
4232 224
1
4233 3
0
1
4234 306
1
4235 235
0
1
4236 204
0
0
1
4237 174
0
0
0
1
4238 300
0
0
0
0
1
4239 340
0
0
1
4240 238
1
4241 71
0
0
0
0
1
4242 4
1
4243 201
0
0
0
1
4244 29
1
4245 66
0
0
1
4246 222
0
0
0
1
4247 294
0
0
0
1
4248 116
1
4249 341
1
4250 92
1
4251 253
1
4252 244
0
0
1
4253 334
0
0
1
4254 274
0
1
4255 182
1
4256 146
0
0
0
1
4257 171
1
4258 149
0
1
4259 56
0
1
4260 172
0
0
0
0
1
4261 219
0
1
4262 184
1
4263 145
1
4264 274
0
0
0
0
1
4265 322
1
4266 131
1
4267 149
0
0
0
1
4268 199
0
0
1
4269 21
1
4270 298
1
4271 169
0
1
4272 111
0
0
0
0
0
1
4273 248
1
4274 301
0
0
0
1
4275 28
0
1
4276 202
0
1
4277 287
0
0
0
0
0
1
4278 237
1
4279 287
0
0
1
4280 191
0
0
0
0
1
4281 200
0
1
4282 122
1
4283 295
1
4284 111
0
0
0
1
4285 164
1
4286 130
0
0
0
1
4287 161
1
4288 51
0
1
4289 166
0
0
1
4290 99
0
1
4291 218
0
0
0
1
4292 339
0
1
4293 321
0
0
0
0
0
1
4294 267
1
4295 185
0
0
0
1
4296 159
0
1
4297 146
0
0
0
1
4298 272
0
0
0
0
0
0
0
1
4299 233
0
0
1
4300 52
0
0
0
0
1
4301 315
0
0
0
1
4302 119
1
4303 286
0
0
0
0
0
0
1
4304 169
1
4305 289
0
0
0
0
1
4306 291
0
1
4307 113
0
1
4308 190
0
0
0
0
0
0
0
0
0
0
1
4309 155
0
1
4310 9
1
4311 229
1
4312 323
0
0
1
4313 6
1
4314 103
0
0
0
1
4315 83
0
0
0
0
0
0
0
0
0
1
4316 17
0
0
0
1
4317 21
0
1
4318 238
1
4319 148
1
4320 95
0
0
0
0
0
1
4321 147
0
0
0
0
0
0
0
1
4322 256
1
4323 244
1
4324 19
0
0
1
4325 264
1
4326 94
0
0
0
0
0
1
4327 92
0
0
0
0
1
4328 247
1
4329 73
1
4330 76
0
0
0
1
4331 12
0
0
0
0
1
4332 269
0
1
4333 98
0
0
1
4334 211
0
0
0
0
1
4335 323
0
0
0
0
0
1
4336 314
0
0
0
0
1
4337 80
1
4338 41
0
0
1
4339 126
0
1
4340 79
0
0
0
1
4341 255
0
0
0
1
4342 191
0
1
4343 107
1
4344 133
0
1
4345 306
0
0
1
4346 7
0
0
0
1
4347 13
0
0
1
4348 227
0
0
1
4349 172
1
4350 188
0
0
1
4351 79
0
0
0
0
1
4352 314
1
4353 10
0
0
1
4354 97
0
1
4355 182
0
0
0
0
0
0
0
0
0
0
1
4356 167
1
4357 296
1
4358 200
1
4359 208
0
1
4360 224
0
0
0
0
1
4361 141
0
1
4362 194
0
0
0
0
0
0
0
0
0
0
1
4363 285
0
0
0
1
4364 33
0
1
4365 94
1
4366 124
1
4367 229
1
4368 89
0
1
4369 233
1
4370 330
1
4371 77
0
0
0
1
4372 130
1
4373 98
1
4374 269
0
0
0
0
1
4375 196
1
4376 339
1
4377 310
0
0
1
4378 40
0
0
0
0
1
4379 220
0
0
0
0
0
0
0
0
0
0
0
0
0
0
0
1
4380 182
1
4381 274
0
1
4382 174
1
4383 237
1
4384 246
1
4385 237
0
1
4386 4
0
1
4387 53
0
0
1
4388 73
1
4389 96
0
0
0
0
0
1
4390 63
1
4391 310
1
4392 24
0
0
0
0
0
0
0
1
4393 31
0
1
4394 134
0
0
0
0
1
4395 86
1
4396 5
0
1
4397 190
0
1
4398 38
1
4399 75
0
1
4400 173
1
4401 259
1
4402 279
0
0
0
0
1
4403 172
0
0
0
0
0
0
1
4404 322
0
0
0
1
4405 159
1
4406 150
0
1
4407 56
0
1
4408 117
0
0
0
1
4409 211
0
0
0
0
0
0
1
4410 222
0
0
0
1
4411 134
0
0
1
4412 285
0
0
1
4413 285
1
4414 157
0
0
0
1
4415 174
0
0
1
4416 79
0
0
0
0
1
4417 37
0
0
0
1
4418 159
1
4419 264
0
1
4420 126
0
1
4421 223
0
0
0
0
0
0
1
4422 64
0
1
4423 155
1
4424 237
0
0
0
1
4425 186
1
4426 201
0
0
0
0
1
4427 231
1
4428 253
0
1
4429 22
1
4430 52
0
0
0
1
4431 135
0
0
0
0
0
0
0
0
1
4432 250
1
4433 304
0
0
1
4434 210
0
0
0
0
0
1
4435 327
0
0
0
0
0
0
1
4436 46
0
0
0
0
0
0
0
1
4437 42
0
0
0
1
4438 200
1
4439 147
0
0
0
0
0
0
0
0
1
4440 270
0
0
0
0
0
0
0
0
0
1
4441 87
1
4442 83
0
0
0
0
0
0
0
1
4443 178
0
0
0
1
4444 267
0
0
0
0
0
0
1
4445 56
0
0
1
4446 345
0
0
0
0
0
0
0
0
0
0
0
1
4447 281
0
0
0
1
4448 342
1
4449 224
0
0
0
0
1
4450 177
0
0
0
0
0
0
0
0
0
0
0
0
0
0
0
1
4451 156
1
4452 277
0
0
1
4453 292
0
0
0
0
0
0
1
4454 106
0
0
1
4455 131
0
0
0
1
4456 221
0
0
0
0
1
4457 218
1
4458 178
0
0
0
0
0
1
4459 253
0
1
4460 166
1
4461 337
1
4462 126
0
0
0
0
0
1
4463 63
0
1
4464 304
0
0
0
0
0
0
0
0
0
0
0
0
0
0
0
0
1
4465 43
0
1
4466 41
1
4467 284
0
0
0
0
0
0
0
0
0
0
0
0
1
4468 34
0
1
4469 89
0
1
4470 342
0
0
0
0
0
0
0
0
0
0
0
0
0
0
1
4471 107
1
4472 150
0
0
1
4473 206
0
0
0
0
0
0
0
0
1
4474 320
0
0
0
0
1
4475 336
0
0
1
4476 147
0
0
1
4477 142
1
4478 156
0
1
4479 165
0
0
0
0
0
1
4480 71
0
0
0
1
4481 282
0
1
4482 50
0
0
0
0
1
4483 50
0
0
0
0
0
0
0
0
0
0
0
1
4484 234
0
0
1
4485 176
0
0
1
4486 287
0
1
4487 227
0
0
0
0
0
0
0
0
0
0
0
1
4488 238
0
0
0
0
1
4489 214
1
4490 185
0
1
4491 71
1
4492 229
0
0
1
4493 116
0
0
0
1
4494 309
0
1
4495 139
0
1
4496 222
0
0
0
0
0
0
0
0
0
0
0
0
1
4497 139
1
4498 334
0
1
4499 63
0
0
1
4500 122
1
4501 3
0
1
4502 39
1
4503 156
0
0
0
0
1
4504 244
0
0
1
4505 3
0
1
4506 200
0
0
0
1
4507 334
0
0
0
0
0
1
4508 229
0
0
0
0
0
0
0
1
4509 301
0
0
1
4510 346
0
1
4511 113
0
1
4512 221
0
0
0
0
0
0
0
1
4513 206
0
0
0
1
4514 166
1
4515 324
0
0
0
0
0
1
4516 170
1
4517 99
0
0
1
4518 178
0
0
1
4519 250
0
0
0
0
0
1
4520 94
0
0
0
0
0
0
1
4521 316
0
1
4522 225
1
4523 203
0
1
4524 65
0
1
4525 150
0
0
0
0
0
0
0
1
4526 308
1
4527 126
0
0
0
0
0
1
4528 321
0
0
1
4529 285
0
0
0
1
4530 98
0
0
1
4531 212
0
0
0
0
0
0
0
0
1
4532 161
0
0
1
4533 174
0
0
0
1
4534 178
0
0
0
0
0
0
0
1
4535 231
0
0
0
0
0
0
0
1
4536 101
0
1
4537 344
0
0
1
4538 216
0
1
4539 32
1
4540 250
0
0
0
0
0
1
4541 13
0
1
4542 136
0
0
0
1
4543 275
1
4544 144
0
0
0
1
4545 321
1
4546 319
1
4547 86
0
0
1
4548 348
0
0
0
1
4549 134
0
1
4550 10
1
4551 23
0
0
0
0
0
0
0
0
1
4552 145
0
0
0
1
4553 238
0
1
4554 19
0
1
4555 277
1
4556 15
0
0
0
0
0
0
0
0
1
4557 347
0
0
1
4558 261
0
0
0
0
0
0
0
0
1
4559 210
0
0
0
0
0
1
4560 100
0
0
0
0
1
4561 172
1
4562 161
0
0
0
0
0
0
0
0
0
0
1
4563 179
0
0
0
0
1
4564 172
1
4565 274
1
4566 310
0
0
0
0
0
0
1
4567 186
0
0
0
0
0
0
0
0
0
0
0
0
0
0
1
4568 219
0
0
0
0
1
4569 159
0
0
0
1
4570 237
0
1
4571 190
0
0
0
1
4572 216
0
0
1
4573 9
0
0
0
1
4574 6
1
4575 247
1
4576 50
0
0
0
1
4577 281
0
0
0
0
1
4578 232
0
1
4579 283
1
4580 10
0
0
0
0
0
0
0
0
0
0
1
4581 18
1
4582 224
0
1
4583 286
0
0
1
4584 324
1
4585 229
0
1
4586 192
0
0
0
1
4587 118
0
0
0
0
0
1
4588 212
0
0
0
0
0
0
0
0
1
4589 41
0
1
4590 314
0
0
0
1
4591 6
0
0
1
4592 236
0
0
0
0
0
0
0
1
4593 235
0
0
0
0
0
0
0
1
4594 111
0
1
4595 151
0
0
0
0
1
4596 79
0
1
4597 234
0
1
4598 170
0
0
0
1
4599 55
0
0
1
4600 17
0
0
0
0
0
0
0
0
0
0
0
0
0
0
1
4601 126
0
0
0
0
0
0
0
0
0
0
0
0
1
4602 17
0
0
0
0
0
0
0
1
4603 242
0
0
0
0
0
0
0
0
0
0
0
1
4604 195
0
1
4605 287
1
4606 203
0
0
1
4607 170
0
0
1
4608 4
0
0
0
0
1
4609 302
1
4610 164
1
4611 232
0
0
0
0
0
0
0
0
0
0
1
4612 303
0
0
0
0
0
0
0
0
0
1
4613 123
0
0
0
0
0
0
0
0
0
0
0
0
0
0
1
4614 144
0
0
0
0
0
0
0
0
0
0
0
0
0
0
0
0
1
4615 34
0
1
4616 238
0
0
0
0
0
0
0
0
1
4617 39
1
4618 226
0
0
0
0
1
4619 188
0
0
0
0
1
4620 217
0
0
0
0
1
4621 59
0
0
1
4622 96
0
0
0
1
4623 61
0
0
0
0
0
1
4624 308
0
0
0
0
0
1
4625 18
0
0
1
4626 86
0
1
4627 72
0
0
0
0
0
0
0
0
0
0
0
0
0
0
0
0
0
1
4628 333
0
0
0
1
4629 20
0
0
0
0
1
4630 126
0
0
0
0
1
4631 159
0
0
0
0
0
0
0
0
1
4632 323
0
0
0
0
0
0
1
4633 258
0
0
0
1
4634 299
0
0
0
1
4635 21
0
0
0
1
4636 192
0
0
0
0
1
4637 236
0
0
0
0
0
0
0
0
0
0
0
0
0
0
1
4638 100
0
0
0
0
0
0
0
0
0
1
4639 266
0
0
0
1
4640 175
1
4641 20
0
1
4642 336
0
0
1
4643 165
0
0
0
0
0
0
0
1
4644 254
1
4645 169
0
0
0
0
0
0
0
0
0
0
0
0
0
0
0
0
0
0
1
4646 181
0
0
0
0
1
4647 11
0
0
0
0
0
0
0
0
0
0
0
0
0
0
0
0
1
4648 48
0
0
1
4649 332
0
0
0
0
0
0
0
0
0
0
0
0
0
0
0
0
0
0
0
0
0
0
0
0
0
0
0
0
0
1
4650 190
1
4651 128
1
4652 117
0
0
0
0
0
1
4653 174
0
0
0
0
0
0
0
1
4654 74
0
0
0
0
0
0
1
4655 26
1
4656 150
0
0
1
4657 100
0
0
0
0
0
0
0
0
0
0
0
0
0
0
0
1
4658 308
0
1
4659 222
0
0
0
0
1
4660 206
1
4661 14
1
4662 142
0
0
0
0
0
0
0
0
1
4663 5
1
4664 114
0
0
0
0
0
0
0
0
0
0
1
4665 309
0
0
0
0
0
0
0
0
1
4666 183
1
4667 155
0
1
4668 181
0
0
0
0
0
0
0
0
0
0
1
4669 9
0
0
0
0
0
0
0
1
4670 247
0
0
0
0
0
0
1
4671 134
0
0
0
0
0
0
0
0
0
1
4672 300
0
0
0
0
0
0
0
0
0
0
0
0
0
0
0
1
4673 20
1
4674 3
0
0
1
4675 160
0
1
4676 60
0
0
1
4677 103
0
0
1
4678 143
0
1
4679 201
0
0
0
0
0
0
0
0
0
1
4680 195
0
0
0
0
0
0
0
0
0
0
0
1
4681 77
0
0
1
4682 19
0
0
0
1
4683 86
0
1
4684 75
0
0
0
0
0
0
0
0
1
4685 325
0
0
0
0
0
0
0
0
1
4686 285
0
0
0
0
0
0
0
0
0
0
0
1
4687 267
0
0
0
0
0
0
0
0
0
0
0
1
4688 138
0
0
0
1
4689 42
0
0
0
0
1
4690 343
0
0
0
0
0
0
0
0
0
0
0
0
0
0
0
0
0
0
1
4691 41
0
0
0
1
4692 46
0
1
4693 152
1
4694 207
1
4695 48
0
0
0
0
0
0
0
0
0
0
0
0
0
0
0
0
0
0
0
0
0
0
0
0
0
0
0
0
0
1
4696 237
0
1
4697 120
0
0
0
0
0
0
0
0
0
0
0
0
0
0
0
0
0
0
0
1
4698 241
0
0
0
0
0
0
0
0
0
0
0
0
0
0
0
0
0
0
0
0
0
0
0
0
1
4699 63
0
0
0
0
0
0
0
0
0
0
1
4700 131
0
1
4701 111
0
0
1
4702 305
0
0
0
0
0
0
0
0
0
0
0
0
1
4703 271
0
0
0
0
0
0
1
4704 18
1
4705 55
0
0
0
0
0
1
4706 268
0
0
0
0
0
0
0
0
0
1
4707 167
0
1
4708 266
0
0
0
0
0
0
0
0
0
0
0
0
0
0
0
0
0
1
4709 53
0
0
0
0
0
0
0
0
0
1
4710 218
0
0
0
0
0
0
0
1
4711 331
0
0
0
0
0
0
0
0
0
0
0
0
0
1
4712 75
0
0
1
4713 324
0
0
0
0
0
0
0
1
4714 149
0
0
0
0
0
0
0
0
0
0
0
0
0
1
4715 101
0
0
0
0
0
0
0
0
1
4716 66
0
0
0
0
0
0
0
0
0
0
0
0
1
4717 60
0
0
0
0
0
1
4718 306
0
0
0
0
0
0
0
0
0
0
0
0
0
0
0
0
0
0
0
0
0
0
0
0
0
0
0
0
0
0
0
0
0
0
0
0
0
0
1
4719 92
1
4720 132
1
4721 213
0
0
0
1
4722 112
1
4723 165
0
1
4724 106
0
0
0
0
0
0
0
0
0
0
0
0
0
0
0
0
0
0
0
0
1
4725 96
0
0
0
0
0
0
1
4726 291
0
0
0
0
0
0
0
1
4727 303
0
0
0
0
0
0
0
0
0
0
0
0
0
0
0
0
0
0
0
0
0
1
4728 316
0
1
4729 25
0
0
0
0
1
4730 84
0
0
0
0
0
0
0
0
0
0
0
0
0
0
0
0
0
0
1
4731 61
1
4732 101
0
0
1
4733 86
0
0
0
0
0
0
0
0
0
0
0
0
0
1
4734 162
0
0
1
4735 51
0
0
0
0
0
0
1
4736 264
0
0
1
4737 227
0
0
0
0
0
0
0
0
0
0
0
0
0
0
0
0
0
0
0
0
1
4738 243
1
4739 197
0
1
4740 77
0
0
0
0
0
0
0
0
0
0
0
0
1
4741 302
1
4742 81
0
0
0
0
0
0
0
0
0
0
0
0
1
4743 166
0
0
0
0
0
0
0
0
0
0
0
0
0
0
0
0
1
4744 213
0
0
0
0
0
0
0
0
0
0
0
0
0
0
0
1
4745 198
0
0
1
4746 186
1
4747 185
0
0
0
0
0
1
4748 178
0
0
0
0
0
0
0
0
1
4749 328
0
0
0
0
0
0
0
0
0
0
0
0
0
1
4750 54
0
0
1
4751 84
0
0
0
0
0
0
0
1
4752 70
0
0
0
0
0
0
0
0
0
0
0
0
0
0
0
0
0
0
0
0
0
0
0
0
0
1
4753 298
0
0
0
1
4754 202
0
0
0
1
4755 170
0
0
0
0
0
0
0
0
0
0
0
0
0
0
1
4756 252
0
0
0
1
4757 113
0
0
0
0
0
0
0
0
0
0
0
0
0
0
0
0
0
0
0
0
0
0
0
0
0
0
0
0
0
0
0
0
0
0
0
0
0
1
4758 259
0
0
0
0
0
0
0
0
0
0
0
0
0
1
4759 107
0
0
0
1
4760 121
0
0
0
1
4761 151
0
0
0
1
4762 97
0
0
0
0
0
0
0
0
0
0
0
0
0
0
0
0
0
0
0
0
0
0
0
0
0
0
0
0
0
0
0
0
0
0
0
0
0
0
0
0
0
0
0
0
0
0
0
0
0
1
4763 256
0
0
0
0
0
0
0
0
0
0
0
0
0
0
0
0
0
0
0
0
0
0
0
0
0
0
0
0
0
0
0
0
0
0
0
0
0
0
0
0
0
0
0
0
0
0
0
0
0
0
0
0
0
0
0
0
0
1
4764 278
0
0
0
0
0
0
0
0
0
0
0
0
0
0
0
0
1
4765 243
1
4766 289
0
0
0
0
0
0
0
0
0
0
0
0
0
0
0
0
0
0
0
0
0
0
0
0
0
0
0
0
0
0
0
0
0
0
0
0
0
0
0
0
0
0
0
0
0
0
0
0
0
0
0
0
0
0
0
0
0
0
1
4767 18
0
0
0
0
0
0
0
0
0
0
0
0
0
0
0
0
0
0
0
1
4768 124
0
0
1
4769 332
0
0
0
0
0
0
0
0
0
0
0
0
0
0
0
0
0
0
0
0
0
0
0
0
0
0
0
0
0
0
0
0
0
0
0
0
0
0
0
0
0
0
0
0
0
0
0
0
0
0
0
0
0
0
0
0
0
0
0
0
0
0
0
0
0
0
0
0
0
0
0
0
0
0
0
0
0
0
0
0
0
0
0
0
0
0
0
0
0
0
0
0
0
0
0
0
0
0
0
0
0
0
0
0
0
0
0
0
0
0
0
0
0
0
0
0
0
0
0
0
0
0
0
0
0
0
0
0
0
0
0
0
0
0
0
0
0
0
0
0
0
0
0
0
0
0
0
0
0
0
0
0
0
0
0
0
0
0
0
0
0
0
0
0
0
0
0
0
0
0
0
0
0
0
0
0
0
0
0
0
0
0
0
0
0
0
0
0
0
0
0
0
0
0
0
0
0
0
0
0
0
0
0
0
0
0
0
0
0
0
0
0
0
0
0
0
0
0
0
0
0
0
0
0
0
0
0
0
0
0
0
0
0
0
0
0
0
0
0
0
0
0
0
0
0
0
0
0
0
0
0
0
0
0
0
0
0
0
0
0
0
0
0
0
0
0
0
0
0
0
0
0
0
0
0
0
0
0
0
0
0
0
0
0
0
0
0
0
0
0
0
0
0
0
0
0
0
0
0
0
0
0
0
0
0
0
0
0
0
0
0
0
0
0
0
0
0
0
0
0
0
0
0
0
0
0
0
0
0
0
0
0
0
0
0
0
0
0
0
0
0
0
0
0
0
0
0
0
0
0
0
0
0
0
0
0
0
0
0
0
0
0
0
0
0
0
0
0
0
0
0
0
0
0
0
0
0
0
0
0
0
0
0
0
0
0
0
0
0
0
0
0
0
0
0
0
0
0
0
0
0
0
0
0
0
0
0
0
0
0
0
0
0
0
0
0
0
0
0
0
0
0
0
0
0
0
0
0
0
0
0
0
0
0
0
0
0
0
0
0
0
0
0
0
0
0
0
0
0
0
0
0
0
0
0
0
0
0
0
0
0
0
0
0
0
0
0
0
0
0
0
0
0
0
0
0
0
0
0
0
0
0
0
0
0
0
0
0
0
0
0
0
0
0
0
0
0
0
0
0
0
0
0
0
0
0
0
0
0
0
0
0
0
0
0
0
0
0
0
0
0
0
0
0
0
0
0
0
0
0
0
0
0
0
0
0
0
0
0
0
0
0
0
0
0
0
0
0
0
0
0
0
0
0
0
0
0
0
0
0
0
0
0
0
0
0
0
0
0
0
0
0
0
0
0
0
0
0
0
0
0
0
0
0
0
0
0
0
0
0
0
0
0
0
0
0
0
0
0
0
0
0
0
0
0
0
0
0
0
0
0
0
0
0
0
0
0
0
0
0
0
0
0
0
0
0
0
0
0
0
0
0
0
0
0
0
0
0
0
0
0
0
0
0
0
0
0
0
0
0
0
0
0
0
0
0
0
0
0
0
0
0
0
0
0
0
0
0
0
0
0
0
0
0
0
0
0
0
0
0
0
0
0
0
0
0
0
0
0
0
0
0
0
0
0
