277 493
139 268 3
96 132 4
264 249 3
168 54 3
127 192 4
32 239 3
97 22 2
118 42 3
251 271 4
37 64 3
171 162 4
68 118 3
112 15 5
250 167 4
68 172 3
135 74 5
264 131 2
224 107 3
141 138 5
28 156 3
254 184 4
152 60 3
222 122 2
25 66 3
227 262 4
14 9 2
37 245 4
226 184 6
19 175 3
62 259 4
212 80 4
238 98 4
12 265 4
223 154 4
244 54 3
151 115 4
110 179 4
13 158 2
229 195 2
83 174 3
219 70 3
246 47 3
51 127 5
277 222 3
216 46 4
203 163 4
131 197 4
41 237 2
138 111 3
157 61 4
149 202 4
61 21 4
169 114 3
122 23 2
109 244 3
86 24 3
185 142 2
114 157 3
196 162 4
161 180 2
212 168 5
102 115 3
251 157 3
16 263 3
156 84 3
104 135 3
161 212 3
49 89 4
194 225 2
169 251 3
76 259 3
190 161 4
143 147 4
146 77 3
47 79 5
27 18 3
271 25 5
87 198 3
235 216 2
179 190 4
116 52 5
91 256 2
172 42 4
215 101 2
171 43 3
34 205 2
235 7 3
146 274 3
147 199 4
170 3 4
1 166 4
255 130 3
166 140 3
32 95 2
213 248 5
84 123 4
11 59 4
186 246 4
258 272 4
208 195 2
260 103 2
77 262 3
232 141 3
16 126 5
68 31 3
60 177 3
226 203 3
138 3 2
184 203 2
53 232 4
27 177 4
36 124 4
9 136 3
85 65 3
180 159 4
80 244 2
213 98 3
130 154 3
101 139 3
120 211 3
103 119 4
12 121 3
66 73 5
252 86 3
38 159 3
70 4 3
11 277 3
276 71 3
35 72 4
51 192 3
69 97 3
107 269 3
200 8 2
242 266 3
99 50 4
223 174 5
205 215 4
31 74 3
237 181 3
184 263 6
230 207 4
25 169 4
64 245 3
206 197 3
134 201 4
17 193 3
104 242 3
42 255 5
89 31 3
256 65 4
38 200 3
82 39 4
178 57 3
99 182 4
156 108 4
26 41 3
90 79 3
147 196 3
24 228 3
249 185 3
209 101 4
244 105 3
56 69 4
210 52 2
212 54 4
78 148 4
11 35 3
183 91 4
58 250 3
40 273 4
67 1 4
204 65 4
121 207 3
213 86 4
110 190 3
252 221 3
192 150 3
234 223 3
166 106 3
93 171 2
145 4 2
160 83 3
208 92 4
46 111 3
194 100 3
26 269 3
189 52 3
257 2 4
216 124 3
51 117 3
189 102 3
8 44 3
2 22 2
169 73 2
38 180 4
158 1 3
153 149 3
132 265 3
205 55 3
65 37 2
74 215 3
185 10 3
126 227 4
54 80 3
175 23 5
183 256 3
254 128 3
199 15 3
88 3 3
214 81 4
19 60 4
84 134 4
187 272 3
165 236 3
222 23 2
73 25 2
106 125 2
277 2 1
116 273 4
264 119 3
55 139 3
70 270 4
17 183 4
239 95 2
272 97 3
133 210 4
33 237 4
187 18 4
220 214 3
88 108 3
221 260 4
141 111 2
125 167 4
10 142 4
4 207 3
33 26 4
240 117 4
131 247 4
162 43 2
224 150 3
78 136 2
208 95 2
182 240 3
119 247 3
263 128 3
255 63 2
186 237 4
155 53 2
73 39 3
133 243 2
21 206 4
75 230 3
148 136 2
93 274 4
114 218 4
80 180 4
173 6 2
177 219 4
268 275 2
209 242 3
257 69 3
133 211 3
6 81 3
48 103 5
270 24 4
23 18 2
231 200 3
40 187 3
170 138 1
12 17 5
57 20 4
229 95 2
144 84 5
164 228 4
132 120 3
99 111 4
29 271 2
201 123 3
210 129 3
148 193 2
63 154 2
13 94 2
228 252 3
272 56 3
78 45 2
160 62 2
257 11 3
276 189 3
70 230 4
249 131 3
243 145 3
173 50 4
15 43 5
138 232 4
27 40 3
219 60 3
87 188 2
163 262 3
6 36 3
229 92 4
75 243 4
101 55 2
89 118 3
261 7 3
143 29 3
269 220 3
185 196 4
248 261 3
36 267 2
58 87 3
5 189 2
2 97 2
250 149 5
109 59 4
261 267 4
53 28 5
146 48 3
125 236 2
56 153 4
260 178 2
176 26 3
158 72 3
160 218 2
241 100 3
9 148 1
64 248 3
49 130 3
209 74 3
48 260 3
217 7 3
265 96 2
155 88 4
92 246 4
13 35 3
77 126 2
98 64 5
78 71 5
134 108 4
218 42 4
223 110 4
145 219 4
36 50 3
218 62 4
61 172 3
190 38 4
273 151 4
131 142 2
142 249 3
59 34 3
39 66 2
124 235 4
105 35 4
37 204 4
113 107 2
152 137 3
24 98 3
175 222 3
116 133 3
41 181 1
221 191 3
82 225 3
276 5 5
164 266 3
198 188 2
182 141 2
14 148 2
29 147 3
191 178 3
121 91 3
173 117 4
21 135 2
213 20 2
125 58 3
94 72 4
34 175 3
245 238 3
262 217 4
214 204 3
179 159 3
214 113 3
152 268 4
252 275 4
238 270 3
251 114 5
234 174 3
231 44 3
235 267 3
233 259 4
45 9 2
83 241 5
19 177 4
30 217 4
65 220 3
48 77 5
127 113 5
253 197 4
30 227 4
181 176 2
275 266 3
89 8 3
105 54 2
67 13 3
18 122 3
105 109 4
174 63 3
146 16 3
22 277 2
126 163 3
159 161 4
90 47 4
20 261 3
81 85 5
266 268 2
112 171 4
71 129 4
7 57 4
124 46 3
198 165 4
155 170 5
100 160 3
33 107 3
14 193 3
119 197 3
104 206 4
188 236 5
257 22 2
106 236 4
130 63 3
32 9 2
151 258 3
83 234 3
136 14 2
12 132 2
258 202 4
162 93 3
25 29 3
95 195 2
143 199 3
193 229 2
28 144 4
233 194 3
19 137 3
265 120 3
86 191 5
82 76 3
241 233 3
50 240 4
79 208 5
275 242 4
157 172 4
67 168 3
211 210 3
85 204 2
96 129 5
163 30 4
231 180 4
5 102 5
192 224 3
61 10 3
181 186 3
115 202 3
105 59 3
139 137 2
201 144 6
109 44 4
58 167 3
239 45 3
46 170 5
41 176 4
52 5 2
94 166 4
225 76 4
226 254 4
237 150 3
128 112 2
259 100 4
158 94 3
256 220 2
135 209 4
253 104 2
140 1 2
75 4 2
253 206 4
165 140 4
137 55 2
103 178 2
49 200 4
164 152 4
195 32 2
258 153 3
123 108 4
211 243 4
247 274 3
10000
0
0
0
0
0
0
0
0
0
0
0
0
0
0
0
0
0
0
0
0
0
0
0
0
0
0
0
0
0
0
0
0
0
0
0
0
0
0
0
0
0
0
0
0
0
0
0
0
0
0
0
0
0
0
0
0
0
1
1 123
0
0
0
0
0
0
0
0
0
0
0
0
0
0
0
0
0
0
0
0
0
0
0
0
0
0
0
0
0
0
0
0
0
0
0
0
0
0
0
0
0
0
0
0
0
0
0
0
0
0
0
0
0
0
0
0
0
0
0
0
0
0
0
0
0
0
0
0
0
0
1
2 192
0
1
3 203
0
0
0
1
4 141
0
0
0
0
0
0
0
0
0
0
0
0
0
0
0
0
0
0
0
0
0
0
0
0
0
0
0
0
0
0
0
0
0
0
0
0
0
0
0
0
0
0
0
0
0
0
0
0
0
0
0
0
0
0
0
0
0
0
0
0
0
0
0
1
5 56
0
0
0
0
0
0
0
0
0
0
0
0
0
0
0
0
0
0
0
0
0
0
0
0
0
0
0
0
0
0
0
0
0
0
0
0
0
0
0
0
0
0
0
0
0
0
0
0
1
6 8
0
0
0
0
0
0
0
0
0
0
0
0
0
0
0
0
0
0
0
0
0
0
0
0
0
0
0
0
0
0
0
0
0
0
0
0
0
0
0
0
0
0
0
0
0
0
0
0
0
0
0
0
0
1
7 40
0
0
0
0
0
0
0
0
0
0
0
0
0
0
0
0
0
1
8 164
0
0
0
0
0
0
0
0
0
0
0
0
0
0
0
0
0
0
0
0
0
0
0
0
1
9 69
0
0
1
10 225
0
0
0
0
0
0
0
0
0
1
11 151
0
0
1
12 239
0
0
0
0
0
0
1
13 164
0
0
0
0
0
0
0
0
0
0
0
0
0
0
0
1
14 80
0
0
0
0
0
0
0
0
0
0
1
15 105
0
0
0
0
0
0
0
0
0
0
0
0
0
0
0
0
0
0
0
0
0
0
0
1
16 143
1
17 74
0
0
0
0
0
0
0
0
0
0
1
18 186
0
0
0
1
19 44
0
0
1
20 113
0
0
0
0
0
0
0
0
0
0
0
0
0
1
21 129
1
22 101
0
0
0
0
0
0
1
23 204
1
24 275
0
0
0
0
0
0
0
0
0
0
0
0
0
0
0
0
1
25 62
0
0
0
0
0
0
1
26 36
0
0
0
0
0
0
0
0
0
0
0
0
0
0
0
0
0
0
1
27 2
0
1
28 21
0
0
0
0
0
0
0
0
0
0
1
29 92
0
0
0
0
0
0
0
0
0
0
0
0
0
1
30 59
0
0
0
0
0
1
31 271
0
0
0
0
0
1
32 124
0
0
0
0
0
0
0
1
33 7
0
0
0
0
0
0
0
0
0
0
0
0
0
0
0
0
0
0
0
0
0
0
0
0
0
0
1
34 225
1
35 260
0
1
36 197
0
0
0
0
0
1
37 181
0
0
0
1
38 58
0
0
0
0
0
1
39 248
0
0
0
0
0
0
0
0
0
0
0
0
0
0
0
0
0
0
0
0
0
0
0
1
40 7
0
0
1
41 27
0
0
0
0
0
0
0
0
0
0
0
0
0
0
0
0
0
1
42 267
0
0
0
0
0
0
1
43 103
1
44 7
0
0
0
0
0
0
0
0
0
0
0
0
0
0
0
0
0
0
0
0
0
0
0
0
0
0
0
1
45 147
0
0
1
46 139
1
47 261
0
1
48 215
0
0
0
0
0
0
0
0
0
1
49 187
0
0
0
0
0
1
50 176
1
51 126
0
0
0
0
0
0
1
52 260
0
1
53 104
0
0
0
0
0
1
54 62
1
55 254
0
0
0
0
0
0
0
1
56 192
0
1
57 49
1
58 50
0
0
0
0
0
0
0
0
1
59 271
0
0
0
0
0
0
0
0
0
1
60 217
0
0
0
0
1
61 96
0
0
0
0
0
0
0
0
1
62 248
0
0
0
0
0
0
0
0
0
0
0
0
0
0
1
63 262
1
64 50
0
0
0
0
1
65 230
0
1
66 245
0
0
0
0
0
0
0
0
0
0
0
0
1
67 197
1
68 193
0
0
0
0
0
0
0
0
0
0
1
69 96
0
0
0
0
0
1
70 195
0
0
0
0
0
0
0
1
71 82
0
0
0
0
0
0
0
0
0
0
0
0
0
0
0
0
1
72 157
0
0
1
73 165
0
0
0
0
0
0
1
74 168
0
0
0
0
0
0
0
0
0
0
0
0
0
0
0
0
0
0
0
0
0
0
1
75 36
0
0
1
76 244
0
0
0
0
0
0
0
0
0
0
0
1
77 119
0
0
0
0
0
0
0
0
1
78 239
0
0
0
0
0
0
1
79 230
0
0
0
0
0
0
0
0
0
0
0
0
0
0
0
0
0
0
0
0
0
0
1
80 105
0
1
81 12
0
0
0
0
0
0
0
0
0
0
0
0
0
0
0
0
0
0
0
0
0
0
0
0
0
0
0
0
1
82 180
0
0
0
0
0
1
83 138
0
0
0
0
0
1
84 150
0
0
0
0
0
0
0
0
0
0
0
1
85 272
0
1
86 250
0
0
0
0
0
0
0
0
0
0
0
1
87 169
0
0
0
0
0
0
0
0
0
0
0
0
0
0
0
0
0
1
88 30
0
0
0
0
0
0
0
0
0
0
0
0
0
0
0
1
89 243
0
0
0
0
1
90 176
0
0
0
0
0
0
0
0
1
91 194
0
0
0
1
92 151
1
93 268
0
0
0
0
0
0
0
0
0
0
0
0
0
0
0
0
0
0
0
0
1
94 215
0
1
95 139
0
0
0
0
0
1
96 248
1
97 80
0
1
98 89
0
0
0
0
0
0
0
0
0
0
0
0
0
0
0
1
99 255
0
0
0
1
100 228
0
0
1
101 99
0
0
0
0
0
0
1
102 39
0
0
0
0
0
0
0
0
0
0
0
0
0
0
1
103 257
0
0
0
0
0
0
0
0
0
0
1
104 183
0
0
1
105 150
0
0
0
0
0
0
1
106 128
0
0
0
0
0
0
0
0
0
0
0
0
0
1
107 268
0
0
0
0
0
0
1
108 266
0
0
1
109 96
0
0
0
1
110 245
0
0
0
0
1
111 238
0
0
0
1
112 147
0
0
0
0
0
0
0
0
1
113 95
0
1
114 174
0
0
0
1
115 81
0
0
0
0
0
0
0
1
116 5
0
0
1
117 167
0
0
1
118 260
0
0
1
119 110
0
0
0
0
0
0
0
0
0
0
0
0
0
0
0
0
0
1
120 107
0
0
0
0
0
1
121 11
0
0
0
1
122 154
1
123 56
0
1
124 80
0
0
0
0
0
0
0
0
0
0
0
0
0
0
0
1
125 231
1
126 80
1
127 130
0
0
0
0
0
0
0
1
128 147
0
0
0
0
0
0
1
129 55
0
0
0
0
0
0
0
0
1
130 133
0
0
0
0
0
0
0
0
0
0
0
1
131 264
0
0
0
0
0
0
0
0
0
0
0
0
0
0
0
0
0
0
1
132 191
0
0
0
0
0
0
0
0
0
0
0
0
0
0
0
0
1
133 257
1
134 24
0
0
0
0
0
0
0
0
0
0
0
0
0
1
135 266
1
136 105
0
0
0
0
0
0
0
0
1
137 31
1
138 139
0
0
0
0
0
1
139 57
0
0
0
0
0
0
0
0
0
1
140 32
0
1
141 153
0
0
0
0
1
142 89
0
0
0
1
143 53
0
0
0
0
0
0
0
0
0
0
1
144 182
0
0
0
0
0
0
0
0
1
145 153
0
1
146 253
0
0
0
0
0
1
147 199
1
148 111
0
0
0
0
0
0
0
0
0
1
149 212
0
0
0
0
0
0
1
150 57
0
0
0
0
0
1
151 156
0
0
0
1
152 228
0
1
153 199
0
0
1
154 86
0
0
1
155 104
0
0
0
0
1
156 215
1
157 111
0
0
0
0
0
1
158 197
0
0
0
0
1
159 142
1
160 4
0
0
0
0
0
0
1
161 14
0
0
0
0
1
162 211
0
0
0
0
0
0
0
0
0
1
163 116
0
0
0
0
0
0
0
0
0
0
0
1
164 275
0
0
1
165 121
0
0
1
166 238
0
0
0
1
167 130
1
168 219
1
169 250
0
0
1
170 21
1
171 269
0
1
172 65
0
0
1
173 24
0
0
0
0
0
0
0
0
0
0
0
0
0
0
1
174 238
0
1
175 273
0
1
176 24
0
0
0
0
0
0
0
0
0
0
0
0
0
0
1
177 106
0
0
0
0
0
0
0
0
0
0
0
0
0
1
178 124
0
1
179 217
0
0
0
1
180 11
0
0
0
0
0
0
0
0
0
0
0
0
0
0
0
1
181 15
1
182 81
0
1
183 43
0
0
0
1
184 167
1
185 57
1
186 182
0
0
1
187 236
0
1
188 114
0
0
0
1
189 231
0
0
1
190 36
0
0
0
0
0
0
0
0
0
0
0
0
0
0
0
0
1
191 185
0
0
0
0
0
0
1
192 57
1
193 229
0
0
0
0
0
0
0
0
0
1
194 209
0
1
195 250
1
196 191
0
1
197 201
0
0
0
0
0
0
0
1
198 189
0
0
1
199 96
0
0
0
0
0
0
0
0
0
1
200 39
0
0
0
0
0
0
1
201 42
0
0
0
0
0
0
0
1
202 65
1
203 37
1
204 193
0
1
205 83
0
1
206 129
0
0
0
0
0
1
207 253
0
0
1
208 84
1
209 198
0
1
210 48
1
211 188
0
0
0
0
0
0
0
0
0
1
212 16
0
1
213 76
0
0
1
214 174
0
1
215 29
0
1
216 229
0
1
217 76
0
1
218 123
0
0
0
1
219 107
0
0
0
0
0
0
0
1
220 233
1
221 272
0
0
0
0
1
222 73
0
0
0
0
0
0
1
223 95
0
0
0
0
0
0
0
0
0
0
1
224 126
0
1
225 64
0
0
0
0
0
0
0
0
0
0
0
0
0
0
0
0
0
0
0
1
226 59
0
0
1
227 225
1
228 20
0
1
229 58
0
0
0
0
0
0
0
0
0
0
0
1
230 90
0
0
0
0
0
0
0
0
0
1
231 69
0
0
1
232 200
0
0
0
1
233 89
1
234 175
0
0
0
0
0
1
235 159
0
0
0
0
0
0
0
0
0
1
236 112
1
237 47
1
238 248
0
0
0
1
239 267
1
240 233
0
0
1
241 84
0
0
1
242 92
1
243 217
0
0
1
244 185
0
1
245 158
0
1
246 263
1
247 169
1
248 238
0
1
249 121
1
250 144
1
251 227
0
1
252 140
0
0
0
0
0
0
0
0
0
0
0
0
0
0
0
1
253 18
1
254 234
1
255 221
0
0
0
1
256 179
0
1
257 154
0
0
0
0
0
0
0
0
0
1
258 77
1
259 235
0
0
0
1
260 177
0
0
0
1
261 73
0
0
0
0
0
0
0
0
0
0
1
262 260
0
1
263 39
1
264 81
1
265 24
0
0
0
0
0
0
0
1
266 9
0
0
0
0
0
0
0
1
267 252
0
0
0
0
0
0
0
0
0
0
1
268 183
0
0
1
269 260
0
0
0
0
0
0
0
1
270 245
0
0
0
0
0
0
1
271 199
0
1
272 58
0
0
0
0
0
0
0
0
0
0
0
0
0
1
273 5
0
0
0
1
274 217
0
0
1
275 244
0
0
0
1
276 178
1
277 248
0
0
1
278 115
0
0
0
1
279 135
1
280 148
0
0
1
281 77
1
282 82
0
0
1
283 22
1
284 66
0
0
0
0
0
1
285 51
1
286 23
0
0
0
0
1
287 29
1
288 184
0
0
1
289 90
1
290 156
0
0
0
1
291 35
0
0
1
292 33
0
1
293 28
0
0
0
0
0
0
0
0
0
0
1
294 171
0
1
295 243
1
296 38
0
0
1
297 83
1
298 192
0
0
1
299 121
0
0
0
1
300 120
0
1
301 136
0
0
1
302 44
0
1
303 92
0
0
0
0
0
0
0
0
1
304 144
1
305 171
1
306 208
0
0
0
0
0
0
0
0
1
307 225
0
0
0
0
0
0
0
0
0
0
0
0
0
0
0
0
0
0
0
0
0
0
0
1
308 114
0
0
0
1
309 277
0
0
0
1
310 128
0
0
0
1
311 222
0
0
0
1
312 252
0
0
0
0
0
1
313 47
0
0
0
0
0
0
0
0
0
0
1
314 139
0
0
0
0
0
1
315 245
0
0
0
0
1
316 77
0
0
0
1
317 193
0
0
1
318 54
0
1
319 119
0
0
1
320 71
1
321 146
1
322 37
1
323 142
0
0
1
324 18
0
0
0
0
0
0
0
0
1
325 226
0
1
326 61
0
0
0
1
327 13
1
328 36
1
329 142
0
1
330 263
0
0
1
331 216
0
0
1
332 2
0
0
0
0
0
0
1
333 100
0
0
0
0
0
1
334 160
0
0
0
0
0
0
0
0
0
0
0
0
0
0
0
0
0
0
0
1
335 24
1
336 204
0
0
0
0
0
1
337 216
0
0
1
338 178
0
0
1
339 261
0
1
340 273
0
0
1
341 268
0
1
342 147
0
0
0
0
1
343 242
0
0
1
344 262
0
0
0
0
0
0
0
0
0
0
0
0
1
345 226
0
0
1
346 159
1
347 158
0
0
0
0
0
0
1
348 4
0
0
0
0
0
0
0
0
0
0
0
1
349 140
0
1
350 265
0
1
351 72
0
1
352 38
0
0
1
353 236
0
0
0
1
354 73
0
1
355 186
1
356 92
0
0
0
1
357 64
0
0
0
0
0
1
358 135
1
359 101
0
0
0
0
0
0
1
360 242
0
0
0
0
0
1
361 197
1
362 154
0
0
0
0
0
1
363 100
0
0
0
1
364 142
0
1
365 226
0
0
0
1
366 30
0
0
0
0
0
0
0
1
367 121
0
0
0
0
0
0
0
0
0
1
368 56
0
0
0
0
0
0
1
369 98
0
0
0
0
1
370 70
0
0
0
0
1
371 267
0
0
1
372 162
0
0
0
0
0
1
373 189
0
0
1
374 260
0
0
0
0
1
375 6
1
376 98
1
377 212
0
0
1
378 63
0
1
379 117
0
0
0
0
0
0
1
380 112
0
0
0
0
1
381 247
1
382 10
0
0
1
383 249
1
384 121
1
385 107
0
0
0
1
386 96
1
387 203
1
388 196
1
389 275
0
0
0
0
0
0
0
1
390 242
0
0
0
0
1
391 247
1
392 130
1
393 234
0
0
0
1
394 231
1
395 171
0
1
396 157
0
0
1
397 24
0
0
1
398 156
0
0
1
399 125
0
0
1
400 110
0
0
0
0
0
0
0
1
401 188
1
402 249
0
0
1
403 215
0
1
404 147
1
405 254
0
0
1
406 12
0
0
0
0
0
1
407 159
0
0
0
0
0
1
408 87
0
0
1
409 206
1
410 121
0
0
0
1
411 73
1
412 37
0
0
1
413 76
1
414 249
0
0
0
0
0
0
1
415 116
1
416 262
1
417 7
0
0
0
0
0
0
1
418 261
1
419 20
0
1
420 154
0
0
0
0
0
0
1
421 263
0
0
0
0
0
0
1
422 91
0
0
1
423 119
1
424 139
1
425 10
0
0
1
426 66
0
0
1
427 162
1
428 95
0
0
0
0
0
0
1
429 275
0
1
430 127
0
0
0
0
1
431 116
1
432 91
0
0
0
0
1
433 4
1
434 63
1
435 223
1
436 224
0
0
0
1
437 190
0
0
1
438 4
1
439 57
0
0
0
0
1
440 23
0
1
441 37
0
0
0
1
442 205
0
1
443 50
0
0
1
444 32
0
0
1
445 96
0
1
446 65
1
447 68
1
448 69
0
0
0
0
0
0
0
1
449 16
1
450 47
1
451 65
1
452 41
0
0
0
1
453 252
0
0
0
0
0
0
0
0
1
454 126
0
1
455 99
0
0
1
456 103
0
0
1
457 165
0
0
1
458 53
0
0
0
0
0
1
459 262
0
1
460 119
0
1
461 49
0
0
0
0
0
1
462 165
0
1
463 49
1
464 23
1
465 250
1
466 99
1
467 55
0
0
1
468 181
0
0
0
0
0
1
469 173
1
470 220
0
0
0
0
0
0
1
471 259
1
472 191
0
0
1
473 272
0
0
0
0
1
474 83
0
0
0
0
0
0
0
0
0
1
475 263
0
0
1
476 64
0
1
477 136
0
1
478 98
1
479 248
0
1
480 174
0
0
0
1
481 171
0
1
482 99
1
483 253
0
0
1
484 264
1
485 48
0
0
0
1
486 53
0
1
487 133
0
0
1
488 68
1
489 103
0
0
1
490 166
0
0
1
491 248
1
492 16
1
493 150
0
1
494 108
0
0
0
0
1
495 82
1
496 107
1
497 31
0
1
498 155
1
499 97
1
500 250
1
501 236
0
0
0
0
0
1
502 95
1
503 20
1
504 213
1
505 260
1
506 265
1
507 170
0
0
0
1
508 266
0
0
0
0
0
1
509 30
1
510 74
0
0
0
1
511 64
0
0
0
1
512 170
1
513 128
0
0
1
514 258
0
1
515 62
0
0
0
0
0
0
1
516 119
1
517 117
1
518 222
0
0
1
519 218
0
1
520 48
1
521 213
0
1
522 57
0
0
1
523 86
1
524 7
1
525 59
0
0
0
0
0
1
526 264
1
527 53
1
528 81
1
529 248
0
0
0
0
0
0
0
1
530 9
0
1
531 196
1
532 92
1
533 96
1
534 82
1
535 207
1
536 88
0
1
537 21
1
538 108
1
539 213
0
0
0
0
0
1
540 207
0
0
0
0
1
541 103
1
542 103
0
0
0
0
0
0
1
543 15
0
0
0
0
1
544 86
0
0
1
545 88
0
0
0
0
0
0
1
546 25
1
547 60
0
0
0
1
548 21
1
549 18
0
1
550 17
1
551 209
1
552 120
0
1
553 36
0
0
0
1
554 2
1
555 253
1
556 64
0
1
557 184
0
0
1
558 152
1
559 187
0
0
1
560 148
0
0
1
561 82
0
0
0
0
1
562 74
0
0
1
563 232
1
564 70
0
1
565 43
0
0
1
566 221
0
0
0
1
567 186
0
0
1
568 80
0
0
0
1
569 143
0
1
570 153
1
571 127
0
0
0
1
572 185
0
1
573 203
1
574 183
0
1
575 126
0
0
0
1
576 227
1
577 212
0
1
578 227
0
0
0
1
579 217
0
0
0
1
580 236
0
1
581 101
1
582 81
0
0
0
1
583 105
0
0
0
1
584 103
0
0
1
585 157
1
586 121
0
0
0
0
0
0
0
1
587 58
0
0
0
0
1
588 168
0
1
589 21
0
1
590 60
0
0
1
591 66
0
0
0
1
592 210
1
593 246
0
0
1
594 90
0
1
595 155
0
0
0
0
1
596 236
0
0
0
0
1
597 100
1
598 220
1
599 95
1
600 245
0
0
0
0
0
0
1
601 30
0
1
602 78
1
603 162
1
604 10
0
0
0
0
1
605 273
0
0
0
0
0
1
606 110
1
607 176
0
0
0
1
608 171
0
1
609 266
1
610 197
1
611 92
0
0
0
0
0
0
0
0
0
1
612 178
0
1
613 142
1
614 27
1
615 155
1
616 53
0
0
0
1
617 259
0
1
618 135
1
619 110
0
1
620 98
0
0
0
1
621 246
0
0
0
0
1
622 237
0
1
623 147
0
0
1
624 112
0
1
625 142
0
0
0
0
0
0
0
1
626 22
0
0
0
0
0
0
0
0
1
627 261
0
1
628 129
0
0
0
0
1
629 101
0
0
0
0
1
630 138
1
631 254
1
632 197
0
0
0
1
633 245
0
1
634 87
1
635 220
1
636 4
1
637 276
1
638 170
1
639 166
1
640 20
0
1
641 208
0
1
642 141
1
643 201
0
0
0
0
0
1
644 261
1
645 147
1
646 228
0
0
0
1
647 67
0
1
648 208
1
649 98
0
0
1
650 53
1
651 224
0
0
1
652 262
0
0
0
1
653 254
0
1
654 226
1
655 171
1
656 140
1
657 275
0
1
658 172
0
0
0
1
659 273
1
660 181
0
0
1
661 272
0
1
662 51
0
0
0
1
663 68
0
1
664 156
0
1
665 226
0
0
0
1
666 7
0
1
667 228
1
668 123
0
1
669 98
0
0
1
670 265
0
1
671 186
1
672 276
0
0
0
1
673 193
0
0
0
0
0
1
674 251
1
675 45
0
0
1
676 257
0
1
677 175
1
678 18
1
679 90
1
680 17
0
1
681 258
0
0
0
1
682 12
0
0
0
0
0
0
0
0
1
683 50
0
0
0
0
0
0
0
0
1
684 259
0
0
1
685 42
0
0
0
1
686 265
0
1
687 58
0
0
1
688 205
0
0
0
1
689 86
1
690 153
1
691 141
0
0
0
0
1
692 65
0
1
693 74
0
0
0
0
0
1
694 67
1
695 99
1
696 86
0
0
0
1
697 128
0
0
1
698 246
1
699 54
0
0
0
0
1
700 221
0
0
1
701 192
1
702 250
1
703 207
1
704 229
0
0
1
705 63
1
706 149
1
707 267
0
0
1
708 240
0
1
709 91
1
710 62
0
0
0
0
0
0
0
1
711 49
0
0
1
712 243
0
0
0
1
713 195
1
714 208
0
1
715 231
0
0
0
1
716 177
0
0
1
717 16
1
718 157
0
0
0
1
719 258
1
720 276
0
1
721 133
0
1
722 46
1
723 71
1
724 239
0
0
0
1
725 91
1
726 258
0
1
727 101
1
728 51
1
729 247
0
1
730 111
1
731 219
0
1
732 178
0
1
733 14
1
734 228
1
735 69
1
736 103
1
737 267
0
0
0
0
0
1
738 270
0
1
739 199
1
740 153
0
1
741 55
0
1
742 89
0
0
0
0
1
743 131
0
1
744 13
0
0
0
1
745 108
0
0
0
0
1
746 33
0
0
0
1
747 185
0
1
748 231
0
0
0
0
1
749 220
0
0
1
750 162
1
751 211
0
0
0
0
1
752 67
1
753 36
1
754 79
0
0
1
755 138
0
0
1
756 2
1
757 273
0
1
758 108
1
759 121
1
760 267
0
1
761 193
1
762 175
1
763 44
0
1
764 60
0
1
765 97
0
0
1
766 57
1
767 200
0
0
0
0
0
1
768 136
0
0
0
1
769 191
0
0
0
1
770 98
1
771 260
0
0
0
1
772 109
0
0
0
0
1
773 27
1
774 269
0
0
0
1
775 122
1
776 143
1
777 90
1
778 32
0
1
779 193
0
0
0
0
0
1
780 58
0
0
0
1
781 143
1
782 86
0
0
0
0
0
1
783 232
0
0
1
784 224
1
785 178
0
0
1
786 34
0
1
787 46
0
1
788 254
1
789 243
0
1
790 159
1
791 248
0
1
792 147
1
793 68
1
794 33
1
795 276
0
1
796 247
0
1
797 253
0
1
798 117
0
1
799 250
1
800 130
1
801 43
1
802 20
1
803 111
1
804 245
0
1
805 110
1
806 121
0
1
807 137
1
808 60
0
1
809 245
0
0
1
810 66
1
811 146
0
1
812 48
1
813 135
1
814 260
0
1
815 181
0
0
1
816 18
0
0
0
1
817 146
0
1
818 138
1
819 173
0
1
820 17
1
821 151
1
822 192
0
1
823 86
1
824 271
0
1
825 27
0
1
826 41
1
827 90
0
0
1
828 197
0
1
829 101
0
1
830 86
1
831 57
0
0
0
0
0
1
832 184
0
1
833 138
1
834 210
1
835 18
1
836 15
1
837 36
1
838 86
0
1
839 66
1
840 24
1
841 50
1
842 251
1
843 27
1
844 244
0
0
0
0
1
845 166
0
1
846 7
0
0
0
1
847 96
1
848 231
1
849 81
0
0
0
0
1
850 221
0
1
851 233
0
1
852 205
0
1
853 230
0
1
854 189
1
855 15
0
0
0
0
1
856 272
0
1
857 36
1
858 20
1
859 28
0
1
860 8
0
1
861 70
1
862 273
0
1
863 41
0
0
0
0
0
0
0
1
864 267
0
0
0
0
0
1
865 13
1
866 15
1
867 32
1
868 178
1
869 50
0
0
1
870 224
1
871 120
1
872 232
0
0
0
0
0
0
0
1
873 82
1
874 192
1
875 95
0
0
1
876 97
0
0
1
877 169
0
0
0
1
878 118
1
879 44
1
880 110
1
881 260
0
1
882 97
0
0
0
1
883 181
0
0
0
1
884 78
1
885 110
1
886 84
0
0
0
1
887 179
0
1
888 244
1
889 195
1
890 155
0
0
1
891 86
0
0
0
1
892 142
0
0
0
1
893 200
1
894 168
0
1
895 266
1
896 185
1
897 133
1
898 59
0
1
899 219
0
0
1
900 204
0
1
901 119
0
1
902 177
1
903 202
1
904 213
0
0
0
1
905 74
0
0
0
0
0
1
906 116
0
0
1
907 111
0
1
908 80
0
0
1
909 86
1
910 203
0
1
911 244
0
1
912 117
0
1
913 118
1
914 120
0
0
0
0
0
1
915 8
0
1
916 141
0
1
917 188
0
0
0
1
918 39
1
919 257
0
1
920 204
0
1
921 137
0
1
922 112
0
1
923 113
0
0
1
924 156
0
0
0
1
925 198
0
0
0
0
0
0
0
0
1
926 71
0
1
927 19
0
0
1
928 167
0
1
929 56
0
1
930 21
0
0
0
1
931 263
0
1
932 262
0
0
1
933 2
0
0
1
934 124
0
0
1
935 8
1
936 44
0
0
1
937 168
1
938 213
0
1
939 88
0
1
940 114
1
941 251
1
942 98
0
0
0
1
943 167
1
944 253
0
0
0
0
1
945 163
0
0
0
1
946 43
1
947 90
1
948 236
0
1
949 212
0
0
1
950 176
1
951 183
1
952 87
0
0
1
953 125
0
0
0
0
0
0
1
954 158
1
955 275
0
0
0
0
1
956 151
0
0
1
957 179
0
0
0
0
0
1
958 162
1
959 31
1
960 217
1
961 241
0
0
0
0
0
1
962 177
1
963 244
1
964 25
1
965 89
1
966 19
0
0
0
1
967 98
1
968 59
1
969 47
0
0
0
1
970 82
1
971 245
0
0
0
1
972 171
1
973 145
1
974 35
1
975 96
1
976 155
0
1
977 17
1
978 178
0
0
0
0
0
0
1
979 206
0
0
0
1
980 54
0
0
1
981 138
1
982 101
1
983 172
1
984 64
0
0
0
1
985 234
1
986 75
0
1
987 187
0
1
988 235
0
1
989 148
1
990 180
0
0
0
1
991 213
0
0
0
0
1
992 219
1
993 106
0
0
1
994 76
0
1
995 51
1
996 94
1
997 199
0
0
0
1
998 48
0
0
1
999 272
0
1
1000 67
1
1001 6
1
1002 275
1
1003 194
0
0
0
0
0
0
0
0
1
1004 3
0
1
1005 162
1
1006 19
0
1
1007 62
0
0
1
1008 138
1
1009 232
0
0
0
1
1010 221
0
0
0
1
1011 261
1
1012 57
1
1013 222
0
0
0
1
1014 248
1
1015 253
1
1016 110
1
1017 242
0
1
1018 261
0
1
1019 273
1
1020 218
0
1
1021 9
0
1
1022 193
1
1023 10
0
0
1
1024 100
1
1025 202
1
1026 105
1
1027 224
0
1
1028 12
1
1029 157
1
1030 6
1
1031 48
0
0
0
0
0
1
1032 268
0
0
0
1
1033 258
1
1034 249
1
1035 104
1
1036 212
0
1
1037 57
0
0
0
0
0
0
1
1038 125
0
1
1039 90
1
1040 92
0
0
0
1
1041 277
1
1042 190
0
0
0
0
1
1043 97
1
1044 181
1
1045 45
1
1046 190
1
1047 69
1
1048 129
1
1049 265
0
0
0
0
0
0
0
1
1050 223
1
1051 224
0
1
1052 134
1
1053 91
1
1054 48
0
1
1055 208
1
1056 11
1
1057 247
0
1
1058 155
1
1059 127
1
1060 12
1
1061 126
1
1062 206
0
0
0
0
1
1063 44
1
1064 117
0
1
1065 243
0
1
1066 145
0
0
1
1067 7
1
1068 169
1
1069 167
0
0
1
1070 178
0
1
1071 117
0
0
1
1072 93
1
1073 164
1
1074 61
1
1075 222
1
1076 109
0
0
1
1077 221
0
0
0
1
1078 74
0
0
1
1079 119
1
1080 176
0
1
1081 240
1
1082 131
1
1083 227
0
0
0
1
1084 246
0
0
1
1085 233
0
1
1086 15
0
0
1
1087 169
0
1
1088 92
1
1089 200
0
0
0
0
1
1090 61
1
1091 232
0
0
0
1
1092 228
1
1093 215
1
1094 116
1
1095 113
0
1
1096 225
0
1
1097 57
0
1
1098 225
1
1099 122
1
1100 202
0
0
1
1101 230
0
1
1102 127
1
1103 34
1
1104 124
1
1105 245
0
0
0
1
1106 6
1
1107 7
0
0
1
1108 179
1
1109 207
1
1110 159
0
1
1111 168
1
1112 29
0
1
1113 167
1
1114 245
1
1115 217
0
0
0
0
0
1
1116 18
0
0
1
1117 106
0
0
0
1
1118 226
0
0
0
1
1119 46
1
1120 72
0
0
1
1121 35
1
1122 141
1
1123 155
0
0
0
1
1124 209
0
0
1
1125 92
0
1
1126 224
0
0
1
1127 100
0
0
1
1128 253
1
1129 117
0
1
1130 213
1
1131 256
0
1
1132 131
1
1133 71
0
1
1134 124
0
1
1135 215
0
0
0
1
1136 254
1
1137 16
0
1
1138 134
1
1139 207
1
1140 11
1
1141 262
1
1142 196
1
1143 23
1
1144 123
1
1145 112
0
1
1146 37
1
1147 149
1
1148 236
1
1149 245
1
1150 235
0
0
0
0
0
1
1151 167
0
1
1152 130
0
1
1153 251
0
0
1
1154 99
1
1155 124
1
1156 174
1
1157 107
0
0
0
0
0
0
1
1158 61
0
1
1159 62
1
1160 66
0
1
1161 107
1
1162 109
1
1163 86
1
1164 113
1
1165 247
1
1166 57
0
0
1
1167 209
0
0
1
1168 81
1
1169 101
0
1
1170 222
1
1171 64
1
1172 276
0
0
0
0
1
1173 84
0
1
1174 148
1
1175 151
0
1
1176 273
1
1177 60
0
0
0
1
1178 36
0
0
0
1
1179 105
1
1180 40
0
0
0
1
1181 277
1
1182 210
1
1183 93
1
1184 119
0
1
1185 65
1
1186 8
0
1
1187 79
1
1188 191
0
0
1
1189 36
0
0
1
1190 20
1
1191 245
1
1192 230
1
1193 72
0
0
0
0
0
0
0
0
0
0
0
1
1194 262
1
1195 10
1
1196 146
0
1
1197 103
0
1
1198 227
0
1
1199 178
1
1200 197
1
1201 12
0
0
1
1202 100
1
1203 134
0
0
1
1204 40
0
0
0
0
0
1
1205 101
0
0
0
1
1206 249
1
1207 160
0
0
0
0
1
1208 106
1
1209 120
0
0
0
0
1
1210 25
1
1211 27
0
1
1212 81
0
1
1213 76
1
1214 213
0
0
1
1215 126
1
1216 115
1
1217 217
0
1
1218 262
1
1219 164
0
1
1220 250
0
1
1221 235
1
1222 255
0
1
1223 20
0
1
1224 41
0
1
1225 14
1
1226 128
1
1227 99
1
1228 58
0
0
1
1229 4
1
1230 186
1
1231 252
0
0
0
1
1232 48
1
1233 204
0
1
1234 16
1
1235 108
1
1236 186
0
0
1
1237 241
0
0
0
0
0
1
1238 87
1
1239 120
1
1240 212
0
0
0
0
1
1241 80
1
1242 7
1
1243 48
0
1
1244 226
0
0
0
1
1245 134
1
1246 245
0
1
1247 78
1
1248 224
0
1
1249 193
1
1250 41
0
1
1251 275
1
1252 36
0
0
1
1253 133
0
1
1254 23
0
0
1
1255 63
1
1256 196
0
0
1
1257 18
0
0
1
1258 229
0
0
1
1259 95
0
1
1260 40
1
1261 268
0
1
1262 40
1
1263 276
1
1264 149
1
1265 247
0
0
1
1266 208
0
1
1267 275
1
1268 192
0
1
1269 120
1
1270 127
0
0
1
1271 103
1
1272 74
0
1
1273 202
1
1274 251
1
1275 179
1
1276 73
0
0
1
1277 267
1
1278 109
1
1279 40
1
1280 2
1
1281 221
0
0
1
1282 105
0
1
1283 103
1
1284 117
1
1285 268
0
1
1286 227
1
1287 129
0
1
1288 32
1
1289 201
1
1290 261
0
1
1291 66
0
0
1
1292 188
1
1293 25
1
1294 262
1
1295 179
1
1296 56
1
1297 164
0
0
0
1
1298 138
1
1299 191
1
1300 208
1
1301 152
0
0
0
0
1
1302 24
1
1303 260
0
1
1304 116
0
0
1
1305 202
1
1306 186
1
1307 173
1
1308 221
0
1
1309 103
0
1
1310 159
0
1
1311 79
0
0
1
1312 4
1
1313 185
1
1314 210
1
1315 43
1
1316 186
1
1317 30
0
1
1318 98
1
1319 137
0
0
1
1320 7
1
1321 109
1
1322 165
1
1323 245
1
1324 167
1
1325 117
0
1
1326 88
0
1
1327 113
0
0
1
1328 251
0
1
1329 38
0
1
1330 99
0
1
1331 99
1
1332 136
1
1333 36
1
1334 147
0
1
1335 160
0
0
1
1336 70
1
1337 201
1
1338 269
1
1339 26
0
1
1340 256
1
1341 237
0
1
1342 53
0
0
0
0
1
1343 178
1
1344 104
1
1345 125
1
1346 266
0
1
1347 222
1
1348 47
0
0
1
1349 169
1
1350 97
0
0
0
1
1351 77
0
0
0
1
1352 130
1
1353 149
1
1354 224
0
1
1355 235
1
1356 21
0
0
1
1357 127
0
0
0
0
1
1358 48
0
1
1359 213
0
0
1
1360 159
1
1361 159
0
1
1362 252
1
1363 269
1
1364 137
0
1
1365 200
1
1366 69
1
1367 248
0
0
1
1368 131
1
1369 68
1
1370 6
1
1371 172
1
1372 274
1
1373 136
0
0
0
0
0
1
1374 124
0
0
1
1375 217
1
1376 6
0
1
1377 52
0
0
1
1378 203
1
1379 134
0
0
1
1380 147
0
1
1381 147
1
1382 273
0
0
1
1383 195
1
1384 123
1
1385 4
1
1386 205
0
1
1387 107
0
0
0
1
1388 47
1
1389 62
0
1
1390 174
1
1391 26
0
1
1392 213
1
1393 123
1
1394 170
0
0
1
1395 52
1
1396 155
1
1397 172
0
0
1
1398 166
1
1399 12
1
1400 125
1
1401 124
1
1402 110
1
1403 72
1
1404 222
0
0
0
0
1
1405 162
1
1406 216
1
1407 87
1
1408 197
1
1409 143
0
1
1410 93
0
1
1411 167
0
1
1412 191
1
1413 90
1
1414 77
0
1
1415 128
0
1
1416 168
1
1417 49
0
0
0
1
1418 183
1
1419 277
1
1420 229
0
0
0
0
0
0
1
1421 99
1
1422 95
0
1
1423 220
1
1424 184
1
1425 40
1
1426 119
1
1427 78
1
1428 242
0
0
0
1
1429 30
0
1
1430 59
0
1
1431 277
0
1
1432 139
0
0
1
1433 235
0
1
1434 94
1
1435 99
1
1436 63
0
1
1437 210
1
1438 85
1
1439 263
1
1440 122
1
1441 158
1
1442 131
0
1
1443 244
0
0
1
1444 8
0
1
1445 251
0
0
0
0
1
1446 157
0
1
1447 178
1
1448 155
1
1449 28
1
1450 218
1
1451 74
0
1
1452 75
0
1
1453 27
1
1454 127
1
1455 86
0
0
0
0
1
1456 154
0
1
1457 99
0
0
1
1458 169
1
1459 68
1
1460 5
1
1461 94
1
1462 52
0
0
1
1463 210
1
1464 41
0
1
1465 182
1
1466 15
1
1467 86
1
1468 109
1
1469 125
0
1
1470 73
1
1471 39
1
1472 108
1
1473 116
1
1474 109
0
1
1475 35
1
1476 115
0
1
1477 26
1
1478 244
0
0
0
1
1479 75
1
1480 162
1
1481 53
0
0
1
1482 111
1
1483 106
1
1484 106
0
1
1485 236
0
0
1
1486 26
1
1487 163
0
0
1
1488 180
0
1
1489 258
0
1
1490 247
0
1
1491 272
0
1
1492 197
1
1493 23
1
1494 147
1
1495 225
1
1496 61
0
0
0
0
0
0
1
1497 133
1
1498 33
1
1499 117
1
1500 152
1
1501 150
1
1502 83
0
1
1503 152
1
1504 150
0
0
1
1505 225
0
1
1506 167
0
1
1507 71
1
1508 83
1
1509 33
1
1510 13
1
1511 254
1
1512 136
1
1513 86
1
1514 177
0
1
1515 227
1
1516 94
0
0
1
1517 241
1
1518 234
1
1519 103
0
1
1520 129
1
1521 266
0
1
1522 5
1
1523 196
1
1524 9
1
1525 37
0
1
1526 147
1
1527 36
0
0
0
1
1528 272
0
0
1
1529 66
1
1530 83
0
0
0
0
0
1
1531 84
1
1532 32
0
1
1533 246
1
1534 217
0
1
1535 73
1
1536 181
0
1
1537 97
1
1538 74
0
1
1539 196
1
1540 116
1
1541 54
0
0
1
1542 125
0
1
1543 129
1
1544 7
0
1
1545 211
1
1546 171
1
1547 28
1
1548 216
0
0
1
1549 203
0
0
1
1550 47
1
1551 30
0
0
1
1552 156
0
0
1
1553 69
1
1554 54
1
1555 123
0
0
1
1556 55
1
1557 196
0
1
1558 189
1
1559 248
0
0
1
1560 75
1
1561 37
1
1562 93
0
1
1563 149
0
1
1564 49
1
1565 186
1
1566 97
1
1567 56
1
1568 164
1
1569 113
1
1570 85
0
1
1571 239
0
0
1
1572 20
1
1573 61
1
1574 31
1
1575 94
0
0
1
1576 75
1
1577 93
1
1578 209
0
1
1579 113
1
1580 202
0
0
1
1581 183
0
0
1
1582 104
1
1583 52
1
1584 259
1
1585 259
1
1586 218
1
1587 109
1
1588 261
1
1589 126
0
1
1590 154
1
1591 146
0
0
1
1592 169
1
1593 33
1
1594 98
0
0
0
0
0
0
0
1
1595 41
0
0
0
0
0
0
1
1596 241
0
0
0
1
1597 39
0
1
1598 220
1
1599 141
1
1600 61
1
1601 62
1
1602 224
0
0
1
1603 155
0
0
1
1604 162
1
1605 151
0
1
1606 182
1
1607 259
1
1608 155
1
1609 178
0
1
1610 107
0
0
0
0
1
1611 213
0
0
1
1612 225
1
1613 141
1
1614 145
1
1615 141
0
1
1616 68
1
1617 141
0
1
1618 156
0
1
1619 228
0
1
1620 117
1
1621 234
1
1622 175
1
1623 50
1
1624 270
0
1
1625 99
1
1626 135
1
1627 135
1
1628 32
1
1629 98
1
1630 65
1
1631 202
0
1
1632 225
0
1
1633 16
1
1634 219
1
1635 71
0
1
1636 9
1
1637 31
1
1638 31
1
1639 211
1
1640 72
0
1
1641 206
1
1642 40
1
1643 214
1
1644 159
0
1
1645 119
0
1
1646 15
1
1647 145
1
1648 200
1
1649 14
0
1
1650 54
1
1651 234
0
0
1
1652 115
1
1653 72
0
1
1654 123
1
1655 42
1
1656 178
1
1657 228
1
1658 235
0
1
1659 104
0
1
1660 40
0
1
1661 12
0
0
1
1662 274
1
1663 242
0
1
1664 180
0
1
1665 189
1
1666 150
1
1667 145
1
1668 4
1
1669 46
0
0
0
1
1670 249
0
0
1
1671 44
0
0
1
1672 216
1
1673 119
1
1674 232
0
0
1
1675 44
0
1
1676 240
0
1
1677 252
1
1678 78
0
1
1679 108
0
0
1
1680 177
0
0
1
1681 36
1
1682 51
1
1683 225
1
1684 58
1
1685 129
1
1686 261
0
1
1687 162
0
0
1
1688 187
0
1
1689 151
1
1690 34
1
1691 57
1
1692 22
0
1
1693 252
0
1
1694 236
0
0
0
0
1
1695 248
0
1
1696 277
1
1697 258
1
1698 7
0
1
1699 162
1
1700 44
1
1701 76
1
1702 60
1
1703 36
1
1704 204
1
1705 235
0
1
1706 266
1
1707 33
0
0
1
1708 246
1
1709 232
1
1710 148
1
1711 154
1
1712 93
1
1713 105
1
1714 206
1
1715 64
1
1716 181
0
1
1717 197
0
1
1718 104
1
1719 64
1
1720 208
1
1721 221
1
1722 259
0
1
1723 212
1
1724 124
0
0
0
1
1725 265
1
1726 95
1
1727 25
1
1728 30
1
1729 245
0
0
1
1730 87
1
1731 259
1
1732 39
1
1733 263
1
1734 136
1
1735 88
1
1736 81
1
1737 259
0
0
1
1738 139
0
1
1739 143
0
1
1740 98
0
0
0
1
1741 142
1
1742 107
1
1743 208
0
0
1
1744 12
1
1745 228
0
1
1746 141
1
1747 208
1
1748 117
0
0
1
1749 206
1
1750 188
1
1751 162
0
0
1
1752 137
1
1753 109
1
1754 215
1
1755 191
1
1756 82
0
0
0
1
1757 136
1
1758 32
0
1
1759 197
0
1
1760 42
1
1761 108
0
1
1762 262
1
1763 8
1
1764 134
1
1765 210
1
1766 79
0
1
1767 199
1
1768 142
0
0
0
1
1769 150
0
1
1770 19
0
1
1771 48
1
1772 111
1
1773 30
0
1
1774 204
1
1775 164
0
1
1776 43
1
1777 137
1
1778 125
0
0
1
1779 31
0
1
1780 205
1
1781 262
1
1782 59
1
1783 26
0
1
1784 127
1
1785 220
0
1
1786 89
1
1787 59
0
1
1788 107
0
1
1789 196
0
1
1790 179
1
1791 13
1
1792 229
1
1793 182
0
0
1
1794 74
0
1
1795 190
0
1
1796 221
1
1797 49
1
1798 231
1
1799 158
0
1
1800 122
1
1801 234
1
1802 264
1
1803 187
0
0
1
1804 188
1
1805 121
1
1806 154
0
0
1
1807 203
1
1808 266
1
1809 95
0
1
1810 119
1
1811 120
1
1812 150
1
1813 242
1
1814 19
1
1815 15
0
0
1
1816 67
0
1
1817 223
0
0
0
0
1
1818 123
0
1
1819 125
1
1820 256
1
1821 221
0
0
0
1
1822 207
1
1823 156
1
1824 88
0
1
1825 128
0
0
0
1
1826 112
1
1827 127
0
1
1828 37
1
1829 182
1
1830 223
1
1831 262
1
1832 27
1
1833 210
0
1
1834 74
0
0
0
1
1835 37
0
0
1
1836 261
1
1837 125
0
1
1838 92
1
1839 137
1
1840 194
0
0
1
1841 115
1
1842 147
0
1
1843 123
1
1844 195
0
1
1845 43
1
1846 262
0
1
1847 46
1
1848 120
1
1849 122
1
1850 85
1
1851 101
0
1
1852 227
1
1853 101
1
1854 156
0
1
1855 262
0
0
0
1
1856 215
1
1857 151
1
1858 245
1
1859 79
1
1860 38
1
1861 225
0
0
1
1862 183
1
1863 120
0
1
1864 61
0
1
1865 225
1
1866 46
1
1867 249
1
1868 211
0
1
1869 258
0
1
1870 272
0
1
1871 90
1
1872 68
1
1873 51
0
1
1874 16
0
0
1
1875 248
1
1876 12
1
1877 91
1
1878 217
0
1
1879 37
0
1
1880 129
0
1
1881 68
0
0
1
1882 197
0
1
1883 193
0
1
1884 10
0
1
1885 4
0
1
1886 185
1
1887 242
1
1888 236
0
0
0
1
1889 254
1
1890 26
0
1
1891 200
1
1892 222
1
1893 28
1
1894 100
1
1895 73
1
1896 265
0
0
1
1897 125
1
1898 180
0
1
1899 272
0
1
1900 245
1
1901 19
1
1902 171
1
1903 178
0
1
1904 36
1
1905 207
1
1906 72
0
1
1907 27
0
1
1908 229
1
1909 43
0
0
1
1910 168
1
1911 37
0
1
1912 267
0
1
1913 241
1
1914 161
1
1915 124
1
1916 14
1
1917 14
0
0
1
1918 267
1
1919 29
0
1
1920 230
1
1921 125
1
1922 146
0
0
1
1923 229
1
1924 85
0
1
1925 96
1
1926 128
1
1927 173
0
1
1928 79
1
1929 58
1
1930 105
1
1931 43
1
1932 43
1
1933 219
1
1934 105
0
1
1935 126
0
1
1936 255
1
1937 26
0
1
1938 183
0
1
1939 61
1
1940 13
1
1941 229
1
1942 10
1
1943 84
1
1944 255
1
1945 167
1
1946 10
1
1947 14
1
1948 216
1
1949 111
0
1
1950 98
1
1951 7
1
1952 190
0
0
0
0
0
1
1953 191
0
1
1954 7
1
1955 167
0
0
1
1956 107
1
1957 46
0
0
1
1958 74
0
1
1959 260
1
1960 263
1
1961 251
1
1962 81
0
1
1963 235
1
1964 213
1
1965 246
1
1966 172
0
0
1
1967 106
1
1968 242
1
1969 271
1
1970 65
0
1
1971 73
0
1
1972 230
1
1973 221
1
1974 14
1
1975 8
1
1976 128
1
1977 34
0
0
1
1978 250
1
1979 60
1
1980 114
1
1981 114
1
1982 31
1
1983 244
1
1984 56
1
1985 276
1
1986 54
1
1987 254
1
1988 190
1
1989 112
1
1990 75
1
1991 117
1
1992 60
1
1993 275
1
1994 11
1
1995 127
0
1
1996 273
0
1
1997 93
1
1998 138
0
1
1999 2
1
2000 171
0
1
2001 148
1
2002 57
1
2003 22
1
2004 135
0
0
1
2005 159
1
2006 256
1
2007 156
1
2008 230
1
2009 58
1
2010 64
1
2011 115
1
2012 25
1
2013 175
0
1
2014 217
1
2015 24
0
0
0
1
2016 129
1
2017 164
0
1
2018 46
1
2019 253
1
2020 62
1
2021 12
1
2022 18
1
2023 105
1
2024 88
1
2025 245
1
2026 187
0
1
2027 121
1
2028 8
0
1
2029 162
1
2030 260
1
2031 88
1
2032 116
0
1
2033 49
0
1
2034 73
0
1
2035 252
0
1
2036 159
1
2037 84
1
2038 115
1
2039 148
0
1
2040 176
1
2041 50
0
1
2042 138
1
2043 170
1
2044 210
0
0
0
1
2045 239
0
1
2046 46
1
2047 17
0
0
1
2048 133
0
1
2049 86
1
2050 79
0
0
1
2051 209
1
2052 5
1
2053 140
1
2054 35
1
2055 216
1
2056 112
1
2057 134
0
1
2058 210
0
1
2059 163
0
0
0
1
2060 65
0
1
2061 191
0
1
2062 260
0
1
2063 249
1
2064 143
1
2065 40
1
2066 240
1
2067 177
0
1
2068 93
1
2069 271
0
1
2070 252
0
1
2071 64
0
1
2072 7
1
2073 142
1
2074 161
1
2075 17
1
2076 107
1
2077 237
1
2078 113
1
2079 197
0
1
2080 219
1
2081 68
1
2082 170
0
0
0
1
2083 24
1
2084 221
1
2085 209
1
2086 60
0
1
2087 247
1
2088 2
1
2089 206
1
2090 56
1
2091 47
1
2092 109
1
2093 176
1
2094 31
0
1
2095 104
1
2096 225
1
2097 47
0
1
2098 244
1
2099 129
1
2100 113
1
2101 99
1
2102 99
1
2103 13
1
2104 158
1
2105 200
1
2106 46
0
1
2107 223
1
2108 218
0
0
1
2109 179
0
1
2110 257
1
2111 176
1
2112 115
0
1
2113 18
1
2114 7
1
2115 147
1
2116 17
1
2117 95
1
2118 213
1
2119 125
0
0
1
2120 137
1
2121 71
0
0
0
0
1
2122 142
1
2123 206
1
2124 231
1
2125 209
1
2126 7
0
0
1
2127 261
1
2128 135
0
0
0
1
2129 81
0
0
1
2130 12
1
2131 63
1
2132 260
1
2133 239
1
2134 226
1
2135 221
1
2136 253
1
2137 58
1
2138 112
1
2139 257
1
2140 3
1
2141 117
0
0
1
2142 149
1
2143 140
0
0
1
2144 82
0
1
2145 32
1
2146 267
0
1
2147 268
1
2148 221
1
2149 162
1
2150 267
1
2151 252
0
1
2152 113
0
1
2153 23
1
2154 164
1
2155 119
1
2156 240
1
2157 272
1
2158 29
0
1
2159 204
1
2160 36
1
2161 63
1
2162 145
1
2163 133
1
2164 23
0
0
1
2165 158
1
2166 207
1
2167 75
1
2168 32
1
2169 242
1
2170 137
0
1
2171 188
0
1
2172 261
0
1
2173 176
1
2174 66
0
1
2175 83
1
2176 69
1
2177 269
1
2178 138
0
1
2179 84
1
2180 9
1
2181 60
0
0
1
2182 126
0
1
2183 261
1
2184 5
0
1
2185 64
1
2186 178
1
2187 224
1
2188 267
1
2189 241
1
2190 205
1
2191 159
1
2192 194
0
1
2193 23
0
1
2194 96
0
0
0
1
2195 20
1
2196 80
0
1
2197 31
1
2198 22
0
1
2199 176
1
2200 82
0
0
1
2201 173
1
2202 108
0
1
2203 212
1
2204 202
0
0
1
2205 193
1
2206 103
0
1
2207 128
1
2208 66
0
1
2209 105
1
2210 134
1
2211 173
1
2212 224
1
2213 166
1
2214 98
1
2215 178
0
1
2216 190
1
2217 162
1
2218 143
0
0
1
2219 10
1
2220 218
0
0
1
2221 133
0
0
1
2222 245
1
2223 26
1
2224 150
0
1
2225 87
1
2226 107
1
2227 84
1
2228 109
1
2229 26
1
2230 13
1
2231 52
1
2232 27
1
2233 37
1
2234 261
1
2235 150
1
2236 262
1
2237 155
1
2238 162
1
2239 255
1
2240 234
1
2241 248
1
2242 216
1
2243 13
1
2244 192
1
2245 223
1
2246 81
0
1
2247 102
1
2248 148
0
1
2249 255
0
1
2250 271
1
2251 140
0
0
1
2252 222
1
2253 189
1
2254 197
1
2255 54
0
1
2256 161
1
2257 32
1
2258 61
1
2259 7
1
2260 225
1
2261 34
1
2262 217
0
1
2263 213
1
2264 192
1
2265 129
0
1
2266 190
1
2267 32
1
2268 93
1
2269 55
1
2270 19
1
2271 227
1
2272 239
0
0
1
2273 109
0
1
2274 184
1
2275 185
1
2276 188
1
2277 32
1
2278 215
1
2279 92
1
2280 108
1
2281 73
1
2282 237
1
2283 240
1
2284 56
0
1
2285 156
1
2286 248
1
2287 4
1
2288 208
1
2289 41
0
1
2290 46
1
2291 241
1
2292 260
1
2293 52
0
0
0
1
2294 202
1
2295 56
1
2296 171
0
0
1
2297 154
1
2298 203
0
0
1
2299 126
1
2300 60
0
1
2301 274
1
2302 217
1
2303 32
1
2304 262
1
2305 80
1
2306 173
1
2307 197
1
2308 239
1
2309 235
1
2310 51
0
0
1
2311 248
1
2312 6
0
0
0
1
2313 94
1
2314 190
1
2315 261
0
0
0
1
2316 146
0
1
2317 206
0
1
2318 36
1
2319 243
1
2320 125
1
2321 59
0
1
2322 119
1
2323 184
1
2324 242
1
2325 120
0
1
2326 86
1
2327 246
1
2328 92
1
2329 68
0
1
2330 79
1
2331 268
1
2332 179
0
0
0
1
2333 29
1
2334 253
1
2335 111
1
2336 95
1
2337 221
1
2338 51
0
1
2339 127
0
1
2340 32
1
2341 138
1
2342 151
1
2343 46
1
2344 267
0
1
2345 67
0
1
2346 140
1
2347 41
1
2348 196
1
2349 170
1
2350 219
1
2351 247
0
1
2352 200
1
2353 7
1
2354 134
1
2355 218
1
2356 202
1
2357 269
0
1
2358 99
1
2359 165
1
2360 111
1
2361 261
1
2362 73
1
2363 224
1
2364 165
1
2365 25
0
1
2366 21
1
2367 7
1
2368 71
1
2369 79
0
0
0
1
2370 233
1
2371 92
1
2372 248
1
2373 132
1
2374 85
1
2375 38
1
2376 242
1
2377 153
1
2378 110
1
2379 245
1
2380 10
1
2381 7
1
2382 261
1
2383 90
1
2384 222
1
2385 84
1
2386 128
1
2387 208
1
2388 195
0
1
2389 160
1
2390 205
0
0
1
2391 187
1
2392 82
1
2393 120
1
2394 147
1
2395 181
1
2396 31
1
2397 137
1
2398 269
1
2399 5
1
2400 59
0
1
2401 178
1
2402 100
0
1
2403 228
1
2404 277
1
2405 103
1
2406 147
0
1
2407 150
0
1
2408 267
1
2409 7
0
1
2410 228
0
1
2411 89
1
2412 179
1
2413 238
0
0
1
2414 62
0
1
2415 107
1
2416 71
1
2417 179
1
2418 24
1
2419 139
1
2420 259
1
2421 277
1
2422 207
1
2423 220
1
2424 57
0
0
1
2425 44
1
2426 243
0
1
2427 206
1
2428 93
1
2429 234
1
2430 205
0
1
2431 169
0
0
1
2432 48
1
2433 245
1
2434 217
1
2435 177
1
2436 135
1
2437 152
0
0
0
1
2438 37
1
2439 245
1
2440 24
1
2441 161
1
2442 258
0
1
2443 275
1
2444 110
1
2445 16
1
2446 145
1
2447 109
0
0
1
2448 246
0
1
2449 260
1
2450 13
1
2451 73
1
2452 200
0
1
2453 151
1
2454 212
1
2455 84
1
2456 59
1
2457 65
1
2458 89
0
1
2459 154
0
1
2460 147
1
2461 150
0
1
2462 194
0
1
2463 268
1
2464 9
0
1
2465 125
0
1
2466 228
0
0
1
2467 159
0
1
2468 113
1
2469 129
0
1
2470 200
1
2471 228
1
2472 257
1
2473 234
1
2474 126
0
1
2475 36
1
2476 155
1
2477 173
1
2478 44
1
2479 5
1
2480 89
1
2481 12
0
0
1
2482 192
0
1
2483 269
1
2484 99
1
2485 265
1
2486 88
0
1
2487 200
1
2488 119
0
1
2489 276
1
2490 274
1
2491 78
1
2492 240
1
2493 248
1
2494 96
1
2495 8
1
2496 212
1
2497 50
0
1
2498 258
1
2499 2
1
2500 230
1
2501 147
1
2502 36
1
2503 141
1
2504 128
1
2505 25
1
2506 198
1
2507 194
0
1
2508 261
0
1
2509 169
0
1
2510 208
1
2511 265
1
2512 202
1
2513 201
0
1
2514 167
1
2515 212
1
2516 17
1
2517 157
0
1
2518 53
1
2519 27
1
2520 263
1
2521 160
0
1
2522 89
1
2523 205
1
2524 51
1
2525 32
1
2526 212
1
2527 139
0
1
2528 254
1
2529 180
1
2530 88
1
2531 32
1
2532 9
1
2533 263
0
1
2534 87
1
2535 84
1
2536 234
1
2537 207
1
2538 130
1
2539 74
1
2540 237
1
2541 111
1
2542 252
1
2543 14
1
2544 39
1
2545 178
1
2546 103
0
0
1
2547 118
0
0
1
2548 23
0
1
2549 258
1
2550 127
0
0
1
2551 197
1
2552 4
0
1
2553 142
1
2554 260
0
1
2555 53
0
1
2556 197
0
1
2557 124
1
2558 127
1
2559 13
1
2560 98
1
2561 106
1
2562 134
1
2563 260
1
2564 118
1
2565 132
0
1
2566 236
1
2567 190
1
2568 255
0
1
2569 134
0
0
1
2570 5
1
2571 218
0
1
2572 180
0
1
2573 62
1
2574 16
0
1
2575 272
1
2576 95
0
1
2577 244
1
2578 223
1
2579 58
1
2580 37
1
2581 232
1
2582 48
1
2583 267
0
1
2584 60
0
0
0
0
1
2585 15
1
2586 263
1
2587 81
1
2588 10
1
2589 259
1
2590 248
1
2591 268
1
2592 157
1
2593 228
1
2594 155
1
2595 48
1
2596 253
1
2597 70
1
2598 5
1
2599 197
1
2600 202
0
0
1
2601 250
1
2602 228
1
2603 85
0
1
2604 103
0
1
2605 249
1
2606 70
1
2607 40
0
1
2608 141
1
2609 143
1
2610 202
1
2611 249
1
2612 137
0
1
2613 107
1
2614 76
1
2615 213
1
2616 86
0
0
1
2617 146
1
2618 229
1
2619 137
1
2620 243
1
2621 194
1
2622 241
1
2623 20
0
1
2624 163
1
2625 77
1
2626 114
1
2627 245
1
2628 143
0
1
2629 134
0
1
2630 61
1
2631 244
0
1
2632 56
0
1
2633 252
1
2634 101
0
0
1
2635 273
0
0
1
2636 74
1
2637 178
0
1
2638 13
1
2639 48
1
2640 268
1
2641 133
1
2642 232
0
1
2643 263
1
2644 73
1
2645 2
0
0
0
0
1
2646 102
1
2647 180
1
2648 82
1
2649 175
1
2650 269
1
2651 106
0
0
0
1
2652 215
1
2653 231
0
1
2654 50
0
1
2655 236
1
2656 202
0
1
2657 221
1
2658 251
1
2659 163
1
2660 142
1
2661 190
1
2662 178
1
2663 170
0
1
2664 227
1
2665 30
1
2666 190
0
1
2667 173
1
2668 226
0
0
1
2669 261
1
2670 231
1
2671 160
1
2672 34
1
2673 56
1
2674 124
1
2675 132
0
1
2676 276
0
1
2677 66
0
0
1
2678 197
1
2679 57
0
1
2680 210
1
2681 2
0
1
2682 57
1
2683 45
0
1
2684 143
1
2685 55
1
2686 34
1
2687 60
1
2688 58
1
2689 245
1
2690 223
0
1
2691 194
1
2692 159
1
2693 107
1
2694 270
1
2695 233
1
2696 47
1
2697 120
1
2698 168
1
2699 76
0
1
2700 253
1
2701 141
1
2702 20
1
2703 96
0
0
1
2704 248
0
1
2705 261
1
2706 16
1
2707 88
0
0
1
2708 161
1
2709 266
0
1
2710 8
1
2711 50
1
2712 30
1
2713 127
1
2714 101
0
1
2715 160
1
2716 194
1
2717 276
1
2718 51
1
2719 248
1
2720 241
1
2721 20
1
2722 54
1
2723 229
1
2724 242
1
2725 240
1
2726 221
1
2727 228
1
2728 21
1
2729 75
1
2730 102
1
2731 31
1
2732 80
0
1
2733 238
1
2734 49
1
2735 75
1
2736 65
1
2737 199
0
1
2738 260
1
2739 252
1
2740 80
0
1
2741 254
1
2742 52
0
0
1
2743 36
1
2744 163
1
2745 64
0
1
2746 36
0
1
2747 138
0
1
2748 120
0
0
0
1
2749 112
1
2750 114
1
2751 160
0
1
2752 260
1
2753 205
1
2754 169
1
2755 160
1
2756 158
1
2757 167
1
2758 267
1
2759 224
1
2760 47
1
2761 227
1
2762 121
1
2763 277
1
2764 26
1
2765 161
0
1
2766 103
1
2767 166
1
2768 102
0
1
2769 159
1
2770 90
0
0
1
2771 200
0
1
2772 50
1
2773 119
1
2774 185
1
2775 46
1
2776 103
1
2777 2
1
2778 61
1
2779 40
1
2780 57
1
2781 55
1
2782 9
1
2783 83
1
2784 124
0
0
1
2785 139
1
2786 74
1
2787 197
1
2788 90
0
1
2789 176
1
2790 220
0
1
2791 186
1
2792 146
0
1
2793 204
1
2794 255
1
2795 146
1
2796 115
1
2797 205
1
2798 217
1
2799 236
1
2800 148
1
2801 218
1
2802 212
1
2803 186
0
0
1
2804 162
0
1
2805 237
0
0
1
2806 129
1
2807 95
1
2808 268
0
1
2809 40
0
1
2810 254
1
2811 269
1
2812 232
1
2813 143
1
2814 115
1
2815 48
1
2816 162
1
2817 217
1
2818 243
1
2819 231
1
2820 9
0
1
2821 41
0
0
1
2822 153
1
2823 66
1
2824 110
1
2825 96
1
2826 4
1
2827 197
1
2828 81
1
2829 103
1
2830 33
1
2831 139
1
2832 98
0
1
2833 58
1
2834 252
1
2835 53
1
2836 201
1
2837 207
0
1
2838 105
1
2839 217
1
2840 45
1
2841 114
0
1
2842 97
1
2843 139
1
2844 211
0
1
2845 251
1
2846 90
1
2847 218
1
2848 38
1
2849 9
1
2850 184
1
2851 73
1
2852 61
1
2853 228
1
2854 146
1
2855 142
0
1
2856 234
1
2857 89
1
2858 135
0
1
2859 93
1
2860 235
1
2861 199
0
1
2862 246
1
2863 187
1
2864 104
0
1
2865 207
1
2866 20
1
2867 269
1
2868 160
1
2869 253
1
2870 266
1
2871 248
1
2872 68
1
2873 72
1
2874 161
0
1
2875 35
1
2876 189
1
2877 119
1
2878 82
1
2879 78
0
1
2880 15
1
2881 242
0
1
2882 64
1
2883 121
1
2884 128
1
2885 16
0
1
2886 250
1
2887 179
1
2888 95
1
2889 128
0
1
2890 38
1
2891 65
1
2892 106
1
2893 24
1
2894 55
1
2895 38
1
2896 20
1
2897 69
1
2898 229
1
2899 189
1
2900 59
1
2901 258
1
2902 241
1
2903 57
0
1
2904 36
1
2905 260
1
2906 43
1
2907 267
1
2908 157
1
2909 8
0
0
1
2910 255
1
2911 213
1
2912 128
1
2913 179
0
0
1
2914 24
1
2915 93
1
2916 276
0
1
2917 268
1
2918 92
1
2919 89
1
2920 158
1
2921 195
1
2922 264
1
2923 261
1
2924 63
1
2925 24
1
2926 55
1
2927 93
1
2928 89
0
1
2929 264
1
2930 224
0
1
2931 15
1
2932 48
1
2933 188
1
2934 266
1
2935 88
1
2936 143
1
2937 226
1
2938 128
1
2939 150
1
2940 111
1
2941 170
1
2942 269
1
2943 218
1
2944 209
1
2945 262
1
2946 213
1
2947 233
1
2948 113
1
2949 166
1
2950 142
1
2951 176
0
0
1
2952 143
1
2953 63
1
2954 277
0
1
2955 88
1
2956 170
1
2957 58
0
0
1
2958 68
0
0
0
1
2959 130
1
2960 98
0
1
2961 119
1
2962 58
1
2963 267
1
2964 197
0
1
2965 198
1
2966 21
1
2967 45
1
2968 181
1
2969 55
0
1
2970 18
1
2971 52
1
2972 22
1
2973 146
1
2974 259
1
2975 10
1
2976 38
1
2977 60
1
2978 190
1
2979 119
1
2980 12
1
2981 191
1
2982 274
1
2983 90
1
2984 221
1
2985 249
1
2986 195
0
1
2987 119
1
2988 14
1
2989 85
1
2990 185
0
1
2991 154
1
2992 15
0
1
2993 254
1
2994 121
1
2995 189
1
2996 252
1
2997 20
1
2998 141
1
2999 24
1
3000 119
1
3001 67
1
3002 56
0
1
3003 189
1
3004 245
1
3005 181
1
3006 161
0
1
3007 51
0
1
3008 73
1
3009 151
1
3010 37
1
3011 264
1
3012 24
1
3013 260
1
3014 139
1
3015 130
1
3016 219
1
3017 226
1
3018 262
1
3019 3
1
3020 35
0
1
3021 191
1
3022 261
1
3023 232
1
3024 208
1
3025 49
1
3026 207
1
3027 221
1
3028 251
1
3029 251
1
3030 22
0
0
1
3031 138
1
3032 121
1
3033 25
1
3034 98
1
3035 104
0
1
3036 202
1
3037 62
1
3038 114
1
3039 251
1
3040 140
1
3041 148
1
3042 86
1
3043 269
1
3044 113
1
3045 183
1
3046 28
1
3047 126
1
3048 21
1
3049 44
1
3050 110
1
3051 242
1
3052 10
1
3053 159
1
3054 117
0
1
3055 37
1
3056 16
1
3057 28
1
3058 259
1
3059 137
1
3060 86
1
3061 37
1
3062 153
0
1
3063 176
1
3064 213
0
1
3065 276
0
1
3066 82
1
3067 62
1
3068 223
1
3069 250
0
1
3070 110
1
3071 39
1
3072 57
1
3073 226
1
3074 177
0
1
3075 79
1
3076 196
1
3077 24
1
3078 185
0
1
3079 92
1
3080 178
1
3081 124
1
3082 95
1
3083 202
1
3084 48
1
3085 235
1
3086 221
0
1
3087 236
1
3088 94
1
3089 147
1
3090 18
0
0
1
3091 39
1
3092 91
1
3093 163
1
3094 225
1
3095 10
1
3096 105
1
3097 35
1
3098 56
1
3099 12
1
3100 108
1
3101 29
0
0
1
3102 203
1
3103 59
1
3104 187
1
3105 187
1
3106 10
1
3107 155
1
3108 147
1
3109 200
1
3110 122
1
3111 137
1
3112 57
1
3113 94
1
3114 69
1
3115 64
1
3116 130
1
3117 172
0
1
3118 6
1
3119 178
0
1
3120 77
1
3121 136
1
3122 181
1
3123 117
1
3124 126
1
3125 122
0
1
3126 30
1
3127 89
1
3128 243
1
3129 260
0
1
3130 199
0
0
1
3131 251
1
3132 169
1
3133 32
1
3134 93
1
3135 75
1
3136 114
1
3137 224
0
1
3138 75
1
3139 259
1
3140 98
1
3141 125
1
3142 222
1
3143 223
0
1
3144 161
1
3145 70
1
3146 226
1
3147 98
1
3148 39
1
3149 145
1
3150 225
1
3151 208
1
3152 33
1
3153 148
1
3154 236
1
3155 63
1
3156 52
1
3157 231
1
3158 89
1
3159 72
1
3160 99
1
3161 276
0
1
3162 51
1
3163 104
1
3164 187
1
3165 260
1
3166 95
1
3167 103
1
3168 270
1
3169 206
1
3170 123
1
3171 212
0
1
3172 20
1
3173 47
1
3174 234
1
3175 192
1
3176 262
1
3177 197
1
3178 223
1
3179 85
1
3180 248
1
3181 275
1
3182 112
1
3183 33
1
3184 161
1
3185 267
0
1
3186 34
1
3187 88
1
3188 91
1
3189 267
1
3190 22
1
3191 7
1
3192 240
1
3193 65
1
3194 178
1
3195 206
1
3196 252
1
3197 61
1
3198 80
1
3199 91
1
3200 262
1
3201 275
0
1
3202 193
1
3203 265
1
3204 165
1
3205 199
1
3206 240
1
3207 48
0
1
3208 43
1
3209 14
1
3210 191
1
3211 245
1
3212 37
1
3213 130
1
3214 141
1
3215 221
1
3216 150
0
1
3217 177
1
3218 147
1
3219 169
0
1
3220 44
1
3221 150
0
1
3222 98
1
3223 211
1
3224 61
1
3225 83
1
3226 24
1
3227 11
1
3228 199
1
3229 252
1
3230 55
1
3231 198
1
3232 41
1
3233 48
1
3234 58
1
3235 51
1
3236 224
1
3237 125
1
3238 119
1
3239 17
1
3240 100
1
3241 243
1
3242 128
1
3243 142
0
1
3244 20
0
1
3245 7
1
3246 162
1
3247 120
1
3248 228
1
3249 207
1
3250 260
1
3251 261
1
3252 34
1
3253 7
1
3254 247
1
3255 170
1
3256 98
1
3257 220
1
3258 32
1
3259 5
1
3260 7
1
3261 207
1
3262 4
1
3263 162
1
3264 9
1
3265 197
1
3266 98
0
1
3267 274
1
3268 174
1
3269 261
1
3270 262
1
3271 68
1
3272 163
1
3273 47
1
3274 67
1
3275 169
1
3276 268
1
3277 21
1
3278 153
1
3279 132
1
3280 147
1
3281 206
0
1
3282 277
1
3283 97
1
3284 252
1
3285 98
1
3286 92
1
3287 141
1
3288 80
1
3289 272
1
3290 224
1
3291 245
1
3292 29
1
3293 247
1
3294 239
1
3295 92
1
3296 221
1
3297 24
1
3298 35
1
3299 30
1
3300 56
1
3301 79
1
3302 109
1
3303 219
1
3304 252
1
3305 144
1
3306 37
1
3307 217
1
3308 235
0
1
3309 58
1
3310 272
1
3311 21
1
3312 98
1
3313 63
1
3314 14
1
3315 195
1
3316 217
1
3317 252
1
3318 128
1
3319 245
1
3320 189
1
3321 22
1
3322 230
1
3323 41
1
3324 120
1
3325 61
1
3326 166
1
3327 108
1
3328 161
1
3329 136
0
1
3330 220
1
3331 239
1
3332 201
1
3333 48
0
1
3334 218
1
3335 36
0
1
3336 264
1
3337 127
0
0
1
3338 75
1
3339 98
1
3340 242
1
3341 204
1
3342 35
1
3343 151
1
3344 272
0
0
1
3345 58
1
3346 230
1
3347 231
1
3348 216
1
3349 154
1
3350 130
0
1
3351 242
1
3352 24
1
3353 18
0
1
3354 55
0
1
3355 52
1
3356 120
1
3357 36
1
3358 271
1
3359 96
1
3360 159
1
3361 202
1
3362 275
0
1
3363 35
1
3364 265
1
3365 217
1
3366 62
0
1
3367 36
1
3368 88
1
3369 244
1
3370 237
0
1
3371 260
1
3372 88
1
3373 163
0
1
3374 157
1
3375 112
1
3376 252
0
0
1
3377 107
0
1
3378 163
1
3379 33
1
3380 187
1
3381 220
1
3382 37
1
3383 41
0
1
3384 272
1
3385 36
1
3386 186
1
3387 249
1
3388 255
1
3389 187
1
3390 227
1
3391 39
1
3392 239
0
1
3393 254
1
3394 23
1
3395 172
1
3396 88
1
3397 277
0
0
1
3398 194
1
3399 262
1
3400 75
1
3401 87
1
3402 94
1
3403 3
1
3404 48
1
3405 256
1
3406 9
1
3407 91
1
3408 208
1
3409 141
1
3410 178
1
3411 143
1
3412 271
1
3413 236
1
3414 259
1
3415 58
1
3416 260
1
3417 3
1
3418 183
1
3419 103
1
3420 70
1
3421 32
1
3422 62
1
3423 119
1
3424 137
1
3425 210
1
3426 217
1
3427 20
1
3428 151
1
3429 23
1
3430 221
0
1
3431 121
1
3432 48
1
3433 46
1
3434 193
1
3435 257
1
3436 105
0
1
3437 228
1
3438 247
1
3439 24
1
3440 64
1
3441 32
1
3442 222
1
3443 158
1
3444 44
1
3445 138
1
3446 262
1
3447 195
0
1
3448 248
1
3449 156
1
3450 119
1
3451 89
1
3452 40
1
3453 188
1
3454 91
1
3455 128
0
1
3456 242
1
3457 26
1
3458 173
1
3459 172
1
3460 218
1
3461 90
1
3462 213
1
3463 229
1
3464 236
1
3465 102
1
3466 91
1
3467 29
1
3468 2
1
3469 248
1
3470 160
1
3471 214
1
3472 174
0
1
3473 236
1
3474 182
1
3475 76
1
3476 64
0
1
3477 90
1
3478 48
1
3479 119
1
3480 35
1
3481 54
1
3482 248
0
1
3483 82
1
3484 83
1
3485 141
1
3486 110
1
3487 154
1
3488 41
1
3489 128
1
3490 164
0
1
3491 179
1
3492 275
1
3493 227
1
3494 197
1
3495 43
1
3496 101
1
3497 56
1
3498 160
1
3499 201
1
3500 28
1
3501 176
1
3502 7
1
3503 230
1
3504 55
1
3505 16
0
1
3506 148
1
3507 20
1
3508 180
1
3509 238
0
1
3510 252
1
3511 28
1
3512 82
1
3513 39
1
3514 31
1
3515 158
1
3516 103
1
3517 135
1
3518 81
1
3519 150
1
3520 169
1
3521 34
1
3522 28
1
3523 127
1
3524 180
1
3525 18
1
3526 9
1
3527 131
1
3528 270
1
3529 36
1
3530 155
1
3531 34
1
3532 116
1
3533 55
1
3534 75
1
3535 119
1
3536 10
1
3537 247
1
3538 112
1
3539 191
1
3540 168
1
3541 59
0
1
3542 119
1
3543 277
1
3544 245
1
3545 36
1
3546 263
0
1
3547 132
1
3548 11
0
1
3549 37
1
3550 14
1
3551 13
0
1
3552 273
1
3553 82
0
0
1
3554 239
1
3555 17
1
3556 170
0
1
3557 161
1
3558 205
1
3559 250
1
3560 209
1
3561 54
1
3562 77
1
3563 36
1
3564 113
1
3565 150
1
3566 190
1
3567 178
1
3568 271
1
3569 142
1
3570 191
1
3571 217
1
3572 220
1
3573 46
1
3574 95
1
3575 233
1
3576 169
0
1
3577 101
1
3578 19
1
3579 32
1
3580 276
1
3581 92
1
3582 138
0
1
3583 61
1
3584 45
1
3585 191
1
3586 89
1
3587 154
1
3588 196
1
3589 38
1
3590 237
1
3591 84
1
3592 148
1
3593 189
1
3594 213
1
3595 22
1
3596 75
1
3597 190
1
3598 10
1
3599 169
1
3600 242
1
3601 258
1
3602 233
1
3603 160
1
3604 185
1
3605 144
1
3606 212
1
3607 134
1
3608 159
0
1
3609 174
1
3610 77
1
3611 168
1
3612 202
1
3613 60
1
3614 29
1
3615 12
1
3616 20
1
3617 61
1
3618 104
1
3619 277
1
3620 227
1
3621 90
1
3622 156
1
3623 182
1
3624 242
1
3625 45
1
3626 122
1
3627 110
1
3628 128
0
1
3629 261
1
3630 103
1
3631 211
1
3632 37
1
3633 259
1
3634 46
1
3635 2
1
3636 104
1
3637 182
1
3638 31
1
3639 133
1
3640 72
1
3641 231
0
1
3642 267
1
3643 205
1
3644 111
1
3645 72
1
3646 214
1
3647 9
1
3648 134
1
3649 7
1
3650 230
1
3651 19
1
3652 43
1
3653 111
1
3654 66
1
3655 80
1
3656 119
1
3657 122
1
3658 122
0
1
3659 212
1
3660 243
1
3661 74
1
3662 253
1
3663 228
1
3664 17
1
3665 85
1
3666 53
1
3667 238
1
3668 47
1
3669 182
0
1
3670 80
1
3671 64
1
3672 267
1
3673 250
1
3674 165
1
3675 103
1
3676 64
1
3677 191
0
1
3678 181
1
3679 249
1
3680 217
1
3681 95
1
3682 100
1
3683 163
1
3684 36
1
3685 221
1
3686 256
1
3687 67
1
3688 254
1
3689 249
1
3690 147
0
1
3691 77
1
3692 194
1
3693 261
1
3694 106
1
3695 18
1
3696 91
1
3697 48
1
3698 6
1
3699 135
1
3700 261
1
3701 134
0
1
3702 129
1
3703 113
1
3704 78
1
3705 177
1
3706 29
1
3707 211
1
3708 124
1
3709 35
1
3710 55
1
3711 96
1
3712 11
1
3713 215
1
3714 256
1
3715 68
1
3716 238
1
3717 7
1
3718 143
1
3719 263
1
3720 273
1
3721 263
0
1
3722 105
1
3723 128
1
3724 101
1
3725 37
1
3726 28
1
3727 64
1
3728 148
1
3729 80
1
3730 177
1
3731 9
1
3732 209
1
3733 229
1
3734 195
1
3735 232
1
3736 191
0
1
3737 221
1
3738 98
1
3739 85
1
3740 5
1
3741 15
1
3742 159
0
1
3743 104
1
3744 173
1
3745 68
1
3746 201
1
3747 18
1
3748 97
1
3749 187
1
3750 185
1
3751 148
0
1
3752 158
1
3753 48
1
3754 140
1
3755 131
1
3756 191
1
3757 128
1
3758 124
1
3759 149
0
1
3760 173
1
3761 245
1
3762 226
1
3763 132
1
3764 12
1
3765 134
1
3766 4
1
3767 162
1
3768 175
1
3769 238
1
3770 149
1
3771 145
1
3772 211
0
1
3773 35
1
3774 238
1
3775 8
1
3776 53
1
3777 220
1
3778 102
1
3779 162
1
3780 249
1
3781 22
1
3782 228
1
3783 174
1
3784 190
1
3785 154
1
3786 99
1
3787 266
1
3788 207
1
3789 168
1
3790 268
1
3791 18
1
3792 63
0
1
3793 155
1
3794 261
1
3795 183
1
3796 11
1
3797 256
0
1
3798 239
1
3799 254
1
3800 256
0
1
3801 146
1
3802 96
1
3803 14
1
3804 115
1
3805 101
1
3806 36
1
3807 268
1
3808 111
1
3809 213
1
3810 229
1
3811 261
1
3812 18
1
3813 16
1
3814 147
1
3815 158
1
3816 99
1
3817 141
1
3818 193
1
3819 118
1
3820 217
1
3821 43
1
3822 182
1
3823 74
1
3824 213
1
3825 189
1
3826 146
1
3827 35
1
3828 131
1
3829 208
1
3830 65
1
3831 106
1
3832 100
1
3833 82
1
3834 130
1
3835 248
1
3836 234
0
1
3837 141
1
3838 229
1
3839 177
1
3840 76
1
3841 135
1
3842 180
1
3843 185
1
3844 147
1
3845 29
1
3846 193
1
3847 195
1
3848 13
1
3849 269
1
3850 228
1
3851 252
1
3852 137
1
3853 101
1
3854 75
1
3855 95
1
3856 261
1
3857 113
1
3858 165
1
3859 248
1
3860 169
1
3861 23
1
3862 254
1
3863 36
1
3864 144
1
3865 32
1
3866 261
1
3867 160
1
3868 102
1
3869 232
1
3870 9
1
3871 248
1
3872 50
1
3873 248
1
3874 39
1
3875 64
1
3876 248
1
3877 254
1
3878 197
1
3879 245
1
3880 130
1
3881 267
1
3882 243
1
3883 263
1
3884 203
1
3885 154
1
3886 127
1
3887 144
1
3888 165
1
3889 8
1
3890 86
1
3891 122
1
3892 3
1
3893 149
1
3894 108
1
3895 88
1
3896 152
1
3897 136
1
3898 81
1
3899 137
1
3900 55
1
3901 184
1
3902 65
1
3903 171
1
3904 42
1
3905 210
1
3906 177
1
3907 111
1
3908 209
1
3909 45
1
3910 237
1
3911 258
1
3912 226
1
3913 184
1
3914 192
1
3915 249
1
3916 60
1
3917 224
1
3918 180
1
3919 39
1
3920 86
1
3921 159
0
1
3922 107
1
3923 226
1
3924 146
1
3925 229
1
3926 195
1
3927 113
1
3928 14
1
3929 23
1
3930 51
1
3931 165
1
3932 10
1
3933 122
1
3934 165
1
3935 150
1
3936 174
0
1
3937 123
1
3938 227
1
3939 210
1
3940 252
1
3941 151
1
3942 69
1
3943 237
0
1
3944 89
1
3945 30
1
3946 190
1
3947 7
1
3948 135
1
3949 255
1
3950 243
1
3951 34
1
3952 142
1
3953 158
1
3954 82
1
3955 91
1
3956 124
1
3957 122
1
3958 15
1
3959 118
1
3960 240
1
3961 125
1
3962 257
1
3963 210
1
3964 17
1
3965 86
1
3966 174
1
3967 138
1
3968 16
1
3969 24
1
3970 118
1
3971 60
1
3972 86
1
3973 117
1
3974 143
1
3975 182
1
3976 144
1
3977 260
1
3978 199
1
3979 109
1
3980 90
1
3981 215
1
3982 58
1
3983 144
1
3984 176
1
3985 80
1
3986 232
1
3987 62
1
3988 5
1
3989 236
1
3990 182
1
3991 68
1
3992 88
1
3993 135
1
3994 182
1
3995 211
1
3996 190
1
3997 57
1
3998 44
1
3999 254
1
4000 113
1
4001 136
1
4002 147
1
4003 17
0
1
4004 89
1
4005 67
1
4006 164
1
4007 135
1
4008 72
1
4009 199
1
4010 58
1
4011 44
1
4012 141
1
4013 165
1
4014 186
1
4015 169
1
4016 55
1
4017 262
1
4018 84
1
4019 256
1
4020 179
1
4021 45
1
4022 221
1
4023 191
1
4024 25
1
4025 198
1
4026 9
0
1
4027 119
0
1
4028 275
1
4029 36
1
4030 178
1
4031 85
1
4032 37
1
4033 206
0
1
4034 253
1
4035 147
1
4036 42
1
4037 217
1
4038 174
1
4039 261
1
4040 255
1
4041 67
1
4042 263
1
4043 258
1
4044 193
1
4045 170
1
4046 167
1
4047 153
1
4048 228
1
4049 95
1
4050 34
1
4051 198
1
4052 74
1
4053 201
1
4054 248
1
4055 260
1
4056 235
1
4057 140
1
4058 268
1
4059 171
1
4060 126
1
4061 48
1
4062 267
1
4063 111
1
4064 25
1
4065 212
1
4066 186
1
4067 136
1
4068 272
1
4069 196
1
4070 202
1
4071 23
0
1
4072 246
1
4073 107
1
4074 176
1
4075 51
1
4076 44
1
4077 251
1
4078 45
1
4079 199
1
4080 63
1
4081 203
1
4082 9
1
4083 97
1
4084 43
1
4085 204
1
4086 42
1
4087 199
1
4088 13
1
4089 172
1
4090 3
1
4091 273
1
4092 36
1
4093 231
1
4094 245
1
4095 89
1
4096 60
1
4097 175
1
4098 178
1
4099 199
1
4100 55
1
4101 274
1
4102 24
1
4103 217
1
4104 130
1
4105 165
1
4106 154
1
4107 56
1
4108 38
1
4109 135
1
4110 111
1
4111 13
1
4112 248
1
4113 245
1
4114 275
1
4115 204
1
4116 208
1
4117 61
1
4118 77
1
4119 62
1
4120 107
1
4121 200
1
4122 183
1
4123 68
1
4124 118
1
4125 247
1
4126 78
1
4127 264
1
4128 228
1
4129 222
1
4130 51
1
4131 261
1
4132 82
1
4133 29
1
4134 6
1
4135 217
1
4136 127
1
4137 205
1
4138 252
1
4139 98
1
4140 51
1
4141 202
1
4142 46
1
4143 245
1
4144 144
1
4145 24
1
4146 131
1
4147 204
1
4148 142
1
4149 67
1
4150 57
1
4151 213
1
4152 271
1
4153 276
1
4154 45
1
4155 60
1
4156 10
1
4157 15
1
4158 109
1
4159 131
0
1
4160 58
1
4161 214
1
4162 158
1
4163 267
1
4164 69
1
4165 32
1
4166 55
1
4167 119
1
4168 167
1
4169 35
1
4170 76
1
4171 138
1
4172 188
1
4173 10
1
4174 34
1
4175 110
1
4176 158
1
4177 28
1
4178 20
1
4179 184
1
4180 69
1
4181 225
1
4182 181
1
4183 178
1
4184 142
1
4185 81
1
4186 117
1
4187 33
1
4188 215
1
4189 259
1
4190 128
1
4191 27
1
4192 125
1
4193 218
1
4194 204
1
4195 182
1
4196 20
1
4197 228
1
4198 161
1
4199 159
1
4200 200
1
4201 258
1
4202 79
1
4203 84
1
4204 138
1
4205 165
1
4206 94
1
4207 220
1
4208 150
1
4209 178
1
4210 90
1
4211 254
1
4212 219
1
4213 165
1
4214 69
1
4215 89
1
4216 218
1
4217 264
0
1
4218 99
1
4219 214
1
4220 245
1
4221 70
1
4222 91
1
4223 69
1
4224 119
1
4225 178
1
4226 47
1
4227 155
1
4228 140
1
4229 168
1
4230 38
1
4231 245
1
4232 170
1
4233 177
1
4234 28
1
4235 247
1
4236 108
1
4237 145
0
1
4238 237
1
4239 31
1
4240 66
1
4241 240
1
4242 135
1
4243 27
1
4244 121
1
4245 240
1
4246 62
1
4247 117
1
4248 124
1
4249 252
1
4250 246
1
4251 75
1
4252 7
1
4253 12
1
4254 214
1
4255 98
1
4256 31
1
4257 29
1
4258 3
1
4259 181
1
4260 200
1
4261 137
1
4262 47
1
4263 266
1
4264 265
1
4265 191
1
4266 262
1
4267 228
1
4268 106
1
4269 60
1
4270 273
1
4271 6
1
4272 174
1
4273 20
1
4274 238
1
4275 148
1
4276 152
1
4277 228
1
4278 14
1
4279 209
1
4280 38
1
4281 49
1
4282 14
1
4283 57
1
4284 199
1
4285 162
1
4286 48
1
4287 241
1
4288 31
1
4289 3
1
4290 110
1
4291 231
1
4292 257
1
4293 16
1
4294 193
1
4295 261
1
4296 37
1
4297 219
1
4298 143
1
4299 51
1
4300 178
1
4301 275
1
4302 135
1
4303 133
1
4304 213
1
4305 22
1
4306 117
1
4307 78
1
4308 92
1
4309 35
1
4310 252
1
4311 219
1
4312 45
1
4313 90
1
4314 110
1
4315 236
1
4316 275
1
4317 27
1
4318 127
1
4319 81
1
4320 130
1
4321 57
1
4322 107
1
4323 102
1
4324 55
1
4325 95
1
4326 186
1
4327 100
1
4328 4
1
4329 208
1
4330 116
1
4331 206
1
4332 145
1
4333 170
1
4334 26
1
4335 143
1
4336 171
1
4337 59
1
4338 31
1
4339 175
1
4340 170
1
4341 137
1
4342 161
1
4343 262
1
4344 34
1
4345 196
1
4346 261
1
4347 185
1
4348 252
1
4349 132
1
4350 271
1
4351 196
1
4352 63
1
4353 77
1
4354 218
1
4355 265
1
4356 118
1
4357 10
1
4358 152
1
4359 205
1
4360 180
1
4361 258
1
4362 270
1
4363 248
1
4364 141
1
4365 26
1
4366 165
1
4367 143
1
4368 212
1
4369 103
1
4370 94
1
4371 71
1
4372 211
1
4373 187
1
4374 212
1
4375 268
1
4376 129
1
4377 228
1
4378 87
1
4379 80
1
4380 71
1
4381 259
1
4382 135
1
4383 232
1
4384 159
1
4385 266
1
4386 237
1
4387 268
1
4388 175
1
4389 239
1
4390 187
1
4391 85
1
4392 126
1
4393 140
1
4394 16
1
4395 200
1
4396 243
1
4397 47
1
4398 255
1
4399 243
1
4400 214
1
4401 256
1
4402 239
1
4403 117
1
4404 228
1
4405 21
1
4406 265
1
4407 189
1
4408 52
1
4409 231
1
4410 7
1
4411 95
0
1
4412 102
1
4413 260
1
4414 189
1
4415 214
1
4416 259
1
4417 9
1
4418 147
1
4419 42
1
4420 206
1
4421 78
1
4422 8
1
4423 144
1
4424 206
1
4425 246
1
4426 272
1
4427 111
1
4428 110
1
4429 131
1
4430 148
1
4431 203
1
4432 152
1
4433 74
1
4434 262
1
4435 202
0
1
4436 51
1
4437 126
1
4438 161
1
4439 61
1
4440 194
1
4441 84
1
4442 5
1
4443 153
0
0
1
4444 28
1
4445 153
1
4446 38
1
4447 149
1
4448 22
1
4449 222
1
4450 257
0
1
4451 158
1
4452 49
1
4453 15
1
4454 121
1
4455 205
1
4456 218
1
4457 104
1
4458 12
1
4459 169
1
4460 252
1
4461 163
1
4462 81
1
4463 20
1
4464 137
1
4465 207
1
4466 67
1
4467 146
1
4468 245
0
1
4469 7
1
4470 58
1
4471 73
1
4472 257
0
1
4473 218
1
4474 115
1
4475 255
1
4476 87
1
4477 85
1
4478 162
1
4479 142
1
4480 195
1
4481 268
1
4482 271
1
4483 20
0
0
1
4484 26
1
4485 189
1
4486 164
1
4487 197
1
4488 265
0
1
4489 260
1
4490 79
1
4491 105
1
4492 188
1
4493 120
1
4494 95
1
4495 177
1
4496 157
1
4497 48
1
4498 98
0
1
4499 214
1
4500 82
1
4501 173
1
4502 267
1
4503 262
0
1
4504 251
1
4505 80
1
4506 113
1
4507 14
1
4508 119
1
4509 205
1
4510 239
1
4511 118
1
4512 197
0
0
0
0
1
4513 245
1
4514 126
1
4515 248
0
1
4516 178
1
4517 197
0
0
1
4518 246
1
4519 190
1
4520 69
1
4521 132
0
1
4522 252
1
4523 100
1
4524 92
1
4525 175
1
4526 72
0
1
4527 128
1
4528 229
1
4529 204
1
4530 191
0
0
1
4531 143
0
0
1
4532 160
0
0
1
4533 220
1
4534 211
1
4535 66
0
1
4536 231
1
4537 14
1
4538 75
1
4539 232
1
4540 215
1
4541 146
1
4542 29
1
4543 64
1
4544 228
1
4545 247
1
4546 127
1
4547 176
1
4548 267
1
4549 45
0
1
4550 250
1
4551 207
0
1
4552 261
1
4553 177
1
4554 31
1
4555 14
0
0
1
4556 63
1
4557 76
1
4558 178
1
4559 153
1
4560 277
1
4561 80
1
4562 90
1
4563 204
0
1
4564 186
1
4565 198
1
4566 86
1
4567 150
0
1
4568 211
1
4569 46
1
4570 119
1
4571 97
1
4572 228
1
4573 53
1
4574 62
1
4575 249
1
4576 174
1
4577 162
1
4578 153
1
4579 25
1
4580 29
1
4581 121
1
4582 213
1
4583 272
0
1
4584 261
0
1
4585 201
1
4586 30
1
4587 73
1
4588 111
1
4589 250
1
4590 189
1
4591 178
1
4592 114
0
1
4593 66
0
1
4594 87
1
4595 232
1
4596 64
1
4597 260
1
4598 71
0
1
4599 24
1
4600 100
1
4601 106
1
4602 77
1
4603 66
1
4604 225
1
4605 235
0
0
1
4606 120
0
0
1
4607 217
0
1
4608 168
1
4609 251
1
4610 249
1
4611 216
0
1
4612 200
0
0
0
0
1
4613 36
0
1
4614 68
1
4615 162
1
4616 199
0
0
1
4617 48
0
0
0
0
1
4618 66
1
4619 141
1
4620 18
1
4621 121
0
1
4622 223
1
4623 86
1
4624 8
1
4625 112
1
4626 42
1
4627 247
0
0
0
1
4628 118
0
1
4629 39
0
0
1
4630 134
0
1
4631 71
1
4632 13
0
0
1
4633 152
0
0
0
1
4634 7
1
4635 86
1
4636 109
0
0
0
1
4637 244
0
1
4638 125
1
4639 11
1
4640 269
0
1
4641 174
1
4642 91
1
4643 237
1
4644 40
0
1
4645 277
0
0
1
4646 89
1
4647 53
1
4648 236
0
1
4649 47
0
1
4650 198
1
4651 228
0
1
4652 198
1
4653 125
0
1
4654 219
1
4655 233
1
4656 53
0
1
4657 216
1
4658 49
0
1
4659 29
1
4660 192
0
1
4661 83
1
4662 145
1
4663 277
1
4664 99
0
1
4665 18
1
4666 254
1
4667 59
1
4668 198
1
4669 146
1
4670 245
0
1
4671 24
1
4672 267
1
4673 113
0
1
4674 115
0
1
4675 87
1
4676 48
1
4677 269
1
4678 54
1
4679 259
1
4680 172
1
4681 203
0
1
4682 265
1
4683 30
1
4684 153
0
0
0
0
0
1
4685 238
1
4686 181
1
4687 183
0
1
4688 58
1
4689 19
0
1
4690 75
1
4691 20
1
4692 239
0
1
4693 150
1
4694 132
1
4695 57
0
0
0
0
0
1
4696 93
0
1
4697 28
1
4698 193
0
0
1
4699 213
1
4700 235
1
4701 212
0
1
4702 264
1
4703 125
0
0
1
4704 57
1
4705 262
1
4706 7
1
4707 45
1
4708 101
1
4709 182
0
1
4710 254
1
4711 54
1
4712 44
1
4713 232
1
4714 99
0
0
1
4715 108
1
4716 195
0
1
4717 75
0
1
4718 107
1
4719 80
0
0
0
0
1
4720 14
0
1
4721 235
0
0
1
4722 214
1
4723 44
0
1
4724 203
1
4725 252
1
4726 262
1
4727 174
1
4728 99
0
0
1
4729 235
0
1
4730 2
0
0
0
0
0
1
4731 139
0
0
1
4732 277
1
4733 120
0
1
4734 27
1
4735 213
1
4736 58
1
4737 11
1
4738 112
0
0
1
4739 60
1
4740 34
1
4741 62
1
4742 202
1
4743 275
1
4744 147
1
4745 177
1
4746 241
0
0
1
4747 92
1
4748 64
1
4749 261
1
4750 49
0
0
0
0
0
1
4751 246
1
4752 199
1
4753 53
1
4754 84
0
1
4755 57
1
4756 174
0
0
0
1
4757 228
0
0
0
0
0
0
0
1
4758 54
0
0
0
0
0
0
0
0
0
0
1
4759 6
0
0
0
1
4760 167
0
0
0
1
4761 266
0
1
4762 35
1
4763 217
0
1
4764 100
0
0
1
4765 197
0
0
1
4766 180
0
1
4767 112
0
0
0
0
0
0
0
0
0
1
4768 252
0
0
1
4769 36
0
0
1
4770 49
0
0
1
4771 244
0
1
4772 213
0
0
0
1
4773 267
0
0
1
4774 26
1
4775 233
0
0
0
0
0
0
0
0
1
4776 24
0
1
4777 62
1
4778 57
1
4779 88
0
0
1
4780 154
1
4781 19
1
4782 64
1
4783 65
1
4784 33
1
4785 256
1
4786 207
1
4787 24
0
1
4788 246
1
4789 204
0
0
0
0
1
4790 276
1
4791 246
0
1
4792 195
0
0
0
0
0
0
1
4793 174
0
1
4794 147
0
0
0
0
0
0
0
0
1
4795 276
1
4796 28
0
0
0
1
4797 105
0
1
4798 261
0
0
0
0
0
0
0
0
1
4799 48
0
0
0
1
4800 148
0
0
1
4801 205
0
0
0
0
0
0
1
4802 198
0
1
4803 143
0
0
1
4804 158
1
4805 102
0
0
0
0
0
1
4806 139
0
0
1
4807 222
0
0
0
0
1
4808 52
0
0
1
4809 265
1
4810 64
0
0
0
0
1
4811 48
0
0
0
0
0
0
0
0
0
0
0
0
0
0
0
0
0
0
1
4812 178
1
4813 77
0
0
0
0
1
4814 235
1
4815 35
0
1
4816 97
0
1
4817 98
0
0
0
0
0
0
0
0
0
0
0
1
4818 138
0
0
0
0
0
0
0
0
1
4819 111
0
0
0
0
1
4820 54
1
4821 226
0
0
0
0
0
0
0
0
0
0
0
0
0
0
1
4822 97
0
0
0
0
0
0
0
1
4823 266
0
0
0
0
0
0
0
1
4824 42
0
0
0
0
0
0
0
0
0
0
0
0
0
0
0
0
1
4825 265
1
4826 267
0
0
0
0
0
0
0
0
0
1
4827 245
0
0
0
0
0
0
0
1
4828 275
0
0
0
0
0
0
1
4829 189
1
4830 4
0
0
0
0
0
0
0
0
0
1
4831 206
0
0
1
4832 30
0
0
0
0
0
0
0
0
0
0
0
0
0
0
0
0
0
0
0
0
0
0
0
0
0
0
0
0
0
0
0
0
0
0
0
1
4833 110
0
0
0
0
0
0
0
0
0
0
0
0
0
0
0
1
4834 64
0
0
0
0
1
4835 15
0
0
0
0
0
0
0
0
0
0
0
0
0
0
0
0
0
0
1
4836 178
0
0
0
0
0
0
0
0
0
0
0
0
0
0
0
0
0
0
0
0
0
0
0
0
0
0
0
0
0
0
0
0
0
0
0
0
0
0
0
0
0
0
0
0
0
0
0
0
0
0
0
0
0
0
0
0
0
0
0
0
0
0
0
0
0
0
0
0
0
0
0
0
0
0
0
0
0
0
0
0
0
0
0
0
0
0
0
0
0
0
0
0
0
0
0
0
0
0
0
0
0
0
0
0
0
0
0
0
0
0
0
0
0
0
0
0
0
0
0
0
0
0
0
0
0
0
0
0
0
0
0
0
0
0
0
0
0
0
0
0
0
0
0
0
0
0
0
0
0
0
0
0
0
0
0
0
0
0
0
0
0
0
0
0
0
0
0
0
0
0
0
0
0
0
0
0
0
0
0
0
0
0
0
0
0
0
0
0
0
0
0
0
0
0
0
0
0
0
0
0
0
0
0
0
0
0
0
0
0
0
0
0
0
0
0
0
0
0
0
0
0
0
0
0
0
0
0
0
0
0
0
0
0
0
0
0
0
0
0
0
0
0
0
0
0
0
0
0
0
0
0
0
0
0
0
0
0
0
0
0
0
0
0
0
0
0
0
0
0
0
0
0
0
0
0
0
0
0
0
0
0
0
0
0
0
0
0
0
0
0
0
0
0
0
0
0
0
0
0
0
0
0
0
0
0
0
0
0
0
0
0
0
0
0
0
0
0
0
0
0
0
0
0
0
0
0
0
0
0
0
0
0
0
0
0
0
0
0
0
0
0
0
0
0
0
0
0
0
0
0
0
0
0
0
0
0
0
0
0
0
0
0
0
0
0
0
0
0
0
0
0
0
0
0
0
0
0
0
0
0
0
0
0
0
0
0
0
0
0
0
0
0
0
0
0
0
0
0
0
0
0
0
0
0
0
0
0
0
0
0
0
0
0
0
0
0
0
0
0
0
0
0
0
0
0
0
0
0
0
0
0
0
0
0
0
0
0
0
0
0
0
0
0
0
0
0
0
0
0
0
0
0
0
0
0
0
0
0
0
0
0
0
0
0
0
0
0
0
0
0
0
0
0
0
0
0
0
0
0
0
0
0
0
0
0
0
0
0
0
0
0
0
0
0
0
0
0
0
0
0
0
0
0
0
0
0
0
0
0
0
0
0
0
0
0
0
0
0
0
0
0
0
0
0
0
0
0
0
0
0
0
0
