293 468
89 215 3
290 143 3
73 61 4
180 244 3
146 213 2
233 14 4
151 16 3
56 147 4
49 34 3
247 257 1
283 119 5
212 12 4
56 47 3
30 241 4
40 103 4
263 116 4
104 293 3
164 97 3
69 131 2
166 26 3
147 291 3
259 44 4
196 160 3
16 267 3
285 81 3
123 19 2
189 204 5
246 215 5
24 103 5
236 175 4
218 41 3
164 152 3
141 278 3
133 144 4
249 150 3
117 178 4
90 37 4
148 98 3
108 84 4
92 77 5
18 76 3
173 181 5
245 63 4
120 134 4
116 245 3
140 283 3
36 131 4
233 114 4
259 190 3
97 152 3
146 31 4
177 117 3
174 284 5
249 211 3
291 47 2
55 92 3
41 148 2
83 165 2
32 146 2
38 206 3
213 138 3
20 154 4
170 100 4
62 4 3
47 108 3
232 274 4
75 199 3
19 258 2
70 38 4
32 276 3
12 153 3
287 225 3
273 197 3
230 103 3
40 172 3
126 79 3
250 168 4
111 178 5
130 138 5
100 165 4
202 117 3
5 261 4
292 122 4
98 118 3
28 216 3
218 76 3
227 192 4
183 214 4
146 53 4
82 127 3
97 242 2
264 269 4
60 196 4
106 158 4
118 168 2
78 140 3
190 243 2
45 162 3
236 201 4
101 286 3
7 212 1
67 89 3
279 192 2
69 123 3
110 26 3
142 288 3
86 239 3
68 9 3
208 192 4
48 163 2
4 45 3
18 218 4
214 23 3
229 79 3
153 7 2
281 89 3
195 74 3
260 205 3
14 251 3
188 137 3
225 126 4
171 274 4
212 222 2
116 151 4
66 121 4
212 176 3
13 278 3
253 275 3
114 71 3
35 6 3
84 81 4
32 96 3
66 178 3
99 171 3
142 115 3
87 126 4
214 38 4
218 94 3
30 133 3
29 152 3
17 118 5
239 60 2
206 235 4
101 157 2
102 219 3
121 177 3
220 22 3
144 265 3
10 90 5
221 203 4
282 125 5
242 164 2
184 129 3
237 268 4
7 176 4
74 186 2
211 170 2
79 225 4
155 90 4
210 113 3
227 236 3
88 246 3
280 81 2
135 161 4
185 199 4
284 10 4
276 106 3
129 86 3
134 154 3
271 23 4
260 191 5
78 105 4
182 68 4
53 37 2
61 223 3
219 174 3
8 288 2
2 41 4
132 29 5
53 43 3
172 42 4
192 224 3
135 80 3
170 250 4
174 198 3
275 50 5
182 39 3
72 283 3
231 194 2
21 5 3
233 267 1
114 256 4
154 163 4
7 222 3
26 65 3
34 107 4
223 35 2
145 21 3
119 72 3
255 115 2
136 176 3
183 206 2
91 258 2
289 207 4
25 97 3
102 27 2
110 11 5
221 260 3
117 156 2
209 210 3
50 189 3
71 272 3
293 54 3
155 247 3
161 57 3
51 220 3
286 248 5
43 235 5
22 140 3
279 255 4
208 279 2
77 39 4
67 107 4
251 267 5
139 172 4
65 13 4
255 163 2
3 274 3
85 113 2
143 25 3
20 224 2
3 12 2
105 230 4
6 61 3
259 180 3
201 94 3
138 6 3
270 144 4
191 195 5
165 203 4
290 185 3
240 120 3
285 84 2
78 109 3
33 86 5
40 112 4
231 167 3
35 73 3
158 276 5
30 265 3
33 62 4
208 61 3
52 204 4
101 145 5
173 45 3
160 265 3
159 112 3
281 262 3
254 223 3
191 221 3
272 31 5
108 28 3
69 19 3
193 288 4
199 169 2
158 63 4
273 287 5
134 54 2
27 95 4
252 156 3
252 202 3
149 207 4
183 23 3
150 203 3
230 24 3
229 87 4
271 201 5
112 217 2
95 102 3
39 251 4
200 268 3
207 99 4
67 253 3
248 216 5
293 262 4
290 199 2
59 56 2
44 277 4
216 237 4
188 194 3
263 24 4
36 13 2
82 273 5
280 119 5
162 64 4
184 270 3
64 62 6
226 58 3
64 4 3
219 129 2
91 74 4
109 245 4
292 183 4
215 253 3
261 171 4
5 210 5
37 277 4
287 79 3
18 142 5
57 36 3
75 228 4
244 66 2
59 128 4
206 122 3
121 244 2
153 212 3
1 93 3
264 242 4
123 91 3
248 200 3
46 85 3
140 51 4
65 11 5
24 179 4
271 2 2
44 184 3
163 20 3
195 83 3
71 106 3
8 193 3
171 232 4
249 252 4
46 266 5
58 222 3
238 196 3
129 174 2
281 293 4
139 220 4
127 124 6
262 187 5
2 282 3
284 198 3
127 197 3
188 112 4
31 32 3
159 139 5
141 76 5
155 272 4
269 59 5
43 243 3
162 181 4
221 150 4
48 115 3
25 82 4
184 238 2
88 50 3
246 187 3
15 1 6
247 10 3
217 137 3
125 122 3
147 128 4
130 38 2
187 240 4
165 170 2
168 100 3
42 269 4
258 186 3
262 120 4
261 209 4
193 104 5
149 268 4
217 194 3
14 257 4
125 292 2
169 5 4
145 200 2
64 9 4
96 213 4
58 266 4
113 228 4
49 104 4
232 99 4
158 96 3
256 245 3
275 15 3
191 205 3
175 214 4
110 8 4
151 256 2
286 128 2
189 93 3
289 149 2
19 278 6
68 251 4
122 235 2
89 34 3
16 92 4
111 202 5
239 33 5
135 166 3
3 240 5
9 95 2
73 227 2
105 179 3
86 219 2
124 290 4
241 160 5
49 80 3
238 270 3
243 37 2
148 141 4
217 167 2
72 280 2
182 181 3
190 277 2
264 234 4
132 229 5
57 166 4
52 93 4
136 204 4
193 54 5
106 63 2
44 270 4
144 259 3
137 159 2
289 224 3
70 130 2
46 209 2
55 263 5
143 234 2
56 51 3
98 17 3
186 131 4
254 237 4
291 28 4
132 231 3
282 17 4
203 83 4
280 285 3
18 94 2
167 29 3
180 133 5
222 153 3
156 211 3
179 109 2
284 257 3
136 88 5
228 21 5
111 241 3
107 80 4
254 208 4
172 22 3
48 154 3
258 69 4
177 250 4
157 169 4
250 156 4
195 205 3
234 286 3
66 177 3
124 75 3
185 157 2
175 70 2
226 52 4
85 210 2
42 139 3
198 27 4
10000
0
0
0
0
0
0
0
0
0
0
0
0
0
0
0
0
0
0
0
0
0
0
0
0
0
0
0
0
0
0
0
0
0
0
0
0
0
0
0
0
0
0
0
0
0
0
0
0
0
0
0
0
0
0
0
0
0
0
0
0
0
0
0
0
0
0
0
0
0
0
0
0
0
0
0
0
0
0
0
0
0
0
0
0
0
0
0
0
0
0
0
0
0
0
0
0
0
0
0
0
0
0
0
0
0
0
0
0
0
0
0
0
0
0
0
0
0
0
0
0
0
0
0
0
0
0
0
0
0
0
0
0
0
0
0
0
0
0
0
0
0
0
0
0
0
0
0
0
0
0
0
0
0
0
0
0
0
0
0
0
0
0
0
0
0
0
0
0
0
0
0
0
0
0
0
0
0
0
0
0
0
0
0
0
0
0
0
0
0
0
0
0
0
0
0
0
0
1
1 122
0
0
0
0
0
0
0
0
0
0
0
0
0
0
0
0
0
0
0
0
0
0
0
0
1
2 214
0
0
0
0
0
0
0
0
0
0
0
0
0
0
0
0
0
0
0
0
0
0
0
0
0
0
0
0
0
0
0
0
0
0
0
0
0
0
0
0
0
0
0
0
0
0
0
0
0
0
0
0
0
0
0
1
3 197
0
0
0
0
0
0
0
0
0
0
0
0
0
0
0
0
0
0
0
0
0
0
0
0
0
0
0
0
0
0
0
0
0
0
0
0
0
0
0
0
0
0
0
0
0
1
4 242
0
0
0
0
0
0
0
0
0
0
0
0
0
0
0
0
0
0
0
0
0
0
0
0
0
0
1
5 293
0
0
0
0
0
0
0
0
0
0
0
0
0
0
0
0
0
0
0
0
0
0
0
0
0
0
0
1
6 55
0
0
0
0
1
7 140
0
0
0
0
0
0
0
0
0
0
0
1
8 93
0
0
1
9 151
0
0
0
0
0
0
0
0
0
0
0
0
0
0
0
0
0
0
0
0
0
0
0
0
0
0
0
0
0
0
0
0
0
0
0
0
0
0
0
0
1
10 92
0
0
0
0
0
0
1
11 57
1
12 158
0
0
0
0
0
0
0
0
0
0
0
0
0
0
0
0
0
0
0
0
0
0
1
13 265
0
0
0
0
0
0
0
0
0
0
0
0
0
0
0
0
0
0
0
0
0
0
0
0
0
0
0
0
0
0
0
0
0
0
0
0
0
0
0
0
0
0
0
0
0
0
0
0
0
0
0
0
0
0
0
0
0
0
0
0
0
0
0
0
1
14 179
1
15 61
0
0
0
0
1
16 37
0
0
0
1
17 272
0
0
0
0
0
0
0
0
0
0
0
0
1
18 224
0
0
0
0
0
0
0
0
0
0
0
0
0
0
0
0
0
0
0
0
0
0
0
0
0
0
0
0
0
0
0
0
0
0
0
0
0
0
0
0
0
0
0
0
0
0
0
0
0
0
0
1
19 21
0
0
1
20 271
0
0
0
0
1
21 199
0
0
0
0
0
0
0
0
0
0
0
0
0
0
0
0
1
22 162
0
0
0
0
0
0
0
0
0
0
0
0
1
23 180
0
0
0
0
0
0
0
0
0
1
24 22
0
0
0
0
0
0
0
0
0
0
0
0
0
0
0
0
0
0
0
0
1
25 204
0
0
0
0
0
0
0
0
0
0
0
0
0
0
0
0
1
26 140
0
0
0
0
0
0
0
0
0
0
0
0
0
0
0
0
0
0
0
0
0
0
0
0
0
0
0
0
0
1
27 90
0
0
0
1
28 46
0
0
0
1
29 161
0
1
30 130
0
0
0
0
0
0
1
31 220
0
1
32 146
0
0
0
0
0
0
0
0
0
0
0
0
0
0
1
33 231
1
34 190
0
0
0
0
0
1
35 196
0
0
0
0
0
0
0
0
0
0
0
0
0
1
36 8
0
0
0
0
0
0
0
0
0
0
0
0
0
0
1
37 6
0
0
0
1
38 148
0
0
0
0
0
0
0
0
0
0
0
0
0
0
0
0
0
1
39 70
0
0
0
0
0
0
0
0
1
40 272
0
0
0
0
0
0
1
41 263
0
0
0
0
0
0
0
0
0
0
1
42 285
0
0
0
0
0
0
1
43 104
1
44 122
0
0
0
0
0
1
45 162
0
0
0
1
46 263
0
0
0
0
0
0
0
0
0
0
0
1
47 163
0
0
0
0
1
48 51
0
0
0
0
0
0
0
0
0
0
0
0
0
0
0
0
0
0
0
0
0
0
0
1
49 199
0
0
0
0
1
50 114
0
0
0
0
0
0
0
0
0
0
1
51 167
0
0
0
0
0
0
0
0
0
0
0
0
0
0
0
1
52 57
0
0
0
0
0
0
0
0
0
0
0
0
0
0
0
0
0
0
1
53 87
0
0
0
0
0
0
0
0
0
0
0
1
54 209
0
0
1
55 22
0
1
56 184
0
0
0
0
0
0
1
57 77
0
0
0
0
0
0
1
58 168
0
0
0
0
1
59 116
0
0
0
0
0
0
1
60 139
0
0
0
0
0
0
0
0
0
0
0
0
0
0
0
0
1
61 243
0
0
0
0
0
0
1
62 91
0
0
0
1
63 260
0
0
0
1
64 148
0
0
0
0
0
0
0
0
0
0
0
0
1
65 105
0
0
1
66 179
0
1
67 283
0
0
0
0
0
0
0
0
0
0
0
0
0
1
68 94
0
0
1
69 157
0
0
0
0
0
0
0
0
0
0
0
1
70 108
0
0
0
0
0
1
71 75
0
0
0
0
0
0
0
1
72 256
0
0
0
0
0
0
0
0
0
1
73 18
0
0
0
0
0
0
1
74 138
0
0
0
0
0
0
0
0
0
0
0
0
0
0
0
0
0
0
0
0
0
0
0
0
0
0
0
0
1
75 15
1
76 23
0
1
77 130
0
0
0
1
78 47
0
0
0
0
0
0
0
0
0
0
1
79 40
0
1
80 287
0
0
0
0
0
0
0
0
0
0
0
1
81 167
0
0
0
0
0
1
82 151
1
83 147
0
0
0
0
0
0
0
0
0
0
0
0
0
0
0
0
0
0
0
0
1
84 94
0
0
0
0
0
0
0
0
0
0
0
0
0
0
0
0
0
1
85 96
0
0
1
86 202
1
87 62
0
0
1
88 14
0
0
0
0
0
0
0
0
0
0
1
89 165
0
0
1
90 96
0
0
0
0
0
0
0
0
0
0
0
0
0
0
0
0
0
0
1
91 128
0
1
92 286
0
0
0
0
1
93 111
0
0
0
0
0
0
1
94 147
0
0
0
0
0
0
0
0
1
95 66
0
0
0
0
0
0
0
0
0
0
0
0
0
0
0
0
0
0
0
0
0
1
96 249
0
0
0
0
0
0
0
1
97 242
0
0
0
0
1
98 207
0
0
0
0
0
0
0
0
1
99 82
0
0
0
0
0
0
0
0
0
0
1
100 160
1
101 156
0
0
0
1
102 24
0
0
0
0
0
0
0
1
103 92
0
0
0
1
104 222
1
105 108
0
0
0
0
0
0
0
1
106 3
0
0
0
1
107 225
0
0
0
0
0
0
0
0
0
0
1
108 221
0
0
0
0
0
0
0
0
0
0
0
0
1
109 176
1
110 195
1
111 22
0
0
0
0
0
0
1
112 231
0
0
1
113 152
0
0
0
0
0
0
0
0
1
114 97
0
0
0
0
1
115 87
0
0
0
0
0
1
116 175
1
117 189
0
0
0
0
1
118 158
0
0
1
119 71
0
0
0
0
0
0
1
120 51
1
121 279
0
0
0
0
0
0
0
0
1
122 51
0
1
123 177
0
0
0
0
1
124 80
0
0
0
0
0
0
0
0
0
0
0
0
0
0
0
0
0
1
125 190
0
0
0
0
0
0
0
0
0
1
126 227
0
1
127 19
0
0
0
0
0
0
0
0
0
0
0
0
0
1
128 250
1
129 222
0
0
0
0
0
0
0
1
130 79
0
0
0
0
0
0
0
0
0
1
131 254
0
1
132 104
0
0
1
133 194
0
0
1
134 274
0
0
1
135 280
0
0
0
0
0
1
136 87
1
137 28
0
0
0
0
0
0
0
0
0
0
0
0
0
0
0
1
138 193
1
139 261
0
0
0
0
0
1
140 29
0
0
0
0
0
1
141 235
0
0
0
0
0
0
0
0
1
142 52
0
0
1
143 219
0
1
144 22
0
0
0
0
0
0
0
0
0
0
0
1
145 90
0
0
0
0
1
146 21
0
1
147 36
0
1
148 210
1
149 11
0
0
0
0
0
0
0
1
150 293
0
0
0
1
151 2
0
0
0
0
0
0
0
0
0
1
152 258
0
0
1
153 289
0
0
0
0
0
0
0
0
0
0
0
0
0
0
0
0
0
1
154 9
0
1
155 221
0
1
156 41
1
157 119
0
0
1
158 264
0
0
0
0
0
0
0
1
159 64
0
1
160 216
0
0
0
0
0
1
161 88
0
0
1
162 159
0
0
0
1
163 258
0
0
0
1
164 135
1
165 255
0
1
166 175
1
167 227
1
168 84
0
0
0
1
169 228
1
170 61
0
0
0
0
0
1
171 2
0
0
1
172 7
0
0
0
0
0
1
173 138
1
174 121
0
0
0
0
0
0
0
0
0
0
0
1
175 119
0
0
0
1
176 290
1
177 48
0
0
1
178 206
1
179 264
0
0
0
0
0
0
0
0
0
1
180 250
0
0
0
0
1
181 200
1
182 94
0
0
1
183 115
0
0
0
0
0
1
184 180
1
185 172
0
1
186 285
0
0
1
187 236
0
0
0
0
1
188 293
0
0
0
0
0
0
0
0
0
0
0
1
189 11
0
0
0
0
1
190 61
0
1
191 244
0
0
1
192 78
0
0
1
193 288
0
0
0
0
0
0
0
1
194 57
0
1
195 65
0
0
0
0
0
0
0
0
0
0
1
196 173
0
0
0
0
0
1
197 2
1
198 26
0
0
0
0
0
1
199 83
1
200 250
0
0
0
0
0
1
201 220
1
202 178
1
203 57
0
0
0
0
0
1
204 227
0
0
1
205 276
0
0
1
206 197
0
0
0
0
0
0
0
0
0
0
0
0
1
207 236
1
208 146
1
209 219
0
1
210 67
0
0
0
0
1
211 161
0
0
0
1
212 157
0
0
0
1
213 75
0
1
214 215
0
0
0
1
215 48
0
0
0
0
1
216 133
0
0
0
0
1
217 13
0
0
0
0
0
1
218 144
0
0
0
0
0
0
0
1
219 54
1
220 38
1
221 124
0
0
0
0
0
0
0
1
222 139
1
223 89
0
0
0
0
0
1
224 121
0
0
0
0
0
0
0
0
0
1
225 19
0
0
1
226 246
0
1
227 188
0
1
228 54
0
1
229 87
0
0
0
0
0
0
0
0
0
0
0
1
230 27
0
0
1
231 114
0
1
232 208
1
233 83
0
0
0
0
0
0
1
234 272
0
0
0
1
235 39
0
0
0
0
0
0
0
1
236 118
0
1
237 5
1
238 150
0
0
0
1
239 242
0
0
0
1
240 192
0
0
0
0
0
0
1
241 187
0
0
0
0
0
0
0
0
0
0
0
1
242 99
0
0
0
0
1
243 142
0
0
1
244 280
0
0
0
0
0
0
0
1
245 36
0
0
0
0
1
246 58
0
0
0
1
247 125
1
248 117
0
0
0
0
1
249 216
0
1
250 92
0
0
0
0
0
0
0
0
1
251 80
0
1
252 246
1
253 217
1
254 37
0
0
0
0
0
0
0
0
0
0
0
0
0
0
0
1
255 167
0
0
0
0
1
256 49
0
0
0
0
0
0
0
1
257 213
0
0
0
0
0
0
0
0
0
0
0
0
0
0
0
0
0
0
0
0
0
0
1
258 228
1
259 247
1
260 209
1
261 96
0
0
0
1
262 84
0
0
0
0
1
263 138
1
264 290
0
0
0
0
0
0
0
1
265 14
0
0
0
0
0
1
266 273
0
0
0
0
0
0
0
0
1
267 72
1
268 56
0
0
0
0
0
0
0
0
0
0
0
0
1
269 194
0
0
0
0
0
0
0
0
0
0
0
0
0
0
0
1
270 261
0
0
1
271 255
0
0
1
272 175
0
1
273 119
1
274 105
1
275 28
0
1
276 72
1
277 174
0
0
1
278 58
0
0
0
1
279 170
0
1
280 188
1
281 175
0
1
282 22
0
1
283 138
0
0
1
284 5
1
285 109
0
1
286 172
1
287 96
0
0
0
0
0
1
288 138
0
1
289 70
0
1
290 274
0
0
0
1
291 35
0
0
0
0
0
0
1
292 43
0
0
1
293 39
0
1
294 171
0
1
295 89
0
0
0
0
0
1
296 68
1
297 161
1
298 216
0
0
0
0
1
299 152
0
1
300 181
0
0
0
0
0
0
0
0
0
1
301 93
0
0
0
0
0
1
302 4
0
0
1
303 33
0
0
1
304 189
0
0
0
0
0
1
305 188
1
306 172
0
1
307 254
1
308 239
0
1
309 26
0
0
1
310 211
0
1
311 260
0
0
0
0
0
0
0
0
0
0
0
0
0
0
0
0
0
0
0
0
1
312 38
0
1
313 257
0
0
1
314 241
0
1
315 84
0
0
0
1
316 144
1
317 48
0
0
1
318 229
0
0
0
0
0
0
1
319 88
0
0
0
1
320 128
0
0
0
0
0
0
0
1
321 199
0
1
322 20
0
0
0
0
0
0
0
1
323 72
1
324 226
1
325 47
1
326 263
0
0
1
327 74
0
0
0
0
0
0
0
0
0
0
0
1
328 245
0
0
0
1
329 92
1
330 151
0
0
0
1
331 45
0
0
1
332 157
0
0
1
333 67
1
334 171
0
1
335 101
0
0
0
1
336 179
0
1
337 245
0
0
1
338 141
0
0
1
339 279
0
0
1
340 44
0
0
0
1
341 132
0
0
0
1
342 63
1
343 260
1
344 161
0
0
0
0
0
1
345 210
1
346 52
0
0
0
0
0
0
0
1
347 49
0
0
1
348 154
0
1
349 15
0
0
1
350 37
1
351 24
0
1
352 168
0
0
1
353 220
0
1
354 286
0
0
0
0
0
0
0
0
1
355 236
0
0
0
0
0
0
0
0
0
0
1
356 23
0
0
1
357 133
0
0
0
0
1
358 23
0
0
1
359 51
0
0
1
360 205
0
1
361 43
0
0
1
362 160
0
0
0
0
0
0
0
1
363 126
0
1
364 291
0
0
0
0
0
0
1
365 219
0
0
0
1
366 173
1
367 32
0
0
1
368 151
1
369 291
0
0
0
0
0
0
0
0
1
370 65
1
371 152
0
0
1
372 246
0
0
1
373 32
1
374 38
0
0
0
0
0
0
0
0
1
375 124
1
376 156
1
377 242
0
1
378 30
0
0
0
0
0
0
0
1
379 271
0
0
0
0
0
1
380 121
1
381 273
0
1
382 132
0
0
0
0
1
383 103
0
1
384 129
0
0
0
0
0
0
1
385 226
0
1
386 149
0
0
0
1
387 172
1
388 192
0
0
1
389 274
0
1
390 101
0
0
0
1
391 36
1
392 76
0
1
393 291
0
0
0
0
0
0
1
394 290
0
0
1
395 114
0
1
396 211
0
0
1
397 49
0
0
0
1
398 276
0
0
1
399 119
1
400 203
0
0
0
1
401 178
1
402 213
1
403 271
0
0
0
0
0
1
404 71
0
0
1
405 22
0
1
406 65
0
0
0
0
1
407 107
0
0
0
0
0
0
0
0
0
0
0
1
408 39
0
0
1
409 108
1
410 36
0
0
0
1
411 289
0
0
0
0
0
0
0
0
0
0
0
1
412 218
1
413 253
0
0
1
414 47
1
415 237
0
0
0
0
0
1
416 280
0
0
0
0
0
0
0
0
1
417 223
0
0
0
0
0
1
418 42
0
1
419 188
0
0
0
1
420 208
0
0
1
421 122
0
0
0
1
422 57
0
0
0
0
1
423 228
0
1
424 99
0
0
1
425 13
0
1
426 287
0
1
427 80
0
1
428 103
1
429 216
1
430 5
0
1
431 10
0
0
0
0
0
0
1
432 146
0
0
0
0
0
0
0
0
1
433 187
0
0
0
0
1
434 99
0
0
0
1
435 269
1
436 20
0
1
437 107
1
438 56
1
439 248
0
1
440 272
0
1
441 263
0
0
0
0
1
442 167
1
443 239
0
1
444 145
1
445 248
0
1
446 269
1
447 90
0
1
448 259
0
0
1
449 37
0
1
450 128
0
0
0
1
451 43
1
452 280
1
453 214
0
1
454 170
1
455 144
1
456 255
0
1
457 34
1
458 54
0
1
459 211
1
460 147
0
1
461 125
0
0
0
0
0
1
462 257
0
0
0
1
463 182
0
0
1
464 263
0
0
1
465 242
1
466 285
0
1
467 170
1
468 191
0
0
0
1
469 250
0
0
1
470 198
0
0
0
0
1
471 70
0
0
1
472 107
1
473 174
0
0
0
0
0
0
0
1
474 235
1
475 79
0
0
0
0
0
0
0
0
0
0
1
476 280
0
1
477 111
0
0
0
0
0
0
1
478 35
0
1
479 144
0
0
0
0
1
480 113
0
0
1
481 200
0
1
482 42
1
483 225
0
0
1
484 58
0
0
0
0
1
485 114
0
0
0
1
486 248
0
0
1
487 218
1
488 203
0
0
0
1
489 157
1
490 158
0
0
1
491 102
1
492 218
0
0
0
0
1
493 92
0
0
1
494 59
1
495 40
0
1
496 103
0
0
1
497 28
0
0
0
0
0
0
0
1
498 234
1
499 263
0
0
0
0
1
500 77
0
1
501 127
1
502 127
1
503 88
0
0
0
0
0
0
1
504 241
1
505 164
0
1
506 198
0
1
507 111
0
1
508 4
0
0
1
509 260
0
0
0
0
0
0
0
1
510 194
1
511 260
0
0
0
0
0
0
0
1
512 256
1
513 125
1
514 216
1
515 247
1
516 256
0
1
517 140
0
0
0
0
0
1
518 213
0
0
0
1
519 214
0
0
0
0
0
0
1
520 176
0
0
1
521 65
0
1
522 110
0
0
0
0
0
0
0
0
1
523 166
0
0
0
0
0
0
0
0
0
1
524 108
1
525 208
0
1
526 8
0
0
0
1
527 56
0
1
528 227
0
1
529 117
1
530 266
0
0
1
531 92
0
0
1
532 55
0
1
533 14
0
1
534 108
1
535 100
0
0
0
0
0
1
536 43
0
1
537 289
0
0
0
0
1
538 82
0
1
539 62
0
1
540 153
0
1
541 140
0
0
0
1
542 64
1
543 271
0
0
1
544 244
0
1
545 251
1
546 50
0
0
1
547 197
0
0
1
548 213
0
0
0
0
0
0
1
549 80
0
1
550 270
1
551 72
0
1
552 21
1
553 102
0
0
0
0
0
0
1
554 233
0
0
0
1
555 284
0
1
556 180
0
1
557 246
0
1
558 201
1
559 27
0
1
560 151
0
0
0
0
0
1
561 51
0
1
562 279
1
563 217
1
564 214
0
1
565 54
1
566 281
0
0
1
567 276
0
0
0
1
568 90
0
0
0
0
0
0
1
569 145
1
570 168
1
571 216
0
0
0
0
0
0
0
1
572 27
0
0
0
1
573 128
0
1
574 71
0
1
575 34
1
576 251
1
577 14
0
0
1
578 259
0
1
579 205
0
0
0
0
1
580 124
0
0
1
581 127
0
0
1
582 54
0
0
1
583 64
0
0
1
584 17
1
585 241
1
586 8
0
0
0
1
587 156
0
0
0
0
1
588 180
0
1
589 143
0
0
0
1
590 46
1
591 32
0
1
592 130
0
1
593 32
0
0
1
594 104
0
0
0
0
1
595 163
1
596 5
0
1
597 101
0
0
1
598 172
0
0
0
0
0
0
1
599 136
0
0
1
600 270
0
0
0
1
601 123
1
602 43
1
603 165
1
604 229
0
0
0
0
0
0
1
605 129
0
0
1
606 83
1
607 176
0
0
1
608 249
1
609 2
1
610 185
0
1
611 283
0
1
612 261
1
613 84
0
0
1
614 282
0
1
615 18
0
0
0
1
616 39
0
1
617 2
0
0
1
618 107
1
619 63
1
620 82
0
1
621 134
0
1
622 89
0
1
623 91
1
624 55
1
625 81
0
0
0
0
1
626 63
0
0
0
0
0
1
627 149
0
1
628 247
1
629 6
1
630 73
1
631 119
0
1
632 264
1
633 41
0
0
0
0
1
634 110
1
635 9
1
636 8
0
1
637 181
1
638 9
0
0
0
1
639 275
0
0
0
0
0
1
640 137
1
641 234
0
0
1
642 31
0
1
643 126
0
0
1
644 162
0
0
1
645 160
0
1
646 117
0
1
647 58
0
0
0
0
1
648 231
0
1
649 69
0
1
650 260
1
651 75
0
0
0
0
0
1
652 289
0
0
0
0
0
0
0
0
0
0
0
0
1
653 117
0
1
654 46
1
655 273
1
656 73
1
657 66
0
0
0
1
658 34
0
1
659 196
1
660 134
1
661 275
1
662 265
1
663 84
0
0
0
0
0
1
664 133
0
1
665 32
0
0
1
666 286
1
667 81
0
1
668 234
0
0
0
0
0
0
1
669 77
1
670 228
0
1
671 237
0
1
672 213
0
0
1
673 27
0
1
674 30
0
1
675 234
0
0
1
676 71
1
677 145
0
1
678 97
0
0
0
0
0
0
0
0
1
679 287
0
1
680 81
0
0
0
0
0
1
681 8
1
682 105
0
0
1
683 45
0
1
684 285
0
0
0
0
0
0
0
0
0
1
685 26
1
686 105
0
0
1
687 157
1
688 86
0
0
1
689 64
0
1
690 290
1
691 172
1
692 66
0
0
0
0
1
693 192
1
694 276
0
1
695 99
1
696 68
1
697 222
0
1
698 130
1
699 92
0
1
700 251
0
1
701 13
0
0
1
702 289
1
703 256
1
704 42
0
1
705 118
1
706 181
0
1
707 136
0
0
1
708 76
1
709 220
1
710 243
1
711 248
0
0
0
1
712 198
0
1
713 81
0
0
0
1
714 278
1
715 38
1
716 290
1
717 124
1
718 128
1
719 95
0
1
720 176
0
0
1
721 165
1
722 257
0
1
723 255
0
0
0
1
724 179
0
1
725 221
1
726 134
0
0
0
0
0
0
1
727 262
0
0
0
1
728 196
1
729 216
1
730 274
0
1
731 129
0
1
732 105
0
1
733 151
0
0
0
0
1
734 232
0
1
735 35
0
0
0
0
0
1
736 158
0
0
0
0
1
737 235
1
738 293
0
0
1
739 90
0
0
0
1
740 62
0
0
0
1
741 9
1
742 168
0
0
1
743 146
0
1
744 132
0
0
0
0
0
1
745 84
0
0
0
1
746 139
0
1
747 167
0
0
0
0
0
0
1
748 258
1
749 291
0
1
750 25
0
1
751 197
1
752 59
0
0
1
753 119
0
0
0
0
1
754 122
1
755 69
0
0
0
0
0
0
1
756 80
0
1
757 177
0
1
758 50
1
759 104
1
760 270
0
0
0
1
761 284
1
762 271
1
763 23
1
764 271
0
1
765 288
0
1
766 74
1
767 162
0
0
0
0
0
0
1
768 81
1
769 237
0
1
770 293
0
0
1
771 103
1
772 204
1
773 133
0
0
0
0
0
1
774 96
0
0
0
0
0
0
1
775 282
0
1
776 130
1
777 219
0
0
1
778 19
0
1
779 147
1
780 154
1
781 249
0
0
0
0
0
0
0
1
782 224
1
783 103
1
784 239
1
785 217
0
0
1
786 276
1
787 14
1
788 28
1
789 236
0
0
1
790 57
1
791 272
1
792 85
1
793 241
1
794 243
1
795 107
0
1
796 141
1
797 291
0
1
798 262
1
799 22
1
800 27
0
1
801 121
1
802 9
1
803 128
0
1
804 243
0
0
1
805 186
0
1
806 179
0
1
807 187
1
808 46
1
809 185
0
1
810 289
0
0
1
811 180
0
0
0
1
812 72
0
1
813 155
0
1
814 168
1
815 176
0
0
0
0
0
0
1
816 23
0
1
817 60
1
818 66
1
819 61
1
820 62
1
821 101
0
0
0
1
822 208
1
823 220
1
824 189
0
1
825 188
1
826 137
0
1
827 167
0
0
0
0
0
1
828 153
1
829 57
0
1
830 203
0
1
831 181
0
0
0
0
1
832 103
0
0
0
1
833 64
1
834 241
0
1
835 280
0
1
836 147
1
837 47
0
0
0
0
1
838 198
0
0
1
839 279
0
1
840 183
1
841 255
0
0
0
1
842 182
0
0
0
1
843 282
1
844 163
1
845 136
0
1
846 248
1
847 39
1
848 248
0
1
849 43
1
850 150
1
851 226
1
852 43
0
0
0
0
0
0
1
853 29
0
0
1
854 253
1
855 149
0
0
0
0
1
856 28
0
0
0
1
857 79
0
1
858 172
1
859 81
1
860 95
1
861 152
0
1
862 50
0
1
863 257
0
0
0
0
1
864 86
1
865 173
1
866 229
0
0
0
0
1
867 139
0
0
1
868 21
0
0
0
1
869 149
1
870 45
0
1
871 195
0
1
872 232
0
1
873 247
0
1
874 149
1
875 157
1
876 136
0
1
877 262
0
1
878 204
1
879 23
1
880 181
1
881 4
0
0
0
1
882 248
1
883 148
0
0
0
1
884 192
1
885 180
0
1
886 277
1
887 99
1
888 274
1
889 237
0
1
890 237
0
1
891 276
0
1
892 40
0
1
893 149
1
894 135
1
895 287
0
1
896 27
1
897 58
1
898 6
0
1
899 102
1
900 59
1
901 248
1
902 208
0
0
0
0
0
0
1
903 74
1
904 122
1
905 197
0
0
0
0
1
906 64
1
907 86
1
908 111
1
909 225
0
1
910 205
0
1
911 64
0
0
0
1
912 108
1
913 50
1
914 57
1
915 147
0
0
1
916 105
0
1
917 222
0
0
1
918 165
0
0
0
1
919 5
1
920 9
0
0
1
921 285
0
1
922 29
0
1
923 236
0
0
0
0
0
0
1
924 174
0
1
925 43
1
926 166
1
927 56
0
0
0
1
928 4
1
929 82
0
1
930 110
1
931 72
1
932 7
1
933 83
0
0
1
934 269
1
935 128
0
0
1
936 21
0
0
1
937 149
0
1
938 12
0
0
1
939 262
1
940 106
1
941 220
1
942 194
1
943 87
1
944 213
1
945 280
0
0
1
946 96
1
947 261
0
1
948 190
0
0
0
1
949 75
1
950 69
1
951 59
1
952 289
0
1
953 173
0
0
1
954 197
1
955 183
1
956 51
1
957 29
1
958 45
1
959 284
0
0
0
0
1
960 26
1
961 116
0
0
0
0
0
1
962 178
0
1
963 102
1
964 113
1
965 262
1
966 129
1
967 166
1
968 41
0
0
0
0
0
1
969 177
1
970 208
0
0
1
971 63
1
972 136
1
973 245
0
0
1
974 132
0
1
975 46
1
976 108
1
977 139
0
1
978 153
0
0
0
1
979 208
0
1
980 252
0
1
981 106
0
1
982 273
1
983 159
0
0
1
984 74
0
0
0
1
985 23
0
1
986 234
1
987 199
0
0
1
988 281
1
989 286
1
990 140
1
991 135
1
992 283
0
1
993 138
1
994 224
0
1
995 216
1
996 218
1
997 277
0
0
0
0
0
1
998 240
0
1
999 110
0
1
1000 139
1
1001 239
0
1
1002 246
0
0
0
1
1003 168
0
0
0
0
1
1004 47
1
1005 70
1
1006 248
1
1007 254
1
1008 267
1
1009 73
1
1010 120
1
1011 12
1
1012 41
1
1013 213
0
1
1014 269
1
1015 213
1
1016 54
0
1
1017 239
0
1
1018 228
0
0
0
0
0
1
1019 152
1
1020 111
1
1021 276
1
1022 6
0
1
1023 51
1
1024 36
1
1025 87
1
1026 273
1
1027 260
0
1
1028 256
1
1029 22
0
0
1
1030 188
0
1
1031 23
0
0
1
1032 182
1
1033 213
0
0
0
1
1034 18
1
1035 82
1
1036 102
0
1
1037 64
0
1
1038 273
1
1039 138
0
1
1040 278
1
1041 219
0
1
1042 98
1
1043 187
0
0
0
0
0
1
1044 110
0
0
0
0
1
1045 228
1
1046 28
1
1047 11
0
1
1048 241
1
1049 181
0
1
1050 5
1
1051 51
1
1052 214
1
1053 73
0
0
1
1054 285
0
1
1055 47
1
1056 139
1
1057 281
1
1058 50
1
1059 130
0
1
1060 47
0
0
0
0
0
1
1061 154
1
1062 152
0
1
1063 237
0
1
1064 242
0
1
1065 9
0
1
1066 241
0
0
1
1067 37
0
0
0
0
1
1068 204
0
0
1
1069 215
0
1
1070 126
0
1
1071 100
1
1072 250
1
1073 275
0
1
1074 254
0
0
1
1075 232
0
1
1076 168
0
1
1077 43
0
1
1078 11
0
0
0
0
0
0
0
0
1
1079 109
0
1
1080 128
1
1081 269
1
1082 71
0
0
1
1083 215
1
1084 229
1
1085 289
1
1086 254
0
0
0
0
1
1087 282
1
1088 30
1
1089 18
1
1090 245
1
1091 35
1
1092 287
0
0
0
0
1
1093 280
1
1094 109
0
0
0
0
0
1
1095 22
0
0
1
1096 106
1
1097 144
1
1098 125
0
1
1099 266
1
1100 179
1
1101 213
0
0
1
1102 17
0
1
1103 178
0
1
1104 269
0
1
1105 51
1
1106 109
1
1107 237
0
0
1
1108 279
1
1109 184
0
1
1110 175
1
1111 9
1
1112 187
0
1
1113 6
1
1114 22
1
1115 90
1
1116 70
1
1117 259
0
0
1
1118 278
0
0
1
1119 277
0
1
1120 258
0
1
1121 137
1
1122 191
0
1
1123 40
1
1124 66
1
1125 196
0
0
1
1126 131
0
0
0
0
0
1
1127 41
1
1128 74
1
1129 216
1
1130 177
1
1131 21
1
1132 223
0
1
1133 164
1
1134 107
0
1
1135 59
0
0
1
1136 56
1
1137 140
0
0
0
1
1138 248
1
1139 4
0
0
0
0
0
0
1
1140 30
1
1141 239
0
0
1
1142 60
1
1143 78
1
1144 55
1
1145 28
1
1146 124
1
1147 14
0
1
1148 144
1
1149 5
0
1
1150 202
1
1151 242
1
1152 69
1
1153 213
0
0
0
0
1
1154 22
0
0
0
1
1155 55
1
1156 245
0
1
1157 40
1
1158 140
0
0
1
1159 273
1
1160 293
1
1161 216
0
1
1162 84
1
1163 16
1
1164 169
1
1165 94
1
1166 234
0
0
0
1
1167 96
0
0
0
0
1
1168 238
0
1
1169 159
0
1
1170 166
1
1171 89
1
1172 285
0
1
1173 265
1
1174 41
1
1175 226
1
1176 19
0
1
1177 68
0
0
1
1178 22
1
1179 145
1
1180 93
1
1181 242
1
1182 245
0
1
1183 146
1
1184 36
0
0
1
1185 220
1
1186 218
1
1187 30
0
0
1
1188 98
0
1
1189 139
0
0
1
1190 224
0
1
1191 163
1
1192 94
1
1193 127
0
1
1194 39
0
1
1195 205
0
0
1
1196 95
0
0
0
0
0
0
0
1
1197 238
1
1198 109
1
1199 212
1
1200 291
1
1201 155
0
1
1202 149
1
1203 14
1
1204 211
1
1205 83
1
1206 46
1
1207 91
1
1208 170
1
1209 248
1
1210 202
0
1
1211 144
1
1212 19
0
1
1213 118
1
1214 68
1
1215 283
0
1
1216 39
0
1
1217 217
0
0
0
0
1
1218 134
1
1219 75
0
1
1220 6
0
1
1221 128
0
1
1222 2
1
1223 87
1
1224 159
0
0
1
1225 133
0
0
0
1
1226 213
1
1227 246
1
1228 94
1
1229 165
1
1230 62
0
1
1231 153
0
0
1
1232 43
1
1233 85
1
1234 290
0
0
1
1235 217
0
0
0
0
1
1236 254
0
0
1
1237 97
0
1
1238 249
1
1239 129
0
1
1240 150
0
1
1241 204
0
0
1
1242 26
1
1243 212
1
1244 273
1
1245 221
1
1246 68
1
1247 25
1
1248 70
0
1
1249 12
0
1
1250 94
0
1
1251 182
0
0
1
1252 59
0
0
0
0
1
1253 187
1
1254 236
0
0
1
1255 123
1
1256 189
1
1257 138
1
1258 59
0
0
1
1259 199
1
1260 131
1
1261 125
0
0
1
1262 149
1
1263 169
1
1264 253
1
1265 50
1
1266 8
1
1267 9
1
1268 273
1
1269 178
1
1270 55
1
1271 68
1
1272 208
0
1
1273 182
1
1274 283
0
0
1
1275 163
0
0
1
1276 54
1
1277 171
0
1
1278 22
0
1
1279 234
1
1280 128
0
0
1
1281 40
1
1282 75
1
1283 67
0
0
0
0
1
1284 226
0
1
1285 192
0
0
0
1
1286 258
1
1287 43
0
1
1288 236
0
0
1
1289 138
1
1290 233
1
1291 85
1
1292 152
0
1
1293 213
0
0
1
1294 84
1
1295 269
1
1296 269
1
1297 157
1
1298 85
0
0
1
1299 56
1
1300 194
0
0
1
1301 207
1
1302 20
0
1
1303 276
0
1
1304 256
1
1305 84
0
0
1
1306 32
0
1
1307 96
1
1308 28
1
1309 271
1
1310 154
1
1311 89
0
1
1312 119
1
1313 124
1
1314 136
0
1
1315 200
1
1316 20
1
1317 212
1
1318 276
1
1319 5
1
1320 17
1
1321 72
1
1322 183
1
1323 141
1
1324 290
1
1325 221
1
1326 61
1
1327 180
0
1
1328 42
0
0
1
1329 238
1
1330 237
1
1331 133
1
1332 31
0
1
1333 114
0
1
1334 48
0
0
1
1335 256
0
1
1336 114
0
1
1337 30
1
1338 15
1
1339 35
1
1340 232
1
1341 198
1
1342 157
1
1343 186
0
0
1
1344 44
1
1345 177
1
1346 118
1
1347 28
1
1348 108
1
1349 237
0
0
1
1350 183
0
1
1351 51
1
1352 39
1
1353 238
1
1354 19
0
1
1355 226
0
1
1356 9
1
1357 138
0
0
1
1358 140
0
0
1
1359 22
0
1
1360 20
0
0
0
0
0
0
1
1361 190
0
1
1362 146
0
1
1363 167
1
1364 93
0
1
1365 59
0
0
1
1366 171
0
1
1367 43
0
1
1368 249
0
0
1
1369 227
1
1370 70
1
1371 269
1
1372 127
1
1373 156
1
1374 139
0
1
1375 231
0
0
1
1376 114
0
1
1377 29
0
0
0
1
1378 155
0
0
1
1379 201
0
0
1
1380 152
1
1381 150
1
1382 215
0
0
0
1
1383 135
1
1384 184
0
0
1
1385 171
1
1386 224
0
0
0
0
1
1387 122
1
1388 283
1
1389 158
1
1390 285
1
1391 6
1
1392 139
0
0
1
1393 89
1
1394 140
0
1
1395 174
1
1396 173
0
0
1
1397 17
1
1398 77
1
1399 110
1
1400 174
0
1
1401 30
0
1
1402 106
1
1403 168
1
1404 241
1
1405 237
1
1406 226
1
1407 164
1
1408 243
1
1409 247
1
1410 227
0
1
1411 115
0
1
1412 131
1
1413 59
0
1
1414 166
1
1415 109
0
1
1416 6
1
1417 173
1
1418 50
1
1419 285
0
1
1420 22
0
1
1421 269
1
1422 225
1
1423 20
1
1424 248
1
1425 8
1
1426 259
1
1427 173
1
1428 223
0
0
1
1429 248
0
1
1430 65
0
1
1431 71
0
0
1
1432 222
1
1433 83
0
0
0
1
1434 180
0
0
1
1435 66
1
1436 55
0
0
1
1437 140
1
1438 64
1
1439 25
1
1440 35
0
1
1441 184
0
0
1
1442 195
1
1443 47
0
1
1444 290
1
1445 164
1
1446 159
0
0
0
1
1447 120
0
0
0
1
1448 225
1
1449 133
1
1450 286
1
1451 182
0
0
1
1452 158
1
1453 127
0
1
1454 205
1
1455 283
1
1456 274
0
1
1457 269
1
1458 265
0
0
0
0
0
1
1459 113
1
1460 243
1
1461 219
1
1462 66
1
1463 92
1
1464 49
1
1465 183
1
1466 143
0
1
1467 212
1
1468 39
0
1
1469 182
0
1
1470 151
0
1
1471 3
0
1
1472 237
0
1
1473 206
0
0
1
1474 286
0
0
0
1
1475 290
1
1476 56
0
0
1
1477 83
1
1478 216
0
1
1479 56
0
0
1
1480 249
0
1
1481 287
0
1
1482 103
0
1
1483 165
0
0
1
1484 240
0
1
1485 283
0
0
0
0
1
1486 27
0
1
1487 76
0
0
1
1488 172
0
1
1489 208
1
1490 222
0
1
1491 39
1
1492 229
1
1493 283
1
1494 128
1
1495 238
1
1496 168
1
1497 23
0
0
0
1
1498 146
1
1499 11
1
1500 17
0
0
0
0
0
0
1
1501 138
0
0
1
1502 119
0
1
1503 268
0
1
1504 92
0
1
1505 232
0
0
1
1506 80
0
0
0
0
1
1507 255
1
1508 223
1
1509 245
1
1510 96
0
0
1
1511 118
1
1512 34
1
1513 194
1
1514 285
0
1
1515 92
0
1
1516 260
0
1
1517 63
1
1518 257
1
1519 136
1
1520 172
1
1521 154
0
1
1522 254
1
1523 210
0
0
0
1
1524 50
0
1
1525 96
1
1526 265
1
1527 192
1
1528 202
1
1529 168
1
1530 17
0
1
1531 12
1
1532 20
1
1533 157
1
1534 290
0
1
1535 92
0
1
1536 91
1
1537 218
1
1538 283
0
0
1
1539 101
0
0
1
1540 14
1
1541 8
0
1
1542 141
0
0
1
1543 236
1
1544 211
1
1545 274
1
1546 84
1
1547 186
1
1548 61
1
1549 74
0
0
0
1
1550 280
0
1
1551 161
1
1552 13
0
1
1553 253
1
1554 241
1
1555 269
1
1556 30
1
1557 264
0
0
1
1558 185
0
1
1559 242
1
1560 81
1
1561 259
1
1562 171
1
1563 133
0
0
0
0
0
0
0
1
1564 188
0
0
0
1
1565 42
1
1566 117
0
0
1
1567 107
1
1568 22
0
1
1569 35
0
1
1570 143
1
1571 59
0
0
0
1
1572 61
0
0
1
1573 130
0
1
1574 248
1
1575 113
1
1576 149
0
1
1577 217
1
1578 200
0
1
1579 167
1
1580 211
0
1
1581 262
1
1582 72
1
1583 94
1
1584 287
1
1585 234
0
0
1
1586 249
1
1587 20
1
1588 52
1
1589 281
1
1590 35
1
1591 237
1
1592 72
0
0
1
1593 152
1
1594 94
1
1595 11
1
1596 254
1
1597 68
1
1598 124
0
1
1599 106
1
1600 186
0
1
1601 288
1
1602 17
1
1603 127
1
1604 289
0
1
1605 254
1
1606 129
0
1
1607 178
1
1608 131
1
1609 208
1
1610 138
1
1611 50
0
0
0
0
1
1612 112
1
1613 109
1
1614 208
0
1
1615 217
1
1616 135
1
1617 41
0
0
1
1618 197
1
1619 2
1
1620 241
1
1621 195
1
1622 62
1
1623 265
1
1624 266
1
1625 281
1
1626 106
1
1627 114
1
1628 118
0
1
1629 137
1
1630 117
1
1631 150
0
1
1632 73
1
1633 243
0
1
1634 209
0
1
1635 213
0
0
0
1
1636 169
1
1637 160
1
1638 12
1
1639 236
1
1640 64
1
1641 73
0
1
1642 213
0
1
1643 126
0
0
1
1644 86
1
1645 182
0
1
1646 158
0
0
1
1647 244
1
1648 101
1
1649 39
0
1
1650 284
1
1651 290
1
1652 118
1
1653 100
0
0
1
1654 281
0
0
0
1
1655 15
1
1656 56
0
1
1657 287
1
1658 15
1
1659 140
0
0
1
1660 187
0
0
1
1661 59
1
1662 106
1
1663 249
1
1664 41
1
1665 25
0
1
1666 162
0
1
1667 19
0
0
0
1
1668 212
0
0
1
1669 115
1
1670 210
1
1671 173
0
0
1
1672 105
1
1673 182
0
1
1674 94
1
1675 147
1
1676 256
1
1677 169
1
1678 144
0
0
1
1679 73
1
1680 178
0
1
1681 254
1
1682 169
0
0
1
1683 108
1
1684 209
1
1685 155
0
1
1686 84
1
1687 162
1
1688 208
1
1689 13
1
1690 61
1
1691 135
1
1692 59
0
1
1693 207
0
1
1694 199
1
1695 144
1
1696 29
1
1697 282
1
1698 216
1
1699 221
0
1
1700 270
1
1701 256
1
1702 163
1
1703 59
1
1704 8
0
0
1
1705 36
0
1
1706 77
1
1707 122
1
1708 21
1
1709 140
0
0
0
0
1
1710 7
1
1711 115
0
0
1
1712 120
1
1713 195
1
1714 74
0
0
1
1715 137
0
0
1
1716 204
1
1717 22
1
1718 83
1
1719 264
1
1720 198
1
1721 240
0
0
0
0
0
1
1722 27
1
1723 214
1
1724 242
1
1725 49
1
1726 282
0
1
1727 138
0
1
1728 9
0
0
1
1729 36
1
1730 98
1
1731 144
1
1732 239
1
1733 96
1
1734 269
0
1
1735 267
1
1736 95
1
1737 50
1
1738 209
1
1739 188
0
1
1740 198
0
0
0
0
0
1
1741 50
1
1742 286
1
1743 56
0
0
1
1744 286
1
1745 214
0
0
1
1746 187
1
1747 56
0
0
0
1
1748 167
1
1749 275
1
1750 261
1
1751 100
1
1752 183
0
1
1753 28
1
1754 179
1
1755 156
1
1756 13
1
1757 181
1
1758 103
1
1759 271
0
1
1760 170
1
1761 293
0
0
1
1762 285
1
1763 222
1
1764 112
0
0
1
1765 223
1
1766 59
1
1767 40
1
1768 287
1
1769 285
1
1770 135
0
1
1771 271
0
1
1772 118
1
1773 139
1
1774 115
1
1775 230
1
1776 281
0
0
0
1
1777 58
0
1
1778 241
1
1779 274
1
1780 71
0
1
1781 105
0
0
0
1
1782 224
1
1783 222
1
1784 291
0
0
0
0
0
1
1785 258
0
1
1786 141
1
1787 174
1
1788 131
0
1
1789 176
1
1790 208
1
1791 148
0
1
1792 121
0
0
0
0
0
1
1793 229
1
1794 272
1
1795 257
1
1796 237
0
1
1797 48
1
1798 108
0
1
1799 279
0
1
1800 142
0
1
1801 216
1
1802 89
0
0
1
1803 135
1
1804 67
1
1805 144
1
1806 184
1
1807 91
1
1808 245
0
1
1809 242
1
1810 104
0
1
1811 143
1
1812 5
1
1813 35
0
0
1
1814 197
1
1815 150
1
1816 254
1
1817 170
1
1818 187
1
1819 260
1
1820 179
1
1821 229
0
1
1822 248
0
1
1823 18
1
1824 203
1
1825 263
1
1826 248
1
1827 272
1
1828 69
1
1829 96
0
1
1830 13
1
1831 216
1
1832 58
0
1
1833 293
1
1834 66
0
1
1835 258
1
1836 96
1
1837 282
1
1838 147
0
1
1839 89
1
1840 117
0
1
1841 293
0
1
1842 151
0
0
1
1843 24
1
1844 278
1
1845 146
0
0
0
1
1846 13
1
1847 283
1
1848 264
1
1849 123
1
1850 141
1
1851 110
1
1852 246
1
1853 247
1
1854 137
1
1855 149
1
1856 255
0
1
1857 164
0
1
1858 213
1
1859 184
1
1860 236
1
1861 51
0
0
1
1862 241
1
1863 69
0
1
1864 115
0
1
1865 173
1
1866 48
1
1867 143
1
1868 134
0
1
1869 172
0
1
1870 248
0
1
1871 233
0
1
1872 26
1
1873 264
1
1874 22
1
1875 286
1
1876 274
1
1877 208
1
1878 162
1
1879 119
1
1880 107
1
1881 84
0
1
1882 89
0
0
0
1
1883 177
1
1884 136
1
1885 278
0
1
1886 100
0
1
1887 115
1
1888 164
1
1889 163
0
0
0
1
1890 287
0
1
1891 191
1
1892 144
1
1893 175
0
1
1894 244
1
1895 234
1
1896 243
1
1897 149
1
1898 202
1
1899 145
1
1900 148
0
1
1901 249
0
0
1
1902 115
1
1903 216
1
1904 282
0
1
1905 271
0
1
1906 102
0
0
0
0
0
1
1907 75
0
1
1908 243
1
1909 277
0
1
1910 241
1
1911 102
1
1912 22
1
1913 106
0
0
0
0
0
0
0
0
1
1914 5
1
1915 205
1
1916 215
0
1
1917 2
1
1918 129
0
0
1
1919 227
0
0
0
1
1920 211
1
1921 252
1
1922 249
1
1923 280
1
1924 145
1
1925 30
1
1926 200
1
1927 215
1
1928 168
0
1
1929 43
1
1930 175
1
1931 137
0
1
1932 164
0
1
1933 197
1
1934 117
0
0
1
1935 237
1
1936 214
1
1937 117
1
1938 41
0
0
1
1939 81
1
1940 140
0
1
1941 59
0
1
1942 226
1
1943 138
0
1
1944 245
1
1945 283
1
1946 55
0
1
1947 200
0
0
1
1948 137
1
1949 44
1
1950 262
1
1951 171
1
1952 125
1
1953 68
0
0
1
1954 270
1
1955 41
1
1956 268
0
1
1957 148
1
1958 220
0
0
0
1
1959 101
0
1
1960 43
1
1961 264
0
1
1962 277
1
1963 29
0
0
0
1
1964 270
0
1
1965 158
0
1
1966 53
1
1967 5
1
1968 182
0
1
1969 208
0
1
1970 73
1
1971 176
1
1972 56
1
1973 187
1
1974 145
1
1975 28
0
0
1
1976 126
1
1977 198
1
1978 19
1
1979 80
1
1980 7
1
1981 96
1
1982 242
1
1983 254
1
1984 104
0
1
1985 24
0
1
1986 92
1
1987 213
0
0
1
1988 112
1
1989 12
1
1990 51
1
1991 254
1
1992 31
1
1993 149
1
1994 283
1
1995 119
1
1996 66
0
1
1997 260
1
1998 237
1
1999 172
1
2000 172
1
2001 129
1
2002 113
1
2003 256
1
2004 6
0
1
2005 51
1
2006 138
0
1
2007 75
1
2008 246
0
0
1
2009 115
1
2010 213
1
2011 216
1
2012 87
0
1
2013 113
1
2014 102
0
1
2015 200
1
2016 115
1
2017 285
0
1
2018 225
1
2019 257
1
2020 84
0
1
2021 287
0
0
1
2022 263
1
2023 276
1
2024 10
1
2025 35
1
2026 47
1
2027 16
0
1
2028 283
1
2029 174
0
1
2030 137
1
2031 21
0
1
2032 253
1
2033 240
1
2034 255
1
2035 245
1
2036 84
0
0
1
2037 55
1
2038 4
1
2039 140
1
2040 219
1
2041 85
1
2042 29
1
2043 285
0
1
2044 223
1
2045 131
1
2046 275
1
2047 251
1
2048 269
1
2049 157
1
2050 66
1
2051 114
1
2052 238
1
2053 254
1
2054 16
1
2055 169
1
2056 140
1
2057 218
1
2058 62
1
2059 20
1
2060 124
1
2061 116
1
2062 29
1
2063 46
1
2064 122
0
1
2065 68
0
1
2066 200
0
1
2067 147
1
2068 172
1
2069 109
1
2070 175
1
2071 87
1
2072 123
0
0
1
2073 124
1
2074 273
1
2075 150
1
2076 289
0
0
0
1
2077 15
1
2078 72
1
2079 4
0
1
2080 22
1
2081 42
1
2082 283
1
2083 61
1
2084 38
0
1
2085 253
1
2086 54
1
2087 11
0
1
2088 103
1
2089 73
1
2090 9
0
0
1
2091 62
0
1
2092 264
0
1
2093 59
0
1
2094 248
1
2095 37
0
0
1
2096 50
1
2097 94
0
1
2098 163
1
2099 85
1
2100 165
1
2101 291
0
1
2102 288
1
2103 187
1
2104 88
0
1
2105 219
0
1
2106 250
1
2107 123
0
1
2108 264
1
2109 4
0
1
2110 113
1
2111 64
1
2112 117
1
2113 109
1
2114 65
0
0
1
2115 139
1
2116 270
1
2117 138
1
2118 50
0
0
0
0
1
2119 58
1
2120 255
1
2121 56
1
2122 101
1
2123 256
1
2124 210
0
1
2125 62
0
1
2126 135
0
1
2127 37
0
1
2128 246
1
2129 154
1
2130 41
1
2131 107
0
1
2132 128
1
2133 181
1
2134 278
0
1
2135 122
1
2136 89
1
2137 212
1
2138 244
1
2139 236
1
2140 82
1
2141 161
1
2142 98
1
2143 262
1
2144 85
1
2145 81
0
1
2146 115
1
2147 186
1
2148 2
1
2149 86
1
2150 81
0
1
2151 247
0
1
2152 84
0
1
2153 47
1
2154 145
1
2155 269
0
0
1
2156 263
1
2157 45
1
2158 264
1
2159 194
1
2160 254
1
2161 266
0
1
2162 100
1
2163 169
0
1
2164 125
1
2165 38
1
2166 31
1
2167 255
1
2168 258
1
2169 92
0
1
2170 83
1
2171 264
1
2172 268
1
2173 119
1
2174 127
1
2175 283
1
2176 247
1
2177 199
1
2178 59
0
1
2179 146
1
2180 42
1
2181 184
0
1
2182 292
1
2183 175
1
2184 35
1
2185 74
1
2186 263
1
2187 43
1
2188 172
1
2189 242
0
0
1
2190 147
0
1
2191 118
1
2192 199
1
2193 101
0
1
2194 200
1
2195 60
1
2196 57
1
2197 256
1
2198 174
0
1
2199 278
1
2200 262
1
2201 52
0
1
2202 96
1
2203 99
1
2204 185
1
2205 108
0
1
2206 237
1
2207 130
1
2208 157
1
2209 222
1
2210 186
1
2211 87
1
2212 53
1
2213 167
0
0
1
2214 124
1
2215 71
1
2216 155
1
2217 175
0
0
1
2218 181
1
2219 109
1
2220 161
1
2221 134
0
1
2222 101
1
2223 24
0
1
2224 209
0
1
2225 61
1
2226 205
1
2227 224
1
2228 220
0
1
2229 59
0
1
2230 285
1
2231 81
0
1
2232 279
1
2233 261
1
2234 283
1
2235 280
0
1
2236 121
1
2237 47
0
1
2238 17
0
0
0
1
2239 150
1
2240 138
1
2241 78
0
1
2242 250
1
2243 280
1
2244 156
1
2245 34
1
2246 35
1
2247 96
0
1
2248 119
0
1
2249 192
1
2250 72
1
2251 105
1
2252 2
1
2253 47
0
1
2254 269
1
2255 274
1
2256 20
1
2257 148
1
2258 275
0
1
2259 167
1
2260 35
0
1
2261 208
0
0
1
2262 182
1
2263 82
0
1
2264 143
1
2265 22
0
1
2266 80
0
1
2267 200
1
2268 8
1
2269 73
1
2270 119
1
2271 109
0
0
1
2272 243
0
1
2273 63
1
2274 280
1
2275 84
1
2276 156
1
2277 221
1
2278 94
0
0
1
2279 216
1
2280 177
1
2281 54
0
1
2282 246
1
2283 231
1
2284 276
0
0
0
1
2285 160
1
2286 41
1
2287 22
1
2288 164
1
2289 163
1
2290 155
1
2291 128
1
2292 248
1
2293 204
0
1
2294 206
1
2295 74
1
2296 235
1
2297 74
1
2298 28
1
2299 43
1
2300 224
0
1
2301 262
1
2302 20
1
2303 122
1
2304 196
1
2305 237
1
2306 189
1
2307 132
1
2308 170
0
0
0
1
2309 16
1
2310 276
1
2311 130
1
2312 137
1
2313 192
1
2314 8
1
2315 151
0
1
2316 69
1
2317 121
0
1
2318 157
1
2319 190
0
0
1
2320 261
1
2321 189
0
1
2322 150
1
2323 34
0
1
2324 211
1
2325 125
0
0
1
2326 42
1
2327 274
1
2328 150
0
0
1
2329 96
0
1
2330 186
1
2331 127
0
0
1
2332 159
1
2333 150
1
2334 177
1
2335 5
1
2336 93
0
1
2337 262
1
2338 221
1
2339 186
1
2340 204
0
1
2341 224
0
1
2342 38
0
0
1
2343 268
1
2344 59
1
2345 261
1
2346 63
0
1
2347 83
1
2348 162
0
1
2349 264
1
2350 229
1
2351 216
0
1
2352 264
1
2353 88
1
2354 86
0
1
2355 26
1
2356 29
1
2357 5
1
2358 69
0
1
2359 147
1
2360 151
1
2361 120
1
2362 134
1
2363 204
0
1
2364 66
1
2365 265
0
1
2366 140
1
2367 73
1
2368 237
0
0
1
2369 56
0
1
2370 213
0
1
2371 199
1
2372 22
1
2373 140
0
1
2374 243
1
2375 282
1
2376 95
0
1
2377 215
1
2378 67
1
2379 114
0
0
0
1
2380 158
1
2381 14
1
2382 89
1
2383 133
0
1
2384 155
0
1
2385 250
0
1
2386 202
0
1
2387 222
1
2388 227
0
1
2389 267
1
2390 185
1
2391 282
1
2392 136
0
1
2393 18
1
2394 269
1
2395 24
1
2396 69
1
2397 256
1
2398 155
0
1
2399 235
0
1
2400 12
1
2401 8
1
2402 112
1
2403 100
0
1
2404 34
1
2405 61
1
2406 81
0
1
2407 46
1
2408 128
1
2409 263
0
1
2410 212
1
2411 236
1
2412 171
1
2413 181
1
2414 144
1
2415 262
1
2416 292
0
1
2417 81
1
2418 45
1
2419 102
1
2420 234
1
2421 28
0
0
1
2422 17
1
2423 223
1
2424 289
1
2425 274
1
2426 292
1
2427 150
1
2428 150
1
2429 107
1
2430 7
1
2431 259
1
2432 227
1
2433 119
0
0
1
2434 38
1
2435 251
1
2436 32
1
2437 95
1
2438 269
1
2439 82
1
2440 285
1
2441 86
1
2442 56
1
2443 163
1
2444 80
1
2445 37
1
2446 38
0
1
2447 233
1
2448 161
1
2449 207
1
2450 214
1
2451 184
1
2452 17
1
2453 87
0
1
2454 76
0
1
2455 213
1
2456 263
0
0
1
2457 4
1
2458 164
1
2459 96
1
2460 59
0
1
2461 129
1
2462 37
0
0
1
2463 56
1
2464 34
1
2465 148
1
2466 84
1
2467 205
1
2468 230
1
2469 118
1
2470 111
0
1
2471 248
1
2472 195
1
2473 84
1
2474 106
1
2475 266
1
2476 206
1
2477 56
1
2478 106
1
2479 210
0
1
2480 155
1
2481 178
0
1
2482 264
1
2483 18
1
2484 162
1
2485 200
0
1
2486 105
0
1
2487 228
1
2488 260
1
2489 61
1
2490 145
1
2491 149
1
2492 162
1
2493 43
1
2494 140
1
2495 114
1
2496 221
1
2497 264
1
2498 287
1
2499 218
0
0
1
2500 247
1
2501 75
0
1
2502 32
1
2503 224
1
2504 65
1
2505 46
1
2506 103
0
0
1
2507 223
1
2508 6
1
2509 221
0
1
2510 36
1
2511 231
1
2512 90
1
2513 131
1
2514 179
1
2515 75
1
2516 243
1
2517 252
1
2518 223
1
2519 211
1
2520 6
0
1
2521 231
0
1
2522 289
0
1
2523 221
1
2524 82
1
2525 41
1
2526 78
1
2527 13
1
2528 156
1
2529 236
1
2530 192
1
2531 270
0
1
2532 163
1
2533 248
0
1
2534 137
0
1
2535 64
1
2536 40
0
1
2537 180
1
2538 144
1
2539 39
1
2540 34
1
2541 236
1
2542 291
0
1
2543 166
1
2544 74
1
2545 283
0
1
2546 72
1
2547 91
1
2548 4
1
2549 231
0
1
2550 177
1
2551 61
1
2552 207
1
2553 218
1
2554 170
1
2555 180
1
2556 234
1
2557 11
1
2558 204
1
2559 237
1
2560 221
1
2561 128
1
2562 252
0
1
2563 274
1
2564 288
1
2565 252
1
2566 159
1
2567 259
0
1
2568 48
1
2569 34
0
1
2570 209
1
2571 22
1
2572 251
1
2573 91
1
2574 229
1
2575 84
1
2576 286
1
2577 283
1
2578 218
1
2579 201
0
1
2580 119
1
2581 13
1
2582 200
1
2583 173
1
2584 44
1
2585 32
1
2586 5
0
1
2587 292
1
2588 180
1
2589 21
1
2590 198
1
2591 23
1
2592 69
1
2593 22
1
2594 208
0
1
2595 41
0
1
2596 140
0
1
2597 118
1
2598 42
1
2599 62
0
0
0
0
1
2600 70
0
1
2601 266
1
2602 220
1
2603 108
0
1
2604 60
1
2605 237
0
0
1
2606 183
0
1
2607 190
1
2608 241
1
2609 123
0
1
2610 102
1
2611 271
1
2612 271
1
2613 87
0
0
1
2614 148
1
2615 71
1
2616 77
1
2617 44
1
2618 78
0
1
2619 12
1
2620 261
1
2621 64
0
1
2622 165
1
2623 59
1
2624 40
1
2625 92
1
2626 153
1
2627 11
1
2628 262
1
2629 144
1
2630 84
1
2631 201
1
2632 259
1
2633 198
1
2634 27
1
2635 20
1
2636 43
0
1
2637 92
1
2638 231
1
2639 83
0
1
2640 125
1
2641 24
1
2642 250
0
1
2643 69
1
2644 40
1
2645 83
1
2646 229
1
2647 290
0
1
2648 262
1
2649 59
1
2650 74
0
1
2651 5
1
2652 19
1
2653 12
1
2654 12
0
1
2655 272
1
2656 13
1
2657 186
1
2658 153
1
2659 254
1
2660 243
0
0
1
2661 138
1
2662 84
0
0
1
2663 53
1
2664 7
0
1
2665 60
1
2666 137
1
2667 6
1
2668 188
1
2669 289
0
1
2670 216
1
2671 56
1
2672 141
1
2673 36
1
2674 43
1
2675 162
0
1
2676 172
1
2677 34
1
2678 84
1
2679 107
1
2680 113
0
1
2681 84
1
2682 4
1
2683 216
1
2684 189
0
1
2685 31
1
2686 201
1
2687 171
1
2688 7
0
0
1
2689 4
1
2690 193
0
1
2691 163
1
2692 172
1
2693 184
1
2694 121
0
1
2695 108
1
2696 280
0
0
1
2697 49
1
2698 161
1
2699 82
0
1
2700 101
0
1
2701 51
0
1
2702 292
1
2703 285
1
2704 155
1
2705 279
1
2706 141
0
1
2707 124
1
2708 152
1
2709 62
1
2710 198
1
2711 250
1
2712 67
1
2713 245
1
2714 84
0
1
2715 170
1
2716 159
1
2717 156
1
2718 75
1
2719 8
1
2720 28
0
0
1
2721 278
1
2722 277
1
2723 213
0
0
0
1
2724 116
1
2725 38
1
2726 234
1
2727 201
1
2728 229
1
2729 110
1
2730 161
0
1
2731 259
1
2732 220
1
2733 88
0
1
2734 202
1
2735 208
1
2736 22
1
2737 42
1
2738 146
0
1
2739 252
1
2740 119
1
2741 274
0
1
2742 195
1
2743 142
1
2744 201
1
2745 268
1
2746 267
0
1
2747 214
1
2748 224
1
2749 287
1
2750 238
0
1
2751 78
1
2752 256
1
2753 88
1
2754 18
1
2755 293
1
2756 10
1
2757 118
1
2758 283
1
2759 173
1
2760 51
1
2761 75
1
2762 209
0
1
2763 237
1
2764 41
1
2765 138
1
2766 269
1
2767 262
1
2768 153
0
0
1
2769 128
1
2770 276
1
2771 280
1
2772 120
1
2773 18
1
2774 96
1
2775 153
1
2776 185
1
2777 10
0
1
2778 184
1
2779 103
1
2780 271
1
2781 210
1
2782 215
1
2783 225
1
2784 190
1
2785 252
1
2786 266
1
2787 146
1
2788 283
1
2789 25
1
2790 207
1
2791 96
0
1
2792 74
1
2793 214
1
2794 190
1
2795 254
1
2796 277
1
2797 137
1
2798 28
1
2799 234
1
2800 56
1
2801 28
0
1
2802 42
1
2803 113
1
2804 8
1
2805 135
0
1
2806 242
1
2807 282
1
2808 56
1
2809 127
1
2810 129
1
2811 147
0
1
2812 198
1
2813 236
1
2814 38
1
2815 136
1
2816 152
1
2817 229
1
2818 193
1
2819 177
0
1
2820 167
1
2821 219
0
1
2822 254
1
2823 3
1
2824 47
1
2825 52
1
2826 25
1
2827 223
1
2828 164
1
2829 101
1
2830 154
1
2831 111
1
2832 288
0
1
2833 246
1
2834 72
1
2835 28
0
1
2836 273
1
2837 206
1
2838 147
1
2839 162
1
2840 246
1
2841 34
1
2842 137
1
2843 23
0
1
2844 265
1
2845 213
1
2846 12
1
2847 22
1
2848 268
1
2849 102
1
2850 71
1
2851 185
0
1
2852 108
0
0
1
2853 31
1
2854 248
1
2855 72
1
2856 207
1
2857 80
1
2858 227
1
2859 168
0
0
1
2860 157
1
2861 143
1
2862 173
1
2863 164
0
1
2864 45
0
1
2865 191
1
2866 83
1
2867 29
1
2868 15
1
2869 190
1
2870 274
0
1
2871 131
0
1
2872 181
1
2873 112
1
2874 145
1
2875 285
1
2876 31
1
2877 116
1
2878 230
1
2879 175
1
2880 115
1
2881 26
1
2882 68
1
2883 244
1
2884 258
0
1
2885 60
1
2886 215
1
2887 137
1
2888 213
1
2889 63
1
2890 191
1
2891 286
1
2892 71
1
2893 230
1
2894 261
1
2895 201
1
2896 232
0
1
2897 284
1
2898 235
1
2899 11
1
2900 281
1
2901 174
1
2902 68
1
2903 12
1
2904 155
1
2905 232
1
2906 32
1
2907 73
1
2908 79
1
2909 263
1
2910 203
1
2911 211
1
2912 3
1
2913 278
1
2914 75
1
2915 225
0
1
2916 165
1
2917 44
1
2918 50
1
2919 175
1
2920 135
0
1
2921 198
1
2922 41
1
2923 95
1
2924 105
0
0
1
2925 201
0
1
2926 67
0
0
0
1
2927 60
1
2928 121
1
2929 174
1
2930 138
1
2931 190
1
2932 98
0
1
2933 151
1
2934 138
1
2935 221
1
2936 243
1
2937 121
1
2938 245
1
2939 173
1
2940 64
1
2941 40
0
0
1
2942 94
0
1
2943 167
1
2944 46
1
2945 175
1
2946 58
1
2947 256
1
2948 135
1
2949 22
1
2950 103
0
1
2951 265
1
2952 291
1
2953 50
1
2954 43
0
1
2955 81
0
1
2956 236
1
2957 3
1
2958 216
1
2959 189
1
2960 222
1
2961 264
0
1
2962 176
1
2963 6
0
1
2964 137
1
2965 206
0
1
2966 175
1
2967 264
1
2968 51
1
2969 21
1
2970 213
0
1
2971 255
1
2972 266
1
2973 282
1
2974 202
1
2975 117
1
2976 223
1
2977 124
1
2978 130
1
2979 206
1
2980 145
1
2981 102
1
2982 155
1
2983 191
1
2984 143
1
2985 42
1
2986 272
1
2987 19
1
2988 101
1
2989 81
1
2990 74
0
0
1
2991 283
1
2992 154
1
2993 279
1
2994 267
0
1
2995 228
1
2996 257
1
2997 80
1
2998 37
1
2999 259
1
3000 268
0
1
3001 48
1
3002 144
0
1
3003 190
0
1
3004 229
0
1
3005 216
1
3006 227
0
1
3007 246
1
3008 105
1
3009 59
0
1
3010 253
1
3011 115
1
3012 101
1
3013 218
1
3014 74
1
3015 226
1
3016 231
1
3017 258
1
3018 198
1
3019 100
1
3020 128
1
3021 37
1
3022 229
1
3023 147
1
3024 7
1
3025 109
1
3026 153
1
3027 214
1
3028 96
1
3029 28
1
3030 83
0
1
3031 247
1
3032 280
1
3033 150
1
3034 129
1
3035 180
0
1
3036 101
1
3037 75
1
3038 240
1
3039 55
1
3040 62
1
3041 170
1
3042 177
1
3043 275
1
3044 251
1
3045 262
1
3046 33
1
3047 45
1
3048 223
1
3049 35
1
3050 291
1
3051 9
1
3052 5
1
3053 215
1
3054 138
1
3055 51
1
3056 164
1
3057 13
1
3058 113
1
3059 157
1
3060 140
1
3061 61
1
3062 188
1
3063 128
1
3064 59
1
3065 85
1
3066 143
1
3067 142
1
3068 92
1
3069 82
0
1
3070 96
0
1
3071 186
1
3072 176
1
3073 270
1
3074 25
1
3075 280
1
3076 232
1
3077 56
1
3078 278
1
3079 84
0
1
3080 249
1
3081 182
1
3082 160
1
3083 218
1
3084 15
0
0
0
1
3085 283
1
3086 72
0
1
3087 291
1
3088 43
0
1
3089 119
1
3090 291
1
3091 246
0
1
3092 149
1
3093 61
1
3094 27
1
3095 249
1
3096 65
1
3097 239
1
3098 93
1
3099 208
1
3100 134
1
3101 232
1
3102 256
1
3103 74
1
3104 88
1
3105 149
1
3106 30
1
3107 103
1
3108 58
1
3109 220
1
3110 172
1
3111 118
1
3112 265
1
3113 77
1
3114 237
1
3115 90
1
3116 136
1
3117 113
1
3118 11
1
3119 275
1
3120 116
1
3121 289
1
3122 215
1
3123 107
1
3124 35
1
3125 192
1
3126 286
0
1
3127 10
0
1
3128 15
0
1
3129 66
0
1
3130 43
1
3131 32
1
3132 213
1
3133 95
1
3134 72
1
3135 204
1
3136 84
1
3137 253
1
3138 42
1
3139 2
1
3140 237
1
3141 253
1
3142 287
1
3143 149
1
3144 282
1
3145 115
1
3146 259
1
3147 20
0
0
1
3148 84
1
3149 38
1
3150 138
0
1
3151 91
1
3152 31
1
3153 68
1
3154 35
0
1
3155 19
1
3156 26
1
3157 243
1
3158 212
1
3159 258
1
3160 201
1
3161 148
1
3162 226
1
3163 242
1
3164 220
0
0
1
3165 214
0
0
1
3166 23
1
3167 287
1
3168 157
1
3169 127
1
3170 74
1
3171 57
1
3172 118
1
3173 186
1
3174 233
1
3175 238
1
3176 89
1
3177 184
1
3178 42
1
3179 86
1
3180 243
1
3181 146
1
3182 85
1
3183 201
1
3184 258
1
3185 101
1
3186 182
1
3187 216
1
3188 187
1
3189 160
1
3190 150
1
3191 252
1
3192 156
1
3193 272
1
3194 248
1
3195 14
1
3196 112
1
3197 119
1
3198 47
1
3199 31
1
3200 267
1
3201 72
1
3202 61
1
3203 56
1
3204 244
1
3205 93
1
3206 156
1
3207 51
1
3208 50
1
3209 254
1
3210 128
1
3211 51
1
3212 139
1
3213 126
1
3214 29
1
3215 226
1
3216 172
1
3217 153
1
3218 263
1
3219 51
1
3220 251
1
3221 250
1
3222 20
1
3223 179
1
3224 3
1
3225 86
0
1
3226 244
0
1
3227 45
1
3228 225
0
1
3229 127
1
3230 17
1
3231 205
1
3232 152
1
3233 125
1
3234 108
1
3235 170
1
3236 282
1
3237 67
0
1
3238 36
1
3239 209
1
3240 210
1
3241 116
1
3242 67
1
3243 172
1
3244 147
1
3245 197
1
3246 78
1
3247 171
1
3248 42
1
3249 134
1
3250 72
0
1
3251 25
1
3252 48
1
3253 42
1
3254 95
1
3255 185
1
3256 134
0
1
3257 84
1
3258 286
1
3259 242
1
3260 260
1
3261 220
0
1
3262 68
0
1
3263 193
0
1
3264 248
1
3265 260
1
3266 274
1
3267 62
1
3268 273
1
3269 287
1
3270 86
1
3271 245
1
3272 90
1
3273 98
1
3274 140
1
3275 28
1
3276 78
1
3277 54
1
3278 4
1
3279 40
1
3280 80
1
3281 40
0
1
3282 285
1
3283 149
1
3284 35
1
3285 22
1
3286 202
1
3287 35
1
3288 5
1
3289 266
1
3290 91
1
3291 31
1
3292 66
1
3293 142
0
1
3294 216
1
3295 262
1
3296 34
1
3297 147
1
3298 237
1
3299 222
1
3300 243
1
3301 146
1
3302 13
1
3303 234
1
3304 140
1
3305 138
1
3306 51
1
3307 44
1
3308 187
1
3309 31
0
1
3310 151
1
3311 86
1
3312 139
1
3313 237
1
3314 152
1
3315 4
1
3316 38
1
3317 56
1
3318 66
1
3319 175
1
3320 97
1
3321 179
1
3322 264
1
3323 292
1
3324 127
1
3325 289
1
3326 177
1
3327 288
0
1
3328 42
1
3329 31
1
3330 241
1
3331 47
1
3332 68
1
3333 190
1
3334 175
1
3335 121
1
3336 113
1
3337 94
1
3338 61
1
3339 274
1
3340 68
1
3341 200
1
3342 157
1
3343 264
1
3344 61
1
3345 51
1
3346 231
1
3347 273
1
3348 200
1
3349 143
1
3350 168
1
3351 13
1
3352 152
1
3353 54
0
1
3354 56
1
3355 140
1
3356 74
1
3357 138
1
3358 55
1
3359 243
1
3360 139
0
0
1
3361 220
1
3362 141
1
3363 16
1
3364 269
1
3365 112
1
3366 100
1
3367 266
1
3368 287
1
3369 264
1
3370 155
1
3371 254
0
1
3372 5
1
3373 156
1
3374 94
1
3375 18
1
3376 118
1
3377 59
1
3378 140
1
3379 11
1
3380 146
1
3381 139
1
3382 162
1
3383 25
1
3384 79
1
3385 53
1
3386 267
1
3387 214
1
3388 160
1
3389 47
1
3390 202
1
3391 199
1
3392 6
1
3393 205
1
3394 56
1
3395 212
1
3396 208
1
3397 153
1
3398 257
1
3399 103
1
3400 160
1
3401 29
1
3402 141
1
3403 235
1
3404 121
1
3405 80
0
1
3406 129
1
3407 185
1
3408 281
1
3409 258
1
3410 217
1
3411 76
1
3412 287
1
3413 279
1
3414 188
1
3415 52
1
3416 154
1
3417 254
1
3418 146
1
3419 95
1
3420 190
1
3421 15
1
3422 82
1
3423 20
0
1
3424 139
1
3425 128
1
3426 93
0
1
3427 177
1
3428 196
1
3429 210
1
3430 171
1
3431 20
1
3432 197
1
3433 38
1
3434 139
1
3435 216
0
1
3436 183
1
3437 52
1
3438 23
1
3439 16
1
3440 208
1
3441 56
1
3442 215
1
3443 129
1
3444 208
1
3445 165
1
3446 241
0
1
3447 262
1
3448 174
1
3449 110
1
3450 56
1
3451 152
1
3452 291
1
3453 240
1
3454 94
1
3455 164
1
3456 276
1
3457 216
1
3458 61
1
3459 86
1
3460 17
1
3461 33
1
3462 228
1
3463 48
1
3464 192
1
3465 211
0
1
3466 211
1
3467 51
1
3468 9
0
1
3469 26
1
3470 140
1
3471 35
0
1
3472 228
1
3473 276
1
3474 205
1
3475 274
1
3476 238
1
3477 87
1
3478 14
1
3479 257
1
3480 160
1
3481 273
1
3482 192
1
3483 38
1
3484 76
1
3485 244
1
3486 130
1
3487 128
1
3488 223
1
3489 59
1
3490 237
1
3491 61
1
3492 93
1
3493 272
1
3494 119
1
3495 34
1
3496 103
0
1
3497 113
1
3498 33
1
3499 158
1
3500 12
1
3501 81
1
3502 70
1
3503 253
0
1
3504 10
1
3505 123
1
3506 282
1
3507 55
1
3508 133
1
3509 20
1
3510 12
1
3511 80
1
3512 103
1
3513 224
1
3514 106
1
3515 282
1
3516 157
1
3517 121
1
3518 63
1
3519 162
1
3520 114
1
3521 57
1
3522 47
1
3523 190
1
3524 97
1
3525 22
1
3526 117
1
3527 171
1
3528 202
1
3529 234
0
1
3530 292
0
1
3531 149
1
3532 280
1
3533 154
1
3534 99
1
3535 203
1
3536 94
1
3537 8
1
3538 217
1
3539 96
1
3540 145
1
3541 288
1
3542 111
1
3543 56
1
3544 244
1
3545 93
1
3546 122
0
1
3547 17
1
3548 102
1
3549 8
1
3550 8
1
3551 264
1
3552 152
0
1
3553 47
1
3554 119
1
3555 74
1
3556 71
1
3557 57
1
3558 92
1
3559 84
1
3560 263
1
3561 79
1
3562 168
1
3563 112
0
1
3564 93
1
3565 237
1
3566 231
1
3567 26
1
3568 166
1
3569 285
1
3570 41
0
1
3571 210
1
3572 213
1
3573 140
1
3574 4
1
3575 279
1
3576 263
1
3577 88
1
3578 58
1
3579 41
1
3580 216
1
3581 186
1
3582 141
0
1
3583 67
1
3584 285
1
3585 110
1
3586 289
1
3587 77
1
3588 40
1
3589 90
0
1
3590 10
1
3591 249
1
3592 206
1
3593 125
1
3594 121
1
3595 83
0
1
3596 271
1
3597 230
1
3598 108
1
3599 94
0
1
3600 147
1
3601 260
1
3602 182
1
3603 216
1
3604 201
1
3605 198
1
3606 198
1
3607 183
1
3608 100
1
3609 2
0
1
3610 176
1
3611 235
1
3612 102
1
3613 46
1
3614 193
1
3615 138
1
3616 111
1
3617 86
1
3618 204
1
3619 120
1
3620 157
1
3621 35
1
3622 272
1
3623 287
1
3624 46
1
3625 43
1
3626 269
1
3627 130
1
3628 51
1
3629 18
1
3630 189
1
3631 236
1
3632 228
1
3633 199
0
1
3634 157
1
3635 54
1
3636 214
0
1
3637 232
1
3638 244
1
3639 220
1
3640 14
1
3641 129
1
3642 119
1
3643 41
1
3644 213
1
3645 176
1
3646 247
1
3647 238
1
3648 219
1
3649 153
1
3650 175
1
3651 87
1
3652 190
1
3653 135
1
3654 128
1
3655 119
1
3656 12
1
3657 2
1
3658 158
1
3659 20
1
3660 126
1
3661 184
1
3662 49
1
3663 253
1
3664 189
1
3665 113
1
3666 261
1
3667 206
1
3668 146
1
3669 9
1
3670 247
1
3671 98
1
3672 158
1
3673 68
1
3674 286
1
3675 37
1
3676 165
1
3677 257
1
3678 30
1
3679 135
1
3680 229
1
3681 90
1
3682 168
1
3683 106
1
3684 77
1
3685 264
1
3686 205
1
3687 56
1
3688 80
1
3689 153
1
3690 172
1
3691 168
1
3692 107
1
3693 24
1
3694 93
1
3695 110
1
3696 22
1
3697 100
1
3698 69
1
3699 18
1
3700 135
1
3701 93
1
3702 74
1
3703 265
1
3704 101
1
3705 246
1
3706 16
1
3707 81
1
3708 18
1
3709 286
1
3710 193
1
3711 22
1
3712 16
1
3713 97
1
3714 65
1
3715 55
1
3716 239
1
3717 285
1
3718 221
1
3719 128
1
3720 147
0
1
3721 250
1
3722 143
1
3723 207
1
3724 253
1
3725 216
1
3726 117
1
3727 195
1
3728 129
1
3729 41
1
3730 72
1
3731 89
1
3732 39
1
3733 265
1
3734 285
1
3735 198
1
3736 168
1
3737 265
1
3738 110
1
3739 148
1
3740 138
1
3741 13
1
3742 59
1
3743 129
1
3744 82
1
3745 39
1
3746 261
1
3747 264
1
3748 66
0
1
3749 143
1
3750 65
1
3751 56
1
3752 62
1
3753 269
1
3754 85
1
3755 206
1
3756 14
1
3757 152
1
3758 288
1
3759 57
1
3760 133
1
3761 77
1
3762 23
1
3763 237
1
3764 86
1
3765 255
1
3766 243
1
3767 218
1
3768 146
1
3769 278
1
3770 252
1
3771 68
1
3772 136
1
3773 242
1
3774 33
1
3775 7
1
3776 187
1
3777 114
1
3778 9
1
3779 60
1
3780 230
1
3781 134
1
3782 285
1
3783 56
1
3784 4
1
3785 269
1
3786 91
1
3787 269
1
3788 283
1
3789 266
1
3790 269
1
3791 247
1
3792 84
1
3793 138
1
3794 159
1
3795 94
1
3796 118
1
3797 109
1
3798 220
1
3799 254
1
3800 283
1
3801 47
1
3802 84
1
3803 60
1
3804 160
1
3805 197
1
3806 271
1
3807 189
1
3808 269
1
3809 252
1
3810 149
1
3811 187
1
3812 271
1
3813 12
1
3814 35
1
3815 234
1
3816 136
1
3817 176
1
3818 118
1
3819 269
1
3820 210
1
3821 48
1
3822 133
1
3823 253
1
3824 84
1
3825 34
1
3826 142
1
3827 291
1
3828 236
1
3829 160
1
3830 266
1
3831 269
1
3832 178
1
3833 23
1
3834 132
1
3835 99
1
3836 157
1
3837 172
1
3838 238
1
3839 48
1
3840 289
1
3841 47
1
3842 291
1
3843 110
1
3844 246
1
3845 264
1
3846 94
1
3847 174
1
3848 215
1
3849 171
1
3850 289
1
3851 208
1
3852 59
1
3853 47
1
3854 83
1
3855 152
1
3856 260
0
1
3857 254
1
3858 63
1
3859 32
1
3860 227
1
3861 286
1
3862 28
1
3863 22
1
3864 275
1
3865 221
1
3866 153
1
3867 177
1
3868 47
1
3869 57
1
3870 144
1
3871 255
1
3872 206
0
1
3873 291
1
3874 78
1
3875 142
1
3876 10
1
3877 23
1
3878 82
1
3879 170
1
3880 147
1
3881 269
1
3882 252
1
3883 138
1
3884 279
1
3885 119
1
3886 159
1
3887 72
1
3888 185
1
3889 261
1
3890 43
1
3891 7
1
3892 207
1
3893 168
1
3894 247
1
3895 25
1
3896 219
1
3897 73
1
3898 269
1
3899 256
1
3900 3
0
1
3901 256
1
3902 22
1
3903 216
1
3904 165
1
3905 40
1
3906 124
1
3907 107
1
3908 5
1
3909 228
1
3910 166
1
3911 43
1
3912 47
1
3913 53
1
3914 30
1
3915 198
1
3916 93
1
3917 201
1
3918 60
1
3919 197
1
3920 255
1
3921 51
1
3922 246
1
3923 241
1
3924 286
1
3925 112
1
3926 47
1
3927 21
1
3928 76
1
3929 131
1
3930 85
1
3931 171
1
3932 164
1
3933 174
0
1
3934 257
1
3935 280
1
3936 290
1
3937 291
1
3938 93
1
3939 108
1
3940 196
1
3941 269
1
3942 41
1
3943 138
1
3944 249
1
3945 43
1
3946 145
1
3947 186
1
3948 261
1
3949 7
1
3950 118
1
3951 174
1
3952 193
1
3953 237
1
3954 167
1
3955 232
1
3956 6
1
3957 225
1
3958 78
1
3959 165
1
3960 267
1
3961 226
1
3962 249
1
3963 28
0
1
3964 67
1
3965 81
1
3966 172
1
3967 213
1
3968 149
1
3969 131
1
3970 76
1
3971 234
1
3972 155
1
3973 95
1
3974 250
1
3975 150
1
3976 17
1
3977 115
1
3978 281
1
3979 183
1
3980 243
1
3981 111
1
3982 104
1
3983 254
1
3984 85
1
3985 98
1
3986 59
1
3987 62
1
3988 268
1
3989 96
0
1
3990 293
0
1
3991 103
1
3992 28
1
3993 117
1
3994 201
1
3995 231
1
3996 99
1
3997 187
1
3998 264
1
3999 100
1
4000 69
1
4001 280
1
4002 159
1
4003 30
1
4004 269
1
4005 160
1
4006 10
1
4007 204
1
4008 103
1
4009 72
1
4010 288
1
4011 292
1
4012 279
1
4013 20
1
4014 79
1
4015 117
1
4016 258
1
4017 61
1
4018 283
0
1
4019 53
1
4020 265
1
4021 30
1
4022 244
1
4023 214
1
4024 25
1
4025 260
1
4026 168
1
4027 257
1
4028 84
1
4029 208
1
4030 276
1
4031 229
1
4032 290
1
4033 192
1
4034 286
1
4035 214
1
4036 180
1
4037 54
1
4038 180
1
4039 41
1
4040 213
1
4041 139
0
1
4042 80
1
4043 76
1
4044 206
1
4045 137
1
4046 245
1
4047 57
1
4048 154
1
4049 254
1
4050 43
1
4051 226
1
4052 128
1
4053 277
1
4054 258
1
4055 56
1
4056 25
1
4057 34
1
4058 181
1
4059 66
1
4060 194
1
4061 201
1
4062 179
1
4063 265
1
4064 127
1
4065 276
1
4066 108
1
4067 109
1
4068 239
1
4069 42
1
4070 171
1
4071 123
1
4072 219
1
4073 225
1
4074 101
1
4075 14
1
4076 96
1
4077 70
0
1
4078 153
1
4079 130
1
4080 204
1
4081 216
1
4082 157
1
4083 13
1
4084 274
1
4085 203
1
4086 104
1
4087 19
1
4088 223
1
4089 202
1
4090 239
1
4091 81
1
4092 223
1
4093 11
1
4094 177
1
4095 222
1
4096 53
1
4097 15
1
4098 139
1
4099 175
1
4100 101
1
4101 56
1
4102 288
1
4103 12
1
4104 136
1
4105 63
1
4106 159
1
4107 18
1
4108 95
1
4109 16
1
4110 126
1
4111 121
1
4112 86
1
4113 267
1
4114 26
1
4115 244
1
4116 165
1
4117 156
1
4118 58
1
4119 198
1
4120 228
1
4121 149
1
4122 219
1
4123 171
1
4124 254
1
4125 37
1
4126 122
1
4127 274
1
4128 56
1
4129 35
1
4130 248
1
4131 35
1
4132 105
1
4133 3
0
1
4134 251
1
4135 211
1
4136 223
1
4137 278
1
4138 204
1
4139 224
1
4140 111
1
4141 147
1
4142 151
1
4143 263
1
4144 54
1
4145 173
1
4146 34
1
4147 225
1
4148 199
1
4149 229
1
4150 49
1
4151 208
1
4152 193
1
4153 167
1
4154 30
1
4155 282
1
4156 248
1
4157 275
1
4158 200
1
4159 223
1
4160 139
1
4161 101
1
4162 54
1
4163 247
1
4164 124
1
4165 244
1
4166 276
1
4167 289
1
4168 217
1
4169 81
1
4170 62
1
4171 22
1
4172 112
1
4173 229
1
4174 275
1
4175 72
1
4176 214
1
4177 285
1
4178 90
1
4179 156
1
4180 206
1
4181 211
1
4182 32
1
4183 140
1
4184 63
1
4185 289
1
4186 59
1
4187 245
1
4188 223
1
4189 69
1
4190 31
1
4191 99
1
4192 242
1
4193 205
1
4194 101
1
4195 51
1
4196 186
1
4197 185
1
4198 262
1
4199 128
1
4200 28
1
4201 38
1
4202 61
1
4203 101
1
4204 92
1
4205 59
1
4206 102
1
4207 179
1
4208 157
1
4209 26
1
4210 28
1
4211 111
1
4212 28
1
4213 41
1
4214 30
1
4215 157
1
4216 128
1
4217 221
1
4218 223
1
4219 128
1
4220 223
1
4221 283
0
1
4222 237
1
4223 192
1
4224 94
1
4225 106
1
4226 193
1
4227 94
1
4228 101
1
4229 240
1
4230 276
1
4231 284
1
4232 59
1
4233 236
1
4234 254
1
4235 39
1
4236 142
1
4237 232
1
4238 69
1
4239 261
1
4240 125
1
4241 236
1
4242 81
1
4243 95
1
4244 220
1
4245 265
1
4246 116
1
4247 113
1
4248 101
1
4249 147
1
4250 61
1
4251 75
1
4252 42
1
4253 31
1
4254 279
1
4255 90
1
4256 289
1
4257 61
1
4258 79
1
4259 36
1
4260 187
1
4261 33
1
4262 199
1
4263 29
1
4264 264
1
4265 198
1
4266 102
1
4267 219
0
1
4268 63
1
4269 45
1
4270 195
1
4271 117
1
4272 132
1
4273 153
1
4274 157
1
4275 204
1
4276 131
1
4277 34
1
4278 47
1
4279 254
1
4280 47
1
4281 201
1
4282 96
1
4283 234
0
1
4284 268
1
4285 176
1
4286 172
1
4287 129
1
4288 138
1
4289 4
1
4290 172
1
4291 285
1
4292 105
1
4293 255
1
4294 85
1
4295 116
1
4296 100
1
4297 81
1
4298 112
1
4299 177
1
4300 168
1
4301 111
1
4302 67
1
4303 197
1
4304 51
1
4305 18
1
4306 99
1
4307 226
1
4308 164
1
4309 254
0
1
4310 253
1
4311 199
1
4312 150
0
1
4313 155
1
4314 62
1
4315 213
0
1
4316 19
0
1
4317 117
1
4318 41
1
4319 37
1
4320 143
1
4321 97
1
4322 150
1
4323 121
1
4324 177
1
4325 64
1
4326 189
1
4327 186
1
4328 274
1
4329 22
1
4330 240
1
4331 18
1
4332 36
0
1
4333 205
1
4334 286
0
1
4335 59
1
4336 266
1
4337 84
1
4338 4
1
4339 216
1
4340 82
0
1
4341 47
1
4342 59
1
4343 251
1
4344 102
1
4345 249
1
4346 236
1
4347 285
1
4348 211
0
1
4349 216
1
4350 197
1
4351 252
1
4352 252
1
4353 140
1
4354 46
1
4355 51
1
4356 35
1
4357 245
1
4358 110
1
4359 23
1
4360 251
1
4361 283
1
4362 155
1
4363 220
1
4364 216
1
4365 177
1
4366 103
0
1
4367 254
1
4368 9
1
4369 72
1
4370 16
1
4371 159
1
4372 105
1
4373 46
1
4374 187
1
4375 197
1
4376 233
1
4377 278
1
4378 90
1
4379 41
1
4380 165
1
4381 98
1
4382 171
1
4383 44
1
4384 277
1
4385 277
1
4386 224
1
4387 141
1
4388 14
1
4389 283
0
1
4390 245
1
4391 152
1
4392 204
1
4393 11
1
4394 275
1
4395 93
0
0
1
4396 221
1
4397 237
1
4398 132
1
4399 47
1
4400 134
1
4401 234
1
4402 83
1
4403 156
0
1
4404 4
0
1
4405 22
1
4406 121
1
4407 208
1
4408 100
1
4409 79
1
4410 8
1
4411 210
1
4412 129
0
1
4413 236
1
4414 163
1
4415 52
1
4416 157
1
4417 172
1
4418 264
1
4419 214
1
4420 116
1
4421 55
0
1
4422 216
1
4423 8
1
4424 20
0
0
1
4425 274
1
4426 35
1
4427 240
1
4428 233
1
4429 7
1
4430 161
1
4431 55
1
4432 286
1
4433 32
1
4434 246
1
4435 168
1
4436 120
1
4437 162
1
4438 22
1
4439 101
1
4440 189
1
4441 116
1
4442 66
1
4443 220
0
0
1
4444 230
1
4445 251
1
4446 161
0
0
1
4447 193
1
4448 204
1
4449 189
1
4450 49
1
4451 26
1
4452 129
1
4453 96
1
4454 120
1
4455 283
1
4456 58
1
4457 74
1
4458 113
0
0
1
4459 89
0
1
4460 96
0
1
4461 41
0
0
0
1
4462 259
1
4463 46
1
4464 89
0
1
4465 114
1
4466 133
1
4467 237
1
4468 103
1
4469 55
1
4470 128
1
4471 12
0
1
4472 11
1
4473 287
1
4474 194
1
4475 227
1
4476 230
0
1
4477 157
0
1
4478 128
1
4479 124
0
1
4480 283
1
4481 144
1
4482 199
1
4483 236
1
4484 220
0
1
4485 287
1
4486 23
1
4487 138
1
4488 103
1
4489 152
1
4490 170
0
1
4491 179
1
4492 251
1
4493 189
1
4494 158
1
4495 74
0
0
1
4496 37
1
4497 118
1
4498 5
1
4499 26
0
0
0
0
1
4500 285
0
1
4501 104
1
4502 221
1
4503 30
1
4504 9
1
4505 286
0
1
4506 149
0
0
0
1
4507 288
0
0
1
4508 224
1
4509 214
1
4510 238
1
4511 285
1
4512 196
1
4513 11
1
4514 225
0
0
0
0
1
4515 259
1
4516 90
1
4517 35
1
4518 231
1
4519 184
0
0
0
1
4520 219
1
4521 58
1
4522 281
1
4523 291
0
0
1
4524 91
1
4525 275
1
4526 62
1
4527 29
0
0
1
4528 125
1
4529 286
0
1
4530 80
1
4531 190
1
4532 61
0
1
4533 253
1
4534 117
1
4535 56
1
4536 287
1
4537 46
1
4538 288
1
4539 177
0
1
4540 291
0
0
0
1
4541 248
0
0
0
1
4542 64
0
1
4543 61
1
4544 79
0
1
4545 243
1
4546 170
1
4547 235
0
1
4548 149
1
4549 153
0
1
4550 280
1
4551 216
1
4552 61
1
4553 238
1
4554 27
1
4555 99
1
4556 234
1
4557 226
0
1
4558 241
1
4559 88
0
0
1
4560 147
1
4561 214
1
4562 16
1
4563 171
1
4564 264
0
0
0
1
4565 68
1
4566 172
1
4567 51
0
1
4568 228
1
4569 156
1
4570 172
1
4571 183
1
4572 63
1
4573 274
1
4574 248
1
4575 230
1
4576 228
1
4577 196
0
1
4578 52
0
0
0
0
0
1
4579 153
1
4580 21
0
1
4581 174
0
1
4582 194
1
4583 5
1
4584 2
0
1
4585 39
0
1
4586 86
1
4587 165
0
0
0
1
4588 217
1
4589 47
1
4590 45
1
4591 284
1
4592 269
1
4593 236
0
1
4594 173
1
4595 229
1
4596 232
1
4597 188
0
1
4598 32
0
1
4599 190
1
4600 45
0
1
4601 82
1
4602 230
0
1
4603 86
1
4604 222
0
1
4605 231
1
4606 285
1
4607 48
0
0
0
1
4608 52
1
4609 47
1
4610 190
0
1
4611 133
0
0
1
4612 232
1
4613 207
1
4614 81
0
0
0
0
0
1
4615 104
0
0
0
0
0
0
0
1
4616 15
1
4617 167
1
4618 216
1
4619 245
1
4620 184
0
0
0
1
4621 88
1
4622 252
1
4623 184
0
0
1
4624 15
0
1
4625 196
0
0
0
0
0
0
0
1
4626 159
0
0
1
4627 242
1
4628 14
0
1
4629 229
1
4630 227
0
1
4631 175
1
4632 91
0
0
0
1
4633 127
1
4634 73
1
4635 237
0
1
4636 230
0
1
4637 70
1
4638 190
0
1
4639 179
0
0
0
1
4640 50
0
0
1
4641 94
0
0
0
0
1
4642 46
0
0
0
0
0
1
4643 154
1
4644 159
0
0
0
1
4645 96
0
1
4646 237
1
4647 111
0
1
4648 22
0
1
4649 152
0
0
0
0
0
1
4650 219
0
0
0
1
4651 185
0
0
1
4652 81
1
4653 233
0
1
4654 64
0
1
4655 78
0
1
4656 84
0
0
0
0
1
4657 143
0
1
4658 196
0
0
0
0
0
1
4659 72
0
0
1
4660 223
1
4661 29
1
4662 224
0
0
0
0
0
1
4663 19
0
1
4664 140
0
0
0
1
4665 56
1
4666 50
1
4667 91
0
0
0
0
0
0
1
4668 212
1
4669 11
1
4670 96
1
4671 257
0
0
0
1
4672 169
0
0
1
4673 19
1
4674 22
1
4675 147
0
0
0
0
0
0
0
0
1
4676 6
1
4677 184
0
0
0
1
4678 219
1
4679 34
0
0
1
4680 3
0
1
4681 88
1
4682 20
0
0
0
1
4683 268
1
4684 147
1
4685 280
0
0
1
4686 73
1
4687 92
1
4688 270
1
4689 108
1
4690 138
1
4691 238
0
0
0
0
1
4692 11
0
1
4693 158
0
0
0
1
4694 287
0
0
0
0
0
0
1
4695 101
0
1
4696 159
1
4697 206
0
1
4698 240
1
4699 188
0
0
0
0
1
4700 268
0
1
4701 226
1
4702 44
1
4703 178
0
0
1
4704 72
1
4705 202
0
1
4706 196
1
4707 47
0
1
4708 140
1
4709 121
0
0
0
1
4710 246
0
0
1
4711 96
0
0
0
1
4712 234
0
0
0
1
4713 155
1
4714 248
0
0
1
4715 51
0
0
0
0
0
0
0
1
4716 10
1
4717 286
0
0
1
4718 198
0
0
1
4719 175
1
4720 266
0
1
4721 209
0
0
1
4722 253
0
0
0
1
4723 166
0
0
0
0
0
0
0
1
4724 226
1
4725 73
0
0
1
4726 18
0
0
0
1
4727 172
0
0
0
1
4728 245
1
4729 7
0
0
0
0
0
0
1
4730 85
0
0
0
0
0
0
0
1
4731 170
1
4732 137
1
4733 271
0
0
0
0
0
0
0
1
4734 87
0
0
0
0
0
0
1
4735 62
0
0
0
1
4736 170
0
0
1
4737 84
1
4738 261
0
0
0
0
0
0
1
4739 201
0
0
0
0
0
0
0
1
4740 282
0
0
0
0
0
0
0
0
0
0
0
0
0
0
0
0
0
0
0
0
1
4741 190
1
4742 31
0
1
4743 123
1
4744 84
1
4745 279
0
0
0
1
4746 238
0
0
1
4747 248
0
0
0
0
1
4748 35
0
1
4749 255
0
0
0
0
0
0
0
0
0
1
4750 16
0
1
4751 285
0
0
0
0
0
0
0
1
4752 233
0
0
0
0
0
0
1
4753 243
0
0
1
4754 244
0
0
1
4755 31
1
4756 28
0
0
0
0
0
0
0
0
0
0
0
0
0
0
0
0
0
0
0
0
0
0
0
0
0
0
0
0
0
0
0
0
0
0
0
0
0
0
0
0
1
4757 42
0
0
0
0
1
4758 208
0
0
0
0
1
4759 3
0
0
0
0
0
0
0
0
0
0
0
0
0
0
0
0
0
0
1
4760 234
0
0
0
0
0
0
0
0
0
0
0
0
0
0
0
0
0
0
0
0
0
0
0
0
0
0
0
0
0
0
0
0
0
0
0
0
0
0
0
0
1
4761 231
0
0
0
0
0
0
0
0
0
0
0
0
0
0
0
0
0
0
0
0
0
0
0
0
0
0
0
0
0
0
0
0
0
0
0
0
0
0
0
0
0
0
0
0
0
0
0
0
0
0
0
0
0
0
0
0
0
0
0
0
0
0
0
0
0
0
0
0
0
0
0
0
0
0
0
0
0
0
0
0
0
0
0
0
0
0
0
0
0
0
0
0
0
0
0
0
0
0
0
0
0
0
0
0
0
0
0
0
0
0
0
0
0
0
0
0
0
0
0
0
0
0
0
0
0
0
0
0
0
0
0
0
0
0
0
0
0
0
0
0
0
0
0
0
0
0
0
0
0
0
0
0
0
0
0
0
0
0
0
0
0
0
0
0
0
0
0
0
0
0
0
0
0
0
0
0
0
0
0
0
0
0
0
0
0
0
0
0
0
0
0
0
0
0
0
0
0
0
0
0
0
0
0
0
0
0
0
0
0
0
0
0
0
0
0
0
0
0
0
0
0
0
0
0
0
0
0
0
0
0
0
0
0
0
0
0
0
0
0
0
0
0
0
0
0
0
0
0
0
0
0
0
0
0
0
0
0
0
0
0
0
0
0
0
0
0
0
0
0
0
0
0
0
0
0
0
0
0
0
0
0
0
0
0
0
0
0
0
0
0
0
0
0
0
0
0
0
0
0
0
0
0
0
0
0
0
0
0
0
0
0
0
0
0
0
0
0
0
0
0
0
0
0
0
0
0
0
0
0
0
0
0
0
0
0
0
0
0
0
0
0
0
0
0
0
0
0
0
0
0
0
0
0
0
0
0
0
0
0
0
0
0
0
0
0
0
0
0
0
0
0
0
0
0
0
0
0
0
0
0
0
0
0
0
0
0
0
0
0
0
0
0
0
0
0
0
0
0
0
0
0
0
0
0
0
0
0
0
0
0
0
0
0
0
0
0
0
0
0
0
0
0
0
0
0
0
0
0
0
0
0
0
0
0
0
0
0
0
0
0
0
0
0
0
0
0
0
0
0
0
0
0
0
0
0
0
0
0
0
0
0
0
0
0
0
0
0
0
0
0
0
0
0
0
0
0
0
0
0
0
0
0
0
0
0
0
0
0
0
0
0
0
0
0
0
0
0
0
0
0
0
0
0
0
0
0
0
0
0
0
0
0
0
0
0
0
0
0
0
0
0
0
0
0
0
0
0
0
0
0
0
0
0
0
0
0
0
0
0
0
0
0
0
0
0
0
0
0
0
0
0
0
0
0
0
0
0
0
