249 472
115 200 3
182 191 3
143 80 3
167 94 2
111 40 5
198 238 3
107 175 3
166 120 4
149 39 3
227 198 3
138 164 4
155 56 5
116 69 5
234 172 3
226 99 3
63 209 4
122 134 3
193 102 4
178 161 3
204 132 4
185 128 3
232 28 4
22 169 3
39 55 2
8 157 2
15 126 3
166 193 2
246 54 2
146 126 3
131 169 2
13 21 2
169 237 4
43 16 2
88 168 3
26 94 2
91 245 1
111 29 3
160 190 2
141 214 3
33 67 3
118 129 4
37 219 1
210 93 1
117 140 4
46 102 4
44 76 3
43 133 2
195 187 1
211 57 3
216 151 3
177 113 3
5 49 3
161 127 4
8 2 3
201 73 5
134 32 4
53 47 1
62 100 3
64 152 4
48 249 4
149 150 3
221 17 3
215 164 3
228 107 3
8 248 2
49 61 3
207 184 3
133 208 4
55 180 2
237 192 2
114 60 2
113 46 5
219 89 4
20 187 3
33 42 4
45 93 2
109 48 3
173 170 3
223 241 5
236 144 3
89 37 2
132 230 3
163 20 4
125 166 3
14 180 3
130 201 4
133 148 3
11 25 3
50 207 3
68 209 2
215 213 2
140 40 3
50 143 2
3 105 4
32 69 3
167 103 5
8 226 4
172 82 3
175 78 4
135 6 4
4 188 2
71 164 3
32 82 3
15 5 3
148 135 3
195 225 3
119 169 3
178 244 3
108 242 5
77 51 4
59 109 1
28 223 4
28 148 4
10 80 3
157 42 3
46 57 3
170 244 3
225 168 3
82 147 3
114 48 3
127 231 3
37 81 5
76 9 3
118 51 3
235 233 4
202 1 3
76 190 4
247 245 2
53 206 3
73 84 4
138 125 3
101 122 2
212 3 3
14 205 5
23 181 2
203 61 3
135 28 3
71 100 2
112 109 2
204 159 2
156 35 3
5 126 4
124 12 2
171 226 3
62 53 5
171 174 2
48 60 4
41 62 2
74 242 4
50 139 3
125 108 3
12 218 3
106 45 3
61 34 3
212 183 3
194 145 5
46 242 3
87 156 3
199 220 3
220 10 4
26 58 3
96 173 4
233 134 3
18 239 4
83 38 4
56 156 4
158 245 4
110 45 1
149 55 2
236 9 3
83 230 4
162 235 5
105 125 5
248 103 3
216 122 3
249 59 3
41 36 3
196 136 2
191 39 3
108 193 4
24 3 3
129 111 2
249 60 3
29 240 4
157 121 3
229 107 2
19 154 4
141 85 4
211 121 4
209 197 3
13 121 3
34 146 2
163 96 3
229 154 4
212 197 3
243 118 2
98 205 3
200 70 3
1 24 3
183 101 4
21 224 3
72 35 3
52 68 4
86 44 3
143 31 2
73 66 5
204 230 3
242 117 3
186 96 5
115 221 5
82 151 4
199 87 3
86 127 3
186 27 4
6 232 4
108 117 3
74 57 2
217 63 3
167 99 2
89 73 3
18 154 4
216 227 4
190 102 3
79 214 2
176 149 5
100 132 4
5 146 4
16 241 4
36 71 3
140 10 4
117 113 2
80 40 5
159 16 2
142 101 5
79 126 4
189 145 3
31 139 3
90 201 4
206 137 4
210 106 3
60 104 2
136 205 4
184 17 4
22 196 3
209 183 2
23 151 3
199 31 3
87 72 3
63 227 3
225 7 4
137 185 3
171 218 3
145 67 2
219 65 2
72 189 3
2 21 3
26 104 2
136 98 2
194 103 3
30 9 2
25 133 2
153 110 2
29 40 3
111 118 3
21 199 3
173 185 3
54 47 4
222 176 4
72 67 4
25 83 3
79 200 4
238 101 3
144 160 3
86 120 3
156 95 4
95 19 3
49 97 4
241 246 5
110 154 5
18 78 6
29 129 2
24 177 2
195 7 3
65 66 3
144 102 3
136 158 3
44 161 3
81 222 3
92 52 4
217 23 2
80 50 5
112 48 4
135 208 5
77 64 2
23 63 4
155 19 3
181 217 2
59 168 6
195 12 3
184 70 2
215 52 3
191 240 3
221 70 3
207 17 2
64 182 3
227 183 3
244 161 4
228 97 3
178 173 3
147 172 5
71 215 3
158 116 3
141 222 4
153 61 5
181 151 2
207 221 4
13 224 2
197 68 2
247 131 3
237 84 2
24 165 2
75 225 4
62 128 2
184 115 3
56 19 2
34 49 3
162 196 4
86 41 3
163 186 4
99 218 2
38 123 5
75 187 4
68 202 3
69 233 3
241 47 3
224 211 2
178 186 3
124 30 3
220 224 5
56 35 3
94 249 3
56 189 3
90 91 6
64 51 3
74 10 3
120 164 4
213 92 2
85 188 2
123 25 3
50 17 2
99 104 3
41 128 2
246 53 4
162 134 5
85 4 3
124 187 2
2 157 4
77 182 4
30 174 4
112 59 2
38 132 3
198 122 2
36 100 1
118 165 4
7 12 3
105 138 3
88 109 3
206 54 3
148 223 3
106 139 5
4 149 3
177 165 2
22 247 3
22 158 3
76 27 4
11 208 3
167 58 3
42 248 4
228 78 3
200 188 3
219 81 3
49 146 3
32 216 5
160 236 4
97 203 3
84 131 3
212 142 4
70 240 3
176 85 5
64 243 2
171 124 4
3 202 5
174 236 2
150 176 3
142 238 3
1 105 3
130 247 4
170 137 4
213 52 3
157 248 3
55 150 4
13 211 2
230 16 3
8 121 4
237 119 3
114 58 2
104 94 3
9 160 2
92 209 3
205 152 3
143 139 2
244 185 3
35 87 3
188 240 3
9 174 3
187 7 2
98 238 5
14 119 2
84 66 3
180 152 3
36 128 3
179 234 5
231 120 3
42 103 3
192 119 3
150 65 5
123 172 4
163 75 4
159 47 3
34 203 3
189 155 3
66 89 2
30 27 4
4 191 4
217 92 3
14 192 2
131 237 4
20 225 3
43 223 3
175 239 3
202 197 2
43 83 2
123 179 3
101 198 2
116 235 4
243 77 1
153 210 2
15 214 5
194 33 4
180 39 3
181 38 3
26 60 2
93 110 2
110 106 2
129 51 2
58 104 2
31 95 5
11 179 4
210 45 2
112 88 5
148 232 4
166 138 2
93 153 2
37 65 2
107 203 3
130 91 3
243 165 3
239 229 5
94 218 2
117 74 3
234 147 4
44 231 3
10000
0
0
0
0
0
0
0
0
0
0
0
0
0
0
0
0
0
0
0
0
0
0
0
0
0
0
0
0
0
0
0
0
0
0
0
0
0
0
0
0
0
0
0
0
0
0
0
0
0
0
0
0
0
0
0
0
0
0
0
0
0
0
0
0
0
0
0
1
1 184
0
0
0
0
0
0
0
0
0
0
0
0
0
0
0
0
0
0
1
2 48
0
0
0
0
0
0
0
0
1
3 206
0
0
0
0
0
0
0
0
0
0
0
0
0
0
0
1
4 230
0
0
0
0
0
0
0
0
0
1
5 75
0
0
0
0
0
0
0
0
0
0
0
0
0
0
0
0
0
0
0
0
0
0
0
0
0
0
0
0
0
0
1
6 109
0
0
0
0
0
0
0
0
0
0
0
0
0
0
0
0
0
0
0
0
0
0
0
0
0
0
0
0
0
0
0
0
0
0
0
0
0
0
0
0
0
0
0
0
0
0
0
0
0
0
0
0
0
0
0
0
0
0
0
1
7 98
0
1
8 171
0
0
0
0
0
1
9 167
0
0
0
0
1
10 182
0
0
0
0
0
0
0
0
0
0
0
0
0
0
0
0
0
0
0
0
0
0
0
0
0
1
11 12
0
0
0
0
0
0
0
0
0
0
0
0
0
0
0
0
0
0
0
0
0
0
0
0
0
0
0
0
0
0
1
12 116
0
0
0
0
0
1
13 174
0
0
1
14 28
0
0
1
15 12
0
0
0
0
0
0
0
0
0
0
0
0
0
0
0
0
1
16 53
1
17 173
0
0
0
0
0
0
0
0
0
0
0
0
0
0
0
0
0
0
0
0
0
0
0
0
1
18 109
0
0
0
0
0
0
1
19 175
0
0
0
0
0
1
20 27
0
0
0
0
0
0
0
0
0
0
0
0
0
0
0
0
0
0
0
0
0
0
0
0
1
21 222
0
0
0
0
1
22 209
0
0
0
0
0
0
0
0
0
0
0
0
0
1
23 245
1
24 132
0
0
0
0
0
0
0
0
1
25 63
0
0
0
0
0
1
26 14
0
0
0
1
27 110
0
0
0
0
0
0
0
0
0
0
0
0
0
0
0
0
0
0
0
0
1
28 60
0
0
0
0
0
0
0
0
0
0
0
0
0
1
29 34
0
0
0
0
1
30 130
0
0
0
0
0
0
0
0
0
0
0
0
0
1
31 118
0
0
0
0
1
32 223
0
0
0
1
33 9
0
0
0
0
0
0
0
0
0
0
0
1
34 204
0
0
0
0
0
1
35 233
1
36 34
1
37 9
0
1
38 78
0
0
1
39 158
0
0
0
0
0
0
0
0
0
0
0
0
0
0
0
0
0
0
0
0
0
0
0
1
40 155
0
0
0
0
0
0
1
41 57
0
0
0
0
1
42 124
0
1
43 40
0
0
0
0
1
44 248
0
0
0
0
0
0
1
45 145
0
0
0
0
0
0
0
0
0
0
1
46 7
0
0
1
47 38
0
1
48 43
0
0
1
49 164
0
0
0
0
0
1
50 192
0
0
0
0
0
1
51 185
0
0
0
0
0
0
0
0
0
1
52 2
1
53 82
0
1
54 66
0
0
0
0
0
0
0
0
0
0
0
0
0
1
55 147
1
56 148
1
57 104
0
1
58 178
0
1
59 43
0
0
0
0
1
60 62
0
0
0
0
0
1
61 160
0
0
0
0
0
0
1
62 203
0
0
1
63 89
0
1
64 68
0
0
0
0
0
0
0
0
0
0
0
1
65 92
1
66 187
0
0
0
0
0
0
0
1
67 57
0
1
68 50
0
1
69 185
0
0
1
70 210
0
0
0
0
0
0
0
0
0
0
0
1
71 172
1
72 109
0
0
0
0
0
0
0
1
73 3
0
1
74 216
0
0
0
0
0
0
1
75 52
0
1
76 245
0
0
1
77 14
0
0
0
0
0
1
78 164
0
0
0
1
79 196
0
0
0
0
0
0
1
80 89
0
0
0
1
81 62
0
0
0
0
1
82 68
0
0
0
0
0
0
0
0
0
0
0
0
0
0
0
0
0
0
0
0
0
0
0
0
0
0
1
83 61
0
0
1
84 23
0
0
1
85 12
0
0
1
86 115
0
0
0
0
0
0
0
1
87 127
0
0
0
1
88 30
1
89 44
1
90 135
1
91 80
0
0
0
0
0
0
1
92 3
0
1
93 36
0
1
94 248
0
0
0
0
1
95 107
0
0
0
0
1
96 115
0
0
0
0
0
0
0
0
1
97 241
1
98 42
0
0
0
0
1
99 59
1
100 202
0
0
0
0
0
1
101 192
0
1
102 158
1
103 237
1
104 29
0
0
1
105 37
0
0
0
0
1
106 150
1
107 207
1
108 38
0
0
0
1
109 52
0
1
110 215
0
0
1
111 209
0
1
112 48
0
0
1
113 153
0
0
0
1
114 48
0
0
1
115 83
0
1
116 169
1
117 209
1
118 4
0
0
0
0
0
0
0
0
0
0
1
119 59
0
0
0
0
0
0
0
1
120 171
0
0
0
0
0
1
121 18
0
0
1
122 230
0
0
0
0
0
0
0
0
0
1
123 102
0
1
124 62
1
125 76
0
0
0
0
0
1
126 128
0
1
127 158
0
0
0
0
1
128 214
1
129 67
1
130 53
0
0
1
131 8
0
1
132 142
0
0
0
1
133 25
0
1
134 161
0
0
0
0
0
0
0
0
1
135 114
1
136 210
1
137 70
0
0
1
138 15
1
139 160
1
140 175
0
0
0
0
0
1
141 71
1
142 13
1
143 20
0
0
0
0
0
0
1
144 196
0
0
0
0
1
145 94
1
146 56
0
1
147 50
1
148 171
0
0
0
1
149 105
0
1
150 72
1
151 215
0
0
0
0
0
0
0
0
0
0
0
0
0
1
152 38
0
0
0
1
153 100
0
1
154 76
1
155 112
0
0
1
156 148
0
0
0
0
1
157 185
0
1
158 234
0
1
159 230
0
0
0
0
0
1
160 70
0
1
161 214
1
162 230
0
0
1
163 122
0
0
0
0
0
0
0
0
0
0
1
164 131
0
1
165 58
0
0
0
1
166 249
0
0
0
0
0
1
167 165
1
168 185
0
0
0
1
169 183
0
1
170 95
1
171 179
0
0
0
0
0
0
0
1
172 221
0
0
0
0
0
0
1
173 209
1
174 38
0
0
0
0
0
0
0
1
175 240
1
176 59
1
177 247
1
178 169
1
179 81
0
1
180 65
0
0
0
1
181 224
0
0
0
0
0
0
0
1
182 114
1
183 222
0
0
0
0
0
0
1
184 25
0
1
185 5
0
0
0
0
0
1
186 94
1
187 73
0
1
188 201
1
189 213
0
1
190 2
0
0
1
191 163
0
1
192 204
1
193 112
1
194 173
0
1
195 114
0
0
1
196 247
0
0
0
0
1
197 196
1
198 106
0
0
0
1
199 210
0
1
200 135
0
1
201 213
1
202 65
1
203 11
1
204 67
0
1
205 131
0
0
0
1
206 142
0
0
1
207 196
1
208 243
1
209 133
0
0
1
210 16
0
0
0
0
0
0
0
0
1
211 14
0
0
0
1
212 158
0
0
1
213 5
1
214 118
0
0
0
0
1
215 30
1
216 109
1
217 42
0
1
218 125
0
0
0
1
219 158
0
1
220 120
0
0
0
1
221 122
0
0
0
0
0
0
0
0
1
222 143
0
0
0
1
223 127
1
224 204
0
1
225 172
1
226 50
0
1
227 234
0
0
1
228 191
0
0
0
0
0
1
229 214
0
0
0
1
230 10
0
0
0
0
1
231 167
1
232 92
1
233 56
1
234 124
0
1
235 203
1
236 224
1
237 186
0
1
238 206
0
0
1
239 96
0
0
0
0
0
0
1
240 116
0
0
0
0
1
241 36
0
0
1
242 146
0
0
0
1
243 132
0
0
0
0
0
0
0
1
244 50
1
245 248
1
246 34
1
247 56
0
0
0
0
0
1
248 155
0
0
1
249 129
0
0
0
1
250 194
1
251 237
1
252 72
1
253 137
0
1
254 20
0
0
1
255 40
0
0
0
0
0
1
256 128
0
0
0
0
1
257 58
0
1
258 49
1
259 159
1
260 58
0
1
261 8
1
262 171
0
1
263 111
1
264 207
0
0
1
265 230
1
266 234
0
0
0
0
0
0
0
0
0
0
1
267 126
0
1
268 32
0
0
1
269 229
1
270 60
0
0
0
1
271 116
0
1
272 141
1
273 199
1
274 126
1
275 52
0
1
276 247
1
277 161
1
278 203
0
1
279 105
0
1
280 136
1
281 247
0
1
282 237
0
1
283 126
0
1
284 221
1
285 74
1
286 125
1
287 123
1
288 224
0
0
0
0
0
0
0
0
0
1
289 204
0
1
290 89
0
0
0
1
291 112
1
292 23
1
293 52
0
0
1
294 51
1
295 78
0
1
296 208
0
1
297 82
0
1
298 222
0
0
1
299 249
0
1
300 67
0
0
1
301 98
0
0
1
302 174
0
1
303 28
0
0
0
1
304 94
1
305 130
0
0
0
1
306 238
0
0
1
307 91
1
308 9
0
1
309 66
1
310 248
0
0
0
1
311 55
1
312 184
0
0
0
1
313 192
1
314 8
1
315 29
0
1
316 124
0
0
0
0
1
317 24
0
0
0
0
1
318 209
1
319 31
1
320 212
1
321 23
1
322 149
0
1
323 132
1
324 238
1
325 171
0
0
0
1
326 67
0
0
0
1
327 72
0
0
0
0
0
0
0
1
328 243
0
1
329 44
1
330 85
1
331 237
0
1
332 105
0
0
1
333 89
0
0
0
1
334 23
1
335 206
0
0
0
0
0
1
336 89
0
1
337 181
1
338 186
1
339 246
1
340 61
0
1
341 27
0
0
0
1
342 132
0
0
0
1
343 106
1
344 161
1
345 30
1
346 72
0
1
347 27
0
0
1
348 191
1
349 65
0
1
350 43
1
351 233
1
352 103
1
353 84
1
354 9
0
1
355 40
0
0
0
0
1
356 246
1
357 170
1
358 233
0
1
359 4
1
360 71
1
361 233
1
362 140
1
363 143
1
364 136
0
1
365 9
1
366 3
1
367 192
1
368 120
0
0
0
0
1
369 77
1
370 130
0
0
0
0
0
0
0
1
371 197
0
0
0
1
372 166
0
0
1
373 43
1
374 178
0
1
375 22
0
1
376 22
0
0
1
377 9
0
0
1
378 51
1
379 23
1
380 196
1
381 214
0
1
382 141
1
383 113
0
1
384 94
1
385 173
1
386 191
0
0
1
387 162
1
388 4
0
0
1
389 142
1
390 173
0
0
0
0
0
0
1
391 87
1
392 102
1
393 128
1
394 102
1
395 245
1
396 52
0
0
0
0
0
0
0
0
1
397 144
1
398 198
0
1
399 98
0
0
0
0
0
0
0
1
400 224
0
1
401 220
1
402 233
0
1
403 164
0
0
1
404 23
1
405 129
1
406 213
1
407 111
1
408 123
1
409 109
1
410 132
0
1
411 134
0
0
1
412 165
1
413 158
1
414 119
0
0
0
1
415 80
1
416 187
0
0
1
417 209
1
418 11
1
419 235
1
420 86
0
1
421 48
0
0
0
0
1
422 179
0
0
0
1
423 198
1
424 174
1
425 163
1
426 203
1
427 227
1
428 203
1
429 12
1
430 161
0
1
431 214
1
432 92
0
1
433 41
0
0
0
0
1
434 171
1
435 109
1
436 152
1
437 81
1
438 236
1
439 13
1
440 10
1
441 42
0
0
0
1
442 196
0
1
443 245
1
444 187
1
445 240
0
1
446 118
1
447 246
1
448 138
0
0
1
449 155
0
1
450 197
0
0
1
451 54
1
452 51
0
1
453 132
1
454 125
1
455 163
1
456 202
0
0
1
457 222
1
458 227
1
459 78
1
460 226
1
461 220
1
462 173
1
463 221
1
464 75
0
0
1
465 92
1
466 70
0
0
0
0
0
1
467 183
0
1
468 213
0
1
469 75
0
1
470 12
1
471 85
1
472 198
0
0
0
1
473 127
1
474 108
1
475 220
1
476 179
1
477 15
0
0
1
478 97
1
479 113
1
480 193
1
481 43
0
1
482 162
1
483 109
0
0
0
1
484 227
0
1
485 118
0
0
1
486 116
1
487 235
0
0
0
0
1
488 36
0
1
489 200
1
490 157
1
491 212
1
492 118
1
493 92
1
494 215
1
495 155
0
1
496 211
0
0
1
497 222
0
1
498 71
1
499 72
0
1
500 225
0
1
501 31
1
502 14
0
0
0
1
503 236
1
504 101
0
0
1
505 175
1
506 66
1
507 27
0
0
1
508 191
0
1
509 181
1
510 178
1
511 196
1
512 60
1
513 46
1
514 212
1
515 48
1
516 200
1
517 233
1
518 196
0
0
1
519 79
0
1
520 5
0
1
521 184
1
522 191
0
1
523 237
0
0
1
524 28
1
525 111
1
526 160
1
527 125
0
0
0
0
0
0
0
1
528 245
1
529 36
0
1
530 162
1
531 188
1
532 4
1
533 227
1
534 208
0
1
535 156
1
536 169
0
1
537 167
0
0
1
538 51
0
1
539 248
1
540 166
1
541 71
0
1
542 98
1
543 203
1
544 105
1
545 63
1
546 59
1
547 206
1
548 27
0
1
549 104
0
1
550 89
0
1
551 246
1
552 9
1
553 215
0
1
554 61
0
1
555 93
1
556 80
0
1
557 103
1
558 133
1
559 153
0
1
560 84
1
561 127
1
562 190
1
563 212
1
564 189
0
0
0
1
565 114
0
0
0
1
566 183
1
567 43
0
0
0
1
568 41
0
0
1
569 42
0
0
1
570 108
0
0
1
571 147
1
572 123
1
573 141
1
574 66
1
575 176
1
576 166
1
577 56
1
578 176
1
579 12
1
580 193
1
581 199
0
1
582 173
1
583 143
1
584 243
1
585 91
1
586 217
0
0
1
587 39
1
588 231
1
589 159
1
590 47
0
1
591 245
1
592 188
0
1
593 181
1
594 51
1
595 141
0
1
596 187
0
0
1
597 149
1
598 128
1
599 15
1
600 104
0
1
601 12
0
1
602 209
0
1
603 161
0
1
604 230
1
605 48
0
0
1
606 115
1
607 196
0
1
608 122
1
609 134
1
610 18
1
611 63
1
612 90
0
0
0
1
613 144
1
614 16
0
1
615 54
1
616 205
0
0
1
617 134
1
618 246
1
619 52
0
0
1
620 130
1
621 38
0
1
622 75
0
1
623 200
1
624 81
0
1
625 193
1
626 71
1
627 160
1
628 92
0
0
1
629 150
1
630 232
1
631 174
0
1
632 203
0
1
633 183
1
634 143
0
1
635 179
1
636 29
1
637 173
1
638 164
0
1
639 43
1
640 176
0
1
641 32
1
642 120
1
643 43
1
644 88
1
645 31
0
0
1
646 113
1
647 181
0
1
648 92
0
1
649 208
0
1
650 101
0
1
651 9
1
652 249
1
653 239
1
654 154
0
1
655 23
1
656 181
1
657 144
1
658 66
0
1
659 239
1
660 51
0
1
661 221
1
662 237
1
663 22
0
0
1
664 54
1
665 106
1
666 54
1
667 128
1
668 237
0
0
0
1
669 83
1
670 54
1
671 164
1
672 120
0
0
1
673 54
1
674 237
1
675 23
1
676 242
1
677 118
1
678 96
0
1
679 228
1
680 46
1
681 163
0
1
682 114
1
683 162
1
684 195
1
685 183
0
0
0
0
0
1
686 48
1
687 174
1
688 52
1
689 215
1
690 206
1
691 239
1
692 60
1
693 64
1
694 3
1
695 99
0
1
696 45
1
697 112
1
698 89
1
699 35
1
700 58
1
701 79
1
702 9
0
0
0
1
703 92
1
704 78
0
1
705 138
1
706 242
1
707 168
1
708 138
0
0
0
1
709 30
0
0
0
0
0
0
0
1
710 30
1
711 190
1
712 216
1
713 165
1
714 27
1
715 21
1
716 48
1
717 203
1
718 101
1
719 63
0
1
720 71
0
0
1
721 33
0
1
722 188
1
723 175
1
724 91
1
725 118
1
726 19
1
727 151
0
1
728 217
0
1
729 93
1
730 161
1
731 71
1
732 151
1
733 221
1
734 187
1
735 126
1
736 26
1
737 83
1
738 146
1
739 41
0
0
1
740 38
1
741 177
1
742 139
1
743 221
1
744 43
1
745 236
0
1
746 191
1
747 213
0
0
0
1
748 209
0
0
1
749 103
0
1
750 196
0
1
751 81
1
752 183
1
753 242
0
0
0
1
754 82
0
0
1
755 164
1
756 231
0
0
0
1
757 76
1
758 50
1
759 234
1
760 125
1
761 71
1
762 105
0
0
1
763 33
1
764 118
1
765 188
1
766 184
1
767 204
1
768 246
1
769 132
1
770 133
0
1
771 127
1
772 118
1
773 204
1
774 155
1
775 169
1
776 82
1
777 249
0
1
778 79
1
779 182
1
780 7
0
0
1
781 72
1
782 215
0
0
0
1
783 208
1
784 125
1
785 109
1
786 117
1
787 94
0
0
1
788 131
1
789 172
1
790 239
1
791 190
1
792 71
1
793 62
0
1
794 104
1
795 136
0
0
1
796 227
1
797 240
0
1
798 44
1
799 187
1
800 132
1
801 46
1
802 75
1
803 86
0
1
804 244
1
805 80
0
0
1
806 22
1
807 97
1
808 38
0
0
1
809 139
0
0
0
1
810 96
1
811 24
0
1
812 204
0
1
813 225
0
0
1
814 107
1
815 219
1
816 86
1
817 194
1
818 137
1
819 177
0
0
0
1
820 195
1
821 124
1
822 143
1
823 167
1
824 185
0
1
825 86
1
826 71
1
827 19
1
828 65
1
829 131
1
830 69
1
831 8
0
1
832 148
1
833 127
1
834 147
1
835 181
1
836 7
1
837 162
1
838 153
1
839 206
1
840 70
1
841 187
1
842 138
1
843 230
1
844 226
1
845 132
0
1
846 162
1
847 125
1
848 75
1
849 232
1
850 158
1
851 99
1
852 214
1
853 230
0
1
854 188
1
855 143
0
1
856 39
1
857 171
1
858 72
0
1
859 177
1
860 111
1
861 43
1
862 83
1
863 86
1
864 244
1
865 138
1
866 185
1
867 167
1
868 223
1
869 205
0
1
870 18
1
871 19
1
872 11
1
873 211
1
874 172
0
1
875 105
0
1
876 113
1
877 97
1
878 156
0
0
1
879 126
1
880 159
1
881 44
1
882 98
1
883 79
1
884 22
1
885 108
0
0
0
1
886 82
1
887 232
1
888 8
1
889 86
1
890 132
1
891 23
1
892 60
0
1
893 189
0
1
894 7
1
895 228
1
896 234
1
897 88
1
898 162
1
899 137
0
1
900 95
1
901 36
1
902 8
1
903 69
1
904 153
1
905 92
1
906 194
0
1
907 175
1
908 42
0
1
909 51
1
910 164
1
911 58
0
1
912 155
0
1
913 68
1
914 247
1
915 111
1
916 63
0
0
1
917 20
0
1
918 40
1
919 22
0
1
920 125
0
0
1
921 182
1
922 73
1
923 238
0
1
924 172
1
925 202
1
926 196
1
927 36
1
928 38
1
929 213
1
930 214
1
931 43
1
932 10
0
1
933 100
1
934 43
0
1
935 174
1
936 99
0
1
937 23
1
938 39
1
939 80
1
940 106
1
941 168
1
942 5
0
1
943 192
1
944 182
1
945 197
1
946 105
0
1
947 80
0
0
1
948 26
1
949 244
1
950 3
1
951 59
1
952 105
1
953 198
1
954 136
1
955 23
1
956 175
0
1
957 201
0
0
1
958 99
1
959 55
1
960 184
0
1
961 106
0
1
962 4
1
963 241
1
964 191
0
0
1
965 221
1
966 151
1
967 130
1
968 187
1
969 42
1
970 100
1
971 182
1
972 167
1
973 64
1
974 177
1
975 40
1
976 173
1
977 64
0
1
978 200
1
979 134
1
980 144
1
981 125
1
982 91
1
983 15
1
984 129
0
1
985 101
1
986 74
1
987 63
0
1
988 90
0
1
989 104
1
990 116
1
991 6
1
992 59
0
1
993 181
1
994 117
1
995 9
1
996 132
1
997 29
1
998 59
1
999 135
1
1000 16
1
1001 181
0
1
1002 36
0
1
1003 177
0
1
1004 110
0
1
1005 162
1
1006 213
1
1007 137
1
1008 115
1
1009 64
1
1010 91
1
1011 56
1
1012 233
1
1013 71
1
1014 237
1
1015 203
1
1016 111
1
1017 247
1
1018 76
0
1
1019 100
1
1020 189
1
1021 12
1
1022 33
0
1
1023 229
1
1024 197
0
1
1025 33
1
1026 207
0
1
1027 71
1
1028 33
1
1029 241
1
1030 225
1
1031 143
0
1
1032 153
1
1033 184
1
1034 42
1
1035 185
1
1036 193
1
1037 123
0
0
1
1038 86
1
1039 77
1
1040 16
0
1
1041 101
1
1042 176
1
1043 162
1
1044 99
1
1045 177
1
1046 68
1
1047 14
0
1
1048 213
1
1049 49
1
1050 63
0
1
1051 173
1
1052 23
1
1053 47
1
1054 56
1
1055 155
1
1056 10
0
1
1057 94
1
1058 160
1
1059 68
1
1060 67
1
1061 62
0
1
1062 123
1
1063 129
1
1064 88
1
1065 148
1
1066 37
0
1
1067 192
1
1068 201
1
1069 93
1
1070 120
1
1071 63
1
1072 188
1
1073 115
1
1074 4
1
1075 38
1
1076 73
1
1077 175
1
1078 179
1
1079 221
1
1080 234
0
1
1081 128
1
1082 167
1
1083 160
1
1084 69
1
1085 118
1
1086 161
1
1087 190
0
0
0
1
1088 122
1
1089 221
1
1090 207
1
1091 82
1
1092 54
1
1093 132
1
1094 184
1
1095 163
1
1096 150
1
1097 217
1
1098 4
1
1099 219
0
0
0
1
1100 223
1
1101 12
1
1102 248
1
1103 249
1
1104 24
0
1
1105 192
0
0
1
1106 92
1
1107 197
1
1108 197
1
1109 16
0
1
1110 123
1
1111 5
1
1112 212
1
1113 239
1
1114 71
1
1115 10
1
1116 200
1
1117 247
1
1118 136
1
1119 192
1
1120 112
1
1121 68
1
1122 45
1
1123 112
1
1124 81
1
1125 244
1
1126 112
1
1127 153
1
1128 114
1
1129 147
0
0
1
1130 57
0
1
1131 19
1
1132 75
1
1133 83
1
1134 37
1
1135 69
0
1
1136 48
1
1137 152
1
1138 170
1
1139 92
1
1140 161
1
1141 115
1
1142 123
1
1143 238
1
1144 174
1
1145 90
0
1
1146 178
1
1147 48
0
1
1148 197
1
1149 116
1
1150 55
1
1151 217
1
1152 77
1
1153 217
1
1154 82
1
1155 17
1
1156 234
1
1157 19
1
1158 217
1
1159 50
1
1160 219
1
1161 33
0
1
1162 13
1
1163 46
1
1164 71
1
1165 36
1
1166 66
1
1167 14
1
1168 28
1
1169 105
1
1170 229
1
1171 138
1
1172 170
1
1173 199
1
1174 164
1
1175 188
1
1176 229
1
1177 110
0
1
1178 133
1
1179 68
1
1180 241
1
1181 118
0
1
1182 85
1
1183 39
1
1184 23
1
1185 246
1
1186 231
1
1187 25
0
1
1188 120
0
1
1189 178
1
1190 9
1
1191 174
1
1192 226
1
1193 165
0
1
1194 236
1
1195 205
1
1196 131
1
1197 53
1
1198 40
1
1199 70
0
1
1200 186
1
1201 78
1
1202 229
1
1203 23
1
1204 215
1
1205 123
1
1206 44
0
1
1207 142
1
1208 20
1
1209 232
1
1210 152
1
1211 229
0
0
1
1212 13
0
1
1213 224
1
1214 238
1
1215 23
1
1216 202
0
1
1217 202
1
1218 81
1
1219 209
1
1220 97
1
1221 26
1
1222 238
1
1223 64
1
1224 48
1
1225 244
1
1226 93
1
1227 205
1
1228 241
1
1229 202
1
1230 41
1
1231 70
1
1232 25
1
1233 43
1
1234 180
1
1235 246
0
1
1236 18
1
1237 223
1
1238 71
1
1239 181
1
1240 138
0
1
1241 122
1
1242 31
1
1243 113
1
1244 12
1
1245 234
1
1246 172
1
1247 85
1
1248 120
1
1249 118
0
1
1250 83
1
1251 230
1
1252 23
1
1253 199
1
1254 110
1
1255 105
1
1256 175
1
1257 223
1
1258 184
1
1259 190
1
1260 20
1
1261 176
1
1262 108
1
1263 213
1
1264 248
1
1265 153
1
1266 45
0
1
1267 236
1
1268 229
1
1269 62
1
1270 36
1
1271 223
1
1272 90
1
1273 71
0
1
1274 77
1
1275 234
1
1276 194
0
1
1277 88
1
1278 242
0
0
1
1279 153
1
1280 137
1
1281 102
1
1282 212
1
1283 215
1
1284 58
1
1285 85
1
1286 146
1
1287 66
1
1288 92
1
1289 130
1
1290 163
1
1291 153
1
1292 246
1
1293 162
1
1294 132
1
1295 112
1
1296 216
1
1297 99
1
1298 240
1
1299 17
1
1300 6
1
1301 203
1
1302 97
1
1303 244
1
1304 224
1
1305 171
1
1306 139
1
1307 123
1
1308 230
1
1309 18
1
1310 50
1
1311 155
1
1312 196
1
1313 218
1
1314 103
1
1315 23
1
1316 117
1
1317 242
1
1318 170
1
1319 170
0
1
1320 87
1
1321 151
1
1322 104
0
1
1323 164
1
1324 138
1
1325 231
1
1326 229
1
1327 126
1
1328 242
1
1329 235
1
1330 92
0
1
1331 184
0
1
1332 139
1
1333 142
1
1334 127
1
1335 120
1
1336 225
0
1
1337 149
1
1338 12
1
1339 182
1
1340 50
1
1341 245
1
1342 7
1
1343 9
1
1344 164
1
1345 152
1
1346 242
1
1347 207
1
1348 35
1
1349 99
1
1350 16
1
1351 134
1
1352 136
1
1353 98
1
1354 225
1
1355 200
1
1356 3
0
1
1357 239
1
1358 109
1
1359 100
0
1
1360 48
1
1361 43
0
1
1362 107
1
1363 62
1
1364 132
1
1365 123
1
1366 137
1
1367 37
1
1368 223
0
1
1369 190
1
1370 205
1
1371 140
1
1372 151
1
1373 103
1
1374 210
1
1375 27
1
1376 217
1
1377 184
1
1378 173
1
1379 77
1
1380 99
1
1381 182
1
1382 180
1
1383 141
1
1384 137
1
1385 243
1
1386 163
1
1387 50
1
1388 143
1
1389 20
1
1390 23
1
1391 203
1
1392 179
1
1393 100
0
1
1394 7
0
1
1395 145
1
1396 132
1
1397 180
1
1398 20
1
1399 112
1
1400 100
1
1401 96
1
1402 168
0
1
1403 57
1
1404 50
1
1405 8
1
1406 233
1
1407 36
1
1408 247
1
1409 65
1
1410 194
1
1411 123
1
1412 209
1
1413 174
1
1414 183
0
1
1415 198
1
1416 161
1
1417 186
1
1418 152
1
1419 68
1
1420 246
1
1421 243
0
1
1422 184
1
1423 62
1
1424 92
1
1425 201
1
1426 56
1
1427 138
1
1428 88
1
1429 243
1
1430 247
1
1431 178
1
1432 12
1
1433 189
1
1434 173
1
1435 228
1
1436 162
1
1437 63
1
1438 205
1
1439 139
0
1
1440 77
1
1441 164
1
1442 70
1
1443 130
1
1444 211
1
1445 244
1
1446 47
1
1447 165
1
1448 62
1
1449 63
1
1450 88
1
1451 177
1
1452 189
1
1453 218
1
1454 11
1
1455 207
1
1456 235
1
1457 32
1
1458 139
1
1459 93
1
1460 141
1
1461 216
1
1462 167
1
1463 204
1
1464 90
1
1465 136
1
1466 100
1
1467 185
1
1468 94
1
1469 132
1
1470 16
1
1471 20
1
1472 14
1
1473 180
1
1474 63
0
1
1475 128
1
1476 217
1
1477 146
1
1478 13
1
1479 223
1
1480 53
1
1481 112
1
1482 43
1
1483 120
1
1484 62
1
1485 39
1
1486 194
1
1487 234
1
1488 18
1
1489 43
1
1490 227
1
1491 125
1
1492 16
0
1
1493 102
1
1494 5
1
1495 228
1
1496 54
0
1
1497 16
1
1498 131
1
1499 212
1
1500 145
1
1501 178
1
1502 101
1
1503 164
1
1504 230
1
1505 125
1
1506 164
1
1507 158
0
1
1508 115
1
1509 133
1
1510 237
1
1511 191
1
1512 59
1
1513 52
1
1514 54
1
1515 226
1
1516 36
1
1517 144
1
1518 192
1
1519 110
1
1520 170
1
1521 215
1
1522 148
1
1523 134
1
1524 146
1
1525 9
1
1526 111
1
1527 242
1
1528 131
1
1529 181
1
1530 36
1
1531 14
1
1532 144
0
1
1533 8
1
1534 159
1
1535 141
1
1536 224
1
1537 74
1
1538 164
1
1539 196
1
1540 227
1
1541 201
1
1542 89
1
1543 162
1
1544 238
1
1545 113
1
1546 62
1
1547 188
1
1548 13
1
1549 27
1
1550 108
1
1551 18
1
1552 208
1
1553 203
1
1554 209
1
1555 225
1
1556 103
1
1557 123
1
1558 47
1
1559 117
1
1560 92
1
1561 196
1
1562 222
1
1563 214
1
1564 138
1
1565 74
1
1566 242
1
1567 249
1
1568 8
1
1569 24
1
1570 197
1
1571 81
1
1572 118
1
1573 93
1
1574 188
1
1575 23
1
1576 99
1
1577 125
1
1578 36
1
1579 69
1
1580 127
1
1581 196
1
1582 211
1
1583 220
1
1584 70
1
1585 9
1
1586 70
1
1587 71
1
1588 175
1
1589 200
1
1590 175
1
1591 241
1
1592 235
1
1593 38
1
1594 81
1
1595 238
1
1596 99
1
1597 180
1
1598 63
1
1599 131
1
1600 61
1
1601 73
1
1602 199
1
1603 106
1
1604 102
1
1605 43
1
1606 61
1
1607 100
1
1608 164
1
1609 166
1
1610 153
1
1611 27
1
1612 38
1
1613 59
1
1614 177
1
1615 88
1
1616 46
1
1617 123
1
1618 21
1
1619 198
1
1620 158
1
1621 236
1
1622 143
1
1623 168
1
1624 242
1
1625 87
1
1626 152
1
1627 23
1
1628 193
1
1629 164
1
1630 38
1
1631 136
1
1632 147
1
1633 139
1
1634 183
1
1635 210
1
1636 118
1
1637 37
1
1638 135
1
1639 19
1
1640 62
1
1641 122
1
1642 61
1
1643 107
1
1644 227
1
1645 163
1
1646 28
1
1647 111
1
1648 15
1
1649 151
1
1650 31
1
1651 227
1
1652 131
1
1653 217
1
1654 130
1
1655 11
1
1656 234
1
1657 21
1
1658 219
1
1659 130
1
1660 119
1
1661 55
1
1662 102
1
1663 123
1
1664 206
1
1665 49
1
1666 63
1
1667 182
1
1668 157
1
1669 23
1
1670 202
1
1671 38
1
1672 182
1
1673 52
1
1674 48
1
1675 211
1
1676 225
1
1677 167
1
1678 171
1
1679 19
0
1
1680 117
1
1681 204
1
1682 14
1
1683 164
1
1684 87
1
1685 152
1
1686 83
1
1687 209
1
1688 132
1
1689 179
1
1690 128
1
1691 215
1
1692 28
1
1693 246
1
1694 89
1
1695 121
1
1696 63
1
1697 99
1
1698 156
1
1699 140
1
1700 208
1
1701 213
1
1702 218
1
1703 170
1
1704 145
1
1705 202
1
1706 131
1
1707 113
1
1708 49
1
1709 181
1
1710 143
1
1711 162
1
1712 232
1
1713 147
1
1714 217
1
1715 221
1
1716 53
1
1717 71
1
1718 53
1
1719 92
1
1720 41
1
1721 123
1
1722 193
1
1723 233
1
1724 218
1
1725 82
1
1726 163
1
1727 171
1
1728 116
1
1729 4
1
1730 133
1
1731 222
1
1732 83
1
1733 242
1
1734 36
1
1735 183
1
1736 174
1
1737 43
1
1738 7
1
1739 163
1
1740 247
1
1741 197
1
1742 68
1
1743 159
0
1
1744 179
1
1745 87
1
1746 213
1
1747 80
1
1748 166
1
1749 14
1
1750 216
1
1751 221
1
1752 34
1
1753 12
1
1754 207
1
1755 125
1
1756 177
1
1757 201
1
1758 113
1
1759 149
1
1760 92
1
1761 242
1
1762 181
1
1763 46
1
1764 37
1
1765 232
1
1766 232
1
1767 14
1
1768 35
1
1769 70
1
1770 47
1
1771 30
1
1772 239
1
1773 161
1
1774 87
1
1775 192
1
1776 241
1
1777 35
1
1778 167
1
1779 172
1
1780 23
1
1781 128
1
1782 32
1
1783 39
1
1784 115
1
1785 85
1
1786 234
1
1787 38
1
1788 160
1
1789 62
1
1790 160
1
1791 125
1
1792 208
0
1
1793 75
1
1794 47
1
1795 110
1
1796 96
1
1797 130
1
1798 247
0
1
1799 156
1
1800 16
1
1801 185
1
1802 244
1
1803 215
1
1804 11
1
1805 213
1
1806 170
1
1807 170
1
1808 7
1
1809 245
1
1810 64
1
1811 214
1
1812 193
1
1813 126
1
1814 164
1
1815 23
1
1816 120
1
1817 82
1
1818 183
1
1819 231
1
1820 59
1
1821 44
1
1822 19
1
1823 209
1
1824 138
1
1825 102
1
1826 32
1
1827 196
1
1828 83
1
1829 209
1
1830 59
1
1831 221
1
1832 67
1
1833 133
1
1834 65
1
1835 142
1
1836 132
1
1837 75
1
1838 24
1
1839 167
1
1840 94
1
1841 138
1
1842 37
1
1843 126
1
1844 23
1
1845 84
1
1846 12
1
1847 25
1
1848 115
1
1849 226
1
1850 90
1
1851 213
0
1
1852 115
1
1853 199
1
1854 44
1
1855 105
1
1856 35
1
1857 190
1
1858 200
1
1859 45
1
1860 53
1
1861 219
1
1862 30
1
1863 79
1
1864 17
1
1865 186
1
1866 33
1
1867 28
1
1868 103
1
1869 45
1
1870 68
1
1871 92
1
1872 63
1
1873 31
1
1874 180
0
1
1875 58
1
1876 58
1
1877 151
1
1878 117
1
1879 9
1
1880 36
1
1881 158
1
1882 239
1
1883 100
1
1884 145
1
1885 58
1
1886 234
1
1887 204
1
1888 3
1
1889 112
1
1890 187
1
1891 190
1
1892 181
1
1893 162
1
1894 105
1
1895 45
1
1896 200
1
1897 57
1
1898 38
1
1899 128
1
1900 4
1
1901 236
1
1902 38
1
1903 130
1
1904 47
1
1905 195
1
1906 47
1
1907 112
1
1908 6
1
1909 89
1
1910 97
1
1911 125
1
1912 51
1
1913 223
1
1914 138
1
1915 150
1
1916 158
1
1917 141
1
1918 210
1
1919 70
0
1
1920 96
1
1921 117
1
1922 131
1
1923 10
1
1924 2
1
1925 227
1
1926 137
1
1927 82
1
1928 131
1
1929 217
1
1930 125
1
1931 182
1
1932 28
1
1933 161
1
1934 206
1
1935 177
1
1936 134
1
1937 230
1
1938 218
1
1939 128
1
1940 189
1
1941 240
1
1942 188
1
1943 75
1
1944 3
1
1945 133
1
1946 237
1
1947 240
1
1948 136
0
1
1949 132
1
1950 118
1
1951 208
1
1952 80
1
1953 176
1
1954 105
1
1955 156
1
1956 97
1
1957 209
1
1958 22
1
1959 215
0
1
1960 86
1
1961 11
1
1962 105
1
1963 149
1
1964 79
1
1965 202
1
1966 41
1
1967 215
1
1968 201
1
1969 136
1
1970 104
1
1971 68
1
1972 187
1
1973 125
1
1974 224
1
1975 202
1
1976 23
1
1977 21
1
1978 121
0
1
1979 23
1
1980 165
1
1981 68
1
1982 78
1
1983 65
1
1984 143
1
1985 222
1
1986 232
1
1987 5
1
1988 120
1
1989 49
1
1990 18
1
1991 126
1
1992 64
1
1993 246
1
1994 205
1
1995 100
1
1996 189
0
1
1997 181
1
1998 52
1
1999 173
1
2000 7
1
2001 76
1
2002 71
0
1
2003 132
1
2004 242
1
2005 179
1
2006 109
1
2007 59
1
2008 117
1
2009 133
1
2010 162
1
2011 235
1
2012 102
1
2013 143
1
2014 63
1
2015 132
1
2016 223
1
2017 182
1
2018 38
1
2019 80
1
2020 104
1
2021 86
0
1
2022 39
1
2023 248
1
2024 128
1
2025 113
1
2026 116
1
2027 232
1
2028 238
1
2029 170
1
2030 210
1
2031 95
1
2032 123
1
2033 216
1
2034 38
1
2035 224
1
2036 181
1
2037 81
1
2038 155
1
2039 221
1
2040 14
1
2041 125
1
2042 143
1
2043 235
1
2044 71
1
2045 84
1
2046 227
1
2047 164
1
2048 232
1
2049 223
0
1
2050 166
1
2051 246
1
2052 166
1
2053 42
1
2054 68
1
2055 132
1
2056 207
1
2057 229
1
2058 178
1
2059 147
0
1
2060 201
1
2061 133
1
2062 164
1
2063 94
1
2064 16
1
2065 44
0
1
2066 39
1
2067 171
1
2068 130
1
2069 18
1
2070 204
1
2071 129
1
2072 37
1
2073 189
1
2074 68
1
2075 72
1
2076 119
1
2077 39
1
2078 125
1
2079 127
1
2080 81
1
2081 215
1
2082 157
1
2083 33
1
2084 85
1
2085 98
0
1
2086 218
1
2087 64
1
2088 178
1
2089 204
1
2090 208
1
2091 145
0
1
2092 231
1
2093 53
1
2094 15
1
2095 208
1
2096 51
1
2097 44
1
2098 245
1
2099 174
0
1
2100 36
1
2101 164
1
2102 211
1
2103 66
1
2104 240
1
2105 249
1
2106 237
1
2107 161
1
2108 107
1
2109 5
1
2110 119
1
2111 92
1
2112 93
1
2113 96
1
2114 83
1
2115 142
1
2116 109
1
2117 243
1
2118 145
1
2119 96
1
2120 218
1
2121 166
1
2122 33
1
2123 248
1
2124 74
1
2125 52
0
1
2126 167
1
2127 73
1
2128 105
1
2129 212
1
2130 64
1
2131 144
1
2132 100
1
2133 44
1
2134 224
1
2135 64
0
1
2136 52
1
2137 152
1
2138 30
1
2139 28
1
2140 36
1
2141 225
1
2142 192
1
2143 112
0
1
2144 12
1
2145 54
1
2146 139
1
2147 160
1
2148 88
1
2149 188
1
2150 133
1
2151 76
1
2152 62
1
2153 63
1
2154 112
1
2155 84
1
2156 89
1
2157 121
1
2158 140
0
1
2159 196
1
2160 39
1
2161 9
1
2162 115
1
2163 230
1
2164 95
1
2165 228
1
2166 170
1
2167 99
1
2168 13
1
2169 125
1
2170 154
1
2171 200
1
2172 81
1
2173 199
1
2174 93
1
2175 134
1
2176 179
1
2177 21
1
2178 93
1
2179 118
1
2180 207
1
2181 153
1
2182 12
1
2183 139
1
2184 71
1
2185 156
1
2186 239
1
2187 112
1
2188 242
1
2189 171
1
2190 122
1
2191 102
1
2192 198
1
2193 59
1
2194 242
1
2195 90
1
2196 63
1
2197 64
1
2198 129
1
2199 12
1
2200 149
1
2201 101
1
2202 184
1
2203 8
0
1
2204 55
1
2205 4
1
2206 223
1
2207 208
1
2208 150
0
1
2209 162
1
2210 128
1
2211 239
1
2212 96
0
0
1
2213 78
1
2214 44
1
2215 206
1
2216 166
1
2217 19
1
2218 21
1
2219 214
1
2220 232
1
2221 200
1
2222 77
1
2223 84
1
2224 187
1
2225 55
1
2226 103
1
2227 92
1
2228 8
1
2229 101
1
2230 150
1
2231 229
0
1
2232 190
1
2233 78
1
2234 181
1
2235 70
1
2236 38
1
2237 168
1
2238 155
1
2239 210
1
2240 97
1
2241 101
1
2242 226
0
1
2243 34
1
2244 239
1
2245 91
1
2246 25
1
2247 160
1
2248 144
1
2249 175
1
2250 7
0
1
2251 101
1
2252 128
1
2253 227
1
2254 145
1
2255 8
1
2256 63
1
2257 8
1
2258 246
1
2259 76
1
2260 233
1
2261 132
1
2262 72
1
2263 169
1
2264 213
1
2265 210
1
2266 227
0
1
2267 238
1
2268 129
0
1
2269 232
1
2270 147
1
2271 240
1
2272 230
1
2273 209
1
2274 16
0
1
2275 193
1
2276 112
1
2277 105
1
2278 128
1
2279 112
1
2280 92
1
2281 201
1
2282 213
1
2283 23
1
2284 37
1
2285 213
1
2286 84
1
2287 92
0
1
2288 199
1
2289 26
1
2290 186
1
2291 150
1
2292 125
1
2293 21
0
0
1
2294 122
1
2295 187
1
2296 239
1
2297 61
1
2298 92
1
2299 142
1
2300 119
1
2301 52
1
2302 91
1
2303 179
1
2304 72
1
2305 105
1
2306 35
1
2307 11
1
2308 55
1
2309 116
1
2310 139
1
2311 58
0
1
2312 11
1
2313 63
1
2314 214
0
1
2315 175
0
1
2316 143
1
2317 195
1
2318 85
1
2319 111
1
2320 192
1
2321 202
1
2322 10
0
1
2323 164
1
2324 200
1
2325 112
1
2326 106
1
2327 230
1
2328 164
1
2329 125
1
2330 183
1
2331 91
1
2332 190
1
2333 82
1
2334 51
1
2335 216
1
2336 27
1
2337 107
1
2338 50
0
0
1
2339 83
1
2340 151
1
2341 190
1
2342 123
1
2343 110
0
1
2344 48
1
2345 112
1
2346 141
0
1
2347 119
1
2348 83
0
1
2349 75
1
2350 17
1
2351 198
1
2352 75
1
2353 227
1
2354 55
1
2355 211
1
2356 235
0
1
2357 172
1
2358 170
1
2359 47
1
2360 129
1
2361 163
1
2362 129
1
2363 19
1
2364 221
1
2365 16
1
2366 68
1
2367 99
1
2368 108
1
2369 181
1
2370 103
1
2371 48
1
2372 150
1
2373 9
1
2374 82
1
2375 36
1
2376 67
1
2377 113
1
2378 74
1
2379 236
1
2380 36
1
2381 152
1
2382 162
1
2383 125
1
2384 225
1
2385 111
1
2386 147
1
2387 74
1
2388 178
1
2389 245
1
2390 132
1
2391 111
1
2392 84
0
1
2393 38
1
2394 210
1
2395 82
1
2396 92
1
2397 37
1
2398 138
1
2399 55
1
2400 113
1
2401 30
1
2402 76
1
2403 129
1
2404 6
1
2405 94
1
2406 134
1
2407 239
1
2408 70
1
2409 200
0
1
2410 190
1
2411 204
1
2412 89
1
2413 154
1
2414 84
1
2415 202
1
2416 87
0
1
2417 27
1
2418 19
1
2419 209
1
2420 202
1
2421 107
1
2422 172
0
0
1
2423 119
1
2424 56
1
2425 13
1
2426 216
1
2427 27
1
2428 144
1
2429 26
0
1
2430 124
1
2431 220
1
2432 36
1
2433 128
1
2434 143
1
2435 23
1
2436 108
1
2437 27
1
2438 200
1
2439 70
0
0
1
2440 167
1
2441 123
1
2442 109
1
2443 194
1
2444 164
1
2445 189
1
2446 217
1
2447 46
1
2448 174
1
2449 27
1
2450 66
1
2451 226
1
2452 39
1
2453 243
1
2454 222
1
2455 96
1
2456 35
1
2457 141
1
2458 68
1
2459 123
0
1
2460 73
1
2461 240
1
2462 109
1
2463 55
1
2464 230
1
2465 209
1
2466 111
1
2467 197
1
2468 128
1
2469 204
1
2470 80
1
2471 85
1
2472 172
1
2473 112
1
2474 70
1
2475 24
0
1
2476 127
1
2477 249
1
2478 184
1
2479 150
1
2480 84
1
2481 62
1
2482 206
1
2483 147
0
1
2484 139
1
2485 235
1
2486 151
1
2487 215
1
2488 32
1
2489 27
0
1
2490 227
0
1
2491 28
1
2492 105
0
1
2493 227
0
1
2494 152
1
2495 249
0
1
2496 71
1
2497 100
1
2498 66
0
1
2499 80
1
2500 150
0
1
2501 224
1
2502 34
0
1
2503 201
1
2504 71
1
2505 160
0
1
2506 70
1
2507 132
1
2508 165
1
2509 60
1
2510 36
1
2511 118
0
1
2512 205
0
1
2513 247
1
2514 207
1
2515 164
1
2516 14
1
2517 76
1
2518 241
0
1
2519 127
1
2520 73
1
2521 163
1
2522 61
1
2523 44
1
2524 133
1
2525 141
1
2526 92
1
2527 141
1
2528 177
0
1
2529 71
1
2530 70
0
1
2531 74
0
1
2532 29
1
2533 141
1
2534 215
1
2535 178
1
2536 166
0
0
0
1
2537 9
1
2538 107
1
2539 124
1
2540 159
0
0
1
2541 72
1
2542 113
1
2543 185
0
1
2544 218
1
2545 119
1
2546 98
0
1
2547 122
1
2548 76
1
2549 45
1
2550 70
1
2551 225
1
2552 169
1
2553 203
1
2554 60
1
2555 236
1
2556 211
1
2557 237
1
2558 5
1
2559 205
1
2560 75
1
2561 9
1
2562 239
1
2563 124
1
2564 73
1
2565 202
0
1
2566 117
1
2567 174
1
2568 87
1
2569 237
1
2570 43
0
1
2571 140
1
2572 100
0
1
2573 62
0
1
2574 214
1
2575 220
1
2576 229
1
2577 229
1
2578 216
1
2579 117
1
2580 181
1
2581 142
1
2582 204
0
1
2583 71
0
1
2584 33
1
2585 51
0
0
1
2586 125
0
1
2587 164
0
1
2588 45
1
2589 160
1
2590 161
1
2591 197
1
2592 233
1
2593 55
1
2594 208
1
2595 221
1
2596 60
1
2597 159
1
2598 182
1
2599 215
1
2600 165
0
1
2601 216
1
2602 58
1
2603 107
1
2604 98
1
2605 129
1
2606 242
0
1
2607 183
0
1
2608 140
0
1
2609 43
1
2610 55
1
2611 204
1
2612 158
1
2613 128
1
2614 58
1
2615 84
1
2616 184
1
2617 202
1
2618 141
1
2619 164
0
1
2620 141
0
1
2621 71
1
2622 159
0
1
2623 9
1
2624 197
0
1
2625 77
0
1
2626 8
0
1
2627 209
0
0
0
1
2628 201
1
2629 187
1
2630 239
1
2631 204
1
2632 109
1
2633 227
0
0
1
2634 200
1
2635 5
1
2636 108
1
2637 195
0
1
2638 44
1
2639 46
1
2640 158
0
1
2641 139
0
1
2642 40
1
2643 51
1
2644 3
0
1
2645 132
1
2646 100
0
1
2647 57
1
2648 30
0
1
2649 49
1
2650 138
1
2651 115
0
0
1
2652 98
1
2653 29
1
2654 181
1
2655 140
1
2656 213
1
2657 206
1
2658 158
1
2659 246
1
2660 170
1
2661 25
1
2662 236
1
2663 227
1
2664 87
1
2665 123
0
0
1
2666 68
1
2667 242
1
2668 51
0
0
1
2669 242
1
2670 202
1
2671 238
1
2672 202
1
2673 123
1
2674 66
1
2675 53
1
2676 204
1
2677 164
1
2678 103
1
2679 122
0
0
1
2680 179
1
2681 223
0
0
1
2682 141
1
2683 243
1
2684 47
1
2685 123
0
1
2686 23
1
2687 34
1
2688 229
1
2689 20
1
2690 146
1
2691 125
1
2692 152
1
2693 246
0
1
2694 35
1
2695 119
1
2696 170
0
1
2697 140
1
2698 80
1
2699 163
1
2700 188
1
2701 40
1
2702 183
0
1
2703 34
1
2704 241
1
2705 11
1
2706 64
0
0
1
2707 49
1
2708 55
1
2709 142
1
2710 54
1
2711 218
0
1
2712 51
1
2713 157
1
2714 137
1
2715 82
1
2716 53
1
2717 109
1
2718 128
0
1
2719 76
1
2720 79
1
2721 209
0
1
2722 48
1
2723 86
1
2724 112
1
2725 193
1
2726 116
1
2727 8
1
2728 30
1
2729 54
1
2730 239
0
1
2731 67
1
2732 139
0
1
2733 247
1
2734 170
1
2735 194
0
1
2736 8
1
2737 205
1
2738 144
1
2739 4
1
2740 176
1
2741 227
1
2742 220
1
2743 160
1
2744 170
1
2745 175
1
2746 145
1
2747 70
1
2748 7
1
2749 107
1
2750 175
1
2751 210
1
2752 84
1
2753 2
1
2754 86
1
2755 46
1
2756 209
1
2757 245
1
2758 20
1
2759 102
1
2760 40
1
2761 8
1
2762 85
1
2763 109
1
2764 225
1
2765 31
1
2766 85
1
2767 141
1
2768 97
1
2769 56
1
2770 176
1
2771 24
1
2772 195
1
2773 77
0
1
2774 44
1
2775 112
1
2776 129
1
2777 101
1
2778 140
1
2779 22
1
2780 143
1
2781 49
0
0
1
2782 52
0
1
2783 67
1
2784 31
1
2785 202
1
2786 84
1
2787 110
1
2788 109
1
2789 189
1
2790 134
1
2791 109
1
2792 69
1
2793 139
0
1
2794 165
1
2795 206
1
2796 51
1
2797 164
1
2798 170
1
2799 121
1
2800 46
1
2801 97
1
2802 218
1
2803 188
0
0
1
2804 122
1
2805 221
1
2806 171
0
1
2807 226
1
2808 206
1
2809 224
1
2810 217
1
2811 172
1
2812 38
1
2813 59
1
2814 204
1
2815 204
1
2816 110
1
2817 215
1
2818 16
1
2819 143
1
2820 87
1
2821 2
1
2822 94
1
2823 44
1
2824 17
1
2825 130
1
2826 21
0
1
2827 21
0
1
2828 130
0
1
2829 157
0
1
2830 64
0
1
2831 137
0
0
1
2832 207
0
1
2833 32
1
2834 168
1
2835 154
1
2836 93
1
2837 213
0
1
2838 76
1
2839 197
1
2840 39
0
1
2841 134
1
2842 129
1
2843 216
0
1
2844 144
1
2845 188
1
2846 175
0
1
2847 125
1
2848 199
0
0
1
2849 158
1
2850 16
1
2851 182
0
1
2852 24
0
1
2853 30
1
2854 227
1
2855 175
1
2856 204
0
1
2857 21
1
2858 172
1
2859 204
1
2860 69
1
2861 70
1
2862 80
1
2863 108
1
2864 22
0
1
2865 122
1
2866 166
0
1
2867 41
1
2868 13
1
2869 244
1
2870 209
1
2871 164
1
2872 78
1
2873 123
0
1
2874 16
1
2875 86
1
2876 207
1
2877 185
1
2878 21
1
2879 95
1
2880 121
1
2881 21
1
2882 156
1
2883 244
0
1
2884 76
1
2885 170
0
1
2886 217
1
2887 125
1
2888 249
1
2889 231
1
2890 201
1
2891 49
1
2892 75
0
0
1
2893 40
1
2894 249
0
0
1
2895 225
1
2896 12
1
2897 199
0
1
2898 37
0
1
2899 202
1
2900 76
0
1
2901 56
0
1
2902 7
1
2903 220
1
2904 27
1
2905 156
1
2906 230
1
2907 107
1
2908 35
0
1
2909 193
1
2910 213
0
1
2911 162
1
2912 107
1
2913 183
1
2914 176
1
2915 140
1
2916 35
1
2917 129
1
2918 221
1
2919 170
0
1
2920 43
1
2921 209
0
1
2922 137
1
2923 143
1
2924 148
1
2925 41
1
2926 103
1
2927 158
0
1
2928 97
1
2929 63
1
2930 211
1
2931 37
0
0
1
2932 18
1
2933 88
1
2934 13
0
1
2935 76
1
2936 204
1
2937 230
1
2938 172
0
1
2939 161
1
2940 62
1
2941 60
1
2942 154
0
1
2943 207
1
2944 138
1
2945 248
1
2946 223
1
2947 183
0
1
2948 216
0
1
2949 96
1
2950 249
1
2951 63
1
2952 217
1
2953 247
0
1
2954 147
1
2955 108
1
2956 62
1
2957 124
1
2958 223
1
2959 105
1
2960 2
1
2961 176
1
2962 15
1
2963 138
0
0
1
2964 4
1
2965 230
1
2966 240
1
2967 217
0
1
2968 100
0
1
2969 130
1
2970 2
0
1
2971 19
1
2972 185
0
0
1
2973 91
0
1
2974 60
1
2975 166
1
2976 124
0
1
2977 244
1
2978 169
1
2979 228
1
2980 129
1
2981 92
0
0
1
2982 243
1
2983 71
0
1
2984 199
1
2985 234
0
1
2986 133
1
2987 183
1
2988 227
1
2989 63
1
2990 209
1
2991 223
1
2992 249
1
2993 40
0
1
2994 158
1
2995 34
1
2996 138
1
2997 145
1
2998 215
0
1
2999 101
1
3000 150
1
3001 12
1
3002 44
1
3003 131
1
3004 13
1
3005 48
1
3006 157
0
1
3007 184
1
3008 90
1
3009 19
1
3010 66
1
3011 221
0
0
0
1
3012 112
0
1
3013 87
1
3014 230
0
1
3015 213
0
0
1
3016 126
0
1
3017 96
1
3018 141
1
3019 170
0
1
3020 136
1
3021 106
0
1
3022 20
1
3023 65
1
3024 34
1
3025 23
1
3026 90
1
3027 119
0
1
3028 197
1
3029 18
1
3030 108
0
1
3031 136
1
3032 13
1
3033 127
0
0
1
3034 73
1
3035 15
1
3036 215
1
3037 111
1
3038 158
0
1
3039 234
1
3040 36
1
3041 23
0
1
3042 177
1
3043 202
1
3044 196
0
1
3045 243
0
1
3046 182
1
3047 124
0
1
3048 13
0
1
3049 134
1
3050 128
1
3051 215
0
0
0
0
1
3052 180
0
1
3053 212
0
1
3054 188
0
0
1
3055 112
0
1
3056 175
1
3057 70
1
3058 118
1
3059 117
1
3060 23
1
3061 101
1
3062 209
0
1
3063 36
0
0
1
3064 11
1
3065 36
1
3066 227
1
3067 46
1
3068 203
0
1
3069 177
0
1
3070 97
0
1
3071 180
1
3072 240
1
3073 197
1
3074 49
1
3075 157
0
0
1
3076 209
0
0
0
1
3077 207
1
3078 143
1
3079 183
1
3080 37
1
3081 115
1
3082 20
1
3083 209
0
1
3084 68
1
3085 24
1
3086 137
1
3087 10
1
3088 182
0
1
3089 133
1
3090 16
1
3091 117
1
3092 28
1
3093 157
1
3094 132
1
3095 30
0
1
3096 163
1
3097 190
0
0
1
3098 89
1
3099 36
1
3100 183
0
1
3101 76
1
3102 193
1
3103 132
0
0
1
3104 170
1
3105 46
1
3106 126
1
3107 164
1
3108 62
1
3109 53
0
0
1
3110 71
1
3111 195
1
3112 223
1
3113 236
1
3114 205
1
3115 36
1
3116 145
1
3117 225
1
3118 203
1
3119 94
1
3120 50
0
0
1
3121 123
0
1
3122 224
1
3123 160
1
3124 14
1
3125 49
0
1
3126 228
1
3127 204
1
3128 195
1
3129 133
1
3130 149
0
1
3131 106
0
1
3132 244
1
3133 79
1
3134 2
0
1
3135 138
1
3136 196
0
1
3137 10
1
3138 212
0
1
3139 55
1
3140 160
1
3141 237
0
1
3142 34
1
3143 228
0
0
1
3144 95
1
3145 72
1
3146 156
1
3147 114
1
3148 36
1
3149 84
0
1
3150 160
1
3151 245
1
3152 190
1
3153 27
0
0
1
3154 53
0
1
3155 236
1
3156 232
1
3157 104
1
3158 143
1
3159 197
1
3160 238
0
1
3161 25
1
3162 150
1
3163 162
1
3164 202
0
1
3165 219
1
3166 141
0
1
3167 147
1
3168 130
0
0
1
3169 148
0
0
1
3170 29
1
3171 206
1
3172 85
1
3173 130
0
1
3174 154
1
3175 51
1
3176 132
1
3177 123
0
1
3178 183
1
3179 28
1
3180 25
1
3181 176
0
0
1
3182 196
1
3183 59
1
3184 226
1
3185 220
1
3186 242
1
3187 21
1
3188 80
1
3189 38
1
3190 88
0
0
1
3191 91
0
1
3192 164
0
0
1
3193 242
0
1
3194 249
1
3195 45
1
3196 134
1
3197 76
0
1
3198 138
0
0
1
3199 172
1
3200 16
1
3201 6
1
3202 228
0
1
3203 169
1
3204 236
1
3205 52
1
3206 215
1
3207 27
1
3208 6
1
3209 125
0
1
3210 185
0
0
1
3211 41
1
3212 100
0
1
3213 99
0
1
3214 152
0
1
3215 224
0
1
3216 76
0
1
3217 140
1
3218 134
1
3219 163
0
1
3220 56
1
3221 114
1
3222 235
0
0
1
3223 189
1
3224 18
1
3225 67
0
0
1
3226 53
0
1
3227 68
0
0
1
3228 135
1
3229 40
1
3230 28
0
1
3231 79
1
3232 73
1
3233 231
1
3234 71
0
1
3235 228
1
3236 88
1
3237 138
0
1
3238 221
0
1
3239 178
1
3240 242
1
3241 23
1
3242 222
0
1
3243 124
1
3244 134
1
3245 40
0
0
1
3246 42
1
3247 17
1
3248 2
1
3249 236
1
3250 69
1
3251 38
1
3252 154
0
1
3253 224
1
3254 238
1
3255 183
1
3256 79
0
0
1
3257 235
0
0
1
3258 112
1
3259 96
0
1
3260 246
1
3261 77
1
3262 89
0
1
3263 152
0
0
1
3264 114
1
3265 141
0
1
3266 209
1
3267 227
0
1
3268 243
1
3269 8
1
3270 243
0
1
3271 116
1
3272 119
0
0
1
3273 145
1
3274 197
1
3275 140
1
3276 215
1
3277 142
1
3278 42
0
1
3279 125
1
3280 137
1
3281 38
1
3282 244
1
3283 214
1
3284 248
1
3285 115
0
1
3286 245
1
3287 137
1
3288 77
0
1
3289 110
1
3290 22
1
3291 93
1
3292 157
0
0
1
3293 8
1
3294 72
1
3295 115
1
3296 24
1
3297 132
1
3298 3
1
3299 226
1
3300 144
0
1
3301 185
1
3302 45
0
1
3303 188
1
3304 248
1
3305 175
1
3306 94
1
3307 187
0
0
0
0
0
0
1
3308 11
1
3309 2
1
3310 181
1
3311 202
1
3312 52
1
3313 168
0
1
3314 212
1
3315 190
1
3316 244
1
3317 43
1
3318 200
1
3319 124
0
1
3320 28
1
3321 228
1
3322 176
1
3323 186
1
3324 97
1
3325 186
1
3326 112
0
0
0
1
3327 146
1
3328 213
1
3329 42
1
3330 125
1
3331 103
0
1
3332 2
1
3333 193
1
3334 103
0
1
3335 110
1
3336 249
0
1
3337 47
0
1
3338 27
0
1
3339 67
0
1
3340 24
1
3341 36
1
3342 46
1
3343 72
1
3344 198
1
3345 46
1
3346 39
1
3347 80
0
1
3348 63
0
0
1
3349 218
0
1
3350 98
1
3351 60
1
3352 227
0
1
3353 144
1
3354 69
0
0
1
3355 166
0
1
3356 231
0
0
0
1
3357 207
1
3358 8
1
3359 207
1
3360 149
1
3361 97
0
1
3362 133
1
3363 209
0
0
1
3364 132
1
3365 180
1
3366 59
1
3367 201
0
1
3368 181
0
1
3369 184
0
1
3370 159
0
0
0
1
3371 74
0
1
3372 22
0
1
3373 217
0
1
3374 86
1
3375 113
0
1
3376 45
1
3377 43
1
3378 101
1
3379 171
0
1
3380 82
1
3381 118
1
3382 209
1
3383 219
1
3384 128
0
1
3385 171
1
3386 104
0
1
3387 159
1
3388 247
1
3389 66
0
1
3390 132
0
1
3391 130
0
0
0
1
3392 98
1
3393 204
1
3394 167
1
3395 42
0
0
1
3396 16
0
1
3397 28
1
3398 150
1
3399 57
1
3400 48
0
1
3401 150
1
3402 151
1
3403 156
1
3404 109
1
3405 18
1
3406 53
1
3407 216
0
1
3408 168
1
3409 165
0
0
0
1
3410 244
1
3411 222
1
3412 219
1
3413 154
0
0
0
1
3414 52
0
1
3415 95
1
3416 187
1
3417 212
1
3418 203
0
1
3419 78
1
3420 36
1
3421 182
1
3422 174
1
3423 20
0
0
1
3424 146
1
3425 92
1
3426 24
1
3427 180
0
1
3428 124
0
1
3429 92
1
3430 116
0
0
1
3431 233
1
3432 89
0
1
3433 92
1
3434 239
1
3435 147
0
0
1
3436 195
0
1
3437 57
1
3438 223
1
3439 168
1
3440 69
0
1
3441 211
1
3442 235
1
3443 9
0
1
3444 171
1
3445 25
0
1
3446 224
1
3447 147
1
3448 113
1
3449 62
1
3450 227
1
3451 246
0
1
3452 68
1
3453 5
1
3454 173
1
3455 166
1
3456 90
0
1
3457 6
1
3458 238
1
3459 49
1
3460 157
0
1
3461 188
1
3462 123
0
1
3463 49
0
0
1
3464 123
0
1
3465 200
1
3466 181
0
1
3467 195
0
1
3468 215
0
0
0
1
3469 132
1
3470 64
1
3471 188
1
3472 122
1
3473 218
1
3474 18
1
3475 83
1
3476 235
1
3477 240
1
3478 199
1
3479 193
0
1
3480 100
1
3481 47
0
1
3482 236
0
1
3483 80
0
0
1
3484 115
0
1
3485 6
1
3486 15
1
3487 192
1
3488 243
1
3489 37
0
1
3490 186
1
3491 169
1
3492 37
1
3493 92
1
3494 37
0
1
3495 14
1
3496 126
0
1
3497 5
0
1
3498 179
1
3499 159
1
3500 227
1
3501 60
1
3502 45
0
1
3503 222
1
3504 38
0
0
1
3505 192
1
3506 210
0
1
3507 62
1
3508 237
1
3509 239
1
3510 178
1
3511 93
1
3512 85
0
0
1
3513 202
1
3514 105
0
0
1
3515 157
1
3516 30
0
0
0
1
3517 220
0
1
3518 222
1
3519 170
1
3520 90
1
3521 78
1
3522 205
1
3523 229
0
1
3524 3
1
3525 194
1
3526 233
1
3527 164
1
3528 26
1
3529 212
0
0
0
0
0
0
1
3530 123
1
3531 148
1
3532 48
1
3533 112
1
3534 211
1
3535 57
1
3536 97
1
3537 117
1
3538 247
1
3539 37
1
3540 215
0
0
0
1
3541 203
0
1
3542 83
0
1
3543 196
0
0
0
1
3544 221
1
3545 138
1
3546 45
0
1
3547 93
1
3548 175
0
0
1
3549 181
1
3550 139
0
0
1
3551 159
0
1
3552 185
0
0
1
3553 54
0
1
3554 212
1
3555 76
1
3556 46
1
3557 221
1
3558 152
1
3559 244
1
3560 181
0
1
3561 26
0
0
1
3562 38
0
1
3563 241
1
3564 86
1
3565 83
1
3566 57
1
3567 73
1
3568 120
1
3569 123
1
3570 138
0
1
3571 66
0
1
3572 26
1
3573 224
1
3574 21
1
3575 125
1
3576 224
0
1
3577 181
1
3578 127
1
3579 159
0
1
3580 243
0
0
0
0
0
1
3581 70
0
1
3582 91
0
0
0
1
3583 156
1
3584 105
0
1
3585 59
0
1
3586 242
0
0
0
1
3587 32
0
1
3588 137
1
3589 119
0
0
1
3590 235
1
3591 3
1
3592 14
0
1
3593 46
1
3594 54
1
3595 215
0
1
3596 220
0
1
3597 200
0
0
1
3598 160
1
3599 184
0
1
3600 109
1
3601 181
1
3602 58
0
0
1
3603 193
1
3604 136
1
3605 153
1
3606 197
1
3607 108
1
3608 47
1
3609 133
1
3610 43
1
3611 50
0
1
3612 114
1
3613 164
1
3614 54
1
3615 104
0
1
3616 204
1
3617 45
0
0
1
3618 184
0
0
1
3619 106
1
3620 36
1
3621 93
0
0
0
0
1
3622 191
1
3623 117
1
3624 153
1
3625 213
0
0
0
0
1
3626 58
0
1
3627 34
1
3628 128
1
3629 242
0
1
3630 118
1
3631 4
0
1
3632 189
1
3633 42
1
3634 179
0
0
1
3635 211
1
3636 220
0
1
3637 43
0
1
3638 152
1
3639 71
1
3640 85
1
3641 199
0
1
3642 82
1
3643 125
1
3644 2
1
3645 43
1
3646 243
1
3647 42
0
1
3648 130
0
0
1
3649 228
1
3650 67
0
1
3651 121
1
3652 77
0
1
3653 72
0
0
1
3654 80
1
3655 235
1
3656 38
1
3657 170
1
3658 110
1
3659 140
1
3660 92
0
0
1
3661 239
0
1
3662 97
1
3663 49
1
3664 15
0
0
0
1
3665 16
0
1
3666 8
0
1
3667 138
1
3668 227
0
1
3669 148
0
1
3670 71
0
1
3671 233
1
3672 126
1
3673 137
1
3674 209
0
1
3675 144
1
3676 230
1
3677 148
0
1
3678 175
1
3679 216
0
0
1
3680 214
1
3681 185
1
3682 111
0
1
3683 63
1
3684 220
1
3685 100
1
3686 113
1
3687 190
1
3688 73
0
0
1
3689 82
1
3690 105
1
3691 217
1
3692 18
1
3693 178
1
3694 27
0
1
3695 114
1
3696 225
1
3697 232
0
1
3698 162
1
3699 48
1
3700 151
0
1
3701 105
1
3702 195
0
1
3703 205
1
3704 30
0
1
3705 190
1
3706 209
0
0
1
3707 225
1
3708 94
1
3709 41
0
1
3710 6
1
3711 83
0
1
3712 171
0
1
3713 43
1
3714 217
1
3715 181
1
3716 194
0
1
3717 17
1
3718 81
0
1
3719 213
1
3720 72
0
1
3721 220
1
3722 165
0
0
0
0
1
3723 175
1
3724 125
0
0
1
3725 98
0
1
3726 132
0
1
3727 116
1
3728 194
1
3729 143
0
0
1
3730 20
1
3731 16
1
3732 64
0
1
3733 182
1
3734 227
0
0
0
1
3735 68
1
3736 208
1
3737 28
1
3738 184
0
0
0
1
3739 111
0
1
3740 226
0
1
3741 226
0
0
0
1
3742 213
1
3743 203
1
3744 23
0
1
3745 133
0
1
3746 240
0
1
3747 248
1
3748 3
0
0
0
1
3749 231
0
1
3750 140
1
3751 150
1
3752 209
0
0
1
3753 240
1
3754 95
1
3755 187
0
0
1
3756 37
1
3757 206
1
3758 76
1
3759 216
1
3760 68
1
3761 244
1
3762 244
1
3763 40
1
3764 249
1
3765 120
0
1
3766 189
1
3767 170
0
0
1
3768 110
1
3769 20
1
3770 87
1
3771 173
0
1
3772 183
0
1
3773 59
0
1
3774 20
1
3775 14
1
3776 242
0
0
1
3777 116
1
3778 202
0
1
3779 74
1
3780 126
0
0
1
3781 41
0
1
3782 62
1
3783 201
1
3784 121
1
3785 93
1
3786 209
0
0
1
3787 197
1
3788 9
0
1
3789 36
1
3790 22
1
3791 100
0
0
0
1
3792 126
1
3793 89
1
3794 8
1
3795 132
0
1
3796 153
0
0
0
0
0
1
3797 192
0
1
3798 42
0
1
3799 36
0
0
1
3800 243
0
0
1
3801 159
0
0
1
3802 170
1
3803 38
0
1
3804 117
1
3805 123
1
3806 209
0
0
1
3807 234
0
1
3808 121
1
3809 173
1
3810 67
1
3811 131
1
3812 230
1
3813 71
0
1
3814 217
1
3815 155
0
0
1
3816 188
0
0
1
3817 212
1
3818 241
1
3819 63
0
1
3820 240
1
3821 25
0
1
3822 95
0
0
1
3823 25
0
0
1
3824 37
0
1
3825 124
0
1
3826 13
1
3827 156
0
1
3828 172
1
3829 63
0
0
1
3830 236
0
1
3831 190
0
0
0
0
1
3832 53
0
1
3833 89
0
1
3834 23
0
1
3835 120
0
0
1
3836 102
1
3837 72
1
3838 34
0
1
3839 60
0
0
0
0
1
3840 116
1
3841 71
1
3842 2
0
1
3843 97
0
1
3844 65
0
0
0
1
3845 62
1
3846 187
0
1
3847 29
1
3848 164
0
0
0
1
3849 87
0
0
0
0
0
1
3850 144
0
1
3851 151
1
3852 204
1
3853 41
1
3854 47
1
3855 38
0
1
3856 172
1
3857 93
1
3858 17
1
3859 63
1
3860 76
0
0
1
3861 52
1
3862 168
1
3863 167
1
3864 238
1
3865 22
1
3866 17
0
0
1
3867 99
1
3868 71
0
0
1
3869 117
1
3870 174
1
3871 25
0
0
1
3872 130
0
1
3873 128
1
3874 246
1
3875 10
0
1
3876 9
1
3877 128
0
0
1
3878 113
1
3879 178
1
3880 20
1
3881 114
1
3882 60
1
3883 196
0
1
3884 23
0
0
0
0
0
0
1
3885 184
0
1
3886 97
0
0
0
0
0
0
0
1
3887 109
1
3888 185
0
0
0
1
3889 11
1
3890 68
1
3891 46
0
0
0
0
1
3892 191
0
0
1
3893 217
1
3894 225
1
3895 103
1
3896 178
1
3897 33
1
3898 202
0
1
3899 209
0
0
1
3900 68
0
0
1
3901 208
0
1
3902 100
1
3903 45
1
3904 207
0
0
1
3905 129
1
3906 21
1
3907 143
0
1
3908 204
1
3909 172
0
0
0
0
0
0
1
3910 204
0
1
3911 201
1
3912 132
0
0
0
1
3913 178
0
1
3914 138
1
3915 190
1
3916 239
0
0
1
3917 171
1
3918 238
1
3919 231
1
3920 199
0
0
0
0
0
1
3921 39
0
0
1
3922 16
0
1
3923 128
1
3924 104
1
3925 152
1
3926 108
1
3927 112
0
0
1
3928 52
0
0
1
3929 55
1
3930 202
0
0
1
3931 92
1
3932 43
0
0
0
1
3933 188
0
0
1
3934 115
0
0
0
1
3935 105
1
3936 124
0
0
0
0
1
3937 57
0
0
1
3938 53
1
3939 95
0
0
0
1
3940 23
0
1
3941 104
1
3942 17
1
3943 172
1
3944 134
0
0
1
3945 7
1
3946 78
0
1
3947 156
0
0
0
1
3948 94
0
1
3949 66
0
1
3950 184
1
3951 213
0
1
3952 37
0
0
0
1
3953 164
1
3954 118
1
3955 52
0
1
3956 231
0
0
0
1
3957 153
0
0
0
0
0
1
3958 85
1
3959 89
0
0
1
3960 218
0
1
3961 154
0
0
1
3962 36
0
0
1
3963 209
0
0
1
3964 179
1
3965 202
0
1
3966 220
1
3967 46
0
1
3968 14
0
0
1
3969 205
0
1
3970 42
1
3971 111
1
3972 234
0
0
1
3973 203
1
3974 85
1
3975 207
1
3976 16
0
1
3977 229
1
3978 161
1
3979 64
0
1
3980 146
1
3981 241
1
3982 43
1
3983 185
0
1
3984 163
0
1
3985 49
0
1
3986 120
1
3987 230
1
3988 203
1
3989 20
1
3990 125
1
3991 199
1
3992 52
0
0
1
3993 71
1
3994 231
0
0
1
3995 3
1
3996 204
0
0
0
1
3997 236
0
0
1
3998 136
0
0
0
1
3999 90
0
0
1
4000 248
0
0
1
4001 8
0
0
0
1
4002 194
0
0
0
1
4003 25
1
4004 46
0
0
0
0
0
0
1
4005 92
0
0
1
4006 194
1
4007 246
1
4008 125
1
4009 61
1
4010 2
0
0
1
4011 197
0
0
1
4012 6
1
4013 220
0
0
1
4014 81
0
0
0
1
4015 87
0
0
0
1
4016 240
0
0
1
4017 38
0
1
4018 87
0
0
0
0
1
4019 25
0
1
4020 61
1
4021 226
1
4022 48
1
4023 105
0
1
4024 9
1
4025 152
0
1
4026 129
0
1
4027 164
0
1
4028 147
0
0
1
4029 139
1
4030 233
0
1
4031 206
1
4032 240
1
4033 9
0
0
0
1
4034 158
1
4035 20
1
4036 95
1
4037 214
1
4038 38
0
0
1
4039 233
1
4040 7
1
4041 228
1
4042 190
0
1
4043 64
1
4044 108
0
0
0
1
4045 19
1
4046 66
0
1
4047 50
0
0
0
0
1
4048 169
0
0
0
1
4049 247
1
4050 45
0
1
4051 185
0
1
4052 61
1
4053 34
1
4054 111
1
4055 79
1
4056 202
0
0
0
1
4057 162
0
1
4058 23
0
0
1
4059 131
1
4060 209
0
0
0
0
0
1
4061 233
0
1
4062 18
0
0
1
4063 147
0
1
4064 63
1
4065 192
0
0
1
4066 170
0
0
0
1
4067 140
0
1
4068 92
0
0
0
1
4069 70
0
0
0
0
1
4070 221
0
1
4071 52
0
0
0
1
4072 22
0
1
4073 246
1
4074 219
1
4075 42
0
0
0
0
0
0
0
0
1
4076 117
1
4077 160
0
1
4078 235
1
4079 3
0
0
1
4080 6
0
1
4081 104
0
1
4082 247
0
0
0
0
0
0
0
0
1
4083 66
1
4084 34
1
4085 161
1
4086 95
0
0
1
4087 200
1
4088 100
1
4089 223
1
4090 42
1
4091 239
0
0
1
4092 126
1
4093 227
1
4094 249
1
4095 190
0
1
4096 138
0
0
1
4097 31
0
0
0
1
4098 63
0
1
4099 74
1
4100 147
0
0
0
1
4101 126
1
4102 97
1
4103 74
1
4104 9
1
4105 192
1
4106 89
1
4107 23
0
0
0
1
4108 30
1
4109 98
1
4110 66
1
4111 50
0
0
1
4112 16
0
1
4113 82
1
4114 215
1
4115 144
1
4116 214
0
0
0
1
4117 105
1
4118 209
0
0
0
0
0
0
0
0
1
4119 30
0
1
4120 220
0
0
1
4121 109
1
4122 210
0
0
0
0
1
4123 209
1
4124 231
0
0
1
4125 61
1
4126 179
1
4127 61
1
4128 63
1
4129 188
1
4130 194
0
1
4131 99
1
4132 83
0
1
4133 84
1
4134 52
1
4135 96
1
4136 214
1
4137 107
1
4138 96
0
1
4139 120
0
1
4140 150
0
1
4141 33
0
1
4142 96
0
0
1
4143 52
1
4144 16
1
4145 221
0
0
1
4146 227
1
4147 205
0
1
4148 128
1
4149 233
1
4150 204
1
4151 74
0
0
0
0
1
4152 205
0
0
0
1
4153 138
0
0
1
4154 65
0
0
1
4155 83
1
4156 98
0
1
4157 128
1
4158 117
1
4159 147
0
0
0
0
0
0
0
0
1
4160 2
1
4161 5
1
4162 67
1
4163 98
1
4164 198
0
1
4165 189
0
1
4166 4
1
4167 226
0
1
4168 10
1
4169 230
1
4170 64
0
0
0
1
4171 26
1
4172 148
0
1
4173 133
1
4174 141
1
4175 55
0
0
1
4176 103
0
1
4177 219
1
4178 186
0
1
4179 184
0
1
4180 177
0
1
4181 3
0
0
0
0
1
4182 204
1
4183 91
0
0
1
4184 216
0
1
4185 73
0
0
0
1
4186 21
1
4187 32
1
4188 90
0
0
1
4189 216
0
0
1
4190 184
0
0
1
4191 67
1
4192 137
1
4193 92
1
4194 211
1
4195 143
0
1
4196 197
1
4197 143
0
0
1
4198 208
0
0
0
1
4199 68
0
0
1
4200 200
0
1
4201 115
0
0
0
1
4202 25
1
4203 97
1
4204 26
0
1
4205 15
0
1
4206 189
1
4207 122
0
0
0
1
4208 77
0
1
4209 123
0
1
4210 165
0
0
0
0
0
1
4211 204
0
1
4212 167
0
0
0
0
0
0
0
0
0
0
1
4213 43
0
0
0
0
1
4214 152
0
1
4215 249
0
1
4216 180
0
0
1
4217 138
1
4218 146
0
1
4219 120
0
0
0
0
0
0
1
4220 112
0
1
4221 41
1
4222 143
0
0
0
1
4223 109
0
1
4224 122
1
4225 230
1
4226 22
1
4227 10
1
4228 63
1
4229 190
1
4230 71
0
0
0
0
0
1
4231 186
1
4232 143
1
4233 50
1
4234 235
0
1
4235 169
0
1
4236 114
0
0
0
1
4237 184
1
4238 118
0
0
1
4239 115
0
0
1
4240 43
1
4241 63
0
1
4242 171
1
4243 246
1
4244 152
0
0
1
4245 154
0
1
4246 226
1
4247 197
0
1
4248 110
0
0
0
0
0
0
1
4249 197
0
1
4250 227
1
4251 38
0
0
1
4252 23
1
4253 190
0
0
1
4254 77
0
1
4255 46
1
4256 215
0
0
1
4257 75
1
4258 49
1
4259 239
0
1
4260 122
1
4261 139
1
4262 43
0
0
0
0
0
1
4263 197
0
0
0
1
4264 213
1
4265 105
1
4266 19
1
4267 73
1
4268 105
0
0
0
1
4269 202
0
1
4270 215
0
1
4271 71
1
4272 209
0
1
4273 169
0
0
0
1
4274 117
0
0
0
1
4275 75
1
4276 134
0
0
1
4277 124
0
1
4278 109
0
1
4279 8
1
4280 153
1
4281 203
1
4282 40
1
4283 28
1
4284 77
0
0
1
4285 211
0
0
1
4286 236
1
4287 38
1
4288 13
0
0
1
4289 225
1
4290 241
1
4291 14
0
1
4292 34
1
4293 171
1
4294 197
0
0
0
0
1
4295 16
1
4296 226
0
1
4297 57
1
4298 187
1
4299 204
1
4300 2
0
1
4301 225
1
4302 137
0
0
0
1
4303 169
1
4304 82
0
0
1
4305 8
0
0
1
4306 105
1
4307 145
0
0
1
4308 71
1
4309 144
0
1
4310 92
0
0
1
4311 143
0
0
1
4312 180
1
4313 193
1
4314 13
0
0
1
4315 22
1
4316 225
0
1
4317 13
1
4318 92
1
4319 102
0
0
0
1
4320 229
0
0
1
4321 230
0
0
1
4322 248
1
4323 187
1
4324 41
1
4325 197
0
0
1
4326 49
0
1
4327 40
0
0
1
4328 236
0
0
0
1
4329 200
1
4330 133
1
4331 43
0
0
1
4332 216
0
1
4333 114
1
4334 111
1
4335 187
1
4336 105
0
0
0
1
4337 65
1
4338 222
1
4339 43
0
0
0
0
0
0
0
0
0
0
1
4340 76
0
0
1
4341 92
0
1
4342 85
1
4343 35
0
0
1
4344 188
1
4345 205
1
4346 35
0
1
4347 8
0
1
4348 170
0
0
0
0
0
1
4349 96
0
1
4350 100
1
4351 71
0
1
4352 178
1
4353 23
0
0
1
4354 236
0
1
4355 18
1
4356 233
0
1
4357 210
1
4358 28
0
1
4359 181
0
0
0
0
1
4360 83
0
1
4361 204
0
1
4362 29
0
1
4363 47
0
0
0
0
1
4364 44
1
4365 38
0
1
4366 246
0
0
0
1
4367 220
1
4368 29
0
0
0
0
1
4369 74
0
0
0
1
4370 182
0
0
0
0
0
0
1
4371 197
1
4372 41
0
1
4373 20
0
0
0
0
0
1
4374 172
0
0
1
4375 8
0
1
4376 217
0
0
0
0
1
4377 70
1
4378 229
0
0
0
0
0
1
4379 233
0
0
1
4380 162
0
0
0
0
0
0
1
4381 167
0
0
1
4382 101
0
1
4383 112
0
1
4384 88
1
4385 116
0
1
4386 164
1
4387 225
0
0
0
1
4388 138
0
0
0
0
1
4389 91
0
0
0
0
1
4390 6
0
0
0
1
4391 113
1
4392 197
1
4393 16
0
0
0
0
0
0
0
0
0
0
1
4394 141
1
4395 145
1
4396 137
0
1
4397 241
1
4398 204
0
0
0
0
1
4399 45
0
1
4400 73
0
0
1
4401 63
0
0
0
0
0
0
0
0
0
0
0
1
4402 109
0
1
4403 23
1
4404 85
0
1
4405 63
0
0
0
0
0
0
0
1
4406 173
0
0
0
1
4407 151
0
1
4408 171
0
0
0
1
4409 238
0
1
4410 197
0
1
4411 215
0
0
0
0
0
0
0
1
4412 200
0
0
0
0
0
0
0
0
1
4413 90
0
0
0
0
1
4414 186
1
4415 107
0
0
0
0
0
0
1
4416 155
1
4417 38
1
4418 163
0
0
0
0
0
0
1
4419 128
0
0
0
1
4420 149
0
0
0
0
1
4421 185
1
4422 80
0
0
1
4423 30
0
0
0
1
4424 179
0
0
0
0
0
0
0
1
4425 23
0
0
0
0
1
4426 63
0
0
0
0
0
0
1
4427 10
0
0
1
4428 92
1
4429 51
0
0
0
0
1
4430 43
0
0
0
0
1
4431 181
0
1
4432 156
0
0
1
4433 197
1
4434 7
0
1
4435 237
1
4436 204
1
4437 75
0
1
4438 114
1
4439 31
0
0
0
0
0
0
0
1
4440 16
1
4441 67
1
4442 173
0
0
0
0
0
1
4443 26
1
4444 92
0
1
4445 159
1
4446 77
0
1
4447 151
1
4448 66
1
4449 133
1
4450 229
0
0
0
1
4451 6
1
4452 83
1
4453 171
0
1
4454 221
0
0
0
0
0
0
0
0
1
4455 29
1
4456 230
0
0
0
0
0
1
4457 159
1
4458 34
0
0
0
0
1
4459 211
1
4460 139
0
0
0
0
1
4461 38
0
1
4462 54
0
0
0
0
0
0
0
0
0
0
0
0
0
0
1
4463 215
0
0
1
4464 47
1
4465 172
0
0
0
0
0
1
4466 91
1
4467 218
1
4468 149
0
0
1
4469 124
1
4470 202
0
0
0
0
0
1
4471 225
0
0
0
0
1
4472 121
0
1
4473 218
1
4474 64
1
4475 80
0
0
0
0
1
4476 81
0
1
4477 196
1
4478 39
0
1
4479 23
0
1
4480 186
1
4481 155
1
4482 42
1
4483 230
1
4484 22
0
1
4485 160
0
0
0
0
0
1
4486 181
0
0
0
0
0
0
0
0
0
1
4487 243
0
0
0
1
4488 38
1
4489 75
0
0
1
4490 71
0
1
4491 187
1
4492 64
1
4493 226
0
1
4494 67
0
1
4495 199
1
4496 235
1
4497 214
0
1
4498 11
1
4499 135
1
4500 145
1
4501 222
0
0
0
0
0
1
4502 125
0
0
0
0
0
0
0
1
4503 218
0
1
4504 247
0
1
4505 213
1
4506 206
0
0
0
1
4507 132
1
4508 107
0
0
0
0
1
4509 16
0
0
0
0
0
0
0
0
0
0
0
1
4510 92
0
1
4511 242
1
4512 63
0
0
0
0
1
4513 186
0
1
4514 94
0
0
0
0
0
0
0
0
0
0
0
1
4515 19
0
0
1
4516 23
1
4517 122
0
0
0
0
0
0
0
0
1
4518 126
1
4519 209
1
4520 78
1
4521 4
0
1
4522 38
0
0
1
4523 13
1
4524 230
0
0
1
4525 94
1
4526 9
1
4527 63
0
1
4528 97
1
4529 213
1
4530 134
1
4531 209
0
1
4532 162
0
0
1
4533 68
0
0
1
4534 114
0
0
0
0
0
0
0
0
1
4535 105
1
4536 125
1
4537 192
0
1
4538 179
0
0
0
1
4539 107
1
4540 130
0
0
0
0
0
0
0
1
4541 147
1
4542 164
0
1
4543 145
1
4544 168
0
0
0
0
1
4545 43
0
1
4546 200
0
0
0
0
0
1
4547 158
1
4548 51
1
4549 68
0
0
0
0
0
0
1
4550 78
0
1
4551 25
1
4552 202
1
4553 97
0
0
1
4554 201
0
1
4555 149
0
0
0
1
4556 7
0
0
1
4557 80
0
0
0
0
1
4558 8
1
4559 36
1
4560 81
1
4561 81
0
1
4562 181
0
0
0
1
4563 218
1
4564 84
0
0
1
4565 54
1
4566 152
1
4567 164
0
0
0
0
0
0
0
0
1
4568 237
1
4569 64
0
0
0
1
4570 94
1
4571 61
0
0
0
0
1
4572 74
0
0
1
4573 161
0
1
4574 32
0
0
0
0
0
0
0
0
0
0
0
0
0
1
4575 124
0
0
1
4576 239
0
0
0
1
4577 76
1
4578 16
0
0
0
0
0
0
0
0
0
1
4579 36
0
1
4580 52
0
0
0
1
4581 67
0
0
1
4582 125
1
4583 215
0
0
0
1
4584 69
0
0
1
4585 157
0
0
0
0
0
0
1
4586 47
0
0
1
4587 121
0
0
0
0
0
0
1
4588 195
0
0
0
0
0
1
4589 179
1
4590 80
0
0
1
4591 107
0
0
1
4592 125
1
4593 154
0
1
4594 79
0
0
0
1
4595 228
1
4596 15
0
1
4597 31
0
0
0
0
0
0
0
1
4598 160
1
4599 98
0
1
4600 123
0
0
0
1
4601 206
0
1
4602 123
0
0
0
1
4603 12
0
1
4604 126
0
0
0
1
4605 159
0
1
4606 143
1
4607 56
0
0
0
1
4608 34
0
0
0
0
0
0
0
0
0
1
4609 65
0
1
4610 246
0
1
4611 213
0
0
1
4612 20
0
0
0
0
0
1
4613 12
0
0
1
4614 234
0
0
0
0
0
0
1
4615 68
0
1
4616 138
0
0
0
1
4617 191
0
0
0
0
1
4618 238
1
4619 192
0
0
1
4620 50
1
4621 34
1
4622 18
1
4623 34
1
4624 98
1
4625 7
0
0
0
0
1
4626 190
0
0
0
0
0
0
1
4627 170
1
4628 204
0
0
0
0
0
0
0
1
4629 168
1
4630 168
1
4631 42
0
0
1
4632 121
1
4633 145
0
0
0
0
0
0
0
0
0
0
0
0
1
4634 117
0
0
0
0
0
1
4635 20
0
0
0
0
0
0
0
0
0
0
0
0
0
0
0
0
0
0
0
0
0
1
4636 16
0
0
0
0
0
0
0
0
0
0
0
0
0
0
0
0
0
0
0
0
1
4637 162
0
0
1
4638 23
0
0
0
0
0
1
4639 17
0
0
0
0
0
1
4640 228
0
0
0
0
0
0
1
4641 26
0
1
4642 210
0
0
1
4643 86
0
0
0
0
0
0
0
0
1
4644 20
0
0
0
0
1
4645 248
0
0
0
0
0
0
0
0
1
4646 28
0
0
0
0
0
0
0
0
0
0
0
0
0
1
4647 220
0
0
0
0
1
4648 102
0
1
4649 190
0
1
4650 167
0
0
0
1
4651 64
0
0
0
0
1
4652 105
0
0
1
4653 215
0
1
4654 144
0
0
0
1
4655 10
0
0
0
0
0
1
4656 4
0
0
0
0
0
0
0
0
1
4657 215
0
0
0
0
0
0
0
0
0
0
0
0
0
0
0
0
1
4658 68
0
0
0
0
0
0
0
1
4659 65
0
0
0
0
0
0
0
0
1
4660 35
0
0
1
4661 162
1
4662 136
1
4663 217
1
4664 45
1
4665 115
0
0
0
0
0
0
0
0
1
4666 222
1
4667 231
0
0
1
4668 147
0
0
0
0
1
4669 153
1
4670 197
0
1
4671 239
0
0
0
0
0
0
0
0
0
0
1
4672 190
0
0
1
4673 134
0
0
0
0
0
0
0
1
4674 25
0
0
0
0
0
0
0
0
0
0
0
0
0
0
0
0
0
0
0
1
4675 129
1
4676 158
0
0
0
0
0
1
4677 152
0
0
0
0
0
0
0
0
1
4678 16
0
0
0
0
0
0
0
1
4679 112
0
0
0
0
0
0
0
1
4680 176
0
1
4681 56
0
0
0
0
0
0
0
1
4682 202
0
0
0
0
0
0
0
0
0
0
0
0
0
0
0
0
0
0
1
4683 46
1
4684 200
0
0
0
0
0
0
0
0
0
0
0
0
0
0
0
1
4685 116
0
0
0
0
0
0
0
1
4686 36
0
0
0
0
0
1
4687 43
0
0
0
1
4688 121
0
0
0
1
4689 108
1
4690 217
0
0
0
0
0
0
0
0
0
0
1
4691 51
0
0
0
0
0
0
0
0
0
1
4692 221
0
0
0
0
0
0
0
0
0
0
0
1
4693 142
0
1
4694 124
1
4695 154
0
0
0
0
0
0
0
0
0
0
0
0
0
0
0
0
0
0
0
0
0
0
0
1
4696 33
0
0
0
0
0
0
1
4697 133
0
0
0
0
0
0
1
4698 125
0
1
4699 163
0
0
0
0
0
0
1
4700 216
0
1
4701 190
0
0
0
1
4702 204
0
0
0
0
0
1
4703 17
0
0
0
0
0
0
0
0
0
1
4704 23
0
0
0
0
1
4705 164
0
1
4706 209
0
0
0
0
0
1
4707 67
0
0
0
1
4708 45
0
0
0
0
0
0
0
0
0
0
0
0
1
4709 73
0
1
4710 30
0
0
0
0
0
0
0
0
0
0
0
0
0
0
0
0
0
0
0
0
0
0
1
4711 138
0
0
0
1
4712 30
0
0
0
0
0
0
0
0
0
0
0
1
4713 169
0
0
0
0
0
0
1
4714 83
0
1
4715 178
0
0
0
0
0
0
0
0
0
1
4716 159
1
4717 144
0
0
0
0
0
1
4718 41
0
1
4719 246
0
0
0
0
0
0
0
0
0
1
4720 226
1
4721 17
0
0
0
0
0
0
0
0
0
0
0
0
0
0
1
4722 211
0
0
0
1
4723 94
0
0
0
0
1
4724 111
0
0
0
0
0
0
0
1
4725 12
0
0
0
0
0
0
0
0
0
0
1
4726 114
0
0
1
4727 51
0
0
0
0
0
0
0
0
0
1
4728 36
0
0
0
0
0
0
0
0
0
1
4729 74
0
1
4730 222
0
1
4731 229
0
0
0
0
0
0
0
0
0
0
0
0
0
0
1
4732 33
0
1
4733 221
0
0
0
0
1
4734 156
0
0
0
0
0
0
0
0
0
0
0
0
0
0
0
0
0
0
0
1
4735 197
0
0
0
0
1
4736 76
0
1
4737 202
0
1
4738 7
0
0
1
4739 36
1
4740 108
0
0
0
0
1
4741 234
0
0
1
4742 178
0
0
0
1
4743 5
0
0
1
4744 147
0
0
0
1
4745 6
0
0
0
0
0
0
0
0
0
0
0
0
0
0
0
0
0
0
0
0
1
4746 91
0
0
0
0
0
0
0
0
0
0
0
0
0
0
0
1
4747 136
0
0
0
0
0
0
0
0
0
0
0
0
0
0
0
0
0
1
4748 13
0
0
0
0
0
1
4749 122
0
0
0
0
0
0
0
0
1
4750 189
0
1
4751 148
0
0
0
0
0
0
0
0
0
0
0
0
0
0
0
0
0
0
0
0
0
0
0
0
0
0
0
0
1
4752 205
0
0
0
0
1
4753 41
0
0
0
1
4754 120
0
0
1
4755 68
0
0
0
0
0
0
0
0
0
0
1
4756 192
0
0
0
0
0
0
0
0
0
0
0
0
0
0
0
0
0
0
0
0
0
0
0
0
0
0
0
0
0
0
0
0
0
0
0
1
4757 220
0
0
0
0
0
0
0
0
0
1
4758 239
0
0
1
4759 197
0
0
0
0
0
0
0
0
0
0
0
0
0
0
0
0
1
4760 208
0
0
0
0
0
0
0
0
0
0
0
0
0
0
0
0
0
0
0
0
0
0
0
0
1
4761 214
0
0
0
0
0
0
0
0
0
0
0
0
0
0
0
0
0
0
0
0
0
0
0
0
0
0
0
0
0
0
0
0
1
4762 244
0
0
0
0
0
0
0
0
0
0
0
0
0
0
0
0
0
0
0
0
0
0
0
0
0
0
0
0
0
0
0
0
0
0
0
0
0
0
0
1
4763 133
0
0
0
0
0
0
0
0
0
1
4764 172
0
0
0
1
4765 230
0
0
0
0
0
0
0
0
0
0
0
0
0
1
4766 132
0
1
4767 226
0
0
0
0
0
0
0
0
0
0
0
0
0
0
0
0
0
0
0
0
0
0
0
0
0
0
1
4768 59
0
0
0
0
0
0
0
0
0
0
0
0
0
0
0
1
4769 6
0
0
0
0
0
0
0
0
0
0
0
0
0
0
0
0
0
0
0
0
0
0
0
0
0
0
0
0
0
0
0
0
0
0
0
0
0
0
1
4770 37
0
0
0
0
0
0
0
0
0
0
0
1
4771 66
0
0
0
0
0
0
0
0
0
0
0
0
0
0
0
0
0
0
0
0
0
0
0
0
0
0
0
0
0
0
0
0
0
0
0
1
4772 144
0
0
0
0
0
0
0
0
0
0
0
0
0
1
4773 108
0
0
0
0
0
0
1
4774 246
0
0
0
0
0
0
0
1
4775 143
0
0
0
0
0
0
0
0
0
0
0
0
0
0
0
0
0
1
4776 30
0
0
0
0
0
0
0
0
0
0
0
0
0
1
4777 235
0
0
0
0
0
0
0
0
0
0
0
0
0
0
0
1
4778 44
0
0
0
0
0
0
0
0
0
0
0
0
0
0
0
0
0
0
0
0
0
0
0
0
0
0
0
0
0
0
0
0
0
0
1
4779 149
0
0
0
0
0
0
0
0
0
0
0
0
0
0
0
0
0
0
0
0
0
0
1
4780 172
0
0
0
0
0
0
0
0
0
0
0
0
0
0
0
0
0
0
0
0
0
0
0
0
0
0
0
0
0
0
0
0
0
0
0
0
0
0
0
0
0
0
0
0
0
0
0
0
0
0
0
0
0
0
0
0
0
0
0
0
0
0
0
0
0
0
0
0
0
0
0
0
0
0
0
0
0
0
0
0
0
0
0
0
0
0
0
0
0
0
0
0
0
0
0
0
0
0
0
0
0
0
0
0
0
0
0
0
0
0
0
0
0
0
0
0
0
0
0
0
0
0
0
0
0
0
0
0
0
0
0
0
0
0
0
0
0
0
0
0
0
0
0
0
0
0
0
0
0
0
0
0
0
0
0
0
0
0
0
0
0
0
0
0
0
0
0
0
0
0
0
0
0
0
0
0
0
0
0
0
0
0
0
0
0
0
0
0
0
0
0
0
0
0
0
0
0
0
0
0
0
0
0
0
0
0
0
0
0
0
0
0
0
0
0
0
0
0
0
0
0
0
0
0
0
0
0
0
0
0
0
0
0
0
0
0
0
0
0
0
0
0
0
0
0
0
0
0
0
0
0
0
0
0
0
0
0
0
0
0
0
0
0
0
0
0
0
0
0
0
0
0
0
0
0
0
0
0
0
0
0
0
0
0
0
0
0
0
0
0
0
0
0
0
0
0
0
0
0
0
0
0
0
0
0
0
0
0
0
0
0
0
0
0
0
0
0
0
0
0
0
0
0
0
0
0
0
0
0
0
0
0
0
0
0
0
0
0
0
0
0
0
0
0
0
0
0
0
0
0
0
0
0
0
0
0
0
0
0
0
0
0
0
0
0
0
0
0
0
0
0
0
0
0
0
0
0
0
0
0
0
0
0
0
0
0
0
0
0
0
0
0
0
0
0
0
0
0
0
0
0
0
0
0
0
0
0
0
0
0
0
0
0
0
0
0
0
0
0
0
0
0
0
0
0
0
0
0
0
0
0
0
0
0
0
0
0
0
0
0
0
0
0
0
0
0
0
0
0
0
0
0
0
0
0
0
0
0
0
0
0
0
0
0
0
0
0
0
0
0
0
0
0
0
0
0
0
0
0
0
0
0
0
0
0
0
0
0
0
0
0
0
0
0
0
0
0
0
0
0
0
0
0
0
0
0
0
0
0
0
0
0
0
0
0
0
0
0
0
0
0
0
0
0
0
0
0
0
0
0
0
0
0
0
0
0
0
0
0
0
0
0
0
0
0
0
0
0
0
0
0
0
0
0
0
0
0
0
0
0
0
0
0
0
0
0
0
0
0
0
0
0
0
0
0
0
0
0
0
0
0
0
0
0
0
0
0
0
0
0
0
0
0
0
0
0
0
0
0
0
0
0
0
0
0
0
0
0
0
0
0
0
0
0
0
0
0
0
0
0
0
0
0
0
0
0
0
0
0
0
0
0
0
0
0
0
0
0
0
0
0
0
0
0
0
0
0
0
