398 662
135 392 2
219 301 4
164 184 1
5 255 2
150 71 3
198 388 2
130 206 2
92 378 4
178 232 5
271 177 2
317 228 3
140 346 4
191 367 2
302 35 4
13 113 4
144 283 3
245 265 5
176 221 3
4 106 3
146 286 4
132 140 4
96 11 4
294 78 3
238 112 3
94 325 3
350 15 5
194 308 3
232 59 3
41 48 3
10 204 2
271 70 4
38 327 3
292 322 5
89 114 4
274 310 4
156 219 4
266 53 2
225 213 4
70 341 2
195 260 2
284 6 2
355 324 4
112 326 3
67 111 3
284 312 3
332 78 3
296 268 2
132 137 3
15 180 4
78 197 2
47 79 4
191 305 3
64 210 2
201 397 2
30 261 3
81 103 4
357 101 3
181 109 5
387 196 5
214 105 3
43 247 2
302 376 3
374 370 4
328 130 3
178 225 3
120 300 4
171 54 2
358 379 4
397 65 3
231 333 3
32 111 4
357 93 3
326 221 3
58 349 5
60 359 3
330 265 4
391 38 3
202 344 3
212 38 2
393 251 2
36 175 4
67 96 2
203 150 4
394 370 3
220 263 3
16 224 4
270 43 1
329 33 4
279 142 3
128 330 4
199 180 5
19 226 3
103 373 3
229 275 5
150 135 3
27 226 3
367 229 3
114 141 3
158 392 5
123 136 2
98 117 3
343 280 3
121 48 2
137 258 4
175 340 5
159 242 4
212 192 4
95 148 5
117 288 4
198 127 3
274 275 3
116 44 3
234 267 4
225 190 2
118 370 4
318 2 3
115 53 4
225 59 3
209 162 3
235 14 3
178 59 3
53 285 3
55 200 4
177 218 3
63 8 1
104 328 2
111 54 3
94 373 2
256 62 4
51 341 5
351 26 3
199 24 3
112 289 3
374 250 3
72 378 3
335 45 3
378 28 3
349 277 3
122 22 5
193 20 2
126 145 2
365 170 3
224 56 4
280 59 4
211 398 3
104 183 4
221 323 2
27 367 1
242 21 2
201 99 3
231 304 4
268 139 3
105 145 3
88 129 5
93 101 2
126 208 3
179 211 2
188 85 3
191 23 3
318 315 3
227 57 4
6 66 3
293 108 3
263 45 4
50 379 4
128 91 4
200 187 2
262 96 4
221 75 2
239 85 2
368 94 4
364 276 3
274 156 3
34 172 3
179 258 1
68 268 2
294 197 3
77 365 3
31 317 3
34 80 2
175 139 3
95 250 4
250 152 4
245 49 3
117 375 2
163 254 4
259 68 4
41 339 3
301 84 3
236 152 3
98 237 3
273 51 5
216 207 3
181 279 3
389 115 3
36 268 3
21 89 2
389 297 1
106 101 4
155 43 3
395 293 4
270 247 4
86 43 5
84 249 5
263 396 4
171 248 2
299 331 2
79 162 3
306 195 3
26 347 3
149 290 4
277 119 2
316 133 3
62 154 3
196 253 3
305 186 1
180 251 2
200 130 4
176 283 3
342 236 3
72 21 2
23 226 3
377 122 3
223 361 4
298 100 4
49 246 5
290 166 4
18 100 4
9 85 3
190 321 2
241 165 3
356 202 4
191 186 2
328 293 4
396 313 3
46 37 3
269 273 2
276 354 5
298 238 3
371 31 2
202 362 2
215 200 3
330 28 4
222 240 1
149 243 3
308 346 5
160 318 4
143 63 4
132 257 5
114 66 3
230 352 3
193 218 2
119 389 4
321 338 3
371 36 3
273 123 4
266 109 4
240 381 2
285 58 4
376 254 3
336 7 3
329 37 3
76 334 5
342 165 3
246 347 3
121 157 4
337 215 4
48 385 2
244 3 4
194 81 3
380 337 4
315 170 4
278 259 3
371 317 3
141 245 2
147 292 4
9 122 5
82 205 5
80 255 4
377 189 2
379 269 3
329 238 3
316 12 4
206 187 3
89 242 3
329 289 2
349 119 2
194 257 3
142 340 3
350 124 3
73 368 5
381 312 3
224 222 3
148 241 4
25 131 4
260 121 4
80 391 3
172 315 4
254 129 4
56 240 3
355 32 4
174 29 3
243 217 3
39 127 3
93 249 3
125 323 3
168 73 3
235 48 4
360 90 2
372 304 4
212 327 4
344 356 4
97 352 5
126 65 4
185 45 3
182 390 3
181 173 4
252 143 3
11 133 2
348 40 4
63 272 4
287 207 3
286 203 2
398 61 4
134 74 5
69 14 3
199 22 5
333 372 4
140 107 3
146 76 1
115 277 5
196 227 3
192 335 4
156 1 2
11 303 3
128 246 3
55 39 2
248 33 3
351 387 4
177 215 3
392 169 3
52 1 3
204 218 2
191 27 1
272 12 2
213 321 3
279 340 4
386 83 4
259 50 4
91 184 3
188 239 5
51 127 5
94 264 2
189 124 3
302 296 4
166 168 4
284 159 4
62 267 3
52 219 2
161 287 3
298 388 4
336 92 3
210 87 3
42 290 4
75 289 3
387 57 3
349 252 4
100 205 2
146 224 3
167 217 4
131 83 4
337 20 4
77 319 3
132 382 4
292 163 3
211 252 3
333 230 4
347 366 4
359 93 2
245 169 2
372 251 3
357 359 2
283 112 4
4 131 3
195 157 3
362 356 3
154 87 4
2 151 4
126 105 4
56 381 3
295 171 2
134 61 3
129 163 3
121 41 4
262 216 3
308 103 2
163 197 3
351 363 3
158 102 4
360 19 2
342 241 3
232 127 4
54 32 5
234 281 3
151 77 2
253 57 4
120 152 3
290 237 3
287 46 3
278 82 3
353 348 5
339 52 3
259 296 3
233 90 4
58 29 2
70 10 3
253 116 1
369 231 2
281 307 4
145 364 4
155 69 4
233 165 4
193 88 4
234 256 2
361 276 3
167 42 4
384 193 2
390 166 3
322 129 4
82 383 3
33 289 4
157 339 5
398 174 3
218 10 3
372 117 3
201 153 3
213 345 3
323 45 3
6 312 4
365 160 4
335 220 2
262 110 2
176 338 6
214 319 5
354 361 4
230 25 3
358 10 3
185 261 2
133 67 2
183 164 5
7 118 2
35 376 4
135 363 3
324 13 2
209 223 3
71 44 4
125 314 3
355 309 3
25 4 2
307 386 4
338 144 5
373 325 2
161 110 3
264 373 2
368 264 3
155 86 4
116 227 2
343 187 3
178 190 4
270 86 3
220 185 3
101 2 4
326 75 2
312 236 4
393 352 4
49 26 4
383 205 2
291 47 3
322 40 2
320 340 4
309 113 3
334 364 3
164 91 3
72 242 1
3 303 5
83 64 3
228 35 3
136 273 3
40 88 4
47 162 3
260 306 2
86 362 3
182 316 4
206 395 5
79 5 3
386 267 2
305 27 3
207 297 4
90 311 4
8 3 4
366 108 4
192 38 4
17 229 5
345 116 3
345 71 5
319 208 2
15 251 2
283 326 4
380 104 3
147 332 6
272 8 2
332 294 2
398 74 5
61 179 3
99 153 2
202 154 3
182 324 4
55 271 3
167 124 3
90 138 2
102 146 2
235 362 4
297 216 4
68 139 2
249 60 1
168 149 3
371 35 3
364 354 2
266 285 1
267 256 2
20 177 4
281 359 4
49 265 5
269 136 2
136 50 3
65 186 3
13 288 4
237 390 5
183 184 3
113 261 3
6 56 3
143 303 2
153 397 3
41 385 3
42 350 2
244 81 3
172 391 2
241 233 3
318 170 4
295 314 4
44 150 3
99 222 5
32 309 2
300 336 2
33 295 2
291 361 5
286 223 3
380 353 3
204 88 2
30 220 3
217 189 3
1 275 3
118 300 3
75 125 3
384 20 3
169 363 4
392 141 4
230 304 2
244 179 2
385 14 4
81 325 3
382 331 3
334 354 3
21 28 4
149 167 2
248 295 2
239 247 3
44 203 3
388 144 5
76 102 3
111 262 5
171 314 3
106 327 3
161 37 4
109 142 3
148 250 4
196 280 3
386 234 4
311 138 3
313 255 2
256 260 2
84 310 3
74 29 4
292 294 3
305 23 2
208 105 2
66 16 3
198 123 4
255 396 2
110 216 3
343 39 3
57 395 3
348 384 3
288 261 3
92 7 5
34 5 3
16 158 4
108 347 2
120 159 5
311 360 2
358 341 4
393 180 2
205 18 2
313 5 3
210 97 3
320 278 5
282 382 3
95 374 2
222 381 3
252 174 3
12 325 4
64 307 2
173 82 5
375 98 3
4 369 4
162 71 5
22 377 2
24 9 3
299 107 2
188 24 3
138 19 3
214 17 3
134 282 5
243 73 3
223 291 3
31 228 3
306 157 3
257 346 4
52 156 2
25 369 3
319 365 5
331 107 2
394 374 4
68 320 5
282 137 4
173 46 3
367 17 3
310 214 2
301 60 4
184 108 3
383 18 2
87 344 2
187 130 2
300 7 3
350 375 3
103 194 2
3 258 4
366 395 4
185 30 4
207 389 2
47 209 5
151 160 2
10000
0
0
0
0
0
0
0
0
0
0
0
0
0
0
0
0
0
0
0
0
0
0
0
0
0
0
0
0
0
0
0
0
0
0
0
0
0
0
0
0
0
0
0
0
0
0
0
0
0
0
0
0
0
0
0
0
0
0
0
0
0
0
0
0
0
0
0
0
0
0
0
0
0
0
0
0
0
0
0
0
0
0
0
0
0
0
0
0
0
0
0
0
0
0
0
0
0
0
0
0
0
0
0
0
0
0
1
1 165
0
0
0
0
0
0
0
0
0
0
0
0
0
0
0
0
0
0
0
0
0
0
0
0
0
0
0
0
0
0
0
0
0
0
0
0
0
0
0
0
0
0
0
0
0
0
0
0
0
0
0
0
0
0
0
0
0
0
0
0
0
0
0
1
2 51
0
0
0
0
0
0
0
0
0
0
0
0
0
0
0
0
0
0
0
0
0
0
1
3 325
0
0
0
0
0
0
0
0
0
0
1
4 114
0
0
0
0
0
0
0
0
0
1
5 44
0
0
0
0
0
0
0
0
0
0
0
0
0
0
0
0
0
0
0
0
0
0
0
0
0
0
0
0
0
0
0
0
0
0
0
0
0
0
0
0
0
0
0
0
0
1
6 36
0
0
0
0
0
0
0
0
0
0
0
0
0
0
0
0
0
0
0
0
0
0
0
0
0
0
0
0
0
0
0
0
0
0
0
0
0
0
0
1
7 198
0
0
0
0
0
0
0
0
0
0
0
0
0
0
0
0
0
0
0
0
0
0
0
0
0
0
0
0
0
0
0
0
0
0
0
0
0
0
0
0
0
0
0
0
0
0
0
0
1
8 193
0
0
0
0
0
0
0
0
0
0
0
0
0
0
0
0
0
0
0
0
0
0
0
0
0
1
9 82
1
10 197
1
11 106
0
0
0
0
0
0
0
0
0
0
0
0
0
0
0
0
0
0
0
0
0
0
0
0
0
0
0
0
0
0
0
0
0
0
0
0
1
12 188
0
1
13 59
0
0
0
0
0
0
0
0
0
0
0
0
0
0
0
0
0
0
0
0
0
0
0
0
0
0
0
0
1
14 148
0
0
0
1
15 65
0
0
0
0
0
0
0
0
0
0
1
16 265
0
0
0
0
0
0
0
0
0
0
0
0
0
0
0
0
0
0
0
0
0
0
0
0
0
0
0
0
0
0
0
0
0
0
0
1
17 322
0
0
0
0
0
0
0
0
0
0
0
0
0
0
0
0
0
0
0
0
0
0
0
1
18 98
0
0
0
0
0
0
0
1
19 157
0
0
0
1
20 237
0
0
0
0
0
0
0
1
21 6
0
0
0
0
0
0
0
0
0
0
1
22 390
0
0
0
0
0
0
0
0
0
0
0
0
0
0
0
1
23 78
0
0
1
24 108
0
1
25 337
0
0
0
0
0
0
0
0
0
0
0
0
0
0
0
0
1
26 280
0
0
0
0
0
1
27 9
0
0
0
0
0
1
28 99
0
0
0
1
29 285
0
0
0
0
0
0
1
30 380
0
0
0
0
0
0
0
0
1
31 336
0
0
1
32 54
0
1
33 48
0
0
0
0
0
0
0
0
1
34 275
1
35 175
0
0
0
0
0
0
0
0
0
0
1
36 46
0
0
0
0
0
0
0
0
0
0
0
1
37 240
0
0
1
38 185
0
1
39 327
1
40 50
0
1
41 341
0
1
42 382
0
0
0
0
0
0
0
0
0
1
43 365
0
0
0
1
44 250
0
0
0
0
0
0
0
0
1
45 287
0
0
0
0
1
46 330
0
0
0
0
1
47 339
1
48 82
0
0
0
0
0
0
0
0
1
49 105
0
0
0
0
0
0
0
0
0
0
0
0
0
0
0
0
0
0
1
50 86
0
0
0
0
1
51 150
0
0
0
0
0
0
0
0
0
0
0
0
0
1
52 61
0
0
0
1
53 96
0
0
0
0
0
0
0
0
0
0
0
1
54 337
1
55 15
0
0
1
56 190
0
0
0
0
0
0
0
1
57 350
0
0
0
0
0
0
0
0
0
0
0
0
1
58 326
1
59 226
0
0
1
60 312
0
0
0
0
0
0
0
1
61 269
0
1
62 242
0
1
63 279
0
0
0
0
0
0
0
0
0
0
0
0
0
0
0
0
0
0
0
0
0
0
0
1
64 183
0
0
1
65 52
0
0
0
0
0
0
0
1
66 8
0
0
0
0
0
0
0
0
0
0
0
0
0
0
0
0
0
0
0
0
0
1
67 16
0
0
0
0
0
0
0
0
0
1
68 6
0
0
0
0
0
0
0
0
0
0
0
0
0
0
1
69 328
0
0
0
0
0
0
0
0
1
70 88
0
0
1
71 281
0
0
0
0
0
0
0
0
0
0
1
72 191
0
0
0
0
1
73 370
0
0
0
0
0
0
0
0
1
74 206
1
75 254
0
0
0
0
0
0
1
76 291
0
0
1
77 151
0
0
0
0
0
0
0
0
0
0
0
0
1
78 212
0
1
79 333
0
0
1
80 321
0
0
0
0
0
0
0
0
0
0
1
81 28
1
82 221
0
0
1
83 271
0
1
84 147
0
0
0
0
0
0
0
0
1
85 143
0
0
1
86 373
1
87 67
0
1
88 113
0
0
0
0
0
0
0
1
89 355
0
0
0
0
0
0
0
0
0
1
90 365
0
0
0
0
0
0
0
1
91 3
0
0
0
0
1
92 51
1
93 48
1
94 206
0
0
0
0
0
0
0
0
0
0
0
0
0
0
0
0
0
0
0
0
0
0
0
1
95 279
0
0
0
0
1
96 302
1
97 136
0
0
0
0
0
0
1
98 129
1
99 385
1
100 189
0
0
0
1
101 172
1
102 111
0
1
103 118
0
0
0
0
0
1
104 139
0
1
105 353
0
1
106 258
0
0
0
0
0
0
0
0
0
0
0
0
0
0
0
0
1
107 129
1
108 160
0
0
0
1
109 72
0
0
0
0
1
110 240
0
1
111 166
0
1
112 281
0
1
113 293
0
0
0
0
0
0
0
0
0
0
0
0
0
1
114 297
0
1
115 228
1
116 153
0
0
0
0
0
1
117 376
0
0
0
1
118 9
1
119 134
0
0
1
120 221
0
0
1
121 102
0
0
0
0
0
0
0
0
0
0
1
122 347
0
0
1
123 224
0
0
0
0
1
124 70
0
0
0
0
0
0
0
0
0
0
1
125 176
0
0
1
126 269
0
0
0
0
0
0
0
0
0
0
0
0
0
0
0
0
0
0
0
0
0
0
0
0
0
0
0
1
127 181
0
0
0
0
0
0
0
0
0
0
0
0
0
0
1
128 53
0
0
1
129 258
0
0
1
130 9
0
0
0
0
0
0
0
0
0
1
131 368
0
0
1
132 385
0
0
1
133 361
0
0
0
0
0
0
1
134 289
0
0
0
0
0
1
135 72
0
0
1
136 373
0
0
0
0
1
137 253
0
0
0
0
0
0
0
0
0
0
0
0
0
0
0
0
0
0
0
1
138 363
1
139 227
0
1
140 345
1
141 203
1
142 152
1
143 136
1
144 72
0
0
0
0
0
0
1
145 88
0
0
0
0
0
1
146 269
0
0
1
147 101
0
0
0
0
1
148 150
1
149 384
0
0
0
0
1
150 168
0
0
0
1
151 7
1
152 43
0
1
153 127
0
0
1
154 137
1
155 336
0
0
0
0
0
0
0
0
1
156 185
0
0
0
0
0
0
0
0
1
157 382
0
0
0
0
0
0
0
0
0
0
0
0
1
158 237
0
0
0
0
0
0
0
0
0
1
159 367
0
0
0
0
1
160 340
0
0
0
0
0
0
1
161 63
0
0
1
162 265
0
0
0
0
0
1
163 292
0
0
0
0
0
0
0
0
0
0
0
1
164 106
0
0
0
0
0
0
0
0
0
0
1
165 2
0
0
1
166 215
0
0
0
0
0
0
1
167 167
0
0
0
0
0
0
0
0
0
1
168 248
0
0
1
169 269
1
170 197
0
0
1
171 191
1
172 58
0
1
173 61
0
0
0
0
1
174 214
0
0
0
0
1
175 193
1
176 329
1
177 369
0
0
0
0
0
0
0
1
178 295
0
0
1
179 392
0
0
0
0
1
180 318
0
0
0
1
181 324
0
0
0
0
0
0
1
182 232
0
0
0
0
0
0
0
0
0
0
0
0
1
183 305
0
1
184 129
0
0
0
1
185 97
1
186 325
0
0
0
0
1
187 146
0
0
0
0
0
0
0
1
188 276
0
0
0
0
0
1
189 314
0
0
0
0
0
0
0
0
1
190 144
0
0
0
1
191 161
0
1
192 127
1
193 129
0
0
1
194 283
0
0
0
0
0
1
195 64
0
0
1
196 323
0
0
0
0
1
197 86
1
198 79
0
1
199 32
0
1
200 353
1
201 237
0
0
0
0
0
0
0
1
202 18
0
0
0
1
203 289
0
0
0
0
0
1
204 84
0
0
0
0
0
0
0
1
205 356
0
0
0
0
1
206 323
0
0
1
207 162
0
1
208 131
0
0
0
0
0
0
1
209 62
0
0
0
1
210 168
0
0
0
1
211 109
0
0
0
0
0
1
212 43
0
1
213 63
0
1
214 170
0
0
0
0
0
1
215 21
0
0
1
216 231
1
217 295
0
0
1
218 213
0
1
219 232
1
220 187
0
1
221 241
0
0
0
0
1
222 205
0
0
0
0
0
0
0
1
223 51
0
0
0
0
0
0
1
224 387
0
0
1
225 138
0
0
0
1
226 84
1
227 381
1
228 42
1
229 103
1
230 69
0
0
1
231 333
0
0
0
0
0
0
1
232 336
0
0
0
0
0
0
0
1
233 13
0
0
0
1
234 40
0
1
235 51
0
0
1
236 144
0
0
0
0
0
0
1
237 308
1
238 273
1
239 6
1
240 35
1
241 51
0
0
0
0
1
242 88
0
1
243 211
0
0
0
0
0
1
244 265
1
245 243
1
246 341
0
0
0
0
0
0
1
247 319
0
0
0
0
0
1
248 219
0
0
0
0
1
249 230
0
1
250 296
1
251 382
0
1
252 237
0
1
253 271
0
0
0
0
0
0
1
254 170
0
1
255 203
0
0
0
0
0
0
1
256 272
0
0
0
0
0
0
1
257 380
1
258 205
1
259 345
0
1
260 279
0
0
1
261 207
0
0
0
1
262 39
0
1
263 351
0
0
0
0
0
1
264 331
1
265 101
0
0
0
0
0
0
0
0
0
0
0
1
266 213
1
267 156
0
0
1
268 197
0
0
0
1
269 151
0
0
0
1
270 309
0
1
271 225
0
1
272 136
0
1
273 358
1
274 170
0
1
275 159
0
1
276 39
0
0
1
277 202
0
0
0
1
278 375
0
0
0
0
0
0
0
1
279 54
1
280 111
0
0
1
281 36
0
0
0
1
282 225
0
1
283 347
1
284 10
0
0
0
0
0
0
0
1
285 338
1
286 298
0
0
0
0
0
1
287 345
0
0
0
1
288 78
0
0
0
1
289 39
0
0
1
290 55
0
1
291 185
0
0
0
0
0
1
292 288
0
0
0
0
0
0
1
293 351
1
294 202
1
295 38
1
296 233
0
0
1
297 17
0
0
0
0
0
0
1
298 260
0
0
0
0
0
0
1
299 396
0
1
300 66
1
301 108
1
302 295
0
0
1
303 225
0
1
304 190
0
0
0
0
0
0
1
305 232
0
0
0
0
0
1
306 262
0
0
1
307 285
1
308 283
1
309 308
0
1
310 196
0
0
1
311 318
0
0
0
1
312 226
0
1
313 20
0
0
1
314 262
0
0
0
1
315 275
0
1
316 302
0
1
317 23
1
318 262
1
319 337
1
320 7
0
0
0
0
1
321 311
1
322 218
1
323 231
0
0
0
1
324 333
0
0
0
0
0
1
325 219
0
1
326 188
0
1
327 371
0
0
0
0
1
328 106
0
0
0
0
1
329 348
0
1
330 327
1
331 392
0
0
1
332 245
0
0
0
0
0
1
333 152
1
334 235
0
0
0
0
0
0
0
0
1
335 8
1
336 157
1
337 91
0
1
338 34
0
0
0
1
339 294
0
1
340 14
0
0
0
1
341 15
1
342 292
0
0
1
343 5
1
344 396
1
345 32
0
0
1
346 384
0
0
1
347 361
0
0
0
0
0
1
348 81
0
0
0
1
349 152
1
350 91
0
0
0
0
0
1
351 378
1
352 298
0
1
353 292
1
354 3
1
355 237
0
0
0
1
356 167
0
1
357 381
0
1
358 213
1
359 39
0
0
0
1
360 284
0
1
361 388
0
0
0
0
1
362 63
0
0
0
0
0
0
0
0
0
0
1
363 232
1
364 362
1
365 64
1
366 79
0
0
1
367 35
1
368 273
1
369 307
0
0
0
0
0
0
1
370 295
1
371 341
0
1
372 72
0
0
1
373 93
1
374 337
0
0
0
0
0
0
0
0
0
0
0
1
375 104
0
0
0
1
376 69
0
0
0
0
1
377 387
0
0
1
378 266
0
0
0
1
379 155
0
0
0
1
380 247
0
1
381 160
1
382 189
1
383 185
0
0
1
384 291
0
1
385 74
0
0
0
0
0
0
0
1
386 359
1
387 124
0
0
1
388 75
1
389 82
0
1
390 41
1
391 216
0
0
1
392 308
0
0
1
393 181
0
0
1
394 339
0
0
0
0
0
0
0
1
395 206
1
396 240
1
397 318
0
1
398 167
0
0
0
1
399 165
0
0
1
400 240
1
401 47
0
1
402 102
0
0
0
1
403 287
0
0
0
0
1
404 137
0
0
0
0
0
0
0
1
405 61
1
406 260
1
407 150
0
1
408 145
0
1
409 180
1
410 44
1
411 398
1
412 233
0
0
1
413 295
1
414 261
1
415 235
0
1
416 112
1
417 359
1
418 168
1
419 301
1
420 370
0
0
0
1
421 62
1
422 77
0
1
423 56
1
424 236
1
425 216
0
1
426 385
0
1
427 171
0
1
428 275
1
429 343
0
0
0
0
1
430 141
1
431 266
0
0
1
432 223
1
433 253
1
434 30
1
435 386
0
0
1
436 32
0
0
0
0
0
0
0
0
0
0
1
437 86
1
438 161
0
0
1
439 140
0
0
1
440 48
1
441 351
0
0
0
1
442 70
0
0
1
443 360
0
0
1
444 363
1
445 254
1
446 137
0
1
447 139
0
0
0
0
1
448 278
0
1
449 381
1
450 281
0
0
1
451 327
1
452 390
1
453 325
0
0
0
0
1
454 381
0
0
1
455 112
1
456 298
1
457 265
0
0
0
0
1
458 298
0
1
459 102
1
460 112
1
461 118
1
462 185
1
463 165
0
0
0
0
1
464 285
0
1
465 127
0
1
466 274
0
1
467 381
0
0
0
1
468 77
0
0
0
1
469 330
1
470 392
0
1
471 258
0
1
472 126
0
0
0
1
473 388
1
474 116
0
0
0
0
0
0
0
1
475 248
1
476 215
0
0
1
477 301
0
1
478 178
0
0
1
479 309
0
1
480 232
0
0
1
481 51
1
482 168
0
0
1
483 342
1
484 125
0
0
1
485 345
1
486 324
1
487 190
1
488 244
0
0
0
0
1
489 144
0
1
490 144
0
0
0
1
491 209
0
1
492 37
1
493 82
1
494 393
1
495 7
1
496 129
0
1
497 39
1
498 69
0
0
0
0
0
1
499 287
1
500 28
1
501 195
0
0
0
0
0
0
1
502 130
0
1
503 44
0
0
0
1
504 358
1
505 92
0
0
1
506 96
1
507 381
1
508 62
0
0
0
1
509 191
0
0
0
1
510 387
1
511 112
0
0
1
512 279
0
0
1
513 132
0
1
514 41
0
1
515 87
0
1
516 262
0
0
0
0
0
0
1
517 41
0
0
1
518 249
0
0
0
0
1
519 43
0
0
0
0
0
1
520 64
0
0
0
1
521 187
1
522 161
0
0
1
523 163
0
0
0
1
524 178
1
525 54
0
1
526 153
1
527 390
0
0
1
528 365
0
0
1
529 140
0
1
530 224
0
0
0
0
0
0
1
531 218
1
532 24
1
533 254
0
0
0
1
534 207
1
535 225
0
0
1
536 142
1
537 247
1
538 164
1
539 280
1
540 333
1
541 171
0
1
542 377
1
543 284
0
0
0
0
0
1
544 323
1
545 112
0
1
546 388
0
1
547 289
1
548 359
0
0
0
1
549 358
0
1
550 153
1
551 161
0
1
552 392
0
1
553 86
0
0
1
554 346
0
0
0
0
1
555 348
0
0
1
556 20
0
1
557 280
0
0
0
1
558 144
1
559 178
1
560 183
1
561 174
1
562 26
1
563 176
0
1
564 151
0
0
0
1
565 51
1
566 167
1
567 67
0
0
0
0
1
568 298
1
569 137
0
1
570 190
1
571 225
0
0
0
0
0
1
572 198
0
0
1
573 127
1
574 379
0
0
0
0
0
0
0
0
1
575 92
0
0
0
0
0
0
0
0
0
1
576 298
1
577 292
0
0
0
1
578 45
1
579 184
0
0
1
580 132
0
0
1
581 321
1
582 379
1
583 352
0
0
0
1
584 258
1
585 196
0
0
1
586 323
1
587 174
1
588 192
1
589 327
0
1
590 286
0
0
0
1
591 327
1
592 293
0
1
593 34
1
594 302
0
0
1
595 320
1
596 46
1
597 295
1
598 295
0
1
599 203
1
600 28
1
601 14
0
0
0
0
0
0
1
602 324
1
603 217
0
0
0
0
0
0
0
1
604 208
0
0
1
605 243
0
0
1
606 221
0
0
0
1
607 114
0
0
1
608 385
1
609 103
0
0
0
1
610 32
0
1
611 95
0
1
612 73
0
0
0
0
1
613 215
0
0
1
614 333
1
615 110
0
0
0
0
1
616 321
1
617 386
0
1
618 332
0
0
0
1
619 287
1
620 226
0
0
1
621 352
1
622 169
0
0
1
623 148
1
624 324
0
1
625 351
1
626 194
1
627 209
1
628 252
0
0
0
1
629 63
0
1
630 98
0
0
0
0
1
631 145
1
632 232
0
0
1
633 133
0
1
634 239
0
0
1
635 83
0
0
1
636 226
0
0
0
0
0
1
637 190
1
638 174
0
1
639 227
1
640 212
0
0
1
641 119
1
642 119
1
643 176
1
644 107
0
1
645 382
1
646 227
1
647 339
0
1
648 288
1
649 307
0
1
650 103
0
1
651 61
1
652 187
1
653 132
1
654 131
1
655 295
0
0
0
0
1
656 308
1
657 80
1
658 297
0
0
0
1
659 127
1
660 344
1
661 9
1
662 169
1
663 163
1
664 22
1
665 395
0
1
666 198
0
0
1
667 245
0
1
668 193
1
669 353
1
670 196
1
671 5
0
1
672 229
1
673 290
0
1
674 395
0
1
675 141
1
676 243
1
677 356
0
1
678 230
0
0
0
1
679 226
1
680 250
0
1
681 291
1
682 199
1
683 293
1
684 353
0
0
1
685 227
0
0
0
0
0
1
686 215
0
0
1
687 391
0
1
688 31
1
689 301
0
0
0
1
690 241
0
0
0
0
1
691 200
1
692 18
1
693 388
1
694 17
0
1
695 226
0
1
696 95
0
0
1
697 263
1
698 238
0
0
0
0
0
1
699 207
1
700 204
1
701 232
1
702 356
1
703 15
1
704 215
0
0
0
0
0
0
0
1
705 15
1
706 380
0
0
0
1
707 397
1
708 167
1
709 227
0
1
710 136
1
711 226
1
712 145
1
713 82
1
714 199
0
1
715 236
1
716 37
0
0
0
1
717 83
0
1
718 214
1
719 281
0
1
720 168
1
721 329
0
1
722 37
1
723 134
0
0
1
724 280
0
0
0
0
1
725 97
1
726 286
0
1
727 250
0
1
728 228
0
1
729 265
0
1
730 167
0
0
0
1
731 59
0
0
0
1
732 318
0
0
1
733 307
0
0
1
734 169
0
0
0
0
1
735 122
1
736 140
0
1
737 156
0
0
1
738 33
1
739 314
1
740 198
0
0
0
0
0
0
1
741 139
1
742 280
1
743 169
1
744 387
1
745 153
0
1
746 339
0
0
0
1
747 213
1
748 56
0
1
749 213
0
0
1
750 265
1
751 215
0
1
752 310
1
753 341
0
1
754 36
0
1
755 142
0
1
756 174
1
757 168
0
1
758 39
0
1
759 99
0
1
760 190
0
0
0
1
761 335
0
0
1
762 343
0
1
763 381
0
1
764 82
1
765 90
1
766 47
0
1
767 99
1
768 380
1
769 290
1
770 254
1
771 20
1
772 341
0
0
1
773 320
0
1
774 166
0
0
0
1
775 123
0
1
776 253
1
777 102
0
1
778 342
1
779 146
0
0
0
0
0
0
0
1
780 13
0
0
0
1
781 350
1
782 160
1
783 75
1
784 199
1
785 278
0
1
786 156
1
787 85
0
0
0
1
788 347
0
1
789 211
1
790 304
0
0
0
1
791 327
1
792 177
1
793 251
1
794 87
1
795 188
0
1
796 225
0
1
797 106
0
0
0
0
1
798 191
1
799 225
0
1
800 3
0
0
1
801 289
1
802 357
0
1
803 222
1
804 173
1
805 125
0
1
806 267
1
807 171
1
808 321
0
1
809 140
0
1
810 391
1
811 256
0
0
0
0
1
812 261
0
1
813 184
1
814 150
0
0
1
815 346
0
1
816 152
0
1
817 343
0
0
1
818 26
0
0
0
1
819 320
1
820 387
0
0
0
1
821 5
0
1
822 287
1
823 380
0
0
0
1
824 184
0
0
0
0
0
0
0
1
825 83
0
1
826 382
1
827 257
0
0
0
0
1
828 159
1
829 273
1
830 124
0
1
831 393
1
832 249
0
0
0
1
833 321
1
834 209
0
1
835 4
1
836 99
0
1
837 178
1
838 369
1
839 163
1
840 361
0
0
0
0
0
1
841 57
1
842 384
1
843 354
0
0
1
844 113
0
1
845 195
0
0
1
846 103
1
847 306
0
1
848 290
0
1
849 15
1
850 92
0
1
851 212
0
1
852 170
0
1
853 270
0
0
1
854 45
0
1
855 89
0
0
1
856 283
0
1
857 289
1
858 29
1
859 47
0
1
860 71
1
861 339
0
1
862 66
1
863 328
1
864 147
1
865 275
0
0
1
866 116
0
0
1
867 109
0
1
868 170
0
1
869 268
0
0
0
1
870 210
0
0
0
0
0
0
0
1
871 163
1
872 392
0
1
873 31
1
874 108
1
875 226
1
876 61
1
877 262
1
878 157
0
1
879 157
1
880 223
0
0
0
0
0
1
881 122
1
882 269
1
883 167
1
884 242
1
885 262
1
886 393
1
887 324
0
1
888 366
1
889 118
1
890 309
0
0
0
1
891 133
0
0
0
0
0
1
892 285
0
1
893 34
0
0
1
894 302
0
0
1
895 388
1
896 306
1
897 265
1
898 3
1
899 385
1
900 120
0
1
901 239
0
0
1
902 130
0
1
903 31
1
904 177
1
905 174
0
0
0
1
906 394
1
907 276
0
1
908 330
0
0
1
909 206
1
910 100
1
911 142
0
1
912 4
0
0
1
913 205
0
0
1
914 200
1
915 298
1
916 246
0
0
0
1
917 64
0
0
1
918 388
0
0
1
919 113
0
0
1
920 87
0
1
921 122
1
922 295
1
923 231
1
924 64
1
925 251
1
926 269
0
0
1
927 111
0
0
0
1
928 27
1
929 94
0
0
1
930 89
1
931 141
0
0
0
0
1
932 233
1
933 271
1
934 209
0
0
0
0
1
935 394
1
936 289
1
937 28
1
938 88
0
0
0
0
1
939 186
0
0
1
940 315
0
1
941 238
1
942 46
1
943 69
0
0
1
944 263
1
945 252
0
1
946 87
1
947 5
0
0
0
0
1
948 165
1
949 16
1
950 325
1
951 215
0
1
952 69
0
1
953 373
0
0
0
1
954 155
1
955 338
0
0
1
956 187
1
957 115
0
1
958 114
1
959 397
0
0
1
960 298
0
1
961 65
1
962 97
0
1
963 23
0
1
964 164
1
965 137
1
966 260
1
967 138
1
968 227
1
969 196
0
0
0
0
0
1
970 252
0
0
1
971 226
1
972 73
1
973 122
1
974 87
0
1
975 225
1
976 266
0
1
977 344
1
978 359
1
979 295
1
980 143
0
0
1
981 290
0
1
982 334
0
0
1
983 205
1
984 160
0
0
0
0
0
0
1
985 289
0
1
986 182
1
987 111
0
0
0
1
988 339
1
989 274
1
990 220
1
991 273
1
992 62
0
1
993 387
0
1
994 216
1
995 298
1
996 194
1
997 113
1
998 317
0
1
999 379
0
1
1000 154
0
0
1
1001 366
0
0
1
1002 33
1
1003 15
0
1
1004 185
1
1005 301
0
1
1006 315
1
1007 241
1
1008 79
0
1
1009 74
1
1010 68
0
1
1011 398
1
1012 221
0
0
0
0
0
0
1
1013 128
0
0
1
1014 368
0
0
0
1
1015 201
0
1
1016 59
0
1
1017 116
0
1
1018 227
1
1019 120
1
1020 366
0
1
1021 144
0
0
1
1022 253
1
1023 388
0
0
1
1024 51
1
1025 223
1
1026 134
1
1027 192
1
1028 272
1
1029 140
1
1030 12
1
1031 308
1
1032 138
0
1
1033 221
1
1034 396
0
0
1
1035 363
1
1036 119
0
1
1037 127
0
1
1038 270
1
1039 259
0
1
1040 338
1
1041 140
1
1042 343
0
0
0
1
1043 180
1
1044 36
1
1045 125
1
1046 205
1
1047 104
1
1048 55
1
1049 75
1
1050 347
1
1051 149
0
1
1052 319
0
0
1
1053 265
1
1054 111
1
1055 274
1
1056 214
0
0
0
1
1057 341
0
1
1058 39
1
1059 136
1
1060 112
1
1061 335
0
1
1062 341
1
1063 294
0
1
1064 44
0
1
1065 289
1
1066 275
1
1067 260
1
1068 342
1
1069 184
0
0
1
1070 19
1
1071 279
1
1072 361
1
1073 72
1
1074 145
0
1
1075 50
1
1076 333
1
1077 94
1
1078 130
1
1079 88
1
1080 200
0
0
1
1081 361
0
0
1
1082 150
1
1083 155
1
1084 119
1
1085 176
1
1086 213
1
1087 156
1
1088 360
0
0
1
1089 371
0
0
1
1090 299
1
1091 296
1
1092 68
0
1
1093 36
1
1094 304
0
0
1
1095 240
1
1096 18
1
1097 322
0
0
1
1098 45
1
1099 178
1
1100 233
0
1
1101 28
1
1102 275
1
1103 215
1
1104 388
0
0
1
1105 67
0
0
0
1
1106 337
0
1
1107 345
1
1108 348
1
1109 8
1
1110 5
0
0
1
1111 161
0
0
0
0
1
1112 382
0
1
1113 133
1
1114 19
1
1115 203
1
1116 132
1
1117 279
1
1118 287
1
1119 109
1
1120 166
1
1121 61
0
0
1
1122 244
1
1123 190
1
1124 70
0
1
1125 212
1
1126 331
1
1127 7
0
1
1128 73
0
1
1129 242
0
1
1130 272
1
1131 258
0
1
1132 253
0
0
1
1133 326
0
0
0
1
1134 320
1
1135 45
0
0
0
0
1
1136 109
1
1137 44
0
0
1
1138 46
1
1139 369
0
1
1140 60
1
1141 381
1
1142 188
1
1143 159
1
1144 211
0
1
1145 192
1
1146 110
0
0
1
1147 391
1
1148 85
1
1149 116
1
1150 215
0
1
1151 39
1
1152 107
0
1
1153 306
0
1
1154 108
1
1155 360
0
1
1156 291
1
1157 54
0
0
1
1158 263
1
1159 178
1
1160 251
0
0
1
1161 142
1
1162 292
1
1163 322
1
1164 2
0
0
1
1165 24
0
0
1
1166 165
0
0
1
1167 231
0
1
1168 368
1
1169 103
1
1170 191
1
1171 131
0
1
1172 62
1
1173 335
1
1174 271
1
1175 304
1
1176 48
0
0
0
1
1177 5
1
1178 190
1
1179 303
1
1180 261
0
0
0
0
1
1181 352
0
0
0
0
0
1
1182 241
0
0
0
0
1
1183 254
1
1184 318
1
1185 3
1
1186 335
1
1187 351
1
1188 296
1
1189 240
0
0
0
1
1190 174
1
1191 289
1
1192 11
1
1193 321
1
1194 108
1
1195 124
0
1
1196 181
1
1197 139
1
1198 330
0
1
1199 227
1
1200 204
1
1201 39
1
1202 146
1
1203 19
1
1204 270
1
1205 277
0
1
1206 158
0
1
1207 151
1
1208 28
1
1209 18
1
1210 7
0
0
1
1211 278
1
1212 183
1
1213 146
1
1214 195
1
1215 106
0
1
1216 292
0
0
1
1217 385
0
1
1218 344
1
1219 129
0
1
1220 30
1
1221 38
0
1
1222 299
0
0
1
1223 94
1
1224 116
1
1225 175
0
1
1226 396
1
1227 59
0
0
1
1228 28
1
1229 128
0
1
1230 269
0
1
1231 51
1
1232 218
1
1233 222
1
1234 177
1
1235 354
1
1236 295
0
1
1237 191
0
0
0
0
0
0
1
1238 28
1
1239 116
1
1240 370
1
1241 302
1
1242 33
1
1243 372
1
1244 191
0
0
0
0
0
1
1245 367
1
1246 372
1
1247 173
1
1248 314
1
1249 149
1
1250 271
0
1
1251 368
1
1252 263
0
0
1
1253 343
1
1254 66
1
1255 116
0
1
1256 351
1
1257 142
1
1258 39
1
1259 206
1
1260 31
1
1261 196
1
1262 129
1
1263 75
1
1264 301
0
0
1
1265 326
1
1266 316
1
1267 216
0
0
0
0
1
1268 299
0
1
1269 3
1
1270 348
0
1
1271 44
1
1272 248
1
1273 393
0
1
1274 11
0
1
1275 338
1
1276 196
0
1
1277 23
1
1278 71
1
1279 287
1
1280 139
1
1281 35
0
0
1
1282 326
1
1283 284
1
1284 38
1
1285 87
0
1
1286 37
1
1287 75
1
1288 15
1
1289 161
1
1290 317
0
0
0
1
1291 371
0
0
0
1
1292 240
0
1
1293 9
0
1
1294 158
0
0
1
1295 176
0
1
1296 166
1
1297 82
1
1298 54
0
0
1
1299 41
1
1300 356
1
1301 73
0
0
1
1302 299
1
1303 184
1
1304 15
1
1305 309
1
1306 370
1
1307 168
1
1308 180
1
1309 43
0
1
1310 92
0
1
1311 44
0
0
1
1312 185
1
1313 337
1
1314 238
1
1315 198
1
1316 236
1
1317 160
1
1318 308
0
1
1319 84
1
1320 147
0
1
1321 92
0
0
1
1322 394
0
1
1323 377
1
1324 340
1
1325 214
0
1
1326 351
1
1327 70
1
1328 398
1
1329 41
0
1
1330 144
0
1
1331 343
1
1332 203
1
1333 393
1
1334 395
0
1
1335 29
1
1336 238
0
0
0
0
1
1337 190
1
1338 60
0
1
1339 321
1
1340 51
1
1341 142
0
1
1342 104
1
1343 123
0
0
1
1344 244
0
0
1
1345 274
0
0
1
1346 88
0
1
1347 179
1
1348 316
1
1349 255
0
0
1
1350 351
1
1351 204
1
1352 393
1
1353 340
1
1354 196
1
1355 233
0
1
1356 326
1
1357 374
1
1358 94
0
0
1
1359 2
1
1360 75
0
1
1361 85
0
1
1362 230
1
1363 199
0
1
1364 266
1
1365 159
0
0
0
1
1366 58
0
1
1367 314
0
1
1368 143
1
1369 130
1
1370 190
1
1371 360
1
1372 51
0
0
1
1373 76
1
1374 79
0
1
1375 71
0
1
1376 215
1
1377 49
0
0
0
1
1378 243
0
0
1
1379 311
0
0
1
1380 282
0
1
1381 55
1
1382 338
1
1383 98
1
1384 339
1
1385 281
1
1386 31
1
1387 187
1
1388 37
1
1389 140
1
1390 389
0
0
0
1
1391 353
1
1392 63
1
1393 49
1
1394 41
1
1395 229
1
1396 162
1
1397 388
0
1
1398 146
1
1399 222
1
1400 165
1
1401 65
1
1402 395
1
1403 24
1
1404 187
1
1405 239
0
0
1
1406 159
0
1
1407 334
1
1408 53
1
1409 143
1
1410 246
0
1
1411 272
0
0
0
0
1
1412 236
0
1
1413 108
1
1414 201
1
1415 273
0
1
1416 200
1
1417 216
0
1
1418 397
1
1419 338
1
1420 292
1
1421 284
1
1422 232
1
1423 135
1
1424 54
1
1425 303
1
1426 349
1
1427 144
0
0
1
1428 106
0
1
1429 285
0
0
1
1430 81
1
1431 81
0
0
1
1432 148
1
1433 364
1
1434 301
1
1435 237
1
1436 289
1
1437 158
1
1438 73
1
1439 361
0
0
0
1
1440 238
1
1441 303
1
1442 348
1
1443 389
1
1444 83
1
1445 245
1
1446 130
0
1
1447 16
0
1
1448 56
1
1449 280
1
1450 187
0
1
1451 318
1
1452 395
0
1
1453 30
0
1
1454 98
1
1455 256
0
1
1456 229
0
1
1457 133
1
1458 341
1
1459 238
1
1460 5
1
1461 244
0
1
1462 29
1
1463 89
1
1464 387
1
1465 253
1
1466 182
0
1
1467 215
0
1
1468 132
0
1
1469 152
1
1470 254
1
1471 129
1
1472 127
1
1473 170
0
1
1474 77
0
1
1475 228
1
1476 254
1
1477 368
0
1
1478 296
1
1479 125
1
1480 158
1
1481 31
0
1
1482 390
1
1483 216
0
0
1
1484 15
0
1
1485 387
1
1486 117
1
1487 352
0
0
0
1
1488 223
0
1
1489 243
1
1490 281
1
1491 154
0
1
1492 14
1
1493 273
0
0
1
1494 55
0
1
1495 52
0
1
1496 255
0
0
1
1497 23
1
1498 86
0
1
1499 58
1
1500 249
1
1501 345
0
1
1502 374
1
1503 240
1
1504 382
0
0
1
1505 289
1
1506 168
1
1507 388
0
1
1508 251
1
1509 329
1
1510 69
0
1
1511 361
1
1512 133
1
1513 275
1
1514 226
1
1515 397
0
1
1516 351
1
1517 253
1
1518 112
1
1519 341
1
1520 43
0
1
1521 107
1
1522 157
1
1523 210
1
1524 385
0
0
0
1
1525 358
1
1526 149
1
1527 138
0
0
1
1528 204
1
1529 185
1
1530 393
0
1
1531 6
1
1532 380
1
1533 335
0
0
1
1534 236
1
1535 64
0
1
1536 100
1
1537 210
1
1538 340
0
1
1539 55
1
1540 157
0
0
0
1
1541 352
0
1
1542 88
1
1543 189
1
1544 112
0
1
1545 42
1
1546 345
1
1547 273
1
1548 316
0
0
1
1549 75
0
1
1550 6
1
1551 43
1
1552 218
0
1
1553 206
0
0
0
1
1554 194
1
1555 352
0
0
1
1556 52
0
1
1557 15
1
1558 56
0
0
1
1559 81
1
1560 94
0
1
1561 273
0
1
1562 28
1
1563 349
1
1564 327
1
1565 169
1
1566 215
1
1567 373
1
1568 7
1
1569 178
0
0
1
1570 386
1
1571 249
0
1
1572 339
1
1573 38
1
1574 382
0
1
1575 165
1
1576 184
1
1577 360
0
0
0
1
1578 44
1
1579 109
1
1580 195
1
1581 220
1
1582 6
0
0
1
1583 230
0
0
1
1584 397
1
1585 278
1
1586 248
1
1587 373
1
1588 307
0
0
1
1589 277
0
1
1590 7
1
1591 31
0
1
1592 224
1
1593 340
1
1594 66
0
1
1595 239
1
1596 282
1
1597 117
0
1
1598 123
1
1599 387
1
1600 383
0
1
1601 228
1
1602 8
1
1603 79
1
1604 134
0
0
1
1605 87
1
1606 170
1
1607 383
0
1
1608 373
0
0
1
1609 176
1
1610 31
1
1611 104
1
1612 224
1
1613 174
0
0
1
1614 376
1
1615 175
1
1616 104
0
1
1617 261
0
1
1618 269
1
1619 365
1
1620 3
0
1
1621 283
0
1
1622 126
1
1623 317
1
1624 314
1
1625 253
0
1
1626 171
1
1627 321
1
1628 146
0
1
1629 259
1
1630 102
1
1631 375
0
1
1632 172
1
1633 283
1
1634 64
0
1
1635 99
1
1636 33
0
1
1637 279
0
1
1638 114
1
1639 309
1
1640 270
0
1
1641 101
0
1
1642 342
1
1643 286
0
1
1644 395
1
1645 311
1
1646 324
1
1647 131
1
1648 388
1
1649 185
1
1650 78
0
0
1
1651 153
1
1652 292
0
1
1653 194
1
1654 297
1
1655 134
0
1
1656 40
0
1
1657 318
0
1
1658 283
1
1659 136
1
1660 22
1
1661 367
1
1662 85
1
1663 3
1
1664 74
1
1665 225
1
1666 167
1
1667 44
0
1
1668 280
1
1669 37
1
1670 195
1
1671 234
1
1672 141
1
1673 355
1
1674 85
0
1
1675 344
1
1676 82
0
1
1677 66
0
1
1678 387
1
1679 216
0
1
1680 70
1
1681 185
1
1682 294
0
1
1683 10
1
1684 15
1
1685 193
1
1686 271
1
1687 388
1
1688 170
1
1689 116
0
1
1690 397
1
1691 366
1
1692 255
1
1693 47
0
1
1694 187
1
1695 154
1
1696 274
1
1697 333
0
1
1698 102
0
1
1699 347
1
1700 231
1
1701 273
1
1702 16
0
1
1703 173
1
1704 370
1
1705 7
1
1706 142
1
1707 347
0
0
1
1708 368
1
1709 267
1
1710 57
1
1711 28
1
1712 61
1
1713 170
1
1714 39
1
1715 232
1
1716 387
1
1717 32
1
1718 116
1
1719 214
1
1720 79
0
0
0
1
1721 293
1
1722 227
1
1723 273
1
1724 278
1
1725 219
1
1726 380
1
1727 248
0
1
1728 230
1
1729 241
1
1730 184
1
1731 299
1
1732 5
1
1733 224
0
1
1734 37
1
1735 108
0
1
1736 60
1
1737 112
1
1738 185
0
0
1
1739 4
1
1740 60
0
1
1741 198
1
1742 213
1
1743 268
0
1
1744 353
1
1745 373
1
1746 113
1
1747 75
1
1748 339
1
1749 289
1
1750 139
1
1751 16
1
1752 255
0
0
1
1753 377
0
1
1754 141
1
1755 148
1
1756 322
1
1757 187
0
1
1758 33
1
1759 110
0
1
1760 256
1
1761 299
1
1762 132
0
1
1763 364
1
1764 151
0
0
0
0
1
1765 2
1
1766 118
1
1767 148
0
1
1768 110
0
1
1769 213
1
1770 287
1
1771 247
1
1772 365
0
1
1773 314
1
1774 295
0
1
1775 352
1
1776 215
1
1777 46
1
1778 342
0
1
1779 109
1
1780 245
1
1781 213
1
1782 75
1
1783 241
1
1784 47
1
1785 227
1
1786 205
1
1787 191
1
1788 114
1
1789 107
1
1790 162
1
1791 157
0
1
1792 306
1
1793 125
1
1794 187
1
1795 327
1
1796 113
1
1797 199
1
1798 51
1
1799 270
1
1800 79
1
1801 257
1
1802 144
1
1803 167
1
1804 39
0
1
1805 283
1
1806 103
1
1807 45
1
1808 208
0
0
0
0
1
1809 282
0
1
1810 36
1
1811 363
0
1
1812 354
0
0
0
1
1813 247
0
0
1
1814 183
1
1815 127
1
1816 362
0
1
1817 116
1
1818 321
1
1819 199
1
1820 251
1
1821 7
0
1
1822 125
0
1
1823 23
1
1824 388
0
1
1825 115
1
1826 392
1
1827 178
1
1828 177
1
1829 54
1
1830 271
1
1831 144
0
0
0
1
1832 152
1
1833 342
1
1834 36
1
1835 277
0
1
1836 78
0
1
1837 178
1
1838 198
0
0
1
1839 149
1
1840 163
1
1841 252
0
1
1842 322
0
1
1843 33
1
1844 348
1
1845 200
1
1846 156
1
1847 161
1
1848 395
1
1849 115
0
1
1850 10
1
1851 325
1
1852 396
1
1853 320
0
1
1854 281
1
1855 47
1
1856 114
1
1857 239
0
1
1858 36
0
1
1859 295
1
1860 121
1
1861 112
0
0
1
1862 115
0
1
1863 27
0
1
1864 186
1
1865 108
1
1866 245
1
1867 42
1
1868 138
1
1869 232
1
1870 321
1
1871 219
1
1872 6
1
1873 376
1
1874 100
1
1875 109
1
1876 51
1
1877 51
1
1878 245
1
1879 260
0
1
1880 85
1
1881 342
0
0
1
1882 372
1
1883 250
1
1884 273
1
1885 250
1
1886 112
0
0
1
1887 343
0
0
1
1888 198
1
1889 249
1
1890 301
1
1891 193
0
1
1892 3
1
1893 2
0
1
1894 175
0
1
1895 350
0
1
1896 347
1
1897 186
1
1898 295
0
1
1899 325
1
1900 143
1
1901 146
1
1902 196
1
1903 342
0
0
1
1904 373
0
1
1905 28
1
1906 349
1
1907 267
1
1908 305
0
1
1909 326
1
1910 273
1
1911 308
1
1912 80
1
1913 303
1
1914 387
1
1915 15
0
1
1916 186
0
1
1917 187
0
1
1918 215
1
1919 280
1
1920 195
0
1
1921 339
1
1922 116
1
1923 20
1
1924 336
1
1925 258
1
1926 359
1
1927 42
1
1928 54
1
1929 254
0
1
1930 351
0
0
1
1931 37
0
1
1932 230
1
1933 286
1
1934 278
1
1935 272
1
1936 127
1
1937 264
1
1938 345
1
1939 154
1
1940 353
1
1941 330
1
1942 318
1
1943 169
1
1944 115
1
1945 319
1
1946 257
1
1947 308
0
1
1948 395
1
1949 255
1
1950 202
1
1951 394
1
1952 239
1
1953 177
1
1954 235
0
1
1955 14
1
1956 259
1
1957 178
0
1
1958 273
1
1959 169
0
1
1960 194
0
1
1961 341
1
1962 268
1
1963 288
1
1964 168
1
1965 167
1
1966 361
0
1
1967 314
1
1968 113
1
1969 19
0
1
1970 387
1
1971 334
1
1972 45
1
1973 143
1
1974 59
0
0
1
1975 313
1
1976 386
0
1
1977 308
1
1978 226
0
1
1979 259
1
1980 232
1
1981 135
1
1982 252
1
1983 9
1
1984 26
1
1985 311
1
1986 397
0
1
1987 24
0
1
1988 351
1
1989 130
1
1990 259
0
0
0
0
1
1991 397
1
1992 358
1
1993 2
1
1994 80
0
0
1
1995 274
0
0
1
1996 216
0
1
1997 176
1
1998 183
0
1
1999 298
1
2000 61
1
2001 300
1
2002 153
1
2003 386
1
2004 364
1
2005 12
1
2006 250
1
2007 278
1
2008 201
1
2009 41
1
2010 146
0
1
2011 162
1
2012 278
1
2013 205
1
2014 326
1
2015 50
1
2016 321
1
2017 113
1
2018 314
1
2019 210
1
2020 305
1
2021 22
1
2022 274
1
2023 344
1
2024 103
1
2025 368
0
1
2026 18
0
1
2027 181
1
2028 366
1
2029 375
1
2030 319
0
1
2031 76
1
2032 62
1
2033 333
1
2034 36
1
2035 348
1
2036 185
1
2037 107
1
2038 181
1
2039 327
0
0
1
2040 232
0
1
2041 28
1
2042 18
1
2043 44
1
2044 392
1
2045 159
1
2046 202
1
2047 269
1
2048 253
1
2049 380
1
2050 383
1
2051 214
1
2052 245
1
2053 390
1
2054 151
1
2055 81
1
2056 240
1
2057 215
1
2058 56
1
2059 11
1
2060 381
1
2061 352
1
2062 250
1
2063 14
0
1
2064 352
0
1
2065 68
1
2066 11
0
1
2067 343
1
2068 66
1
2069 225
1
2070 284
1
2071 95
1
2072 187
1
2073 320
1
2074 281
1
2075 332
1
2076 29
1
2077 49
1
2078 171
1
2079 289
1
2080 204
1
2081 225
1
2082 365
1
2083 212
0
0
1
2084 336
1
2085 237
1
2086 163
0
1
2087 12
1
2088 193
1
2089 21
0
1
2090 138
1
2091 345
0
0
1
2092 234
0
1
2093 276
1
2094 64
1
2095 36
1
2096 184
1
2097 281
0
1
2098 34
1
2099 280
1
2100 144
1
2101 360
1
2102 381
0
1
2103 391
1
2104 125
1
2105 298
0
1
2106 29
1
2107 110
1
2108 49
1
2109 30
1
2110 158
1
2111 169
0
1
2112 144
1
2113 150
0
1
2114 232
1
2115 109
1
2116 288
1
2117 303
0
1
2118 49
1
2119 59
1
2120 242
0
1
2121 108
0
1
2122 60
0
1
2123 109
1
2124 326
1
2125 291
1
2126 171
1
2127 319
0
1
2128 30
1
2129 297
0
1
2130 315
1
2131 385
0
1
2132 224
1
2133 272
1
2134 107
1
2135 297
1
2136 190
1
2137 197
1
2138 161
1
2139 170
1
2140 250
1
2141 377
1
2142 395
1
2143 127
1
2144 196
1
2145 98
0
0
1
2146 165
1
2147 105
1
2148 141
0
1
2149 125
0
1
2150 133
1
2151 305
0
1
2152 134
0
0
1
2153 137
1
2154 190
1
2155 385
1
2156 196
1
2157 15
1
2158 71
1
2159 216
1
2160 207
1
2161 284
1
2162 260
1
2163 274
1
2164 365
1
2165 59
1
2166 93
1
2167 383
1
2168 140
0
0
1
2169 266
1
2170 127
1
2171 65
1
2172 360
1
2173 215
1
2174 290
1
2175 395
1
2176 124
1
2177 314
1
2178 281
1
2179 384
1
2180 180
1
2181 241
1
2182 166
1
2183 23
1
2184 379
1
2185 191
1
2186 56
1
2187 152
1
2188 86
0
1
2189 48
1
2190 152
1
2191 273
1
2192 363
1
2193 272
1
2194 289
1
2195 250
1
2196 278
1
2197 212
1
2198 11
0
1
2199 262
1
2200 341
0
1
2201 159
1
2202 258
1
2203 53
1
2204 10
1
2205 251
1
2206 280
1
2207 89
1
2208 254
1
2209 386
1
2210 218
1
2211 170
0
1
2212 241
1
2213 75
1
2214 175
0
1
2215 85
1
2216 369
1
2217 121
1
2218 359
1
2219 281
1
2220 255
0
1
2221 15
1
2222 153
1
2223 199
1
2224 313
1
2225 79
0
1
2226 315
1
2227 237
1
2228 316
1
2229 383
1
2230 323
1
2231 340
1
2232 297
1
2233 230
1
2234 272
0
0
0
0
1
2235 345
1
2236 128
1
2237 50
0
1
2238 293
1
2239 362
1
2240 382
1
2241 304
1
2242 169
1
2243 46
1
2244 120
1
2245 370
1
2246 134
0
1
2247 241
1
2248 335
1
2249 59
1
2250 207
1
2251 61
1
2252 171
1
2253 254
1
2254 193
0
1
2255 115
1
2256 331
1
2257 253
1
2258 169
1
2259 309
1
2260 232
1
2261 42
1
2262 319
0
1
2263 385
1
2264 45
1
2265 215
1
2266 328
0
1
2267 25
1
2268 152
1
2269 389
1
2270 184
1
2271 230
1
2272 263
1
2273 298
1
2274 245
1
2275 14
1
2276 79
1
2277 38
1
2278 272
1
2279 124
1
2280 251
1
2281 221
1
2282 300
1
2283 28
1
2284 369
1
2285 38
1
2286 21
1
2287 239
0
1
2288 81
1
2289 156
1
2290 82
1
2291 317
1
2292 135
1
2293 221
0
1
2294 53
1
2295 168
1
2296 47
1
2297 393
1
2298 5
1
2299 48
1
2300 373
1
2301 58
1
2302 379
1
2303 384
1
2304 58
0
1
2305 78
1
2306 295
1
2307 268
1
2308 192
1
2309 269
1
2310 351
1
2311 358
1
2312 89
1
2313 69
1
2314 272
1
2315 232
1
2316 178
0
1
2317 326
1
2318 103
1
2319 234
1
2320 28
1
2321 272
1
2322 296
1
2323 311
1
2324 213
1
2325 212
1
2326 75
1
2327 11
1
2328 123
1
2329 26
1
2330 342
1
2331 329
1
2332 369
1
2333 284
1
2334 72
1
2335 351
1
2336 23
1
2337 171
1
2338 190
1
2339 358
1
2340 363
1
2341 285
1
2342 25
0
1
2343 210
1
2344 262
1
2345 237
1
2346 107
1
2347 5
1
2348 321
1
2349 16
1
2350 13
1
2351 244
1
2352 226
1
2353 129
1
2354 392
0
1
2355 40
1
2356 45
1
2357 214
1
2358 345
1
2359 390
1
2360 306
0
1
2361 199
1
2362 328
1
2363 43
1
2364 141
1
2365 121
1
2366 100
1
2367 74
1
2368 43
1
2369 164
1
2370 46
1
2371 191
1
2372 77
0
0
1
2373 148
1
2374 32
1
2375 252
1
2376 127
1
2377 215
1
2378 250
1
2379 167
1
2380 179
1
2381 70
1
2382 298
1
2383 351
1
2384 345
1
2385 151
0
1
2386 298
1
2387 262
1
2388 152
0
1
2389 156
1
2390 126
1
2391 61
1
2392 144
1
2393 73
1
2394 33
1
2395 75
1
2396 122
1
2397 220
1
2398 397
1
2399 68
1
2400 185
1
2401 26
1
2402 83
1
2403 158
0
1
2404 247
1
2405 246
1
2406 244
0
0
0
1
2407 246
1
2408 219
1
2409 313
1
2410 303
1
2411 388
1
2412 153
0
0
1
2413 40
1
2414 326
1
2415 150
1
2416 228
1
2417 292
0
1
2418 79
0
1
2419 193
0
0
1
2420 337
1
2421 157
1
2422 74
0
1
2423 185
1
2424 305
1
2425 280
1
2426 246
1
2427 256
1
2428 10
1
2429 343
1
2430 343
1
2431 366
1
2432 36
1
2433 369
1
2434 31
0
1
2435 252
1
2436 367
1
2437 270
1
2438 134
1
2439 225
1
2440 58
0
1
2441 245
1
2442 340
1
2443 392
1
2444 246
1
2445 335
1
2446 253
1
2447 206
1
2448 66
1
2449 152
1
2450 85
1
2451 335
1
2452 241
1
2453 188
1
2454 391
1
2455 105
1
2456 112
0
1
2457 52
1
2458 174
1
2459 298
1
2460 244
1
2461 203
1
2462 196
1
2463 367
1
2464 166
1
2465 77
1
2466 76
1
2467 290
1
2468 388
1
2469 351
1
2470 59
1
2471 260
0
1
2472 179
1
2473 33
1
2474 337
1
2475 88
0
1
2476 73
1
2477 361
1
2478 292
1
2479 398
1
2480 5
1
2481 262
1
2482 167
1
2483 72
1
2484 137
1
2485 82
1
2486 204
1
2487 283
1
2488 186
1
2489 190
1
2490 41
1
2491 375
1
2492 286
1
2493 276
1
2494 338
1
2495 283
1
2496 21
1
2497 369
1
2498 285
1
2499 345
1
2500 229
1
2501 195
1
2502 392
1
2503 38
1
2504 336
1
2505 231
1
2506 383
1
2507 295
1
2508 178
0
1
2509 82
1
2510 199
1
2511 151
1
2512 398
1
2513 392
1
2514 390
1
2515 23
1
2516 114
1
2517 205
1
2518 227
1
2519 32
1
2520 212
1
2521 231
0
1
2522 34
1
2523 126
1
2524 314
1
2525 200
1
2526 378
1
2527 239
1
2528 188
1
2529 376
1
2530 252
0
1
2531 132
1
2532 230
1
2533 3
1
2534 168
1
2535 146
1
2536 186
1
2537 279
1
2538 209
1
2539 177
1
2540 229
1
2541 292
1
2542 264
1
2543 387
1
2544 235
1
2545 314
1
2546 18
1
2547 129
1
2548 280
1
2549 349
1
2550 108
1
2551 251
1
2552 205
0
1
2553 205
0
1
2554 97
1
2555 231
1
2556 129
1
2557 173
1
2558 346
1
2559 234
1
2560 223
1
2561 359
1
2562 306
1
2563 45
1
2564 10
1
2565 133
1
2566 338
1
2567 261
1
2568 368
1
2569 90
1
2570 206
1
2571 132
1
2572 398
1
2573 346
1
2574 162
1
2575 3
0
1
2576 283
1
2577 229
1
2578 188
1
2579 385
1
2580 121
1
2581 321
1
2582 229
1
2583 280
1
2584 138
1
2585 243
1
2586 63
1
2587 160
1
2588 31
1
2589 223
1
2590 155
1
2591 387
0
1
2592 250
0
1
2593 127
1
2594 81
1
2595 174
1
2596 5
1
2597 110
1
2598 196
1
2599 162
1
2600 364
1
2601 346
1
2602 202
1
2603 313
1
2604 352
0
1
2605 51
1
2606 295
1
2607 145
1
2608 202
1
2609 323
1
2610 365
1
2611 5
1
2612 397
1
2613 283
1
2614 28
1
2615 70
1
2616 74
1
2617 166
1
2618 168
1
2619 14
1
2620 357
0
1
2621 147
1
2622 297
1
2623 246
1
2624 374
1
2625 136
1
2626 213
0
1
2627 204
1
2628 3
1
2629 276
1
2630 319
1
2631 13
1
2632 116
1
2633 365
1
2634 275
1
2635 237
1
2636 128
1
2637 196
1
2638 198
1
2639 241
0
1
2640 182
1
2641 267
1
2642 154
1
2643 26
1
2644 239
1
2645 83
1
2646 9
1
2647 20
1
2648 175
1
2649 263
1
2650 27
1
2651 338
1
2652 75
1
2653 32
1
2654 64
1
2655 96
1
2656 227
1
2657 251
1
2658 184
1
2659 214
0
1
2660 176
1
2661 36
1
2662 365
1
2663 376
1
2664 310
1
2665 190
1
2666 350
1
2667 216
1
2668 320
0
1
2669 194
1
2670 13
1
2671 80
1
2672 343
1
2673 54
1
2674 48
1
2675 284
1
2676 393
1
2677 292
1
2678 85
1
2679 147
1
2680 268
1
2681 287
1
2682 363
1
2683 326
1
2684 179
1
2685 387
1
2686 90
1
2687 136
1
2688 222
1
2689 69
1
2690 292
1
2691 297
1
2692 242
1
2693 337
1
2694 9
1
2695 198
0
1
2696 275
1
2697 352
1
2698 84
1
2699 51
1
2700 289
1
2701 219
1
2702 372
1
2703 269
1
2704 196
0
1
2705 319
1
2706 213
1
2707 66
1
2708 42
1
2709 78
1
2710 270
1
2711 368
1
2712 183
1
2713 60
1
2714 141
1
2715 267
1
2716 336
1
2717 213
1
2718 397
1
2719 5
1
2720 51
1
2721 312
1
2722 388
1
2723 94
1
2724 259
1
2725 280
1
2726 225
1
2727 42
1
2728 98
1
2729 163
1
2730 256
1
2731 383
1
2732 22
1
2733 373
1
2734 176
0
1
2735 153
1
2736 8
1
2737 254
1
2738 133
1
2739 180
1
2740 250
1
2741 354
1
2742 294
1
2743 151
1
2744 40
1
2745 211
1
2746 208
0
1
2747 57
1
2748 290
1
2749 121
1
2750 193
1
2751 225
1
2752 347
1
2753 219
1
2754 231
1
2755 5
1
2756 163
1
2757 8
1
2758 59
1
2759 123
1
2760 203
1
2761 35
1
2762 253
1
2763 397
1
2764 172
1
2765 329
1
2766 16
1
2767 132
1
2768 300
1
2769 225
1
2770 190
0
1
2771 4
1
2772 387
1
2773 267
1
2774 269
1
2775 387
1
2776 337
1
2777 4
1
2778 76
0
1
2779 355
1
2780 345
1
2781 89
1
2782 48
1
2783 343
1
2784 223
1
2785 124
1
2786 370
0
0
1
2787 299
1
2788 80
1
2789 24
1
2790 150
1
2791 219
1
2792 332
1
2793 382
1
2794 378
1
2795 113
1
2796 119
1
2797 227
1
2798 221
1
2799 301
1
2800 226
0
1
2801 176
1
2802 114
1
2803 156
1
2804 214
1
2805 354
1
2806 131
1
2807 123
1
2808 63
1
2809 331
1
2810 387
1
2811 309
1
2812 235
1
2813 191
1
2814 250
1
2815 390
1
2816 182
1
2817 384
1
2818 306
1
2819 295
1
2820 178
1
2821 15
1
2822 369
1
2823 11
1
2824 172
1
2825 199
1
2826 351
1
2827 99
1
2828 388
1
2829 336
1
2830 336
1
2831 258
1
2832 280
1
2833 190
1
2834 360
1
2835 238
1
2836 187
1
2837 65
1
2838 120
1
2839 227
1
2840 305
1
2841 32
1
2842 304
1
2843 195
0
1
2844 273
1
2845 142
1
2846 251
1
2847 11
1
2848 259
1
2849 179
1
2850 147
1
2851 152
1
2852 110
1
2853 150
1
2854 43
1
2855 149
1
2856 197
1
2857 126
1
2858 292
1
2859 190
1
2860 386
1
2861 256
1
2862 84
1
2863 184
1
2864 203
1
2865 172
1
2866 40
1
2867 93
1
2868 304
1
2869 247
1
2870 98
1
2871 15
0
1
2872 392
1
2873 188
1
2874 315
1
2875 239
1
2876 51
1
2877 42
1
2878 372
1
2879 11
1
2880 144
1
2881 51
1
2882 206
1
2883 364
1
2884 116
1
2885 361
1
2886 44
1
2887 261
1
2888 67
1
2889 331
1
2890 360
1
2891 72
1
2892 33
1
2893 253
1
2894 354
1
2895 245
1
2896 374
1
2897 213
1
2898 178
1
2899 77
1
2900 306
1
2901 203
1
2902 26
1
2903 7
1
2904 116
1
2905 93
1
2906 113
1
2907 289
1
2908 86
1
2909 370
1
2910 282
1
2911 95
1
2912 335
1
2913 329
1
2914 123
1
2915 358
1
2916 282
1
2917 305
1
2918 8
1
2919 308
1
2920 104
1
2921 353
1
2922 166
1
2923 48
1
2924 281
1
2925 212
1
2926 191
1
2927 218
1
2928 350
1
2929 315
1
2930 104
1
2931 100
1
2932 107
1
2933 174
1
2934 385
1
2935 262
0
1
2936 154
1
2937 375
1
2938 363
1
2939 229
1
2940 350
1
2941 195
1
2942 32
1
2943 217
1
2944 63
1
2945 51
1
2946 89
1
2947 139
1
2948 348
1
2949 144
1
2950 93
1
2951 338
1
2952 338
1
2953 51
1
2954 41
1
2955 112
1
2956 296
1
2957 133
1
2958 194
1
2959 174
1
2960 218
1
2961 302
1
2962 4
1
2963 388
1
2964 67
1
2965 355
1
2966 240
1
2967 205
1
2968 68
1
2969 297
1
2970 126
1
2971 125
1
2972 144
1
2973 365
1
2974 308
1
2975 115
1
2976 237
1
2977 125
1
2978 245
1
2979 196
1
2980 296
1
2981 316
1
2982 200
1
2983 260
1
2984 155
1
2985 101
1
2986 132
1
2987 63
1
2988 282
1
2989 211
1
2990 11
1
2991 332
1
2992 166
1
2993 252
1
2994 267
1
2995 284
1
2996 58
1
2997 355
1
2998 232
1
2999 331
1
3000 206
1
3001 320
1
3002 382
1
3003 364
1
3004 321
1
3005 286
1
3006 131
1
3007 117
1
3008 328
1
3009 80
0
1
3010 300
1
3011 310
1
3012 33
1
3013 232
1
3014 141
1
3015 78
1
3016 96
1
3017 348
1
3018 31
1
3019 361
1
3020 391
1
3021 112
1
3022 217
1
3023 328
1
3024 255
1
3025 109
1
3026 282
1
3027 161
1
3028 337
1
3029 147
1
3030 226
1
3031 260
1
3032 112
1
3033 45
1
3034 382
1
3035 378
1
3036 353
1
3037 355
1
3038 329
1
3039 394
1
3040 311
1
3041 136
1
3042 125
1
3043 359
1
3044 178
1
3045 149
1
3046 77
1
3047 288
1
3048 338
1
3049 393
1
3050 70
1
3051 258
1
3052 190
1
3053 162
1
3054 209
1
3055 249
1
3056 126
1
3057 174
1
3058 16
1
3059 212
1
3060 324
1
3061 44
1
3062 209
1
3063 307
1
3064 361
1
3065 332
1
3066 384
1
3067 299
1
3068 120
1
3069 114
1
3070 162
1
3071 74
1
3072 317
1
3073 59
1
3074 130
1
3075 260
1
3076 137
1
3077 216
1
3078 127
1
3079 374
1
3080 305
1
3081 355
1
3082 135
1
3083 351
1
3084 380
1
3085 39
1
3086 322
1
3087 5
1
3088 166
1
3089 206
1
3090 380
1
3091 125
1
3092 207
1
3093 168
1
3094 74
1
3095 187
1
3096 5
1
3097 224
1
3098 72
1
3099 145
1
3100 174
1
3101 110
1
3102 82
1
3103 68
1
3104 227
1
3105 119
1
3106 375
1
3107 313
1
3108 350
1
3109 284
1
3110 198
1
3111 337
1
3112 302
1
3113 63
1
3114 168
1
3115 236
1
3116 198
1
3117 24
1
3118 96
1
3119 309
1
3120 66
1
3121 192
1
3122 162
1
3123 304
1
3124 183
1
3125 42
1
3126 226
1
3127 95
1
3128 87
1
3129 204
1
3130 337
1
3131 345
1
3132 63
1
3133 261
1
3134 116
1
3135 104
1
3136 324
1
3137 278
1
3138 160
1
3139 220
1
3140 142
1
3141 75
1
3142 342
1
3143 296
1
3144 377
1
3145 194
1
3146 153
1
3147 147
1
3148 187
1
3149 79
1
3150 136
1
3151 154
1
3152 104
1
3153 70
1
3154 275
1
3155 354
1
3156 115
1
3157 207
1
3158 108
1
3159 288
1
3160 281
1
3161 283
1
3162 92
1
3163 260
1
3164 391
1
3165 329
1
3166 151
1
3167 52
1
3168 297
1
3169 125
1
3170 169
1
3171 124
1
3172 258
1
3173 335
1
3174 351
1
3175 43
1
3176 89
1
3177 191
1
3178 339
1
3179 189
1
3180 329
1
3181 371
1
3182 220
1
3183 206
1
3184 132
1
3185 12
1
3186 248
1
3187 51
1
3188 95
1
3189 116
1
3190 228
1
3191 134
1
3192 358
1
3193 262
1
3194 63
1
3195 309
1
3196 313
1
3197 60
1
3198 303
1
3199 343
1
3200 215
1
3201 356
1
3202 344
1
3203 354
1
3204 314
1
3205 77
1
3206 53
1
3207 322
1
3208 133
1
3209 246
1
3210 263
1
3211 298
1
3212 100
1
3213 15
1
3214 335
1
3215 166
1
3216 383
1
3217 267
1
3218 159
1
3219 242
1
3220 128
1
3221 217
1
3222 166
1
3223 389
1
3224 125
1
3225 139
1
3226 220
1
3227 195
1
3228 127
1
3229 184
1
3230 294
1
3231 280
1
3232 217
1
3233 70
1
3234 231
1
3235 202
1
3236 321
1
3237 108
1
3238 363
0
1
3239 378
1
3240 5
1
3241 169
1
3242 126
1
3243 162
1
3244 171
1
3245 185
1
3246 161
1
3247 27
1
3248 280
1
3249 97
1
3250 381
1
3251 237
1
3252 270
1
3253 364
1
3254 105
1
3255 330
1
3256 332
1
3257 218
1
3258 31
1
3259 59
1
3260 26
1
3261 119
1
3262 366
1
3263 81
1
3264 125
1
3265 183
1
3266 88
1
3267 163
1
3268 152
1
3269 370
1
3270 69
1
3271 178
1
3272 244
1
3273 213
0
1
3274 251
1
3275 281
1
3276 162
1
3277 185
1
3278 198
1
3279 157
1
3280 28
1
3281 320
1
3282 290
1
3283 373
1
3284 53
1
3285 314
1
3286 144
1
3287 261
0
1
3288 389
1
3289 85
1
3290 126
0
1
3291 293
1
3292 217
1
3293 248
1
3294 318
1
3295 210
1
3296 54
1
3297 197
1
3298 140
1
3299 213
0
1
3300 80
1
3301 116
1
3302 220
1
3303 124
1
3304 13
1
3305 294
1
3306 163
1
3307 337
1
3308 85
0
1
3309 307
1
3310 273
1
3311 122
1
3312 240
1
3313 72
0
1
3314 139
1
3315 119
1
3316 281
1
3317 133
0
1
3318 267
1
3319 132
1
3320 179
1
3321 78
1
3322 215
1
3323 280
1
3324 103
1
3325 102
1
3326 219
1
3327 169
1
3328 247
1
3329 328
1
3330 316
1
3331 292
1
3332 236
0
1
3333 142
0
1
3334 123
1
3335 235
1
3336 19
1
3337 70
1
3338 313
1
3339 321
1
3340 157
1
3341 108
1
3342 220
1
3343 104
1
3344 167
1
3345 355
1
3346 374
1
3347 283
1
3348 217
1
3349 325
1
3350 123
1
3351 70
1
3352 244
1
3353 224
1
3354 357
0
1
3355 351
1
3356 51
1
3357 282
1
3358 184
1
3359 136
1
3360 340
1
3361 54
1
3362 178
1
3363 127
1
3364 62
1
3365 193
1
3366 162
1
3367 348
1
3368 31
1
3369 209
1
3370 309
0
1
3371 226
1
3372 347
1
3373 361
1
3374 265
1
3375 281
1
3376 225
1
3377 247
1
3378 386
1
3379 127
1
3380 187
1
3381 396
1
3382 95
1
3383 128
1
3384 118
1
3385 343
1
3386 316
1
3387 236
1
3388 190
1
3389 292
0
0
0
1
3390 121
1
3391 147
1
3392 283
1
3393 209
1
3394 167
1
3395 321
1
3396 2
1
3397 125
1
3398 210
1
3399 252
1
3400 275
1
3401 278
1
3402 230
1
3403 306
1
3404 300
1
3405 336
1
3406 382
1
3407 268
1
3408 361
1
3409 210
1
3410 228
1
3411 151
1
3412 159
1
3413 66
0
1
3414 168
1
3415 344
1
3416 55
1
3417 340
1
3418 253
1
3419 232
1
3420 28
1
3421 369
0
1
3422 61
1
3423 273
1
3424 219
1
3425 244
1
3426 42
0
1
3427 33
1
3428 287
1
3429 374
1
3430 109
1
3431 225
1
3432 211
1
3433 331
1
3434 380
1
3435 392
1
3436 153
1
3437 179
0
1
3438 79
1
3439 210
1
3440 240
1
3441 75
1
3442 62
1
3443 31
1
3444 388
1
3445 217
1
3446 205
1
3447 302
1
3448 355
1
3449 133
1
3450 143
1
3451 282
1
3452 260
1
3453 247
1
3454 89
0
1
3455 351
1
3456 332
1
3457 5
1
3458 205
1
3459 66
1
3460 130
1
3461 384
1
3462 152
0
1
3463 332
0
1
3464 288
1
3465 304
1
3466 214
1
3467 190
1
3468 225
1
3469 239
1
3470 347
1
3471 32
1
3472 308
1
3473 263
1
3474 150
1
3475 48
0
1
3476 212
1
3477 387
1
3478 180
0
0
1
3479 363
1
3480 20
1
3481 126
1
3482 98
1
3483 250
1
3484 40
1
3485 140
1
3486 112
1
3487 175
1
3488 26
1
3489 175
1
3490 366
1
3491 161
1
3492 248
1
3493 58
1
3494 259
1
3495 105
1
3496 353
1
3497 144
1
3498 290
1
3499 191
1
3500 71
1
3501 71
1
3502 292
1
3503 145
1
3504 381
1
3505 305
1
3506 65
1
3507 217
1
3508 68
1
3509 332
1
3510 196
1
3511 270
1
3512 47
1
3513 17
1
3514 137
1
3515 102
1
3516 195
1
3517 369
1
3518 140
1
3519 86
1
3520 206
1
3521 204
1
3522 398
1
3523 197
1
3524 56
1
3525 345
1
3526 356
0
1
3527 389
1
3528 74
0
1
3529 228
1
3530 318
1
3531 336
0
1
3532 12
1
3533 21
1
3534 213
1
3535 321
1
3536 194
1
3537 17
1
3538 237
0
1
3539 5
1
3540 88
1
3541 257
1
3542 335
1
3543 263
1
3544 64
0
1
3545 199
1
3546 127
1
3547 174
1
3548 162
1
3549 107
1
3550 190
1
3551 218
1
3552 163
1
3553 380
1
3554 111
1
3555 37
1
3556 340
1
3557 375
1
3558 288
1
3559 71
1
3560 338
1
3561 44
1
3562 382
1
3563 59
1
3564 245
1
3565 258
1
3566 61
1
3567 280
1
3568 313
1
3569 285
1
3570 253
1
3571 320
1
3572 160
1
3573 67
0
1
3574 19
1
3575 229
1
3576 137
1
3577 398
1
3578 117
0
1
3579 362
1
3580 11
0
1
3581 215
1
3582 121
1
3583 362
1
3584 48
1
3585 75
1
3586 210
1
3587 368
1
3588 75
0
0
0
1
3589 236
1
3590 103
1
3591 223
1
3592 130
1
3593 150
1
3594 104
1
3595 329
1
3596 292
1
3597 310
0
1
3598 258
1
3599 218
1
3600 127
1
3601 138
1
3602 123
1
3603 116
1
3604 298
1
3605 285
1
3606 344
1
3607 357
1
3608 189
1
3609 241
1
3610 295
0
0
1
3611 317
0
1
3612 70
1
3613 311
1
3614 311
1
3615 28
1
3616 179
1
3617 57
1
3618 241
1
3619 295
0
1
3620 2
1
3621 215
1
3622 382
1
3623 278
1
3624 315
1
3625 388
1
3626 198
1
3627 286
1
3628 128
1
3629 21
0
1
3630 107
0
1
3631 67
0
1
3632 327
1
3633 307
1
3634 369
1
3635 37
1
3636 281
1
3637 22
1
3638 241
1
3639 343
0
0
1
3640 124
1
3641 220
0
0
0
1
3642 182
1
3643 386
1
3644 335
1
3645 192
1
3646 38
1
3647 166
1
3648 272
0
1
3649 42
0
1
3650 300
1
3651 21
1
3652 75
1
3653 8
1
3654 291
1
3655 169
1
3656 73
1
3657 314
1
3658 58
0
1
3659 338
1
3660 320
1
3661 182
1
3662 5
1
3663 107
1
3664 338
0
1
3665 63
1
3666 181
1
3667 164
1
3668 29
1
3669 151
1
3670 251
1
3671 53
1
3672 327
1
3673 100
1
3674 83
1
3675 379
1
3676 51
0
1
3677 164
1
3678 201
1
3679 295
1
3680 58
1
3681 167
1
3682 289
1
3683 44
0
1
3684 148
0
1
3685 262
1
3686 204
1
3687 344
0
1
3688 177
1
3689 162
1
3690 59
1
3691 314
1
3692 371
1
3693 315
1
3694 171
1
3695 133
1
3696 138
0
1
3697 357
1
3698 390
1
3699 108
1
3700 97
1
3701 328
1
3702 383
0
1
3703 177
1
3704 303
1
3705 75
1
3706 106
1
3707 217
1
3708 287
1
3709 252
0
1
3710 333
1
3711 233
1
3712 195
1
3713 163
1
3714 7
1
3715 270
1
3716 5
1
3717 354
1
3718 288
1
3719 99
1
3720 125
1
3721 91
1
3722 7
0
1
3723 299
1
3724 20
1
3725 51
1
3726 361
1
3727 308
1
3728 171
1
3729 298
0
1
3730 265
0
0
1
3731 197
0
1
3732 178
1
3733 251
1
3734 375
1
3735 333
0
1
3736 383
1
3737 109
0
1
3738 361
1
3739 373
1
3740 75
1
3741 46
1
3742 163
0
0
1
3743 302
1
3744 188
1
3745 343
0
1
3746 157
0
1
3747 30
1
3748 134
1
3749 79
1
3750 284
1
3751 57
0
1
3752 317
0
1
3753 289
0
1
3754 107
1
3755 293
1
3756 175
1
3757 103
1
3758 289
1
3759 61
1
3760 13
1
3761 155
1
3762 327
0
0
1
3763 314
1
3764 295
1
3765 145
1
3766 392
1
3767 378
0
1
3768 292
1
3769 355
1
3770 35
0
1
3771 285
1
3772 200
0
1
3773 214
1
3774 184
1
3775 63
1
3776 124
0
1
3777 322
0
1
3778 298
0
1
3779 125
0
1
3780 25
1
3781 326
1
3782 187
0
1
3783 147
1
3784 395
1
3785 113
1
3786 51
1
3787 272
1
3788 176
1
3789 324
1
3790 348
0
1
3791 53
1
3792 310
1
3793 184
1
3794 338
1
3795 157
1
3796 205
1
3797 233
1
3798 75
1
3799 136
1
3800 268
1
3801 179
1
3802 219
1
3803 322
1
3804 138
0
1
3805 238
1
3806 344
1
3807 380
1
3808 331
1
3809 27
1
3810 342
1
3811 53
1
3812 190
1
3813 319
1
3814 385
1
3815 226
1
3816 270
1
3817 144
1
3818 180
1
3819 83
1
3820 173
1
3821 215
1
3822 351
1
3823 74
0
0
1
3824 205
0
0
1
3825 326
0
1
3826 260
1
3827 154
1
3828 15
1
3829 312
1
3830 12
1
3831 315
1
3832 164
1
3833 233
1
3834 93
1
3835 262
1
3836 281
1
3837 176
1
3838 10
1
3839 322
0
0
1
3840 342
0
1
3841 16
1
3842 190
1
3843 54
0
1
3844 128
0
1
3845 384
1
3846 57
1
3847 232
0
1
3848 9
1
3849 132
1
3850 120
0
0
1
3851 397
1
3852 16
1
3853 23
1
3854 96
1
3855 248
0
1
3856 301
0
1
3857 177
1
3858 140
1
3859 374
1
3860 85
1
3861 15
0
1
3862 330
1
3863 228
0
1
3864 258
1
3865 19
1
3866 122
0
1
3867 234
1
3868 173
1
3869 85
0
1
3870 287
1
3871 343
0
0
1
3872 107
1
3873 38
1
3874 349
1
3875 298
1
3876 167
1
3877 119
1
3878 397
1
3879 25
0
0
1
3880 131
0
1
3881 26
1
3882 24
1
3883 311
1
3884 367
0
1
3885 39
0
1
3886 356
1
3887 95
1
3888 205
0
1
3889 144
0
1
3890 317
1
3891 349
1
3892 147
1
3893 228
1
3894 344
0
1
3895 307
1
3896 156
0
0
0
1
3897 36
1
3898 316
1
3899 116
1
3900 177
1
3901 311
1
3902 304
1
3903 267
1
3904 218
1
3905 298
0
1
3906 161
1
3907 243
1
3908 288
1
3909 107
0
1
3910 336
0
0
0
1
3911 110
0
0
1
3912 187
0
0
1
3913 197
1
3914 5
1
3915 61
0
1
3916 282
0
1
3917 19
1
3918 10
1
3919 310
1
3920 331
1
3921 136
1
3922 296
1
3923 129
0
1
3924 140
1
3925 168
0
1
3926 239
1
3927 172
1
3928 44
0
1
3929 262
0
1
3930 44
1
3931 21
1
3932 340
1
3933 221
1
3934 80
1
3935 90
1
3936 37
1
3937 261
1
3938 54
1
3939 109
0
1
3940 197
0
1
3941 51
0
1
3942 126
1
3943 91
1
3944 12
0
1
3945 304
1
3946 84
1
3947 137
1
3948 56
1
3949 295
1
3950 328
1
3951 339
1
3952 367
1
3953 299
0
1
3954 387
1
3955 87
0
0
1
3956 261
0
1
3957 344
0
1
3958 312
1
3959 282
0
0
0
1
3960 160
1
3961 194
1
3962 385
1
3963 202
1
3964 237
1
3965 71
1
3966 297
0
1
3967 209
1
3968 341
1
3969 99
0
1
3970 257
1
3971 91
1
3972 285
1
3973 233
1
3974 66
1
3975 199
0
1
3976 61
1
3977 22
1
3978 282
1
3979 59
1
3980 298
0
1
3981 225
1
3982 395
1
3983 10
0
1
3984 393
0
1
3985 60
1
3986 123
1
3987 210
0
0
1
3988 78
1
3989 156
1
3990 283
1
3991 187
1
3992 239
1
3993 8
1
3994 134
1
3995 120
1
3996 220
0
1
3997 268
1
3998 328
1
3999 368
1
4000 69
0
1
4001 286
1
4002 373
1
4003 232
0
1
4004 316
1
4005 348
0
1
4006 241
0
1
4007 215
1
4008 389
1
4009 296
1
4010 90
1
4011 274
1
4012 294
1
4013 22
0
1
4014 246
0
1
4015 226
1
4016 274
0
1
4017 185
1
4018 15
1
4019 77
0
0
1
4020 169
1
4021 218
1
4022 329
1
4023 228
1
4024 142
1
4025 310
0
1
4026 83
1
4027 85
0
1
4028 227
0
0
1
4029 157
1
4030 181
0
0
0
0
1
4031 151
1
4032 271
0
1
4033 98
1
4034 146
0
0
0
1
4035 371
0
1
4036 181
1
4037 285
0
1
4038 302
0
1
4039 123
1
4040 134
0
0
1
4041 355
1
4042 372
1
4043 74
0
1
4044 199
1
4045 285
1
4046 81
1
4047 57
0
1
4048 188
0
0
1
4049 63
1
4050 73
0
1
4051 296
0
1
4052 277
1
4053 267
1
4054 27
0
0
0
0
0
0
0
1
4055 209
1
4056 129
1
4057 165
0
1
4058 46
0
1
4059 57
0
1
4060 331
1
4061 39
0
1
4062 372
1
4063 70
0
0
1
4064 116
0
1
4065 210
0
1
4066 75
1
4067 24
0
1
4068 219
1
4069 370
1
4070 355
0
0
0
0
1
4071 136
1
4072 196
0
1
4073 325
1
4074 315
1
4075 265
1
4076 97
1
4077 300
0
1
4078 203
0
1
4079 202
0
1
4080 108
1
4081 197
0
0
0
1
4082 55
0
1
4083 37
1
4084 381
1
4085 320
1
4086 366
0
1
4087 117
1
4088 133
1
4089 357
1
4090 44
1
4091 151
1
4092 280
1
4093 343
1
4094 315
0
1
4095 41
1
4096 112
1
4097 125
0
0
1
4098 296
1
4099 90
0
1
4100 286
0
0
1
4101 389
1
4102 48
1
4103 291
1
4104 15
1
4105 293
0
0
1
4106 9
1
4107 127
0
0
1
4108 39
1
4109 340
0
0
1
4110 289
1
4111 193
0
1
4112 189
1
4113 213
1
4114 333
0
0
0
1
4115 232
0
1
4116 343
0
0
1
4117 17
0
0
0
1
4118 26
1
4119 377
0
1
4120 174
1
4121 288
1
4122 182
0
1
4123 173
0
0
1
4124 121
1
4125 293
0
1
4126 326
0
0
0
1
4127 380
1
4128 87
1
4129 393
1
4130 315
0
0
1
4131 234
0
1
4132 192
0
1
4133 388
0
1
4134 155
1
4135 98
0
1
4136 247
1
4137 205
1
4138 249
0
0
1
4139 29
1
4140 186
1
4141 13
1
4142 19
0
0
0
1
4143 367
1
4144 159
1
4145 67
1
4146 45
1
4147 74
0
1
4148 338
0
1
4149 165
1
4150 331
1
4151 167
1
4152 370
0
1
4153 104
0
1
4154 366
1
4155 235
0
0
1
4156 18
1
4157 274
0
0
0
0
1
4158 220
0
0
1
4159 319
0
1
4160 290
0
0
1
4161 343
0
0
1
4162 225
1
4163 213
1
4164 383
1
4165 51
1
4166 335
1
4167 4
1
4168 86
0
0
1
4169 294
1
4170 273
1
4171 307
1
4172 178
0
1
4173 102
0
1
4174 192
1
4175 209
1
4176 178
1
4177 397
0
1
4178 322
0
0
0
1
4179 174
0
1
4180 376
1
4181 192
1
4182 215
0
0
0
1
4183 137
0
1
4184 34
1
4185 255
0
1
4186 325
0
0
1
4187 358
1
4188 143
1
4189 237
1
4190 176
0
0
1
4191 296
1
4192 258
1
4193 357
1
4194 253
0
0
0
0
0
0
0
1
4195 244
1
4196 123
0
0
1
4197 101
0
0
1
4198 91
0
1
4199 217
1
4200 388
0
0
1
4201 391
0
1
4202 386
1
4203 302
0
1
4204 66
0
1
4205 18
0
1
4206 158
1
4207 304
1
4208 196
1
4209 130
0
0
0
1
4210 26
1
4211 230
1
4212 16
0
0
0
0
1
4213 35
0
0
0
1
4214 91
0
1
4215 55
1
4216 19
0
0
0
1
4217 293
1
4218 271
1
4219 161
1
4220 248
0
1
4221 144
0
0
0
1
4222 5
0
0
1
4223 358
1
4224 105
0
1
4225 298
1
4226 183
0
1
4227 350
1
4228 193
1
4229 377
1
4230 373
0
1
4231 318
0
1
4232 160
1
4233 246
1
4234 178
0
1
4235 327
0
1
4236 171
1
4237 150
0
0
0
0
1
4238 356
1
4239 145
0
0
1
4240 48
0
0
1
4241 267
1
4242 82
1
4243 70
1
4244 304
0
0
1
4245 121
1
4246 54
1
4247 368
0
0
0
1
4248 68
0
1
4249 88
0
1
4250 104
1
4251 57
1
4252 173
1
4253 271
1
4254 140
1
4255 370
0
1
4256 275
1
4257 376
0
0
0
1
4258 107
1
4259 79
1
4260 117
1
4261 319
0
1
4262 279
1
4263 150
0
1
4264 95
1
4265 371
0
1
4266 319
0
0
0
0
1
4267 396
1
4268 166
0
0
0
1
4269 82
0
0
0
1
4270 116
0
0
0
1
4271 132
0
1
4272 333
1
4273 29
1
4274 234
1
4275 87
0
0
0
1
4276 372
1
4277 327
1
4278 39
0
1
4279 24
0
0
1
4280 99
1
4281 241
1
4282 56
1
4283 110
0
0
1
4284 178
1
4285 307
1
4286 39
1
4287 285
1
4288 119
1
4289 194
1
4290 270
1
4291 215
1
4292 251
1
4293 282
1
4294 60
1
4295 73
0
0
1
4296 152
1
4297 158
1
4298 132
0
0
1
4299 51
0
0
0
0
1
4300 164
1
4301 129
0
0
0
1
4302 167
0
1
4303 3
1
4304 186
0
0
0
1
4305 343
0
1
4306 355
0
1
4307 388
1
4308 345
1
4309 162
1
4310 87
0
1
4311 230
1
4312 24
1
4313 213
1
4314 144
0
1
4315 152
0
0
1
4316 235
1
4317 73
0
1
4318 233
0
0
0
1
4319 355
1
4320 169
1
4321 266
0
0
1
4322 188
0
0
1
4323 397
0
0
1
4324 397
1
4325 61
0
1
4326 246
0
1
4327 312
0
1
4328 396
0
0
0
1
4329 112
1
4330 228
1
4331 205
1
4332 341
0
1
4333 41
1
4334 232
1
4335 391
0
1
4336 123
1
4337 43
1
4338 26
1
4339 218
1
4340 281
0
0
0
0
1
4341 39
0
0
1
4342 152
0
0
0
1
4343 127
1
4344 71
0
0
0
0
1
4345 234
1
4346 178
0
0
0
0
0
1
4347 233
0
1
4348 337
1
4349 194
0
1
4350 177
1
4351 314
1
4352 210
0
0
1
4353 358
0
1
4354 44
0
0
1
4355 314
1
4356 139
0
0
0
0
0
1
4357 6
0
1
4358 106
1
4359 89
0
0
0
0
1
4360 175
1
4361 196
1
4362 11
1
4363 308
1
4364 79
0
1
4365 182
0
0
1
4366 113
0
0
0
1
4367 348
0
0
0
0
0
0
0
0
1
4368 52
1
4369 354
0
1
4370 107
1
4371 24
1
4372 292
0
1
4373 232
0
0
0
1
4374 212
1
4375 314
1
4376 274
0
1
4377 58
1
4378 55
0
0
1
4379 274
0
1
4380 294
1
4381 387
1
4382 397
1
4383 97
1
4384 345
1
4385 397
1
4386 97
1
4387 109
1
4388 104
1
4389 118
0
0
1
4390 42
0
0
1
4391 224
1
4392 389
0
1
4393 347
1
4394 118
0
1
4395 8
1
4396 339
1
4397 130
0
0
0
0
0
1
4398 32
1
4399 184
0
1
4400 31
0
0
0
0
0
0
1
4401 271
1
4402 258
0
0
0
0
0
1
4403 188
0
1
4404 43
1
4405 314
1
4406 377
1
4407 132
0
0
1
4408 146
1
4409 103
0
0
0
0
0
0
0
1
4410 280
1
4411 354
0
0
1
4412 9
1
4413 317
0
1
4414 185
1
4415 355
0
0
0
0
0
1
4416 244
0
0
0
0
0
0
1
4417 383
1
4418 24
0
1
4419 292
0
0
0
0
1
4420 218
0
1
4421 338
1
4422 271
0
1
4423 176
0
0
1
4424 214
0
1
4425 221
0
0
1
4426 17
1
4427 304
0
1
4428 376
0
0
0
0
0
0
0
0
0
1
4429 273
0
0
1
4430 176
1
4431 177
0
0
0
0
1
4432 164
1
4433 15
1
4434 194
0
0
0
0
0
1
4435 219
0
1
4436 15
1
4437 215
0
0
0
1
4438 102
0
1
4439 359
1
4440 176
1
4441 121
0
1
4442 283
0
1
4443 21
0
1
4444 253
0
1
4445 383
1
4446 278
0
0
0
1
4447 288
1
4448 168
0
0
0
0
0
1
4449 53
1
4450 343
0
1
4451 324
1
4452 262
0
0
0
1
4453 171
1
4454 104
0
1
4455 94
1
4456 370
0
0
0
0
1
4457 98
0
0
0
0
0
0
0
1
4458 5
1
4459 111
0
1
4460 150
0
1
4461 66
0
0
1
4462 295
1
4463 267
0
0
0
0
0
0
0
1
4464 120
1
4465 207
1
4466 386
0
1
4467 197
0
0
0
1
4468 73
1
4469 31
0
0
0
1
4470 51
0
0
0
0
0
1
4471 297
0
1
4472 245
0
0
0
1
4473 348
1
4474 148
1
4475 196
0
0
1
4476 92
0
0
1
4477 96
1
4478 265
0
0
0
0
1
4479 352
0
1
4480 113
1
4481 63
1
4482 358
1
4483 342
1
4484 319
1
4485 73
0
0
0
0
0
0
0
1
4486 204
0
1
4487 286
1
4488 35
0
1
4489 196
0
1
4490 228
1
4491 227
0
0
1
4492 96
0
0
1
4493 352
0
1
4494 225
1
4495 23
1
4496 302
0
0
1
4497 143
0
0
1
4498 232
0
0
0
0
0
1
4499 258
1
4500 378
0
0
0
0
0
1
4501 298
1
4502 311
0
1
4503 197
0
1
4504 58
1
4505 358
1
4506 284
1
4507 320
1
4508 93
0
1
4509 168
0
0
1
4510 248
0
0
1
4511 188
1
4512 127
0
0
0
0
0
0
0
0
1
4513 43
0
0
0
1
4514 297
1
4515 358
0
0
0
0
0
1
4516 176
1
4517 239
0
1
4518 278
0
0
0
0
1
4519 179
1
4520 271
0
0
1
4521 398
0
1
4522 92
1
4523 233
1
4524 199
0
0
1
4525 36
1
4526 11
0
0
0
0
0
0
1
4527 339
1
4528 246
0
1
4529 215
1
4530 212
1
4531 244
1
4532 128
0
0
1
4533 29
0
1
4534 24
0
1
4535 174
0
0
0
0
0
0
0
0
0
0
0
0
1
4536 36
0
1
4537 20
0
0
0
0
0
1
4538 65
0
0
0
0
1
4539 91
1
4540 27
0
0
1
4541 214
1
4542 99
1
4543 76
0
0
0
0
1
4544 108
1
4545 39
1
4546 283
0
0
0
0
1
4547 113
1
4548 361
0
0
1
4549 240
0
0
1
4550 209
1
4551 331
0
0
0
0
0
1
4552 155
0
1
4553 74
0
1
4554 397
0
0
1
4555 344
0
1
4556 273
0
0
1
4557 27
1
4558 228
0
1
4559 339
1
4560 381
0
0
1
4561 167
0
1
4562 363
1
4563 308
0
0
0
0
0
1
4564 248
0
0
0
0
0
1
4565 23
0
0
0
1
4566 130
1
4567 338
0
0
0
0
0
0
0
1
4568 231
0
1
4569 130
1
4570 54
0
0
1
4571 366
1
4572 286
0
1
4573 159
0
0
0
1
4574 177
0
1
4575 283
0
1
4576 157
0
1
4577 173
0
1
4578 219
0
0
0
0
1
4579 82
0
1
4580 364
0
0
0
0
0
0
1
4581 360
1
4582 150
0
1
4583 159
0
0
0
0
1
4584 120
0
1
4585 99
1
4586 31
1
4587 144
0
0
0
0
0
0
1
4588 127
0
0
0
0
0
0
1
4589 95
1
4590 220
0
0
0
0
0
0
0
0
0
0
1
4591 251
0
0
1
4592 249
1
4593 37
0
1
4594 146
1
4595 149
1
4596 39
0
1
4597 130
0
0
0
0
0
0
0
0
0
0
0
0
1
4598 204
0
0
0
0
1
4599 159
0
0
0
0
0
1
4600 77
1
4601 298
0
0
1
4602 162
0
0
0
1
4603 279
0
0
0
0
0
0
0
0
0
0
1
4604 334
0
0
0
0
0
0
0
0
0
0
0
0
1
4605 203
0
0
0
0
0
0
1
4606 55
0
0
0
1
4607 164
0
0
1
4608 126
0
0
0
0
0
1
4609 169
1
4610 126
0
0
0
0
0
0
0
0
1
4611 35
0
0
1
4612 387
0
1
4613 23
0
0
0
0
0
1
4614 36
1
4615 348
0
1
4616 154
0
0
0
0
0
0
1
4617 242
1
4618 213
1
4619 113
0
0
0
0
1
4620 148
0
1
4621 52
0
1
4622 213
0
0
1
4623 32
1
4624 192
0
0
0
0
1
4625 332
1
4626 266
1
4627 334
0
0
0
0
0
1
4628 178
1
4629 192
0
0
1
4630 82
0
0
0
0
1
4631 186
1
4632 30
0
0
0
0
1
4633 57
0
0
0
1
4634 90
0
1
4635 63
0
0
0
1
4636 284
0
1
4637 151
0
0
0
1
4638 375
0
0
0
1
4639 227
1
4640 275
0
1
4641 198
1
4642 206
0
0
0
0
0
0
1
4643 242
0
1
4644 39
0
0
0
0
1
4645 190
0
1
4646 119
0
0
0
0
1
4647 343
0
0
0
0
1
4648 35
0
0
0
0
0
0
0
0
0
0
0
1
4649 59
0
0
1
4650 375
0
0
0
0
0
0
1
4651 18
0
0
0
0
0
0
0
0
1
4652 392
1
4653 321
0
0
0
1
4654 86
0
0
0
0
1
4655 313
1
4656 232
0
0
1
4657 257
1
4658 87
1
4659 13
1
4660 260
0
0
0
0
0
1
4661 273
0
0
1
4662 220
1
4663 383
0
0
0
0
0
0
1
4664 320
0
0
0
1
4665 56
0
0
0
0
0
0
0
0
0
0
0
0
0
0
1
4666 51
0
0
0
0
1
4667 141
0
1
4668 309
0
1
4669 247
0
0
0
1
4670 275
0
0
0
0
0
1
4671 80
0
0
0
0
0
0
0
0
0
0
0
0
1
4672 36
0
0
0
0
1
4673 187
0
0
0
1
4674 58
0
0
0
1
4675 276
0
1
4676 167
0
0
0
0
0
0
0
1
4677 346
0
0
0
0
0
0
0
0
0
0
0
0
0
1
4678 39
0
0
0
0
0
0
0
0
0
0
0
0
0
0
0
0
0
0
0
0
0
0
0
1
4679 65
0
0
0
0
0
0
1
4680 398
0
0
1
4681 35
0
0
1
4682 268
1
4683 196
0
0
1
4684 364
0
0
0
0
1
4685 270
1
4686 123
0
1
4687 63
0
0
0
0
0
0
0
0
0
0
0
0
0
0
0
0
0
0
0
0
0
0
1
4688 365
0
0
0
0
0
0
0
0
0
0
1
4689 305
0
0
0
0
1
4690 129
1
4691 177
1
4692 247
0
0
1
4693 61
0
0
0
0
0
0
0
0
0
0
0
0
0
0
1
4694 315
0
0
1
4695 343
0
0
0
0
0
1
4696 279
1
4697 152
0
0
0
0
0
0
0
0
0
0
0
0
0
1
4698 253
0
0
0
1
4699 182
1
4700 43
0
1
4701 283
1
4702 225
1
4703 258
1
4704 198
0
0
0
0
0
0
0
0
0
0
0
0
0
0
0
0
0
0
0
0
0
0
1
4705 263
0
0
0
1
4706 336
1
4707 289
0
0
0
0
0
0
0
0
0
0
0
0
0
0
0
0
0
0
0
0
1
4708 109
0
0
0
0
0
0
0
1
4709 363
0
0
0
1
4710 145
0
0
0
0
0
0
0
0
0
0
0
0
0
0
0
0
1
4711 381
0
0
0
0
0
0
0
0
0
0
0
0
1
4712 160
1
4713 251
0
0
0
0
1
4714 314
0
1
4715 303
0
0
1
4716 354
1
4717 84
1
4718 5
0
0
0
0
0
0
1
4719 5
0
0
0
0
0
0
0
0
1
4720 52
0
0
0
0
0
0
0
0
0
0
1
4721 292
0
0
0
0
0
0
0
0
0
0
0
0
0
0
0
0
1
4722 314
0
0
0
0
0
0
0
0
0
0
1
4723 169
0
0
0
0
0
0
0
1
4724 376
0
0
0
0
0
0
0
0
0
0
0
0
0
0
0
0
0
0
0
0
0
1
4725 300
0
0
0
0
0
0
0
0
0
0
0
0
0
0
0
0
0
0
0
0
0
0
0
0
0
0
0
0
0
0
0
0
0
0
0
0
0
0
0
0
0
0
0
0
0
0
0
0
0
0
0
0
0
0
0
0
0
0
0
0
0
0
0
0
0
0
0
0
0
0
0
0
0
0
0
0
0
0
0
0
0
0
0
0
0
0
0
0
0
0
0
0
0
0
1
4726 131
0
0
0
0
0
0
1
4727 95
0
0
0
0
0
1
4728 32
0
0
0
0
0
0
0
0
0
0
0
0
0
0
0
0
1
4729 298
0
0
0
0
0
0
0
0
0
0
0
0
0
0
0
0
1
4730 262
0
0
0
0
0
0
0
0
0
0
0
0
0
0
0
0
0
0
0
0
0
0
0
0
0
0
0
0
0
0
0
0
0
0
0
0
0
0
0
0
0
0
0
0
0
0
0
0
0
0
0
0
0
0
0
0
0
0
0
0
0
0
0
0
0
0
0
0
0
0
0
1
4731 171
0
0
0
0
0
0
0
0
0
0
0
0
0
0
0
0
0
0
0
0
0
0
0
0
0
0
0
0
0
0
0
0
0
0
0
0
0
0
0
0
0
0
0
0
0
0
0
0
0
0
0
0
0
0
0
0
0
0
0
0
0
0
0
0
0
0
0
0
0
0
0
0
0
0
0
0
0
0
0
0
0
0
0
0
0
0
0
0
0
0
0
0
0
0
0
0
0
0
0
0
0
0
0
0
0
0
0
0
0
0
0
0
0
0
0
0
0
0
0
0
0
0
0
0
0
0
0
0
0
0
0
0
0
0
0
0
0
0
0
0
0
0
0
0
0
0
0
0
0
0
0
0
0
0
0
0
0
0
0
0
0
0
0
0
0
0
0
0
0
0
0
0
0
0
0
0
0
0
0
0
0
0
0
0
0
0
0
0
0
0
0
0
0
0
0
0
0
0
0
0
0
0
0
0
0
0
0
0
0
0
0
0
0
0
0
0
0
0
0
0
0
0
0
0
0
0
0
0
0
0
0
0
0
0
0
0
0
0
0
0
0
0
0
0
0
0
0
0
0
0
0
0
0
0
0
0
0
0
0
0
0
0
0
0
0
0
0
0
0
0
0
0
0
0
0
0
0
0
0
0
0
0
0
0
0
0
0
0
0
0
0
0
0
0
0
0
0
0
0
0
0
0
0
0
0
0
0
0
0
0
0
0
0
0
0
0
0
0
0
0
0
0
0
0
0
0
0
0
0
0
0
0
0
0
0
0
0
0
0
0
0
0
0
0
0
0
0
0
0
0
0
0
0
0
0
0
0
0
0
0
0
0
0
0
0
0
0
0
0
0
0
0
0
0
0
0
0
0
0
0
0
0
0
0
0
0
0
0
0
0
0
0
0
0
0
0
0
0
0
0
0
0
0
0
0
0
0
0
0
0
0
0
0
0
0
0
0
0
0
0
0
0
0
0
0
0
0
0
0
0
0
0
0
0
0
0
0
0
0
0
0
0
0
0
0
0
0
0
0
0
0
0
0
0
0
0
0
0
0
0
0
0
0
0
0
0
0
0
0
0
0
0
0
0
0
0
0
0
0
0
0
0
0
0
0
0
0
0
0
0
0
0
0
0
0
0
0
0
0
0
0
0
0
0
0
0
0
0
0
0
0
0
0
0
0
0
0
0
0
0
0
0
0
0
0
0
0
0
0
0
0
0
0
0
0
0
0
0
0
0
0
0
0
0
0
0
0
0
0
0
0
0
0
0
0
0
0
0
0
0
0
0
0
0
0
0
0
0
0
0
