278 431
37 203 3
248 73 2
84 250 5
84 167 3
86 114 4
275 19 3
270 252 3
39 38 4
170 14 4
190 176 4
159 148 3
248 165 3
212 272 2
254 245 3
65 46 3
5 162 3
238 226 2
111 106 2
255 155 4
199 216 3
186 15 4
29 236 2
228 144 3
92 213 4
6 277 2
71 93 4
243 53 3
4 173 3
201 221 4
3 108 4
16 221 2
92 107 2
86 100 4
180 210 3
48 253 4
106 59 1
191 79 4
109 232 2
252 242 3
59 111 1
142 215 5
67 120 5
128 198 2
182 273 5
26 149 4
90 142 4
172 36 3
77 26 5
125 251 4
261 56 4
59 278 3
104 154 4
86 196 4
263 128 3
23 206 5
102 132 3
256 153 3
163 164 3
205 262 3
192 89 3
61 118 3
137 200 5
107 78 4
87 134 4
134 132 2
46 247 3
203 72 4
200 81 3
18 152 2
143 175 3
207 71 3
126 66 3
27 131 3
75 247 3
211 127 3
215 7 1
73 165 4
220 122 4
42 79 3
235 152 2
218 222 3
149 11 4
151 216 4
119 136 5
16 135 3
150 83 3
249 135 2
184 213 4
56 233 3
93 156 3
146 1 3
244 31 4
131 76 3
99 239 2
58 156 3
74 114 3
162 96 2
110 186 5
237 136 4
52 123 4
169 204 4
214 146 5
99 272 4
269 3 3
132 213 3
83 151 4
78 184 4
85 55 2
193 219 2
102 134 4
83 12 2
48 4 3
166 169 7
189 24 3
98 89 5
49 117 5
100 143 4
274 267 3
143 115 3
25 165 2
170 94 3
205 237 4
200 179 3
168 264 6
187 197 2
26 159 4
262 249 4
89 245 3
161 153 3
208 20 3
132 87 3
184 92 3
212 275 4
45 44 2
217 108 2
32 112 4
177 212 1
147 119 5
25 73 2
123 17 4
35 97 2
261 233 4
74 64 4
187 244 2
263 120 3
88 270 3
70 218 4
6 140 3
229 94 2
85 227 2
271 197 4
217 53 2
60 154 4
178 108 3
206 14 3
102 60 4
72 148 2
265 181 2
222 234 3
18 128 2
189 10 4
113 143 3
115 22 3
33 80 3
127 156 4
203 193 2
173 252 2
40 11 4
254 192 3
192 18 4
57 36 3
256 196 4
74 182 4
53 105 4
258 277 4
19 15 4
62 224 4
41 124 3
254 235 3
8 223 5
226 149 3
87 188 4
275 177 2
238 11 2
231 36 3
204 122 2
209 160 4
260 129 3
130 258 5
159 230 4
228 21 5
157 75 2
253 155 2
147 206 4
16 31 4
125 183 1
260 274 2
148 42 2
264 116 3
240 187 4
230 103 3
190 277 3
184 144 3
51 259 5
274 129 3
260 185 2
254 145 1
165 120 4
112 168 4
76 99 4
80 104 2
37 148 4
266 236 3
42 230 3
73 268 2
192 63 2
111 54 3
156 211 2
226 40 3
169 133 4
2 78 3
90 250 3
185 54 3
106 260 4
21 110 2
69 127 4
205 5 4
80 14 3
172 209 3
269 217 2
275 43 4
35 75 2
114 64 3
50 154 5
246 101 4
22 7 4
29 162 3
180 77 4
38 163 4
63 245 2
278 50 2
85 8 5
23 101 4
202 276 2
262 145 4
195 183 5
140 195 3
131 52 3
97 247 2
235 118 3
41 273 3
198 63 4
221 105 4
197 160 3
257 44 3
133 191 3
261 51 4
40 84 3
107 93 3
133 122 3
57 81 5
64 182 3
240 83 3
202 174 2
69 157 4
103 47 5
227 55 3
146 137 3
43 19 2
13 173 2
32 177 3
91 172 5
259 91 3
220 191 4
265 188 1
243 3 3
4 242 2
201 276 3
27 168 3
62 179 3
141 30 4
266 68 3
267 111 2
210 47 3
50 124 3
233 225 4
158 188 4
239 199 3
41 153 2
183 141 4
101 94 3
112 95 3
273 54 3
71 2 4
253 255 3
18 61 3
105 98 2
15 39 2
3 174 3
223 234 5
225 271 3
240 194 4
249 145 3
96 236 3
8 32 3
5 219 3
69 138 3
25 268 1
216 164 3
199 62 3
257 170 4
160 225 3
142 180 3
276 174 2
49 20 3
76 123 3
179 1 4
178 202 4
96 29 2
201 271 3
175 121 5
30 277 5
17 1 3
147 129 4
106 54 2
267 33 5
121 115 3
4 13 2
136 126 4
251 48 3
68 139 4
208 231 5
103 220 2
7 121 4
195 251 4
119 266 3
189 232 4
137 81 4
194 82 4
196 113 3
264 241 3
181 110 3
243 201 2
258 125 3
31 9 4
223 228 3
229 163 3
28 138 4
268 79 5
161 278 3
49 51 5
65 247 3
248 118 3
157 35 1
34 227 4
171 166 2
45 257 2
198 263 3
185 139 3
130 270 5
204 166 4
34 10 5
176 6 4
250 167 3
175 115 4
139 236 4
138 242 3
246 9 4
130 141 2
208 117 5
66 9 3
44 158 2
28 88 4
110 265 2
17 239 2
241 10 3
24 109 3
246 150 3
218 207 4
13 242 3
152 61 4
2 207 5
22 100 5
53 98 3
256 255 4
200 82 5
21 181 2
91 209 3
272 95 2
33 104 2
144 234 2
24 70 4
241 232 5
224 151 4
55 34 2
178 56 3
97 65 3
97 75 2
70 34 4
116 227 6
43 186 3
267 59 3
67 171 4
58 211 4
124 161 3
12 194 2
269 243 3
28 58 4
6 190 3
244 197 3
135 126 5
23 66 4
158 45 1
189 109 1
176 140 1
219 162 3
17 214 3
262 135 3
37 72 4
150 151 3
90 77 3
116 10 3
76 52 3
12 224 4
95 177 3
46 155 3
20 259 2
113 195 5
167 64 2
38 164 2
57 82 4
10000
0
0
0
0
0
0
0
0
0
0
0
0
0
0
0
0
0
0
0
0
0
0
0
0
0
0
0
0
0
0
0
0
0
0
0
0
0
0
0
0
0
0
0
0
0
0
0
0
0
0
0
0
0
0
0
0
0
0
0
0
0
0
0
0
0
0
0
0
0
0
0
0
0
0
0
0
0
0
0
0
0
0
0
0
0
0
0
0
0
0
0
0
0
0
0
0
1
1 153
0
0
0
0
0
0
0
0
0
0
0
0
0
0
0
0
0
0
0
0
0
0
0
0
0
0
1
2 107
0
0
0
0
0
0
0
0
0
0
0
1
3 45
0
0
0
0
0
0
0
0
0
0
0
0
0
0
0
0
0
0
0
0
0
0
0
0
0
0
0
0
0
0
0
0
0
0
1
4 165
0
0
0
0
0
0
0
0
0
0
0
1
5 36
0
1
6 132
0
0
0
0
0
0
0
0
0
0
0
0
0
0
0
0
0
0
0
0
0
0
0
0
0
0
0
0
0
0
0
1
7 128
0
0
1
8 111
0
0
0
0
0
0
0
0
0
0
0
0
0
0
0
0
0
0
0
0
0
0
0
0
0
0
0
0
0
0
0
0
1
9 191
0
0
0
0
0
0
0
0
0
0
0
0
0
0
0
0
0
0
0
0
0
1
10 252
0
0
0
0
0
0
0
0
0
0
0
0
0
0
1
11 125
0
0
0
0
0
0
0
0
0
0
0
0
0
0
0
1
12 277
0
0
0
0
0
0
0
0
0
0
0
0
0
0
0
0
0
0
0
0
0
0
0
0
0
0
0
0
0
0
0
0
0
1
13 79
0
0
0
0
0
0
0
0
1
14 39
0
0
1
15 108
0
0
0
0
0
0
0
0
0
0
0
0
0
0
0
0
1
16 112
0
0
0
0
0
0
0
0
1
17 14
0
0
0
0
1
18 231
0
1
19 80
0
0
1
20 96
0
0
0
0
0
0
0
0
0
1
21 175
0
0
0
0
0
0
0
1
22 74
0
0
0
0
0
0
0
1
23 19
0
0
0
0
0
0
0
0
0
0
0
0
0
1
24 29
0
0
0
0
0
1
25 197
0
0
0
1
26 4
0
0
0
0
0
0
0
0
0
0
0
0
0
0
0
0
0
1
27 231
0
0
0
1
28 227
0
0
0
0
0
0
0
0
0
0
0
1
29 191
1
30 44
0
0
0
1
31 260
0
1
32 113
0
0
0
0
0
0
0
0
1
33 29
0
0
0
0
0
0
0
0
0
0
0
0
0
0
1
34 147
0
0
0
0
0
0
1
35 120
1
36 266
0
0
0
0
0
0
0
0
0
0
0
1
37 253
0
0
0
0
0
1
38 274
0
0
0
0
0
0
0
0
0
0
0
0
0
0
0
0
0
0
0
1
39 128
0
0
1
40 60
0
0
0
1
41 87
0
0
0
0
0
0
0
1
42 171
1
43 14
0
0
0
0
0
0
0
0
0
1
44 121
0
0
0
1
45 81
0
0
1
46 189
0
0
0
0
1
47 197
0
1
48 265
0
1
49 22
0
1
50 126
0
0
0
0
0
0
0
0
0
0
0
0
0
0
0
0
0
0
0
0
0
0
0
0
0
0
0
0
0
0
0
0
0
0
0
0
0
0
0
0
0
0
0
0
0
0
0
0
0
0
0
0
0
0
0
1
51 97
0
0
0
0
0
0
0
0
0
0
0
0
0
0
1
52 185
0
0
0
0
0
0
0
0
0
0
0
1
53 20
0
0
0
0
0
0
0
0
0
0
0
0
0
0
0
0
0
0
0
0
1
54 226
0
0
1
55 143
0
0
0
0
0
0
0
0
0
0
0
0
0
0
0
0
0
0
0
0
0
0
0
1
56 19
0
1
57 106
1
58 268
1
59 112
0
0
0
0
0
1
60 25
0
0
1
61 165
0
0
0
0
0
0
0
0
0
0
0
0
1
62 41
0
0
0
0
1
63 112
0
1
64 139
0
0
0
1
65 5
0
0
0
0
0
0
0
0
0
0
1
66 241
0
0
0
0
0
0
1
67 165
0
0
0
0
0
0
0
0
0
0
0
1
68 125
0
0
0
0
0
0
0
0
0
0
0
0
0
0
0
0
0
0
0
0
0
0
0
0
0
0
1
69 20
0
0
0
0
0
0
0
0
0
1
70 203
0
0
0
0
0
0
0
1
71 29
1
72 125
0
1
73 177
0
0
0
0
0
0
0
0
0
1
74 135
0
0
0
1
75 276
0
0
0
0
1
76 53
0
0
1
77 46
0
0
0
0
0
0
0
0
0
0
0
0
0
0
0
1
78 111
0
0
0
0
0
0
0
0
0
0
0
0
0
0
0
0
1
79 84
1
80 182
0
0
0
1
81 273
1
82 276
0
1
83 211
0
0
0
0
0
0
0
0
1
84 178
0
1
85 212
0
0
0
0
0
0
0
0
0
0
0
0
0
0
0
0
0
0
0
0
0
1
86 159
0
0
0
0
0
0
0
0
0
0
0
0
0
0
1
87 148
0
0
0
0
0
1
88 160
0
1
89 197
1
90 67
0
1
91 190
0
1
92 106
0
0
0
0
0
1
93 206
0
1
94 260
1
95 143
0
0
0
0
0
0
1
96 37
0
1
97 20
0
0
0
0
0
0
0
1
98 31
0
0
0
1
99 37
0
0
1
100 236
0
0
0
0
0
1
101 18
0
0
0
0
0
0
1
102 55
0
0
0
0
0
0
0
1
103 268
0
0
0
0
1
104 29
0
0
0
0
0
0
0
1
105 57
0
0
0
1
106 252
0
0
0
0
0
1
107 119
0
0
0
0
0
0
1
108 156
0
0
0
0
0
0
1
109 179
0
1
110 110
0
0
0
0
0
0
1
111 263
0
1
112 242
0
0
0
1
113 132
0
1
114 65
1
115 259
0
0
0
1
116 199
0
1
117 70
0
0
0
0
0
1
118 61
0
0
0
0
0
0
0
0
0
0
0
0
1
119 46
0
0
0
0
0
0
1
120 238
1
121 59
0
0
0
0
1
122 100
0
0
0
0
1
123 33
0
0
0
0
0
0
0
0
1
124 171
0
0
1
125 134
0
0
0
1
126 224
0
0
0
0
1
127 224
0
0
0
0
0
0
0
0
0
0
0
1
128 151
0
0
0
1
129 259
0
1
130 177
1
131 75
0
0
0
0
0
1
132 149
0
0
1
133 155
0
0
1
134 77
0
0
0
0
0
0
0
1
135 74
0
0
0
0
0
0
0
0
0
0
0
0
0
1
136 68
0
1
137 275
0
0
1
138 40
0
0
0
0
0
0
0
0
1
139 266
0
1
140 41
0
0
1
141 182
0
0
0
0
0
1
142 53
0
1
143 65
0
1
144 202
0
1
145 247
1
146 135
0
0
0
0
1
147 138
0
0
0
0
0
0
0
0
1
148 260
0
0
0
0
1
149 168
0
0
0
0
0
0
0
0
0
0
0
1
150 233
1
151 82
1
152 265
0
0
0
0
1
153 224
1
154 107
0
1
155 249
1
156 233
0
1
157 79
0
1
158 101
1
159 128
0
0
0
0
0
1
160 58
1
161 204
1
162 149
0
0
0
0
1
163 70
0
0
0
0
1
164 125
0
1
165 197
0
0
1
166 238
0
0
0
1
167 269
0
0
0
0
0
0
0
0
0
0
1
168 106
0
0
0
1
169 211
0
0
0
0
0
0
0
0
0
0
0
1
170 258
0
0
0
0
0
0
0
0
0
0
0
0
1
171 232
1
172 18
0
1
173 157
0
1
174 184
0
0
0
0
0
0
0
1
175 229
1
176 247
0
0
0
0
1
177 13
1
178 53
0
0
0
0
0
0
0
1
179 41
1
180 73
0
0
1
181 151
0
1
182 120
1
183 111
0
0
0
0
1
184 226
0
0
0
0
0
1
185 149
0
0
0
0
1
186 91
1
187 186
0
0
1
188 154
0
0
0
0
0
0
0
0
0
0
0
0
0
0
0
0
0
0
0
0
0
1
189 169
0
1
190 262
0
0
0
1
191 12
0
0
0
0
0
0
0
0
0
0
0
1
192 229
1
193 96
0
0
0
1
194 253
0
0
0
1
195 21
0
1
196 77
1
197 208
1
198 111
0
0
0
1
199 151
0
0
1
200 134
1
201 134
1
202 266
1
203 264
1
204 90
0
1
205 51
0
0
0
0
0
0
0
1
206 171
0
1
207 45
1
208 75
0
0
0
0
0
1
209 121
0
0
0
0
0
1
210 154
1
211 99
0
0
0
0
0
0
0
0
0
0
0
1
212 150
1
213 60
0
0
0
0
0
0
1
214 265
1
215 130
0
1
216 88
0
0
0
0
0
0
1
217 112
0
1
218 210
0
0
1
219 218
0
1
220 96
0
1
221 163
0
1
222 12
0
1
223 192
0
0
1
224 203
1
225 229
0
0
1
226 49
0
0
0
0
1
227 180
0
0
0
0
1
228 12
0
0
0
0
0
0
1
229 53
1
230 249
1
231 129
0
0
0
0
0
0
0
0
0
0
0
0
0
0
0
0
0
0
0
0
0
1
232 261
0
1
233 62
0
0
0
0
1
234 140
0
0
0
1
235 155
0
1
236 106
0
0
0
0
0
0
0
0
0
0
1
237 98
0
1
238 225
1
239 192
0
0
0
1
240 194
0
0
0
0
1
241 104
0
0
0
0
1
242 276
0
0
0
1
243 120
0
1
244 203
0
0
0
0
1
245 67
0
0
0
0
0
0
0
0
0
0
1
246 62
0
0
0
0
0
0
1
247 214
0
1
248 274
1
249 164
0
0
1
250 178
1
251 101
0
0
1
252 66
0
0
0
0
0
0
1
253 67
1
254 49
1
255 199
0
1
256 83
0
0
0
0
1
257 3
0
0
1
258 173
0
0
0
1
259 142
1
260 5
0
0
0
0
0
0
0
1
261 210
1
262 26
1
263 193
0
0
0
0
0
0
0
0
0
0
0
0
0
0
1
264 202
1
265 86
0
0
0
1
266 247
0
0
0
0
0
0
0
0
1
267 263
0
0
0
0
0
1
268 255
0
0
0
1
269 211
0
1
270 63
0
0
1
271 132
0
0
0
0
0
1
272 39
0
0
0
0
0
0
1
273 148
0
0
0
1
274 131
0
1
275 205
1
276 196
1
277 151
0
1
278 20
1
279 50
0
1
280 108
0
0
1
281 270
0
0
0
1
282 179
1
283 17
0
0
0
0
1
284 72
0
1
285 71
1
286 167
1
287 124
0
0
1
288 26
0
0
0
0
1
289 108
0
0
1
290 40
0
0
0
0
0
0
0
0
0
0
1
291 225
0
0
0
1
292 158
0
0
0
0
1
293 90
1
294 96
1
295 258
0
0
0
1
296 18
0
0
0
0
0
0
1
297 226
0
1
298 153
1
299 89
1
300 120
1
301 158
1
302 251
1
303 161
0
0
1
304 46
0
1
305 108
0
0
0
1
306 216
1
307 22
0
0
1
308 8
1
309 141
1
310 79
0
0
1
311 102
1
312 211
0
0
0
0
1
313 26
0
1
314 186
0
1
315 46
0
1
316 29
1
317 229
0
1
318 51
0
1
319 24
0
1
320 122
0
1
321 162
0
0
0
1
322 140
0
0
0
1
323 156
1
324 170
1
325 138
0
0
1
326 148
0
0
1
327 139
0
1
328 151
0
0
1
329 86
0
1
330 151
0
1
331 261
0
1
332 278
0
1
333 235
0
0
0
1
334 111
0
0
1
335 191
0
1
336 8
0
1
337 91
1
338 104
0
0
0
0
0
1
339 219
0
0
0
1
340 139
1
341 186
0
1
342 170
1
343 239
1
344 239
1
345 229
0
0
1
346 83
1
347 257
0
0
0
0
1
348 257
0
1
349 225
0
0
1
350 240
0
0
0
0
1
351 77
0
0
0
0
0
0
1
352 21
0
1
353 262
0
1
354 203
1
355 26
0
1
356 107
0
1
357 42
0
0
1
358 17
0
1
359 38
0
1
360 53
0
0
1
361 269
0
0
1
362 124
0
0
0
1
363 29
1
364 125
0
0
1
365 37
0
1
366 152
0
0
0
0
0
0
1
367 181
0
1
368 45
0
0
0
0
1
369 11
1
370 254
1
371 243
0
0
0
0
0
1
372 195
1
373 129
0
0
0
1
374 230
0
1
375 11
0
0
1
376 100
1
377 148
0
1
378 38
0
1
379 6
0
0
0
0
1
380 15
1
381 17
0
1
382 18
1
383 220
0
0
1
384 261
0
0
1
385 105
0
1
386 246
1
387 234
1
388 10
0
1
389 259
0
1
390 231
0
1
391 125
0
0
0
0
1
392 50
1
393 19
0
0
0
0
0
1
394 259
0
1
395 242
1
396 140
1
397 100
0
1
398 238
1
399 52
0
1
400 7
0
0
0
0
0
0
0
0
0
0
1
401 25
0
0
0
0
1
402 175
1
403 13
1
404 65
0
0
0
0
0
0
0
0
0
0
1
405 70
0
0
0
0
0
0
0
0
1
406 228
0
0
1
407 193
0
0
0
0
0
0
1
408 197
0
0
0
0
1
409 2
0
1
410 81
0
0
0
0
1
411 21
0
0
1
412 243
1
413 98
0
0
1
414 35
1
415 264
1
416 185
1
417 86
0
0
1
418 246
0
1
419 197
0
0
1
420 263
1
421 123
0
0
1
422 49
0
0
0
1
423 119
1
424 173
1
425 146
1
426 144
1
427 178
0
0
0
0
1
428 82
0
1
429 243
0
1
430 37
0
0
1
431 154
0
1
432 2
0
1
433 52
0
0
1
434 163
0
0
0
0
0
0
0
0
0
0
0
0
0
1
435 95
1
436 91
0
1
437 208
0
1
438 211
1
439 197
0
0
0
1
440 161
1
441 186
0
0
0
0
1
442 125
1
443 270
0
1
444 22
1
445 242
0
1
446 177
0
0
0
0
0
0
0
0
1
447 119
0
0
1
448 45
1
449 234
1
450 260
0
0
0
0
0
0
0
1
451 45
0
1
452 82
0
0
0
0
0
1
453 273
1
454 211
1
455 198
1
456 153
0
0
1
457 172
0
1
458 47
1
459 27
0
0
0
0
0
0
0
0
1
460 108
1
461 93
0
1
462 94
1
463 86
1
464 74
0
1
465 231
0
0
1
466 90
0
1
467 81
1
468 189
1
469 81
1
470 187
1
471 225
0
0
0
0
0
1
472 19
0
0
1
473 12
0
0
1
474 63
1
475 237
0
0
1
476 37
0
0
1
477 134
0
0
0
0
1
478 241
1
479 258
0
0
0
1
480 95
1
481 170
1
482 210
0
0
0
1
483 231
0
1
484 121
0
1
485 68
0
1
486 71
0
1
487 158
1
488 91
1
489 265
1
490 155
0
0
0
0
0
1
491 79
0
0
1
492 204
0
0
1
493 150
1
494 238
0
0
1
495 78
0
1
496 152
0
0
0
0
0
0
1
497 26
1
498 266
1
499 53
0
0
0
0
0
1
500 111
1
501 161
1
502 71
1
503 221
0
0
0
0
0
1
504 187
0
1
505 230
0
1
506 231
0
1
507 74
0
1
508 37
1
509 28
1
510 18
1
511 203
1
512 22
0
0
0
0
0
1
513 106
1
514 74
0
0
0
0
0
0
0
0
0
0
0
0
1
515 116
1
516 108
0
0
1
517 211
0
1
518 65
1
519 185
0
1
520 243
0
0
1
521 69
0
1
522 222
1
523 41
0
0
0
0
0
0
1
524 105
0
1
525 244
1
526 18
0
1
527 139
0
0
0
1
528 249
0
0
0
1
529 77
0
0
0
1
530 60
0
1
531 10
1
532 188
0
1
533 216
0
1
534 107
0
1
535 14
0
0
0
0
0
0
0
1
536 101
0
1
537 220
1
538 62
0
0
0
0
1
539 116
1
540 265
0
0
0
1
541 199
0
0
0
1
542 46
0
1
543 237
0
0
1
544 15
1
545 195
0
1
546 81
1
547 200
1
548 275
0
1
549 139
0
0
1
550 84
0
0
0
1
551 8
1
552 102
0
0
1
553 24
0
0
0
1
554 22
0
0
0
1
555 90
1
556 214
1
557 142
1
558 208
1
559 7
1
560 17
1
561 111
0
0
0
0
0
0
1
562 216
1
563 231
0
0
0
1
564 222
0
1
565 81
0
0
1
566 124
0
0
0
0
1
567 66
1
568 161
0
0
0
1
569 122
0
1
570 84
0
0
0
0
0
1
571 161
1
572 211
0
1
573 75
0
0
1
574 149
0
1
575 110
1
576 35
1
577 40
0
0
0
1
578 253
1
579 110
1
580 195
1
581 74
0
1
582 246
0
0
0
1
583 44
0
1
584 263
0
0
0
0
0
0
0
1
585 80
1
586 270
1
587 242
1
588 215
1
589 40
0
0
0
0
0
1
590 260
0
1
591 197
0
0
0
1
592 141
1
593 277
1
594 223
1
595 124
0
1
596 155
1
597 193
1
598 44
0
0
1
599 224
0
0
0
0
1
600 182
0
1
601 76
0
0
1
602 223
1
603 68
0
1
604 208
1
605 146
1
606 149
1
607 7
0
1
608 67
1
609 124
0
1
610 38
1
611 199
0
0
0
1
612 211
1
613 147
0
0
0
0
0
1
614 137
1
615 89
0
0
0
0
0
0
1
616 10
0
0
0
0
1
617 54
0
1
618 215
0
0
1
619 89
0
1
620 74
0
0
0
0
0
0
0
1
621 236
0
0
0
1
622 68
1
623 144
1
624 120
0
1
625 191
0
1
626 194
0
0
0
0
0
1
627 118
0
0
0
0
1
628 150
1
629 14
1
630 75
1
631 186
1
632 138
0
1
633 225
1
634 146
0
0
1
635 2
1
636 115
0
1
637 124
0
1
638 67
1
639 26
1
640 10
1
641 228
1
642 250
0
1
643 72
0
0
1
644 31
1
645 187
0
0
1
646 37
1
647 49
1
648 128
1
649 249
0
0
0
1
650 189
1
651 83
1
652 148
1
653 27
1
654 84
0
0
1
655 249
0
0
1
656 228
1
657 266
0
0
0
1
658 260
0
1
659 261
0
1
660 194
0
0
0
0
0
0
0
1
661 167
0
1
662 148
0
1
663 9
0
0
0
0
0
0
1
664 21
0
1
665 62
0
0
1
666 34
0
0
0
0
0
1
667 112
1
668 259
0
0
1
669 73
0
0
1
670 245
0
1
671 260
0
1
672 124
1
673 228
1
674 225
0
1
675 14
1
676 155
1
677 251
0
0
1
678 197
1
679 220
0
0
0
1
680 59
1
681 141
0
1
682 106
0
0
0
1
683 122
1
684 71
1
685 40
0
0
1
686 104
1
687 159
0
1
688 185
0
0
1
689 100
1
690 226
1
691 152
0
0
1
692 18
0
0
1
693 147
1
694 24
1
695 253
0
0
1
696 174
0
1
697 146
0
0
0
0
0
0
1
698 145
0
0
1
699 73
1
700 269
1
701 21
0
1
702 239
0
1
703 157
0
0
1
704 145
0
0
0
1
705 108
0
0
0
0
1
706 273
0
0
1
707 31
0
0
0
0
0
0
0
0
0
0
0
0
1
708 199
1
709 166
0
1
710 249
0
1
711 60
0
0
0
0
0
0
0
0
0
1
712 223
0
0
1
713 139
1
714 18
0
1
715 148
0
0
0
1
716 149
1
717 52
1
718 69
1
719 59
1
720 129
1
721 176
1
722 25
1
723 273
1
724 172
0
0
1
725 72
0
0
0
0
0
0
1
726 27
0
1
727 154
0
0
0
0
0
1
728 22
0
1
729 121
1
730 46
0
0
0
1
731 273
1
732 265
1
733 46
0
0
1
734 65
0
1
735 121
0
0
1
736 255
0
1
737 149
1
738 226
0
0
0
1
739 226
1
740 53
1
741 232
1
742 94
0
0
0
1
743 239
1
744 222
0
1
745 129
0
0
0
0
1
746 52
1
747 16
1
748 76
1
749 225
0
0
1
750 253
0
1
751 93
0
0
1
752 160
0
0
0
0
1
753 148
0
0
1
754 238
0
1
755 134
0
0
1
756 197
1
757 263
1
758 96
1
759 74
1
760 220
0
1
761 46
1
762 115
1
763 99
0
1
764 278
0
1
765 166
0
0
0
1
766 185
0
1
767 221
1
768 33
1
769 120
0
1
770 149
0
0
1
771 106
1
772 254
0
1
773 202
1
774 245
1
775 40
0
1
776 76
0
1
777 178
1
778 53
1
779 202
1
780 182
0
0
0
0
0
0
0
0
0
0
1
781 206
0
1
782 60
0
1
783 84
1
784 271
0
1
785 99
0
0
1
786 35
1
787 84
1
788 24
1
789 30
1
790 202
0
1
791 187
0
1
792 82
0
1
793 240
0
0
0
1
794 161
1
795 40
1
796 183
1
797 239
1
798 24
0
0
0
0
0
0
1
799 181
0
0
0
0
1
800 145
0
0
0
1
801 222
0
0
1
802 96
1
803 2
0
1
804 8
0
0
0
1
805 19
0
1
806 131
1
807 240
1
808 134
1
809 270
0
1
810 271
1
811 224
0
0
1
812 95
0
1
813 168
1
814 235
0
0
0
0
1
815 203
0
0
1
816 40
0
1
817 215
1
818 73
0
0
1
819 260
1
820 153
1
821 65
0
0
1
822 29
1
823 128
0
0
0
0
0
0
0
0
1
824 221
1
825 89
0
1
826 193
0
0
0
1
827 70
0
0
1
828 192
0
1
829 127
1
830 115
1
831 37
0
0
1
832 106
1
833 25
1
834 70
0
1
835 98
0
0
0
1
836 132
1
837 189
1
838 196
1
839 54
1
840 83
0
0
0
1
841 61
0
0
1
842 29
1
843 70
1
844 169
1
845 60
0
0
1
846 226
1
847 255
1
848 13
0
0
0
1
849 165
0
0
0
1
850 72
0
0
1
851 163
1
852 178
1
853 238
1
854 149
0
0
0
0
1
855 4
1
856 169
0
0
1
857 124
0
1
858 90
0
0
1
859 258
1
860 263
0
1
861 216
1
862 203
0
1
863 56
1
864 100
0
1
865 233
1
866 122
0
0
0
0
0
0
0
1
867 80
0
0
1
868 103
0
0
0
0
0
0
1
869 6
0
1
870 38
0
1
871 185
0
1
872 131
0
0
0
1
873 219
1
874 225
0
1
875 43
0
0
0
0
1
876 165
1
877 103
1
878 3
0
1
879 228
0
1
880 25
0
1
881 128
0
0
0
0
0
1
882 136
0
0
0
0
0
0
1
883 36
0
1
884 22
1
885 58
1
886 231
1
887 70
1
888 266
1
889 18
0
1
890 200
0
0
0
0
0
0
1
891 43
1
892 192
0
0
1
893 140
0
1
894 32
1
895 49
0
1
896 83
1
897 26
1
898 262
0
0
0
0
1
899 46
1
900 40
0
0
1
901 83
0
0
1
902 93
1
903 74
1
904 255
1
905 106
1
906 57
0
0
1
907 128
1
908 201
1
909 10
1
910 181
1
911 11
1
912 156
0
1
913 249
1
914 212
0
1
915 197
1
916 82
1
917 189
1
918 136
0
0
1
919 48
1
920 183
0
0
0
0
0
0
1
921 67
1
922 46
1
923 203
1
924 187
1
925 247
1
926 44
0
1
927 5
0
1
928 117
0
0
1
929 185
1
930 192
0
1
931 91
1
932 221
1
933 266
1
934 172
1
935 40
0
0
1
936 227
1
937 268
1
938 82
0
1
939 39
0
1
940 170
1
941 230
0
0
1
942 152
1
943 129
1
944 53
1
945 222
1
946 185
0
1
947 106
0
1
948 195
0
1
949 175
1
950 155
0
1
951 96
1
952 169
0
1
953 128
0
1
954 148
1
955 139
0
1
956 189
1
957 107
0
1
958 21
1
959 29
0
0
1
960 100
1
961 28
1
962 119
0
1
963 156
1
964 201
1
965 54
0
0
1
966 173
0
1
967 97
0
1
968 227
0
1
969 110
0
0
1
970 9
0
1
971 107
1
972 93
1
973 16
0
0
0
0
1
974 93
0
0
0
0
1
975 277
1
976 205
1
977 92
0
0
1
978 230
0
0
1
979 55
1
980 239
1
981 225
1
982 180
1
983 86
1
984 87
1
985 259
1
986 226
1
987 103
1
988 209
0
0
1
989 104
0
1
990 157
1
991 252
0
1
992 42
1
993 11
1
994 192
0
1
995 259
0
1
996 157
0
0
1
997 75
0
0
0
1
998 70
1
999 272
1
1000 210
0
0
0
1
1001 148
0
0
0
1
1002 262
0
1
1003 82
1
1004 40
1
1005 222
0
1
1006 87
1
1007 198
1
1008 114
0
0
1
1009 196
0
0
1
1010 191
1
1011 198
1
1012 130
1
1013 96
0
1
1014 52
1
1015 53
0
0
0
0
1
1016 275
0
0
0
0
0
1
1017 25
0
1
1018 264
0
1
1019 28
0
1
1020 57
1
1021 237
1
1022 187
0
1
1023 199
1
1024 266
0
1
1025 12
1
1026 259
1
1027 48
0
1
1028 56
1
1029 139
1
1030 113
0
0
1
1031 274
1
1032 150
1
1033 182
1
1034 21
0
1
1035 263
0
1
1036 267
1
1037 24
1
1038 213
0
1
1039 276
1
1040 118
0
0
1
1041 52
0
0
0
1
1042 178
0
1
1043 252
1
1044 244
1
1045 29
0
1
1046 56
1
1047 140
0
1
1048 275
0
0
0
0
1
1049 213
0
1
1050 138
1
1051 49
1
1052 213
0
1
1053 115
1
1054 265
0
1
1055 34
1
1056 266
0
1
1057 254
0
0
1
1058 108
0
1
1059 157
1
1060 164
1
1061 44
1
1062 258
1
1063 145
0
0
1
1064 193
0
0
0
1
1065 103
1
1066 112
1
1067 77
1
1068 119
1
1069 232
0
0
1
1070 278
1
1071 244
0
1
1072 147
0
1
1073 41
1
1074 72
0
0
1
1075 217
1
1076 52
0
1
1077 27
1
1078 9
0
0
0
0
0
1
1079 132
0
0
0
1
1080 167
1
1081 202
0
0
0
0
0
0
1
1082 197
0
0
1
1083 4
1
1084 78
0
1
1085 48
0
1
1086 127
0
1
1087 161
0
0
1
1088 126
1
1089 182
1
1090 232
0
0
1
1091 226
1
1092 56
0
0
1
1093 198
1
1094 25
1
1095 33
0
1
1096 168
1
1097 186
1
1098 10
1
1099 22
0
0
1
1100 37
1
1101 93
1
1102 207
0
1
1103 183
0
0
1
1104 54
1
1105 251
0
1
1106 41
0
1
1107 205
0
1
1108 86
1
1109 269
1
1110 116
1
1111 153
0
0
0
1
1112 209
1
1113 147
1
1114 118
0
1
1115 132
1
1116 28
0
1
1117 273
1
1118 154
1
1119 211
1
1120 91
1
1121 108
1
1122 128
1
1123 262
1
1124 277
1
1125 109
1
1126 149
0
1
1127 43
0
0
0
1
1128 265
0
0
1
1129 234
0
1
1130 113
0
0
1
1131 222
1
1132 203
1
1133 128
1
1134 242
1
1135 226
0
1
1136 54
0
1
1137 123
1
1138 131
0
0
0
1
1139 185
1
1140 159
0
0
1
1141 256
1
1142 42
0
1
1143 85
1
1144 98
1
1145 199
0
1
1146 40
0
1
1147 210
0
0
1
1148 246
1
1149 40
1
1150 238
0
0
0
0
0
0
1
1151 191
0
1
1152 221
1
1153 273
1
1154 260
1
1155 257
1
1156 107
0
1
1157 135
1
1158 206
0
0
0
0
1
1159 70
1
1160 266
1
1161 68
0
1
1162 54
0
1
1163 45
1
1164 5
0
0
1
1165 31
1
1166 260
0
0
1
1167 123
0
1
1168 246
1
1169 40
1
1170 239
1
1171 95
0
1
1172 145
1
1173 55
1
1174 116
1
1175 200
1
1176 220
1
1177 206
0
1
1178 126
1
1179 249
0
1
1180 278
0
0
0
1
1181 264
0
1
1182 242
0
1
1183 207
0
1
1184 153
1
1185 189
0
0
0
1
1186 152
1
1187 117
0
1
1188 71
0
1
1189 109
0
1
1190 260
1
1191 175
0
1
1192 80
1
1193 253
0
1
1194 45
0
1
1195 212
0
1
1196 191
1
1197 17
1
1198 106
1
1199 267
0
0
1
1200 167
0
0
0
1
1201 86
1
1202 81
0
1
1203 245
1
1204 188
1
1205 7
1
1206 259
1
1207 108
1
1208 275
1
1209 76
1
1210 183
1
1211 78
1
1212 261
0
1
1213 185
0
1
1214 163
0
1
1215 55
0
1
1216 186
1
1217 256
1
1218 126
0
1
1219 118
0
1
1220 213
1
1221 210
1
1222 191
1
1223 219
0
1
1224 121
0
1
1225 64
0
1
1226 34
0
1
1227 270
1
1228 247
0
0
0
1
1229 139
1
1230 277
1
1231 119
0
0
0
1
1232 42
1
1233 24
1
1234 271
0
1
1235 257
1
1236 112
1
1237 245
1
1238 116
1
1239 19
1
1240 107
0
0
0
1
1241 85
1
1242 66
0
1
1243 30
1
1244 96
1
1245 277
0
1
1246 110
1
1247 84
1
1248 139
1
1249 113
0
1
1250 229
1
1251 246
0
1
1252 264
1
1253 181
0
1
1254 124
1
1255 192
1
1256 17
1
1257 235
0
0
0
1
1258 259
0
0
1
1259 214
1
1260 31
1
1261 73
0
0
1
1262 226
1
1263 221
0
0
1
1264 98
1
1265 55
1
1266 96
0
1
1267 221
0
1
1268 197
1
1269 145
0
1
1270 274
1
1271 139
1
1272 276
1
1273 211
1
1274 242
1
1275 228
0
1
1276 46
1
1277 259
1
1278 223
0
0
0
1
1279 53
0
1
1280 187
1
1281 273
1
1282 86
1
1283 106
0
1
1284 232
0
1
1285 154
0
1
1286 116
1
1287 74
1
1288 116
1
1289 153
0
1
1290 57
1
1291 253
1
1292 246
0
1
1293 154
1
1294 141
1
1295 258
1
1296 119
1
1297 89
0
0
0
1
1298 274
1
1299 120
1
1300 191
0
1
1301 227
1
1302 243
0
0
1
1303 158
0
0
1
1304 203
1
1305 160
1
1306 148
1
1307 202
1
1308 178
1
1309 6
0
1
1310 221
1
1311 244
1
1312 44
0
1
1313 124
1
1314 69
0
0
0
1
1315 67
1
1316 40
1
1317 265
1
1318 176
1
1319 27
1
1320 250
1
1321 154
1
1322 212
1
1323 234
1
1324 126
1
1325 250
0
0
1
1326 93
1
1327 21
1
1328 185
1
1329 10
0
1
1330 56
1
1331 40
1
1332 137
1
1333 114
1
1334 18
1
1335 184
0
1
1336 11
1
1337 156
1
1338 122
0
1
1339 194
1
1340 160
1
1341 48
0
1
1342 153
1
1343 173
1
1344 32
0
0
1
1345 135
0
1
1346 32
0
1
1347 256
1
1348 194
1
1349 100
0
1
1350 61
0
0
0
0
0
0
0
1
1351 90
1
1352 45
1
1353 198
1
1354 75
0
1
1355 190
1
1356 268
0
1
1357 106
1
1358 68
0
1
1359 94
1
1360 42
1
1361 180
1
1362 132
1
1363 150
1
1364 23
1
1365 133
1
1366 144
1
1367 93
0
1
1368 41
1
1369 146
1
1370 99
1
1371 228
1
1372 255
0
1
1373 6
0
1
1374 161
1
1375 183
1
1376 47
0
1
1377 221
0
1
1378 245
1
1379 69
1
1380 149
1
1381 142
0
1
1382 83
1
1383 150
0
0
1
1384 134
1
1385 120
1
1386 274
1
1387 23
0
1
1388 211
1
1389 259
0
1
1390 169
0
1
1391 182
1
1392 96
1
1393 149
1
1394 240
0
0
1
1395 205
0
1
1396 90
0
0
1
1397 103
1
1398 61
1
1399 96
1
1400 28
1
1401 104
0
1
1402 238
1
1403 201
1
1404 97
1
1405 132
1
1406 235
1
1407 126
1
1408 150
1
1409 161
1
1410 216
1
1411 260
1
1412 140
0
0
1
1413 143
1
1414 257
0
0
1
1415 145
1
1416 259
0
1
1417 66
1
1418 61
1
1419 171
1
1420 246
1
1421 95
1
1422 41
1
1423 10
1
1424 39
1
1425 152
1
1426 172
1
1427 86
0
1
1428 188
0
0
1
1429 97
0
0
0
0
1
1430 251
1
1431 21
0
1
1432 66
1
1433 159
1
1434 156
1
1435 146
1
1436 234
1
1437 203
1
1438 250
0
1
1439 61
1
1440 139
1
1441 2
0
1
1442 222
0
0
1
1443 238
1
1444 73
0
1
1445 85
1
1446 250
0
1
1447 35
0
1
1448 44
0
1
1449 176
1
1450 94
1
1451 232
1
1452 235
1
1453 268
0
1
1454 150
0
0
1
1455 216
1
1456 131
1
1457 236
0
0
1
1458 257
0
0
1
1459 242
0
1
1460 63
0
1
1461 96
1
1462 34
1
1463 158
0
1
1464 82
1
1465 251
1
1466 99
1
1467 161
1
1468 195
1
1469 52
1
1470 40
0
1
1471 221
1
1472 229
1
1473 115
0
1
1474 114
1
1475 103
1
1476 222
1
1477 270
0
1
1478 135
1
1479 108
1
1480 205
1
1481 236
1
1482 213
1
1483 148
1
1484 2
0
1
1485 168
1
1486 171
1
1487 40
1
1488 214
1
1489 260
1
1490 145
1
1491 155
1
1492 267
0
1
1493 54
1
1494 226
1
1495 81
1
1496 161
0
1
1497 34
1
1498 83
1
1499 37
1
1500 209
1
1501 69
0
1
1502 222
1
1503 72
1
1504 76
1
1505 179
1
1506 246
1
1507 225
1
1508 274
1
1509 147
1
1510 123
1
1511 70
0
0
1
1512 14
1
1513 155
1
1514 135
0
0
1
1515 84
0
1
1516 22
1
1517 46
1
1518 271
0
1
1519 199
1
1520 37
1
1521 237
0
1
1522 131
1
1523 224
0
0
1
1524 267
1
1525 68
0
0
1
1526 144
1
1527 72
0
0
1
1528 139
1
1529 144
1
1530 111
0
1
1531 196
1
1532 273
1
1533 79
1
1534 268
0
1
1535 249
1
1536 258
1
1537 46
1
1538 143
0
1
1539 37
0
0
1
1540 31
0
0
1
1541 124
1
1542 221
0
1
1543 145
1
1544 181
0
1
1545 216
1
1546 44
1
1547 44
1
1548 262
0
0
1
1549 179
0
1
1550 93
1
1551 42
1
1552 133
1
1553 106
1
1554 59
0
0
0
1
1555 178
1
1556 256
0
1
1557 41
0
1
1558 54
0
1
1559 146
1
1560 54
0
1
1561 192
0
1
1562 99
1
1563 29
1
1564 151
1
1565 239
0
1
1566 226
0
0
0
1
1567 248
0
1
1568 249
0
1
1569 151
0
1
1570 171
0
1
1571 241
1
1572 249
0
1
1573 59
1
1574 90
1
1575 236
1
1576 259
0
0
0
1
1577 108
1
1578 252
0
1
1579 49
1
1580 108
1
1581 168
1
1582 94
0
1
1583 54
1
1584 145
0
1
1585 228
0
1
1586 201
1
1587 273
1
1588 181
0
1
1589 159
1
1590 46
1
1591 110
1
1592 238
1
1593 99
1
1594 31
1
1595 5
0
0
1
1596 179
0
0
1
1597 75
1
1598 114
1
1599 70
1
1600 78
0
1
1601 248
1
1602 38
1
1603 135
1
1604 5
1
1605 41
0
1
1606 219
1
1607 247
1
1608 47
0
1
1609 146
1
1610 201
0
1
1611 14
1
1612 233
0
1
1613 14
1
1614 158
0
1
1615 220
1
1616 34
0
1
1617 116
1
1618 66
1
1619 39
0
1
1620 101
0
1
1621 228
1
1622 185
1
1623 74
0
1
1624 223
1
1625 190
0
1
1626 142
1
1627 4
1
1628 204
1
1629 41
1
1630 206
1
1631 29
1
1632 208
0
1
1633 106
1
1634 188
1
1635 84
1
1636 236
1
1637 184
1
1638 265
0
1
1639 218
0
1
1640 258
1
1641 84
1
1642 203
1
1643 46
1
1644 220
1
1645 116
1
1646 140
0
0
1
1647 71
1
1648 93
1
1649 77
0
1
1650 189
1
1651 154
1
1652 246
1
1653 54
1
1654 91
1
1655 261
1
1656 159
1
1657 73
1
1658 159
1
1659 90
1
1660 211
1
1661 259
0
1
1662 211
1
1663 108
1
1664 72
1
1665 175
0
0
1
1666 246
1
1667 124
1
1668 74
1
1669 201
1
1670 6
1
1671 266
1
1672 114
1
1673 143
1
1674 10
1
1675 262
1
1676 114
1
1677 58
1
1678 38
1
1679 169
1
1680 254
1
1681 198
1
1682 108
1
1683 5
1
1684 78
1
1685 38
1
1686 259
1
1687 54
0
1
1688 145
1
1689 38
1
1690 106
1
1691 223
1
1692 162
1
1693 268
1
1694 182
1
1695 45
1
1696 19
1
1697 196
1
1698 161
1
1699 221
1
1700 192
0
1
1701 113
1
1702 87
1
1703 158
1
1704 18
1
1705 190
1
1706 128
1
1707 155
1
1708 61
1
1709 74
1
1710 245
0
1
1711 200
1
1712 28
1
1713 166
0
1
1714 220
1
1715 128
1
1716 215
1
1717 244
1
1718 273
1
1719 48
1
1720 79
1
1721 174
1
1722 158
1
1723 77
0
1
1724 139
1
1725 184
1
1726 85
1
1727 226
1
1728 259
1
1729 108
1
1730 277
1
1731 169
1
1732 213
1
1733 69
0
1
1734 31
0
0
1
1735 271
1
1736 79
1
1737 239
1
1738 114
0
0
1
1739 23
1
1740 114
1
1741 102
0
1
1742 197
0
0
1
1743 76
1
1744 129
1
1745 11
1
1746 126
1
1747 163
1
1748 54
1
1749 66
1
1750 142
1
1751 236
0
1
1752 94
1
1753 116
0
0
1
1754 79
1
1755 92
1
1756 230
1
1757 62
1
1758 102
1
1759 7
1
1760 139
0
1
1761 196
1
1762 149
0
0
1
1763 108
1
1764 185
1
1765 56
1
1766 167
1
1767 37
1
1768 67
1
1769 192
0
1
1770 172
0
1
1771 238
1
1772 209
1
1773 12
1
1774 150
1
1775 100
1
1776 229
0
0
1
1777 272
1
1778 89
1
1779 130
1
1780 39
1
1781 148
1
1782 115
1
1783 219
1
1784 229
1
1785 211
1
1786 189
1
1787 259
1
1788 225
1
1789 228
1
1790 223
1
1791 244
0
1
1792 172
1
1793 167
0
1
1794 111
1
1795 211
1
1796 93
1
1797 66
1
1798 159
1
1799 76
1
1800 58
1
1801 141
1
1802 101
1
1803 26
1
1804 274
1
1805 148
1
1806 191
1
1807 202
1
1808 176
1
1809 266
1
1810 260
1
1811 42
0
1
1812 55
0
1
1813 193
1
1814 67
1
1815 142
1
1816 125
0
0
1
1817 193
1
1818 202
1
1819 89
0
1
1820 170
1
1821 100
1
1822 181
1
1823 67
1
1824 122
1
1825 208
0
1
1826 267
1
1827 129
1
1828 137
1
1829 150
1
1830 267
1
1831 136
1
1832 36
1
1833 41
1
1834 63
1
1835 274
1
1836 159
1
1837 175
1
1838 76
1
1839 184
1
1840 58
0
1
1841 206
0
0
1
1842 239
1
1843 124
1
1844 86
1
1845 226
0
1
1846 38
1
1847 92
1
1848 149
1
1849 107
1
1850 230
0
1
1851 180
1
1852 240
0
1
1853 111
1
1854 50
1
1855 161
1
1856 80
1
1857 277
1
1858 231
1
1859 191
1
1860 97
1
1861 52
0
1
1862 127
1
1863 211
0
1
1864 74
1
1865 271
0
0
1
1866 199
0
1
1867 176
1
1868 246
1
1869 244
1
1870 102
1
1871 32
0
1
1872 178
1
1873 130
1
1874 123
0
0
0
1
1875 30
1
1876 83
1
1877 230
1
1878 263
1
1879 147
1
1880 232
1
1881 147
1
1882 215
0
1
1883 121
1
1884 148
0
1
1885 139
1
1886 150
1
1887 216
1
1888 119
0
1
1889 6
1
1890 167
1
1891 128
1
1892 224
0
1
1893 164
1
1894 161
1
1895 163
1
1896 74
1
1897 147
1
1898 111
1
1899 3
1
1900 171
1
1901 227
1
1902 200
1
1903 25
0
1
1904 175
0
0
1
1905 64
1
1906 36
0
1
1907 254
1
1908 32
1
1909 238
1
1910 265
1
1911 203
0
1
1912 198
1
1913 247
1
1914 86
1
1915 118
0
1
1916 64
1
1917 114
1
1918 39
1
1919 158
1
1920 183
0
1
1921 108
0
1
1922 40
0
1
1923 237
1
1924 181
1
1925 142
1
1926 59
0
1
1927 99
0
0
1
1928 204
1
1929 126
1
1930 129
1
1931 149
1
1932 231
1
1933 127
0
0
1
1934 78
1
1935 160
1
1936 53
0
0
1
1937 54
0
1
1938 182
0
1
1939 263
1
1940 24
1
1941 215
1
1942 127
1
1943 156
1
1944 51
1
1945 36
1
1946 166
0
0
1
1947 90
1
1948 101
0
1
1949 69
1
1950 4
0
1
1951 226
1
1952 163
1
1953 42
0
0
0
1
1954 212
1
1955 44
0
1
1956 254
1
1957 173
1
1958 268
1
1959 202
0
1
1960 130
1
1961 226
1
1962 114
1
1963 237
1
1964 260
1
1965 245
1
1966 185
1
1967 138
1
1968 68
1
1969 40
1
1970 161
1
1971 140
0
1
1972 144
1
1973 52
1
1974 118
1
1975 41
1
1976 41
0
1
1977 264
0
1
1978 40
1
1979 247
1
1980 95
1
1981 252
1
1982 182
1
1983 248
0
1
1984 63
1
1985 68
0
0
1
1986 137
0
1
1987 2
1
1988 147
1
1989 121
1
1990 11
1
1991 184
1
1992 236
1
1993 255
1
1994 137
0
0
1
1995 5
1
1996 42
1
1997 40
1
1998 221
1
1999 231
1
2000 252
1
2001 36
1
2002 37
1
2003 271
1
2004 196
1
2005 24
1
2006 246
1
2007 11
1
2008 85
1
2009 182
1
2010 224
1
2011 110
1
2012 154
0
0
0
1
2013 119
1
2014 191
1
2015 80
1
2016 234
1
2017 214
0
1
2018 13
1
2019 26
0
1
2020 209
1
2021 199
0
0
1
2022 253
1
2023 160
0
1
2024 155
1
2025 172
1
2026 188
1
2027 273
0
1
2028 273
0
1
2029 124
0
0
0
1
2030 45
1
2031 61
1
2032 231
0
1
2033 156
1
2034 203
1
2035 187
1
2036 17
1
2037 134
1
2038 73
0
1
2039 111
1
2040 22
1
2041 161
1
2042 170
1
2043 95
1
2044 126
1
2045 75
0
1
2046 182
1
2047 167
0
0
0
1
2048 6
1
2049 124
1
2050 90
1
2051 260
0
0
1
2052 149
1
2053 43
1
2054 260
1
2055 202
0
1
2056 169
1
2057 231
0
1
2058 185
0
1
2059 144
1
2060 261
0
1
2061 220
0
1
2062 168
0
1
2063 96
1
2064 197
1
2065 30
1
2066 242
1
2067 251
1
2068 76
1
2069 91
1
2070 51
1
2071 131
0
1
2072 194
1
2073 62
1
2074 220
1
2075 34
1
2076 50
1
2077 213
1
2078 149
0
1
2079 184
1
2080 171
1
2081 57
0
1
2082 37
1
2083 35
1
2084 112
1
2085 276
0
0
1
2086 189
1
2087 74
1
2088 273
1
2089 28
0
1
2090 122
1
2091 244
0
1
2092 15
1
2093 182
1
2094 254
1
2095 163
1
2096 150
1
2097 245
1
2098 244
1
2099 229
1
2100 29
1
2101 52
1
2102 155
1
2103 12
1
2104 187
1
2105 9
1
2106 262
0
1
2107 142
1
2108 26
1
2109 276
1
2110 199
1
2111 29
1
2112 257
1
2113 26
1
2114 130
1
2115 149
0
1
2116 60
1
2117 221
1
2118 70
1
2119 78
1
2120 91
1
2121 69
1
2122 95
1
2123 145
1
2124 165
1
2125 139
0
1
2126 182
1
2127 113
1
2128 264
1
2129 73
1
2130 185
1
2131 236
0
1
2132 2
0
1
2133 236
1
2134 234
1
2135 219
1
2136 257
1
2137 50
1
2138 261
1
2139 105
1
2140 237
1
2141 115
1
2142 178
1
2143 62
1
2144 179
1
2145 137
1
2146 8
1
2147 239
0
1
2148 139
1
2149 132
0
0
1
2150 229
1
2151 73
1
2152 124
1
2153 278
1
2154 10
1
2155 111
1
2156 182
0
1
2157 62
1
2158 211
1
2159 111
1
2160 173
1
2161 239
1
2162 94
1
2163 87
1
2164 21
0
1
2165 237
0
1
2166 120
1
2167 217
1
2168 272
1
2169 146
1
2170 238
1
2171 40
1
2172 58
1
2173 277
1
2174 59
0
1
2175 28
1
2176 124
1
2177 216
1
2178 164
1
2179 138
1
2180 215
1
2181 28
1
2182 260
1
2183 105
1
2184 60
1
2185 108
1
2186 79
0
1
2187 145
1
2188 205
1
2189 49
1
2190 72
1
2191 144
1
2192 124
1
2193 245
1
2194 220
1
2195 23
1
2196 30
0
0
1
2197 137
1
2198 228
1
2199 206
1
2200 164
1
2201 29
1
2202 236
1
2203 211
1
2204 46
1
2205 175
1
2206 147
0
1
2207 236
1
2208 193
1
2209 58
1
2210 222
1
2211 250
1
2212 275
1
2213 104
0
1
2214 190
0
1
2215 63
1
2216 69
1
2217 12
1
2218 94
0
1
2219 274
1
2220 151
1
2221 201
0
1
2222 273
1
2223 111
1
2224 245
1
2225 42
1
2226 104
1
2227 253
1
2228 153
1
2229 37
1
2230 49
1
2231 249
1
2232 190
1
2233 170
1
2234 260
1
2235 62
1
2236 66
1
2237 173
1
2238 136
1
2239 151
1
2240 273
1
2241 178
1
2242 45
1
2243 83
1
2244 204
1
2245 231
1
2246 153
1
2247 99
1
2248 18
0
1
2249 261
1
2250 212
0
1
2251 230
1
2252 278
1
2253 92
0
1
2254 211
0
1
2255 106
0
1
2256 140
1
2257 273
1
2258 90
1
2259 241
0
1
2260 137
1
2261 226
0
1
2262 151
1
2263 34
0
1
2264 24
1
2265 11
1
2266 238
1
2267 193
1
2268 183
1
2269 244
1
2270 54
1
2271 211
1
2272 36
1
2273 248
1
2274 93
0
1
2275 90
0
1
2276 147
1
2277 238
1
2278 262
1
2279 11
1
2280 84
1
2281 272
0
1
2282 73
1
2283 103
0
1
2284 193
1
2285 171
1
2286 40
1
2287 85
1
2288 12
1
2289 227
1
2290 183
1
2291 52
1
2292 86
1
2293 89
0
1
2294 194
1
2295 42
1
2296 227
1
2297 228
1
2298 237
1
2299 268
1
2300 197
1
2301 200
0
1
2302 146
1
2303 210
1
2304 206
1
2305 98
1
2306 132
0
1
2307 96
1
2308 131
1
2309 185
1
2310 167
1
2311 163
1
2312 80
0
0
1
2313 82
1
2314 41
0
1
2315 217
1
2316 25
1
2317 128
1
2318 259
1
2319 40
1
2320 74
1
2321 146
1
2322 14
1
2323 115
1
2324 199
0
1
2325 90
1
2326 129
1
2327 110
1
2328 74
1
2329 156
1
2330 252
1
2331 64
1
2332 253
1
2333 202
1
2334 142
1
2335 134
1
2336 276
1
2337 183
1
2338 103
1
2339 260
1
2340 75
0
0
1
2341 68
1
2342 222
1
2343 82
1
2344 248
1
2345 19
1
2346 232
1
2347 147
1
2348 269
1
2349 31
1
2350 89
1
2351 203
1
2352 18
1
2353 198
1
2354 127
0
0
1
2355 12
1
2356 213
1
2357 34
0
1
2358 24
0
1
2359 122
0
0
1
2360 262
1
2361 50
1
2362 270
1
2363 238
0
1
2364 69
1
2365 185
0
0
1
2366 247
1
2367 133
1
2368 82
1
2369 84
0
1
2370 64
1
2371 70
1
2372 215
1
2373 204
1
2374 182
1
2375 129
1
2376 90
1
2377 252
1
2378 231
1
2379 111
1
2380 185
1
2381 127
1
2382 96
1
2383 35
1
2384 5
1
2385 242
0
1
2386 72
1
2387 107
1
2388 237
1
2389 25
1
2390 264
1
2391 38
1
2392 114
1
2393 238
1
2394 223
1
2395 50
0
1
2396 16
1
2397 73
1
2398 253
1
2399 146
1
2400 62
1
2401 9
1
2402 275
1
2403 193
1
2404 66
1
2405 246
1
2406 64
0
1
2407 270
1
2408 189
1
2409 199
1
2410 178
0
1
2411 59
1
2412 26
1
2413 138
1
2414 24
1
2415 242
1
2416 247
1
2417 215
1
2418 124
1
2419 53
0
1
2420 224
0
1
2421 217
1
2422 236
1
2423 86
0
1
2424 3
1
2425 134
1
2426 266
1
2427 122
1
2428 238
1
2429 236
0
1
2430 119
1
2431 177
1
2432 92
1
2433 257
1
2434 179
1
2435 165
1
2436 189
1
2437 8
1
2438 176
1
2439 209
0
1
2440 234
0
1
2441 161
1
2442 142
1
2443 268
1
2444 65
1
2445 49
1
2446 18
1
2447 30
1
2448 275
1
2449 155
1
2450 233
1
2451 152
1
2452 55
1
2453 190
1
2454 178
1
2455 26
0
1
2456 206
1
2457 236
1
2458 261
1
2459 205
1
2460 173
1
2461 246
1
2462 34
1
2463 104
0
1
2464 103
1
2465 37
1
2466 154
1
2467 142
1
2468 139
1
2469 132
1
2470 271
1
2471 192
1
2472 239
0
1
2473 17
0
1
2474 229
1
2475 266
1
2476 182
1
2477 221
1
2478 189
1
2479 111
1
2480 7
1
2481 54
1
2482 25
1
2483 202
1
2484 88
0
1
2485 68
0
1
2486 154
1
2487 154
1
2488 79
1
2489 54
1
2490 51
1
2491 114
1
2492 50
1
2493 266
1
2494 5
1
2495 138
1
2496 66
1
2497 161
1
2498 226
1
2499 173
1
2500 29
1
2501 69
0
0
1
2502 214
1
2503 96
0
1
2504 124
1
2505 139
1
2506 243
1
2507 179
1
2508 32
1
2509 263
1
2510 183
1
2511 278
1
2512 99
1
2513 52
1
2514 82
1
2515 77
1
2516 133
1
2517 15
1
2518 171
1
2519 263
1
2520 268
1
2521 58
0
1
2522 91
1
2523 67
1
2524 270
1
2525 84
1
2526 72
1
2527 128
1
2528 126
1
2529 264
1
2530 9
1
2531 230
1
2532 185
1
2533 72
1
2534 31
1
2535 97
0
1
2536 241
1
2537 85
1
2538 210
1
2539 80
1
2540 162
1
2541 276
1
2542 249
1
2543 181
1
2544 230
0
1
2545 137
1
2546 239
1
2547 139
1
2548 67
1
2549 278
1
2550 243
1
2551 276
1
2552 108
1
2553 98
1
2554 66
1
2555 238
1
2556 42
1
2557 270
1
2558 29
1
2559 117
1
2560 130
1
2561 263
1
2562 77
1
2563 183
1
2564 2
1
2565 243
1
2566 220
1
2567 83
1
2568 238
1
2569 141
1
2570 175
0
1
2571 124
1
2572 117
1
2573 88
1
2574 213
1
2575 206
0
1
2576 27
1
2577 221
1
2578 116
1
2579 247
0
1
2580 222
1
2581 32
1
2582 3
1
2583 238
1
2584 260
1
2585 118
1
2586 70
1
2587 127
1
2588 6
1
2589 191
1
2590 163
1
2591 37
1
2592 73
1
2593 53
0
1
2594 128
1
2595 40
1
2596 76
1
2597 258
1
2598 148
1
2599 243
1
2600 118
1
2601 17
1
2602 71
1
2603 134
1
2604 233
1
2605 226
1
2606 251
1
2607 115
1
2608 169
1
2609 111
1
2610 92
1
2611 29
1
2612 243
1
2613 17
1
2614 77
1
2615 156
1
2616 98
1
2617 60
1
2618 192
1
2619 148
1
2620 66
1
2621 236
1
2622 65
0
1
2623 192
1
2624 157
1
2625 252
1
2626 262
0
1
2627 80
1
2628 189
1
2629 183
1
2630 59
1
2631 142
1
2632 240
1
2633 61
1
2634 67
1
2635 48
1
2636 68
0
1
2637 173
1
2638 78
1
2639 187
1
2640 167
1
2641 207
1
2642 227
1
2643 139
1
2644 64
1
2645 238
1
2646 90
1
2647 3
1
2648 171
1
2649 73
1
2650 101
1
2651 100
1
2652 4
1
2653 203
1
2654 107
1
2655 105
1
2656 177
1
2657 184
1
2658 185
1
2659 201
1
2660 90
1
2661 224
1
2662 150
1
2663 35
1
2664 260
1
2665 212
1
2666 79
1
2667 55
1
2668 165
1
2669 270
1
2670 264
1
2671 37
1
2672 137
1
2673 184
1
2674 129
1
2675 241
1
2676 17
1
2677 150
1
2678 42
1
2679 253
1
2680 104
1
2681 100
1
2682 96
1
2683 15
1
2684 214
1
2685 27
1
2686 95
1
2687 134
1
2688 43
1
2689 208
1
2690 273
1
2691 41
1
2692 195
1
2693 189
1
2694 39
0
1
2695 73
1
2696 230
1
2697 138
1
2698 162
1
2699 261
1
2700 139
1
2701 215
0
1
2702 152
1
2703 83
1
2704 84
1
2705 215
1
2706 198
1
2707 79
1
2708 174
1
2709 87
1
2710 79
1
2711 50
1
2712 11
1
2713 111
1
2714 79
1
2715 112
1
2716 145
1
2717 26
1
2718 236
1
2719 180
1
2720 15
1
2721 258
1
2722 214
1
2723 238
1
2724 256
1
2725 189
1
2726 51
1
2727 203
1
2728 128
1
2729 49
1
2730 26
1
2731 144
1
2732 76
1
2733 215
1
2734 272
1
2735 135
1
2736 25
1
2737 249
1
2738 244
0
1
2739 201
1
2740 51
1
2741 5
1
2742 49
1
2743 26
1
2744 54
1
2745 191
1
2746 162
1
2747 247
1
2748 135
1
2749 173
1
2750 142
1
2751 126
0
1
2752 151
1
2753 257
1
2754 185
1
2755 209
1
2756 42
1
2757 105
1
2758 35
1
2759 155
1
2760 274
1
2761 269
1
2762 249
1
2763 74
1
2764 7
1
2765 235
1
2766 132
1
2767 20
1
2768 135
1
2769 129
1
2770 64
1
2771 260
1
2772 19
1
2773 153
1
2774 265
0
1
2775 50
1
2776 100
1
2777 188
1
2778 203
1
2779 146
1
2780 255
1
2781 95
1
2782 237
1
2783 252
1
2784 31
1
2785 68
1
2786 118
1
2787 204
1
2788 205
1
2789 233
1
2790 25
1
2791 79
1
2792 120
1
2793 40
1
2794 226
1
2795 26
1
2796 266
1
2797 190
1
2798 26
1
2799 256
1
2800 64
1
2801 139
1
2802 267
1
2803 142
1
2804 34
1
2805 139
0
1
2806 230
1
2807 213
1
2808 50
1
2809 79
1
2810 74
1
2811 251
1
2812 59
1
2813 277
1
2814 248
1
2815 249
1
2816 82
1
2817 231
1
2818 200
1
2819 185
1
2820 71
1
2821 149
1
2822 278
1
2823 47
1
2824 276
1
2825 178
1
2826 149
1
2827 44
1
2828 119
1
2829 6
1
2830 250
1
2831 187
1
2832 143
1
2833 213
1
2834 98
1
2835 124
1
2836 234
1
2837 202
1
2838 115
1
2839 29
1
2840 241
0
1
2841 25
1
2842 49
1
2843 29
0
1
2844 206
1
2845 278
1
2846 231
1
2847 11
1
2848 8
1
2849 111
1
2850 11
1
2851 148
1
2852 273
1
2853 266
1
2854 244
1
2855 273
1
2856 91
1
2857 119
1
2858 114
1
2859 180
1
2860 83
1
2861 147
1
2862 228
1
2863 199
1
2864 158
1
2865 180
1
2866 12
1
2867 103
1
2868 17
1
2869 181
1
2870 117
1
2871 129
1
2872 12
1
2873 251
1
2874 208
1
2875 249
1
2876 140
1
2877 84
1
2878 235
1
2879 258
1
2880 99
1
2881 230
1
2882 76
1
2883 249
1
2884 260
1
2885 106
1
2886 21
1
2887 233
1
2888 136
1
2889 3
1
2890 203
1
2891 54
1
2892 223
1
2893 252
1
2894 207
1
2895 214
1
2896 67
1
2897 253
1
2898 151
1
2899 208
0
1
2900 175
1
2901 216
1
2902 158
0
1
2903 79
1
2904 89
1
2905 101
1
2906 98
1
2907 72
1
2908 159
1
2909 45
1
2910 115
1
2911 129
1
2912 217
1
2913 264
1
2914 90
1
2915 218
1
2916 44
1
2917 201
1
2918 15
1
2919 203
1
2920 238
1
2921 232
1
2922 232
1
2923 134
1
2924 45
1
2925 14
1
2926 121
1
2927 148
1
2928 121
1
2929 195
1
2930 27
1
2931 37
1
2932 178
1
2933 260
1
2934 212
1
2935 2
1
2936 159
1
2937 64
1
2938 168
1
2939 224
1
2940 273
1
2941 129
1
2942 186
1
2943 11
1
2944 18
1
2945 241
1
2946 34
1
2947 238
1
2948 163
1
2949 144
1
2950 74
1
2951 147
1
2952 241
1
2953 190
1
2954 252
1
2955 250
1
2956 68
1
2957 64
1
2958 109
1
2959 203
1
2960 123
1
2961 195
1
2962 203
1
2963 226
1
2964 270
1
2965 148
1
2966 129
1
2967 224
1
2968 241
1
2969 54
1
2970 148
1
2971 53
0
1
2972 218
1
2973 164
1
2974 79
1
2975 167
1
2976 208
1
2977 2
1
2978 77
1
2979 229
1
2980 263
1
2981 114
1
2982 238
1
2983 192
1
2984 140
1
2985 142
1
2986 140
1
2987 180
1
2988 20
1
2989 34
1
2990 273
1
2991 42
1
2992 19
1
2993 34
1
2994 203
1
2995 204
1
2996 146
1
2997 168
1
2998 86
1
2999 48
1
3000 127
1
3001 125
1
3002 71
1
3003 81
1
3004 85
1
3005 8
1
3006 76
1
3007 216
1
3008 133
1
3009 61
1
3010 149
1
3011 199
1
3012 200
1
3013 146
1
3014 96
1
3015 164
1
3016 26
1
3017 147
1
3018 273
1
3019 96
1
3020 176
1
3021 203
1
3022 73
1
3023 174
1
3024 262
1
3025 89
1
3026 99
1
3027 73
1
3028 142
1
3029 83
1
3030 169
1
3031 82
1
3032 131
1
3033 146
1
3034 90
1
3035 208
1
3036 124
1
3037 107
1
3038 121
1
3039 102
1
3040 226
1
3041 52
1
3042 29
1
3043 164
1
3044 40
1
3045 4
1
3046 38
1
3047 203
1
3048 96
1
3049 26
1
3050 124
1
3051 104
1
3052 102
1
3053 126
1
3054 250
1
3055 17
1
3056 176
1
3057 36
1
3058 196
1
3059 44
1
3060 171
1
3061 87
1
3062 164
1
3063 268
1
3064 72
1
3065 143
1
3066 29
1
3067 52
1
3068 146
1
3069 138
1
3070 168
1
3071 126
1
3072 149
1
3073 203
1
3074 186
1
3075 222
1
3076 215
1
3077 97
1
3078 190
1
3079 161
1
3080 238
1
3081 105
1
3082 55
1
3083 126
1
3084 235
1
3085 239
1
3086 240
1
3087 13
1
3088 79
1
3089 10
1
3090 200
1
3091 139
1
3092 73
1
3093 48
1
3094 183
1
3095 249
1
3096 190
1
3097 151
0
1
3098 210
1
3099 23
1
3100 29
1
3101 33
1
3102 213
1
3103 82
1
3104 87
1
3105 215
1
3106 221
1
3107 215
1
3108 150
1
3109 190
1
3110 53
1
3111 89
1
3112 260
1
3113 149
1
3114 181
1
3115 264
1
3116 270
1
3117 83
1
3118 157
1
3119 45
1
3120 182
1
3121 167
1
3122 169
1
3123 181
1
3124 24
1
3125 123
1
3126 123
1
3127 151
1
3128 23
1
3129 154
1
3130 93
1
3131 78
1
3132 232
1
3133 265
1
3134 43
1
3135 243
1
3136 35
1
3137 83
1
3138 114
1
3139 43
1
3140 22
1
3141 267
1
3142 168
1
3143 106
1
3144 84
1
3145 122
1
3146 3
1
3147 139
1
3148 273
1
3149 4
0
1
3150 251
1
3151 257
1
3152 57
1
3153 190
1
3154 89
1
3155 266
1
3156 18
1
3157 89
0
1
3158 148
1
3159 242
1
3160 41
1
3161 29
1
3162 35
1
3163 246
1
3164 232
1
3165 159
1
3166 34
1
3167 178
1
3168 6
1
3169 55
1
3170 247
1
3171 65
1
3172 37
1
3173 161
0
1
3174 106
1
3175 264
1
3176 187
1
3177 191
1
3178 100
1
3179 171
1
3180 124
1
3181 189
1
3182 145
1
3183 121
1
3184 37
1
3185 132
1
3186 131
1
3187 87
1
3188 23
1
3189 105
1
3190 259
0
1
3191 29
1
3192 29
1
3193 167
1
3194 212
1
3195 247
1
3196 29
1
3197 132
1
3198 277
1
3199 96
1
3200 65
1
3201 12
1
3202 86
1
3203 71
1
3204 10
1
3205 33
1
3206 220
1
3207 128
1
3208 26
1
3209 60
1
3210 238
1
3211 200
1
3212 88
1
3213 132
1
3214 256
1
3215 259
1
3216 108
1
3217 255
1
3218 183
0
1
3219 158
1
3220 248
1
3221 65
1
3222 176
1
3223 184
1
3224 210
1
3225 150
1
3226 59
1
3227 149
1
3228 232
1
3229 37
1
3230 89
1
3231 98
1
3232 201
1
3233 94
1
3234 245
1
3235 140
1
3236 11
1
3237 71
1
3238 155
1
3239 246
1
3240 131
1
3241 125
0
1
3242 15
1
3243 233
1
3244 5
1
3245 80
1
3246 190
1
3247 154
1
3248 124
1
3249 235
1
3250 120
1
3251 212
1
3252 68
1
3253 46
1
3254 114
1
3255 77
0
1
3256 146
1
3257 249
1
3258 176
1
3259 133
1
3260 78
1
3261 174
1
3262 268
1
3263 226
1
3264 201
1
3265 212
1
3266 203
1
3267 182
1
3268 118
0
0
1
3269 33
1
3270 234
1
3271 33
0
1
3272 110
1
3273 169
1
3274 69
1
3275 277
1
3276 106
1
3277 21
1
3278 117
1
3279 135
1
3280 208
1
3281 148
1
3282 42
1
3283 73
1
3284 218
1
3285 211
1
3286 101
1
3287 271
0
1
3288 254
1
3289 16
1
3290 260
1
3291 172
0
1
3292 85
1
3293 209
1
3294 17
1
3295 176
1
3296 272
1
3297 104
1
3298 6
1
3299 138
1
3300 58
1
3301 82
0
1
3302 87
1
3303 235
1
3304 16
1
3305 33
1
3306 130
0
1
3307 154
1
3308 260
1
3309 100
1
3310 232
1
3311 51
1
3312 146
1
3313 230
1
3314 276
1
3315 249
1
3316 69
1
3317 236
1
3318 40
1
3319 114
1
3320 4
1
3321 32
1
3322 11
1
3323 84
1
3324 34
1
3325 251
1
3326 243
1
3327 258
0
1
3328 186
1
3329 51
1
3330 193
1
3331 241
1
3332 207
1
3333 122
1
3334 275
1
3335 94
1
3336 39
1
3337 223
1
3338 50
1
3339 175
1
3340 155
1
3341 40
1
3342 54
1
3343 165
1
3344 25
1
3345 115
1
3346 149
0
1
3347 37
1
3348 177
0
1
3349 159
1
3350 262
1
3351 79
1
3352 154
1
3353 200
1
3354 52
1
3355 161
1
3356 192
1
3357 50
1
3358 110
1
3359 62
1
3360 81
1
3361 224
0
1
3362 139
1
3363 245
1
3364 177
1
3365 73
1
3366 74
1
3367 149
1
3368 176
1
3369 261
0
1
3370 15
0
1
3371 252
1
3372 113
0
1
3373 64
1
3374 250
1
3375 235
1
3376 265
1
3377 209
1
3378 232
1
3379 75
0
1
3380 124
1
3381 113
1
3382 26
1
3383 128
1
3384 127
1
3385 231
1
3386 164
1
3387 101
1
3388 233
1
3389 61
1
3390 133
1
3391 83
1
3392 210
0
1
3393 109
1
3394 243
1
3395 7
1
3396 275
1
3397 71
1
3398 60
1
3399 255
0
1
3400 252
1
3401 116
0
1
3402 91
1
3403 267
1
3404 15
1
3405 177
1
3406 137
1
3407 209
1
3408 191
1
3409 64
1
3410 162
1
3411 264
1
3412 51
1
3413 187
1
3414 226
1
3415 135
1
3416 89
1
3417 43
1
3418 142
1
3419 207
1
3420 171
1
3421 13
1
3422 266
1
3423 123
1
3424 206
1
3425 255
0
1
3426 11
1
3427 9
1
3428 260
1
3429 170
0
1
3430 129
0
1
3431 122
1
3432 159
1
3433 74
1
3434 102
1
3435 74
1
3436 64
1
3437 263
1
3438 51
1
3439 21
1
3440 248
1
3441 189
1
3442 118
1
3443 26
0
1
3444 173
0
0
1
3445 131
0
1
3446 74
0
1
3447 235
0
1
3448 229
1
3449 31
1
3450 246
1
3451 32
1
3452 168
1
3453 159
1
3454 229
1
3455 197
0
0
1
3456 277
0
1
3457 122
1
3458 144
1
3459 70
1
3460 242
0
1
3461 39
1
3462 46
1
3463 142
1
3464 154
1
3465 237
1
3466 257
1
3467 233
1
3468 90
0
1
3469 112
1
3470 35
1
3471 213
1
3472 267
1
3473 24
0
1
3474 37
1
3475 197
0
1
3476 178
1
3477 139
0
1
3478 47
1
3479 235
1
3480 44
0
1
3481 86
1
3482 148
1
3483 62
1
3484 173
1
3485 70
1
3486 187
0
1
3487 38
1
3488 101
1
3489 271
1
3490 78
0
1
3491 83
1
3492 89
0
1
3493 152
1
3494 64
1
3495 263
1
3496 75
1
3497 88
0
1
3498 40
0
1
3499 44
1
3500 41
1
3501 277
0
1
3502 160
1
3503 56
1
3504 156
1
3505 185
0
1
3506 93
1
3507 151
1
3508 42
1
3509 22
1
3510 69
1
3511 165
1
3512 260
1
3513 71
1
3514 16
1
3515 89
1
3516 244
1
3517 116
1
3518 56
1
3519 112
1
3520 249
1
3521 21
1
3522 185
1
3523 276
0
1
3524 8
1
3525 108
1
3526 12
1
3527 115
1
3528 57
1
3529 8
1
3530 210
1
3531 129
1
3532 240
1
3533 115
1
3534 79
1
3535 184
1
3536 167
1
3537 95
1
3538 162
1
3539 207
1
3540 97
1
3541 29
1
3542 266
1
3543 10
0
1
3544 218
1
3545 266
1
3546 3
1
3547 222
1
3548 215
0
1
3549 37
0
1
3550 149
0
1
3551 14
0
1
3552 48
1
3553 135
1
3554 106
1
3555 276
0
1
3556 145
1
3557 189
1
3558 155
1
3559 248
1
3560 241
1
3561 71
1
3562 43
1
3563 230
0
1
3564 200
1
3565 243
1
3566 103
1
3567 5
1
3568 92
0
0
1
3569 253
1
3570 29
1
3571 227
1
3572 131
1
3573 115
1
3574 202
1
3575 258
1
3576 109
1
3577 78
0
1
3578 126
1
3579 32
0
1
3580 228
1
3581 149
1
3582 257
1
3583 40
1
3584 200
1
3585 124
1
3586 251
0
0
1
3587 99
0
1
3588 45
1
3589 51
1
3590 41
1
3591 46
1
3592 147
1
3593 117
1
3594 260
1
3595 25
1
3596 190
1
3597 106
1
3598 26
1
3599 249
1
3600 81
0
1
3601 266
1
3602 28
1
3603 30
1
3604 73
1
3605 254
1
3606 212
0
1
3607 272
1
3608 81
1
3609 238
0
0
1
3610 61
1
3611 242
1
3612 234
0
1
3613 208
0
1
3614 201
1
3615 59
1
3616 166
1
3617 208
0
0
1
3618 18
1
3619 266
0
1
3620 146
1
3621 272
1
3622 201
1
3623 72
1
3624 17
1
3625 261
0
1
3626 96
1
3627 192
1
3628 74
1
3629 30
1
3630 47
1
3631 167
1
3632 253
1
3633 49
0
0
1
3634 269
0
0
1
3635 165
1
3636 149
1
3637 148
1
3638 81
0
1
3639 193
1
3640 88
1
3641 174
0
1
3642 179
1
3643 96
1
3644 7
1
3645 262
1
3646 99
0
0
1
3647 272
1
3648 109
1
3649 21
1
3650 173
1
3651 101
1
3652 167
1
3653 29
1
3654 229
1
3655 150
1
3656 53
1
3657 260
1
3658 32
1
3659 26
1
3660 246
0
1
3661 65
1
3662 93
1
3663 151
1
3664 146
1
3665 16
1
3666 98
1
3667 99
1
3668 129
1
3669 200
1
3670 260
1
3671 243
1
3672 246
0
1
3673 172
0
0
1
3674 87
1
3675 43
1
3676 184
1
3677 125
1
3678 102
1
3679 11
1
3680 22
1
3681 65
1
3682 117
0
1
3683 40
0
1
3684 95
0
1
3685 204
0
1
3686 19
1
3687 228
1
3688 242
1
3689 47
1
3690 156
1
3691 113
1
3692 42
0
1
3693 21
1
3694 108
1
3695 188
1
3696 58
0
1
3697 277
1
3698 141
1
3699 124
1
3700 68
0
1
3701 245
1
3702 37
1
3703 63
0
1
3704 60
1
3705 135
1
3706 135
1
3707 38
1
3708 124
1
3709 43
1
3710 262
1
3711 91
1
3712 214
1
3713 186
1
3714 233
1
3715 236
1
3716 149
1
3717 24
1
3718 35
1
3719 56
0
1
3720 40
1
3721 36
1
3722 121
1
3723 200
1
3724 204
0
1
3725 92
1
3726 267
1
3727 183
1
3728 238
0
0
1
3729 45
1
3730 40
0
1
3731 216
0
1
3732 277
1
3733 255
1
3734 172
1
3735 143
1
3736 5
1
3737 83
1
3738 59
1
3739 203
1
3740 40
1
3741 170
1
3742 110
1
3743 228
0
0
1
3744 6
0
1
3745 160
1
3746 70
1
3747 152
1
3748 86
0
0
1
3749 29
0
1
3750 149
1
3751 214
0
1
3752 5
0
1
3753 148
0
1
3754 212
1
3755 218
1
3756 107
0
1
3757 111
1
3758 136
0
0
1
3759 22
1
3760 85
1
3761 273
0
1
3762 29
1
3763 259
1
3764 276
1
3765 82
1
3766 70
0
1
3767 75
1
3768 138
1
3769 114
1
3770 268
0
1
3771 84
1
3772 100
1
3773 11
1
3774 47
1
3775 158
0
0
0
1
3776 133
0
1
3777 188
1
3778 130
1
3779 190
1
3780 241
0
0
1
3781 225
1
3782 35
0
1
3783 217
0
1
3784 123
1
3785 171
1
3786 14
1
3787 90
1
3788 166
1
3789 248
1
3790 159
1
3791 76
1
3792 264
1
3793 83
1
3794 109
0
1
3795 100
1
3796 43
1
3797 70
1
3798 104
1
3799 96
1
3800 270
1
3801 151
0
1
3802 262
1
3803 149
1
3804 59
0
1
3805 90
1
3806 80
1
3807 114
1
3808 137
1
3809 72
1
3810 248
1
3811 260
0
1
3812 14
0
1
3813 87
0
1
3814 122
1
3815 246
1
3816 140
1
3817 276
1
3818 40
0
1
3819 249
1
3820 20
1
3821 192
1
3822 165
0
1
3823 269
1
3824 187
1
3825 158
1
3826 93
0
1
3827 69
0
1
3828 238
1
3829 141
1
3830 264
1
3831 271
1
3832 109
1
3833 76
1
3834 184
1
3835 129
1
3836 63
0
0
0
0
1
3837 123
1
3838 117
0
1
3839 173
1
3840 124
1
3841 208
1
3842 209
1
3843 257
1
3844 157
0
1
3845 65
0
1
3846 110
1
3847 32
0
1
3848 197
1
3849 11
1
3850 6
1
3851 142
1
3852 11
0
0
1
3853 114
1
3854 52
1
3855 232
1
3856 166
1
3857 227
0
1
3858 161
1
3859 260
0
0
0
1
3860 203
0
0
0
1
3861 87
1
3862 67
0
1
3863 98
1
3864 259
0
1
3865 217
1
3866 270
1
3867 152
1
3868 15
1
3869 134
0
0
1
3870 235
0
0
1
3871 213
1
3872 10
0
1
3873 276
1
3874 82
1
3875 213
1
3876 244
1
3877 131
1
3878 149
1
3879 43
1
3880 17
1
3881 257
1
3882 22
0
1
3883 102
1
3884 57
0
0
1
3885 135
0
0
1
3886 113
1
3887 229
1
3888 124
1
3889 242
1
3890 145
1
3891 231
0
0
1
3892 21
1
3893 176
0
1
3894 130
1
3895 5
0
1
3896 251
0
0
0
0
1
3897 177
1
3898 43
1
3899 120
0
1
3900 245
1
3901 266
1
3902 108
1
3903 5
1
3904 159
0
1
3905 65
0
1
3906 51
0
0
1
3907 83
1
3908 54
0
1
3909 164
0
1
3910 258
1
3911 72
1
3912 149
1
3913 220
1
3914 41
1
3915 218
1
3916 70
1
3917 106
0
0
1
3918 178
1
3919 51
1
3920 99
1
3921 181
1
3922 86
0
0
1
3923 76
1
3924 97
1
3925 11
1
3926 170
1
3927 86
1
3928 148
1
3929 151
1
3930 57
1
3931 41
1
3932 277
1
3933 138
0
1
3934 78
0
1
3935 76
1
3936 141
0
1
3937 269
1
3938 206
1
3939 265
1
3940 14
0
1
3941 75
0
0
1
3942 243
0
1
3943 37
1
3944 70
1
3945 270
0
1
3946 160
1
3947 69
0
0
1
3948 147
0
0
1
3949 256
1
3950 231
0
0
0
1
3951 161
0
1
3952 34
1
3953 273
1
3954 101
1
3955 227
1
3956 227
0
1
3957 33
1
3958 109
1
3959 236
1
3960 228
1
3961 258
1
3962 65
1
3963 34
0
0
1
3964 273
1
3965 249
1
3966 238
0
0
1
3967 161
1
3968 49
1
3969 99
0
1
3970 74
0
1
3971 35
1
3972 146
0
1
3973 204
1
3974 236
1
3975 186
1
3976 70
1
3977 112
0
1
3978 54
1
3979 148
1
3980 155
0
0
1
3981 243
1
3982 149
0
1
3983 91
1
3984 8
0
0
1
3985 84
1
3986 27
1
3987 37
1
3988 66
0
1
3989 184
1
3990 143
1
3991 185
1
3992 230
0
1
3993 261
0
1
3994 153
1
3995 17
1
3996 161
1
3997 117
1
3998 21
0
0
1
3999 196
1
4000 185
0
0
1
4001 208
1
4002 74
1
4003 152
0
1
4004 148
1
4005 182
0
0
1
4006 88
1
4007 94
0
0
1
4008 214
1
4009 131
0
1
4010 96
1
4011 233
1
4012 193
0
1
4013 127
1
4014 109
1
4015 105
0
1
4016 263
1
4017 100
1
4018 202
1
4019 114
0
0
1
4020 41
1
4021 79
1
4022 181
0
1
4023 198
0
1
4024 34
1
4025 146
1
4026 54
1
4027 40
0
1
4028 23
1
4029 86
1
4030 137
1
4031 217
0
1
4032 260
1
4033 41
1
4034 77
0
1
4035 183
1
4036 66
1
4037 191
0
0
0
0
1
4038 174
1
4039 61
1
4040 145
1
4041 228
0
1
4042 97
0
1
4043 153
1
4044 166
1
4045 130
1
4046 258
0
1
4047 203
0
1
4048 170
0
1
4049 232
0
1
4050 40
0
0
1
4051 215
1
4052 161
0
1
4053 215
1
4054 207
1
4055 8
1
4056 24
1
4057 65
1
4058 254
0
0
1
4059 23
1
4060 214
0
0
1
4061 134
0
1
4062 16
1
4063 91
1
4064 37
1
4065 115
0
1
4066 223
1
4067 47
0
0
1
4068 53
1
4069 235
1
4070 199
1
4071 239
0
1
4072 193
1
4073 101
0
1
4074 154
1
4075 223
1
4076 80
1
4077 112
1
4078 164
1
4079 43
0
0
0
1
4080 107
0
1
4081 161
0
1
4082 15
1
4083 166
1
4084 129
1
4085 255
1
4086 171
1
4087 111
0
1
4088 89
1
4089 181
1
4090 102
1
4091 240
0
0
1
4092 108
0
1
4093 264
0
1
4094 223
0
1
4095 5
1
4096 132
0
1
4097 94
1
4098 183
1
4099 34
0
1
4100 232
1
4101 25
1
4102 154
1
4103 236
0
1
4104 94
0
1
4105 146
1
4106 182
0
1
4107 121
1
4108 186
1
4109 111
1
4110 139
0
0
1
4111 273
1
4112 170
0
0
1
4113 96
0
0
1
4114 188
0
0
1
4115 90
1
4116 56
1
4117 90
1
4118 167
1
4119 178
1
4120 257
1
4121 108
1
4122 6
0
1
4123 97
1
4124 22
1
4125 186
1
4126 204
1
4127 73
1
4128 63
1
4129 51
0
0
0
1
4130 16
0
0
0
0
0
1
4131 14
0
1
4132 78
1
4133 170
1
4134 107
1
4135 163
0
0
1
4136 57
0
0
1
4137 106
1
4138 259
1
4139 200
0
0
1
4140 238
1
4141 43
0
1
4142 197
0
1
4143 118
0
1
4144 40
0
0
0
0
1
4145 246
0
0
1
4146 157
0
1
4147 241
0
1
4148 210
1
4149 49
1
4150 17
1
4151 84
1
4152 35
1
4153 154
1
4154 250
0
0
1
4155 22
1
4156 84
1
4157 106
1
4158 57
1
4159 162
1
4160 210
1
4161 270
1
4162 72
0
1
4163 265
1
4164 8
0
1
4165 24
1
4166 148
1
4167 134
0
0
0
1
4168 86
1
4169 7
1
4170 39
1
4171 78
1
4172 172
0
0
1
4173 94
1
4174 168
0
1
4175 31
0
1
4176 151
1
4177 230
0
0
1
4178 39
1
4179 169
1
4180 165
0
1
4181 160
1
4182 180
0
1
4183 119
0
1
4184 254
1
4185 203
0
1
4186 244
1
4187 258
1
4188 238
1
4189 37
1
4190 171
1
4191 119
1
4192 81
0
0
1
4193 240
0
0
0
1
4194 31
0
1
4195 84
1
4196 123
0
0
0
1
4197 125
0
0
1
4198 81
1
4199 191
0
0
0
0
0
1
4200 88
1
4201 154
0
1
4202 230
0
1
4203 248
0
1
4204 6
1
4205 166
1
4206 104
0
0
0
1
4207 86
1
4208 29
0
1
4209 29
1
4210 203
1
4211 161
0
1
4212 190
0
0
1
4213 72
0
0
1
4214 248
0
1
4215 141
0
0
0
0
1
4216 11
1
4217 259
1
4218 84
1
4219 9
1
4220 272
1
4221 127
0
1
4222 191
0
0
0
1
4223 212
1
4224 249
1
4225 233
1
4226 121
0
1
4227 57
1
4228 17
1
4229 277
0
1
4230 68
1
4231 245
1
4232 23
0
0
0
1
4233 196
1
4234 224
1
4235 114
0
1
4236 31
1
4237 11
0
1
4238 249
1
4239 229
1
4240 88
1
4241 185
0
1
4242 238
1
4243 46
1
4244 135
0
1
4245 51
1
4246 113
0
0
1
4247 196
0
1
4248 272
1
4249 47
0
1
4250 193
0
0
1
4251 96
0
1
4252 248
0
0
0
1
4253 10
0
1
4254 8
1
4255 245
0
1
4256 13
1
4257 118
0
1
4258 273
1
4259 274
0
0
0
0
0
1
4260 207
1
4261 131
0
1
4262 183
0
1
4263 167
1
4264 247
1
4265 122
0
0
0
1
4266 151
1
4267 88
0
1
4268 63
0
0
0
1
4269 166
0
0
0
0
1
4270 68
1
4271 258
1
4272 148
1
4273 208
1
4274 137
0
1
4275 160
0
1
4276 59
1
4277 9
1
4278 10
0
1
4279 213
0
1
4280 69
1
4281 41
1
4282 65
0
1
4283 185
1
4284 117
0
0
0
1
4285 111
1
4286 123
0
1
4287 185
0
1
4288 270
1
4289 209
1
4290 192
1
4291 55
1
4292 215
1
4293 212
1
4294 216
1
4295 79
1
4296 191
1
4297 182
0
1
4298 162
0
0
1
4299 11
1
4300 267
1
4301 226
1
4302 266
1
4303 236
0
0
0
0
1
4304 30
0
1
4305 200
1
4306 214
0
1
4307 21
0
1
4308 226
1
4309 105
1
4310 91
1
4311 75
0
0
1
4312 212
0
1
4313 194
1
4314 149
1
4315 211
0
0
0
0
1
4316 167
1
4317 160
0
0
1
4318 178
0
1
4319 208
1
4320 221
0
1
4321 59
1
4322 148
0
0
1
4323 89
0
1
4324 134
1
4325 5
0
1
4326 106
0
0
0
1
4327 81
0
1
4328 222
0
1
4329 260
1
4330 102
0
0
0
1
4331 147
1
4332 125
1
4333 123
1
4334 96
0
1
4335 187
0
1
4336 213
0
0
0
1
4337 18
1
4338 41
1
4339 75
1
4340 84
0
0
0
1
4341 218
1
4342 240
0
0
1
4343 184
1
4344 31
1
4345 275
1
4346 204
1
4347 54
1
4348 83
1
4349 174
0
1
4350 252
1
4351 166
1
4352 44
0
0
0
1
4353 185
1
4354 64
1
4355 147
0
0
1
4356 26
0
1
4357 121
1
4358 67
1
4359 163
1
4360 110
0
0
0
0
1
4361 275
0
1
4362 40
0
1
4363 136
1
4364 8
0
1
4365 205
0
0
0
0
0
0
0
0
1
4366 201
1
4367 124
1
4368 45
1
4369 200
1
4370 43
0
0
1
4371 112
1
4372 237
0
1
4373 185
0
1
4374 244
0
0
0
0
0
1
4375 137
0
1
4376 94
1
4377 224
1
4378 265
1
4379 98
0
1
4380 249
0
1
4381 193
1
4382 124
1
4383 122
0
0
1
4384 112
0
0
1
4385 45
0
1
4386 178
1
4387 88
0
0
0
0
1
4388 143
1
4389 253
0
0
1
4390 264
0
0
1
4391 75
1
4392 116
1
4393 124
1
4394 120
1
4395 246
1
4396 149
1
4397 95
1
4398 25
1
4399 22
1
4400 162
1
4401 102
1
4402 245
0
1
4403 229
1
4404 38
0
1
4405 93
1
4406 248
0
0
1
4407 81
1
4408 84
1
4409 200
1
4410 149
0
0
1
4411 165
1
4412 168
0
0
1
4413 139
1
4414 228
1
4415 115
0
0
0
0
1
4416 83
1
4417 2
0
0
1
4418 90
0
0
1
4419 125
0
0
1
4420 124
0
0
1
4421 211
0
0
0
0
0
0
0
0
0
1
4422 114
0
0
0
1
4423 54
0
0
1
4424 242
1
4425 259
0
0
1
4426 80
1
4427 121
0
0
0
0
0
1
4428 60
1
4429 188
1
4430 140
1
4431 41
1
4432 270
0
1
4433 237
1
4434 246
0
1
4435 86
0
1
4436 157
1
4437 197
0
0
0
1
4438 84
0
1
4439 103
1
4440 125
0
1
4441 89
1
4442 196
1
4443 106
1
4444 155
1
4445 170
1
4446 102
0
0
1
4447 191
0
0
0
0
0
0
1
4448 105
0
1
4449 18
0
1
4450 84
0
1
4451 144
1
4452 90
1
4453 202
0
1
4454 118
0
1
4455 124
1
4456 221
1
4457 12
1
4458 278
1
4459 55
0
0
0
0
1
4460 194
1
4461 58
0
0
0
1
4462 150
0
1
4463 73
0
0
0
0
0
1
4464 172
1
4465 98
1
4466 28
1
4467 25
1
4468 214
1
4469 120
0
1
4470 271
1
4471 64
1
4472 35
0
0
0
1
4473 224
0
1
4474 39
1
4475 32
1
4476 115
1
4477 101
1
4478 165
1
4479 155
1
4480 249
1
4481 129
0
0
0
0
1
4482 123
0
1
4483 87
0
1
4484 149
1
4485 167
0
0
0
0
0
1
4486 68
1
4487 111
0
0
1
4488 192
0
0
0
0
0
0
0
1
4489 20
0
0
1
4490 274
0
0
1
4491 239
0
1
4492 263
0
0
1
4493 32
0
0
0
1
4494 126
0
0
0
0
1
4495 179
0
0
0
0
0
0
1
4496 186
1
4497 115
1
4498 137
0
0
1
4499 272
0
0
1
4500 264
1
4501 78
0
0
0
1
4502 229
1
4503 207
1
4504 11
1
4505 123
0
1
4506 9
0
0
1
4507 78
0
0
1
4508 128
0
0
0
1
4509 197
0
0
0
1
4510 134
0
0
0
1
4511 133
0
0
1
4512 217
1
4513 111
1
4514 116
0
0
0
0
1
4515 236
0
1
4516 132
1
4517 193
0
0
0
1
4518 266
1
4519 249
1
4520 216
0
1
4521 178
0
0
0
1
4522 201
0
1
4523 44
0
1
4524 182
0
1
4525 209
0
0
0
1
4526 157
1
4527 238
0
0
0
1
4528 7
1
4529 240
0
0
0
1
4530 76
0
1
4531 73
0
1
4532 172
0
1
4533 31
1
4534 87
0
0
0
0
0
0
0
0
0
0
0
0
0
1
4535 72
1
4536 96
0
1
4537 178
0
0
0
1
4538 222
0
0
1
4539 96
0
0
1
4540 36
0
0
0
1
4541 208
0
1
4542 235
0
1
4543 157
0
1
4544 6
0
0
0
0
1
4545 124
0
1
4546 259
0
0
0
0
1
4547 204
0
0
0
0
0
0
1
4548 121
0
1
4549 237
1
4550 238
1
4551 72
0
1
4552 215
1
4553 44
1
4554 144
1
4555 19
0
0
0
1
4556 173
1
4557 158
1
4558 110
0
0
0
0
0
0
0
0
1
4559 18
0
1
4560 8
0
0
0
0
0
1
4561 232
0
0
0
0
0
0
1
4562 200
0
0
1
4563 275
1
4564 49
0
0
0
1
4565 119
1
4566 71
0
0
0
0
1
4567 73
1
4568 259
0
0
1
4569 239
0
1
4570 192
0
1
4571 243
1
4572 238
1
4573 145
1
4574 172
0
0
1
4575 200
1
4576 178
0
0
0
1
4577 100
0
0
1
4578 29
1
4579 143
0
1
4580 116
0
1
4581 95
0
0
0
0
1
4582 122
1
4583 13
0
1
4584 42
0
1
4585 79
0
0
1
4586 164
0
1
4587 238
0
0
0
0
0
0
0
0
1
4588 203
0
0
1
4589 6
0
0
1
4590 56
1
4591 197
0
1
4592 221
0
0
0
1
4593 103
0
0
0
1
4594 183
0
0
0
0
0
0
1
4595 231
1
4596 264
0
0
0
1
4597 37
0
0
0
0
1
4598 233
0
0
0
0
0
1
4599 195
1
4600 2
0
0
0
0
0
0
0
1
4601 167
0
0
1
4602 135
0
1
4603 72
0
0
1
4604 99
0
1
4605 184
0
0
0
1
4606 29
0
1
4607 181
0
0
0
0
0
1
4608 103
0
1
4609 60
0
0
0
0
0
1
4610 155
0
0
0
0
0
0
1
4611 212
1
4612 10
0
0
1
4613 222
0
0
0
1
4614 81
0
0
0
0
0
0
0
0
0
0
0
1
4615 17
0
0
0
1
4616 59
0
0
0
0
1
4617 101
0
0
0
0
1
4618 109
0
0
0
0
0
1
4619 59
0
1
4620 120
0
0
1
4621 84
1
4622 218
1
4623 51
0
0
0
0
0
1
4624 139
1
4625 171
1
4626 174
0
1
4627 29
0
0
0
0
0
0
1
4628 212
0
0
1
4629 23
0
0
0
0
0
0
1
4630 120
0
0
1
4631 140
0
1
4632 184
0
0
0
0
0
0
0
0
1
4633 201
1
4634 9
0
1
4635 33
1
4636 236
0
0
1
4637 23
0
0
0
0
0
0
1
4638 200
0
1
4639 130
0
0
0
1
4640 149
0
0
0
0
0
0
0
0
0
0
0
0
0
0
1
4641 59
0
0
1
4642 218
0
0
0
0
1
4643 144
0
0
0
1
4644 171
0
0
1
4645 43
0
1
4646 96
0
0
0
1
4647 21
1
4648 150
0
1
4649 195
1
4650 46
1
4651 107
0
1
4652 31
1
4653 25
0
0
0
0
1
4654 182
0
0
0
0
0
1
4655 105
0
0
0
1
4656 244
0
0
0
0
0
0
0
0
1
4657 236
0
0
0
0
0
1
4658 239
0
0
0
0
0
0
0
1
4659 100
0
0
0
0
0
0
0
1
4660 116
0
0
0
0
0
1
4661 51
1
4662 124
0
0
0
0
0
0
0
1
4663 161
0
1
4664 148
0
0
1
4665 76
0
1
4666 51
0
1
4667 84
0
1
4668 162
0
1
4669 237
0
0
0
0
0
0
1
4670 267
0
0
0
0
1
4671 63
1
4672 111
0
0
0
1
4673 96
0
1
4674 85
0
0
0
1
4675 209
0
0
0
0
0
1
4676 98
0
0
0
1
4677 3
0
0
1
4678 156
1
4679 75
0
0
0
0
0
0
0
0
0
0
0
0
0
0
0
1
4680 107
0
0
0
0
0
0
0
0
1
4681 193
0
0
1
4682 240
0
0
0
0
0
0
0
0
0
0
1
4683 182
0
0
0
0
0
0
0
0
0
0
1
4684 192
0
0
0
0
1
4685 17
0
0
0
0
0
0
0
0
1
4686 44
0
1
4687 46
0
0
0
1
4688 115
0
0
1
4689 80
0
0
0
0
0
0
0
0
0
0
0
0
0
0
0
0
0
0
0
0
0
0
0
0
0
0
1
4690 37
0
0
0
0
0
0
0
0
0
0
0
0
0
1
4691 137
0
1
4692 277
0
0
0
0
0
0
0
1
4693 180
0
0
0
0
0
1
4694 192
0
0
0
1
4695 269
0
0
0
0
0
0
0
1
4696 29
1
4697 51
1
4698 44
0
0
0
0
1
4699 120
0
0
0
1
4700 273
0
0
0
0
0
1
4701 134
0
1
4702 57
0
0
0
0
1
4703 85
0
0
0
1
4704 266
0
1
4705 228
0
0
0
0
0
0
0
0
0
0
0
0
1
4706 111
1
4707 207
0
1
4708 4
0
0
0
0
0
0
0
0
0
1
4709 111
0
0
0
0
0
0
0
1
4710 245
1
4711 138
0
0
0
0
0
0
0
0
0
1
4712 224
0
1
4713 79
0
1
4714 67
0
0
0
0
1
4715 106
0
1
4716 209
0
0
0
0
0
0
0
0
0
0
0
0
0
0
0
0
0
1
4717 194
0
0
0
0
0
0
0
1
4718 113
0
1
4719 217
0
0
0
0
0
1
4720 139
0
0
0
0
1
4721 52
0
0
0
0
0
0
0
0
0
0
0
1
4722 6
1
4723 13
0
0
0
0
0
0
0
1
4724 207
0
0
1
4725 76
0
0
0
0
0
0
0
0
0
0
0
0
0
0
0
0
0
0
0
0
0
0
0
0
0
1
4726 6
0
0
0
0
0
0
0
0
0
0
0
0
0
0
0
0
1
4727 88
0
0
0
0
0
0
0
0
0
1
4728 255
0
0
0
0
0
0
0
0
0
0
0
0
0
0
0
1
4729 156
0
0
0
0
0
0
0
0
0
0
1
4730 47
0
1
4731 32
1
4732 92
0
0
1
4733 4
0
0
0
0
0
0
0
0
0
0
0
0
1
4734 30
0
0
1
4735 68
0
0
0
0
0
0
1
4736 265
0
0
1
4737 23
0
0
1
4738 157
0
0
0
0
0
0
0
0
0
0
0
0
0
0
0
0
0
0
1
4739 169
0
0
0
0
1
4740 112
0
0
0
0
0
0
0
0
0
0
0
0
0
0
0
0
0
0
0
0
0
0
1
4741 178
0
0
0
0
0
0
0
0
0
0
0
0
0
0
0
0
0
0
1
4742 221
0
0
0
0
0
0
0
0
0
0
0
0
0
0
0
0
0
0
0
0
0
0
0
0
0
0
0
0
0
0
0
0
0
0
0
0
0
0
0
0
0
0
0
0
0
0
0
0
0
1
4743 42
0
0
0
0
0
0
0
0
0
0
0
0
0
0
1
4744 165
0
0
0
0
0
0
0
0
0
0
0
1
4745 105
0
0
0
0
0
0
0
0
0
0
0
0
0
1
4746 107
0
0
0
0
0
0
0
1
4747 26
0
0
0
0
0
0
0
0
0
0
0
0
0
0
0
0
0
0
0
0
0
0
0
0
0
0
0
1
4748 255
0
0
0
0
0
0
0
0
0
0
0
0
0
0
0
0
0
0
0
0
0
0
0
0
0
0
1
4749 154
0
0
0
0
0
0
0
0
0
0
0
0
0
0
0
0
0
0
0
0
0
0
0
0
0
0
0
0
0
0
0
0
0
0
0
0
0
0
0
0
0
0
0
0
0
0
1
4750 68
0
0
0
0
1
4751 207
0
0
0
1
4752 135
0
0
0
0
0
0
0
0
0
0
0
0
0
0
0
0
0
0
0
0
0
0
0
0
0
0
0
0
0
0
0
0
0
0
0
0
0
0
0
0
0
0
0
0
0
0
0
0
0
0
0
0
0
0
0
0
0
0
0
0
0
0
0
0
0
0
0
0
0
0
0
0
0
0
0
0
0
0
0
0
0
0
0
0
0
0
0
0
0
0
0
0
0
0
0
0
0
0
0
0
0
0
0
0
0
0
0
0
0
0
0
0
0
0
0
0
0
0
0
0
0
0
0
0
0
0
0
0
0
0
0
0
0
0
0
0
0
0
0
0
0
0
0
0
0
0
0
0
0
0
0
0
0
0
0
0
0
0
0
0
0
0
0
0
0
0
0
0
0
0
0
0
0
0
0
0
0
0
0
0
0
0
0
0
0
0
0
0
0
0
0
0
0
0
0
0
0
0
0
0
0
0
0
0
0
0
0
0
0
0
0
0
0
0
0
0
0
0
0
0
0
0
0
0
0
0
0
0
0
0
0
0
0
0
0
0
0
0
0
0
0
0
0
0
0
0
0
0
0
0
0
0
0
0
0
0
0
0
0
0
0
0
0
0
0
0
0
0
0
0
0
0
0
0
0
0
0
0
0
0
0
0
0
0
0
0
0
0
0
0
0
0
0
0
0
0
0
0
0
0
0
0
0
0
0
0
0
0
0
0
0
0
0
0
0
0
0
0
0
0
0
0
0
0
0
0
0
0
0
0
0
0
0
0
0
0
0
0
0
0
0
0
0
0
0
0
0
0
0
0
0
0
0
0
0
0
0
0
0
0
0
0
0
0
0
0
0
0
0
0
0
0
0
0
0
0
0
0
0
0
0
0
0
0
0
0
0
0
0
0
0
0
0
0
0
0
0
0
0
0
0
0
0
0
0
0
0
0
0
0
0
0
0
0
0
0
0
0
0
0
0
0
0
0
0
0
0
0
0
0
0
0
0
0
0
0
0
0
0
0
0
0
0
0
0
0
0
0
0
0
0
0
0
0
0
0
0
0
0
0
0
0
0
0
0
0
0
0
0
0
0
0
0
0
0
0
0
0
0
0
0
0
0
0
0
0
0
0
0
0
0
0
0
0
0
0
0
0
0
0
0
0
0
0
0
0
0
0
0
0
0
0
0
0
0
0
0
0
0
0
0
0
0
0
0
0
0
0
0
0
0
0
0
0
0
0
0
0
0
0
0
0
0
0
0
0
0
0
0
0
0
0
