307 501
110 92 3
102 242 3
154 136 4
271 247 4
181 31 4
37 195 2
283 164 4
254 151 3
121 65 3
239 73 3
42 243 5
104 39 3
278 149 3
183 229 2
229 303 3
17 165 3
206 222 3
106 53 3
196 198 4
100 199 2
249 132 5
254 200 5
304 119 3
232 143 5
171 69 4
4 244 2
253 148 5
13 90 4
259 150 3
169 11 3
186 139 4
58 129 2
101 288 4
58 97 3
218 9 3
226 45 4
227 123 5
195 119 5
202 59 4
5 243 4
269 264 4
109 71 3
252 241 3
197 242 3
112 226 3
4 273 3
135 218 2
228 122 3
210 178 4
281 255 2
285 152 3
217 289 4
152 199 4
147 145 3
82 20 5
63 41 3
280 275 3
293 184 3
93 69 4
305 79 5
265 302 3
38 250 4
30 8 3
193 298 2
43 286 2
290 278 4
274 68 4
171 223 3
43 183 4
277 292 3
14 282 3
288 175 3
50 89 3
279 200 3
287 271 4
224 162 4
161 50 1
263 251 2
107 230 5
205 115 2
225 263 4
215 68 3
157 131 4
9 54 3
144 153 5
240 109 4
82 201 4
93 147 5
73 234 3
71 29 1
49 15 5
88 235 3
70 255 3
241 103 4
134 216 2
51 303 3
176 121 3
5 215 3
84 200 5
1 198 2
3 114 4
68 160 3
259 33 4
165 103 3
52 206 3
305 23 4
114 46 3
37 128 4
223 91 3
53 154 4
289 83 3
193 192 4
224 143 3
123 12 5
306 290 3
276 31 4
296 59 3
222 84 4
173 57 5
108 77 3
109 174 3
23 175 4
42 110 4
264 105 2
300 251 2
110 29 4
280 176 6
209 293 3
126 116 3
272 242 3
257 32 4
142 262 3
144 46 3
51 182 3
92 30 2
251 134 4
167 21 2
113 105 4
153 187 4
202 4 2
56 261 3
283 67 4
23 282 3
224 166 2
62 205 3
176 266 5
41 159 3
237 266 2
276 213 3
140 159 2
62 173 5
189 117 3
307 130 4
238 47 3
261 297 5
20 221 3
52 146 1
53 286 3
130 113 3
127 47 3
12 16 4
179 226 3
44 8 5
8 189 5
101 8 3
184 204 3
192 171 2
98 124 2
54 88 3
48 55 3
223 245 4
76 229 3
145 52 3
124 292 3
275 266 3
190 191 2
273 133 4
99 181 4
7 302 4
216 87 3
237 272 4
28 122 5
98 37 2
87 263 2
194 133 4
197 102 4
89 220 3
117 101 3
46 185 4
120 274 5
146 222 3
72 300 3
49 2 4
219 295 4
77 196 1
247 49 3
216 161 4
85 24 3
211 59 3
130 158 2
298 231 3
85 116 3
279 103 3
79 288 3
37 260 3
80 98 2
194 205 3
133 4 4
293 2 3
282 175 4
211 187 2
135 289 2
277 195 4
95 26 3
297 41 2
115 62 2
157 26 4
287 2 2
239 234 2
50 180 2
117 175 3
73 306 3
94 132 3
220 225 2
264 7 4
246 227 3
55 122 3
301 298 3
80 228 4
191 45 2
97 155 3
163 124 3
186 78 3
213 26 3
14 23 5
135 83 3
307 6 3
229 286 5
246 138 5
174 74 3
125 9 3
77 118 2
18 2 2
217 241 3
170 27 1
188 38 3
95 267 2
60 152 3
87 134 3
203 35 4
89 252 5
155 199 3
148 95 2
150 138 2
172 34 3
299 13 4
72 65 5
174 239 4
19 90 3
84 279 2
156 193 2
136 258 3
88 139 3
201 20 3
257 131 3
218 83 2
232 108 3
105 269 3
166 118 3
5 160 3
135 7 5
248 286 2
56 32 3
154 258 2
164 67 2
155 19 4
74 71 4
267 148 2
45 182 3
66 170 2
56 63 4
216 50 3
137 179 5
48 39 4
185 153 3
138 259 2
248 137 3
150 261 3
100 60 4
106 162 4
85 125 3
244 249 3
172 284 3
99 205 3
219 275 4
30 44 3
195 128 3
277 128 3
61 236 2
304 35 4
248 43 4
247 75 3
17 93 2
262 283 4
107 208 3
168 238 4
172 72 4
212 75 4
253 163 2
187 296 2
257 270 2
143 166 3
104 80 6
91 301 5
219 102 3
19 149 4
263 36 2
299 220 4
74 243 4
64 295 5
33 301 3
107 69 4
81 211 1
196 118 3
294 169 1
183 303 3
51 76 3
66 27 1
15 25 3
270 86 5
204 265 4
26 267 3
111 198 4
178 18 5
1 77 3
147 276 4
262 190 4
306 239 2
86 63 3
167 177 2
7 218 3
28 48 3
142 67 4
260 292 2
134 284 3
256 11 4
164 290 3
24 116 2
200 222 3
262 285 3
92 42 6
36 70 4
300 284 3
66 193 3
206 141 3
163 292 4
144 214 6
221 139 2
273 31 4
192 223 2
249 202 3
251 284 3
64 102 3
250 120 3
209 268 3
81 187 3
111 162 2
10 165 1
235 184 4
214 210 3
287 268 4
47 76 3
119 203 3
97 90 3
55 104 2
190 182 4
281 225 4
253 233 4
44 79 3
112 183 5
25 177 3
268 178 5
6 158 3
296 173 4
249 291 2
166 111 4
158 209 4
270 203 4
75 177 4
106 198 4
35 86 5
197 168 5
155 13 3
151 113 3
39 55 4
291 94 4
14 123 3
3 185 2
81 296 3
24 180 4
62 194 2
69 192 4
230 245 1
232 118 3
188 250 3
269 217 3
78 9 2
299 127 3
169 256 2
234 240 3
272 70 3
151 132 4
126 82 3
305 12 5
208 213 3
159 11 4
255 36 4
43 53 4
265 158 3
96 160 4
112 137 4
236 129 2
302 204 4
188 142 4
274 38 3
254 94 4
139 54 5
57 22 3
237 121 3
233 22 3
33 91 3
10 170 2
170 17 3
258 295 4
27 17 2
61 58 2
89 236 5
145 141 3
277 260 2
21 25 1
16 109 5
267 181 3
285 149 3
132 3 2
257 157 3
108 280 2
259 91 5
201 34 3
180 161 4
36 281 3
191 250 3
235 15 4
6 210 5
230 32 3
151 114 3
171 245 3
156 231 3
40 238 4
278 231 4
307 46 5
78 125 3
141 146 3
39 22 3
127 168 5
47 60 3
34 207 3
13 100 5
63 140 3
298 156 4
129 61 3
1 154 4
29 16 4
246 240 3
291 244 3
40 258 4
38 160 3
120 179 4
99 148 3
159 297 2
20 186 2
221 167 4
44 101 3
131 208 3
287 18 2
27 10 4
54 78 3
212 271 4
275 64 3
116 125 3
242 237 3
65 272 4
180 252 4
207 82 4
115 233 4
215 96 4
294 256 2
188 96 3
136 40 3
294 227 5
126 207 3
145 93 5
10000
0
0
0
0
0
0
0
0
0
0
0
0
0
0
0
0
0
0
0
0
0
0
0
0
0
0
0
0
0
0
0
0
0
0
0
0
0
0
0
0
0
0
0
0
0
0
0
0
0
0
0
0
0
0
0
0
0
0
0
0
0
0
0
0
0
0
0
0
0
0
0
0
0
0
0
0
0
0
0
0
0
1
1 276
0
0
0
0
0
0
0
0
0
0
0
0
0
0
0
0
0
0
0
0
0
0
0
0
0
0
0
0
0
0
0
0
0
0
0
0
0
0
0
0
0
0
0
0
0
0
0
0
0
0
0
0
0
0
0
0
0
0
0
0
0
0
0
1
2 162
0
0
0
0
0
0
0
0
0
0
0
0
0
0
0
0
0
0
0
0
0
0
0
0
0
0
0
0
0
0
0
0
0
0
0
0
0
0
0
0
0
0
0
0
0
0
0
0
0
0
0
0
0
0
0
0
0
0
0
0
0
0
0
0
0
0
0
0
0
0
0
0
0
0
0
0
0
0
0
0
0
0
0
0
0
0
0
0
0
0
1
3 188
0
0
0
0
0
0
0
0
0
0
0
0
0
0
0
0
0
0
0
0
1
4 204
0
0
0
0
0
0
0
0
0
0
0
0
0
0
0
0
0
0
0
0
0
0
0
0
0
0
0
0
0
0
0
0
0
0
0
0
0
0
0
0
0
0
0
0
1
5 201
0
0
0
0
0
0
0
0
0
0
0
0
0
0
0
0
0
0
0
0
0
0
0
0
0
0
0
0
0
0
0
0
0
0
0
0
0
0
0
0
0
0
0
0
0
0
0
0
0
0
0
0
0
0
0
0
0
0
1
6 213
0
0
0
0
0
1
7 224
0
0
0
0
0
0
0
0
1
8 175
0
0
0
0
0
0
0
1
9 266
0
0
1
10 156
1
11 259
0
0
0
0
0
0
0
0
0
0
0
1
12 303
1
13 252
0
0
0
0
0
0
0
0
0
0
0
0
0
0
0
0
0
0
0
0
0
0
0
0
0
0
0
0
0
0
0
0
0
0
0
0
0
0
0
0
0
1
14 24
0
0
0
0
0
0
0
0
1
15 304
0
0
0
0
0
0
0
0
0
0
0
0
0
0
0
0
0
0
0
0
0
0
0
1
16 190
0
0
1
17 38
0
0
0
0
0
0
0
0
0
0
0
0
0
0
0
0
0
0
0
0
0
0
0
0
1
18 27
0
0
0
0
0
0
0
0
0
0
0
0
0
0
0
0
0
0
0
0
0
0
0
0
0
0
0
0
0
0
0
0
0
0
1
19 280
0
0
0
0
0
0
0
0
0
0
0
0
0
0
0
0
0
1
20 295
0
0
0
0
0
0
0
0
0
0
0
0
0
1
21 82
0
0
0
1
22 22
1
23 219
0
0
0
0
0
0
0
0
0
0
0
0
0
0
0
1
24 141
0
0
0
0
0
0
0
0
1
25 13
0
0
0
1
26 232
0
0
0
1
27 169
0
0
0
0
0
0
0
0
0
0
0
0
0
0
0
0
0
0
0
0
0
0
1
28 281
0
0
0
1
29 223
0
0
0
0
0
0
0
0
0
0
0
0
0
0
0
0
0
0
0
0
0
0
0
0
0
0
0
0
0
0
1
30 23
0
0
0
0
0
0
0
0
0
0
0
0
0
0
0
0
1
31 248
0
0
0
0
0
0
0
0
0
0
0
0
0
0
0
0
0
0
0
0
0
0
0
0
0
0
0
0
0
0
0
0
0
0
0
0
0
0
0
0
0
0
0
0
0
0
0
0
0
1
32 233
0
0
0
0
0
1
33 291
1
34 189
0
0
0
1
35 115
0
0
0
0
0
0
0
0
0
0
0
0
0
0
0
0
0
0
0
0
0
0
0
0
0
0
0
0
0
0
0
0
0
0
0
0
1
36 258
1
37 177
0
0
1
38 306
0
0
0
0
1
39 34
0
0
0
0
1
40 257
1
41 168
0
0
0
0
0
0
1
42 8
0
0
0
0
0
0
0
0
0
0
0
0
0
0
0
0
0
0
0
0
0
0
0
0
0
0
1
43 238
1
44 40
0
0
0
0
0
0
0
0
0
0
0
0
0
0
0
0
0
0
0
0
0
0
1
45 68
0
0
0
0
0
0
0
0
0
0
0
0
0
0
0
0
0
0
0
0
0
0
0
0
0
0
0
0
0
0
0
0
0
0
0
0
0
0
1
46 241
0
0
0
0
0
0
0
0
0
1
47 72
1
48 68
0
0
0
0
0
0
0
0
0
0
0
0
0
0
0
0
0
0
0
1
49 46
0
0
0
0
0
0
0
0
0
0
0
0
0
0
0
0
0
0
0
0
1
50 74
0
1
51 266
0
0
0
0
0
0
0
0
0
0
0
0
1
52 36
0
0
0
0
0
0
1
53 145
0
0
0
0
1
54 300
1
55 183
0
0
0
0
0
0
0
0
0
0
0
0
0
0
0
0
0
0
1
56 258
0
0
0
0
0
0
1
57 244
0
1
58 133
0
0
0
0
0
0
0
0
1
59 276
0
0
0
0
0
1
60 264
0
1
61 27
0
0
0
0
0
0
0
0
0
0
1
62 298
0
0
0
1
63 50
0
0
0
0
0
0
0
0
1
64 136
0
0
0
0
0
0
0
0
0
0
0
1
65 27
0
0
0
0
0
0
0
0
0
0
1
66 47
0
0
0
1
67 286
0
0
0
0
0
0
0
0
0
0
0
0
0
1
68 77
0
0
0
0
0
0
0
0
0
0
0
0
0
0
0
0
0
0
0
0
1
69 192
0
0
0
1
70 294
0
0
0
0
0
0
0
0
0
0
0
0
0
0
0
0
0
0
0
1
71 25
0
0
0
0
0
0
0
0
0
0
1
72 253
0
0
0
0
1
73 179
0
0
0
0
0
0
0
0
1
74 273
0
0
0
0
0
0
1
75 281
0
0
0
0
0
1
76 180
0
1
77 154
0
1
78 72
0
0
0
0
0
1
79 247
0
0
1
80 146
1
81 252
0
0
0
1
82 47
0
0
0
0
0
1
83 151
0
0
0
0
0
0
0
0
0
1
84 171
0
0
0
0
0
0
1
85 13
0
0
0
0
0
0
0
0
1
86 126
0
0
0
0
0
1
87 266
0
1
88 56
0
0
0
0
1
89 269
0
0
1
90 277
0
0
0
1
91 83
0
0
0
0
0
0
1
92 103
0
0
0
0
0
0
1
93 171
0
0
0
0
0
0
1
94 71
0
1
95 283
0
0
0
0
0
1
96 290
1
97 31
0
0
0
1
98 146
0
0
0
0
0
0
0
0
1
99 28
0
1
100 171
0
1
101 233
0
0
0
0
0
0
0
0
1
102 174
1
103 11
0
0
1
104 115
0
0
0
0
0
0
0
0
1
105 217
0
0
1
106 52
0
0
0
0
0
0
1
107 66
0
0
1
108 297
0
1
109 105
0
0
1
110 250
0
0
0
0
0
0
0
0
0
0
1
111 274
1
112 269
0
0
0
0
0
0
0
0
0
0
1
113 276
0
0
1
114 240
0
0
0
0
0
0
0
0
0
0
0
1
115 217
0
1
116 295
0
0
0
1
117 158
1
118 252
1
119 49
0
0
0
0
0
1
120 107
0
0
0
0
0
0
1
121 53
1
122 306
1
123 45
1
124 258
0
0
0
1
125 196
0
0
0
0
0
1
126 102
1
127 152
1
128 44
0
0
0
0
0
0
1
129 28
0
0
1
130 106
0
0
1
131 208
0
0
0
1
132 242
0
0
0
0
0
0
0
0
0
0
0
0
0
0
0
1
133 144
0
1
134 98
1
135 95
0
0
0
0
0
1
136 74
0
0
0
0
1
137 8
0
1
138 248
0
0
0
0
0
0
0
0
0
1
139 148
0
1
140 295
0
0
0
1
141 53
0
0
1
142 221
0
0
0
1
143 95
0
0
0
0
0
0
0
0
1
144 258
0
1
145 115
0
0
1
146 302
0
0
0
0
0
0
1
147 155
0
0
1
148 14
0
0
0
0
1
149 33
0
1
150 84
0
0
0
0
1
151 299
0
0
0
0
1
152 288
0
0
0
0
0
0
0
0
1
153 9
0
0
0
0
0
1
154 177
1
155 33
0
0
0
0
0
0
0
0
0
0
0
0
0
0
0
1
156 42
0
0
0
0
0
0
1
157 253
1
158 209
0
0
0
0
0
0
0
1
159 258
0
0
0
0
0
0
0
0
0
0
0
0
0
1
160 161
0
1
161 200
1
162 225
0
0
0
0
1
163 276
0
0
0
1
164 203
0
0
1
165 39
0
0
0
0
0
0
0
0
0
0
0
0
0
0
0
0
1
166 150
0
0
0
0
0
0
0
0
0
0
0
0
0
0
0
0
0
0
0
0
0
0
0
0
0
1
167 62
0
1
168 41
1
169 145
0
1
170 147
0
0
1
171 276
1
172 265
0
0
0
1
173 66
0
0
0
0
0
0
0
0
0
0
0
0
0
0
0
0
0
0
0
0
1
174 30
0
0
0
0
0
0
0
0
0
0
0
0
0
0
0
0
0
0
0
0
0
0
0
0
0
0
0
0
0
1
175 215
0
0
0
0
0
0
0
0
1
176 41
0
0
1
177 47
0
0
0
0
0
0
0
0
0
0
0
0
0
0
0
0
0
1
178 241
1
179 131
1
180 273
1
181 238
0
0
0
0
1
182 56
0
0
0
0
1
183 113
0
0
1
184 87
1
185 33
0
1
186 222
0
0
0
0
0
0
0
0
0
1
187 155
0
0
0
0
0
0
0
0
0
0
0
1
188 62
0
0
0
0
0
0
1
189 121
0
0
1
190 70
0
0
0
0
0
0
0
0
0
0
0
0
0
0
0
0
0
0
0
0
0
0
1
191 149
1
192 112
0
1
193 262
0
0
0
0
0
1
194 38
0
0
1
195 187
0
0
0
0
0
0
0
1
196 61
0
0
0
0
0
0
0
0
0
0
0
0
1
197 142
0
1
198 198
0
0
0
1
199 133
0
0
0
0
0
0
0
1
200 281
1
201 58
0
0
1
202 112
0
0
0
0
0
0
0
1
203 48
0
0
0
0
0
0
0
0
1
204 6
0
0
0
1
205 240
0
1
206 72
1
207 89
1
208 281
0
0
0
0
0
0
0
0
0
1
209 61
0
1
210 113
1
211 266
0
0
0
0
0
0
0
0
0
1
212 189
0
0
1
213 262
0
0
1
214 84
0
0
0
1
215 248
0
0
1
216 136
0
0
0
0
0
0
0
0
0
1
217 133
0
0
0
0
0
1
218 305
0
1
219 251
0
1
220 214
1
221 141
1
222 292
0
0
0
0
0
1
223 40
0
0
0
1
224 33
0
1
225 144
1
226 18
1
227 74
0
0
0
0
1
228 254
1
229 214
0
0
0
0
0
0
0
0
0
0
0
0
0
1
230 255
0
1
231 40
0
0
0
1
232 263
1
233 275
0
0
0
0
0
0
0
1
234 42
0
1
235 233
1
236 230
0
1
237 35
0
0
0
0
0
1
238 95
0
0
0
0
0
0
0
0
0
0
1
239 307
0
1
240 267
1
241 227
1
242 26
0
0
0
0
0
0
0
0
0
0
0
0
0
0
0
1
243 197
0
1
244 198
1
245 45
0
0
0
0
0
1
246 175
1
247 241
0
1
248 139
0
0
1
249 13
0
0
1
250 249
1
251 74
0
0
1
252 47
0
1
253 174
1
254 58
0
1
255 239
0
0
0
0
0
0
0
1
256 6
0
0
1
257 290
0
0
0
1
258 278
0
0
0
0
0
1
259 201
0
0
0
0
0
0
0
1
260 158
0
1
261 70
0
1
262 306
1
263 180
1
264 259
0
0
0
0
1
265 132
0
0
1
266 153
0
0
0
0
0
0
0
1
267 19
0
0
0
1
268 68
0
0
0
0
0
1
269 235
0
0
0
1
270 222
0
0
0
0
0
1
271 204
1
272 306
0
0
1
273 213
0
0
1
274 76
0
0
0
1
275 28
1
276 9
0
0
1
277 234
0
1
278 168
0
0
0
0
1
279 144
0
1
280 272
0
0
0
0
1
281 182
0
1
282 300
0
1
283 141
0
0
0
0
0
0
1
284 5
0
1
285 290
1
286 143
0
0
0
0
0
0
0
0
1
287 262
1
288 183
0
1
289 63
0
1
290 17
0
0
0
0
1
291 53
1
292 37
1
293 37
0
1
294 48
0
0
0
1
295 193
0
0
1
296 43
0
0
0
1
297 246
1
298 13
0
0
0
0
1
299 221
1
300 13
0
0
1
301 268
0
0
0
0
0
1
302 152
0
0
0
0
0
1
303 109
0
0
1
304 210
0
0
1
305 185
0
1
306 33
0
0
1
307 188
0
0
1
308 256
1
309 70
0
0
0
0
0
1
310 296
0
0
0
0
0
0
1
311 103
0
0
0
0
0
1
312 225
0
0
0
1
313 4
1
314 289
0
0
0
0
0
0
0
0
0
0
1
315 201
0
0
0
0
0
0
0
1
316 136
0
0
0
0
0
0
0
0
0
0
0
0
0
0
1
317 132
0
1
318 142
1
319 85
0
0
0
0
1
320 167
0
0
0
0
0
0
0
0
0
0
0
0
1
321 269
0
0
0
0
0
1
322 151
0
0
1
323 76
0
0
0
1
324 41
0
1
325 138
0
0
0
1
326 283
0
0
0
0
1
327 25
0
0
1
328 24
0
1
329 13
0
0
0
0
0
0
1
330 158
0
1
331 38
0
1
332 109
0
0
0
0
0
0
0
0
0
0
0
0
0
0
1
333 275
1
334 136
0
1
335 293
0
0
0
0
0
0
0
0
0
0
0
1
336 306
1
337 254
0
0
1
338 205
0
0
0
0
0
0
0
0
0
0
1
339 155
0
0
0
0
0
1
340 262
0
0
0
0
0
0
0
0
0
0
1
341 19
1
342 49
0
0
1
343 208
1
344 237
0
0
0
1
345 5
1
346 142
0
0
0
0
0
0
0
1
347 100
1
348 170
0
0
0
0
1
349 250
0
0
1
350 168
0
0
0
1
351 72
1
352 111
1
353 47
1
354 160
0
0
0
0
0
0
0
1
355 65
0
1
356 213
1
357 100
0
1
358 259
0
0
1
359 266
0
0
0
1
360 38
0
0
0
0
0
0
0
0
0
0
0
0
0
1
361 71
0
1
362 262
0
0
0
0
0
0
0
0
1
363 282
1
364 281
1
365 3
0
0
0
0
1
366 265
0
0
1
367 104
0
0
0
1
368 135
1
369 30
0
0
1
370 70
0
1
371 305
1
372 209
0
1
373 223
0
0
0
1
374 68
1
375 229
0
0
0
1
376 139
0
0
1
377 71
1
378 122
0
0
0
0
0
0
0
0
0
0
0
0
0
1
379 23
1
380 130
0
0
0
0
1
381 12
0
0
0
0
0
0
1
382 304
1
383 164
0
0
0
0
1
384 50
0
0
0
0
1
385 262
0
0
0
0
0
1
386 116
1
387 249
0
0
0
1
388 300
1
389 102
1
390 289
0
0
1
391 135
0
0
0
0
0
0
0
0
0
0
1
392 60
0
1
393 47
1
394 128
0
0
0
0
0
0
0
0
1
395 43
1
396 107
1
397 105
0
1
398 91
0
1
399 61
0
1
400 181
1
401 303
0
1
402 198
0
0
1
403 88
0
0
1
404 145
0
1
405 73
0
0
1
406 13
0
0
1
407 11
0
0
0
0
1
408 141
1
409 262
1
410 220
1
411 244
1
412 91
1
413 206
0
0
0
0
0
0
1
414 272
0
1
415 248
0
1
416 203
0
0
0
1
417 169
0
1
418 73
1
419 155
0
0
0
0
0
0
0
1
420 191
0
1
421 165
0
0
0
1
422 259
1
423 250
0
0
0
0
0
0
0
0
1
424 41
1
425 263
0
1
426 96
0
1
427 135
0
0
1
428 136
0
0
0
1
429 121
0
0
0
1
430 163
0
0
1
431 134
0
1
432 47
1
433 137
1
434 84
0
0
0
1
435 169
0
0
1
436 122
1
437 34
1
438 81
0
0
0
1
439 134
1
440 171
0
0
1
441 191
0
1
442 259
0
0
0
0
1
443 185
0
1
444 179
1
445 197
0
0
0
0
0
0
0
1
446 283
1
447 250
1
448 17
0
0
0
1
449 125
0
0
0
0
0
0
1
450 110
0
0
0
1
451 257
0
0
1
452 127
0
0
0
0
0
0
0
0
1
453 217
1
454 72
0
1
455 134
1
456 252
0
1
457 213
0
0
1
458 247
0
0
1
459 223
1
460 10
1
461 167
0
1
462 21
0
1
463 291
0
0
0
1
464 102
1
465 192
1
466 71
1
467 278
0
0
1
468 76
0
0
0
0
0
1
469 119
0
0
0
0
0
1
470 21
1
471 25
0
1
472 301
0
1
473 268
0
1
474 57
0
1
475 220
0
0
0
1
476 104
0
1
477 273
1
478 191
1
479 105
1
480 73
0
0
1
481 8
1
482 304
1
483 127
0
0
0
1
484 81
1
485 301
0
0
0
0
0
0
0
0
0
0
0
0
0
1
486 59
0
0
1
487 186
1
488 155
0
0
0
0
0
0
0
1
489 269
0
0
0
0
1
490 233
1
491 34
0
0
0
0
0
0
1
492 273
1
493 18
0
1
494 26
0
0
0
1
495 267
0
0
0
0
0
1
496 19
0
0
0
0
0
0
0
0
0
0
0
0
0
0
0
0
0
0
1
497 10
1
498 80
0
0
1
499 108
0
1
500 257
0
1
501 298
0
0
1
502 9
0
1
503 134
1
504 183
0
0
0
0
0
1
505 77
0
0
0
0
1
506 161
1
507 180
0
0
0
0
0
0
0
0
0
0
0
1
508 145
0
1
509 155
1
510 31
0
0
0
1
511 199
1
512 306
0
1
513 13
0
1
514 284
0
0
1
515 24
0
0
0
1
516 158
0
1
517 82
0
1
518 40
0
1
519 303
0
0
0
1
520 239
0
0
0
0
1
521 101
1
522 242
1
523 229
1
524 94
1
525 11
0
1
526 137
0
0
0
0
0
1
527 97
0
0
0
0
0
1
528 67
1
529 229
1
530 122
0
0
0
1
531 7
0
1
532 45
0
0
0
0
1
533 3
1
534 70
0
0
0
0
0
0
0
0
0
0
0
0
1
535 70
0
1
536 77
1
537 293
1
538 295
1
539 261
0
0
1
540 221
0
1
541 155
0
0
0
0
0
0
0
0
0
0
1
542 10
1
543 216
1
544 53
0
0
0
1
545 204
1
546 55
1
547 137
1
548 227
0
1
549 281
1
550 272
0
0
0
0
0
0
1
551 221
0
0
0
0
0
1
552 278
0
0
0
0
0
0
0
0
0
1
553 248
0
0
0
0
0
0
0
0
0
0
0
0
0
1
554 34
1
555 173
1
556 36
1
557 16
1
558 279
0
0
0
0
1
559 36
0
1
560 25
1
561 251
1
562 72
0
0
0
0
0
0
0
0
1
563 69
0
1
564 20
1
565 95
0
0
1
566 49
1
567 97
1
568 138
1
569 133
1
570 283
0
1
571 150
0
1
572 110
1
573 210
1
574 196
0
1
575 69
0
0
0
0
0
1
576 86
0
0
1
577 113
0
0
0
1
578 300
0
1
579 42
0
0
1
580 157
1
581 237
1
582 258
0
1
583 137
0
0
0
0
0
0
0
1
584 245
0
0
0
0
1
585 22
1
586 65
1
587 159
0
0
0
0
0
1
588 270
0
0
0
1
589 246
0
1
590 182
0
1
591 182
0
1
592 286
0
0
1
593 211
1
594 41
0
1
595 193
1
596 59
0
0
1
597 8
0
1
598 260
1
599 236
1
600 51
1
601 118
0
0
1
602 257
0
0
0
0
0
0
1
603 295
1
604 170
1
605 236
0
0
0
0
1
606 82
1
607 159
1
608 14
1
609 34
0
0
1
610 183
0
1
611 104
1
612 77
1
613 70
1
614 181
0
1
615 83
0
0
0
1
616 260
0
0
0
0
0
0
1
617 179
0
1
618 303
0
1
619 125
1
620 220
1
621 278
1
622 25
0
1
623 233
0
1
624 97
0
0
0
0
1
625 301
1
626 149
1
627 269
1
628 188
0
0
0
0
0
0
0
0
0
1
629 199
1
630 13
1
631 73
0
0
1
632 270
0
1
633 48
0
1
634 103
0
0
0
1
635 292
0
0
0
0
0
0
0
1
636 123
1
637 86
0
1
638 229
1
639 301
0
0
1
640 163
0
0
1
641 243
1
642 134
1
643 116
1
644 40
0
1
645 223
0
0
0
0
0
0
1
646 251
1
647 277
0
1
648 241
0
0
0
1
649 264
1
650 58
0
0
1
651 100
1
652 294
0
0
1
653 193
1
654 137
0
0
1
655 34
0
1
656 62
0
0
0
1
657 122
0
1
658 29
0
1
659 179
0
0
1
660 144
1
661 98
1
662 296
0
1
663 116
0
0
1
664 38
0
0
0
1
665 258
0
1
666 8
1
667 234
1
668 130
1
669 149
0
0
0
0
0
0
1
670 206
1
671 87
0
1
672 191
0
0
1
673 128
1
674 178
1
675 41
1
676 236
0
1
677 211
1
678 258
0
0
0
0
0
1
679 194
0
1
680 276
0
1
681 212
0
1
682 87
1
683 142
1
684 58
1
685 286
0
0
1
686 288
0
1
687 92
0
1
688 67
0
0
0
0
1
689 216
0
0
0
0
0
1
690 36
1
691 2
0
1
692 61
0
1
693 190
0
0
1
694 158
0
1
695 260
1
696 131
0
1
697 228
0
0
0
0
1
698 262
0
0
1
699 47
0
0
0
0
0
0
1
700 274
0
0
0
0
0
1
701 213
1
702 292
1
703 218
1
704 65
0
0
0
0
1
705 55
1
706 41
0
1
707 145
0
0
0
0
0
1
708 180
0
1
709 61
1
710 51
0
0
1
711 268
1
712 220
0
1
713 31
0
0
1
714 220
1
715 160
1
716 103
0
0
0
0
1
717 146
0
0
0
0
1
718 35
1
719 185
0
0
1
720 284
1
721 24
1
722 170
1
723 18
0
0
1
724 263
0
1
725 264
0
0
0
0
0
0
1
726 103
1
727 205
1
728 9
0
0
1
729 243
0
0
0
0
0
1
730 66
0
1
731 50
0
1
732 303
1
733 245
1
734 81
0
0
1
735 63
1
736 86
1
737 234
0
1
738 28
0
0
1
739 134
1
740 19
0
0
0
1
741 156
1
742 68
0
0
0
0
0
0
0
0
0
0
1
743 258
1
744 45
0
1
745 108
1
746 104
0
0
0
0
0
0
0
0
1
747 227
0
0
1
748 208
1
749 86
1
750 303
1
751 77
1
752 166
1
753 82
1
754 30
1
755 10
0
0
0
1
756 120
1
757 168
0
0
0
0
0
0
1
758 31
0
0
0
1
759 157
1
760 234
1
761 159
1
762 86
0
1
763 103
1
764 50
0
0
0
0
1
765 238
1
766 305
0
1
767 164
0
0
0
1
768 4
1
769 149
1
770 284
0
1
771 69
0
1
772 109
1
773 32
1
774 299
0
0
0
1
775 2
1
776 211
1
777 275
0
1
778 252
0
1
779 76
0
0
1
780 35
0
0
0
0
1
781 278
1
782 40
1
783 76
1
784 155
1
785 167
0
0
1
786 85
0
0
0
0
0
0
1
787 129
0
1
788 160
1
789 137
0
0
0
0
1
790 84
0
1
791 189
0
1
792 290
1
793 88
0
0
1
794 270
1
795 225
0
0
1
796 164
1
797 239
1
798 83
0
1
799 102
0
1
800 146
0
0
1
801 80
0
0
1
802 225
0
1
803 20
0
0
0
1
804 195
1
805 211
0
1
806 32
0
1
807 128
1
808 180
0
1
809 293
0
0
1
810 9
1
811 259
0
0
0
0
0
0
1
812 304
0
0
1
813 150
1
814 233
0
1
815 76
0
0
1
816 234
0
0
0
0
1
817 278
1
818 88
1
819 201
1
820 123
0
1
821 172
0
1
822 69
0
0
0
0
1
823 268
1
824 220
0
1
825 235
1
826 224
1
827 267
1
828 206
0
0
0
1
829 217
1
830 27
0
0
0
0
0
0
0
1
831 288
0
0
1
832 47
0
0
1
833 294
1
834 51
0
0
1
835 292
1
836 224
1
837 171
0
0
0
0
0
1
838 7
0
0
1
839 286
0
0
0
0
1
840 177
0
1
841 39
1
842 231
0
0
0
1
843 19
1
844 236
1
845 259
1
846 40
1
847 244
1
848 40
0
1
849 216
1
850 40
1
851 99
0
1
852 122
1
853 117
1
854 240
0
0
0
1
855 114
0
1
856 33
0
0
1
857 66
0
0
1
858 41
1
859 68
1
860 216
1
861 6
1
862 13
0
1
863 143
0
1
864 170
0
1
865 187
1
866 111
1
867 236
0
1
868 182
0
0
0
0
0
1
869 122
0
1
870 27
0
0
1
871 209
0
0
0
0
1
872 256
1
873 191
1
874 131
0
0
0
0
0
0
0
1
875 210
0
0
1
876 134
1
877 105
0
0
0
1
878 204
0
1
879 58
0
0
1
880 258
1
881 56
0
0
0
0
1
882 149
1
883 157
1
884 244
1
885 294
0
0
1
886 102
0
1
887 54
1
888 28
0
0
0
0
1
889 208
0
0
0
1
890 217
1
891 294
0
0
0
1
892 279
1
893 154
1
894 137
0
0
1
895 280
1
896 89
0
1
897 189
1
898 164
1
899 190
0
1
900 8
0
1
901 165
1
902 229
1
903 107
0
1
904 226
0
0
1
905 294
1
906 30
1
907 7
1
908 195
0
0
0
0
1
909 190
1
910 218
0
0
0
1
911 177
0
0
1
912 272
0
0
1
913 103
0
1
914 164
0
1
915 176
0
1
916 190
0
1
917 142
0
0
0
0
1
918 307
0
1
919 111
0
0
1
920 225
1
921 244
1
922 306
0
1
923 236
1
924 105
1
925 284
0
0
0
0
0
0
0
0
0
1
926 114
1
927 234
1
928 198
0
1
929 264
1
930 295
0
1
931 28
0
0
1
932 296
1
933 3
1
934 233
0
0
0
1
935 124
1
936 99
0
0
1
937 155
1
938 19
0
0
0
0
0
0
1
939 162
0
0
1
940 220
0
0
1
941 263
1
942 69
0
1
943 21
1
944 192
0
1
945 207
1
946 55
1
947 3
0
0
1
948 190
0
0
1
949 118
0
1
950 291
1
951 285
0
0
0
0
0
0
1
952 7
0
1
953 302
0
0
0
0
1
954 220
0
0
0
1
955 277
1
956 287
0
0
0
1
957 91
0
0
0
1
958 298
0
0
1
959 265
1
960 212
1
961 176
1
962 84
0
0
1
963 147
0
1
964 234
0
1
965 164
1
966 196
0
1
967 253
1
968 302
0
0
0
1
969 95
0
1
970 182
1
971 236
1
972 142
1
973 281
0
0
0
0
0
0
0
1
974 180
0
1
975 250
0
1
976 4
0
0
1
977 197
1
978 247
1
979 241
1
980 278
1
981 154
0
0
0
0
1
982 57
1
983 53
0
1
984 235
0
0
1
985 79
1
986 25
0
0
1
987 213
0
1
988 229
1
989 53
1
990 303
0
0
1
991 117
0
1
992 30
1
993 132
0
1
994 299
1
995 195
1
996 205
0
1
997 93
1
998 146
1
999 254
1
1000 129
0
1
1001 189
0
0
1
1002 127
0
1
1003 176
1
1004 279
0
1
1005 180
0
1
1006 214
1
1007 210
0
1
1008 285
1
1009 44
1
1010 205
0
1
1011 164
0
1
1012 274
1
1013 293
1
1014 235
0
1
1015 241
0
1
1016 225
1
1017 47
0
0
0
0
1
1018 173
1
1019 187
0
1
1020 297
1
1021 301
0
1
1022 125
0
1
1023 160
1
1024 270
1
1025 291
0
1
1026 138
1
1027 172
1
1028 125
1
1029 41
1
1030 168
0
0
1
1031 30
0
0
1
1032 258
1
1033 93
0
0
0
0
1
1034 37
0
0
0
1
1035 42
0
1
1036 282
0
1
1037 185
1
1038 256
0
1
1039 189
1
1040 70
1
1041 12
1
1042 80
1
1043 76
1
1044 262
0
0
0
0
1
1045 33
0
0
0
1
1046 153
0
0
1
1047 13
1
1048 199
0
1
1049 121
1
1050 305
1
1051 20
0
1
1052 203
0
0
0
0
0
0
1
1053 71
1
1054 167
1
1055 12
1
1056 43
1
1057 155
1
1058 83
1
1059 180
1
1060 283
0
1
1061 291
1
1062 27
0
0
0
1
1063 17
0
0
0
1
1064 296
1
1065 288
0
1
1066 150
1
1067 157
1
1068 50
1
1069 28
0
0
0
1
1070 145
1
1071 168
0
0
1
1072 267
1
1073 104
0
1
1074 24
1
1075 239
0
0
0
1
1076 244
0
1
1077 51
1
1078 176
0
0
1
1079 50
1
1080 30
0
1
1081 168
1
1082 163
1
1083 202
0
1
1084 126
0
0
0
1
1085 73
1
1086 274
0
1
1087 258
0
1
1088 238
1
1089 167
0
1
1090 15
1
1091 236
0
1
1092 133
1
1093 138
1
1094 197
1
1095 212
0
0
1
1096 197
1
1097 99
0
0
1
1098 294
1
1099 76
1
1100 89
1
1101 17
0
0
1
1102 14
0
1
1103 168
0
0
0
1
1104 292
1
1105 212
1
1106 80
1
1107 255
0
1
1108 89
1
1109 206
0
1
1110 182
0
0
1
1111 118
1
1112 19
1
1113 58
1
1114 271
0
1
1115 125
0
0
1
1116 38
1
1117 169
1
1118 282
1
1119 207
1
1120 291
1
1121 128
1
1122 103
1
1123 207
0
0
1
1124 40
1
1125 285
1
1126 153
0
1
1127 244
1
1128 217
0
1
1129 21
0
1
1130 64
0
1
1131 267
0
0
0
0
1
1132 89
0
1
1133 151
0
1
1134 301
0
0
1
1135 178
1
1136 58
1
1137 170
1
1138 19
0
1
1139 125
0
0
0
0
1
1140 144
0
1
1141 103
1
1142 116
0
0
1
1143 78
1
1144 15
1
1145 238
1
1146 226
0
0
1
1147 101
1
1148 167
0
1
1149 105
0
0
0
0
0
1
1150 3
0
1
1151 281
1
1152 45
1
1153 136
0
0
0
1
1154 240
1
1155 109
0
0
0
1
1156 11
1
1157 157
1
1158 299
1
1159 157
1
1160 53
0
1
1161 296
1
1162 262
0
0
1
1163 165
0
0
1
1164 51
1
1165 149
1
1166 95
0
0
0
1
1167 151
1
1168 135
0
0
1
1169 242
1
1170 255
1
1171 91
1
1172 112
1
1173 236
0
0
0
0
1
1174 296
0
0
1
1175 210
1
1176 105
1
1177 108
1
1178 263
0
1
1179 81
1
1180 99
0
1
1181 303
0
1
1182 193
1
1183 197
0
0
1
1184 174
1
1185 155
1
1186 158
0
0
0
1
1187 135
0
1
1188 182
0
1
1189 217
1
1190 265
1
1191 100
1
1192 23
1
1193 195
1
1194 210
1
1195 188
0
0
0
0
1
1196 119
0
0
0
0
1
1197 5
1
1198 231
0
0
1
1199 255
0
1
1200 129
0
1
1201 260
1
1202 186
1
1203 197
1
1204 211
1
1205 44
0
1
1206 301
1
1207 227
1
1208 57
1
1209 160
0
0
1
1210 140
0
1
1211 113
1
1212 24
0
1
1213 127
0
1
1214 63
1
1215 216
1
1216 279
0
1
1217 206
1
1218 265
0
0
1
1219 225
0
0
1
1220 85
1
1221 22
0
1
1222 43
1
1223 75
1
1224 84
1
1225 66
0
0
0
0
0
1
1226 69
0
0
0
0
0
1
1227 214
1
1228 149
1
1229 31
1
1230 277
0
0
1
1231 256
1
1232 278
0
0
0
1
1233 47
1
1234 123
0
0
0
1
1235 229
0
0
0
1
1236 65
1
1237 225
1
1238 258
1
1239 229
0
1
1240 211
1
1241 11
1
1242 89
1
1243 78
1
1244 168
1
1245 121
0
0
1
1246 171
0
1
1247 264
1
1248 182
1
1249 243
1
1250 193
0
1
1251 87
0
0
0
1
1252 218
1
1253 86
0
1
1254 36
0
1
1255 58
1
1256 253
1
1257 253
0
0
0
0
1
1258 31
1
1259 107
0
0
0
1
1260 42
1
1261 302
1
1262 258
1
1263 166
1
1264 25
1
1265 61
1
1266 228
0
1
1267 57
1
1268 64
1
1269 42
1
1270 240
1
1271 130
0
1
1272 80
1
1273 95
1
1274 128
1
1275 216
0
1
1276 306
1
1277 195
1
1278 173
1
1279 222
0
1
1280 110
0
1
1281 22
1
1282 58
1
1283 145
0
1
1284 133
1
1285 119
0
1
1286 16
0
0
1
1287 182
0
0
1
1288 270
1
1289 197
1
1290 95
1
1291 15
1
1292 21
0
1
1293 190
1
1294 15
0
1
1295 89
1
1296 299
1
1297 287
1
1298 15
0
1
1299 116
0
1
1300 156
1
1301 80
1
1302 16
1
1303 65
1
1304 216
0
0
0
1
1305 70
0
0
1
1306 40
0
0
1
1307 129
0
0
0
0
1
1308 5
1
1309 149
1
1310 87
0
0
1
1311 216
1
1312 251
0
1
1313 33
1
1314 147
0
1
1315 286
1
1316 306
0
1
1317 167
1
1318 4
1
1319 9
1
1320 284
1
1321 264
0
1
1322 138
1
1323 306
1
1324 244
1
1325 98
0
0
0
1
1326 48
0
0
1
1327 4
1
1328 56
1
1329 98
0
1
1330 46
1
1331 214
0
0
0
1
1332 99
1
1333 295
0
1
1334 175
1
1335 267
1
1336 191
0
0
1
1337 291
0
1
1338 209
0
1
1339 203
0
0
1
1340 46
0
0
1
1341 34
0
1
1342 295
0
1
1343 65
0
1
1344 302
1
1345 70
0
0
0
1
1346 192
0
1
1347 102
0
0
1
1348 151
0
0
0
0
0
0
0
0
0
0
1
1349 164
0
0
0
1
1350 70
1
1351 24
1
1352 180
0
1
1353 83
0
1
1354 227
0
0
1
1355 165
0
0
1
1356 185
1
1357 134
0
0
0
1
1358 58
1
1359 13
0
0
1
1360 147
1
1361 273
0
1
1362 301
1
1363 114
0
1
1364 156
0
1
1365 286
1
1366 145
1
1367 178
1
1368 61
1
1369 33
0
1
1370 296
1
1371 220
1
1372 11
0
0
1
1373 174
0
1
1374 250
1
1375 42
1
1376 127
0
1
1377 38
0
1
1378 144
1
1379 262
1
1380 97
0
0
1
1381 76
0
0
1
1382 292
0
0
0
1
1383 174
0
1
1384 29
0
0
0
1
1385 179
1
1386 97
0
1
1387 225
1
1388 240
1
1389 237
0
1
1390 302
1
1391 20
0
0
1
1392 228
0
0
0
1
1393 45
1
1394 35
1
1395 240
1
1396 127
1
1397 293
1
1398 119
1
1399 103
0
1
1400 63
1
1401 293
0
1
1402 167
1
1403 168
1
1404 76
0
1
1405 245
1
1406 54
1
1407 212
1
1408 169
1
1409 241
0
0
0
1
1410 15
1
1411 104
1
1412 207
0
1
1413 24
1
1414 157
1
1415 221
0
1
1416 118
0
0
0
1
1417 221
1
1418 135
0
0
0
1
1419 281
0
1
1420 294
1
1421 25
1
1422 228
1
1423 201
0
1
1424 150
1
1425 53
1
1426 61
0
0
0
1
1427 101
0
1
1428 222
1
1429 105
1
1430 264
1
1431 303
1
1432 155
1
1433 72
1
1434 74
1
1435 130
0
1
1436 298
1
1437 289
0
1
1438 278
1
1439 226
1
1440 47
1
1441 19
1
1442 120
1
1443 304
1
1444 204
1
1445 4
1
1446 89
1
1447 192
1
1448 129
1
1449 217
1
1450 20
0
0
0
1
1451 204
1
1452 298
1
1453 172
1
1454 139
0
1
1455 297
0
1
1456 49
1
1457 101
0
0
0
0
0
0
1
1458 104
0
0
1
1459 105
1
1460 291
1
1461 166
1
1462 65
1
1463 272
0
1
1464 175
0
1
1465 123
1
1466 33
1
1467 295
1
1468 187
1
1469 35
0
1
1470 262
1
1471 100
1
1472 299
0
1
1473 253
1
1474 126
0
1
1475 278
1
1476 231
1
1477 202
1
1478 304
0
1
1479 135
0
1
1480 281
0
0
1
1481 296
1
1482 182
0
1
1483 244
1
1484 85
1
1485 232
0
0
1
1486 257
0
1
1487 223
0
1
1488 260
1
1489 206
1
1490 100
0
1
1491 285
1
1492 33
1
1493 156
1
1494 39
1
1495 249
0
1
1496 302
1
1497 6
0
1
1498 252
1
1499 110
0
0
1
1500 235
1
1501 88
1
1502 167
1
1503 13
1
1504 54
0
0
1
1505 15
1
1506 104
1
1507 18
0
1
1508 245
1
1509 258
0
0
0
1
1510 274
0
1
1511 60
1
1512 40
0
1
1513 299
1
1514 214
1
1515 8
0
1
1516 233
1
1517 99
1
1518 17
0
1
1519 40
0
1
1520 7
0
1
1521 22
0
1
1522 242
1
1523 277
1
1524 82
0
0
0
1
1525 136
1
1526 181
0
0
0
0
1
1527 51
1
1528 302
0
0
0
1
1529 197
1
1530 96
0
0
1
1531 13
1
1532 63
1
1533 75
1
1534 4
0
1
1535 68
1
1536 18
1
1537 18
1
1538 155
1
1539 8
1
1540 8
1
1541 236
1
1542 122
1
1543 100
0
0
1
1544 203
0
0
1
1545 198
1
1546 220
1
1547 61
1
1548 146
1
1549 98
0
1
1550 299
1
1551 43
1
1552 191
0
1
1553 207
0
1
1554 16
1
1555 187
1
1556 196
1
1557 221
1
1558 210
1
1559 100
0
1
1560 159
1
1561 18
1
1562 277
1
1563 190
0
0
0
1
1564 229
0
0
0
0
1
1565 66
1
1566 79
0
1
1567 92
1
1568 38
1
1569 199
0
1
1570 213
1
1571 47
0
1
1572 14
1
1573 278
1
1574 101
1
1575 219
1
1576 198
1
1577 209
1
1578 54
0
1
1579 109
1
1580 246
0
1
1581 108
1
1582 47
1
1583 184
0
1
1584 192
0
1
1585 193
1
1586 236
1
1587 114
0
1
1588 15
1
1589 297
1
1590 177
0
0
1
1591 21
0
0
1
1592 278
1
1593 57
0
1
1594 258
1
1595 169
1
1596 15
1
1597 285
1
1598 220
1
1599 3
1
1600 37
0
0
1
1601 237
0
1
1602 51
0
0
1
1603 238
1
1604 80
1
1605 87
1
1606 190
1
1607 228
0
0
1
1608 130
1
1609 220
0
1
1610 254
0
1
1611 9
1
1612 87
1
1613 138
1
1614 42
0
1
1615 206
0
0
1
1616 127
1
1617 205
1
1618 36
1
1619 118
0
1
1620 198
1
1621 80
0
0
0
1
1622 184
0
0
1
1623 149
0
0
1
1624 219
0
0
1
1625 57
0
1
1626 229
1
1627 284
0
1
1628 210
1
1629 282
0
1
1630 245
1
1631 108
1
1632 84
1
1633 263
0
1
1634 19
1
1635 127
1
1636 234
0
1
1637 171
1
1638 132
0
0
0
1
1639 149
1
1640 257
1
1641 234
0
1
1642 166
0
1
1643 152
1
1644 28
1
1645 179
1
1646 301
1
1647 177
1
1648 210
1
1649 127
1
1650 228
0
0
1
1651 70
1
1652 288
0
0
1
1653 143
1
1654 132
1
1655 197
1
1656 272
1
1657 289
1
1658 84
1
1659 259
0
0
0
0
0
1
1660 26
1
1661 232
1
1662 71
0
1
1663 40
1
1664 225
1
1665 131
0
1
1666 59
0
1
1667 225
1
1668 212
1
1669 299
1
1670 77
0
1
1671 149
1
1672 135
0
0
1
1673 159
0
1
1674 39
1
1675 56
0
1
1676 257
1
1677 112
1
1678 68
1
1679 134
1
1680 70
1
1681 101
1
1682 237
0
1
1683 168
0
1
1684 11
1
1685 26
1
1686 130
1
1687 224
1
1688 227
0
0
1
1689 184
0
1
1690 184
0
1
1691 251
1
1692 234
0
0
1
1693 49
0
1
1694 294
0
1
1695 155
1
1696 273
1
1697 151
0
1
1698 228
1
1699 289
0
0
1
1700 239
1
1701 186
1
1702 297
1
1703 258
1
1704 146
1
1705 271
0
1
1706 247
0
0
1
1707 299
1
1708 87
1
1709 150
0
0
0
1
1710 101
1
1711 295
1
1712 119
0
0
1
1713 230
0
1
1714 80
0
0
1
1715 126
0
0
1
1716 71
1
1717 256
0
0
0
0
1
1718 135
1
1719 38
0
1
1720 89
0
0
0
1
1721 86
0
1
1722 223
1
1723 158
1
1724 220
1
1725 258
1
1726 125
1
1727 217
1
1728 101
1
1729 190
1
1730 11
1
1731 250
0
1
1732 138
0
0
0
0
1
1733 162
0
0
0
1
1734 257
0
1
1735 209
1
1736 97
1
1737 289
0
1
1738 36
1
1739 278
1
1740 194
1
1741 180
1
1742 261
1
1743 285
1
1744 151
1
1745 30
1
1746 32
0
0
1
1747 263
1
1748 240
0
0
1
1749 89
0
1
1750 58
1
1751 154
0
1
1752 290
0
1
1753 93
1
1754 64
1
1755 8
0
0
1
1756 18
0
1
1757 293
1
1758 220
0
1
1759 48
1
1760 202
1
1761 230
0
1
1762 119
1
1763 146
1
1764 47
0
1
1765 124
1
1766 239
1
1767 220
0
0
1
1768 19
1
1769 116
0
0
0
1
1770 86
1
1771 31
1
1772 218
1
1773 33
0
1
1774 266
0
0
1
1775 302
1
1776 303
0
1
1777 220
1
1778 155
1
1779 42
1
1780 136
0
0
1
1781 152
1
1782 229
0
1
1783 262
0
1
1784 233
0
0
1
1785 277
1
1786 303
1
1787 18
1
1788 113
1
1789 199
1
1790 238
0
1
1791 32
0
0
1
1792 258
1
1793 130
1
1794 94
0
1
1795 165
1
1796 61
1
1797 163
0
1
1798 45
1
1799 62
1
1800 295
0
1
1801 242
0
1
1802 186
1
1803 125
1
1804 286
1
1805 188
0
0
1
1806 268
1
1807 163
1
1808 213
0
1
1809 44
1
1810 4
0
1
1811 137
1
1812 298
1
1813 118
1
1814 197
1
1815 89
1
1816 21
1
1817 94
0
1
1818 26
0
0
1
1819 61
1
1820 97
1
1821 195
0
1
1822 15
1
1823 178
1
1824 174
0
1
1825 190
0
0
0
1
1826 89
1
1827 194
0
1
1828 197
0
0
0
1
1829 10
1
1830 267
1
1831 5
0
1
1832 99
1
1833 243
0
1
1834 227
1
1835 133
1
1836 76
1
1837 51
1
1838 174
0
0
1
1839 273
1
1840 283
1
1841 226
1
1842 300
1
1843 57
1
1844 155
1
1845 4
0
1
1846 116
1
1847 268
1
1848 244
0
1
1849 56
1
1850 233
1
1851 76
1
1852 262
1
1853 21
0
0
0
0
1
1854 102
0
1
1855 305
1
1856 89
1
1857 193
1
1858 125
1
1859 91
1
1860 33
0
1
1861 262
1
1862 222
0
1
1863 151
1
1864 20
1
1865 101
0
0
1
1866 182
1
1867 295
1
1868 131
1
1869 281
0
0
1
1870 255
0
0
0
1
1871 23
1
1872 76
1
1873 148
1
1874 162
1
1875 171
1
1876 120
0
1
1877 297
1
1878 147
1
1879 236
1
1880 182
1
1881 156
1
1882 219
1
1883 128
1
1884 202
1
1885 138
1
1886 71
1
1887 198
0
1
1888 190
1
1889 245
0
1
1890 95
0
1
1891 100
1
1892 29
1
1893 198
0
1
1894 167
0
1
1895 32
0
0
0
1
1896 99
1
1897 145
0
0
0
0
1
1898 157
0
1
1899 219
1
1900 129
1
1901 237
1
1902 151
1
1903 162
1
1904 251
1
1905 86
1
1906 263
0
0
1
1907 271
1
1908 50
0
0
0
1
1909 285
1
1910 97
1
1911 179
0
1
1912 29
1
1913 46
1
1914 134
0
1
1915 203
1
1916 6
1
1917 106
1
1918 263
0
1
1919 228
0
1
1920 152
1
1921 54
1
1922 254
1
1923 16
1
1924 235
0
1
1925 247
0
0
0
0
0
1
1926 19
0
1
1927 258
1
1928 187
1
1929 31
1
1930 106
0
0
1
1931 287
1
1932 302
1
1933 138
1
1934 3
1
1935 62
1
1936 207
0
0
1
1937 87
0
1
1938 19
0
1
1939 303
1
1940 16
0
1
1941 51
1
1942 75
1
1943 277
0
1
1944 101
0
1
1945 281
0
1
1946 247
0
1
1947 114
0
1
1948 302
0
1
1949 307
1
1950 5
0
0
1
1951 53
0
0
1
1952 65
1
1953 245
1
1954 257
1
1955 135
1
1956 236
1
1957 54
1
1958 221
1
1959 94
0
0
0
1
1960 111
1
1961 264
0
0
1
1962 207
0
1
1963 201
0
0
1
1964 306
1
1965 55
0
0
1
1966 134
1
1967 294
1
1968 67
1
1969 58
1
1970 275
1
1971 250
1
1972 255
1
1973 263
0
1
1974 225
1
1975 129
1
1976 74
0
1
1977 103
0
1
1978 283
1
1979 174
1
1980 238
0
0
1
1981 126
1
1982 304
1
1983 93
1
1984 13
0
1
1985 103
1
1986 177
1
1987 88
1
1988 231
1
1989 19
1
1990 213
1
1991 223
1
1992 256
0
1
1993 256
1
1994 231
1
1995 277
0
0
0
0
1
1996 241
0
0
1
1997 238
0
1
1998 293
1
1999 273
1
2000 70
1
2001 163
1
2002 117
1
2003 197
1
2004 252
1
2005 111
1
2006 162
1
2007 159
1
2008 269
1
2009 135
0
1
2010 255
0
1
2011 294
1
2012 136
1
2013 273
0
1
2014 240
0
1
2015 55
1
2016 32
1
2017 2
1
2018 238
0
0
1
2019 85
0
0
1
2020 19
1
2021 222
1
2022 219
1
2023 67
1
2024 94
0
1
2025 60
1
2026 290
1
2027 240
0
1
2028 220
0
0
1
2029 28
0
1
2030 190
1
2031 86
1
2032 211
1
2033 233
1
2034 166
1
2035 35
1
2036 282
1
2037 129
1
2038 25
1
2039 23
1
2040 110
1
2041 169
1
2042 197
0
1
2043 281
1
2044 27
1
2045 305
1
2046 299
1
2047 168
1
2048 47
1
2049 293
1
2050 113
1
2051 47
0
0
1
2052 86
1
2053 99
1
2054 255
1
2055 39
1
2056 222
0
1
2057 245
1
2058 109
0
1
2059 173
1
2060 113
1
2061 129
1
2062 74
1
2063 190
1
2064 199
0
1
2065 111
1
2066 146
1
2067 219
1
2068 188
1
2069 271
1
2070 165
1
2071 38
0
1
2072 106
1
2073 159
0
1
2074 61
1
2075 199
1
2076 68
1
2077 149
1
2078 171
1
2079 40
1
2080 155
1
2081 285
1
2082 216
1
2083 212
0
0
1
2084 301
0
1
2085 282
0
0
1
2086 101
1
2087 23
1
2088 102
1
2089 261
0
1
2090 206
1
2091 219
1
2092 222
1
2093 55
0
0
1
2094 222
1
2095 78
0
1
2096 25
1
2097 28
1
2098 19
1
2099 12
1
2100 40
0
1
2101 199
0
1
2102 62
1
2103 262
1
2104 182
1
2105 258
1
2106 179
1
2107 103
1
2108 191
0
1
2109 79
1
2110 18
1
2111 9
1
2112 183
1
2113 287
1
2114 242
0
1
2115 176
1
2116 242
1
2117 253
1
2118 196
0
1
2119 73
1
2120 235
1
2121 25
1
2122 105
0
1
2123 164
0
1
2124 39
1
2125 290
1
2126 220
1
2127 263
1
2128 76
1
2129 249
1
2130 103
1
2131 87
1
2132 101
1
2133 123
1
2134 225
1
2135 163
1
2136 97
1
2137 196
1
2138 294
1
2139 109
0
1
2140 18
0
1
2141 130
1
2142 194
1
2143 257
0
1
2144 90
1
2145 117
1
2146 111
1
2147 61
1
2148 11
1
2149 303
0
0
0
0
1
2150 27
0
0
1
2151 258
1
2152 85
1
2153 48
1
2154 119
1
2155 281
0
0
0
1
2156 23
1
2157 154
1
2158 41
1
2159 40
1
2160 50
1
2161 109
0
1
2162 210
1
2163 228
1
2164 50
0
1
2165 240
1
2166 115
1
2167 24
1
2168 124
1
2169 159
0
1
2170 262
1
2171 58
1
2172 305
0
1
2173 122
1
2174 240
1
2175 110
0
1
2176 155
1
2177 150
0
1
2178 210
1
2179 129
1
2180 195
0
1
2181 224
0
1
2182 260
1
2183 185
0
0
1
2184 156
1
2185 301
1
2186 274
1
2187 166
1
2188 89
0
1
2189 127
1
2190 97
1
2191 223
1
2192 299
1
2193 214
0
1
2194 58
1
2195 198
1
2196 61
1
2197 78
1
2198 175
0
1
2199 132
1
2200 84
1
2201 3
1
2202 185
1
2203 102
1
2204 127
1
2205 54
1
2206 272
1
2207 249
1
2208 19
1
2209 222
0
1
2210 206
0
1
2211 159
1
2212 19
0
0
1
2213 289
0
0
1
2214 154
0
1
2215 253
1
2216 30
1
2217 277
1
2218 75
1
2219 282
1
2220 63
1
2221 248
1
2222 100
0
1
2223 8
1
2224 301
1
2225 145
0
1
2226 213
0
0
0
0
0
1
2227 234
1
2228 111
1
2229 68
0
0
1
2230 250
0
1
2231 154
1
2232 168
0
1
2233 295
1
2234 17
1
2235 200
1
2236 225
1
2237 135
1
2238 8
1
2239 97
1
2240 107
1
2241 133
1
2242 79
0
1
2243 268
1
2244 63
0
0
1
2245 57
1
2246 263
1
2247 69
1
2248 117
1
2249 300
0
1
2250 297
1
2251 236
1
2252 76
1
2253 100
1
2254 68
0
1
2255 61
0
1
2256 256
1
2257 62
0
1
2258 182
1
2259 62
1
2260 257
1
2261 96
1
2262 72
0
1
2263 252
0
1
2264 51
0
0
1
2265 19
1
2266 269
1
2267 149
1
2268 82
1
2269 46
1
2270 205
0
1
2271 292
1
2272 195
1
2273 210
1
2274 106
0
1
2275 189
1
2276 302
0
1
2277 212
1
2278 211
1
2279 31
0
1
2280 298
0
1
2281 7
1
2282 226
1
2283 149
0
1
2284 32
1
2285 51
1
2286 63
0
1
2287 49
1
2288 40
1
2289 273
0
0
1
2290 278
1
2291 206
1
2292 159
1
2293 14
1
2294 286
1
2295 251
0
1
2296 155
1
2297 182
1
2298 264
0
1
2299 292
0
1
2300 278
0
0
1
2301 209
1
2302 152
1
2303 91
1
2304 300
1
2305 113
1
2306 32
0
1
2307 293
1
2308 165
0
1
2309 49
1
2310 251
0
1
2311 24
1
2312 80
0
0
1
2313 59
1
2314 138
0
0
1
2315 258
1
2316 40
1
2317 161
1
2318 38
0
1
2319 32
1
2320 265
1
2321 263
0
1
2322 289
1
2323 289
0
1
2324 251
1
2325 295
0
1
2326 73
1
2327 273
0
0
1
2328 37
1
2329 61
1
2330 13
1
2331 67
0
1
2332 104
1
2333 26
0
0
1
2334 295
1
2335 241
0
1
2336 118
1
2337 89
1
2338 22
1
2339 117
1
2340 128
1
2341 38
1
2342 264
1
2343 200
1
2344 255
0
0
1
2345 281
1
2346 194
0
0
0
1
2347 45
0
1
2348 71
0
1
2349 236
0
1
2350 133
1
2351 91
1
2352 66
1
2353 76
1
2354 10
1
2355 60
1
2356 60
1
2357 261
1
2358 46
0
0
1
2359 73
1
2360 69
1
2361 200
1
2362 29
1
2363 32
1
2364 86
0
0
1
2365 19
1
2366 181
1
2367 171
1
2368 156
0
1
2369 220
0
1
2370 199
1
2371 22
1
2372 24
1
2373 123
1
2374 63
1
2375 227
0
1
2376 295
1
2377 223
0
1
2378 146
1
2379 307
0
1
2380 169
0
1
2381 235
1
2382 175
1
2383 123
1
2384 244
1
2385 31
1
2386 78
1
2387 183
0
1
2388 286
1
2389 262
1
2390 17
1
2391 45
1
2392 124
0
0
1
2393 182
1
2394 201
0
1
2395 71
0
1
2396 292
1
2397 46
1
2398 13
1
2399 151
1
2400 96
1
2401 113
1
2402 269
1
2403 291
1
2404 234
1
2405 267
0
0
1
2406 55
0
1
2407 17
1
2408 164
1
2409 105
0
0
1
2410 233
1
2411 234
1
2412 152
1
2413 130
0
1
2414 240
1
2415 89
1
2416 272
0
0
1
2417 206
1
2418 220
1
2419 153
0
1
2420 70
1
2421 246
0
0
1
2422 71
1
2423 83
1
2424 25
1
2425 189
1
2426 36
1
2427 107
1
2428 256
1
2429 134
1
2430 78
1
2431 158
1
2432 50
1
2433 266
1
2434 12
1
2435 12
1
2436 178
1
2437 5
0
1
2438 14
0
1
2439 280
0
1
2440 292
1
2441 199
1
2442 269
1
2443 31
1
2444 62
1
2445 212
1
2446 263
1
2447 25
1
2448 268
1
2449 306
1
2450 136
1
2451 183
1
2452 213
1
2453 129
1
2454 256
1
2455 230
1
2456 247
1
2457 71
1
2458 141
0
0
1
2459 220
1
2460 161
0
1
2461 82
1
2462 131
1
2463 6
1
2464 107
0
1
2465 55
0
1
2466 95
0
0
1
2467 272
0
1
2468 94
1
2469 201
1
2470 182
0
1
2471 175
1
2472 86
1
2473 262
1
2474 258
0
1
2475 258
1
2476 129
1
2477 151
1
2478 239
1
2479 241
1
2480 203
1
2481 292
1
2482 82
1
2483 40
1
2484 155
0
0
1
2485 255
1
2486 278
1
2487 267
1
2488 277
1
2489 137
1
2490 220
0
1
2491 18
0
1
2492 281
1
2493 89
1
2494 160
1
2495 230
1
2496 280
1
2497 305
1
2498 116
1
2499 31
1
2500 276
0
1
2501 50
1
2502 55
1
2503 249
1
2504 131
1
2505 136
1
2506 211
1
2507 86
1
2508 218
1
2509 5
1
2510 158
1
2511 264
1
2512 104
0
1
2513 202
1
2514 98
1
2515 51
1
2516 105
1
2517 119
0
1
2518 120
0
1
2519 207
1
2520 126
1
2521 39
0
1
2522 89
1
2523 200
1
2524 109
1
2525 304
1
2526 273
1
2527 55
1
2528 134
1
2529 176
0
0
1
2530 291
1
2531 210
1
2532 196
1
2533 32
1
2534 207
1
2535 180
0
1
2536 167
0
1
2537 93
1
2538 306
1
2539 199
1
2540 160
1
2541 3
1
2542 270
0
0
1
2543 210
1
2544 226
1
2545 204
0
1
2546 22
0
1
2547 200
1
2548 209
1
2549 216
1
2550 229
1
2551 268
0
1
2552 281
1
2553 212
1
2554 17
1
2555 186
1
2556 131
1
2557 127
0
0
1
2558 98
1
2559 7
1
2560 83
1
2561 95
1
2562 37
1
2563 176
1
2564 56
1
2565 229
1
2566 30
0
1
2567 235
1
2568 79
1
2569 225
1
2570 190
1
2571 265
1
2572 213
1
2573 291
1
2574 255
1
2575 252
1
2576 224
1
2577 279
1
2578 16
1
2579 140
1
2580 168
1
2581 244
1
2582 281
1
2583 147
1
2584 2
1
2585 278
0
1
2586 152
0
1
2587 251
1
2588 202
0
1
2589 60
1
2590 266
0
1
2591 43
1
2592 62
1
2593 303
1
2594 170
1
2595 47
1
2596 151
1
2597 239
0
0
1
2598 89
0
1
2599 172
1
2600 16
1
2601 219
0
1
2602 19
1
2603 284
1
2604 80
1
2605 217
1
2606 245
1
2607 173
1
2608 44
1
2609 92
0
1
2610 31
1
2611 109
1
2612 166
1
2613 245
1
2614 246
1
2615 149
0
1
2616 246
1
2617 172
1
2618 307
1
2619 39
1
2620 203
1
2621 88
1
2622 92
1
2623 66
1
2624 274
0
1
2625 140
1
2626 195
1
2627 127
1
2628 199
1
2629 112
0
1
2630 60
1
2631 238
1
2632 30
1
2633 268
1
2634 234
1
2635 41
1
2636 61
1
2637 101
1
2638 197
0
1
2639 230
1
2640 221
1
2641 63
1
2642 260
1
2643 51
0
0
0
0
1
2644 149
0
1
2645 11
1
2646 236
1
2647 85
1
2648 182
1
2649 303
1
2650 273
1
2651 105
1
2652 51
1
2653 299
1
2654 136
1
2655 236
1
2656 29
1
2657 127
1
2658 12
0
1
2659 193
1
2660 303
1
2661 72
1
2662 197
1
2663 10
0
1
2664 60
0
1
2665 259
1
2666 254
1
2667 100
1
2668 114
1
2669 292
0
1
2670 120
0
0
1
2671 184
1
2672 214
0
0
1
2673 274
1
2674 143
1
2675 13
0
1
2676 283
0
0
1
2677 89
1
2678 258
1
2679 38
1
2680 218
0
1
2681 269
1
2682 186
1
2683 197
1
2684 176
1
2685 155
1
2686 63
0
1
2687 111
1
2688 290
0
0
1
2689 139
1
2690 197
1
2691 13
1
2692 265
1
2693 219
1
2694 134
1
2695 13
0
1
2696 149
1
2697 174
1
2698 127
1
2699 79
1
2700 47
1
2701 42
1
2702 59
1
2703 114
1
2704 261
1
2705 121
1
2706 279
1
2707 31
1
2708 149
1
2709 248
1
2710 109
1
2711 81
1
2712 152
0
0
1
2713 236
1
2714 140
1
2715 299
1
2716 307
1
2717 144
1
2718 236
0
1
2719 172
1
2720 160
1
2721 89
1
2722 68
1
2723 288
1
2724 126
1
2725 275
1
2726 145
0
1
2727 21
0
0
1
2728 188
1
2729 249
1
2730 263
1
2731 169
1
2732 216
1
2733 218
1
2734 124
1
2735 89
0
1
2736 154
0
1
2737 35
1
2738 53
1
2739 139
1
2740 37
1
2741 288
1
2742 155
1
2743 89
1
2744 229
0
1
2745 178
0
1
2746 147
1
2747 140
1
2748 95
1
2749 284
1
2750 28
1
2751 267
1
2752 56
1
2753 52
1
2754 34
1
2755 24
0
1
2756 6
1
2757 240
0
1
2758 144
1
2759 230
1
2760 285
1
2761 44
0
1
2762 236
1
2763 239
1
2764 121
1
2765 76
1
2766 56
0
1
2767 261
1
2768 40
1
2769 87
0
1
2770 25
1
2771 220
0
1
2772 34
1
2773 219
0
1
2774 295
1
2775 97
0
1
2776 48
1
2777 201
0
1
2778 152
1
2779 162
1
2780 208
1
2781 12
0
1
2782 234
1
2783 175
1
2784 222
0
1
2785 267
1
2786 72
1
2787 48
1
2788 218
1
2789 205
1
2790 98
1
2791 44
0
1
2792 284
0
1
2793 262
1
2794 143
1
2795 249
1
2796 221
0
1
2797 219
1
2798 114
1
2799 91
1
2800 304
1
2801 170
0
1
2802 233
1
2803 104
1
2804 203
1
2805 160
1
2806 57
1
2807 190
1
2808 129
1
2809 261
0
0
0
1
2810 274
0
0
1
2811 293
1
2812 154
1
2813 26
1
2814 231
1
2815 8
1
2816 13
1
2817 240
1
2818 22
0
1
2819 88
1
2820 152
1
2821 248
1
2822 148
1
2823 79
1
2824 244
1
2825 251
1
2826 13
1
2827 147
1
2828 88
1
2829 91
1
2830 142
1
2831 127
1
2832 66
1
2833 132
1
2834 75
1
2835 270
0
1
2836 250
1
2837 207
1
2838 171
1
2839 2
1
2840 144
0
1
2841 220
1
2842 229
1
2843 48
1
2844 63
0
1
2845 158
0
1
2846 229
1
2847 116
1
2848 112
1
2849 61
1
2850 248
0
1
2851 218
1
2852 201
1
2853 23
1
2854 22
1
2855 265
1
2856 94
1
2857 258
1
2858 20
1
2859 157
1
2860 260
1
2861 26
1
2862 192
0
1
2863 251
1
2864 299
1
2865 15
1
2866 234
1
2867 269
1
2868 39
1
2869 216
1
2870 64
1
2871 128
1
2872 258
1
2873 239
1
2874 242
1
2875 136
1
2876 261
1
2877 262
1
2878 221
1
2879 116
1
2880 198
0
1
2881 35
1
2882 151
1
2883 199
1
2884 265
1
2885 299
1
2886 179
1
2887 157
1
2888 284
1
2889 235
1
2890 182
1
2891 57
1
2892 156
1
2893 73
1
2894 247
1
2895 75
0
1
2896 242
1
2897 180
1
2898 273
1
2899 201
1
2900 103
1
2901 50
1
2902 89
1
2903 127
1
2904 113
1
2905 27
0
1
2906 167
0
1
2907 136
1
2908 17
1
2909 230
1
2910 252
1
2911 288
1
2912 79
1
2913 294
0
1
2914 10
1
2915 238
0
1
2916 193
1
2917 122
1
2918 24
1
2919 59
1
2920 121
1
2921 127
1
2922 35
1
2923 206
1
2924 171
1
2925 180
1
2926 217
1
2927 186
1
2928 212
1
2929 187
1
2930 271
0
1
2931 234
0
1
2932 167
1
2933 5
1
2934 86
0
1
2935 76
1
2936 249
1
2937 26
1
2938 286
1
2939 42
1
2940 301
1
2941 293
1
2942 65
1
2943 16
1
2944 6
0
1
2945 168
1
2946 109
1
2947 229
1
2948 149
1
2949 83
1
2950 70
1
2951 205
1
2952 106
1
2953 97
1
2954 82
0
1
2955 297
1
2956 182
0
1
2957 182
1
2958 52
1
2959 80
0
1
2960 142
1
2961 57
1
2962 270
0
1
2963 4
1
2964 202
1
2965 228
0
1
2966 230
1
2967 145
1
2968 56
1
2969 6
0
0
1
2970 93
0
1
2971 77
1
2972 6
1
2973 174
1
2974 146
1
2975 284
1
2976 195
1
2977 19
1
2978 46
1
2979 137
0
1
2980 264
1
2981 307
1
2982 289
1
2983 292
0
1
2984 113
1
2985 71
1
2986 180
1
2987 96
1
2988 101
0
1
2989 203
0
1
2990 19
1
2991 41
0
0
1
2992 66
1
2993 254
1
2994 239
0
0
1
2995 9
1
2996 95
1
2997 113
1
2998 20
0
1
2999 51
1
3000 273
1
3001 123
1
3002 92
1
3003 162
1
3004 189
1
3005 197
1
3006 216
1
3007 13
0
1
3008 61
0
1
3009 38
1
3010 106
0
1
3011 199
1
3012 232
1
3013 70
1
3014 265
1
3015 136
1
3016 100
0
1
3017 126
0
1
3018 290
1
3019 299
1
3020 225
1
3021 91
0
1
3022 251
1
3023 93
0
1
3024 274
1
3025 13
1
3026 216
1
3027 246
0
1
3028 163
1
3029 155
0
1
3030 58
1
3031 89
1
3032 118
1
3033 100
1
3034 270
0
0
1
3035 41
1
3036 215
1
3037 126
1
3038 168
0
1
3039 3
1
3040 195
1
3041 133
1
3042 19
1
3043 42
1
3044 294
1
3045 182
1
3046 146
1
3047 255
0
1
3048 154
1
3049 215
1
3050 67
1
3051 121
1
3052 244
1
3053 116
1
3054 115
1
3055 174
1
3056 6
1
3057 188
1
3058 220
1
3059 272
1
3060 178
0
0
0
1
3061 262
1
3062 236
1
3063 264
0
1
3064 296
1
3065 297
1
3066 233
1
3067 293
1
3068 169
1
3069 54
1
3070 153
1
3071 47
1
3072 12
1
3073 46
1
3074 40
1
3075 270
0
0
1
3076 239
1
3077 63
1
3078 214
1
3079 47
1
3080 240
1
3081 230
1
3082 106
1
3083 303
0
1
3084 305
0
1
3085 89
1
3086 253
1
3087 298
1
3088 171
1
3089 138
1
3090 134
1
3091 59
1
3092 205
1
3093 135
1
3094 106
1
3095 293
1
3096 20
1
3097 286
1
3098 127
1
3099 57
1
3100 42
1
3101 250
1
3102 110
1
3103 229
1
3104 24
1
3105 177
1
3106 76
1
3107 68
1
3108 70
1
3109 300
1
3110 177
1
3111 247
0
1
3112 60
1
3113 15
1
3114 60
1
3115 116
1
3116 140
1
3117 205
1
3118 281
1
3119 143
1
3120 51
1
3121 264
1
3122 162
1
3123 18
1
3124 304
1
3125 155
1
3126 132
1
3127 262
0
1
3128 59
0
1
3129 237
1
3130 62
1
3131 274
1
3132 65
1
3133 198
1
3134 299
1
3135 288
1
3136 238
1
3137 189
1
3138 34
1
3139 21
1
3140 95
1
3141 17
1
3142 55
1
3143 282
0
1
3144 258
1
3145 148
1
3146 5
1
3147 265
1
3148 68
1
3149 152
1
3150 182
1
3151 61
1
3152 14
1
3153 161
0
1
3154 149
1
3155 191
1
3156 68
1
3157 144
1
3158 93
1
3159 5
1
3160 54
1
3161 210
1
3162 62
1
3163 100
1
3164 88
1
3165 168
1
3166 12
1
3167 70
1
3168 233
1
3169 159
1
3170 278
1
3171 192
1
3172 62
1
3173 97
1
3174 82
1
3175 153
1
3176 178
1
3177 127
1
3178 124
1
3179 194
1
3180 136
0
1
3181 266
1
3182 93
1
3183 122
0
0
1
3184 246
1
3185 98
1
3186 291
1
3187 189
1
3188 209
1
3189 117
0
1
3190 183
1
3191 192
1
3192 152
1
3193 131
1
3194 41
1
3195 97
1
3196 23
1
3197 174
1
3198 263
1
3199 64
1
3200 276
1
3201 271
1
3202 62
1
3203 79
1
3204 218
1
3205 302
1
3206 251
1
3207 304
1
3208 216
1
3209 178
0
1
3210 49
1
3211 274
1
3212 182
1
3213 307
1
3214 169
1
3215 149
1
3216 69
1
3217 12
1
3218 191
1
3219 225
0
1
3220 281
1
3221 126
1
3222 292
1
3223 106
0
1
3224 221
1
3225 146
1
3226 131
0
1
3227 289
1
3228 149
1
3229 74
1
3230 61
1
3231 270
1
3232 27
1
3233 303
1
3234 155
1
3235 128
0
0
1
3236 5
1
3237 146
1
3238 70
1
3239 31
0
1
3240 254
1
3241 236
1
3242 246
0
1
3243 119
1
3244 125
1
3245 13
1
3246 94
1
3247 168
1
3248 97
1
3249 127
1
3250 90
0
1
3251 190
1
3252 195
1
3253 132
1
3254 90
1
3255 203
1
3256 53
1
3257 197
1
3258 235
1
3259 203
1
3260 119
1
3261 288
0
1
3262 289
1
3263 267
1
3264 22
1
3265 136
1
3266 263
1
3267 153
1
3268 93
1
3269 127
1
3270 72
1
3271 231
1
3272 124
0
1
3273 147
1
3274 73
0
1
3275 98
1
3276 91
1
3277 133
1
3278 221
1
3279 83
0
1
3280 25
1
3281 66
1
3282 10
1
3283 159
1
3284 40
1
3285 70
1
3286 56
0
1
3287 43
1
3288 162
0
1
3289 215
1
3290 217
1
3291 103
1
3292 166
1
3293 163
1
3294 51
1
3295 136
0
0
1
3296 100
1
3297 254
1
3298 40
1
3299 136
1
3300 23
1
3301 86
1
3302 77
1
3303 203
1
3304 208
1
3305 61
1
3306 116
1
3307 120
1
3308 233
0
1
3309 8
1
3310 22
1
3311 58
1
3312 222
1
3313 113
1
3314 30
1
3315 199
1
3316 5
1
3317 253
1
3318 268
1
3319 5
0
1
3320 64
1
3321 206
1
3322 156
1
3323 85
0
1
3324 274
1
3325 192
1
3326 284
1
3327 221
0
1
3328 63
1
3329 38
1
3330 148
1
3331 199
1
3332 239
1
3333 187
1
3334 227
1
3335 266
1
3336 215
1
3337 214
0
1
3338 79
1
3339 151
1
3340 152
1
3341 196
1
3342 53
1
3343 205
0
1
3344 58
1
3345 97
1
3346 105
1
3347 106
1
3348 108
1
3349 121
1
3350 229
1
3351 179
1
3352 293
1
3353 142
1
3354 152
1
3355 267
1
3356 222
1
3357 20
1
3358 179
0
1
3359 16
1
3360 47
1
3361 134
1
3362 182
1
3363 59
0
1
3364 220
1
3365 230
1
3366 24
1
3367 76
1
3368 304
1
3369 304
1
3370 156
1
3371 64
1
3372 29
1
3373 192
1
3374 187
1
3375 208
1
3376 306
1
3377 124
1
3378 283
1
3379 151
1
3380 290
1
3381 150
1
3382 287
0
1
3383 140
0
0
1
3384 153
1
3385 30
1
3386 162
1
3387 264
0
1
3388 128
1
3389 8
1
3390 181
1
3391 145
1
3392 126
1
3393 89
1
3394 176
1
3395 264
1
3396 151
0
1
3397 21
1
3398 7
1
3399 37
1
3400 125
1
3401 281
1
3402 58
1
3403 13
1
3404 197
1
3405 278
1
3406 162
1
3407 114
1
3408 45
1
3409 154
0
1
3410 278
1
3411 231
1
3412 126
1
3413 53
1
3414 59
1
3415 200
1
3416 163
1
3417 70
0
1
3418 140
1
3419 13
1
3420 28
1
3421 287
1
3422 220
1
3423 95
0
1
3424 160
1
3425 286
1
3426 261
1
3427 28
1
3428 258
1
3429 19
1
3430 50
1
3431 304
1
3432 71
1
3433 131
1
3434 226
1
3435 92
1
3436 142
0
1
3437 206
1
3438 77
1
3439 200
1
3440 222
1
3441 42
1
3442 106
1
3443 56
1
3444 155
1
3445 32
1
3446 156
1
3447 234
1
3448 198
1
3449 294
1
3450 216
1
3451 192
1
3452 12
1
3453 95
1
3454 6
1
3455 9
1
3456 242
1
3457 126
1
3458 202
1
3459 176
1
3460 150
1
3461 117
1
3462 59
1
3463 118
1
3464 18
1
3465 83
1
3466 58
1
3467 250
1
3468 295
1
3469 61
1
3470 162
1
3471 138
1
3472 76
1
3473 156
1
3474 217
1
3475 279
1
3476 69
1
3477 109
1
3478 232
1
3479 218
1
3480 210
1
3481 299
1
3482 50
0
1
3483 103
1
3484 143
1
3485 155
1
3486 199
1
3487 19
1
3488 220
1
3489 186
1
3490 166
1
3491 136
1
3492 225
1
3493 196
1
3494 82
1
3495 88
1
3496 250
1
3497 164
1
3498 263
1
3499 214
0
1
3500 141
1
3501 222
1
3502 305
1
3503 109
1
3504 54
1
3505 54
1
3506 281
1
3507 191
1
3508 60
1
3509 11
1
3510 278
1
3511 271
1
3512 293
1
3513 161
1
3514 171
1
3515 20
1
3516 283
1
3517 61
1
3518 173
0
1
3519 107
1
3520 32
1
3521 138
1
3522 194
1
3523 52
1
3524 52
0
1
3525 209
1
3526 28
1
3527 66
1
3528 91
1
3529 233
0
0
1
3530 288
1
3531 152
1
3532 152
1
3533 60
1
3534 173
1
3535 172
1
3536 298
1
3537 299
1
3538 179
1
3539 76
1
3540 89
1
3541 272
1
3542 49
0
1
3543 224
0
1
3544 64
1
3545 201
1
3546 127
1
3547 150
1
3548 127
1
3549 110
1
3550 249
1
3551 195
1
3552 108
1
3553 182
1
3554 19
1
3555 61
1
3556 89
1
3557 225
1
3558 232
1
3559 208
1
3560 211
0
1
3561 106
1
3562 202
1
3563 70
1
3564 184
1
3565 47
1
3566 36
1
3567 283
1
3568 262
1
3569 103
1
3570 58
1
3571 117
1
3572 245
1
3573 168
1
3574 258
1
3575 175
1
3576 58
1
3577 12
1
3578 233
1
3579 32
0
1
3580 199
1
3581 208
1
3582 213
1
3583 10
1
3584 184
1
3585 55
1
3586 277
1
3587 181
1
3588 41
1
3589 31
1
3590 85
1
3591 166
1
3592 6
1
3593 233
1
3594 231
1
3595 225
1
3596 100
1
3597 123
1
3598 47
1
3599 222
1
3600 267
1
3601 305
1
3602 236
1
3603 223
1
3604 163
1
3605 307
1
3606 216
0
1
3607 204
1
3608 246
1
3609 225
1
3610 31
1
3611 254
1
3612 230
1
3613 160
1
3614 95
1
3615 245
1
3616 299
1
3617 33
1
3618 255
0
1
3619 120
1
3620 181
0
1
3621 236
1
3622 219
1
3623 56
1
3624 247
1
3625 162
1
3626 2
1
3627 42
1
3628 217
1
3629 176
1
3630 262
1
3631 109
1
3632 230
1
3633 40
1
3634 283
1
3635 228
1
3636 232
1
3637 139
0
1
3638 185
1
3639 256
1
3640 151
1
3641 147
1
3642 168
1
3643 175
1
3644 238
1
3645 175
1
3646 194
1
3647 119
1
3648 286
1
3649 303
1
3650 35
1
3651 234
1
3652 303
1
3653 220
1
3654 73
1
3655 177
1
3656 228
1
3657 106
0
1
3658 239
1
3659 12
1
3660 287
1
3661 250
1
3662 278
1
3663 187
1
3664 33
1
3665 104
1
3666 222
1
3667 134
1
3668 211
1
3669 95
1
3670 148
1
3671 183
1
3672 225
1
3673 232
1
3674 200
1
3675 229
1
3676 10
1
3677 228
1
3678 200
1
3679 256
1
3680 290
1
3681 79
0
1
3682 248
1
3683 152
1
3684 78
1
3685 30
0
1
3686 59
1
3687 70
1
3688 173
1
3689 218
1
3690 223
1
3691 113
1
3692 31
1
3693 114
1
3694 211
1
3695 275
1
3696 248
1
3697 16
1
3698 182
0
1
3699 7
1
3700 13
1
3701 61
1
3702 258
1
3703 144
1
3704 5
0
1
3705 79
1
3706 96
1
3707 59
0
0
1
3708 209
1
3709 231
1
3710 183
1
3711 168
1
3712 59
1
3713 237
1
3714 102
1
3715 50
1
3716 235
1
3717 266
1
3718 234
1
3719 223
1
3720 197
1
3721 136
1
3722 44
1
3723 64
1
3724 101
1
3725 136
1
3726 199
1
3727 277
1
3728 220
1
3729 63
1
3730 244
1
3731 107
1
3732 297
1
3733 106
1
3734 109
1
3735 189
1
3736 133
1
3737 258
1
3738 150
1
3739 240
1
3740 184
1
3741 173
1
3742 199
1
3743 127
1
3744 154
1
3745 9
1
3746 131
1
3747 298
1
3748 29
0
1
3749 136
1
3750 215
1
3751 18
1
3752 299
1
3753 289
1
3754 242
1
3755 85
1
3756 200
1
3757 113
1
3758 306
1
3759 158
1
3760 156
1
3761 128
1
3762 34
1
3763 245
0
1
3764 297
1
3765 35
1
3766 160
1
3767 63
0
1
3768 262
1
3769 271
1
3770 295
1
3771 60
1
3772 13
1
3773 304
1
3774 92
1
3775 284
1
3776 196
1
3777 62
1
3778 302
1
3779 285
1
3780 161
1
3781 30
1
3782 84
1
3783 194
1
3784 85
1
3785 236
1
3786 5
1
3787 295
1
3788 163
1
3789 220
1
3790 283
1
3791 47
1
3792 294
1
3793 98
1
3794 103
1
3795 79
1
3796 285
1
3797 259
1
3798 120
1
3799 100
1
3800 229
1
3801 13
1
3802 51
1
3803 196
1
3804 26
0
1
3805 74
0
0
1
3806 99
1
3807 185
1
3808 178
1
3809 209
1
3810 57
1
3811 304
0
1
3812 20
1
3813 55
1
3814 188
0
1
3815 295
1
3816 236
0
1
3817 201
1
3818 111
1
3819 192
1
3820 238
1
3821 122
1
3822 119
1
3823 104
1
3824 306
1
3825 128
1
3826 197
1
3827 93
1
3828 197
0
1
3829 35
1
3830 208
1
3831 58
1
3832 190
1
3833 5
1
3834 41
1
3835 298
1
3836 24
1
3837 33
1
3838 193
1
3839 164
1
3840 270
1
3841 14
0
1
3842 38
1
3843 295
1
3844 272
1
3845 243
1
3846 283
0
0
1
3847 192
1
3848 213
1
3849 86
1
3850 135
0
1
3851 151
1
3852 139
1
3853 125
1
3854 66
1
3855 121
1
3856 121
1
3857 30
1
3858 155
1
3859 294
1
3860 198
1
3861 205
1
3862 251
1
3863 168
1
3864 174
1
3865 185
1
3866 25
1
3867 8
1
3868 260
0
1
3869 23
1
3870 291
1
3871 223
1
3872 199
1
3873 116
1
3874 196
1
3875 260
1
3876 114
1
3877 19
1
3878 280
1
3879 47
1
3880 50
1
3881 240
1
3882 255
1
3883 94
1
3884 33
0
0
1
3885 229
1
3886 209
1
3887 24
1
3888 58
1
3889 212
1
3890 267
1
3891 89
1
3892 260
1
3893 99
0
1
3894 116
1
3895 207
1
3896 189
1
3897 108
1
3898 60
1
3899 201
1
3900 90
1
3901 263
1
3902 284
1
3903 256
1
3904 11
1
3905 58
1
3906 151
1
3907 306
1
3908 122
1
3909 16
1
3910 55
1
3911 126
1
3912 25
1
3913 21
1
3914 248
1
3915 252
1
3916 142
1
3917 176
1
3918 207
1
3919 278
1
3920 243
1
3921 38
1
3922 260
1
3923 6
1
3924 183
0
0
1
3925 271
1
3926 240
1
3927 296
1
3928 44
1
3929 5
1
3930 245
1
3931 184
1
3932 101
0
1
3933 120
1
3934 279
1
3935 10
1
3936 89
1
3937 224
1
3938 233
1
3939 33
1
3940 197
1
3941 214
1
3942 299
1
3943 13
1
3944 58
1
3945 209
1
3946 235
1
3947 263
1
3948 230
1
3949 38
1
3950 302
1
3951 36
1
3952 278
1
3953 47
1
3954 172
1
3955 8
1
3956 47
1
3957 153
1
3958 268
1
3959 153
1
3960 118
1
3961 172
1
3962 97
1
3963 164
1
3964 77
1
3965 278
1
3966 179
1
3967 58
1
3968 6
1
3969 145
1
3970 48
1
3971 152
1
3972 255
1
3973 226
1
3974 232
1
3975 301
1
3976 65
1
3977 303
1
3978 148
1
3979 210
1
3980 166
1
3981 291
1
3982 18
1
3983 34
1
3984 297
1
3985 80
1
3986 263
1
3987 298
1
3988 303
1
3989 123
1
3990 288
1
3991 45
1
3992 158
1
3993 127
1
3994 222
1
3995 197
1
3996 145
1
3997 272
0
1
3998 259
1
3999 200
1
4000 187
1
4001 277
1
4002 164
1
4003 208
1
4004 170
1
4005 176
1
4006 15
1
4007 278
1
4008 148
1
4009 80
1
4010 261
1
4011 214
1
4012 237
1
4013 68
1
4014 112
1
4015 253
1
4016 216
1
4017 19
1
4018 229
1
4019 60
1
4020 173
1
4021 88
1
4022 219
1
4023 207
1
4024 97
1
4025 278
1
4026 265
1
4027 44
1
4028 15
1
4029 165
1
4030 149
1
4031 220
1
4032 239
1
4033 47
1
4034 115
1
4035 130
1
4036 289
1
4037 200
1
4038 242
1
4039 80
1
4040 130
1
4041 283
1
4042 55
1
4043 235
1
4044 106
1
4045 184
1
4046 131
1
4047 229
1
4048 215
1
4049 90
1
4050 152
1
4051 40
0
1
4052 2
1
4053 136
1
4054 218
1
4055 228
1
4056 51
1
4057 44
1
4058 150
1
4059 25
1
4060 248
1
4061 219
1
4062 133
1
4063 138
1
4064 258
1
4065 68
1
4066 210
1
4067 128
1
4068 197
1
4069 287
1
4070 176
1
4071 90
1
4072 110
1
4073 267
1
4074 282
1
4075 274
1
4076 177
1
4077 236
1
4078 307
1
4079 300
1
4080 57
1
4081 137
1
4082 61
1
4083 133
1
4084 50
1
4085 127
1
4086 68
1
4087 54
1
4088 281
1
4089 175
1
4090 47
1
4091 88
1
4092 119
1
4093 251
1
4094 305
1
4095 30
1
4096 266
1
4097 150
1
4098 203
1
4099 213
1
4100 143
1
4101 267
1
4102 274
1
4103 262
1
4104 292
1
4105 224
1
4106 19
1
4107 135
1
4108 237
1
4109 221
1
4110 116
1
4111 273
1
4112 86
1
4113 37
1
4114 60
1
4115 299
1
4116 200
1
4117 154
1
4118 155
1
4119 199
1
4120 200
1
4121 246
1
4122 101
1
4123 299
1
4124 24
1
4125 227
1
4126 236
1
4127 104
1
4128 253
1
4129 68
1
4130 99
1
4131 200
1
4132 236
1
4133 104
1
4134 97
1
4135 263
1
4136 256
1
4137 30
1
4138 58
1
4139 296
1
4140 117
1
4141 184
1
4142 168
1
4143 229
1
4144 300
1
4145 51
1
4146 241
1
4147 109
1
4148 249
1
4149 301
1
4150 57
1
4151 157
1
4152 133
1
4153 196
1
4154 56
1
4155 77
1
4156 14
1
4157 283
1
4158 37
1
4159 207
1
4160 238
1
4161 58
1
4162 211
1
4163 70
1
4164 77
1
4165 192
1
4166 60
1
4167 9
1
4168 102
1
4169 152
1
4170 278
1
4171 222
1
4172 39
1
4173 197
1
4174 179
1
4175 67
1
4176 95
1
4177 42
1
4178 251
1
4179 208
1
4180 20
1
4181 298
1
4182 58
1
4183 166
1
4184 85
1
4185 69
1
4186 23
1
4187 117
1
4188 176
1
4189 258
1
4190 26
1
4191 91
1
4192 59
1
4193 177
1
4194 51
1
4195 236
1
4196 67
1
4197 234
1
4198 63
1
4199 72
1
4200 236
1
4201 248
1
4202 136
1
4203 47
1
4204 125
1
4205 164
1
4206 86
1
4207 267
1
4208 52
1
4209 135
1
4210 154
1
4211 196
1
4212 28
1
4213 56
1
4214 155
1
4215 117
1
4216 127
1
4217 305
1
4218 261
1
4219 9
1
4220 19
1
4221 94
1
4222 85
1
4223 14
1
4224 191
1
4225 116
1
4226 27
1
4227 162
1
4228 169
1
4229 262
1
4230 65
1
4231 295
1
4232 165
1
4233 299
1
4234 194
1
4235 250
1
4236 288
1
4237 58
1
4238 19
1
4239 265
1
4240 92
1
4241 90
1
4242 152
1
4243 138
1
4244 77
1
4245 55
1
4246 204
1
4247 156
1
4248 23
1
4249 76
1
4250 189
1
4251 163
1
4252 119
1
4253 63
1
4254 298
1
4255 193
1
4256 39
1
4257 81
1
4258 40
1
4259 141
1
4260 304
1
4261 201
1
4262 162
1
4263 205
1
4264 225
1
4265 193
1
4266 56
1
4267 297
1
4268 282
1
4269 241
1
4270 294
1
4271 197
1
4272 294
1
4273 279
0
1
4274 59
1
4275 103
1
4276 114
1
4277 223
1
4278 38
0
0
1
4279 298
1
4280 212
1
4281 105
1
4282 247
1
4283 198
0
1
4284 241
1
4285 123
1
4286 195
1
4287 152
1
4288 262
1
4289 199
1
4290 176
1
4291 45
1
4292 256
1
4293 245
1
4294 270
1
4295 81
1
4296 159
1
4297 245
1
4298 229
1
4299 100
1
4300 30
1
4301 118
1
4302 160
1
4303 6
1
4304 281
1
4305 191
1
4306 147
1
4307 176
1
4308 220
1
4309 48
1
4310 291
1
4311 278
1
4312 259
1
4313 231
1
4314 196
1
4315 118
1
4316 223
1
4317 233
0
1
4318 120
1
4319 78
1
4320 269
1
4321 106
1
4322 65
1
4323 215
1
4324 43
1
4325 256
1
4326 85
1
4327 176
1
4328 215
1
4329 152
1
4330 234
1
4331 172
1
4332 201
1
4333 86
1
4334 199
1
4335 290
1
4336 97
1
4337 8
0
0
1
4338 124
1
4339 57
1
4340 47
1
4341 123
1
4342 168
1
4343 58
1
4344 130
1
4345 281
1
4346 165
1
4347 253
1
4348 242
1
4349 152
1
4350 136
1
4351 35
1
4352 47
0
1
4353 227
1
4354 235
1
4355 89
1
4356 72
1
4357 241
1
4358 181
0
1
4359 79
0
1
4360 51
1
4361 46
1
4362 136
1
4363 136
1
4364 290
1
4365 25
1
4366 19
1
4367 122
1
4368 81
1
4369 294
1
4370 27
1
4371 206
1
4372 64
1
4373 102
1
4374 118
1
4375 276
1
4376 276
0
1
4377 210
0
0
1
4378 31
1
4379 76
0
1
4380 278
1
4381 228
1
4382 214
0
1
4383 121
1
4384 189
0
1
4385 82
1
4386 6
0
1
4387 58
1
4388 70
1
4389 202
0
1
4390 233
1
4391 200
1
4392 73
1
4393 66
1
4394 201
1
4395 217
0
1
4396 214
1
4397 299
0
1
4398 232
1
4399 306
0
1
4400 164
1
4401 294
0
1
4402 48
1
4403 41
1
4404 6
1
4405 8
1
4406 108
1
4407 174
1
4408 58
1
4409 236
1
4410 267
1
4411 263
1
4412 87
1
4413 262
0
1
4414 94
1
4415 222
1
4416 287
1
4417 286
1
4418 243
1
4419 56
1
4420 268
1
4421 245
0
1
4422 48
1
4423 260
1
4424 236
1
4425 48
1
4426 41
1
4427 170
1
4428 156
1
4429 82
0
1
4430 165
0
0
1
4431 237
1
4432 253
1
4433 215
1
4434 226
1
4435 285
0
1
4436 249
0
1
4437 170
1
4438 218
1
4439 227
1
4440 31
1
4441 224
0
1
4442 104
1
4443 187
1
4444 196
1
4445 135
1
4446 254
1
4447 183
1
4448 57
1
4449 58
1
4450 149
1
4451 193
1
4452 44
1
4453 138
1
4454 123
1
4455 194
1
4456 166
0
0
0
1
4457 276
0
1
4458 135
0
1
4459 159
0
1
4460 278
1
4461 135
1
4462 279
1
4463 125
1
4464 279
1
4465 127
1
4466 37
1
4467 241
1
4468 11
0
1
4469 151
1
4470 257
1
4471 10
0
0
0
1
4472 194
1
4473 114
0
1
4474 152
0
0
0
0
1
4475 263
1
4476 221
1
4477 115
1
4478 66
1
4479 82
1
4480 232
1
4481 50
1
4482 299
1
4483 145
0
1
4484 223
1
4485 113
0
1
4486 245
1
4487 5
1
4488 295
1
4489 117
1
4490 220
1
4491 17
1
4492 62
1
4493 215
1
4494 153
1
4495 34
0
1
4496 160
1
4497 142
1
4498 283
0
1
4499 12
0
0
1
4500 103
1
4501 149
1
4502 70
1
4503 222
1
4504 191
0
1
4505 152
1
4506 155
1
4507 48
1
4508 145
1
4509 88
1
4510 68
1
4511 233
1
4512 10
0
0
0
1
4513 13
1
4514 31
1
4515 260
1
4516 32
1
4517 72
1
4518 45
1
4519 25
0
1
4520 258
0
0
1
4521 154
1
4522 41
0
1
4523 197
1
4524 170
1
4525 291
1
4526 154
1
4527 84
1
4528 240
0
1
4529 278
0
1
4530 152
0
1
4531 119
1
4532 147
1
4533 130
1
4534 117
0
1
4535 287
0
0
0
1
4536 179
1
4537 211
0
0
1
4538 149
1
4539 32
1
4540 3
1
4541 17
1
4542 89
1
4543 222
1
4544 140
0
1
4545 209
1
4546 174
1
4547 74
1
4548 248
1
4549 96
1
4550 152
1
4551 9
1
4552 242
1
4553 281
1
4554 33
1
4555 73
0
0
1
4556 220
1
4557 250
0
1
4558 178
0
0
0
1
4559 109
1
4560 30
0
1
4561 56
1
4562 142
1
4563 18
0
1
4564 81
1
4565 286
1
4566 156
0
0
0
0
1
4567 107
1
4568 90
0
0
0
1
4569 40
1
4570 184
0
1
4571 230
1
4572 88
1
4573 92
1
4574 87
1
4575 59
1
4576 263
0
0
1
4577 96
0
0
1
4578 112
1
4579 73
1
4580 220
0
0
1
4581 172
1
4582 72
0
0
0
1
4583 15
0
1
4584 110
1
4585 14
1
4586 168
0
1
4587 14
0
1
4588 273
0
0
1
4589 181
0
0
0
1
4590 29
0
1
4591 207
1
4592 284
1
4593 5
1
4594 189
0
0
1
4595 223
0
0
0
1
4596 275
0
0
0
0
1
4597 307
1
4598 160
0
1
4599 165
0
0
0
1
4600 6
1
4601 204
0
0
0
0
0
1
4602 176
0
1
4603 152
1
4604 83
0
0
0
0
1
4605 40
0
0
0
0
0
1
4606 180
1
4607 278
0
0
1
4608 31
1
4609 89
1
4610 68
1
4611 34
1
4612 141
0
0
1
4613 199
1
4614 111
0
0
1
4615 198
0
1
4616 8
1
4617 158
0
1
4618 153
1
4619 106
1
4620 35
0
1
4621 182
1
4622 83
1
4623 69
1
4624 58
1
4625 299
0
1
4626 146
1
4627 118
1
4628 22
1
4629 60
1
4630 169
0
1
4631 167
0
1
4632 258
1
4633 152
1
4634 209
1
4635 200
0
1
4636 69
1
4637 155
0
1
4638 194
0
0
0
0
0
0
1
4639 117
0
0
1
4640 126
0
1
4641 153
1
4642 135
0
1
4643 35
0
0
0
1
4644 242
1
4645 281
1
4646 284
0
0
1
4647 270
0
0
0
0
1
4648 138
1
4649 15
1
4650 292
0
0
0
1
4651 199
0
0
1
4652 35
1
4653 266
0
1
4654 149
0
0
0
1
4655 255
0
0
0
0
0
0
0
0
1
4656 100
1
4657 122
0
0
0
1
4658 77
1
4659 250
0
1
4660 287
1
4661 245
1
4662 98
1
4663 77
1
4664 39
0
0
0
0
0
1
4665 236
1
4666 140
0
1
4667 257
1
4668 189
0
0
1
4669 235
0
1
4670 51
1
4671 235
0
1
4672 60
0
0
1
4673 124
1
4674 31
0
0
1
4675 204
1
4676 83
0
0
1
4677 225
0
1
4678 62
1
4679 168
0
1
4680 238
0
0
1
4681 20
0
0
0
0
0
0
1
4682 258
0
1
4683 155
0
0
0
0
0
0
0
1
4684 2
1
4685 117
0
0
0
0
1
4686 262
0
1
4687 4
1
4688 48
1
4689 282
0
1
4690 188
0
0
0
1
4691 299
1
4692 33
1
4693 13
1
4694 70
0
0
1
4695 123
0
0
1
4696 4
0
0
0
0
0
1
4697 278
0
1
4698 153
0
1
4699 303
0
0
0
0
0
0
1
4700 11
1
4701 133
0
0
0
0
1
4702 232
0
0
0
0
0
0
0
0
1
4703 142
0
0
0
0
0
0
0
0
0
0
0
1
4704 142
1
4705 43
1
4706 96
0
0
0
1
4707 119
0
0
1
4708 182
0
0
0
0
0
0
1
4709 117
0
1
4710 180
0
0
0
0
1
4711 49
1
4712 20
0
0
0
0
1
4713 157
0
0
0
0
0
0
0
0
1
4714 19
0
1
4715 21
1
4716 106
0
0
0
1
4717 67
1
4718 114
0
0
0
0
0
1
4719 197
0
0
1
4720 38
0
1
4721 96
0
1
4722 66
0
0
0
1
4723 179
0
0
0
0
0
0
1
4724 76
1
4725 184
0
0
0
0
0
0
0
0
0
0
0
0
0
0
0
1
4726 93
0
0
0
1
4727 2
0
0
0
0
0
0
0
1
4728 264
0
0
0
0
0
0
1
4729 247
0
0
0
0
0
0
0
0
0
0
0
0
1
4730 78
0
0
0
1
4731 48
0
0
0
0
0
0
0
1
4732 247
0
1
4733 163
1
4734 208
0
0
0
0
0
0
0
0
1
4735 278
0
0
0
0
0
0
1
4736 121
0
0
0
0
0
0
1
4737 253
0
0
1
4738 202
0
0
0
0
1
4739 187
0
0
0
1
4740 177
0
0
0
0
1
4741 44
0
0
0
1
4742 302
0
0
0
0
0
0
0
0
1
4743 307
0
0
0
0
0
0
0
0
0
0
0
0
0
0
0
1
4744 250
0
0
0
0
0
0
0
0
0
0
0
0
0
0
0
0
0
1
4745 36
1
4746 56
0
0
0
0
0
0
1
4747 30
0
0
1
4748 237
0
0
0
0
0
0
0
0
0
0
0
0
0
0
0
0
0
0
0
0
1
4749 152
0
0
0
0
0
1
4750 305
0
0
0
0
0
0
0
0
0
0
0
0
0
0
0
0
0
0
0
0
0
0
0
0
0
0
0
0
0
0
0
0
0
0
0
0
0
0
0
0
0
1
4751 207
0
0
0
0
0
0
0
0
0
0
0
0
0
0
0
0
0
0
0
0
0
0
0
0
0
0
0
0
0
0
0
0
0
0
0
0
0
0
0
0
0
0
0
0
0
0
0
0
0
0
0
0
0
0
0
0
0
0
0
0
0
0
0
0
0
0
0
0
0
0
0
0
0
0
0
0
0
0
0
0
0
0
0
0
0
0
0
0
0
0
0
0
0
0
0
0
0
0
0
0
0
0
0
0
0
0
0
0
0
0
0
0
0
0
0
0
0
0
0
0
0
0
0
0
0
0
0
0
0
0
0
0
0
0
0
0
0
0
0
0
0
0
0
0
0
0
0
0
0
0
0
0
0
0
0
0
0
0
0
0
0
0
0
0
0
0
0
0
0
0
0
0
0
0
0
0
0
0
0
0
0
0
0
0
0
0
0
0
0
0
0
0
0
0
0
0
0
0
0
0
0
0
0
0
0
0
0
0
0
0
0
0
0
0
0
0
0
0
0
0
0
0
0
0
0
0
0
0
0
0
0
0
0
0
0
0
0
0
0
0
0
0
0
0
0
0
0
0
0
0
0
0
0
0
0
0
0
0
0
0
0
0
0
0
0
0
0
0
0
0
0
0
0
0
0
0
0
0
0
0
0
0
0
0
0
0
0
0
0
0
0
0
0
0
0
0
0
0
0
0
0
0
0
0
0
0
0
0
0
0
0
0
0
0
0
0
0
0
0
0
0
0
0
0
0
0
0
0
0
0
0
0
0
0
0
0
0
0
0
0
0
0
0
0
0
0
0
0
0
0
0
0
0
0
0
0
0
0
0
0
0
0
0
0
0
0
0
0
0
0
0
0
0
0
0
0
0
0
0
0
0
0
0
0
0
0
0
0
0
0
0
0
0
0
0
0
0
0
0
0
0
0
0
0
0
0
0
0
0
0
0
0
0
0
0
0
0
0
0
0
0
0
0
0
0
0
0
0
0
0
0
0
0
0
0
0
0
0
0
0
0
0
0
0
0
0
0
0
0
0
0
0
0
0
0
0
0
0
0
0
0
0
0
0
0
0
0
0
0
0
0
0
0
0
0
0
0
0
0
0
0
0
0
0
0
0
0
0
0
0
0
0
0
0
0
0
0
0
0
0
0
0
0
0
0
0
0
0
0
0
0
0
0
0
0
0
0
0
0
0
0
0
0
0
0
0
0
