322 516
276 314 2
155 151 4
134 99 2
211 67 3
88 115 4
283 320 2
247 146 2
73 77 2
24 86 3
22 161 3
176 11 4
117 287 4
47 69 4
245 159 4
281 240 4
281 267 4
318 167 2
257 240 2
275 97 3
149 213 3
190 30 3
212 277 2
116 273 3
259 6 4
174 10 3
72 59 3
137 205 2
307 171 3
47 64 3
142 186 5
86 2 3
217 169 4
297 126 2
97 32 3
63 218 3
274 269 4
1 178 4
200 144 3
45 58 3
275 292 3
241 237 4
139 293 4
138 47 3
320 145 2
237 146 3
245 105 2
39 86 3
24 200 3
32 252 3
294 83 4
232 239 3
322 224 4
25 202 2
201 232 3
78 212 4
59 194 4
59 45 3
211 180 3
96 222 4
158 196 2
68 255 4
250 93 4
282 113 3
280 25 2
126 203 3
175 71 3
2 277 3
144 253 4
77 140 3
78 277 3
308 258 3
135 234 6
16 19 3
260 103 2
153 87 3
165 29 2
254 64 3
67 289 2
136 177 4
169 10 3
146 103 3
65 49 3
17 114 3
85 319 2
243 27 4
294 213 4
8 138 3
255 266 2
114 159 3
130 7 4
177 7 3
182 294 3
107 295 2
1 95 2
274 209 2
161 313 4
68 151 6
128 88 4
33 260 3
296 126 3
199 60 3
167 65 4
163 190 5
280 288 3
220 304 2
229 121 5
228 109 5
207 282 3
116 184 2
111 115 3
119 256 3
238 235 5
313 6 3
212 248 2
182 149 2
132 46 3
32 110 4
197 163 3
253 101 5
154 38 3
108 50 2
249 286 5
200 39 4
321 67 3
282 188 5
125 261 2
265 42 4
207 229 3
98 318 2
34 308 5
123 306 2
292 221 2
2 128 4
251 276 3
157 135 3
60 120 5
275 279 2
298 110 2
142 223 4
85 70 2
236 232 4
172 158 4
46 217 3
276 123 2
214 164 3
40 171 2
55 100 5
157 298 3
52 286 4
105 17 2
18 218 2
111 88 3
267 257 2
90 195 5
214 289 3
223 256 3
19 241 4
228 89 3
122 285 4
25 248 5
176 309 2
253 241 4
172 62 4
33 103 4
137 71 3
101 19 3
23 259 4
51 164 4
51 233 3
107 301 3
144 237 3
34 300 2
227 41 2
118 75 2
10 193 3
82 276 2
55 143 3
279 157 4
302 269 4
233 166 2
22 79 3
231 68 4
44 272 4
174 226 4
137 180 2
249 299 2
322 302 4
15 93 4
44 220 3
296 148 3
53 131 3
172 37 3
222 91 3
103 247 2
72 104 3
12 262 3
87 319 5
92 231 3
50 40 1
268 9 3
242 20 5
53 250 2
242 69 4
240 285 4
181 246 4
158 271 3
7 108 4
195 145 5
16 219 5
231 303 3
162 321 4
74 293 2
268 317 3
129 98 3
118 104 4
317 77 2
202 77 3
196 156 3
169 216 4
106 18 4
90 191 4
198 283 2
124 208 3
29 117 4
245 17 2
58 320 2
139 52 2
258 3 2
43 185 3
108 171 2
49 215 2
159 18 3
243 8 1
117 13 3
315 107 5
161 177 4
168 39 2
178 135 4
321 289 2
308 84 3
42 31 3
81 38 5
127 109 2
163 30 3
225 9 3
203 304 4
202 73 2
166 120 4
274 54 4
210 218 3
215 167 3
306 114 4
295 272 3
246 263 3
53 160 3
201 94 4
15 168 3
229 113 4
186 311 3
279 292 3
251 82 4
56 316 5
76 122 4
271 316 3
319 80 2
105 60 4
263 223 3
82 79 4
272 301 3
270 39 3
215 36 2
187 156 1
48 21 3
141 38 5
127 151 6
258 125 3
307 306 4
26 30 6
314 251 2
35 94 4
137 61 4
305 299 3
204 181 4
4 193 3
27 8 2
230 192 4
185 303 3
22 136 2
174 230 4
293 52 4
284 184 3
182 197 4
94 92 5
142 119 4
273 234 4
122 84 3
113 207 2
50 307 5
43 236 3
273 284 2
286 115 4
224 302 2
261 78 3
286 268 4
139 260 4
24 74 3
74 139 3
133 311 4
219 131 1
7 136 4
27 265 3
48 190 2
35 278 3
303 238 3
6 41 4
281 197 4
112 26 4
321 54 4
150 29 3
70 80 2
55 204 3
150 264 2
296 224 3
21 179 3
262 253 4
254 290 3
95 178 3
47 254 3
120 164 3
61 175 3
283 58 4
114 245 4
189 229 5
66 83 2
252 42 5
280 73 3
145 198 3
34 62 2
305 206 2
15 76 4
267 66 4
288 37 3
235 179 3
84 3 3
183 221 3
9 191 4
89 208 4
302 305 2
43 238 4
264 263 3
61 147 3
275 57 3
270 2 2
121 133 4
175 16 4
138 69 4
48 26 4
239 236 4
173 63 3
75 226 2
23 41 3
209 148 2
193 216 3
49 36 3
278 1 2
290 179 3
154 214 4
173 216 4
81 120 4
300 261 4
220 301 5
181 227 2
129 156 2
44 304 3
167 98 3
104 45 4
246 256 5
228 155 2
95 35 3
5 20 3
110 135 4
101 12 3
297 59 3
149 163 1
147 152 3
23 143 3
36 225 3
57 100 4
311 29 4
185 201 4
262 168 3
96 134 2
102 186 4
319 57 3
66 257 3
131 242 2
48 310 4
205 71 3
55 244 4
129 56 5
99 170 4
78 125 4
20 265 3
216 28 2
217 132 2
112 89 2
313 79 3
291 76 2
162 220 3
91 102 1
117 165 4
121 282 2
156 98 2
239 43 5
148 54 3
104 230 3
287 13 3
322 198 2
63 28 3
291 83 3
73 25 2
192 75 2
309 91 3
247 241 3
104 194 2
189 222 3
12 250 4
295 132 3
287 130 3
81 79 3
312 288 4
153 20 2
37 196 4
266 109 3
269 209 3
264 130 4
221 279 3
298 97 2
244 292 3
31 27 3
273 184 2
315 199 3
170 176 3
312 196 3
4 173 3
227 204 2
206 299 3
203 297 2
5 219 3
270 3 3
255 124 4
233 199 2
162 51 3
221 11 5
205 152 4
5 242 2
31 239 3
234 14 3
213 310 3
199 166 3
72 194 2
123 251 2
23 147 3
259 154 3
150 223 3
152 180 2
235 208 1
143 100 2
160 64 5
28 210 4
141 259 2
33 211 2
53 12 4
278 94 3
225 317 4
140 73 4
226 192 2
119 183 4
96 99 2
252 70 4
14 170 4
66 291 5
210 106 3
187 312 2
243 290 3
142 309 4
134 189 3
153 80 3
171 50 2
141 6 2
155 112 3
14 11 3
192 118 3
127 266 2
295 46 2
300 62 3
249 269 3
310 190 2
93 160 4
183 244 3
109 255 2
40 136 3
21 310 5
128 111 2
314 123 2
322 305 4
283 145 3
306 314 3
90 206 3
205 180 2
51 301 3
188 133 3
165 13 5
315 106 5
65 140 2
318 187 4
10000
0
0
0
0
0
0
0
0
0
0
0
0
0
0
0
0
1
1 252
0
0
0
0
0
0
0
0
0
0
0
0
0
0
0
0
0
0
0
0
0
0
0
0
0
0
0
0
0
0
0
0
0
0
0
0
0
0
0
0
0
0
0
0
0
1
2 76
0
0
1
3 60
0
0
0
0
0
0
0
0
0
0
0
1
4 222
1
5 310
0
0
0
0
0
0
0
0
1
6 305
0
1
7 232
0
0
0
0
0
0
1
8 220
0
0
0
0
0
0
0
0
0
0
0
0
0
0
0
0
0
0
0
0
0
0
0
0
0
1
9 218
0
0
1
10 10
0
0
0
0
0
0
0
1
11 82
1
12 264
0
1
13 36
0
0
0
0
0
0
0
0
1
14 101
0
0
0
1
15 184
1
16 18
1
17 321
0
0
0
0
0
0
0
0
0
0
0
0
0
1
18 232
0
0
1
19 278
1
20 245
0
0
1
21 316
0
1
22 162
1
23 164
0
0
1
24 289
1
25 85
1
26 67
0
1
27 268
0
0
1
28 191
0
1
29 297
0
1
30 22
0
0
0
0
0
0
0
1
31 34
1
32 148
0
0
0
0
1
33 126
0
1
34 291
0
0
0
0
1
35 94
0
1
36 81
1
37 247
0
0
0
0
1
38 98
0
0
0
0
0
0
0
0
0
1
39 279
1
40 287
1
41 270
0
0
0
0
0
0
0
1
42 150
1
43 144
0
1
44 260
0
0
0
0
1
45 193
0
0
0
0
1
46 122
1
47 43
1
48 27
0
0
0
0
0
0
0
0
1
49 300
0
0
0
0
0
0
0
0
1
50 59
0
0
0
0
0
0
0
0
0
0
1
51 187
0
1
52 213
0
0
1
53 57
1
54 260
1
55 62
1
56 38
0
1
57 141
1
58 224
0
0
1
59 74
0
0
0
0
0
0
0
0
1
60 170
0
0
1
61 21
0
0
0
0
0
0
0
0
0
0
0
0
0
1
62 56
0
1
63 303
0
0
0
0
1
64 224
0
1
65 188
1
66 45
0
1
67 261
1
68 117
0
1
69 118
1
70 231
1
71 78
0
0
1
72 5
0
1
73 17
0
0
1
74 152
0
0
0
0
0
1
75 227
0
1
76 305
1
77 291
0
1
78 158
0
1
79 10
1
80 238
0
0
1
81 190
0
1
82 32
1
83 211
1
84 155
1
85 91
0
1
86 32
1
87 235
1
88 198
0
1
89 229
1
90 224
1
91 173
0
1
92 31
1
93 195
1
94 174
1
95 215
1
96 108
1
97 271
0
1
98 103
1
99 68
0
1
100 254
0
1
101 158
0
0
1
102 194
0
1
103 13
0
1
104 188
0
0
1
105 258
0
0
0
1
106 312
1
107 177
1
108 61
0
1
109 239
0
1
110 114
1
111 294
1
112 152
1
113 146
0
0
0
0
0
0
0
1
114 49
1
115 128
0
0
0
1
116 179
0
1
117 227
1
118 122
0
0
0
1
119 179
0
0
1
120 181
1
121 220
1
122 84
1
123 292
0
1
124 54
1
125 9
1
126 172
1
127 100
0
1
128 232
0
1
129 241
0
1
130 78
1
131 169
0
1
132 79
1
133 204
1
134 279
1
135 69
0
1
136 180
1
137 170
1
138 117
1
139 49
0
1
140 8
0
0
0
1
141 103
1
142 76
0
0
1
143 150
1
144 24
1
145 163
0
1
146 140
1
147 114
1
148 160
1
149 275
0
1
150 141
0
1
151 260
0
0
1
152 52
1
153 204
1
154 267
0
0
1
155 193
1
156 40
1
157 54
1
158 214
1
159 127
0
0
0
1
160 147
0
0
1
161 246
0
1
162 180
1
163 23
1
164 236
1
165 188
1
166 141
1
167 238
1
168 148
0
0
0
1
169 211
0
1
170 148
0
1
171 302
1
172 130
0
0
0
0
0
0
0
0
1
173 139
1
174 119
1
175 98
0
1
176 110
1
177 60
1
178 321
0
1
179 156
0
1
180 309
1
181 2
0
1
182 201
1
183 36
1
184 34
0
1
185 196
1
186 219
1
187 277
1
188 318
1
189 98
0
1
190 201
1
191 78
1
192 283
1
193 171
0
1
194 228
1
195 293
1
196 280
1
197 232
0
1
198 23
0
0
1
199 28
1
200 202
1
201 44
1
202 174
1
203 62
0
1
204 69
1
205 205
1
206 112
0
1
207 181
1
208 74
1
209 194
1
210 262
1
211 227
1
212 220
1
213 235
1
214 234
1
215 18
0
1
216 81
1
217 267
0
0
1
218 150
1
219 61
1
220 312
0
1
221 212
1
222 73
0
1
223 304
0
0
1
224 107
1
225 99
0
1
226 27
1
227 279
1
228 208
1
229 313
1
230 104
1
231 22
0
1
232 281
1
233 198
1
234 213
1
235 42
1
236 239
1
237 27
0
1
238 61
1
239 225
0
1
240 53
1
241 175
1
242 144
1
243 29
1
244 154
0
1
245 51
1
246 300
1
247 310
1
248 146
1
249 63
1
250 232
1
251 33
1
252 125
1
253 320
1
254 122
0
1
255 289
1
256 172
1
257 205
1
258 60
1
259 284
1
260 313
1
261 263
1
262 150
1
263 141
1
264 241
1
265 58
1
266 153
1
267 56
1
268 289
1
269 152
1
270 25
0
0
0
1
271 192
1
272 90
0
1
273 205
1
274 38
1
275 76
1
276 305
1
277 159
1
278 287
1
279 164
1
280 247
1
281 176
1
282 223
1
283 207
1
284 162
1
285 80
1
286 289
1
287 321
1
288 206
1
289 263
0
1
290 43
1
291 321
1
292 264
1
293 160
0
1
294 116
1
295 80
1
296 282
0
1
297 171
1
298 46
1
299 129
1
300 80
1
301 307
0
1
302 54
1
303 81
1
304 35
1
305 84
1
306 257
0
1
307 205
1
308 184
0
1
309 68
1
310 245
1
311 118
1
312 47
1
313 259
1
314 247
1
315 60
1
316 224
1
317 260
1
318 66
1
319 109
1
320 268
1
321 282
1
322 14
1
323 13
1
324 49
1
325 84
1
326 154
1
327 38
1
328 37
1
329 289
1
330 108
1
331 133
1
332 34
1
333 103
1
334 16
1
335 54
1
336 288
1
337 157
1
338 168
1
339 285
1
340 77
1
341 253
0
1
342 250
1
343 70
1
344 61
1
345 233
1
346 208
1
347 79
1
348 274
1
349 135
1
350 6
1
351 81
1
352 120
1
353 267
1
354 313
1
355 166
1
356 101
1
357 189
1
358 120
1
359 204
0
1
360 245
0
1
361 12
0
1
362 38
1
363 217
1
364 151
1
365 2
1
366 176
1
367 216
1
368 83
1
369 11
1
370 101
1
371 302
1
372 4
1
373 282
1
374 38
1
375 249
1
376 178
1
377 17
1
378 212
1
379 140
1
380 187
1
381 70
1
382 176
1
383 243
1
384 204
1
385 172
1
386 207
1
387 281
1
388 31
1
389 308
1
390 78
1
391 35
1
392 211
1
393 164
1
394 314
1
395 61
1
396 158
1
397 147
1
398 5
1
399 70
1
400 288
1
401 12
1
402 204
1
403 39
1
404 251
1
405 39
1
406 20
1
407 249
1
408 30
1
409 289
1
410 211
1
411 295
1
412 51
1
413 292
1
414 183
1
415 292
1
416 120
1
417 98
1
418 126
1
419 154
1
420 99
1
421 35
1
422 86
1
423 114
1
424 301
1
425 136
1
426 278
1
427 313
1
428 14
1
429 158
1
430 105
1
431 10
1
432 162
1
433 74
1
434 33
1
435 23
1
436 16
1
437 45
1
438 152
1
439 6
1
440 29
1
441 16
1
442 99
1
443 244
1
444 274
1
445 221
1
446 312
1
447 150
1
448 137
1
449 62
1
450 296
1
451 264
1
452 172
1
453 167
1
454 143
1
455 321
1
456 141
1
457 61
1
458 33
1
459 155
1
460 268
1
461 108
1
462 120
1
463 120
1
464 136
1
465 51
1
466 228
1
467 285
1
468 298
1
469 225
1
470 119
1
471 205
1
472 75
1
473 144
1
474 64
1
475 223
1
476 289
1
477 143
1
478 222
1
479 32
1
480 103
1
481 253
1
482 232
1
483 271
1
484 23
1
485 144
1
486 287
1
487 92
1
488 166
0
1
489 81
1
490 82
1
491 30
1
492 280
1
493 250
1
494 204
1
495 227
1
496 191
1
497 26
1
498 120
1
499 79
1
500 164
1
501 212
1
502 52
1
503 268
1
504 210
1
505 295
1
506 130
1
507 76
1
508 247
1
509 284
1
510 222
0
1
511 3
1
512 21
1
513 64
1
514 140
1
515 86
1
516 182
1
517 293
1
518 153
1
519 48
1
520 156
1
521 69
1
522 186
1
523 14
1
524 110
1
525 78
1
526 148
1
527 4
1
528 19
1
529 38
1
530 54
1
531 198
1
532 62
1
533 72
1
534 174
1
535 28
1
536 11
1
537 16
1
538 205
1
539 131
1
540 185
1
541 158
1
542 120
1
543 275
1
544 43
1
545 96
1
546 8
1
547 126
1
548 55
1
549 72
1
550 83
1
551 192
1
552 215
1
553 127
1
554 247
1
555 68
1
556 51
1
557 40
1
558 306
1
559 61
1
560 308
1
561 85
1
562 225
1
563 79
1
564 276
1
565 29
1
566 222
1
567 108
1
568 119
1
569 289
1
570 22
1
571 219
1
572 237
1
573 16
1
574 260
1
575 41
1
576 318
1
577 215
1
578 269
1
579 55
1
580 262
1
581 309
1
582 99
1
583 286
1
584 197
1
585 206
1
586 258
1
587 251
1
588 99
1
589 182
1
590 238
1
591 303
1
592 82
1
593 215
1
594 321
1
595 214
1
596 295
1
597 101
1
598 18
1
599 26
1
600 141
1
601 312
1
602 154
1
603 156
1
604 221
1
605 11
1
606 159
1
607 108
1
608 155
1
609 91
1
610 163
1
611 49
1
612 289
1
613 291
1
614 151
0
1
615 209
1
616 166
1
617 224
1
618 209
1
619 307
1
620 37
1
621 191
1
622 7
1
623 112
1
624 54
1
625 216
1
626 183
1
627 145
1
628 91
1
629 205
1
630 319
1
631 60
1
632 32
1
633 174
1
634 105
1
635 296
1
636 320
1
637 262
1
638 119
1
639 110
1
640 106
1
641 155
1
642 135
1
643 318
1
644 97
1
645 3
1
646 46
1
647 168
1
648 6
1
649 255
1
650 7
1
651 154
1
652 178
1
653 319
1
654 199
1
655 60
1
656 225
1
657 33
0
1
658 71
1
659 15
1
660 282
1
661 51
1
662 318
1
663 311
1
664 278
1
665 189
1
666 107
1
667 183
1
668 29
1
669 20
1
670 183
1
671 68
1
672 123
1
673 113
1
674 196
1
675 16
1
676 149
1
677 43
1
678 299
1
679 165
1
680 115
1
681 214
1
682 34
1
683 295
1
684 42
1
685 173
1
686 228
1
687 292
1
688 158
1
689 38
1
690 54
1
691 313
1
692 139
1
693 26
1
694 257
1
695 56
1
696 188
1
697 133
1
698 261
1
699 139
1
700 115
1
701 107
1
702 20
1
703 249
1
704 79
1
705 54
1
706 81
1
707 100
1
708 178
1
709 221
1
710 31
1
711 11
1
712 220
1
713 173
1
714 61
1
715 254
0
1
716 203
1
717 192
1
718 209
1
719 112
1
720 154
1
721 252
1
722 276
1
723 71
1
724 81
1
725 277
1
726 219
1
727 175
1
728 262
1
729 213
1
730 113
1
731 180
1
732 319
1
733 147
1
734 251
1
735 158
1
736 202
1
737 182
1
738 6
1
739 22
1
740 64
1
741 245
1
742 203
1
743 152
0
1
744 188
1
745 180
1
746 127
0
1
747 120
1
748 34
1
749 186
1
750 144
1
751 78
1
752 321
1
753 148
1
754 37
1
755 24
1
756 124
1
757 299
1
758 291
1
759 52
1
760 17
1
761 120
0
1
762 153
1
763 223
1
764 167
1
765 246
1
766 279
1
767 100
1
768 181
1
769 235
1
770 158
1
771 302
1
772 203
1
773 321
1
774 305
1
775 164
1
776 322
1
777 306
1
778 71
1
779 278
1
780 254
0
1
781 321
1
782 22
1
783 16
1
784 123
1
785 266
1
786 62
1
787 214
1
788 3
1
789 277
1
790 10
1
791 142
1
792 62
1
793 20
1
794 216
1
795 299
1
796 278
1
797 303
1
798 14
1
799 32
1
800 210
1
801 250
1
802 130
1
803 43
1
804 311
1
805 201
1
806 133
1
807 38
1
808 259
1
809 247
1
810 277
1
811 99
1
812 321
1
813 123
1
814 138
1
815 260
1
816 209
1
817 98
1
818 168
1
819 170
0
1
820 252
1
821 118
1
822 225
1
823 215
1
824 53
1
825 321
1
826 12
1
827 156
1
828 216
1
829 51
1
830 211
1
831 9
0
1
832 222
1
833 157
1
834 34
1
835 142
1
836 122
1
837 122
1
838 132
1
839 83
1
840 32
1
841 84
1
842 79
1
843 46
1
844 39
1
845 164
1
846 269
0
1
847 80
1
848 26
1
849 90
1
850 221
1
851 194
1
852 188
1
853 291
1
854 120
1
855 247
1
856 253
1
857 22
1
858 108
1
859 188
1
860 37
1
861 89
1
862 43
1
863 316
1
864 60
1
865 287
1
866 74
0
1
867 128
1
868 308
1
869 13
1
870 60
1
871 249
1
872 205
1
873 311
1
874 20
1
875 173
1
876 200
1
877 124
1
878 123
1
879 82
1
880 227
1
881 176
1
882 264
1
883 59
1
884 303
1
885 126
1
886 233
1
887 74
1
888 165
1
889 238
1
890 180
1
891 95
1
892 152
1
893 95
1
894 41
1
895 204
1
896 248
1
897 6
1
898 84
1
899 52
1
900 51
1
901 229
1
902 303
0
0
1
903 170
1
904 218
1
905 102
1
906 33
1
907 237
1
908 222
1
909 68
1
910 118
1
911 244
1
912 280
1
913 164
1
914 186
1
915 27
1
916 98
1
917 221
1
918 192
1
919 264
1
920 111
1
921 298
1
922 40
1
923 127
1
924 211
1
925 140
1
926 69
1
927 217
1
928 61
1
929 223
1
930 197
1
931 191
1
932 30
1
933 151
1
934 223
1
935 24
1
936 103
1
937 21
1
938 71
1
939 99
1
940 306
1
941 219
1
942 21
0
1
943 194
0
1
944 175
1
945 91
1
946 167
1
947 259
1
948 43
1
949 33
1
950 77
1
951 178
1
952 46
1
953 2
1
954 84
1
955 122
1
956 247
1
957 319
1
958 261
1
959 182
1
960 64
1
961 142
1
962 2
1
963 298
1
964 317
1
965 249
1
966 283
1
967 195
1
968 192
1
969 41
1
970 258
1
971 38
1
972 268
1
973 77
1
974 54
1
975 234
1
976 79
1
977 214
1
978 58
1
979 188
1
980 275
1
981 301
1
982 288
1
983 143
1
984 95
1
985 61
1
986 215
1
987 311
1
988 153
0
1
989 255
1
990 194
1
991 121
1
992 73
1
993 69
1
994 157
1
995 109
1
996 146
1
997 58
1
998 16
1
999 160
1
1000 144
1
1001 80
1
1002 162
1
1003 285
1
1004 51
1
1005 92
1
1006 91
1
1007 211
1
1008 81
1
1009 122
1
1010 130
1
1011 268
1
1012 119
1
1013 154
1
1014 157
1
1015 96
1
1016 152
1
1017 67
1
1018 26
1
1019 98
1
1020 19
1
1021 127
1
1022 140
0
1
1023 166
1
1024 56
1
1025 67
1
1026 228
1
1027 12
1
1028 18
1
1029 71
1
1030 87
0
1
1031 162
1
1032 241
1
1033 82
1
1034 55
1
1035 224
1
1036 75
1
1037 152
1
1038 190
1
1039 193
1
1040 164
1
1041 171
1
1042 246
1
1043 67
1
1044 175
1
1045 87
1
1046 80
1
1047 157
1
1048 272
1
1049 82
1
1050 199
1
1051 197
1
1052 220
1
1053 299
1
1054 172
1
1055 139
1
1056 187
1
1057 23
1
1058 34
1
1059 52
1
1060 47
1
1061 82
1
1062 208
1
1063 30
1
1064 211
1
1065 210
1
1066 190
1
1067 91
1
1068 293
1
1069 93
1
1070 5
1
1071 155
1
1072 270
1
1073 89
1
1074 94
1
1075 159
1
1076 96
1
1077 132
1
1078 10
1
1079 278
1
1080 320
1
1081 255
1
1082 319
1
1083 29
1
1084 242
1
1085 291
1
1086 17
1
1087 173
1
1088 99
1
1089 236
1
1090 254
1
1091 186
1
1092 278
1
1093 20
1
1094 150
1
1095 288
1
1096 190
1
1097 67
1
1098 65
0
1
1099 166
1
1100 152
1
1101 48
1
1102 29
1
1103 289
1
1104 292
1
1105 61
1
1106 244
1
1107 23
1
1108 23
1
1109 53
1
1110 166
1
1111 267
1
1112 188
1
1113 51
1
1114 278
1
1115 134
1
1116 86
1
1117 173
1
1118 6
1
1119 126
0
0
1
1120 257
1
1121 165
1
1122 227
1
1123 202
1
1124 79
1
1125 125
1
1126 142
1
1127 51
0
1
1128 95
1
1129 294
1
1130 132
1
1131 305
1
1132 23
1
1133 297
1
1134 106
1
1135 23
1
1136 81
0
1
1137 80
1
1138 107
1
1139 270
1
1140 149
0
1
1141 261
1
1142 218
0
1
1143 35
1
1144 302
1
1145 49
0
0
1
1146 260
1
1147 163
0
1
1148 52
1
1149 10
0
1
1150 148
1
1151 57
0
1
1152 39
1
1153 133
1
1154 37
1
1155 214
1
1156 33
1
1157 213
1
1158 247
1
1159 44
1
1160 200
1
1161 90
1
1162 54
1
1163 119
1
1164 312
1
1165 260
1
1166 85
1
1167 236
1
1168 235
1
1169 56
1
1170 256
1
1171 44
1
1172 289
1
1173 52
0
1
1174 320
1
1175 130
1
1176 294
1
1177 171
1
1178 10
1
1179 275
1
1180 23
1
1181 235
0
1
1182 32
1
1183 319
1
1184 65
1
1185 6
1
1186 282
1
1187 256
1
1188 258
1
1189 119
1
1190 87
1
1191 321
1
1192 118
1
1193 230
1
1194 154
1
1195 82
1
1196 185
1
1197 54
1
1198 257
1
1199 317
1
1200 265
1
1201 125
1
1202 76
1
1203 284
1
1204 16
1
1205 55
1
1206 196
1
1207 319
1
1208 64
1
1209 5
1
1210 176
1
1211 38
1
1212 38
1
1213 62
0
1
1214 15
1
1215 219
1
1216 74
1
1217 256
1
1218 2
1
1219 126
1
1220 263
1
1221 164
1
1222 98
1
1223 226
1
1224 270
1
1225 93
1
1226 42
1
1227 167
1
1228 227
1
1229 49
1
1230 78
1
1231 256
1
1232 15
1
1233 312
0
1
1234 164
1
1235 110
1
1236 322
1
1237 189
1
1238 19
1
1239 80
1
1240 29
1
1241 158
1
1242 158
1
1243 14
1
1244 45
1
1245 49
0
1
1246 126
0
1
1247 308
1
1248 37
1
1249 268
1
1250 126
1
1251 111
1
1252 51
1
1253 68
1
1254 229
1
1255 211
1
1256 102
1
1257 38
1
1258 280
1
1259 53
1
1260 164
1
1261 23
1
1262 281
1
1263 94
1
1264 66
1
1265 101
1
1266 158
0
1
1267 42
1
1268 194
1
1269 321
1
1270 312
1
1271 30
1
1272 127
1
1273 36
0
0
0
1
1274 131
1
1275 82
1
1276 268
1
1277 231
1
1278 239
0
1
1279 209
1
1280 161
1
1281 318
1
1282 231
1
1283 7
1
1284 232
1
1285 285
1
1286 144
1
1287 132
1
1288 96
1
1289 136
1
1290 81
1
1291 269
1
1292 250
1
1293 301
1
1294 240
1
1295 221
1
1296 213
1
1297 164
1
1298 221
1
1299 259
1
1300 12
1
1301 94
1
1302 267
1
1303 211
1
1304 141
1
1305 210
1
1306 128
1
1307 313
1
1308 136
1
1309 192
0
1
1310 113
1
1311 64
1
1312 212
1
1313 166
1
1314 193
1
1315 63
1
1316 251
1
1317 3
1
1318 19
1
1319 227
1
1320 6
1
1321 87
0
1
1322 84
1
1323 148
1
1324 32
1
1325 43
1
1326 26
1
1327 98
1
1328 147
1
1329 164
1
1330 61
1
1331 149
1
1332 284
1
1333 281
1
1334 166
1
1335 275
1
1336 247
1
1337 139
0
1
1338 246
1
1339 164
1
1340 59
1
1341 152
1
1342 198
1
1343 61
0
1
1344 83
1
1345 225
1
1346 46
1
1347 61
1
1348 252
1
1349 108
0
1
1350 245
0
1
1351 138
1
1352 243
1
1353 48
1
1354 105
1
1355 233
1
1356 132
1
1357 267
1
1358 126
1
1359 297
1
1360 85
1
1361 215
1
1362 137
0
1
1363 66
1
1364 126
1
1365 112
1
1366 246
1
1367 321
1
1368 137
1
1369 293
1
1370 3
1
1371 310
1
1372 244
1
1373 256
1
1374 197
1
1375 181
1
1376 250
1
1377 110
1
1378 260
1
1379 33
1
1380 205
1
1381 226
1
1382 274
0
1
1383 158
1
1384 48
1
1385 162
1
1386 43
1
1387 246
1
1388 41
1
1389 254
1
1390 187
1
1391 71
1
1392 166
1
1393 118
1
1394 247
1
1395 299
1
1396 45
1
1397 31
1
1398 175
1
1399 288
1
1400 51
1
1401 136
1
1402 211
1
1403 154
1
1404 6
1
1405 166
1
1406 236
1
1407 280
1
1408 158
1
1409 305
1
1410 8
1
1411 118
1
1412 137
1
1413 128
1
1414 6
1
1415 55
1
1416 137
1
1417 303
1
1418 68
1
1419 211
1
1420 54
0
1
1421 304
1
1422 267
1
1423 240
1
1424 120
1
1425 214
1
1426 141
1
1427 300
1
1428 158
1
1429 32
1
1430 229
1
1431 84
1
1432 304
0
1
1433 60
0
0
1
1434 268
1
1435 319
1
1436 98
1
1437 257
1
1438 81
1
1439 86
1
1440 94
1
1441 5
0
1
1442 165
1
1443 137
1
1444 39
1
1445 193
1
1446 167
1
1447 193
1
1448 210
1
1449 156
1
1450 33
1
1451 304
1
1452 135
1
1453 163
1
1454 250
1
1455 82
1
1456 302
1
1457 205
1
1458 187
1
1459 83
1
1460 211
1
1461 152
1
1462 129
1
1463 149
1
1464 100
1
1465 149
1
1466 197
1
1467 221
1
1468 264
1
1469 54
1
1470 77
1
1471 239
1
1472 113
1
1473 122
1
1474 94
0
1
1475 211
1
1476 266
1
1477 218
1
1478 139
0
1
1479 320
0
1
1480 267
1
1481 299
1
1482 240
1
1483 88
1
1484 122
1
1485 227
1
1486 300
1
1487 212
0
1
1488 321
1
1489 264
1
1490 321
1
1491 6
1
1492 192
1
1493 266
1
1494 161
1
1495 122
1
1496 64
1
1497 233
1
1498 259
1
1499 50
0
1
1500 100
1
1501 269
1
1502 221
1
1503 279
1
1504 120
1
1505 220
1
1506 121
1
1507 107
1
1508 179
1
1509 315
1
1510 223
1
1511 267
0
1
1512 143
1
1513 132
1
1514 154
1
1515 248
1
1516 158
1
1517 211
1
1518 78
1
1519 258
1
1520 91
1
1521 223
1
1522 21
1
1523 46
1
1524 101
1
1525 260
0
1
1526 119
1
1527 313
1
1528 88
1
1529 257
1
1530 278
1
1531 138
1
1532 189
1
1533 82
1
1534 276
1
1535 133
1
1536 193
1
1537 80
1
1538 96
1
1539 79
1
1540 27
1
1541 190
0
1
1542 5
1
1543 10
1
1544 216
1
1545 283
1
1546 86
1
1547 160
1
1548 314
1
1549 54
1
1550 132
1
1551 202
1
1552 9
1
1553 24
1
1554 276
1
1555 12
1
1556 294
1
1557 65
1
1558 263
1
1559 148
1
1560 113
1
1561 113
1
1562 217
1
1563 203
1
1564 176
1
1565 103
0
1
1566 48
0
1
1567 137
1
1568 319
1
1569 181
1
1570 194
1
1571 88
1
1572 11
0
1
1573 190
1
1574 41
1
1575 143
1
1576 26
1
1577 25
1
1578 8
0
1
1579 113
1
1580 227
0
1
1581 214
0
1
1582 320
1
1583 284
1
1584 271
1
1585 229
1
1586 205
1
1587 10
1
1588 109
0
0
1
1589 125
0
1
1590 159
0
1
1591 148
1
1592 288
1
1593 166
1
1594 121
1
1595 215
0
1
1596 257
1
1597 249
0
1
1598 205
1
1599 317
1
1600 191
1
1601 148
0
1
1602 297
1
1603 158
1
1604 55
0
1
1605 151
1
1606 185
1
1607 220
1
1608 75
1
1609 185
0
1
1610 126
1
1611 108
1
1612 208
1
1613 31
0
1
1614 287
1
1615 185
1
1616 43
1
1617 125
1
1618 313
1
1619 229
1
1620 175
1
1621 121
1
1622 4
0
1
1623 229
1
1624 151
1
1625 268
1
1626 23
1
1627 260
1
1628 111
1
1629 144
1
1630 322
1
1631 186
1
1632 8
0
1
1633 184
1
1634 315
0
1
1635 310
0
1
1636 145
1
1637 282
1
1638 80
1
1639 287
1
1640 169
1
1641 26
1
1642 152
1
1643 199
1
1644 48
1
1645 87
1
1646 321
1
1647 25
1
1648 213
1
1649 153
1
1650 95
0
1
1651 301
1
1652 300
0
1
1653 6
1
1654 53
0
1
1655 97
1
1656 166
1
1657 204
1
1658 103
1
1659 207
0
1
1660 120
1
1661 120
1
1662 154
1
1663 154
1
1664 9
1
1665 102
0
1
1666 189
1
1667 111
0
1
1668 166
1
1669 195
1
1670 7
0
1
1671 258
1
1672 258
1
1673 158
1
1674 231
1
1675 259
1
1676 80
1
1677 227
1
1678 315
1
1679 136
1
1680 113
1
1681 257
1
1682 27
1
1683 15
1
1684 29
0
0
1
1685 198
1
1686 8
1
1687 148
1
1688 147
1
1689 277
1
1690 299
1
1691 105
1
1692 152
1
1693 192
1
1694 13
1
1695 53
1
1696 129
1
1697 2
1
1698 197
1
1699 217
0
1
1700 101
1
1701 291
1
1702 290
0
1
1703 258
1
1704 322
1
1705 108
1
1706 177
1
1707 55
0
1
1708 53
1
1709 23
1
1710 153
1
1711 311
1
1712 130
1
1713 188
1
1714 316
1
1715 78
1
1716 142
1
1717 309
0
1
1718 65
0
1
1719 111
1
1720 97
1
1721 211
1
1722 147
1
1723 191
1
1724 148
1
1725 103
0
1
1726 64
1
1727 74
1
1728 106
1
1729 34
1
1730 204
1
1731 137
1
1732 88
1
1733 38
1
1734 12
1
1735 297
1
1736 147
1
1737 309
1
1738 95
1
1739 136
1
1740 220
0
0
1
1741 242
1
1742 45
1
1743 200
1
1744 54
1
1745 220
1
1746 120
1
1747 107
0
1
1748 137
1
1749 6
1
1750 316
1
1751 60
1
1752 189
1
1753 188
1
1754 126
1
1755 305
1
1756 252
1
1757 151
0
1
1758 307
0
1
1759 272
1
1760 100
1
1761 163
1
1762 277
1
1763 305
0
1
1764 86
1
1765 131
1
1766 111
1
1767 163
1
1768 147
1
1769 214
1
1770 294
1
1771 178
1
1772 313
0
1
1773 173
1
1774 248
1
1775 299
1
1776 59
0
1
1777 301
0
1
1778 264
1
1779 6
1
1780 79
1
1781 217
0
1
1782 36
1
1783 191
1
1784 304
1
1785 23
1
1786 25
1
1787 79
1
1788 196
1
1789 162
1
1790 132
1
1791 85
0
1
1792 43
1
1793 141
1
1794 4
1
1795 23
0
1
1796 120
1
1797 21
0
1
1798 7
0
1
1799 123
1
1800 74
1
1801 115
0
1
1802 222
1
1803 78
1
1804 180
1
1805 183
1
1806 254
1
1807 294
1
1808 204
1
1809 96
1
1810 252
1
1811 259
1
1812 40
1
1813 152
1
1814 223
1
1815 175
1
1816 118
0
0
0
0
1
1817 56
1
1818 83
1
1819 234
1
1820 309
1
1821 219
1
1822 67
1
1823 295
1
1824 5
0
0
1
1825 172
1
1826 240
1
1827 284
0
1
1828 35
1
1829 120
1
1830 286
1
1831 313
1
1832 65
0
0
1
1833 277
1
1834 147
1
1835 180
1
1836 242
1
1837 82
1
1838 269
1
1839 228
1
1840 47
1
1841 222
1
1842 61
1
1843 270
1
1844 96
1
1845 244
1
1846 67
1
1847 154
0
1
1848 274
1
1849 14
0
1
1850 120
1
1851 115
0
1
1852 78
1
1853 167
1
1854 250
0
1
1855 253
1
1856 178
1
1857 161
1
1858 209
1
1859 271
1
1860 268
0
1
1861 102
1
1862 245
1
1863 47
1
1864 73
1
1865 119
1
1866 271
1
1867 303
1
1868 319
1
1869 205
1
1870 197
1
1871 141
1
1872 23
1
1873 250
1
1874 76
0
0
1
1875 30
1
1876 126
0
1
1877 30
1
1878 266
0
1
1879 38
1
1880 30
1
1881 154
0
0
1
1882 34
1
1883 247
1
1884 92
1
1885 256
1
1886 235
1
1887 64
1
1888 177
0
1
1889 127
1
1890 120
1
1891 97
1
1892 33
1
1893 217
1
1894 21
0
1
1895 319
1
1896 30
1
1897 258
1
1898 237
1
1899 306
1
1900 148
0
1
1901 102
1
1902 211
1
1903 240
1
1904 103
1
1905 36
1
1906 289
1
1907 35
0
1
1908 48
1
1909 117
1
1910 143
1
1911 189
1
1912 233
1
1913 54
1
1914 10
1
1915 254
1
1916 267
1
1917 54
1
1918 190
0
0
1
1919 2
1
1920 289
1
1921 293
1
1922 220
1
1923 155
1
1924 36
1
1925 222
1
1926 86
0
1
1927 270
1
1928 97
1
1929 194
1
1930 53
1
1931 81
1
1932 251
0
0
1
1933 93
1
1934 211
1
1935 259
1
1936 34
0
1
1937 79
1
1938 196
1
1939 309
1
1940 258
0
1
1941 4
1
1942 213
1
1943 261
1
1944 114
1
1945 78
1
1946 106
1
1947 193
1
1948 115
1
1949 281
0
1
1950 70
1
1951 4
1
1952 322
1
1953 257
1
1954 57
1
1955 116
1
1956 278
1
1957 117
1
1958 6
1
1959 95
1
1960 246
1
1961 237
0
1
1962 294
1
1963 291
1
1964 41
0
1
1965 257
1
1966 17
1
1967 221
1
1968 316
1
1969 217
1
1970 102
1
1971 231
1
1972 38
0
1
1973 245
1
1974 296
1
1975 30
1
1976 44
1
1977 201
1
1978 38
0
0
0
0
1
1979 204
1
1980 155
1
1981 43
0
1
1982 241
0
1
1983 105
0
1
1984 117
1
1985 174
1
1986 166
1
1987 58
1
1988 289
1
1989 186
1
1990 321
1
1991 263
1
1992 303
1
1993 227
1
1994 187
1
1995 260
1
1996 148
1
1997 54
1
1998 182
0
1
1999 88
1
2000 218
1
2001 301
1
2002 14
1
2003 224
1
2004 155
0
1
2005 140
0
1
2006 264
1
2007 253
1
2008 78
0
1
2009 10
0
1
2010 164
1
2011 161
1
2012 246
1
2013 8
1
2014 192
1
2015 152
0
0
1
2016 27
1
2017 298
1
2018 61
1
2019 256
0
1
2020 101
1
2021 251
1
2022 211
0
1
2023 18
1
2024 97
0
1
2025 39
1
2026 71
1
2027 60
1
2028 264
0
1
2029 305
1
2030 228
1
2031 217
0
1
2032 231
0
1
2033 175
0
1
2034 165
1
2035 163
1
2036 147
0
1
2037 321
0
0
1
2038 41
1
2039 6
0
1
2040 259
1
2041 273
1
2042 149
0
1
2043 130
1
2044 225
1
2045 61
0
0
0
1
2046 300
1
2047 168
1
2048 8
0
1
2049 98
1
2050 224
1
2051 124
1
2052 322
1
2053 129
1
2054 306
1
2055 170
1
2056 290
1
2057 239
1
2058 232
1
2059 246
0
1
2060 150
1
2061 18
1
2062 39
1
2063 253
1
2064 127
1
2065 164
1
2066 192
1
2067 243
1
2068 164
1
2069 83
1
2070 16
1
2071 225
1
2072 19
0
1
2073 281
0
1
2074 206
1
2075 79
1
2076 199
1
2077 275
0
1
2078 10
1
2079 193
1
2080 61
1
2081 31
0
1
2082 261
0
1
2083 183
1
2084 162
1
2085 44
1
2086 291
0
1
2087 194
1
2088 246
1
2089 207
1
2090 222
1
2091 69
1
2092 125
1
2093 314
1
2094 153
1
2095 190
1
2096 147
1
2097 43
1
2098 115
1
2099 99
0
0
1
2100 32
0
0
1
2101 313
1
2102 233
0
1
2103 166
0
1
2104 136
1
2105 256
1
2106 191
1
2107 73
1
2108 143
0
1
2109 107
1
2110 295
0
0
1
2111 54
1
2112 160
0
1
2113 183
1
2114 247
1
2115 206
1
2116 129
0
1
2117 113
1
2118 88
1
2119 320
1
2120 110
0
1
2121 62
1
2122 312
1
2123 211
1
2124 168
1
2125 236
1
2126 217
0
1
2127 154
1
2128 160
0
0
1
2129 231
0
1
2130 224
1
2131 78
1
2132 238
0
1
2133 191
1
2134 119
1
2135 137
0
1
2136 287
1
2137 226
1
2138 41
1
2139 120
1
2140 89
1
2141 301
1
2142 29
1
2143 261
1
2144 91
1
2145 24
1
2146 226
0
1
2147 122
1
2148 305
0
1
2149 24
1
2150 210
1
2151 147
1
2152 12
1
2153 274
1
2154 170
1
2155 99
0
1
2156 204
1
2157 146
0
1
2158 50
1
2159 315
1
2160 251
1
2161 137
1
2162 244
1
2163 288
1
2164 144
0
1
2165 60
1
2166 54
1
2167 110
1
2168 86
1
2169 321
1
2170 47
1
2171 11
0
0
0
1
2172 34
1
2173 283
1
2174 85
0
1
2175 199
1
2176 95
0
0
1
2177 152
1
2178 103
1
2179 193
1
2180 242
0
0
1
2181 13
1
2182 299
1
2183 251
0
1
2184 311
1
2185 142
1
2186 225
1
2187 33
0
1
2188 199
1
2189 130
1
2190 196
0
0
1
2191 21
0
1
2192 91
1
2193 297
1
2194 146
1
2195 289
1
2196 82
1
2197 132
1
2198 60
1
2199 96
1
2200 246
1
2201 226
1
2202 19
1
2203 292
1
2204 63
1
2205 212
1
2206 255
1
2207 124
1
2208 270
1
2209 60
1
2210 10
1
2211 142
0
0
1
2212 82
1
2213 252
0
1
2214 311
1
2215 35
0
1
2216 137
0
1
2217 304
1
2218 164
0
1
2219 129
1
2220 313
0
1
2221 112
0
1
2222 159
1
2223 119
1
2224 305
1
2225 43
0
0
1
2226 59
1
2227 105
1
2228 24
1
2229 2
1
2230 73
1
2231 316
1
2232 310
0
0
1
2233 244
1
2234 312
1
2235 102
1
2236 188
1
2237 119
1
2238 190
1
2239 256
1
2240 43
1
2241 173
1
2242 255
0
0
1
2243 306
1
2244 299
1
2245 287
1
2246 103
0
1
2247 252
0
0
1
2248 120
1
2249 312
0
1
2250 97
0
1
2251 205
0
1
2252 75
0
1
2253 265
0
1
2254 121
0
1
2255 195
1
2256 176
0
1
2257 273
1
2258 174
1
2259 38
0
1
2260 302
1
2261 118
1
2262 159
0
1
2263 259
1
2264 268
0
1
2265 40
1
2266 6
1
2267 166
0
1
2268 185
1
2269 250
1
2270 56
1
2271 204
1
2272 26
1
2273 138
1
2274 228
1
2275 252
1
2276 59
0
0
0
0
0
1
2277 60
1
2278 314
1
2279 169
1
2280 130
0
1
2281 296
1
2282 283
1
2283 176
1
2284 136
1
2285 289
1
2286 30
1
2287 127
0
1
2288 39
1
2289 126
1
2290 62
0
1
2291 259
1
2292 284
1
2293 214
1
2294 86
1
2295 276
1
2296 304
1
2297 237
1
2298 55
1
2299 207
0
1
2300 257
1
2301 294
0
1
2302 306
1
2303 203
1
2304 185
1
2305 137
1
2306 317
1
2307 56
1
2308 231
1
2309 29
0
1
2310 107
1
2311 281
1
2312 48
1
2313 80
1
2314 130
1
2315 225
0
0
0
1
2316 87
0
1
2317 219
1
2318 289
0
0
0
0
1
2319 6
1
2320 211
1
2321 191
1
2322 309
1
2323 243
1
2324 305
1
2325 85
1
2326 96
0
0
0
1
2327 297
1
2328 65
1
2329 307
1
2330 164
1
2331 229
1
2332 309
1
2333 206
0
1
2334 267
1
2335 186
1
2336 33
1
2337 297
1
2338 161
1
2339 162
1
2340 246
1
2341 208
0
1
2342 24
1
2343 14
1
2344 5
1
2345 208
0
1
2346 67
1
2347 81
1
2348 169
1
2349 21
1
2350 290
0
1
2351 180
0
1
2352 275
0
1
2353 55
0
0
0
1
2354 271
1
2355 262
1
2356 100
1
2357 204
0
1
2358 279
0
1
2359 3
1
2360 63
1
2361 105
1
2362 20
1
2363 25
0
1
2364 264
1
2365 261
1
2366 252
1
2367 93
1
2368 16
1
2369 156
1
2370 201
1
2371 104
1
2372 204
1
2373 51
1
2374 260
1
2375 67
0
1
2376 157
0
1
2377 6
1
2378 105
1
2379 131
1
2380 82
1
2381 231
1
2382 270
1
2383 270
1
2384 71
1
2385 83
1
2386 320
1
2387 10
1
2388 76
0
1
2389 147
1
2390 79
1
2391 112
1
2392 103
1
2393 11
0
1
2394 197
1
2395 22
1
2396 31
1
2397 200
1
2398 321
0
1
2399 22
1
2400 201
1
2401 304
1
2402 236
0
1
2403 40
1
2404 292
1
2405 293
1
2406 100
1
2407 224
1
2408 82
1
2409 73
0
1
2410 200
1
2411 79
0
1
2412 58
0
1
2413 56
1
2414 180
1
2415 156
1
2416 165
1
2417 299
0
1
2418 218
1
2419 31
1
2420 247
1
2421 229
1
2422 246
0
1
2423 61
1
2424 149
1
2425 73
1
2426 214
1
2427 24
1
2428 110
1
2429 283
1
2430 169
1
2431 89
0
1
2432 90
1
2433 50
0
1
2434 245
0
1
2435 41
1
2436 223
0
1
2437 207
1
2438 231
1
2439 30
1
2440 305
0
1
2441 120
1
2442 313
1
2443 120
1
2444 14
1
2445 60
1
2446 30
1
2447 289
1
2448 235
1
2449 241
1
2450 38
1
2451 260
1
2452 172
1
2453 285
1
2454 148
1
2455 79
1
2456 103
1
2457 298
0
1
2458 149
1
2459 123
0
1
2460 87
1
2461 142
1
2462 35
1
2463 254
1
2464 181
1
2465 191
1
2466 145
0
1
2467 278
1
2468 29
1
2469 153
0
1
2470 92
1
2471 32
0
1
2472 248
1
2473 90
1
2474 291
1
2475 203
1
2476 26
0
1
2477 91
1
2478 199
1
2479 114
1
2480 216
1
2481 277
0
1
2482 196
1
2483 245
0
1
2484 116
1
2485 159
0
1
2486 82
1
2487 207
1
2488 139
1
2489 132
1
2490 222
1
2491 156
0
1
2492 259
1
2493 246
0
1
2494 54
1
2495 137
0
0
1
2496 10
1
2497 244
1
2498 28
1
2499 223
1
2500 210
1
2501 4
1
2502 291
0
1
2503 75
1
2504 150
1
2505 185
1
2506 184
1
2507 160
0
1
2508 96
1
2509 17
1
2510 191
0
1
2511 97
1
2512 52
0
0
0
1
2513 308
0
0
1
2514 166
1
2515 223
1
2516 311
1
2517 13
1
2518 67
1
2519 67
0
0
1
2520 2
1
2521 227
1
2522 321
0
0
0
1
2523 184
1
2524 57
1
2525 67
0
1
2526 35
1
2527 11
1
2528 306
1
2529 63
1
2530 160
1
2531 235
1
2532 41
1
2533 278
0
1
2534 77
1
2535 291
1
2536 76
1
2537 14
1
2538 271
1
2539 132
0
1
2540 213
1
2541 168
1
2542 237
1
2543 180
1
2544 135
0
1
2545 286
1
2546 67
1
2547 290
0
1
2548 41
1
2549 273
1
2550 85
1
2551 301
1
2552 62
1
2553 32
1
2554 19
1
2555 105
0
1
2556 15
0
1
2557 176
1
2558 98
1
2559 230
1
2560 154
0
0
1
2561 18
1
2562 162
0
1
2563 241
1
2564 177
1
2565 23
0
1
2566 233
1
2567 248
1
2568 184
0
1
2569 103
1
2570 82
1
2571 135
1
2572 112
1
2573 111
1
2574 239
1
2575 110
1
2576 290
1
2577 315
0
0
1
2578 217
0
0
0
1
2579 229
0
1
2580 180
0
1
2581 142
1
2582 271
1
2583 72
1
2584 145
1
2585 123
0
0
0
1
2586 56
1
2587 81
1
2588 265
0
1
2589 19
0
1
2590 87
1
2591 289
0
1
2592 230
0
1
2593 136
1
2594 226
1
2595 136
1
2596 163
1
2597 11
1
2598 39
0
1
2599 184
1
2600 106
1
2601 100
1
2602 77
1
2603 244
1
2604 152
1
2605 33
1
2606 314
1
2607 98
1
2608 316
1
2609 272
1
2610 284
1
2611 107
1
2612 272
0
1
2613 188
1
2614 219
1
2615 191
0
1
2616 167
0
1
2617 155
1
2618 229
1
2619 164
1
2620 171
1
2621 108
1
2622 313
1
2623 23
1
2624 190
1
2625 122
0
1
2626 29
1
2627 68
1
2628 291
1
2629 54
0
1
2630 56
1
2631 71
1
2632 301
1
2633 66
1
2634 254
1
2635 269
1
2636 116
0
1
2637 299
1
2638 58
1
2639 151
1
2640 73
0
1
2641 186
1
2642 236
1
2643 87
1
2644 141
1
2645 46
1
2646 314
1
2647 80
1
2648 268
1
2649 127
1
2650 161
1
2651 293
1
2652 180
1
2653 294
1
2654 231
0
1
2655 289
1
2656 259
1
2657 141
1
2658 33
1
2659 137
1
2660 236
0
1
2661 196
0
1
2662 321
1
2663 37
1
2664 263
1
2665 64
1
2666 159
0
1
2667 9
1
2668 62
1
2669 193
1
2670 104
1
2671 100
1
2672 143
1
2673 82
0
1
2674 169
1
2675 141
1
2676 131
1
2677 91
1
2678 228
1
2679 26
1
2680 292
0
0
0
1
2681 152
0
1
2682 98
1
2683 61
0
1
2684 63
1
2685 82
0
1
2686 302
1
2687 40
1
2688 39
1
2689 25
0
1
2690 234
0
1
2691 73
0
1
2692 38
1
2693 109
1
2694 185
1
2695 172
1
2696 214
1
2697 119
1
2698 72
0
1
2699 169
1
2700 318
1
2701 207
1
2702 265
1
2703 304
1
2704 18
1
2705 253
1
2706 321
1
2707 219
1
2708 221
1
2709 152
1
2710 16
1
2711 143
0
1
2712 136
1
2713 291
1
2714 270
1
2715 280
0
0
1
2716 290
1
2717 41
1
2718 110
1
2719 59
1
2720 85
1
2721 79
1
2722 166
1
2723 290
0
0
0
1
2724 301
1
2725 12
0
1
2726 197
0
1
2727 137
1
2728 20
0
1
2729 272
1
2730 260
1
2731 205
1
2732 139
1
2733 137
1
2734 291
1
2735 55
0
0
1
2736 179
1
2737 148
1
2738 289
0
1
2739 182
1
2740 49
1
2741 3
1
2742 126
1
2743 300
1
2744 147
0
0
0
0
1
2745 24
0
1
2746 222
0
1
2747 304
1
2748 33
0
1
2749 181
0
1
2750 278
1
2751 143
1
2752 44
0
1
2753 147
1
2754 80
1
2755 287
0
1
2756 174
1
2757 178
1
2758 17
1
2759 261
1
2760 250
1
2761 24
1
2762 73
1
2763 120
1
2764 35
0
1
2765 222
1
2766 71
1
2767 103
0
1
2768 120
1
2769 303
0
0
1
2770 72
1
2771 113
1
2772 270
1
2773 183
1
2774 34
1
2775 196
0
1
2776 108
1
2777 127
1
2778 135
0
1
2779 236
1
2780 71
0
0
1
2781 300
1
2782 91
1
2783 20
0
0
1
2784 122
1
2785 6
1
2786 238
0
1
2787 216
1
2788 164
1
2789 18
1
2790 153
0
0
1
2791 176
1
2792 316
0
1
2793 270
0
0
1
2794 148
1
2795 183
1
2796 247
1
2797 131
0
1
2798 71
1
2799 57
0
0
0
1
2800 54
1
2801 99
0
0
0
1
2802 77
1
2803 216
1
2804 154
1
2805 67
1
2806 10
1
2807 313
1
2808 65
0
0
0
1
2809 139
1
2810 254
1
2811 236
0
1
2812 97
1
2813 269
1
2814 154
0
1
2815 61
1
2816 192
1
2817 254
1
2818 148
0
0
1
2819 4
0
0
0
0
1
2820 31
0
1
2821 233
1
2822 309
1
2823 283
0
0
1
2824 288
0
0
1
2825 243
1
2826 34
1
2827 151
0
1
2828 247
1
2829 68
0
1
2830 84
1
2831 181
1
2832 123
0
0
1
2833 222
1
2834 247
0
1
2835 321
1
2836 160
1
2837 13
1
2838 180
1
2839 142
0
1
2840 172
1
2841 86
1
2842 31
1
2843 315
1
2844 97
1
2845 24
1
2846 88
1
2847 311
0
0
1
2848 205
1
2849 27
1
2850 50
0
0
1
2851 227
0
0
1
2852 268
1
2853 204
1
2854 61
0
1
2855 200
1
2856 242
1
2857 160
1
2858 59
1
2859 306
1
2860 83
1
2861 62
1
2862 278
1
2863 16
1
2864 121
0
1
2865 143
1
2866 286
1
2867 82
1
2868 114
1
2869 99
1
2870 126
1
2871 247
1
2872 126
0
1
2873 152
1
2874 201
1
2875 62
0
1
2876 43
1
2877 218
0
1
2878 153
1
2879 253
0
1
2880 79
0
1
2881 197
0
1
2882 232
1
2883 92
1
2884 300
0
1
2885 269
0
0
1
2886 199
1
2887 88
1
2888 87
1
2889 48
1
2890 141
1
2891 175
0
0
1
2892 95
0
0
1
2893 76
1
2894 174
0
0
1
2895 252
0
0
1
2896 136
1
2897 142
1
2898 86
1
2899 44
0
1
2900 24
0
1
2901 121
1
2902 68
1
2903 311
0
1
2904 244
1
2905 144
1
2906 2
0
0
1
2907 212
1
2908 82
1
2909 50
1
2910 227
0
1
2911 313
1
2912 138
0
1
2913 201
1
2914 213
1
2915 274
0
1
2916 185
1
2917 47
0
0
1
2918 86
0
0
1
2919 178
1
2920 150
1
2921 284
0
1
2922 165
0
0
1
2923 69
1
2924 276
1
2925 61
1
2926 265
1
2927 179
0
1
2928 313
0
1
2929 279
1
2930 228
1
2931 322
0
1
2932 102
0
1
2933 210
0
0
1
2934 20
1
2935 151
0
0
0
0
1
2936 67
1
2937 227
1
2938 76
1
2939 162
0
1
2940 54
0
1
2941 321
1
2942 204
1
2943 98
1
2944 74
1
2945 289
0
0
1
2946 216
1
2947 121
0
1
2948 87
1
2949 180
0
1
2950 321
1
2951 117
1
2952 222
1
2953 15
1
2954 146
0
1
2955 108
1
2956 42
1
2957 124
1
2958 170
1
2959 254
0
1
2960 200
0
0
0
0
0
1
2961 127
1
2962 91
1
2963 307
0
1
2964 235
1
2965 140
1
2966 85
1
2967 310
1
2968 319
1
2969 95
0
0
1
2970 149
0
1
2971 155
1
2972 99
1
2973 190
0
1
2974 114
1
2975 204
1
2976 65
0
0
1
2977 51
1
2978 63
1
2979 266
1
2980 213
1
2981 166
0
1
2982 274
0
0
1
2983 313
1
2984 112
1
2985 151
1
2986 197
1
2987 116
1
2988 107
0
0
1
2989 38
1
2990 221
1
2991 137
0
0
0
1
2992 64
0
1
2993 57
1
2994 322
0
1
2995 256
1
2996 184
0
1
2997 187
0
1
2998 184
0
0
0
0
0
1
2999 167
1
3000 87
0
1
3001 53
1
3002 103
1
3003 60
1
3004 71
1
3005 49
1
3006 300
1
3007 148
1
3008 204
0
1
3009 183
1
3010 173
1
3011 77
1
3012 6
0
1
3013 311
1
3014 166
0
1
3015 274
1
3016 211
1
3017 299
1
3018 51
1
3019 207
0
1
3020 304
1
3021 202
1
3022 163
1
3023 196
1
3024 60
1
3025 258
1
3026 106
1
3027 129
1
3028 18
1
3029 292
1
3030 87
1
3031 289
1
3032 71
0
0
0
0
1
3033 280
1
3034 225
0
1
3035 214
1
3036 111
0
1
3037 134
1
3038 162
1
3039 112
1
3040 47
1
3041 162
1
3042 311
1
3043 260
1
3044 109
1
3045 314
1
3046 60
0
1
3047 303
1
3048 284
0
1
3049 153
0
1
3050 170
1
3051 180
1
3052 313
0
0
0
1
3053 295
0
1
3054 44
1
3055 75
0
1
3056 143
0
1
3057 146
1
3058 10
0
0
1
3059 188
0
1
3060 303
1
3061 259
1
3062 231
1
3063 118
0
0
1
3064 239
1
3065 41
1
3066 29
1
3067 295
1
3068 121
0
1
3069 266
1
3070 147
0
1
3071 87
1
3072 271
0
0
1
3073 203
0
1
3074 145
1
3075 259
1
3076 81
0
1
3077 39
0
0
1
3078 245
0
1
3079 198
0
1
3080 295
1
3081 210
0
0
0
0
1
3082 187
0
0
1
3083 87
1
3084 321
1
3085 153
1
3086 72
0
1
3087 137
1
3088 28
1
3089 23
0
0
0
1
3090 236
1
3091 145
1
3092 110
0
1
3093 312
1
3094 218
1
3095 293
0
1
3096 144
0
0
1
3097 103
1
3098 207
0
0
1
3099 259
0
1
3100 245
1
3101 166
0
1
3102 255
0
1
3103 79
0
0
1
3104 160
1
3105 217
0
1
3106 152
1
3107 51
0
0
1
3108 161
0
1
3109 243
1
3110 52
0
1
3111 132
1
3112 169
0
0
0
1
3113 87
1
3114 260
1
3115 257
0
0
0
1
3116 100
0
1
3117 115
1
3118 107
1
3119 54
0
0
1
3120 261
0
1
3121 256
1
3122 224
1
3123 49
1
3124 164
0
0
0
0
0
1
3125 29
1
3126 141
0
0
1
3127 82
1
3128 247
1
3129 63
1
3130 303
1
3131 288
0
1
3132 302
0
1
3133 199
1
3134 248
0
0
1
3135 21
0
1
3136 167
1
3137 199
1
3138 24
0
1
3139 191
1
3140 264
0
0
0
1
3141 264
1
3142 227
0
0
0
1
3143 135
1
3144 259
1
3145 184
0
0
1
3146 134
1
3147 216
1
3148 230
0
1
3149 95
0
1
3150 287
0
1
3151 307
1
3152 297
1
3153 121
1
3154 60
0
1
3155 26
1
3156 282
1
3157 231
1
3158 109
1
3159 83
1
3160 169
0
1
3161 251
1
3162 272
1
3163 53
0
1
3164 87
0
1
3165 24
1
3166 27
0
1
3167 11
1
3168 229
1
3169 51
1
3170 92
0
0
0
1
3171 311
1
3172 294
1
3173 93
0
0
0
0
1
3174 206
0
1
3175 129
0
1
3176 293
1
3177 293
0
0
0
1
3178 247
0
1
3179 251
1
3180 275
0
0
1
3181 3
1
3182 230
1
3183 182
1
3184 152
1
3185 125
0
0
1
3186 120
0
1
3187 319
0
0
1
3188 247
1
3189 51
1
3190 192
0
1
3191 2
1
3192 309
1
3193 51
0
1
3194 134
0
1
3195 228
0
0
0
1
3196 178
0
0
1
3197 265
0
1
3198 61
0
0
0
1
3199 293
0
1
3200 21
0
1
3201 44
1
3202 252
1
3203 255
1
3204 205
0
1
3205 31
0
1
3206 55
1
3207 228
0
1
3208 192
0
1
3209 32
1
3210 33
1
3211 187
1
3212 169
0
1
3213 318
1
3214 281
1
3215 162
1
3216 159
1
3217 97
0
1
3218 91
1
3219 284
1
3220 65
1
3221 319
0
1
3222 152
1
3223 194
1
3224 295
1
3225 79
0
1
3226 206
0
0
0
1
3227 301
1
3228 188
0
1
3229 321
1
3230 35
1
3231 254
1
3232 298
1
3233 61
1
3234 229
1
3235 279
1
3236 239
0
0
1
3237 166
0
1
3238 213
1
3239 258
1
3240 259
0
0
0
1
3241 38
0
1
3242 6
1
3243 31
0
1
3244 188
0
1
3245 101
0
1
3246 37
1
3247 183
0
0
0
0
0
1
3248 180
1
3249 202
1
3250 6
0
1
3251 71
0
0
1
3252 84
0
1
3253 25
1
3254 88
1
3255 297
1
3256 62
1
3257 48
0
0
0
0
1
3258 206
0
1
3259 123
1
3260 36
0
0
0
0
0
0
1
3261 143
0
0
1
3262 196
1
3263 120
0
1
3264 55
0
1
3265 139
0
0
1
3266 173
1
3267 202
0
1
3268 305
1
3269 291
0
1
3270 175
1
3271 193
1
3272 42
1
3273 295
1
3274 38
1
3275 182
1
3276 176
0
0
1
3277 104
0
0
1
3278 201
0
1
3279 256
1
3280 39
0
0
1
3281 260
1
3282 70
1
3283 243
1
3284 213
0
0
1
3285 270
1
3286 50
0
1
3287 39
0
0
1
3288 106
1
3289 163
0
1
3290 181
1
3291 57
1
3292 284
1
3293 302
1
3294 33
1
3295 180
0
1
3296 148
0
0
0
0
0
0
1
3297 248
1
3298 110
0
1
3299 131
1
3300 156
0
0
0
0
0
0
0
1
3301 32
0
0
0
0
1
3302 53
1
3303 155
1
3304 84
1
3305 259
1
3306 82
0
1
3307 211
1
3308 101
1
3309 313
0
0
0
1
3310 17
0
1
3311 77
1
3312 112
1
3313 250
1
3314 238
1
3315 214
0
0
1
3316 175
0
0
1
3317 311
1
3318 104
1
3319 180
0
0
0
1
3320 141
0
0
0
0
1
3321 187
1
3322 144
0
0
1
3323 16
0
0
1
3324 175
0
1
3325 13
0
1
3326 226
1
3327 283
1
3328 260
1
3329 134
1
3330 167
1
3331 180
0
1
3332 22
1
3333 185
0
0
0
1
3334 312
0
1
3335 256
1
3336 133
1
3337 166
1
3338 54
1
3339 44
1
3340 74
1
3341 75
1
3342 230
1
3343 21
0
1
3344 208
0
0
1
3345 106
1
3346 188
1
3347 70
1
3348 169
1
3349 148
0
0
0
0
1
3350 152
0
0
1
3351 145
0
1
3352 64
0
0
1
3353 28
0
1
3354 230
1
3355 152
1
3356 224
1
3357 292
1
3358 259
1
3359 289
0
1
3360 302
0
1
3361 23
1
3362 3
1
3363 90
1
3364 78
1
3365 289
0
0
1
3366 237
1
3367 243
1
3368 144
0
1
3369 178
1
3370 48
1
3371 9
1
3372 133
1
3373 287
1
3374 55
1
3375 256
1
3376 279
0
1
3377 35
1
3378 160
0
1
3379 254
1
3380 74
1
3381 264
0
1
3382 247
1
3383 106
1
3384 13
1
3385 55
1
3386 302
1
3387 213
1
3388 54
1
3389 190
1
3390 174
1
3391 258
1
3392 218
1
3393 146
1
3394 270
1
3395 219
0
0
1
3396 121
1
3397 126
0
1
3398 237
0
1
3399 217
1
3400 183
0
0
0
1
3401 225
1
3402 141
0
1
3403 125
0
1
3404 160
1
3405 321
1
3406 44
0
1
3407 154
1
3408 125
1
3409 105
1
3410 8
1
3411 116
1
3412 49
1
3413 320
0
0
1
3414 255
0
0
1
3415 202
1
3416 7
1
3417 89
1
3418 271
1
3419 137
1
3420 289
1
3421 99
0
1
3422 199
1
3423 90
0
1
3424 30
0
0
1
3425 71
1
3426 51
0
1
3427 51
1
3428 214
1
3429 61
0
1
3430 267
1
3431 53
0
1
3432 57
1
3433 152
0
1
3434 227
1
3435 199
1
3436 66
0
1
3437 163
1
3438 306
1
3439 283
1
3440 65
0
0
1
3441 322
1
3442 246
0
0
0
0
1
3443 98
0
1
3444 29
0
0
0
0
1
3445 160
0
1
3446 52
0
1
3447 33
1
3448 129
1
3449 188
1
3450 47
0
1
3451 216
0
1
3452 299
1
3453 6
1
3454 85
1
3455 55
0
1
3456 70
0
0
1
3457 204
1
3458 56
1
3459 264
0
0
1
3460 240
1
3461 89
0
0
1
3462 27
0
1
3463 72
1
3464 155
1
3465 111
1
3466 301
0
1
3467 280
1
3468 311
1
3469 9
0
0
0
1
3470 132
0
1
3471 193
0
1
3472 294
0
1
3473 233
1
3474 104
0
0
1
3475 197
1
3476 27
1
3477 182
1
3478 67
1
3479 304
1
3480 91
0
0
0
1
3481 186
1
3482 8
1
3483 145
0
1
3484 127
1
3485 183
0
0
1
3486 271
0
0
0
1
3487 63
1
3488 52
1
3489 72
1
3490 140
0
1
3491 50
1
3492 133
1
3493 303
1
3494 27
1
3495 35
0
1
3496 207
1
3497 253
1
3498 109
0
0
0
1
3499 175
1
3500 120
0
1
3501 86
1
3502 306
1
3503 317
0
1
3504 55
1
3505 206
1
3506 91
1
3507 109
1
3508 64
0
0
1
3509 41
1
3510 106
0
0
0
0
0
0
0
1
3511 265
0
0
1
3512 162
0
1
3513 277
1
3514 260
1
3515 6
1
3516 319
1
3517 43
0
0
0
1
3518 79
1
3519 60
0
1
3520 194
1
3521 121
1
3522 261
1
3523 70
0
0
0
0
1
3524 202
1
3525 148
1
3526 2
0
1
3527 266
0
0
0
1
3528 110
1
3529 104
1
3530 289
0
0
1
3531 6
0
1
3532 142
1
3533 209
0
0
0
0
1
3534 166
0
1
3535 286
0
1
3536 266
1
3537 286
0
1
3538 262
1
3539 159
1
3540 54
0
1
3541 61
0
0
0
1
3542 100
0
0
0
1
3543 167
1
3544 99
1
3545 322
1
3546 183
1
3547 308
0
0
0
0
1
3548 220
1
3549 167
0
0
0
1
3550 151
0
0
1
3551 21
0
1
3552 165
0
1
3553 22
1
3554 199
1
3555 23
1
3556 112
1
3557 287
1
3558 281
0
0
1
3559 76
1
3560 14
1
3561 82
1
3562 137
1
3563 79
0
0
0
0
1
3564 137
1
3565 267
1
3566 74
1
3567 237
0
1
3568 11
1
3569 14
1
3570 17
0
1
3571 13
0
1
3572 42
0
0
1
3573 164
0
0
1
3574 27
1
3575 293
0
0
1
3576 145
1
3577 316
1
3578 214
1
3579 96
0
1
3580 215
1
3581 142
1
3582 169
1
3583 277
1
3584 59
1
3585 113
0
1
3586 79
1
3587 109
0
1
3588 126
0
1
3589 78
0
0
0
1
3590 162
0
0
1
3591 286
0
1
3592 6
1
3593 118
1
3594 160
1
3595 300
0
1
3596 152
0
0
1
3597 154
1
3598 319
1
3599 198
1
3600 174
1
3601 228
1
3602 226
0
1
3603 289
1
3604 143
1
3605 256
0
1
3606 22
0
0
1
3607 31
0
1
3608 156
0
0
0
0
1
3609 81
1
3610 85
1
3611 171
0
0
0
0
1
3612 22
0
1
3613 85
1
3614 211
1
3615 174
1
3616 314
1
3617 191
1
3618 168
1
3619 234
0
0
0
1
3620 245
0
1
3621 54
1
3622 18
0
0
0
0
0
1
3623 297
1
3624 57
0
1
3625 152
1
3626 264
1
3627 137
1
3628 82
0
0
1
3629 180
0
1
3630 261
0
0
1
3631 192
0
0
1
3632 204
0
0
0
0
0
0
0
0
0
1
3633 94
1
3634 13
1
3635 90
0
0
0
1
3636 250
0
0
1
3637 167
0
0
0
0
0
1
3638 120
0
1
3639 68
1
3640 6
0
1
3641 222
1
3642 23
0
0
1
3643 288
0
0
0
1
3644 98
1
3645 42
0
1
3646 46
1
3647 224
0
0
0
1
3648 229
1
3649 181
0
1
3650 240
0
1
3651 279
0
0
0
0
0
1
3652 36
0
1
3653 34
1
3654 51
1
3655 268
0
0
1
3656 254
0
1
3657 110
0
1
3658 133
0
1
3659 61
0
1
3660 38
1
3661 237
0
0
1
3662 264
0
0
0
0
0
0
0
0
0
1
3663 141
0
0
1
3664 226
0
1
3665 180
1
3666 147
0
0
0
1
3667 272
1
3668 77
1
3669 30
0
1
3670 242
1
3671 34
1
3672 72
1
3673 154
1
3674 186
1
3675 106
1
3676 185
0
0
0
1
3677 315
1
3678 238
1
3679 240
0
1
3680 168
1
3681 268
1
3682 41
1
3683 110
1
3684 54
0
0
0
1
3685 165
0
1
3686 141
0
0
1
3687 92
0
1
3688 30
1
3689 256
1
3690 309
0
1
3691 122
1
3692 290
1
3693 230
1
3694 297
1
3695 6
0
0
0
1
3696 259
0
0
0
1
3697 43
0
1
3698 91
0
1
3699 38
0
1
3700 175
0
1
3701 205
1
3702 23
0
1
3703 144
0
1
3704 112
1
3705 75
1
3706 33
1
3707 13
0
1
3708 105
1
3709 280
0
0
0
1
3710 237
0
1
3711 285
0
1
3712 263
1
3713 9
0
1
3714 18
0
0
0
1
3715 89
0
0
1
3716 69
0
0
0
1
3717 127
0
0
0
0
0
0
1
3718 59
1
3719 30
1
3720 147
0
1
3721 195
1
3722 248
0
1
3723 314
1
3724 154
1
3725 292
1
3726 10
0
1
3727 84
0
0
0
0
0
0
0
1
3728 289
0
1
3729 46
0
1
3730 138
1
3731 119
0
0
1
3732 198
1
3733 139
0
0
0
0
0
1
3734 192
0
1
3735 166
0
0
1
3736 289
1
3737 90
0
0
0
1
3738 194
0
1
3739 156
0
0
0
1
3740 164
0
0
1
3741 101
1
3742 307
0
1
3743 295
0
1
3744 158
0
0
0
1
3745 293
0
1
3746 94
1
3747 29
1
3748 200
1
3749 62
0
0
0
0
0
1
3750 241
1
3751 15
1
3752 109
1
3753 308
0
0
1
3754 164
1
3755 67
1
3756 23
0
1
3757 274
0
0
0
1
3758 228
1
3759 25
0
1
3760 146
1
3761 297
0
0
0
0
0
1
3762 244
1
3763 244
1
3764 116
0
0
1
3765 68
0
0
0
1
3766 214
0
0
1
3767 210
1
3768 119
1
3769 119
0
0
1
3770 54
1
3771 11
0
0
0
0
0
0
0
1
3772 44
0
1
3773 217
0
0
0
0
1
3774 236
1
3775 75
0
0
1
3776 125
1
3777 311
1
3778 283
1
3779 281
0
1
3780 320
0
1
3781 23
1
3782 97
0
1
3783 220
1
3784 79
0
0
0
0
1
3785 3
0
1
3786 225
1
3787 116
0
0
0
0
0
0
1
3788 218
1
3789 175
1
3790 258
1
3791 151
0
0
0
0
0
0
0
0
0
0
1
3792 190
0
1
3793 264
0
1
3794 14
0
0
1
3795 74
1
3796 316
0
0
0
1
3797 243
1
3798 297
1
3799 282
1
3800 246
0
0
1
3801 218
1
3802 108
1
3803 12
0
0
1
3804 150
1
3805 229
0
0
1
3806 145
0
1
3807 125
1
3808 250
0
0
0
0
0
0
1
3809 169
0
0
1
3810 106
1
3811 153
0
0
1
3812 84
1
3813 141
0
0
0
1
3814 187
0
1
3815 176
1
3816 306
1
3817 50
1
3818 145
1
3819 270
1
3820 227
0
0
0
1
3821 239
1
3822 88
1
3823 66
0
1
3824 103
0
0
1
3825 103
0
1
3826 309
1
3827 255
0
0
0
0
0
0
1
3828 153
0
0
0
0
0
1
3829 59
0
0
1
3830 63
1
3831 233
1
3832 296
1
3833 299
0
1
3834 49
0
1
3835 55
0
0
0
0
1
3836 45
1
3837 83
1
3838 154
1
3839 54
1
3840 63
0
1
3841 111
1
3842 82
0
0
0
1
3843 82
0
0
0
1
3844 38
1
3845 212
0
1
3846 93
1
3847 150
1
3848 128
1
3849 164
1
3850 236
0
0
1
3851 279
1
3852 190
0
1
3853 142
0
1
3854 239
1
3855 181
0
0
1
3856 67
1
3857 39
0
1
3858 257
0
1
3859 20
0
0
1
3860 54
0
1
3861 154
0
0
0
0
0
0
0
0
1
3862 64
1
3863 175
0
1
3864 149
0
1
3865 74
1
3866 289
1
3867 178
1
3868 313
1
3869 154
1
3870 299
1
3871 175
0
1
3872 130
0
0
1
3873 248
0
0
0
1
3874 218
0
0
0
0
0
0
0
1
3875 60
0
0
1
3876 67
1
3877 79
0
0
0
1
3878 261
1
3879 240
0
0
0
0
0
0
0
1
3880 234
0
0
1
3881 171
0
1
3882 42
0
1
3883 183
0
0
0
1
3884 43
1
3885 169
0
1
3886 148
0
1
3887 293
1
3888 213
1
3889 171
1
3890 308
1
3891 249
0
0
0
0
0
1
3892 218
1
3893 270
1
3894 130
1
3895 266
1
3896 57
0
1
3897 252
1
3898 81
0
1
3899 123
0
0
0
1
3900 242
1
3901 201
1
3902 132
0
0
0
1
3903 306
1
3904 274
1
3905 272
0
1
3906 170
0
0
1
3907 141
1
3908 98
0
0
0
1
3909 297
0
0
0
0
0
1
3910 90
0
0
1
3911 46
1
3912 154
0
0
0
0
1
3913 284
0
1
3914 260
1
3915 234
0
0
0
0
1
3916 88
0
0
0
1
3917 214
1
3918 108
1
3919 196
0
0
1
3920 6
0
0
0
1
3921 152
1
3922 222
0
0
0
0
1
3923 302
1
3924 213
0
1
3925 306
0
1
3926 138
0
0
1
3927 129
0
1
3928 31
1
3929 219
0
0
1
3930 120
0
0
0
0
1
3931 202
1
3932 313
1
3933 182
0
1
3934 175
1
3935 125
1
3936 252
0
0
1
3937 51
0
0
0
0
1
3938 195
1
3939 41
0
0
0
1
3940 303
1
3941 19
0
0
0
1
3942 267
0
1
3943 305
0
1
3944 147
0
1
3945 23
0
0
0
0
0
0
0
0
0
1
3946 63
1
3947 182
0
1
3948 137
1
3949 175
0
1
3950 132
1
3951 148
1
3952 59
0
0
1
3953 209
1
3954 155
1
3955 61
0
1
3956 228
1
3957 108
1
3958 171
1
3959 101
0
1
3960 199
0
1
3961 147
1
3962 6
0
0
0
1
3963 51
0
1
3964 59
1
3965 270
0
0
1
3966 139
0
1
3967 230
1
3968 315
1
3969 44
1
3970 274
1
3971 247
1
3972 224
1
3973 251
1
3974 211
1
3975 48
0
1
3976 300
0
1
3977 134
0
1
3978 41
0
1
3979 190
0
0
0
0
0
0
1
3980 47
0
1
3981 6
0
1
3982 156
1
3983 4
0
0
1
3984 75
1
3985 256
1
3986 322
0
1
3987 281
1
3988 70
0
0
0
1
3989 53
1
3990 169
0
0
0
1
3991 277
0
0
0
0
1
3992 74
0
0
0
0
1
3993 62
1
3994 260
1
3995 309
0
0
1
3996 227
1
3997 260
1
3998 210
0
0
1
3999 193
0
0
0
1
4000 236
0
1
4001 147
0
1
4002 66
1
4003 261
1
4004 202
1
4005 164
0
1
4006 307
0
1
4007 261
1
4008 164
0
1
4009 226
0
0
0
1
4010 303
1
4011 250
0
0
0
0
0
0
1
4012 262
0
0
0
1
4013 228
1
4014 18
1
4015 104
1
4016 239
1
4017 263
1
4018 28
0
0
1
4019 183
1
4020 266
0
0
1
4021 234
0
1
4022 44
1
4023 37
1
4024 153
1
4025 166
0
0
0
0
0
0
0
1
4026 184
0
1
4027 275
1
4028 197
1
4029 38
1
4030 58
1
4031 247
1
4032 2
0
0
0
1
4033 114
0
1
4034 292
1
4035 79
0
1
4036 278
1
4037 232
1
4038 142
0
0
1
4039 180
0
0
1
4040 51
1
4041 206
0
0
0
0
1
4042 36
0
0
0
0
1
4043 105
0
1
4044 72
0
0
0
0
1
4045 3
0
0
0
0
1
4046 62
1
4047 263
0
0
1
4048 164
0
0
1
4049 168
1
4050 16
0
1
4051 97
0
1
4052 29
0
1
4053 292
1
4054 20
1
4055 144
1
4056 20
0
1
4057 24
0
1
4058 249
0
0
0
0
0
1
4059 162
0
0
1
4060 206
0
0
1
4061 191
1
4062 93
0
0
0
0
0
1
4063 37
0
0
1
4064 256
0
0
1
4065 285
1
4066 71
1
4067 23
1
4068 232
0
0
0
1
4069 309
0
0
0
1
4070 88
0
0
1
4071 235
0
0
1
4072 248
0
1
4073 107
1
4074 176
1
4075 241
0
0
1
4076 141
0
0
1
4077 142
0
1
4078 231
0
0
1
4079 220
1
4080 32
1
4081 3
1
4082 16
0
0
1
4083 181
0
1
4084 250
1
4085 61
1
4086 236
0
0
0
0
0
0
0
1
4087 148
1
4088 179
0
1
4089 179
0
0
1
4090 59
1
4091 115
1
4092 103
1
4093 137
0
1
4094 214
0
0
0
0
1
4095 128
1
4096 76
0
1
4097 92
1
4098 184
0
1
4099 312
0
0
1
4100 259
1
4101 66
1
4102 153
0
0
0
0
1
4103 64
1
4104 16
1
4105 135
0
1
4106 87
1
4107 237
0
0
1
4108 278
1
4109 311
0
0
1
4110 152
0
0
0
0
0
0
1
4111 39
1
4112 321
0
1
4113 318
0
0
1
4114 133
0
0
0
1
4115 57
0
0
0
1
4116 247
0
1
4117 289
1
4118 126
0
1
4119 37
0
0
1
4120 242
0
1
4121 71
1
4122 130
0
0
0
0
1
4123 66
1
4124 141
1
4125 216
1
4126 260
1
4127 134
0
0
0
1
4128 15
0
0
1
4129 12
0
1
4130 10
0
0
0
1
4131 204
1
4132 150
0
1
4133 289
1
4134 133
0
0
0
1
4135 180
1
4136 23
0
0
1
4137 38
0
0
1
4138 215
1
4139 150
0
0
1
4140 145
1
4141 118
1
4142 215
0
1
4143 49
1
4144 210
1
4145 95
0
0
0
1
4146 104
1
4147 219
0
1
4148 172
0
1
4149 160
0
1
4150 8
0
0
0
1
4151 3
0
0
0
0
0
1
4152 167
0
0
1
4153 18
0
0
0
1
4154 248
0
0
0
1
4155 170
0
0
0
1
4156 172
0
0
0
0
0
1
4157 143
0
0
1
4158 248
1
4159 144
1
4160 94
1
4161 71
1
4162 221
1
4163 307
0
1
4164 189
1
4165 70
0
1
4166 51
0
1
4167 242
0
0
1
4168 60
0
1
4169 33
0
0
1
4170 271
0
1
4171 79
1
4172 273
0
1
4173 194
1
4174 231
0
1
4175 307
0
1
4176 229
0
0
0
0
0
0
0
0
0
1
4177 77
1
4178 225
1
4179 282
0
1
4180 286
0
0
0
0
0
1
4181 143
1
4182 308
1
4183 47
0
1
4184 308
0
0
0
1
4185 143
0
0
0
0
0
1
4186 29
1
4187 163
0
0
0
1
4188 51
0
0
0
0
0
0
0
1
4189 81
1
4190 88
1
4191 27
0
0
1
4192 117
0
1
4193 81
0
1
4194 3
1
4195 81
0
0
1
4196 33
0
1
4197 81
1
4198 173
1
4199 48
0
0
1
4200 298
1
4201 306
1
4202 32
1
4203 153
1
4204 148
1
4205 183
0
0
0
1
4206 290
0
0
1
4207 71
0
0
0
0
0
0
1
4208 26
0
0
0
1
4209 200
0
0
0
0
0
0
1
4210 126
0
0
0
0
0
1
4211 179
1
4212 27
1
4213 250
0
0
0
1
4214 222
1
4215 295
0
0
0
0
1
4216 126
0
0
1
4217 61
0
1
4218 148
1
4219 50
0
0
1
4220 120
0
1
4221 141
0
0
1
4222 259
0
1
4223 130
1
4224 10
0
0
0
1
4225 220
1
4226 158
0
0
0
1
4227 277
1
4228 88
0
0
1
4229 256
1
4230 289
0
0
1
4231 285
0
0
0
1
4232 283
0
1
4233 133
0
1
4234 176
0
0
0
1
4235 26
0
1
4236 40
0
0
0
1
4237 180
1
4238 184
0
1
4239 87
1
4240 28
0
1
4241 156
0
1
4242 179
0
0
0
1
4243 274
0
1
4244 289
0
0
1
4245 41
0
1
4246 71
1
4247 164
1
4248 125
0
1
4249 152
0
0
1
4250 297
0
1
4251 80
1
4252 241
0
0
0
0
1
4253 38
0
0
1
4254 42
1
4255 260
0
0
1
4256 273
0
1
4257 85
1
4258 153
0
0
1
4259 47
0
0
1
4260 225
0
0
1
4261 11
0
0
0
0
0
0
0
0
0
1
4262 17
1
4263 294
0
1
4264 3
0
1
4265 145
1
4266 107
1
4267 42
0
0
0
1
4268 92
0
0
0
0
1
4269 270
1
4270 259
0
0
1
4271 25
0
0
0
0
1
4272 307
0
0
0
0
0
0
0
0
0
0
1
4273 199
1
4274 171
0
1
4275 47
0
0
0
0
0
1
4276 214
0
0
0
0
0
0
0
0
1
4277 98
0
1
4278 21
0
1
4279 70
0
1
4280 292
0
0
0
1
4281 306
1
4282 126
1
4283 99
0
1
4284 67
0
0
0
0
1
4285 73
0
1
4286 7
0
0
0
0
0
1
4287 127
0
0
0
0
0
0
0
0
0
1
4288 57
1
4289 292
0
0
0
0
1
4290 109
0
0
1
4291 282
1
4292 207
0
0
1
4293 66
0
0
0
0
1
4294 308
0
0
0
0
1
4295 40
0
0
0
1
4296 248
0
0
1
4297 61
0
0
0
0
1
4298 321
1
4299 49
0
1
4300 143
1
4301 301
0
1
4302 257
0
0
0
0
0
1
4303 43
0
0
0
0
0
1
4304 289
1
4305 59
0
0
0
0
1
4306 297
1
4307 23
1
4308 322
0
0
0
0
0
1
4309 137
0
1
4310 53
0
0
0
0
0
0
0
0
1
4311 271
1
4312 84
0
0
0
0
0
1
4313 247
0
0
1
4314 69
0
0
0
0
1
4315 201
1
4316 51
0
0
0
0
1
4317 33
0
0
0
1
4318 29
0
0
0
0
0
0
0
1
4319 15
0
0
1
4320 294
0
0
1
4321 247
0
0
0
0
1
4322 126
0
1
4323 194
0
0
1
4324 48
1
4325 175
0
0
0
0
0
0
0
0
1
4326 6
0
1
4327 169
1
4328 237
1
4329 118
0
0
1
4330 257
0
0
1
4331 296
1
4332 126
0
0
1
4333 146
0
0
0
0
1
4334 163
1
4335 168
0
0
0
0
0
1
4336 153
0
0
1
4337 93
1
4338 197
0
1
4339 103
0
1
4340 289
1
4341 146
0
1
4342 63
0
0
1
4343 35
0
0
0
0
0
0
0
0
0
1
4344 84
1
4345 180
0
1
4346 201
0
0
0
1
4347 221
0
0
0
0
0
0
1
4348 90
1
4349 159
0
0
1
4350 46
1
4351 201
0
1
4352 78
1
4353 262
0
1
4354 296
0
1
4355 221
0
1
4356 223
1
4357 144
1
4358 206
0
1
4359 163
0
0
0
1
4360 209
0
0
1
4361 264
0
0
0
0
0
0
0
0
1
4362 217
1
4363 203
0
0
1
4364 65
0
1
4365 148
0
0
1
4366 9
1
4367 122
0
0
1
4368 99
0
0
0
0
0
0
0
0
0
0
1
4369 80
1
4370 32
0
0
0
0
0
1
4371 320
0
0
0
0
0
0
1
4372 314
0
1
4373 41
1
4374 34
0
0
0
0
0
1
4375 264
1
4376 122
0
0
1
4377 227
1
4378 99
0
0
0
0
1
4379 88
1
4380 50
0
0
1
4381 108
1
4382 270
0
0
0
1
4383 26
0
0
0
0
0
0
0
0
0
0
0
1
4384 127
0
0
0
1
4385 29
0
0
0
0
0
0
0
1
4386 160
0
0
1
4387 79
0
0
0
0
0
0
0
0
0
0
0
0
0
0
0
0
1
4388 193
0
0
0
1
4389 68
0
0
0
0
0
0
0
1
4390 125
0
1
4391 90
0
1
4392 71
0
1
4393 281
0
0
1
4394 71
0
0
0
0
1
4395 242
1
4396 284
0
0
0
1
4397 314
0
0
0
1
4398 317
1
4399 212
0
0
1
4400 30
0
1
4401 38
0
0
0
0
1
4402 230
0
1
4403 193
0
0
0
0
0
0
0
0
0
0
0
0
0
0
1
4404 187
0
0
0
0
1
4405 162
0
0
1
4406 293
1
4407 210
0
1
4408 197
1
4409 127
0
0
1
4410 82
1
4411 169
0
1
4412 137
0
0
1
4413 64
1
4414 116
1
4415 293
0
0
0
1
4416 57
0
0
0
0
0
1
4417 8
1
4418 286
1
4419 14
0
0
0
0
0
1
4420 42
0
1
4421 286
0
0
0
0
0
0
0
1
4422 227
1
4423 125
0
1
4424 33
0
1
4425 285
0
0
0
0
0
0
1
4426 187
1
4427 247
0
0
1
4428 145
0
1
4429 249
0
0
0
1
4430 285
0
0
0
0
0
0
0
1
4431 85
0
0
0
1
4432 260
0
0
1
4433 249
0
1
4434 205
0
0
0
0
0
0
0
0
1
4435 51
0
1
4436 203
1
4437 70
0
0
0
1
4438 104
0
0
0
0
0
0
0
0
0
1
4439 277
0
1
4440 14
0
0
0
0
0
0
0
0
0
0
1
4441 12
1
4442 178
0
0
1
4443 297
1
4444 274
0
0
0
0
0
0
0
1
4445 8
0
0
1
4446 231
0
0
0
1
4447 238
0
0
0
0
0
0
0
0
0
0
0
0
1
4448 127
0
0
0
0
1
4449 68
0
1
4450 11
0
1
4451 74
0
1
4452 201
0
1
4453 185
0
0
1
4454 224
0
0
0
0
0
0
1
4455 193
0
0
0
1
4456 98
1
4457 205
0
0
0
0
0
0
0
0
0
0
1
4458 320
0
0
0
0
0
1
4459 163
1
4460 4
1
4461 166
1
4462 65
0
1
4463 250
0
0
0
0
0
0
1
4464 160
0
0
0
0
0
1
4465 321
0
0
0
0
0
0
0
0
0
1
4466 284
0
0
1
4467 294
0
0
0
0
1
4468 195
0
1
4469 67
1
4470 207
1
4471 38
0
0
0
0
0
1
4472 117
1
4473 273
1
4474 300
0
1
4475 289
0
0
0
0
0
1
4476 150
0
0
0
0
1
4477 23
0
1
4478 118
0
1
4479 31
1
4480 267
0
0
0
0
0
0
0
0
0
0
0
1
4481 71
0
1
4482 164
0
0
0
0
0
0
0
0
0
0
0
0
1
4483 304
0
0
0
0
0
0
0
0
0
0
1
4484 237
1
4485 23
0
0
0
0
1
4486 187
0
1
4487 101
1
4488 161
0
0
0
1
4489 53
0
0
1
4490 96
1
4491 314
0
0
0
0
0
0
0
0
0
1
4492 242
0
1
4493 79
0
1
4494 134
0
0
0
1
4495 38
1
4496 292
0
0
0
1
4497 154
1
4498 54
0
1
4499 229
0
0
0
0
1
4500 20
0
1
4501 193
0
0
0
0
1
4502 195
0
0
1
4503 9
0
0
0
0
0
0
0
0
0
1
4504 315
0
0
0
0
1
4505 255
0
1
4506 311
0
0
1
4507 259
0
0
1
4508 127
0
0
1
4509 319
1
4510 209
1
4511 186
0
0
0
0
0
0
0
0
0
0
0
0
1
4512 71
0
0
0
1
4513 119
1
4514 190
0
1
4515 286
0
1
4516 215
1
4517 321
0
1
4518 79
0
0
0
0
0
0
1
4519 271
0
1
4520 225
0
0
0
0
0
0
1
4521 164
0
0
0
0
0
1
4522 105
0
0
0
0
0
0
0
1
4523 298
1
4524 94
1
4525 147
0
0
0
0
1
4526 25
0
1
4527 15
0
1
4528 98
0
1
4529 31
0
0
1
4530 143
0
0
0
0
0
0
0
1
4531 60
0
0
1
4532 120
0
1
4533 209
0
1
4534 120
0
0
0
0
0
1
4535 166
0
0
0
0
0
0
0
0
0
0
0
1
4536 256
0
0
0
1
4537 313
0
0
0
0
0
0
1
4538 314
0
0
0
0
1
4539 316
0
0
1
4540 20
0
0
0
0
1
4541 242
0
1
4542 199
1
4543 167
0
0
0
0
0
0
0
0
0
1
4544 239
0
1
4545 102
0
0
0
0
1
4546 64
1
4547 203
0
0
0
1
4548 247
0
1
4549 86
0
0
1
4550 229
0
1
4551 284
0
0
0
0
1
4552 306
0
0
0
0
0
0
0
0
1
4553 248
0
0
0
0
1
4554 248
0
0
1
4555 60
0
0
0
0
0
1
4556 199
0
0
1
4557 252
0
1
4558 95
1
4559 82
0
0
0
1
4560 86
0
0
0
0
0
1
4561 313
0
0
1
4562 128
0
1
4563 251
0
0
0
1
4564 214
0
0
0
1
4565 33
0
1
4566 199
0
0
0
0
0
0
0
0
0
0
0
0
0
0
0
0
0
0
0
1
4567 143
1
4568 181
0
0
0
0
0
0
0
0
0
1
4569 141
0
0
0
0
1
4570 73
1
4571 265
0
0
0
0
1
4572 5
0
0
1
4573 203
0
0
0
0
1
4574 313
1
4575 220
0
1
4576 176
0
0
0
0
0
0
0
0
0
0
0
0
0
0
0
0
0
0
0
0
0
0
0
0
0
0
0
0
0
0
0
0
0
0
0
0
0
0
0
1
4577 83
0
0
1
4578 100
1
4579 182
0
0
0
0
0
0
1
4580 237
0
0
0
0
0
0
1
4581 298
0
0
0
0
0
0
0
1
4582 309
0
0
0
0
0
0
0
1
4583 172
1
4584 118
0
1
4585 281
0
0
0
0
0
1
4586 231
0
0
0
0
0
0
0
1
4587 232
1
4588 138
1
4589 53
0
0
0
0
0
1
4590 54
1
4591 6
1
4592 169
1
4593 174
0
0
1
4594 154
0
1
4595 54
0
0
0
0
0
0
0
0
0
0
0
0
0
0
1
4596 57
0
0
0
0
0
0
0
0
0
0
0
0
0
0
0
0
0
0
0
0
1
4597 115
0
1
4598 148
0
0
0
0
0
0
0
0
0
0
1
4599 31
0
0
0
0
0
0
0
0
0
0
0
0
0
0
0
0
0
0
1
4600 192
0
0
1
4601 159
0
0
1
4602 242
0
1
4603 235
1
4604 215
0
0
0
1
4605 193
0
0
0
0
0
0
0
0
0
0
0
0
0
0
0
0
0
0
1
4606 208
1
4607 14
1
4608 39
0
0
0
0
0
0
1
4609 177
0
0
0
0
0
0
0
0
0
0
0
0
0
0
0
0
1
4610 36
1
4611 247
1
4612 39
0
0
0
1
4613 75
1
4614 122
0
1
4615 18
0
0
0
0
0
1
4616 172
0
0
0
0
0
0
0
0
1
4617 227
1
4618 297
1
4619 174
1
4620 62
0
0
0
1
4621 27
1
4622 186
0
1
4623 254
0
1
4624 127
1
4625 157
0
0
0
1
4626 257
0
0
1
4627 98
1
4628 171
0
0
0
1
4629 223
0
0
0
1
4630 9
0
0
1
4631 169
0
0
0
0
1
4632 247
0
0
1
4633 241
0
0
0
0
0
0
0
0
1
4634 76
0
1
4635 298
0
0
0
1
4636 303
1
4637 51
0
0
0
1
4638 164
0
0
0
0
0
0
1
4639 187
1
4640 112
0
0
0
0
0
0
0
0
0
0
0
0
1
4641 18
0
0
1
4642 170
0
0
0
1
4643 50
0
0
1
4644 46
0
0
0
1
4645 155
0
0
0
0
1
4646 5
0
0
0
0
0
0
0
1
4647 209
0
0
1
4648 159
0
1
4649 169
0
0
0
0
0
0
0
0
0
1
4650 174
0
0
0
0
0
0
0
1
4651 212
0
0
0
0
1
4652 286
0
0
0
0
0
0
1
4653 198
0
0
0
1
4654 313
0
0
0
0
1
4655 57
0
0
0
0
0
0
1
4656 153
0
1
4657 126
0
0
0
0
0
1
4658 173
0
0
1
4659 127
0
1
4660 274
0
0
0
1
4661 232
0
0
0
0
0
0
0
0
0
0
0
0
1
4662 230
0
0
0
0
0
0
0
0
0
0
1
4663 309
0
0
0
0
0
0
0
0
0
0
0
0
0
0
0
0
0
0
0
1
4664 212
0
0
1
4665 289
1
4666 320
0
0
0
0
0
0
0
0
0
0
0
0
0
0
0
0
0
0
1
4667 207
0
0
1
4668 40
0
0
0
0
0
1
4669 191
0
0
0
0
0
0
0
0
1
4670 265
0
0
0
0
1
4671 321
0
1
4672 270
0
0
0
0
0
0
0
0
0
0
0
1
4673 275
1
4674 308
0
0
0
0
0
0
1
4675 284
1
4676 54
0
0
0
0
0
0
0
0
0
0
0
0
1
4677 16
0
0
0
0
0
0
0
0
1
4678 89
1
4679 20
0
0
0
0
0
1
4680 230
0
0
0
0
1
4681 181
0
0
0
0
0
0
0
0
0
0
0
0
0
0
0
0
0
0
0
0
0
0
0
1
4682 17
0
0
0
0
0
0
0
0
0
0
0
1
4683 211
0
1
4684 294
0
0
1
4685 27
0
1
4686 94
0
0
0
1
4687 275
0
0
0
0
0
0
0
0
0
0
1
4688 239
0
0
0
0
0
0
0
0
0
0
0
0
0
0
1
4689 72
1
4690 105
0
0
0
1
4691 67
0
1
4692 311
0
0
0
1
4693 28
0
0
0
0
0
0
0
1
4694 218
0
1
4695 16
0
0
0
0
0
0
0
0
0
0
0
0
0
0
0
0
0
1
4696 54
0
0
0
0
0
1
4697 54
1
4698 243
1
4699 45
0
0
0
1
4700 249
0
0
0
0
0
0
0
1
4701 181
1
4702 266
0
0
0
0
0
0
0
0
0
0
1
4703 148
0
0
0
0
0
1
4704 38
0
0
0
0
0
0
0
0
0
0
1
4705 314
0
0
0
0
0
0
0
1
4706 210
0
0
1
4707 80
0
0
0
0
0
0
1
4708 244
0
0
0
0
0
0
0
0
0
0
0
0
0
0
1
4709 126
0
0
0
0
1
4710 177
1
4711 244
1
4712 122
0
0
0
0
0
1
4713 3
0
1
4714 180
0
0
0
0
0
0
0
0
0
0
0
0
0
0
0
0
0
0
0
0
0
1
4715 148
0
0
0
0
0
0
0
0
0
0
0
0
0
0
0
0
1
4716 143
0
0
0
0
0
0
0
1
4717 261
1
4718 165
0
0
0
0
0
1
4719 77
0
0
0
0
0
1
4720 127
0
0
0
0
0
0
0
0
0
0
0
0
0
0
0
0
0
0
0
0
0
0
0
0
0
0
0
0
0
0
0
0
0
0
0
0
0
0
1
4721 55
0
0
0
0
0
1
4722 313
0
0
0
0
0
0
0
0
0
0
1
4723 81
1
4724 284
0
0
1
4725 139
0
0
0
0
0
0
0
0
0
0
0
0
0
0
0
0
0
0
0
0
0
0
0
0
0
0
0
0
0
0
0
0
0
0
0
0
0
0
0
0
0
0
0
0
0
1
4726 205
0
0
0
0
0
0
0
0
0
0
0
1
4727 56
0
0
0
1
4728 159
0
1
4729 139
1
4730 204
0
0
0
0
0
0
0
0
0
0
0
0
0
0
0
0
0
0
0
0
0
0
0
0
0
0
0
0
0
0
0
0
0
1
4731 107
0
0
1
4732 266
0
0
0
0
0
0
0
0
1
4733 158
0
0
0
0
0
0
0
0
0
0
0
1
4734 4
0
0
0
0
0
0
0
0
0
0
0
0
0
0
0
0
0
0
0
0
0
0
0
0
0
0
1
4735 103
0
0
0
0
0
0
0
0
0
0
0
0
0
0
0
0
0
0
0
0
1
4736 69
0
0
0
0
0
0
0
0
0
0
1
4737 233
0
0
1
4738 239
0
0
0
0
0
0
0
0
0
0
0
0
0
0
0
0
0
0
0
0
0
1
4739 289
1
4740 12
0
0
0
0
0
0
0
0
0
0
0
1
4741 260
0
0
1
4742 81
0
0
0
0
0
0
0
0
0
0
0
0
0
0
0
0
0
0
0
0
0
0
0
1
4743 124
0
0
0
0
0
0
0
0
0
0
0
0
0
0
0
0
0
0
0
0
0
0
0
0
0
0
0
0
0
0
0
0
0
0
0
0
0
0
1
4744 167
1
4745 110
0
0
0
0
0
0
0
0
0
0
0
0
1
4746 57
0
1
4747 112
0
1
4748 310
0
0
1
4749 35
0
0
0
0
0
0
0
0
0
0
0
0
0
0
0
0
0
0
0
0
0
1
4750 313
0
0
0
0
0
0
0
0
0
0
1
4751 142
1
4752 259
0
0
0
0
0
0
0
0
0
0
0
0
0
0
0
0
0
0
0
0
0
0
0
0
0
0
0
0
0
0
0
1
4753 193
0
0
0
0
0
0
0
0
0
0
0
0
0
0
0
0
0
0
0
0
0
0
0
0
0
0
0
0
0
0
0
0
0
0
0
0
0
0
0
0
1
4754 107
0
0
0
0
0
0
0
0
0
0
0
0
0
0
1
4755 256
0
0
0
0
0
0
0
0
0
0
0
1
4756 60
0
0
0
0
0
1
4757 152
0
0
0
0
0
0
0
0
0
0
0
0
0
0
0
0
0
0
0
0
0
0
0
0
0
1
4758 304
0
1
4759 150
0
0
0
0
0
0
0
0
0
0
0
0
0
1
4760 169
0
1
4761 167
0
0
0
0
0
0
0
0
0
0
0
0
0
0
0
0
1
4762 175
0
0
0
0
0
0
0
0
0
0
0
0
0
0
0
0
0
0
0
0
0
0
0
0
0
0
0
0
0
0
0
0
0
0
0
0
0
0
0
0
0
0
0
0
0
0
0
0
0
0
0
0
0
0
0
0
1
4763 148
0
0
0
0
0
0
0
0
0
0
0
0
0
1
4764 245
0
0
0
0
0
0
0
0
0
0
0
0
0
0
0
0
0
0
0
1
4765 15
0
0
0
0
0
0
0
0
0
0
0
0
0
0
0
0
0
0
0
0
0
0
0
0
0
0
0
0
0
0
0
0
1
4766 215
0
0
0
0
0
0
0
0
0
0
0
0
0
0
0
0
0
0
0
0
0
0
0
0
0
0
0
0
0
0
0
0
0
0
0
0
0
0
0
0
0
0
0
0
0
0
0
0
0
0
0
0
0
0
0
0
0
0
0
0
0
0
0
0
0
0
0
0
0
0
0
0
0
0
0
0
0
0
0
0
1
4767 108
0
0
0
0
0
0
0
0
0
0
0
0
0
0
0
0
0
0
0
0
0
0
0
0
0
0
0
0
0
0
0
1
4768 72
1
4769 294
0
0
1
4770 30
0
0
0
0
0
0
0
0
0
0
0
0
0
0
0
0
0
0
0
0
0
0
0
0
0
0
0
0
0
0
0
0
0
0
0
0
0
0
0
0
0
0
0
0
0
0
0
0
0
0
0
0
0
0
0
0
0
0
0
0
0
0
0
0
0
0
0
0
0
0
0
0
0
0
0
0
0
0
0
0
0
1
4771 288
0
0
0
0
0
0
0
0
0
0
0
0
0
0
0
0
0
0
1
4772 230
0
0
0
0
0
0
0
0
0
0
0
0
0
0
0
0
0
1
4773 137
0
0
0
0
0
0
0
0
0
0
0
0
0
0
0
0
0
0
0
0
0
0
0
0
0
0
0
0
0
0
0
0
0
0
0
0
0
0
0
1
4774 180
0
0
0
0
0
0
0
0
0
0
0
0
0
0
0
0
0
0
0
0
0
0
0
0
0
0
0
0
0
0
0
0
0
0
0
0
0
0
0
0
0
0
0
0
0
0
0
0
0
0
0
0
0
0
0
0
0
0
0
0
0
0
0
0
0
0
0
0
0
0
0
0
0
0
0
0
0
0
0
0
0
0
0
0
0
0
0
0
0
0
0
0
0
0
0
0
0
0
0
0
0
0
0
0
0
0
0
0
0
0
0
0
0
0
0
0
0
0
0
0
0
0
0
0
0
0
0
0
0
0
0
0
0
0
0
0
0
0
0
0
0
0
0
0
0
0
0
0
0
0
0
0
0
0
0
0
0
0
0
0
0
0
0
0
0
0
0
0
0
0
0
0
0
0
0
0
0
0
0
0
0
0
0
0
0
0
0
0
0
0
0
0
0
0
0
0
0
0
0
0
0
0
0
0
0
0
0
0
0
0
0
0
0
0
0
0
0
0
0
0
0
0
0
0
0
0
0
0
0
0
0
0
0
0
0
0
0
0
0
0
0
0
0
0
0
0
0
0
0
0
0
0
0
0
0
0
0
0
0
0
0
0
0
0
0
0
0
0
0
0
0
0
0
0
0
0
0
0
0
0
0
0
0
0
0
0
0
0
0
0
0
0
0
0
0
0
0
0
0
0
0
0
0
0
0
0
0
0
0
0
0
0
0
0
0
0
0
0
0
0
0
0
0
0
0
0
0
0
0
0
0
0
0
0
0
0
0
0
0
0
0
0
0
0
0
0
0
0
0
0
0
0
0
0
0
0
0
0
0
0
0
0
0
0
0
0
0
0
0
0
0
0
0
0
0
0
0
0
0
0
0
0
0
0
0
0
0
0
0
0
0
0
0
0
0
0
0
0
0
0
0
0
0
0
0
0
0
0
0
0
0
0
0
0
0
0
0
0
0
0
0
0
0
0
0
0
0
0
0
0
0
0
0
0
0
0
0
0
0
0
0
0
0
0
0
0
0
0
0
0
0
0
0
0
0
0
0
0
0
0
0
0
0
0
0
0
0
0
0
0
0
0
0
0
0
0
0
0
0
0
0
0
0
0
0
0
0
0
0
0
0
0
0
0
0
0
0
0
0
0
0
0
0
0
0
0
0
0
0
0
0
0
0
0
0
0
0
0
0
0
0
0
0
0
0
0
0
0
0
0
0
0
0
0
0
0
0
0
0
0
0
0
0
0
0
0
0
0
0
0
0
0
0
0
0
0
0
0
0
0
0
