373 586
192 49 5
109 31 3
228 295 3
316 199 1
75 264 5
99 353 3
319 258 3
78 233 3
263 166 3
206 287 3
251 161 3
168 165 4
207 338 3
231 173 4
197 16 4
3 25 4
100 314 4
256 207 5
147 280 2
218 296 2
132 339 2
47 34 3
156 284 2
259 72 3
27 241 3
65 299 3
132 20 1
313 183 5
247 162 3
357 186 5
42 344 4
178 221 3
250 180 3
86 111 3
281 262 3
292 99 2
35 106 3
163 131 3
132 150 2
254 317 3
320 236 4
83 30 5
319 45 4
252 364 5
205 257 3
106 108 5
288 200 2
242 234 2
111 92 5
245 151 4
1 189 2
169 19 1
309 112 3
252 62 5
37 12 2
239 139 3
33 172 3
61 72 5
123 96 2
110 270 4
100 330 4
188 202 2
217 207 5
327 73 4
343 190 2
48 138 4
28 290 4
65 241 3
169 256 4
351 3 3
340 156 2
138 198 5
155 170 2
15 29 4
188 122 3
234 103 2
235 80 3
135 227 3
362 291 5
346 157 3
248 175 5
248 212 3
182 324 4
134 43 3
354 24 2
91 368 5
340 66 4
158 124 3
151 102 5
342 311 2
257 52 5
292 245 3
331 221 4
229 119 3
355 360 3
156 89 3
368 370 4
266 291 3
85 98 4
224 130 5
4 223 3
320 110 4
330 314 3
88 26 2
329 275 3
53 70 3
20 339 2
289 373 3
217 19 2
120 105 4
129 122 4
176 304 4
372 108 3
157 255 2
218 359 3
69 102 3
152 365 3
137 100 2
171 327 4
63 216 4
58 302 3
360 216 4
214 6 3
272 171 3
301 141 5
313 239 5
306 325 4
210 245 5
74 196 5
122 202 2
161 335 4
214 145 5
307 38 5
111 364 3
353 216 4
87 146 5
212 78 2
96 103 3
222 94 1
42 41 4
29 206 3
363 274 4
350 332 3
127 133 1
26 195 3
211 277 2
68 175 3
249 39 3
79 352 2
331 25 4
205 10 3
338 356 3
230 307 3
272 84 4
88 181 4
120 56 4
165 178 3
227 355 5
324 152 2
177 267 2
232 182 2
200 233 2
327 87 2
179 323 5
370 194 3
29 362 3
7 237 3
57 26 3
304 36 4
310 240 5
249 202 4
10 112 3
168 103 3
75 196 3
116 182 5
232 152 2
324 157 3
37 145 4
323 95 3
267 282 3
347 236 2
22 371 2
288 218 3
322 344 4
124 174 4
30 289 4
294 279 3
188 259 2
142 220 4
298 125 2
293 208 2
95 81 4
84 40 3
285 4 4
23 330 3
81 62 4
170 327 5
168 209 5
121 341 3
297 198 3
62 331 3
294 312 4
165 323 3
343 201 5
225 93 3
60 18 4
345 356 3
127 121 4
279 43 3
153 123 3
65 313 3
215 179 3
61 98 4
358 5 4
167 227 2
66 286 3
76 250 2
109 122 4
335 235 3
107 4 4
339 150 1
348 176 3
260 346 5
238 322 2
74 70 2
218 136 3
152 298 4
71 268 5
9 98 3
213 273 3
209 238 2
186 271 3
21 244 3
11 244 2
335 265 4
190 359 3
286 345 3
226 173 3
301 300 4
315 58 2
202 72 2
242 103 2
325 160 2
243 222 2
181 371 2
187 306 4
211 143 4
280 343 3
107 22 4
333 26 3
67 187 4
348 36 2
309 13 5
46 312 5
315 367 2
250 75 3
282 354 4
137 162 2
208 269 3
280 204 3
2 102 3
169 217 3
27 362 3
50 46 5
257 45 4
56 148 4
137 247 2
266 97 3
294 224 3
35 322 3
246 66 4
24 252 3
50 19 5
32 105 5
220 110 2
34 197 5
186 82 4
304 38 4
372 192 3
154 243 3
54 349 3
92 86 3
369 325 4
295 121 3
314 52 5
184 32 3
129 249 4
59 191 4
44 293 5
117 256 3
41 209 3
131 148 3
196 76 3
361 180 4
340 284 2
230 176 2
12 21 2
372 317 2
135 6 3
184 7 4
131 287 4
305 337 5
282 177 4
155 17 3
9 351 5
104 265 3
199 54 3
306 160 4
33 326 2
49 297 3
285 84 4
140 36 3
126 115 3
154 199 5
194 148 4
144 267 3
361 234 4
254 253 3
255 89 5
283 38 3
47 16 4
67 251 2
171 258 4
348 303 5
360 22 5
159 240 3
97 124 3
44 269 3
241 37 3
195 308 3
96 153 4
237 32 4
5 175 4
114 14 3
263 360 3
243 89 4
210 102 3
118 2 4
302 211 5
370 69 3
178 209 3
58 290 2
222 345 2
159 336 3
261 82 5
203 144 2
155 71 3
63 261 3
41 3 4
71 17 4
64 254 5
5 164 3
316 208 4
49 358 3
53 123 4
352 277 3
68 78 2
35 334 4
39 101 6
270 142 2
113 274 3
69 210 4
10 363 2
346 141 5
223 289 4
300 90 3
179 180 4
13 320 3
153 108 4
105 260 3
221 95 3
244 37 3
369 59 3
86 364 4
88 57 3
118 214 3
328 74 3
7 90 4
233 149 5
112 220 3
40 113 4
217 128 4
174 347 3
55 57 3
299 333 2
272 285 4
83 271 3
240 128 4
373 166 3
321 236 2
319 171 5
215 341 5
8 238 4
51 266 5
248 262 5
365 324 1
273 127 2
183 110 4
51 115 4
347 264 5
94 345 2
213 133 3
157 141 5
228 341 3
326 14 2
303 80 3
299 270 4
43 312 3
369 191 3
189 161 4
354 177 3
229 149 4
16 259 3
156 286 3
4 373 3
362 349 3
119 253 4
181 276 3
160 201 2
18 51 4
271 289 3
247 193 3
350 185 4
8 334 4
11 368 4
227 99 3
126 44 3
11 21 4
70 242 3
219 318 4
125 163 2
76 361 4
239 158 4
224 318 4
55 274 3
113 371 4
243 94 4
31 231 5
339 219 3
268 223 5
279 130 3
321 158 4
149 253 3
135 167 2
251 283 4
328 70 3
284 300 4
366 81 4
228 366 4
358 64 3
215 366 4
90 301 2
263 261 3
91 15 3
211 79 3
348 104 4
60 126 2
167 292 5
233 326 3
10 55 4
363 45 5
190 147 2
329 213 3
294 43 4
18 126 4
204 190 3
276 22 5
225 311 4
349 206 4
187 59 3
33 114 4
297 192 3
1 359 3
342 367 3
15 287 3
12 27 3
115 54 5
212 175 3
203 267 3
337 146 3
56 298 3
219 20 2
275 273 2
226 231 2
87 258 1
278 79 3
20 150 2
311 367 2
83 357 4
306 201 3
317 64 3
82 63 3
355 353 2
101 61 3
97 18 3
309 205 3
17 170 2
8 344 3
269 240 4
24 25 4
134 46 4
80 229 5
145 2 4
151 118 2
52 295 3
305 23 3
116 154 4
342 225 3
351 85 2
1 136 3
336 185 4
114 311 5
308 276 4
264 230 3
275 13 3
352 132 5
117 134 3
310 293 3
268 30 3
318 147 3
278 277 3
101 144 4
305 92 3
139 291 4
350 307 3
321 174 3
334 48 3
333 142 3
143 28 5
246 338 4
172 315 3
47 231 4
172 296 4
140 265 3
283 185 3
131 91 5
135 308 5
133 275 2
329 347 5
85 197 3
109 188 3
303 74 4
116 255 3
67 189 4
177 203 2
290 367 3
317 108 2
281 93 5
191 128 3
266 139 3
162 100 3
278 143 3
296 136 4
104 235 4
328 53 2
123 119 2
232 365 2
56 163 4
204 318 4
173 198 4
164 248 5
183 236 4
42 77 4
6 195 3
203 9 3
260 184 4
322 106 3
93 28 5
77 238 2
138 226 3
68 5 3
159 269 4
107 40 4
261 166 5
281 14 3
146 73 4
288 335 3
336 332 4
125 120 3
209 77 2
194 91 5
252 193 3
332 60 1
310 356 4
50 117 3
48 34 4
10000
0
0
0
0
0
0
0
0
0
0
0
0
0
0
0
0
0
0
0
0
0
0
0
0
0
0
0
0
0
0
0
0
0
0
0
0
0
0
0
0
0
0
0
0
0
0
0
0
0
0
0
0
0
0
0
0
0
0
0
0
0
0
0
0
0
0
0
0
0
0
0
0
0
0
0
0
0
0
0
0
0
0
0
0
0
0
0
0
0
0
0
0
0
0
0
0
0
0
0
0
0
0
0
0
0
0
0
0
0
0
0
0
0
0
1
1 141
0
0
0
0
0
0
0
0
0
0
0
0
0
0
0
0
0
0
0
0
0
0
0
0
0
0
0
0
0
0
0
0
0
0
0
0
0
0
0
0
0
0
0
0
0
0
0
0
0
0
0
0
1
2 21
0
0
0
0
0
0
0
0
0
0
0
0
0
0
0
0
0
0
0
0
0
0
0
0
0
0
0
1
3 111
0
0
0
0
0
0
0
0
0
0
0
1
4 72
1
5 321
0
0
0
0
1
6 93
0
0
1
7 291
0
0
0
0
0
0
0
0
0
0
0
0
0
0
1
8 321
0
0
0
0
0
0
0
0
0
0
0
0
0
0
0
0
0
0
0
0
0
0
0
1
9 353
0
0
0
0
0
0
0
0
0
0
0
0
0
0
0
1
10 68
0
0
0
0
1
11 116
0
0
0
0
0
1
12 350
0
0
0
0
0
0
0
0
0
0
1
13 240
0
0
0
0
0
0
0
0
0
0
0
0
0
0
0
0
0
0
0
0
0
0
0
0
0
0
0
0
0
0
0
0
0
0
0
0
0
0
0
0
0
0
0
0
0
0
0
0
0
0
0
0
0
0
0
0
0
0
0
0
0
0
0
0
0
0
0
0
0
0
0
1
14 363
0
0
0
1
15 139
0
0
0
0
0
0
0
0
0
0
0
0
1
16 305
0
0
0
1
17 127
0
0
0
0
0
0
0
0
0
0
1
18 142
0
0
0
0
0
0
0
0
0
1
19 268
0
0
0
0
0
0
1
20 286
0
0
0
0
0
0
0
1
21 316
0
1
22 119
0
0
0
0
0
0
0
0
0
0
0
0
0
0
0
0
0
0
0
0
1
23 232
0
0
0
0
0
0
0
0
0
1
24 139
0
0
0
0
0
0
0
0
0
0
0
0
0
0
0
0
1
25 354
0
1
26 17
0
0
0
1
27 299
0
0
0
0
0
0
0
0
0
0
0
0
0
0
0
0
0
0
1
28 304
0
0
0
1
29 169
0
0
0
0
0
0
0
0
0
1
30 250
0
0
0
0
0
0
0
0
0
0
0
0
0
0
0
0
0
0
0
1
31 299
1
32 284
0
0
0
0
0
0
0
0
0
0
0
0
0
0
0
0
0
0
0
0
0
0
0
0
0
0
1
33 211
0
0
0
0
1
34 138
0
0
0
0
1
35 13
0
1
36 26
0
0
0
0
0
0
0
0
0
0
0
0
1
37 295
0
0
0
0
0
0
0
1
38 58
0
0
0
1
39 110
0
0
0
0
0
0
1
40 214
0
1
41 85
1
42 256
1
43 171
0
0
0
0
0
0
0
0
0
0
1
44 259
0
0
0
1
45 228
1
46 324
0
0
1
47 283
0
0
0
1
48 332
0
0
0
0
0
0
0
0
0
0
0
0
0
1
49 246
0
0
0
0
0
1
50 17
1
51 149
0
0
1
52 263
0
0
0
0
0
0
0
0
0
0
0
0
1
53 71
1
54 40
0
0
0
1
55 310
0
0
0
0
1
56 249
0
1
57 366
0
0
0
0
0
0
0
1
58 11
0
1
59 10
0
0
0
0
0
0
0
0
0
0
0
0
0
0
0
0
1
60 299
0
0
0
0
0
0
0
0
0
0
0
0
0
0
0
0
0
0
0
0
1
61 83
0
0
0
0
0
0
0
0
0
0
0
0
0
0
0
0
1
62 305
0
0
1
63 280
0
1
64 76
0
1
65 125
0
0
0
0
0
0
0
0
0
1
66 18
0
1
67 266
1
68 38
0
0
0
1
69 64
0
0
0
0
0
0
0
0
0
0
0
0
0
0
0
0
0
0
1
70 257
0
0
0
1
71 273
0
0
0
1
72 31
0
0
1
73 84
1
74 112
1
75 200
1
76 246
0
1
77 270
0
0
0
0
0
0
0
1
78 245
0
0
0
0
0
1
79 143
1
80 23
0
0
0
0
1
81 107
0
0
1
82 232
0
0
0
0
0
1
83 246
0
0
0
0
0
0
0
0
0
0
1
84 101
0
0
0
0
0
1
85 159
0
0
0
0
0
0
0
0
0
0
0
0
0
0
0
1
86 161
0
1
87 118
1
88 329
0
0
0
0
1
89 232
0
0
0
1
90 351
0
0
0
0
0
0
1
91 175
0
1
92 108
0
0
0
0
0
1
93 295
0
0
0
1
94 320
0
1
95 366
0
1
96 267
1
97 343
0
0
1
98 224
0
0
0
0
0
0
0
0
0
0
0
0
0
0
0
0
0
0
0
0
0
1
99 27
0
0
1
100 311
0
0
0
0
0
0
0
0
0
0
0
0
0
0
1
101 171
0
0
0
0
0
0
0
0
1
102 234
0
0
0
0
1
103 99
0
0
0
0
0
0
0
0
0
0
0
0
0
0
1
104 96
0
0
1
105 252
0
0
0
1
106 227
0
1
107 352
0
0
1
108 104
0
0
1
109 275
1
110 174
0
1
111 13
0
1
112 323
1
113 335
0
0
0
0
0
1
114 120
0
0
0
0
0
1
115 250
0
1
116 184
0
0
1
117 323
1
118 106
0
0
1
119 268
0
0
1
120 257
0
0
0
0
0
1
121 312
0
1
122 87
0
0
0
0
0
0
1
123 38
0
0
0
0
0
0
0
0
1
124 102
0
0
0
0
0
0
0
0
1
125 111
0
0
0
0
0
0
0
0
1
126 12
0
1
127 366
0
0
0
1
128 349
0
0
0
0
0
0
0
1
129 91
0
1
130 139
0
0
0
0
1
131 321
0
0
1
132 313
0
0
1
133 356
0
0
1
134 141
0
0
0
0
0
1
135 320
0
0
1
136 137
0
0
0
0
0
1
137 8
0
0
1
138 302
0
1
139 46
1
140 68
1
141 220
0
0
0
1
142 270
0
0
0
1
143 226
1
144 259
0
0
1
145 49
1
146 370
0
1
147 227
0
0
1
148 203
0
0
0
1
149 49
0
0
0
0
0
0
0
0
0
1
150 177
1
151 261
0
0
1
152 119
0
0
1
153 342
1
154 345
1
155 249
0
1
156 294
0
1
157 214
0
1
158 7
1
159 366
0
0
0
0
0
0
1
160 314
1
161 244
0
0
1
162 231
0
0
0
0
1
163 97
1
164 255
0
0
0
1
165 182
0
0
1
166 110
0
0
0
1
167 150
0
0
0
0
1
168 360
1
169 174
0
0
0
1
170 87
0
0
1
171 121
0
0
0
0
0
0
0
0
1
172 8
1
173 222
1
174 273
0
0
0
0
1
175 248
0
0
0
1
176 62
0
0
0
0
0
1
177 41
0
0
1
178 78
0
0
0
0
0
0
0
0
0
0
0
1
179 245
0
0
1
180 88
0
1
181 276
1
182 193
0
0
0
0
0
0
0
0
0
0
1
183 263
1
184 250
0
0
0
1
185 205
0
0
0
1
186 341
1
187 184
0
0
0
0
0
0
0
0
1
188 363
1
189 302
0
0
0
1
190 188
0
1
191 31
0
0
1
192 239
0
0
0
0
1
193 127
1
194 272
0
0
0
1
195 11
0
1
196 132
1
197 14
0
0
1
198 192
0
0
1
199 332
1
200 257
0
1
201 133
0
0
1
202 236
0
0
0
0
0
0
0
0
0
0
0
0
0
1
203 165
0
1
204 55
1
205 270
0
0
1
206 351
0
0
1
207 356
0
0
1
208 311
0
0
0
0
0
0
0
0
1
209 126
0
0
0
1
210 79
0
0
0
1
211 329
1
212 64
0
0
1
213 37
0
1
214 246
0
0
0
0
1
215 43
0
0
0
0
0
0
0
0
1
216 205
0
0
0
0
0
0
0
1
217 320
1
218 306
0
1
219 27
0
0
1
220 316
0
0
0
1
221 326
1
222 327
0
1
223 69
0
1
224 27
1
225 175
0
0
0
0
0
1
226 6
0
0
1
227 252
0
0
0
1
228 105
0
0
0
0
1
229 193
1
230 290
0
0
1
231 76
0
0
0
0
0
1
232 277
0
1
233 54
1
234 217
0
0
0
1
235 340
0
0
0
0
1
236 129
0
0
0
1
237 81
1
238 180
1
239 208
0
0
1
240 318
0
0
0
1
241 174
0
1
242 275
1
243 264
1
244 155
0
0
1
245 14
1
246 194
1
247 198
0
0
1
248 293
0
1
249 369
0
1
250 188
0
0
1
251 20
0
0
1
252 195
0
1
253 367
1
254 262
0
1
255 63
1
256 338
0
0
1
257 113
0
1
258 333
0
0
0
1
259 27
1
260 246
0
1
261 34
1
262 309
0
1
263 283
1
264 239
1
265 333
0
0
0
1
266 88
0
1
267 55
0
0
0
0
0
1
268 4
0
0
1
269 371
0
0
0
1
270 361
0
0
0
1
271 261
0
0
0
0
0
1
272 108
1
273 295
1
274 37
0
1
275 324
0
0
0
0
1
276 262
0
0
1
277 163
0
0
0
0
1
278 170
1
279 170
0
1
280 370
1
281 331
1
282 363
1
283 100
0
0
1
284 194
0
0
1
285 85
0
1
286 110
0
0
1
287 233
0
0
0
1
288 322
1
289 261
0
0
0
0
1
290 216
0
0
1
291 199
1
292 255
1
293 317
1
294 152
0
1
295 137
1
296 261
0
0
0
0
0
0
0
0
0
1
297 133
0
0
1
298 161
1
299 105
1
300 103
0
0
0
0
1
301 104
0
1
302 296
0
1
303 315
1
304 228
0
0
0
1
305 114
0
0
1
306 121
1
307 245
1
308 333
0
1
309 15
0
0
1
310 10
0
0
0
1
311 101
1
312 126
0
0
1
313 139
1
314 67
1
315 143
0
1
316 15
1
317 174
1
318 83
1
319 285
0
0
0
0
0
1
320 115
1
321 223
0
0
1
322 208
0
0
0
0
1
323 176
0
1
324 293
0
0
1
325 340
0
1
326 81
0
1
327 354
0
0
1
328 112
0
0
1
329 75
0
0
0
0
0
1
330 199
1
331 310
0
0
1
332 183
1
333 190
0
0
1
334 196
0
0
0
0
0
0
0
1
335 328
0
0
0
1
336 9
0
1
337 221
0
0
0
0
0
0
0
0
0
1
338 224
0
1
339 281
0
1
340 24
1
341 299
0
0
1
342 139
1
343 89
0
0
0
0
0
0
0
0
0
0
1
344 346
1
345 62
0
1
346 207
0
1
347 142
0
1
348 222
1
349 278
0
0
0
1
350 65
0
1
351 162
1
352 317
0
1
353 140
0
0
1
354 265
0
0
0
0
0
0
1
355 319
1
356 61
1
357 139
1
358 291
1
359 300
0
0
1
360 159
0
1
361 7
1
362 135
0
0
0
1
363 69
0
0
0
0
1
364 163
0
0
0
0
1
365 229
0
0
0
1
366 190
1
367 325
1
368 217
0
1
369 18
0
1
370 205
1
371 336
1
372 345
0
0
1
373 208
0
0
0
0
1
374 101
0
1
375 215
1
376 321
0
1
377 321
0
0
0
0
1
378 359
0
1
379 88
0
0
0
0
0
1
380 205
1
381 343
0
1
382 263
0
0
0
1
383 92
1
384 209
0
0
0
0
1
385 210
1
386 114
0
0
1
387 287
0
0
1
388 300
0
0
1
389 249
1
390 35
0
0
1
391 208
1
392 328
1
393 355
0
0
1
394 184
0
1
395 75
1
396 54
0
0
1
397 180
0
1
398 319
1
399 61
0
0
1
400 293
0
0
0
0
0
1
401 121
0
1
402 85
1
403 142
0
0
0
1
404 297
1
405 15
0
1
406 113
0
0
1
407 173
0
0
0
0
0
0
0
1
408 275
0
0
1
409 124
0
1
410 131
1
411 265
1
412 140
0
1
413 270
0
0
0
1
414 301
1
415 168
0
0
0
0
0
1
416 99
1
417 133
1
418 247
1
419 53
0
0
0
1
420 317
0
0
1
421 32
1
422 96
0
0
0
0
0
0
0
1
423 38
1
424 316
1
425 10
0
0
1
426 202
0
0
1
427 169
0
1
428 81
0
0
1
429 336
1
430 47
0
0
0
1
431 79
0
1
432 282
0
0
0
0
0
0
0
0
0
1
433 198
0
0
0
0
1
434 234
0
1
435 31
0
1
436 193
0
0
0
1
437 238
0
1
438 162
0
0
1
439 113
1
440 98
1
441 334
1
442 312
0
0
0
1
443 101
0
1
444 224
0
1
445 361
0
0
0
1
446 358
1
447 20
1
448 48
0
0
1
449 370
1
450 76
0
0
0
0
0
0
1
451 283
0
1
452 193
0
1
453 284
0
1
454 152
0
0
1
455 300
1
456 315
1
457 22
1
458 110
1
459 139
1
460 193
1
461 355
0
1
462 243
1
463 187
1
464 255
1
465 236
0
1
466 213
1
467 158
0
0
0
0
0
1
468 174
1
469 198
0
0
1
470 360
0
0
1
471 41
1
472 180
0
0
0
1
473 55
1
474 321
1
475 257
1
476 111
0
1
477 251
0
0
1
478 168
1
479 54
1
480 75
1
481 183
1
482 121
0
0
1
483 121
1
484 77
1
485 209
0
0
1
486 42
1
487 331
0
0
0
1
488 188
1
489 245
0
0
0
1
490 292
1
491 49
0
0
1
492 293
0
1
493 275
0
1
494 83
1
495 161
0
0
0
1
496 184
0
0
0
1
497 354
1
498 63
0
0
1
499 286
0
0
1
500 168
0
1
501 56
0
1
502 98
1
503 333
0
0
0
1
504 112
1
505 94
0
0
1
506 270
0
1
507 70
0
1
508 33
1
509 269
1
510 69
0
1
511 145
1
512 212
0
0
0
1
513 215
1
514 69
0
1
515 362
1
516 257
1
517 273
1
518 17
1
519 62
0
1
520 248
0
0
0
1
521 157
0
1
522 218
1
523 295
1
524 262
0
0
0
0
1
525 75
1
526 339
0
1
527 366
0
1
528 349
0
1
529 40
0
0
1
530 104
0
0
1
531 249
1
532 220
1
533 252
1
534 108
0
1
535 15
1
536 134
1
537 147
0
0
0
0
1
538 38
0
1
539 82
0
1
540 128
0
0
0
1
541 206
0
0
0
1
542 34
1
543 161
0
0
0
0
1
544 371
1
545 255
1
546 257
1
547 88
1
548 241
0
1
549 273
0
0
1
550 15
1
551 142
0
1
552 180
0
0
1
553 80
1
554 66
0
0
1
555 130
0
1
556 239
1
557 339
1
558 49
0
0
0
0
1
559 155
1
560 59
0
0
0
1
561 311
1
562 72
0
0
0
0
0
1
563 213
1
564 332
0
1
565 133
1
566 137
1
567 342
0
1
568 348
1
569 199
1
570 73
1
571 162
0
0
1
572 164
0
0
0
0
0
1
573 195
1
574 28
1
575 195
0
1
576 28
1
577 220
1
578 310
1
579 114
1
580 186
0
0
0
0
0
1
581 366
1
582 341
0
1
583 182
1
584 322
1
585 304
1
586 283
1
587 35
1
588 103
0
0
0
1
589 73
1
590 8
0
0
0
1
591 350
0
0
1
592 103
0
1
593 21
1
594 285
0
1
595 207
0
1
596 316
0
0
0
1
597 320
1
598 306
0
1
599 238
0
1
600 346
0
0
0
0
1
601 182
1
602 354
1
603 5
1
604 31
0
0
1
605 97
0
1
606 84
1
607 166
0
1
608 299
1
609 45
1
610 127
0
0
0
1
611 212
0
0
1
612 30
0
1
613 138
1
614 254
1
615 228
1
616 283
0
1
617 306
1
618 250
1
619 136
1
620 5
1
621 39
1
622 254
1
623 61
0
1
624 175
1
625 281
1
626 178
1
627 372
0
0
0
0
1
628 321
0
1
629 133
1
630 41
1
631 189
0
1
632 268
0
0
0
1
633 297
1
634 310
1
635 104
1
636 157
1
637 7
0
1
638 141
1
639 118
0
0
0
0
1
640 341
1
641 158
0
1
642 177
0
0
0
1
643 362
0
1
644 75
0
1
645 109
1
646 52
1
647 371
0
1
648 182
1
649 209
0
0
0
1
650 250
1
651 33
1
652 299
1
653 356
1
654 58
1
655 269
1
656 150
1
657 47
1
658 20
0
1
659 91
0
1
660 137
1
661 279
1
662 303
0
1
663 133
1
664 173
0
1
665 57
0
1
666 275
0
0
0
1
667 186
1
668 357
0
1
669 250
1
670 196
1
671 177
0
1
672 97
0
1
673 279
0
1
674 174
0
1
675 190
1
676 49
0
1
677 320
0
1
678 214
1
679 239
0
0
1
680 175
1
681 134
1
682 257
1
683 200
0
0
0
0
0
1
684 40
1
685 33
1
686 285
0
1
687 285
0
0
1
688 120
1
689 243
1
690 19
1
691 373
0
1
692 282
0
1
693 127
1
694 213
1
695 205
1
696 139
1
697 74
1
698 70
0
0
1
699 237
1
700 277
1
701 289
1
702 108
1
703 317
1
704 70
1
705 33
0
1
706 354
1
707 139
1
708 102
1
709 127
0
0
1
710 313
1
711 347
1
712 361
1
713 52
0
0
1
714 366
1
715 63
0
0
1
716 295
1
717 221
0
0
0
1
718 300
1
719 309
0
1
720 224
0
0
1
721 64
1
722 110
1
723 354
0
1
724 218
0
1
725 89
0
0
1
726 150
0
1
727 234
1
728 312
0
1
729 223
1
730 364
1
731 139
1
732 264
1
733 228
0
1
734 299
1
735 205
1
736 313
0
1
737 360
0
1
738 151
1
739 186
1
740 45
0
1
741 88
0
1
742 319
1
743 125
1
744 196
0
1
745 270
1
746 253
1
747 316
1
748 307
1
749 339
0
1
750 255
1
751 183
0
1
752 213
1
753 223
1
754 217
0
0
1
755 143
1
756 209
1
757 334
1
758 183
1
759 11
1
760 228
1
761 261
1
762 343
1
763 227
1
764 65
0
0
0
0
1
765 239
0
1
766 254
1
767 246
1
768 98
0
0
0
1
769 326
1
770 304
1
771 43
1
772 73
1
773 121
1
774 91
0
1
775 9
1
776 285
0
1
777 267
0
1
778 360
0
1
779 119
1
780 133
1
781 333
1
782 62
1
783 264
1
784 97
1
785 93
1
786 96
1
787 170
1
788 275
1
789 102
1
790 15
1
791 143
0
0
1
792 339
1
793 183
1
794 149
1
795 317
1
796 199
1
797 327
0
0
1
798 175
0
1
799 142
1
800 207
0
1
801 148
1
802 351
0
1
803 320
1
804 366
0
1
805 32
1
806 159
1
807 127
1
808 43
1
809 316
0
0
1
810 126
1
811 53
0
1
812 143
1
813 176
1
814 75
0
1
815 220
1
816 300
1
817 14
0
1
818 167
1
819 293
1
820 143
1
821 72
0
0
1
822 148
1
823 305
1
824 215
0
1
825 231
1
826 38
0
1
827 293
1
828 199
1
829 370
1
830 257
0
1
831 125
1
832 183
1
833 183
1
834 25
0
1
835 300
1
836 296
1
837 13
0
0
0
0
1
838 159
1
839 4
1
840 86
1
841 247
1
842 263
1
843 57
1
844 268
0
1
845 300
0
1
846 319
1
847 84
0
0
1
848 27
0
1
849 50
0
0
0
1
850 48
1
851 331
1
852 361
0
1
853 365
0
0
1
854 121
1
855 190
1
856 170
1
857 76
1
858 269
1
859 309
0
1
860 232
0
1
861 361
1
862 64
0
1
863 161
0
1
864 239
1
865 333
0
0
1
866 260
1
867 272
1
868 303
1
869 349
1
870 142
1
871 243
1
872 329
1
873 207
1
874 139
1
875 13
1
876 193
1
877 250
1
878 73
1
879 5
0
1
880 341
1
881 144
1
882 348
1
883 309
0
0
1
884 149
0
1
885 205
1
886 337
1
887 94
1
888 166
0
0
0
0
0
0
1
889 110
1
890 256
1
891 213
1
892 361
1
893 115
1
894 333
0
0
0
1
895 136
0
0
1
896 146
1
897 62
0
0
0
0
0
1
898 182
1
899 329
1
900 335
0
1
901 64
1
902 284
1
903 275
1
904 217
1
905 90
0
1
906 347
0
0
1
907 273
1
908 350
1
909 314
1
910 26
1
911 138
1
912 339
1
913 342
0
0
1
914 146
1
915 60
1
916 9
1
917 213
0
0
1
918 47
0
1
919 186
1
920 333
1
921 160
1
922 299
1
923 263
0
1
924 256
1
925 364
1
926 82
1
927 135
0
1
928 255
1
929 46
1
930 306
1
931 50
1
932 35
0
0
0
1
933 56
1
934 221
1
935 255
1
936 131
0
0
1
937 133
0
1
938 353
0
1
939 181
0
1
940 252
1
941 117
0
1
942 121
0
1
943 13
1
944 292
1
945 220
1
946 274
1
947 81
1
948 264
1
949 164
1
950 214
0
1
951 88
1
952 32
1
953 233
1
954 118
0
0
1
955 162
0
1
956 92
1
957 319
0
1
958 344
1
959 257
1
960 73
0
1
961 3
0
1
962 270
1
963 15
1
964 343
1
965 2
1
966 93
1
967 193
0
0
1
968 62
1
969 192
1
970 238
1
971 10
0
0
1
972 48
0
0
0
1
973 64
1
974 209
1
975 84
0
1
976 148
1
977 262
1
978 225
1
979 49
1
980 364
1
981 371
1
982 183
1
983 252
0
0
0
1
984 305
0
1
985 339
1
986 363
1
987 240
1
988 353
1
989 232
1
990 236
1
991 30
0
1
992 270
1
993 141
1
994 372
0
1
995 254
0
1
996 371
1
997 39
1
998 66
1
999 245
1
1000 302
1
1001 25
1
1002 260
0
0
1
1003 108
0
0
0
1
1004 206
1
1005 109
0
0
1
1006 364
0
1
1007 274
0
1
1008 255
1
1009 11
1
1010 222
1
1011 237
0
1
1012 259
1
1013 177
1
1014 77
1
1015 201
0
1
1016 366
1
1017 352
1
1018 168
1
1019 325
1
1020 54
0
0
1
1021 209
0
1
1022 51
1
1023 153
0
1
1024 74
1
1025 349
0
0
1
1026 199
1
1027 183
1
1028 112
1
1029 321
1
1030 309
1
1031 148
0
0
0
1
1032 220
0
1
1033 239
1
1034 113
1
1035 126
1
1036 231
1
1037 78
1
1038 295
1
1039 368
1
1040 238
1
1041 38
1
1042 108
1
1043 113
1
1044 328
0
1
1045 367
0
1
1046 185
1
1047 121
0
1
1048 355
1
1049 329
1
1050 247
0
1
1051 225
1
1052 92
1
1053 319
0
0
1
1054 166
1
1055 334
1
1056 261
1
1057 57
0
1
1058 287
1
1059 214
1
1060 208
1
1061 130
1
1062 291
1
1063 126
1
1064 280
1
1065 314
1
1066 34
0
1
1067 41
1
1068 160
1
1069 39
1
1070 281
1
1071 180
1
1072 310
1
1073 20
1
1074 347
1
1075 61
1
1076 318
0
0
0
0
1
1077 65
0
1
1078 157
1
1079 295
1
1080 268
1
1081 9
0
1
1082 319
1
1083 68
0
1
1084 335
1
1085 361
1
1086 30
0
1
1087 110
1
1088 361
1
1089 229
1
1090 192
1
1091 66
1
1092 102
0
1
1093 81
0
1
1094 136
1
1095 215
0
0
1
1096 51
0
0
1
1097 48
0
1
1098 101
0
1
1099 93
1
1100 19
1
1101 116
1
1102 329
1
1103 29
1
1104 179
0
1
1105 266
1
1106 367
0
0
0
1
1107 20
0
1
1108 299
1
1109 271
1
1110 283
1
1111 329
1
1112 329
1
1113 151
0
1
1114 117
1
1115 30
1
1116 45
0
1
1117 213
0
1
1118 178
0
1
1119 221
0
0
1
1120 150
1
1121 242
0
1
1122 2
0
0
1
1123 364
1
1124 358
1
1125 281
1
1126 301
1
1127 127
1
1128 272
1
1129 194
1
1130 357
0
1
1131 161
1
1132 17
0
1
1133 243
1
1134 105
1
1135 349
1
1136 46
0
0
1
1137 342
1
1138 250
1
1139 306
1
1140 110
0
1
1141 305
1
1142 85
1
1143 74
1
1144 185
1
1145 170
0
1
1146 47
1
1147 354
1
1148 49
1
1149 95
1
1150 220
1
1151 185
1
1152 152
1
1153 150
1
1154 142
1
1155 363
1
1156 183
0
1
1157 38
0
0
0
1
1158 359
1
1159 141
1
1160 215
1
1161 81
1
1162 124
1
1163 67
0
1
1164 191
1
1165 180
1
1166 200
1
1167 231
0
1
1168 131
1
1169 55
1
1170 251
1
1171 152
1
1172 75
1
1173 41
1
1174 97
1
1175 121
1
1176 235
1
1177 290
0
1
1178 17
1
1179 41
1
1180 295
1
1181 257
1
1182 85
0
1
1183 359
1
1184 329
0
0
0
1
1185 258
1
1186 85
1
1187 166
1
1188 295
0
1
1189 133
0
0
0
1
1190 233
1
1191 128
1
1192 104
0
1
1193 266
0
1
1194 167
1
1195 284
1
1196 290
0
1
1197 245
1
1198 6
0
1
1199 248
1
1200 63
1
1201 200
1
1202 180
0
0
0
1
1203 78
1
1204 15
1
1205 24
1
1206 24
1
1207 319
1
1208 146
0
1
1209 68
1
1210 249
1
1211 220
0
1
1212 296
1
1213 123
0
1
1214 346
1
1215 146
1
1216 361
0
0
1
1217 115
1
1218 227
0
0
1
1219 142
1
1220 320
1
1221 127
1
1222 163
0
1
1223 10
1
1224 265
1
1225 164
0
1
1226 5
1
1227 278
1
1228 181
0
0
0
0
1
1229 141
1
1230 160
0
1
1231 327
1
1232 278
0
0
1
1233 366
0
0
1
1234 99
1
1235 180
1
1236 127
1
1237 93
1
1238 318
1
1239 289
1
1240 127
1
1241 180
1
1242 315
1
1243 217
1
1244 271
0
1
1245 270
0
1
1246 141
1
1247 45
1
1248 324
0
1
1249 84
1
1250 33
1
1251 373
0
1
1252 223
1
1253 339
1
1254 90
0
1
1255 327
1
1256 306
1
1257 176
1
1258 13
1
1259 85
0
1
1260 266
1
1261 270
1
1262 319
1
1263 269
1
1264 8
0
1
1265 295
1
1266 11
0
0
1
1267 314
1
1268 171
0
1
1269 318
1
1270 321
1
1271 61
0
1
1272 259
0
1
1273 97
1
1274 174
0
1
1275 315
0
1
1276 293
1
1277 295
0
1
1278 57
1
1279 160
1
1280 295
1
1281 369
0
0
1
1282 278
0
1
1283 174
1
1284 351
0
1
1285 87
1
1286 29
0
1
1287 118
0
1
1288 111
1
1289 82
1
1290 295
1
1291 69
0
0
1
1292 153
1
1293 48
0
1
1294 190
1
1295 285
0
1
1296 114
1
1297 88
1
1298 97
0
1
1299 188
1
1300 250
1
1301 227
1
1302 293
1
1303 285
0
1
1304 315
0
1
1305 359
0
1
1306 304
1
1307 47
1
1308 52
1
1309 177
1
1310 225
0
1
1311 225
1
1312 170
0
0
1
1313 239
1
1314 341
0
1
1315 183
0
1
1316 215
0
1
1317 193
1
1318 59
1
1319 299
1
1320 144
0
1
1321 236
1
1322 29
1
1323 44
1
1324 155
1
1325 261
1
1326 10
1
1327 366
0
1
1328 67
1
1329 179
0
1
1330 270
0
1
1331 211
1
1332 113
0
1
1333 273
1
1334 119
1
1335 279
1
1336 320
1
1337 140
1
1338 187
1
1339 25
1
1340 91
1
1341 332
0
0
0
0
1
1342 274
1
1343 99
1
1344 32
1
1345 210
1
1346 118
1
1347 258
0
1
1348 14
1
1349 326
1
1350 338
1
1351 77
1
1352 353
1
1353 157
1
1354 346
1
1355 110
1
1356 355
1
1357 183
1
1358 95
0
1
1359 292
1
1360 193
1
1361 126
1
1362 15
0
1
1363 127
0
1
1364 298
1
1365 160
1
1366 304
1
1367 61
1
1368 189
1
1369 67
1
1370 35
0
1
1371 13
1
1372 168
1
1373 338
1
1374 187
1
1375 81
0
0
1
1376 116
1
1377 248
1
1378 364
1
1379 66
1
1380 78
1
1381 10
1
1382 56
0
1
1383 99
1
1384 21
1
1385 204
0
0
1
1386 124
1
1387 91
1
1388 322
1
1389 339
1
1390 13
0
1
1391 139
0
1
1392 230
1
1393 92
1
1394 182
1
1395 239
1
1396 209
1
1397 296
0
1
1398 271
1
1399 110
0
0
1
1400 298
1
1401 232
0
1
1402 303
1
1403 147
1
1404 71
1
1405 198
1
1406 79
0
1
1407 309
1
1408 204
1
1409 102
1
1410 234
1
1411 123
1
1412 216
1
1413 21
1
1414 361
1
1415 125
1
1416 120
0
1
1417 216
0
1
1418 306
1
1419 165
0
1
1420 318
1
1421 357
1
1422 305
0
1
1423 235
1
1424 259
0
0
1
1425 154
1
1426 23
0
1
1427 176
1
1428 101
1
1429 248
0
1
1430 162
1
1431 184
1
1432 192
1
1433 315
0
1
1434 163
1
1435 327
1
1436 318
1
1437 5
0
1
1438 183
1
1439 373
1
1440 338
1
1441 229
1
1442 275
0
1
1443 196
1
1444 195
1
1445 236
1
1446 320
1
1447 197
1
1448 10
1
1449 364
0
1
1450 223
1
1451 340
1
1452 23
0
1
1453 278
1
1454 133
1
1455 181
0
0
1
1456 369
1
1457 347
1
1458 361
1
1459 91
0
1
1460 20
1
1461 35
0
0
1
1462 92
1
1463 290
0
1
1464 233
1
1465 274
1
1466 225
1
1467 121
1
1468 323
1
1469 110
1
1470 18
1
1471 275
1
1472 43
1
1473 121
1
1474 363
1
1475 228
0
1
1476 336
1
1477 320
1
1478 27
1
1479 304
1
1480 135
1
1481 186
1
1482 132
1
1483 73
1
1484 223
0
1
1485 337
1
1486 339
1
1487 97
1
1488 131
1
1489 2
1
1490 149
1
1491 218
1
1492 208
0
1
1493 127
1
1494 73
1
1495 129
0
1
1496 267
1
1497 186
1
1498 113
1
1499 146
1
1500 363
1
1501 201
1
1502 365
1
1503 133
0
1
1504 352
1
1505 140
0
1
1506 216
1
1507 6
0
1
1508 238
0
0
1
1509 251
1
1510 356
1
1511 131
1
1512 14
1
1513 158
1
1514 61
1
1515 68
0
0
1
1516 231
1
1517 316
1
1518 112
1
1519 168
1
1520 321
1
1521 270
1
1522 38
1
1523 279
1
1524 272
1
1525 150
1
1526 60
0
1
1527 293
1
1528 214
1
1529 351
1
1530 126
1
1531 134
0
1
1532 128
1
1533 220
1
1534 258
1
1535 172
1
1536 331
1
1537 148
1
1538 290
1
1539 90
1
1540 118
1
1541 275
1
1542 299
1
1543 291
0
1
1544 245
1
1545 176
1
1546 240
1
1547 251
1
1548 221
1
1549 255
0
1
1550 246
1
1551 14
1
1552 328
1
1553 39
1
1554 240
1
1555 61
0
1
1556 155
0
1
1557 42
0
1
1558 285
1
1559 84
0
1
1560 13
1
1561 125
1
1562 123
1
1563 165
0
1
1564 61
1
1565 348
1
1566 24
0
1
1567 178
1
1568 73
1
1569 50
1
1570 311
1
1571 149
1
1572 275
1
1573 145
1
1574 362
0
0
1
1575 208
1
1576 296
1
1577 344
1
1578 326
1
1579 358
1
1580 244
1
1581 209
0
1
1582 282
1
1583 226
1
1584 36
1
1585 269
1
1586 242
1
1587 44
1
1588 230
1
1589 236
1
1590 371
1
1591 263
0
1
1592 344
1
1593 17
1
1594 321
0
1
1595 52
1
1596 180
1
1597 170
0
1
1598 304
1
1599 2
1
1600 60
1
1601 37
1
1602 236
0
1
1603 34
1
1604 168
1
1605 345
1
1606 151
1
1607 133
1
1608 254
1
1609 335
1
1610 257
1
1611 303
1
1612 203
1
1613 251
1
1614 19
1
1615 335
0
1
1616 122
1
1617 35
1
1618 163
1
1619 24
1
1620 182
1
1621 262
1
1622 217
1
1623 217
0
1
1624 211
1
1625 66
1
1626 67
1
1627 356
1
1628 203
1
1629 370
1
1630 207
1
1631 174
1
1632 235
1
1633 145
1
1634 32
1
1635 367
1
1636 261
1
1637 33
1
1638 71
0
1
1639 317
1
1640 30
1
1641 125
1
1642 250
1
1643 56
1
1644 202
1
1645 115
0
1
1646 202
1
1647 329
1
1648 207
1
1649 107
1
1650 54
1
1651 366
1
1652 133
0
1
1653 261
1
1654 339
1
1655 71
1
1656 75
1
1657 335
1
1658 27
0
1
1659 174
1
1660 154
1
1661 366
1
1662 157
1
1663 124
1
1664 373
0
1
1665 215
1
1666 81
0
0
1
1667 241
1
1668 241
1
1669 294
1
1670 169
1
1671 267
1
1672 204
1
1673 270
1
1674 236
0
1
1675 221
1
1676 78
1
1677 325
0
0
0
1
1678 234
1
1679 103
1
1680 93
1
1681 304
0
1
1682 37
1
1683 61
1
1684 345
1
1685 4
1
1686 209
1
1687 110
1
1688 359
1
1689 128
1
1690 45
1
1691 365
1
1692 287
1
1693 242
1
1694 75
1
1695 202
1
1696 107
1
1697 246
1
1698 211
1
1699 228
1
1700 88
1
1701 97
1
1702 2
1
1703 167
1
1704 205
1
1705 168
1
1706 230
1
1707 41
1
1708 20
1
1709 21
1
1710 328
1
1711 254
1
1712 7
1
1713 251
1
1714 72
1
1715 8
1
1716 157
1
1717 268
1
1718 103
1
1719 57
1
1720 178
0
1
1721 13
0
1
1722 13
0
1
1723 57
1
1724 221
0
1
1725 158
1
1726 231
1
1727 79
0
1
1728 25
1
1729 197
1
1730 360
1
1731 320
1
1732 112
1
1733 42
1
1734 24
1
1735 346
0
1
1736 105
1
1737 204
1
1738 369
1
1739 181
1
1740 204
1
1741 95
1
1742 195
1
1743 78
1
1744 15
1
1745 94
1
1746 57
0
1
1747 119
1
1748 82
1
1749 260
0
1
1750 7
1
1751 336
1
1752 159
0
1
1753 180
1
1754 236
1
1755 333
1
1756 147
1
1757 354
1
1758 173
1
1759 226
1
1760 56
1
1761 15
1
1762 150
1
1763 280
1
1764 350
1
1765 15
1
1766 114
1
1767 284
1
1768 76
1
1769 54
1
1770 258
1
1771 91
1
1772 260
1
1773 202
1
1774 367
1
1775 223
1
1776 315
1
1777 371
1
1778 234
1
1779 163
1
1780 229
1
1781 64
1
1782 23
1
1783 220
1
1784 181
1
1785 198
0
1
1786 4
1
1787 268
1
1788 299
1
1789 35
1
1790 194
1
1791 158
1
1792 197
1
1793 109
1
1794 358
1
1795 6
1
1796 190
1
1797 361
1
1798 199
1
1799 341
1
1800 262
1
1801 123
1
1802 204
1
1803 137
1
1804 147
1
1805 105
1
1806 366
0
1
1807 361
0
1
1808 64
0
1
1809 65
1
1810 236
1
1811 261
1
1812 279
1
1813 197
1
1814 55
1
1815 184
1
1816 125
0
1
1817 197
1
1818 371
1
1819 230
1
1820 26
1
1821 272
1
1822 290
1
1823 213
1
1824 333
1
1825 295
1
1826 114
1
1827 282
1
1828 255
1
1829 192
1
1830 24
1
1831 58
1
1832 113
1
1833 156
1
1834 78
1
1835 199
1
1836 41
1
1837 291
0
1
1838 239
1
1839 141
1
1840 173
1
1841 172
1
1842 242
1
1843 310
1
1844 64
1
1845 313
0
1
1846 62
1
1847 42
1
1848 361
1
1849 253
1
1850 21
1
1851 278
1
1852 220
1
1853 215
1
1854 20
1
1855 261
1
1856 215
1
1857 278
1
1858 54
0
1
1859 133
1
1860 296
0
1
1861 273
1
1862 299
1
1863 149
1
1864 229
1
1865 58
1
1866 186
1
1867 304
1
1868 13
1
1869 90
1
1870 143
1
1871 97
1
1872 233
1
1873 112
1
1874 219
1
1875 70
1
1876 293
1
1877 204
1
1878 45
1
1879 195
1
1880 227
1
1881 192
1
1882 14
1
1883 221
1
1884 119
1
1885 14
1
1886 111
1
1887 120
1
1888 74
0
1
1889 158
1
1890 89
1
1891 271
1
1892 329
1
1893 164
1
1894 340
1
1895 62
1
1896 205
1
1897 163
1
1898 244
1
1899 260
0
1
1900 24
1
1901 151
1
1902 50
1
1903 28
1
1904 15
0
1
1905 257
1
1906 214
1
1907 142
1
1908 233
0
1
1909 200
1
1910 197
1
1911 263
1
1912 276
1
1913 272
1
1914 298
1
1915 241
1
1916 343
1
1917 2
1
1918 108
1
1919 156
1
1920 366
1
1921 88
1
1922 327
1
1923 126
1
1924 205
1
1925 369
1
1926 326
1
1927 333
1
1928 190
1
1929 11
1
1930 214
1
1931 238
1
1932 225
0
0
1
1933 16
1
1934 310
1
1935 229
1
1936 256
0
1
1937 37
1
1938 111
1
1939 334
1
1940 4
0
1
1941 162
0
1
1942 112
1
1943 349
0
1
1944 22
1
1945 247
1
1946 239
0
1
1947 202
1
1948 94
1
1949 334
1
1950 361
1
1951 11
1
1952 347
1
1953 238
1
1954 254
1
1955 16
1
1956 95
1
1957 329
0
0
1
1958 142
1
1959 182
1
1960 246
1
1961 301
1
1962 168
1
1963 228
1
1964 31
1
1965 131
1
1966 191
1
1967 12
1
1968 250
1
1969 285
1
1970 125
1
1971 192
1
1972 10
1
1973 329
1
1974 185
1
1975 275
1
1976 251
1
1977 125
1
1978 325
1
1979 244
1
1980 256
1
1981 148
1
1982 330
1
1983 287
1
1984 164
0
1
1985 282
1
1986 279
0
1
1987 308
1
1988 209
1
1989 309
1
1990 303
1
1991 348
1
1992 4
1
1993 284
1
1994 142
1
1995 115
1
1996 173
1
1997 239
1
1998 86
1
1999 328
1
2000 359
1
2001 333
1
2002 95
1
2003 181
1
2004 27
1
2005 216
1
2006 332
1
2007 268
1
2008 295
1
2009 361
1
2010 256
1
2011 238
1
2012 134
1
2013 49
1
2014 154
1
2015 105
1
2016 243
1
2017 347
1
2018 186
1
2019 194
1
2020 101
1
2021 279
1
2022 277
1
2023 363
1
2024 303
1
2025 23
1
2026 355
1
2027 153
1
2028 350
1
2029 35
1
2030 373
1
2031 80
1
2032 364
1
2033 88
1
2034 347
1
2035 5
1
2036 257
0
1
2037 100
1
2038 43
1
2039 86
1
2040 293
0
1
2041 226
1
2042 332
1
2043 264
1
2044 36
1
2045 55
1
2046 207
1
2047 321
1
2048 188
1
2049 161
1
2050 194
1
2051 10
1
2052 72
1
2053 59
1
2054 216
1
2055 67
1
2056 170
1
2057 85
1
2058 267
1
2059 92
1
2060 149
1
2061 329
0
0
1
2062 89
1
2063 329
1
2064 279
1
2065 343
1
2066 17
1
2067 119
1
2068 143
1
2069 290
1
2070 341
1
2071 190
1
2072 298
1
2073 154
1
2074 215
1
2075 57
1
2076 325
1
2077 290
1
2078 326
1
2079 214
1
2080 312
1
2081 343
1
2082 146
1
2083 122
1
2084 158
1
2085 249
1
2086 111
1
2087 101
1
2088 75
0
1
2089 318
1
2090 83
1
2091 370
1
2092 363
1
2093 314
1
2094 57
1
2095 298
1
2096 126
1
2097 347
1
2098 179
1
2099 213
1
2100 343
1
2101 24
1
2102 226
1
2103 37
1
2104 216
1
2105 190
1
2106 158
1
2107 248
1
2108 323
1
2109 217
1
2110 285
1
2111 108
1
2112 182
1
2113 258
1
2114 173
1
2115 309
1
2116 168
1
2117 295
1
2118 370
1
2119 293
1
2120 152
1
2121 213
1
2122 165
1
2123 191
1
2124 190
0
1
2125 29
0
0
1
2126 205
1
2127 174
1
2128 119
1
2129 364
1
2130 273
1
2131 76
1
2132 134
1
2133 250
1
2134 246
1
2135 2
1
2136 324
1
2137 68
1
2138 59
1
2139 256
1
2140 155
1
2141 139
1
2142 48
1
2143 15
1
2144 180
1
2145 373
1
2146 76
1
2147 17
1
2148 292
1
2149 186
1
2150 214
1
2151 323
1
2152 355
1
2153 361
1
2154 161
1
2155 226
1
2156 271
0
1
2157 65
1
2158 188
1
2159 197
1
2160 353
1
2161 94
1
2162 214
1
2163 86
1
2164 354
1
2165 177
1
2166 342
1
2167 64
0
1
2168 128
1
2169 80
1
2170 339
1
2171 215
1
2172 176
1
2173 31
1
2174 37
1
2175 227
1
2176 57
1
2177 281
1
2178 248
1
2179 112
1
2180 18
1
2181 135
1
2182 110
1
2183 43
1
2184 26
1
2185 233
1
2186 205
1
2187 353
1
2188 269
1
2189 157
1
2190 239
1
2191 178
1
2192 314
1
2193 291
1
2194 134
1
2195 264
1
2196 51
1
2197 227
0
1
2198 336
1
2199 275
1
2200 321
1
2201 173
1
2202 121
1
2203 329
1
2204 101
1
2205 73
1
2206 246
1
2207 296
1
2208 57
1
2209 347
1
2210 65
1
2211 198
1
2212 310
1
2213 314
1
2214 8
1
2215 268
1
2216 299
1
2217 27
1
2218 75
1
2219 26
1
2220 65
1
2221 216
1
2222 286
1
2223 329
1
2224 151
1
2225 198
1
2226 214
1
2227 292
1
2228 142
1
2229 183
1
2230 303
1
2231 273
1
2232 226
1
2233 319
1
2234 373
1
2235 109
1
2236 27
1
2237 20
1
2238 236
1
2239 11
1
2240 264
1
2241 272
1
2242 40
1
2243 30
1
2244 162
1
2245 135
1
2246 167
1
2247 180
1
2248 126
1
2249 86
1
2250 281
1
2251 270
1
2252 205
1
2253 214
1
2254 228
1
2255 146
1
2256 206
1
2257 295
1
2258 63
1
2259 357
1
2260 321
1
2261 96
1
2262 217
1
2263 346
1
2264 3
1
2265 44
1
2266 92
1
2267 40
1
2268 33
1
2269 313
1
2270 113
1
2271 347
1
2272 355
1
2273 93
1
2274 320
1
2275 120
1
2276 320
1
2277 116
1
2278 121
1
2279 92
1
2280 10
1
2281 322
1
2282 329
1
2283 16
1
2284 159
1
2285 199
1
2286 72
1
2287 276
1
2288 50
1
2289 314
1
2290 163
1
2291 215
1
2292 183
1
2293 19
1
2294 122
1
2295 101
1
2296 159
1
2297 56
1
2298 257
1
2299 62
1
2300 195
1
2301 302
1
2302 362
1
2303 180
1
2304 59
1
2305 250
1
2306 320
1
2307 215
1
2308 136
1
2309 300
1
2310 81
1
2311 11
1
2312 164
1
2313 117
1
2314 239
1
2315 201
1
2316 200
1
2317 370
1
2318 319
1
2319 75
1
2320 66
1
2321 364
1
2322 286
1
2323 191
1
2324 269
1
2325 170
1
2326 127
1
2327 298
1
2328 313
1
2329 257
1
2330 262
1
2331 149
1
2332 263
1
2333 330
1
2334 121
1
2335 39
1
2336 280
1
2337 174
1
2338 324
1
2339 112
1
2340 111
1
2341 89
1
2342 13
1
2343 184
1
2344 168
0
1
2345 206
1
2346 323
1
2347 159
1
2348 302
1
2349 270
1
2350 270
1
2351 207
1
2352 82
1
2353 124
1
2354 192
1
2355 252
1
2356 115
1
2357 341
1
2358 291
1
2359 173
1
2360 31
1
2361 210
1
2362 28
1
2363 320
1
2364 183
1
2365 322
1
2366 183
1
2367 38
1
2368 227
1
2369 239
1
2370 174
1
2371 152
1
2372 39
1
2373 3
1
2374 63
1
2375 167
1
2376 205
1
2377 138
1
2378 95
1
2379 283
1
2380 144
1
2381 243
1
2382 65
1
2383 332
1
2384 351
1
2385 144
1
2386 225
1
2387 110
1
2388 211
1
2389 62
1
2390 366
1
2391 291
1
2392 225
1
2393 368
1
2394 368
1
2395 17
1
2396 165
1
2397 291
1
2398 255
1
2399 139
1
2400 325
1
2401 221
1
2402 228
1
2403 241
1
2404 258
1
2405 245
1
2406 16
0
1
2407 75
1
2408 219
1
2409 177
1
2410 187
1
2411 355
1
2412 302
1
2413 104
1
2414 183
1
2415 141
1
2416 6
1
2417 337
1
2418 235
1
2419 58
1
2420 142
1
2421 193
1
2422 309
1
2423 105
1
2424 273
1
2425 2
1
2426 26
1
2427 181
1
2428 224
1
2429 84
1
2430 108
1
2431 139
1
2432 337
1
2433 98
1
2434 110
1
2435 13
1
2436 208
1
2437 220
1
2438 275
1
2439 257
1
2440 60
1
2441 55
1
2442 328
1
2443 152
1
2444 176
1
2445 293
1
2446 310
1
2447 297
1
2448 205
1
2449 7
1
2450 250
1
2451 349
1
2452 90
1
2453 144
1
2454 36
1
2455 183
0
1
2456 335
1
2457 178
1
2458 220
1
2459 180
1
2460 290
1
2461 148
1
2462 238
1
2463 248
1
2464 136
1
2465 205
1
2466 158
1
2467 155
1
2468 99
1
2469 309
1
2470 224
1
2471 38
1
2472 237
1
2473 273
1
2474 178
1
2475 5
1
2476 328
1
2477 259
1
2478 228
1
2479 360
1
2480 176
1
2481 131
0
1
2482 280
1
2483 335
0
1
2484 16
1
2485 319
1
2486 69
1
2487 72
1
2488 60
1
2489 116
1
2490 341
1
2491 319
1
2492 300
1
2493 341
1
2494 277
1
2495 251
1
2496 11
1
2497 344
1
2498 82
1
2499 133
1
2500 121
1
2501 290
1
2502 112
1
2503 15
1
2504 144
1
2505 295
1
2506 9
1
2507 250
1
2508 122
1
2509 371
1
2510 33
1
2511 45
1
2512 321
1
2513 45
1
2514 132
1
2515 44
1
2516 312
1
2517 194
1
2518 328
1
2519 250
1
2520 147
1
2521 27
1
2522 320
1
2523 364
1
2524 85
1
2525 248
1
2526 133
1
2527 264
1
2528 355
1
2529 118
1
2530 25
1
2531 220
1
2532 182
1
2533 158
1
2534 258
1
2535 304
1
2536 83
1
2537 254
1
2538 35
1
2539 217
1
2540 272
1
2541 104
1
2542 103
1
2543 276
1
2544 308
1
2545 337
1
2546 178
1
2547 347
1
2548 346
1
2549 2
1
2550 260
1
2551 103
1
2552 265
1
2553 281
1
2554 11
1
2555 65
1
2556 258
1
2557 231
1
2558 215
1
2559 320
0
1
2560 152
1
2561 243
1
2562 276
1
2563 237
1
2564 279
1
2565 106
1
2566 274
1
2567 63
1
2568 373
1
2569 111
1
2570 192
1
2571 181
0
0
1
2572 134
1
2573 9
1
2574 334
1
2575 207
1
2576 365
1
2577 93
1
2578 127
1
2579 7
1
2580 257
1
2581 238
1
2582 363
1
2583 37
1
2584 144
1
2585 154
1
2586 113
1
2587 99
0
1
2588 249
1
2589 257
1
2590 25
1
2591 284
1
2592 251
0
1
2593 319
0
0
1
2594 165
1
2595 341
1
2596 129
1
2597 260
1
2598 320
1
2599 75
1
2600 145
1
2601 205
1
2602 294
1
2603 361
1
2604 154
1
2605 54
1
2606 322
1
2607 53
1
2608 304
1
2609 52
1
2610 299
1
2611 359
1
2612 358
1
2613 366
1
2614 299
1
2615 179
1
2616 228
1
2617 62
1
2618 251
1
2619 167
1
2620 184
1
2621 228
1
2622 360
1
2623 250
1
2624 239
1
2625 318
1
2626 346
1
2627 259
1
2628 38
1
2629 192
1
2630 167
1
2631 10
1
2632 32
0
1
2633 124
1
2634 202
1
2635 101
1
2636 87
1
2637 127
1
2638 198
1
2639 125
1
2640 59
1
2641 320
1
2642 139
1
2643 142
1
2644 213
1
2645 233
1
2646 43
1
2647 318
1
2648 243
0
1
2649 198
1
2650 119
1
2651 127
1
2652 17
1
2653 154
1
2654 360
1
2655 149
1
2656 300
1
2657 26
1
2658 164
1
2659 174
1
2660 149
1
2661 253
1
2662 131
1
2663 28
1
2664 147
1
2665 244
1
2666 97
1
2667 218
1
2668 36
1
2669 139
1
2670 175
1
2671 151
1
2672 330
1
2673 279
1
2674 182
1
2675 311
1
2676 319
1
2677 3
1
2678 63
1
2679 204
1
2680 183
1
2681 277
1
2682 267
1
2683 154
1
2684 358
1
2685 365
0
1
2686 102
1
2687 346
1
2688 66
1
2689 330
1
2690 287
1
2691 131
1
2692 299
1
2693 159
1
2694 277
1
2695 113
1
2696 174
1
2697 98
1
2698 45
0
1
2699 15
1
2700 83
1
2701 258
1
2702 336
1
2703 13
1
2704 67
1
2705 339
1
2706 54
1
2707 185
1
2708 257
1
2709 39
1
2710 313
1
2711 57
1
2712 57
1
2713 68
1
2714 188
1
2715 343
1
2716 86
1
2717 72
1
2718 266
1
2719 3
1
2720 332
1
2721 263
1
2722 334
1
2723 250
1
2724 213
1
2725 264
1
2726 96
1
2727 103
0
1
2728 248
1
2729 244
1
2730 153
0
1
2731 27
1
2732 44
1
2733 298
1
2734 58
0
1
2735 82
1
2736 41
1
2737 33
1
2738 371
1
2739 357
1
2740 60
1
2741 2
0
0
1
2742 350
1
2743 42
1
2744 206
1
2745 319
1
2746 291
1
2747 84
1
2748 322
1
2749 326
1
2750 36
0
1
2751 322
0
1
2752 36
1
2753 194
1
2754 348
1
2755 328
1
2756 233
1
2757 361
1
2758 257
1
2759 168
1
2760 141
1
2761 367
1
2762 306
1
2763 32
1
2764 282
1
2765 17
1
2766 71
1
2767 216
1
2768 78
1
2769 181
1
2770 278
1
2771 204
1
2772 6
1
2773 100
0
1
2774 319
1
2775 125
1
2776 44
1
2777 76
1
2778 84
1
2779 185
1
2780 162
1
2781 184
1
2782 343
1
2783 141
1
2784 205
1
2785 61
1
2786 322
1
2787 146
1
2788 127
1
2789 48
1
2790 42
1
2791 266
0
1
2792 253
1
2793 248
1
2794 43
1
2795 219
1
2796 167
1
2797 90
1
2798 367
1
2799 210
1
2800 68
0
1
2801 244
1
2802 198
1
2803 174
1
2804 127
1
2805 51
1
2806 333
1
2807 48
1
2808 159
1
2809 165
1
2810 153
1
2811 242
1
2812 191
1
2813 160
0
1
2814 182
1
2815 47
1
2816 250
1
2817 141
1
2818 309
1
2819 287
1
2820 350
1
2821 284
1
2822 175
1
2823 295
1
2824 162
1
2825 81
1
2826 80
1
2827 74
1
2828 50
1
2829 367
1
2830 17
0
1
2831 293
1
2832 364
1
2833 49
1
2834 357
1
2835 251
1
2836 174
1
2837 195
1
2838 139
0
1
2839 195
1
2840 362
1
2841 4
1
2842 43
1
2843 257
0
1
2844 105
1
2845 148
1
2846 26
1
2847 82
1
2848 228
1
2849 20
1
2850 89
1
2851 147
1
2852 110
1
2853 56
1
2854 314
1
2855 320
0
0
1
2856 2
1
2857 99
1
2858 350
1
2859 309
1
2860 193
1
2861 88
0
1
2862 88
0
1
2863 277
0
1
2864 293
1
2865 311
0
1
2866 291
1
2867 262
1
2868 39
1
2869 126
1
2870 352
1
2871 275
0
1
2872 224
1
2873 332
1
2874 53
1
2875 133
1
2876 161
1
2877 76
1
2878 301
1
2879 366
1
2880 350
1
2881 158
1
2882 88
1
2883 336
1
2884 174
1
2885 339
1
2886 239
0
1
2887 349
1
2888 30
1
2889 310
1
2890 304
1
2891 192
1
2892 103
0
1
2893 287
1
2894 9
1
2895 124
1
2896 173
1
2897 160
1
2898 137
1
2899 78
1
2900 145
1
2901 284
1
2902 236
1
2903 315
1
2904 154
1
2905 57
1
2906 215
1
2907 368
1
2908 8
1
2909 229
1
2910 159
1
2911 117
0
1
2912 333
1
2913 171
1
2914 198
0
1
2915 309
0
1
2916 367
0
0
1
2917 134
1
2918 360
1
2919 111
1
2920 361
1
2921 323
1
2922 292
0
1
2923 57
1
2924 234
1
2925 315
1
2926 67
1
2927 215
1
2928 47
1
2929 61
1
2930 232
1
2931 181
1
2932 162
1
2933 286
1
2934 109
1
2935 280
1
2936 239
1
2937 334
1
2938 212
1
2939 132
0
1
2940 352
1
2941 176
1
2942 76
1
2943 8
1
2944 215
0
1
2945 285
1
2946 93
1
2947 230
1
2948 111
1
2949 150
1
2950 232
1
2951 247
1
2952 311
0
1
2953 316
1
2954 157
1
2955 89
1
2956 132
1
2957 323
1
2958 268
1
2959 181
0
1
2960 245
0
1
2961 266
1
2962 217
1
2963 244
1
2964 288
1
2965 275
1
2966 114
1
2967 347
1
2968 238
1
2969 250
1
2970 333
1
2971 172
1
2972 33
1
2973 277
0
1
2974 347
1
2975 252
1
2976 69
1
2977 227
1
2978 338
0
1
2979 50
1
2980 222
1
2981 59
0
1
2982 333
1
2983 259
1
2984 87
1
2985 147
1
2986 202
1
2987 76
1
2988 114
1
2989 321
0
1
2990 320
1
2991 175
1
2992 70
1
2993 284
1
2994 71
1
2995 307
1
2996 93
1
2997 336
1
2998 193
0
0
1
2999 233
1
3000 16
1
3001 140
1
3002 263
1
3003 50
0
1
3004 33
1
3005 186
1
3006 325
1
3007 86
1
3008 27
1
3009 124
1
3010 283
1
3011 371
1
3012 30
0
1
3013 339
0
0
1
3014 151
0
1
3015 342
1
3016 106
1
3017 20
1
3018 117
1
3019 102
1
3020 34
1
3021 151
1
3022 163
1
3023 309
1
3024 103
1
3025 145
1
3026 348
1
3027 263
1
3028 236
1
3029 67
0
1
3030 313
1
3031 164
1
3032 167
1
3033 122
0
1
3034 119
1
3035 368
0
1
3036 218
1
3037 223
1
3038 87
1
3039 176
0
1
3040 31
1
3041 316
0
1
3042 372
0
1
3043 120
1
3044 251
1
3045 179
1
3046 169
1
3047 341
1
3048 228
1
3049 190
0
1
3050 258
1
3051 13
1
3052 9
1
3053 61
1
3054 328
1
3055 249
1
3056 177
1
3057 194
1
3058 131
1
3059 330
1
3060 299
1
3061 42
0
1
3062 112
1
3063 299
0
0
0
0
1
3064 238
1
3065 366
1
3066 335
1
3067 370
0
0
1
3068 269
1
3069 196
1
3070 168
1
3071 284
1
3072 305
1
3073 44
1
3074 44
1
3075 366
0
1
3076 127
1
3077 180
1
3078 122
1
3079 245
1
3080 81
0
1
3081 138
1
3082 320
1
3083 30
1
3084 299
1
3085 299
0
1
3086 316
1
3087 224
1
3088 363
1
3089 5
1
3090 117
1
3091 299
1
3092 205
1
3093 289
1
3094 256
0
1
3095 293
1
3096 251
1
3097 113
1
3098 309
1
3099 312
1
3100 227
0
1
3101 245
1
3102 170
1
3103 209
1
3104 11
1
3105 347
1
3106 243
1
3107 51
1
3108 271
1
3109 254
0
1
3110 108
1
3111 159
1
3112 311
1
3113 86
1
3114 88
0
1
3115 138
0
1
3116 283
1
3117 296
1
3118 8
1
3119 85
1
3120 303
1
3121 42
0
1
3122 187
1
3123 264
1
3124 137
0
1
3125 35
1
3126 36
1
3127 106
1
3128 209
1
3129 320
1
3130 108
1
3131 274
1
3132 153
1
3133 286
1
3134 105
1
3135 88
1
3136 201
1
3137 306
1
3138 256
1
3139 310
1
3140 289
1
3141 182
1
3142 164
1
3143 209
1
3144 325
1
3145 78
1
3146 316
1
3147 216
1
3148 17
1
3149 307
1
3150 117
1
3151 47
1
3152 152
1
3153 48
0
1
3154 112
1
3155 330
1
3156 269
1
3157 228
1
3158 148
0
1
3159 216
1
3160 203
1
3161 100
1
3162 366
1
3163 175
1
3164 110
1
3165 49
1
3166 280
1
3167 275
0
0
0
1
3168 306
1
3169 233
1
3170 61
1
3171 257
1
3172 51
1
3173 325
1
3174 311
0
1
3175 46
1
3176 80
0
1
3177 339
1
3178 205
1
3179 258
1
3180 183
1
3181 138
0
0
1
3182 183
1
3183 172
1
3184 226
0
1
3185 317
1
3186 44
1
3187 159
1
3188 58
1
3189 93
1
3190 273
0
1
3191 231
1
3192 188
1
3193 65
1
3194 58
1
3195 206
1
3196 132
0
1
3197 339
1
3198 8
1
3199 48
0
1
3200 147
1
3201 104
1
3202 316
1
3203 190
1
3204 236
1
3205 307
1
3206 125
1
3207 25
1
3208 370
0
1
3209 33
1
3210 174
1
3211 85
1
3212 125
1
3213 93
1
3214 42
1
3215 133
0
1
3216 110
1
3217 371
1
3218 120
1
3219 366
1
3220 111
1
3221 250
0
1
3222 88
1
3223 341
1
3224 150
1
3225 64
0
1
3226 349
1
3227 101
1
3228 111
1
3229 261
0
1
3230 285
1
3231 130
1
3232 245
1
3233 231
0
1
3234 167
0
0
0
1
3235 8
1
3236 9
1
3237 215
1
3238 162
1
3239 250
1
3240 307
1
3241 198
1
3242 39
0
0
1
3243 200
0
1
3244 177
1
3245 294
1
3246 258
1
3247 319
0
1
3248 216
1
3249 32
1
3250 331
1
3251 296
1
3252 212
1
3253 348
0
1
3254 102
1
3255 334
0
1
3256 97
1
3257 216
1
3258 168
1
3259 305
1
3260 349
1
3261 317
1
3262 104
0
0
1
3263 112
0
1
3264 55
1
3265 180
1
3266 182
1
3267 180
0
1
3268 372
1
3269 170
0
1
3270 73
1
3271 22
1
3272 237
1
3273 210
1
3274 244
1
3275 121
1
3276 82
1
3277 183
1
3278 60
1
3279 235
1
3280 228
1
3281 219
1
3282 180
1
3283 178
1
3284 293
1
3285 160
1
3286 312
0
0
0
1
3287 103
1
3288 143
0
1
3289 178
1
3290 289
1
3291 197
1
3292 49
0
1
3293 104
0
1
3294 232
1
3295 358
1
3296 209
1
3297 55
1
3298 345
0
1
3299 194
1
3300 87
1
3301 301
1
3302 59
1
3303 212
1
3304 243
1
3305 307
1
3306 238
1
3307 105
1
3308 183
1
3309 194
1
3310 166
1
3311 217
1
3312 11
1
3313 234
1
3314 259
1
3315 186
1
3316 48
1
3317 226
1
3318 370
1
3319 26
0
1
3320 25
1
3321 39
1
3322 96
1
3323 270
1
3324 92
1
3325 209
1
3326 150
1
3327 267
1
3328 215
1
3329 106
1
3330 324
1
3331 273
1
3332 225
0
1
3333 277
1
3334 171
0
1
3335 36
0
1
3336 370
1
3337 210
1
3338 331
1
3339 339
1
3340 370
1
3341 97
1
3342 29
1
3343 264
1
3344 233
1
3345 16
0
1
3346 160
1
3347 339
1
3348 67
1
3349 320
1
3350 342
1
3351 31
0
1
3352 249
1
3353 234
0
1
3354 135
1
3355 242
0
1
3356 41
0
1
3357 359
0
1
3358 312
0
1
3359 39
0
1
3360 363
1
3361 264
0
0
0
0
0
1
3362 341
0
1
3363 189
1
3364 248
1
3365 194
1
3366 87
1
3367 214
1
3368 57
1
3369 91
1
3370 344
0
1
3371 270
1
3372 232
1
3373 25
1
3374 137
0
0
1
3375 128
1
3376 81
1
3377 298
1
3378 183
1
3379 347
1
3380 50
1
3381 130
1
3382 83
0
1
3383 183
1
3384 48
1
3385 273
1
3386 222
1
3387 117
1
3388 256
1
3389 175
1
3390 61
0
1
3391 41
0
0
1
3392 42
0
1
3393 206
1
3394 32
1
3395 84
1
3396 66
1
3397 306
1
3398 233
1
3399 134
1
3400 352
1
3401 202
0
0
0
0
1
3402 7
1
3403 279
1
3404 220
0
1
3405 231
1
3406 323
1
3407 16
1
3408 308
1
3409 264
1
3410 336
0
1
3411 242
1
3412 221
0
0
1
3413 7
1
3414 178
1
3415 238
1
3416 174
1
3417 194
1
3418 249
1
3419 241
1
3420 112
1
3421 191
1
3422 90
1
3423 350
1
3424 208
1
3425 118
0
1
3426 306
1
3427 164
1
3428 358
1
3429 301
0
1
3430 50
0
1
3431 214
1
3432 316
0
0
1
3433 358
1
3434 105
0
1
3435 139
1
3436 366
1
3437 68
1
3438 295
1
3439 220
1
3440 28
0
1
3441 74
1
3442 266
1
3443 318
1
3444 321
1
3445 369
0
1
3446 349
1
3447 175
1
3448 120
1
3449 294
1
3450 86
1
3451 304
0
1
3452 319
0
0
1
3453 134
0
1
3454 150
1
3455 31
1
3456 243
1
3457 228
0
1
3458 62
1
3459 284
1
3460 33
1
3461 41
0
1
3462 176
0
1
3463 202
1
3464 21
1
3465 357
1
3466 250
1
3467 153
1
3468 168
1
3469 162
1
3470 324
1
3471 317
1
3472 80
1
3473 184
0
1
3474 265
1
3475 2
1
3476 321
0
1
3477 332
1
3478 341
1
3479 99
1
3480 123
1
3481 256
1
3482 330
1
3483 98
1
3484 313
1
3485 192
1
3486 90
0
1
3487 112
1
3488 238
1
3489 354
1
3490 240
0
1
3491 365
1
3492 285
0
1
3493 212
1
3494 345
1
3495 36
0
1
3496 207
1
3497 262
1
3498 155
1
3499 207
1
3500 132
1
3501 182
0
1
3502 340
0
0
1
3503 3
1
3504 197
1
3505 13
1
3506 222
1
3507 265
1
3508 294
1
3509 139
1
3510 96
0
0
1
3511 303
1
3512 114
0
1
3513 163
1
3514 337
1
3515 363
0
1
3516 362
0
0
1
3517 19
1
3518 356
1
3519 20
1
3520 238
1
3521 339
1
3522 208
1
3523 366
1
3524 270
1
3525 312
1
3526 166
0
1
3527 26
1
3528 146
1
3529 169
1
3530 129
0
1
3531 115
1
3532 174
1
3533 204
1
3534 92
1
3535 286
1
3536 53
1
3537 307
1
3538 317
1
3539 328
1
3540 24
1
3541 85
0
0
1
3542 25
1
3543 130
1
3544 245
1
3545 124
1
3546 183
0
1
3547 320
0
1
3548 270
0
1
3549 28
1
3550 324
1
3551 35
1
3552 341
1
3553 174
1
3554 357
1
3555 321
1
3556 209
0
1
3557 325
1
3558 47
1
3559 38
1
3560 344
0
1
3561 192
1
3562 139
1
3563 5
1
3564 73
0
0
1
3565 363
1
3566 27
0
1
3567 32
1
3568 308
0
1
3569 15
1
3570 271
0
1
3571 144
1
3572 228
1
3573 292
0
0
0
1
3574 228
0
0
1
3575 280
0
1
3576 174
0
1
3577 331
1
3578 68
1
3579 118
0
0
1
3580 303
1
3581 129
1
3582 341
1
3583 309
1
3584 227
1
3585 263
1
3586 341
0
1
3587 6
1
3588 54
1
3589 174
0
1
3590 319
1
3591 46
1
3592 353
1
3593 250
0
0
0
1
3594 87
1
3595 177
1
3596 114
1
3597 199
1
3598 242
1
3599 368
0
1
3600 175
1
3601 64
1
3602 213
1
3603 276
1
3604 275
0
1
3605 7
1
3606 61
1
3607 101
1
3608 332
0
1
3609 27
1
3610 64
1
3611 326
1
3612 329
1
3613 332
1
3614 319
0
1
3615 48
1
3616 182
1
3617 373
1
3618 264
1
3619 121
1
3620 10
1
3621 222
1
3622 329
1
3623 305
0
1
3624 352
1
3625 43
1
3626 273
1
3627 25
1
3628 245
1
3629 48
1
3630 215
1
3631 31
1
3632 10
1
3633 173
1
3634 328
1
3635 105
1
3636 38
0
1
3637 146
0
1
3638 345
1
3639 299
1
3640 11
1
3641 309
1
3642 208
0
0
1
3643 256
1
3644 137
0
0
1
3645 93
1
3646 285
0
0
0
0
0
1
3647 195
1
3648 183
1
3649 341
0
1
3650 215
1
3651 310
0
1
3652 215
1
3653 142
0
1
3654 316
1
3655 215
0
1
3656 36
1
3657 97
1
3658 310
1
3659 274
0
0
0
1
3660 191
1
3661 82
1
3662 350
0
1
3663 240
0
1
3664 236
1
3665 333
1
3666 160
1
3667 327
1
3668 82
1
3669 97
1
3670 273
1
3671 232
0
1
3672 163
0
1
3673 131
0
1
3674 201
1
3675 286
1
3676 157
1
3677 70
1
3678 264
0
0
1
3679 287
0
1
3680 270
1
3681 60
1
3682 13
1
3683 167
0
1
3684 259
0
0
1
3685 6
1
3686 221
0
0
0
1
3687 311
0
0
1
3688 106
0
1
3689 347
1
3690 82
1
3691 356
1
3692 245
1
3693 100
1
3694 363
1
3695 324
0
1
3696 334
1
3697 316
1
3698 355
0
1
3699 205
0
1
3700 350
0
1
3701 129
1
3702 248
0
0
0
1
3703 52
1
3704 120
1
3705 156
1
3706 258
1
3707 233
1
3708 160
0
0
0
1
3709 122
1
3710 302
0
1
3711 73
1
3712 2
1
3713 295
0
0
0
0
0
1
3714 62
1
3715 84
1
3716 246
1
3717 274
0
1
3718 283
0
0
1
3719 197
0
1
3720 21
1
3721 278
0
0
0
1
3722 128
1
3723 180
1
3724 150
1
3725 218
1
3726 68
0
1
3727 182
1
3728 175
0
0
1
3729 241
0
0
0
1
3730 40
1
3731 92
1
3732 22
1
3733 205
0
1
3734 170
1
3735 224
1
3736 252
0
1
3737 299
0
0
0
1
3738 16
0
1
3739 299
1
3740 68
0
1
3741 297
1
3742 348
1
3743 33
1
3744 188
1
3745 80
1
3746 102
1
3747 313
0
0
1
3748 254
1
3749 287
0
0
1
3750 328
0
0
1
3751 258
0
1
3752 357
1
3753 255
1
3754 57
1
3755 69
1
3756 114
1
3757 184
1
3758 65
1
3759 133
0
1
3760 29
1
3761 127
0
0
1
3762 174
1
3763 348
1
3764 195
1
3765 195
1
3766 151
1
3767 75
1
3768 126
1
3769 221
1
3770 202
1
3771 148
0
1
3772 107
1
3773 324
0
0
1
3774 138
0
0
1
3775 14
0
0
0
1
3776 322
1
3777 205
0
1
3778 182
0
1
3779 122
1
3780 9
1
3781 166
1
3782 309
1
3783 18
0
1
3784 163
1
3785 212
1
3786 55
1
3787 180
1
3788 338
0
0
1
3789 332
0
1
3790 291
0
1
3791 328
1
3792 320
0
1
3793 240
0
1
3794 174
0
1
3795 224
1
3796 138
0
1
3797 139
1
3798 366
1
3799 230
1
3800 29
0
1
3801 236
1
3802 355
1
3803 132
1
3804 341
0
1
3805 70
0
1
3806 144
1
3807 100
1
3808 259
0
0
1
3809 42
1
3810 48
0
0
0
0
1
3811 262
0
0
0
1
3812 224
0
1
3813 163
0
1
3814 341
1
3815 124
0
0
0
1
3816 230
1
3817 311
0
1
3818 204
0
0
0
0
0
0
1
3819 197
1
3820 364
1
3821 162
0
0
1
3822 147
0
0
1
3823 264
1
3824 138
1
3825 272
0
1
3826 129
1
3827 48
1
3828 364
0
0
1
3829 25
0
1
3830 33
1
3831 34
1
3832 34
0
0
1
3833 3
0
1
3834 166
1
3835 181
1
3836 370
1
3837 340
1
3838 96
0
0
1
3839 123
1
3840 326
1
3841 41
1
3842 156
1
3843 216
1
3844 83
0
0
1
3845 324
1
3846 155
0
1
3847 98
1
3848 220
0
0
1
3849 223
1
3850 157
1
3851 27
0
1
3852 255
1
3853 90
0
1
3854 303
1
3855 296
1
3856 98
0
1
3857 32
0
0
1
3858 358
1
3859 72
1
3860 243
0
1
3861 46
0
1
3862 365
1
3863 266
0
0
1
3864 146
0
1
3865 236
1
3866 99
1
3867 142
0
0
0
0
1
3868 158
0
1
3869 48
1
3870 218
1
3871 21
1
3872 256
0
1
3873 29
0
1
3874 189
0
1
3875 61
1
3876 75
1
3877 162
1
3878 321
1
3879 303
0
0
0
1
3880 123
1
3881 14
1
3882 357
0
1
3883 7
1
3884 233
1
3885 110
1
3886 259
1
3887 100
1
3888 171
1
3889 173
0
1
3890 229
1
3891 84
1
3892 152
0
0
0
0
1
3893 73
0
0
1
3894 239
1
3895 348
1
3896 244
1
3897 150
1
3898 91
1
3899 142
1
3900 175
0
0
1
3901 137
0
0
0
1
3902 146
1
3903 79
1
3904 142
1
3905 174
0
1
3906 264
0
1
3907 357
0
1
3908 154
1
3909 185
1
3910 339
1
3911 261
1
3912 86
1
3913 264
1
3914 89
0
1
3915 214
0
0
0
0
0
1
3916 266
0
1
3917 13
0
0
1
3918 118
0
1
3919 173
1
3920 275
0
0
0
0
0
0
1
3921 365
1
3922 206
0
1
3923 185
0
1
3924 307
0
1
3925 24
1
3926 280
1
3927 47
1
3928 305
0
0
1
3929 270
1
3930 371
1
3931 285
1
3932 328
1
3933 282
1
3934 54
1
3935 54
1
3936 107
1
3937 177
1
3938 215
0
0
1
3939 65
0
0
0
0
1
3940 95
0
1
3941 277
0
1
3942 341
0
1
3943 340
1
3944 215
0
1
3945 296
1
3946 341
0
1
3947 127
0
1
3948 176
0
0
0
1
3949 124
1
3950 196
0
1
3951 188
0
0
1
3952 273
1
3953 106
0
0
1
3954 14
1
3955 171
0
0
0
1
3956 244
0
1
3957 127
0
0
0
0
0
1
3958 99
0
1
3959 329
1
3960 56
1
3961 206
1
3962 295
1
3963 76
1
3964 232
1
3965 8
0
1
3966 323
0
0
1
3967 290
0
0
1
3968 71
1
3969 83
0
0
0
0
0
1
3970 116
0
1
3971 133
1
3972 368
0
1
3973 224
1
3974 197
1
3975 183
0
0
0
0
1
3976 28
0
1
3977 236
0
0
1
3978 347
1
3979 80
1
3980 86
0
1
3981 129
1
3982 327
0
1
3983 307
0
1
3984 243
1
3985 223
1
3986 239
1
3987 204
0
1
3988 92
1
3989 173
1
3990 102
1
3991 148
0
0
0
1
3992 263
1
3993 42
1
3994 298
1
3995 69
1
3996 161
1
3997 324
1
3998 163
1
3999 106
1
4000 209
1
4001 230
1
4002 260
1
4003 36
1
4004 305
1
4005 138
0
0
0
0
0
1
4006 63
1
4007 214
1
4008 96
0
1
4009 254
0
0
0
1
4010 293
1
4011 61
0
1
4012 136
1
4013 25
1
4014 347
1
4015 53
1
4016 55
1
4017 13
0
1
4018 338
0
1
4019 253
1
4020 177
0
0
1
4021 20
0
1
4022 197
0
0
1
4023 174
0
1
4024 338
1
4025 110
0
1
4026 231
1
4027 88
1
4028 300
0
1
4029 242
1
4030 14
1
4031 350
0
0
1
4032 273
1
4033 100
1
4034 220
0
1
4035 289
1
4036 103
0
0
0
1
4037 26
1
4038 2
0
0
1
4039 134
1
4040 338
0
1
4041 61
1
4042 141
1
4043 28
1
4044 216
0
1
4045 158
0
0
0
1
4046 97
1
4047 192
1
4048 246
0
0
0
0
0
1
4049 158
1
4050 170
0
1
4051 93
0
1
4052 32
0
1
4053 338
0
0
1
4054 228
0
0
0
0
0
1
4055 258
1
4056 142
1
4057 285
1
4058 105
1
4059 263
1
4060 115
0
1
4061 309
0
0
0
1
4062 322
1
4063 223
0
1
4064 322
1
4065 205
1
4066 69
0
0
1
4067 122
1
4068 165
0
1
4069 169
1
4070 216
1
4071 207
1
4072 321
1
4073 281
1
4074 262
0
1
4075 261
1
4076 252
0
0
1
4077 37
0
1
4078 13
0
0
0
0
0
1
4079 87
1
4080 260
0
0
1
4081 373
0
1
4082 326
0
1
4083 365
1
4084 326
0
0
1
4085 291
1
4086 39
1
4087 265
0
1
4088 341
0
1
4089 45
1
4090 134
1
4091 207
0
0
1
4092 311
1
4093 186
1
4094 125
1
4095 298
1
4096 195
0
1
4097 255
0
1
4098 316
0
1
4099 294
1
4100 199
1
4101 74
0
1
4102 172
0
1
4103 224
0
0
1
4104 300
1
4105 305
0
1
4106 309
1
4107 254
1
4108 92
1
4109 190
0
0
1
4110 348
1
4111 170
1
4112 275
1
4113 170
0
0
0
1
4114 73
1
4115 157
0
0
0
0
1
4116 16
0
0
1
4117 335
0
1
4118 183
0
1
4119 167
1
4120 305
1
4121 295
1
4122 298
1
4123 263
1
4124 43
1
4125 55
0
0
0
1
4126 274
0
0
1
4127 263
1
4128 6
1
4129 308
0
0
1
4130 10
0
1
4131 26
1
4132 103
0
0
1
4133 297
1
4134 113
0
1
4135 14
1
4136 153
1
4137 291
1
4138 153
1
4139 183
1
4140 245
1
4141 71
0
1
4142 303
1
4143 20
1
4144 342
0
0
1
4145 20
1
4146 37
0
1
4147 161
1
4148 289
1
4149 275
0
1
4150 296
0
0
1
4151 77
1
4152 102
0
1
4153 57
0
1
4154 86
0
0
1
4155 349
0
1
4156 10
0
1
4157 291
0
1
4158 304
0
1
4159 45
0
0
1
4160 372
0
0
1
4161 255
1
4162 326
0
0
0
1
4163 114
1
4164 227
1
4165 133
1
4166 219
0
0
1
4167 61
1
4168 78
0
1
4169 141
1
4170 213
1
4171 179
0
1
4172 231
1
4173 197
0
0
0
1
4174 62
1
4175 12
0
1
4176 240
1
4177 341
1
4178 32
1
4179 26
1
4180 64
0
0
0
1
4181 331
0
0
0
0
0
0
1
4182 327
1
4183 296
0
0
1
4184 167
1
4185 232
0
1
4186 103
0
0
0
0
1
4187 13
1
4188 309
1
4189 226
0
1
4190 316
0
0
1
4191 90
1
4192 229
0
1
4193 88
1
4194 309
0
0
0
0
0
1
4195 26
0
0
1
4196 247
0
0
0
0
1
4197 107
0
0
0
1
4198 254
1
4199 268
0
0
0
1
4200 74
1
4201 271
0
0
1
4202 213
0
1
4203 2
1
4204 98
1
4205 244
1
4206 290
1
4207 270
1
4208 11
1
4209 270
0
0
1
4210 206
0
0
0
1
4211 240
0
0
1
4212 55
0
1
4213 104
1
4214 213
0
0
0
1
4215 359
1
4216 142
0
0
0
0
0
0
1
4217 155
0
0
1
4218 120
1
4219 310
0
0
1
4220 173
1
4221 339
1
4222 258
0
0
0
1
4223 167
1
4224 73
0
1
4225 359
0
1
4226 94
0
0
0
0
1
4227 360
1
4228 157
0
0
1
4229 121
0
0
0
1
4230 42
1
4231 195
1
4232 173
0
1
4233 236
1
4234 128
0
1
4235 127
0
1
4236 243
0
0
0
0
0
1
4237 50
1
4238 94
0
0
1
4239 200
0
0
1
4240 287
1
4241 200
0
0
1
4242 210
0
1
4243 136
0
0
0
0
0
1
4244 112
0
0
1
4245 278
0
1
4246 223
0
0
1
4247 110
1
4248 292
0
0
0
1
4249 5
1
4250 250
0
0
1
4251 139
1
4252 246
1
4253 192
0
0
0
1
4254 330
0
1
4255 239
1
4256 320
1
4257 311
1
4258 276
1
4259 117
0
1
4260 328
1
4261 61
0
1
4262 150
1
4263 361
0
0
0
0
0
1
4264 367
0
0
0
0
1
4265 339
0
1
4266 225
1
4267 366
1
4268 253
0
0
1
4269 273
0
0
0
1
4270 201
1
4271 364
0
1
4272 363
0
0
1
4273 127
0
0
0
0
1
4274 110
0
1
4275 303
1
4276 372
0
1
4277 105
0
0
0
1
4278 215
0
0
1
4279 228
1
4280 139
1
4281 306
0
0
1
4282 26
1
4283 315
0
0
0
1
4284 98
0
1
4285 305
1
4286 49
0
0
0
1
4287 284
1
4288 171
0
0
0
1
4289 183
0
0
0
0
0
0
0
0
0
0
0
0
0
1
4290 337
0
1
4291 193
0
0
0
1
4292 162
0
1
4293 96
0
1
4294 364
0
0
1
4295 142
1
4296 367
1
4297 318
0
1
4298 213
1
4299 280
0
1
4300 73
0
0
0
1
4301 151
0
0
1
4302 35
1
4303 332
1
4304 359
0
1
4305 127
1
4306 275
1
4307 228
0
1
4308 37
1
4309 188
1
4310 243
0
0
0
0
0
1
4311 115
0
0
0
0
0
0
0
1
4312 8
0
0
1
4313 153
1
4314 199
0
1
4315 104
1
4316 13
0
1
4317 219
0
0
0
1
4318 341
1
4319 302
0
0
1
4320 119
1
4321 78
1
4322 98
0
0
1
4323 53
0
1
4324 321
1
4325 13
0
1
4326 276
0
1
4327 208
1
4328 11
0
1
4329 130
0
1
4330 326
0
0
1
4331 155
0
1
4332 16
0
1
4333 109
1
4334 362
1
4335 86
1
4336 226
1
4337 317
1
4338 252
1
4339 224
0
0
1
4340 178
1
4341 52
1
4342 295
0
0
1
4343 248
0
0
0
0
1
4344 239
0
1
4345 362
1
4346 162
1
4347 278
1
4348 258
1
4349 61
1
4350 88
1
4351 164
0
0
0
0
0
0
0
0
1
4352 47
0
0
0
0
0
0
1
4353 230
0
0
0
1
4354 213
1
4355 279
1
4356 141
1
4357 24
0
0
1
4358 124
1
4359 366
0
1
4360 183
1
4361 267
1
4362 125
0
0
1
4363 171
0
1
4364 221
0
0
0
0
1
4365 250
0
1
4366 258
0
0
0
0
0
1
4367 305
1
4368 27
1
4369 299
0
0
0
1
4370 109
1
4371 87
0
0
1
4372 273
0
0
0
1
4373 197
0
1
4374 299
0
0
0
1
4375 154
1
4376 143
0
0
0
1
4377 77
1
4378 100
1
4379 224
1
4380 343
1
4381 85
1
4382 131
0
0
0
0
1
4383 371
1
4384 141
0
1
4385 199
0
0
1
4386 228
1
4387 229
0
1
4388 127
1
4389 230
0
0
1
4390 106
0
0
1
4391 146
0
0
0
0
0
0
0
0
1
4392 309
0
1
4393 58
1
4394 86
1
4395 27
0
0
0
0
1
4396 249
0
0
0
1
4397 292
1
4398 319
1
4399 36
0
0
1
4400 275
0
1
4401 298
0
1
4402 321
1
4403 311
0
0
0
1
4404 97
1
4405 22
0
0
0
0
0
1
4406 207
1
4407 111
0
1
4408 21
0
1
4409 358
0
1
4410 347
0
0
1
4411 272
0
1
4412 354
0
0
0
1
4413 163
0
0
1
4414 269
1
4415 358
0
1
4416 101
1
4417 371
0
0
0
1
4418 99
0
0
1
4419 267
0
1
4420 4
1
4421 205
0
0
0
1
4422 133
1
4423 262
1
4424 4
0
1
4425 339
0
0
1
4426 104
1
4427 214
1
4428 148
0
0
0
1
4429 183
1
4430 235
0
0
0
0
1
4431 341
0
0
0
0
0
0
0
1
4432 278
1
4433 356
0
0
0
1
4434 242
0
1
4435 126
0
0
0
1
4436 236
0
1
4437 233
1
4438 21
1
4439 34
0
1
4440 366
0
1
4441 345
1
4442 307
1
4443 205
1
4444 235
1
4445 200
1
4446 115
0
0
0
0
0
1
4447 113
0
0
1
4448 160
1
4449 373
0
0
0
1
4450 189
0
0
1
4451 182
0
0
1
4452 182
0
0
1
4453 319
1
4454 121
0
1
4455 311
0
1
4456 144
1
4457 198
0
1
4458 335
0
0
1
4459 344
1
4460 280
1
4461 126
1
4462 251
0
1
4463 179
0
0
0
0
1
4464 347
1
4465 163
0
0
1
4466 146
0
0
0
0
0
1
4467 199
0
0
0
0
0
0
0
0
1
4468 82
0
1
4469 55
0
1
4470 295
0
1
4471 304
1
4472 176
1
4473 52
1
4474 245
0
1
4475 363
0
1
4476 257
1
4477 29
0
1
4478 266
0
1
4479 294
0
0
0
1
4480 166
0
1
4481 317
1
4482 62
0
0
0
0
1
4483 10
1
4484 160
0
1
4485 134
0
1
4486 202
0
1
4487 349
0
0
0
0
0
0
1
4488 46
0
1
4489 214
0
1
4490 149
0
0
0
0
0
1
4491 277
0
1
4492 321
0
1
4493 209
0
0
0
0
0
1
4494 372
0
0
0
0
0
1
4495 82
0
1
4496 283
1
4497 112
0
0
0
1
4498 2
0
0
0
0
0
1
4499 179
1
4500 189
0
0
0
0
0
0
1
4501 127
0
1
4502 344
1
4503 142
0
1
4504 180
1
4505 55
1
4506 62
1
4507 156
1
4508 288
1
4509 250
1
4510 177
1
4511 90
1
4512 138
0
0
0
0
0
1
4513 199
0
0
0
0
0
0
0
1
4514 187
0
1
4515 234
0
0
1
4516 228
0
1
4517 142
0
0
0
0
0
0
0
0
0
0
0
0
1
4518 268
0
0
1
4519 103
1
4520 206
0
0
0
1
4521 341
0
1
4522 166
1
4523 195
0
0
0
0
0
1
4524 360
0
1
4525 63
0
0
1
4526 113
1
4527 357
0
0
1
4528 299
0
0
0
0
0
0
0
0
1
4529 188
0
1
4530 228
0
0
1
4531 238
1
4532 220
1
4533 332
1
4534 2
0
0
0
0
0
0
0
1
4535 86
1
4536 306
1
4537 132
0
1
4538 63
1
4539 46
0
0
1
4540 142
0
1
4541 54
0
1
4542 142
0
1
4543 180
0
1
4544 110
0
0
1
4545 223
1
4546 180
1
4547 162
1
4548 363
0
1
4549 61
0
1
4550 57
1
4551 72
1
4552 167
1
4553 134
0
0
0
0
0
0
0
1
4554 199
0
0
0
0
1
4555 121
0
0
1
4556 315
1
4557 81
0
1
4558 293
0
1
4559 156
1
4560 33
0
1
4561 198
0
1
4562 244
0
0
0
0
0
1
4563 153
1
4564 100
0
0
0
0
0
1
4565 29
0
0
1
4566 156
0
0
0
0
1
4567 298
1
4568 275
1
4569 81
0
0
0
1
4570 279
0
0
1
4571 347
0
0
0
1
4572 228
0
0
0
1
4573 25
0
0
1
4574 323
1
4575 150
0
0
0
0
0
0
0
1
4576 291
0
0
0
1
4577 57
1
4578 127
1
4579 257
0
0
0
0
0
0
0
0
0
0
0
0
1
4580 148
1
4581 219
1
4582 348
1
4583 275
0
0
0
0
0
0
0
0
0
1
4584 287
1
4585 99
1
4586 209
1
4587 180
0
0
0
0
0
0
1
4588 231
0
0
1
4589 205
0
1
4590 339
0
0
1
4591 328
0
1
4592 93
0
1
4593 25
0
0
0
1
4594 92
0
0
0
1
4595 141
0
0
0
1
4596 183
0
0
0
0
0
1
4597 299
0
1
4598 344
0
0
1
4599 110
0
1
4600 213
0
0
1
4601 82
1
4602 359
1
4603 137
0
0
0
0
0
0
1
4604 205
0
1
4605 309
1
4606 275
0
1
4607 200
0
0
1
4608 42
0
1
4609 273
0
0
0
1
4610 213
1
4611 70
0
0
1
4612 367
0
1
4613 55
1
4614 250
0
0
0
1
4615 205
0
0
0
0
0
1
4616 15
0
0
0
0
0
0
1
4617 17
0
0
1
4618 113
0
0
0
0
0
0
0
0
0
1
4619 54
0
1
4620 270
0
0
0
0
0
1
4621 162
0
1
4622 7
1
4623 227
0
0
0
0
1
4624 164
0
0
0
0
0
1
4625 39
0
0
0
1
4626 309
1
4627 75
0
1
4628 183
0
0
0
0
0
1
4629 14
1
4630 104
0
0
0
0
1
4631 90
0
0
0
0
0
1
4632 152
0
0
0
0
1
4633 195
0
0
0
1
4634 239
1
4635 83
1
4636 62
0
0
0
0
1
4637 10
0
0
1
4638 49
0
0
0
0
0
0
1
4639 346
1
4640 16
0
0
0
0
0
0
0
0
1
4641 201
0
0
0
0
1
4642 245
0
0
0
1
4643 232
1
4644 240
0
0
1
4645 365
1
4646 87
0
0
0
1
4647 69
0
1
4648 77
0
0
1
4649 88
0
0
0
0
0
1
4650 208
1
4651 200
0
0
0
1
4652 75
0
0
0
0
1
4653 86
0
0
0
0
1
4654 264
0
0
0
1
4655 88
1
4656 184
0
0
0
0
0
0
0
0
1
4657 356
0
0
1
4658 225
0
0
0
0
0
0
0
0
0
0
0
0
0
0
0
0
0
0
0
0
0
1
4659 199
0
1
4660 269
0
1
4661 322
0
0
0
0
0
1
4662 103
1
4663 73
0
0
0
1
4664 236
1
4665 238
0
0
0
0
0
0
0
0
1
4666 366
0
0
0
0
0
0
0
0
0
0
1
4667 250
0
0
0
0
0
0
0
0
0
0
0
0
1
4668 188
0
0
0
0
0
1
4669 326
1
4670 363
0
0
1
4671 236
0
1
4672 139
0
0
0
1
4673 153
0
0
0
0
0
0
0
0
0
0
0
0
0
0
0
0
0
0
0
1
4674 362
0
0
1
4675 366
1
4676 13
0
0
1
4677 116
0
0
0
0
0
1
4678 324
0
0
1
4679 289
0
0
0
0
1
4680 192
0
0
0
0
0
0
0
0
0
0
1
4681 84
1
4682 157
0
0
1
4683 158
0
0
1
4684 289
0
0
0
0
0
0
0
0
0
0
0
1
4685 202
0
1
4686 174
0
0
0
0
0
0
0
0
0
1
4687 354
0
1
4688 349
0
0
0
0
0
0
0
0
1
4689 162
0
0
0
0
0
0
0
0
0
0
0
1
4690 57
0
0
1
4691 45
0
0
0
0
0
0
0
0
0
0
1
4692 219
0
0
0
1
4693 315
0
0
0
0
0
0
0
0
1
4694 367
0
1
4695 121
1
4696 332
0
0
0
0
0
0
0
0
0
0
1
4697 325
0
1
4698 323
0
0
0
0
0
0
0
0
0
0
0
0
0
1
4699 92
0
0
0
0
0
1
4700 125
0
0
0
0
0
0
0
0
0
1
4701 366
0
0
1
4702 207
0
1
4703 162
0
0
0
0
0
1
4704 22
0
0
0
0
1
4705 75
0
0
0
1
4706 343
0
0
1
4707 173
0
0
0
1
4708 109
0
0
1
4709 163
0
0
0
0
0
0
0
0
0
1
4710 238
1
4711 312
0
1
4712 346
1
4713 327
0
0
0
0
0
0
0
0
0
0
0
0
0
0
1
4714 257
0
0
1
4715 31
0
0
1
4716 328
0
1
4717 142
0
0
0
0
0
0
0
0
0
0
0
1
4718 359
0
0
0
0
0
1
4719 240
1
4720 74
0
0
0
1
4721 295
0
1
4722 124
0
1
4723 143
0
0
0
0
0
0
0
1
4724 170
0
0
0
0
0
0
0
0
0
1
4725 286
0
0
0
0
0
0
0
1
4726 216
0
0
0
0
0
1
4727 221
0
0
0
1
4728 254
0
0
0
0
0
0
0
0
0
0
1
4729 253
0
0
1
4730 80
0
1
4731 205
0
0
1
4732 346
0
0
0
0
1
4733 205
0
1
4734 96
0
1
4735 228
0
0
0
0
0
0
0
0
0
0
0
0
0
0
0
0
0
0
0
0
0
0
0
0
0
0
0
0
0
0
0
0
0
0
0
0
0
0
0
0
0
1
4736 92
0
0
1
4737 315
0
0
0
0
0
0
0
0
0
0
0
1
4738 366
0
0
1
4739 100
0
0
0
1
4740 143
0
0
0
0
0
0
0
0
0
0
0
0
0
0
0
0
1
4741 282
0
0
1
4742 280
0
0
0
0
0
0
0
1
4743 220
0
0
0
1
4744 158
0
0
0
0
0
0
0
0
0
0
1
4745 343
0
0
0
0
0
0
0
0
0
0
0
0
1
4746 11
0
0
0
0
0
0
0
0
1
4747 52
0
0
0
0
0
0
0
0
0
1
4748 94
0
0
0
0
0
0
0
0
0
0
0
0
1
4749 24
0
0
0
0
0
0
0
0
0
0
0
1
4750 81
0
0
0
0
0
1
4751 131
0
0
0
0
0
0
0
0
0
0
0
1
4752 320
0
0
0
0
0
0
0
0
0
1
4753 133
0
0
0
0
0
0
0
0
0
0
0
0
0
1
4754 3
1
4755 232
0
0
0
0
0
0
0
0
0
0
0
1
4756 116
0
0
1
4757 264
0
0
0
0
0
0
0
0
0
0
0
0
0
1
4758 94
0
0
0
0
0
1
4759 193
0
0
0
0
0
0
1
4760 343
0
0
0
0
0
0
0
0
0
0
0
1
4761 250
0
0
0
0
0
0
0
0
0
0
1
4762 74
1
4763 363
0
0
0
0
1
4764 341
0
0
0
0
1
4765 257
0
0
0
1
4766 367
0
0
0
0
0
0
0
0
0
0
0
0
0
0
0
1
4767 113
0
0
0
0
0
0
0
0
0
0
0
0
0
0
0
0
0
0
0
0
0
0
0
0
0
0
0
0
0
0
0
0
0
0
0
0
0
0
0
0
0
0
0
0
0
0
0
0
0
0
0
0
0
0
0
0
0
0
0
0
0
0
0
1
4768 187
1
4769 28
0
1
4770 219
0
0
0
0
0
0
0
0
0
0
0
0
0
0
0
0
0
0
0
1
4771 99
0
0
0
0
0
0
0
0
0
0
0
0
0
0
0
0
0
0
0
0
0
0
0
0
0
0
0
0
0
1
4772 299
0
0
0
0
0
0
1
4773 245
0
0
0
0
0
0
0
0
0
0
0
0
0
0
1
4774 65
0
0
0
0
1
4775 43
0
0
0
1
4776 58
0
0
0
0
0
0
0
0
0
0
0
0
0
0
0
0
0
0
0
0
0
0
0
0
0
0
0
0
0
1
4777 236
0
0
0
0
0
0
0
0
0
0
0
0
0
0
0
0
0
0
0
0
0
0
0
0
0
0
0
0
0
0
0
0
0
0
0
1
4778 92
0
0
1
4779 358
0
0
0
0
0
0
0
0
0
0
0
0
0
0
0
0
0
0
0
0
1
4780 345
0
0
0
0
0
0
0
0
0
0
0
0
0
0
0
0
0
0
0
0
0
0
0
0
0
0
0
0
1
4781 110
0
0
0
0
0
0
0
0
0
0
0
0
0
0
0
0
0
0
0
0
0
0
1
4782 110
0
0
0
0
0
0
0
0
0
0
0
0
0
0
0
0
0
1
4783 91
0
0
0
0
0
0
0
0
0
0
0
0
0
1
4784 28
0
0
0
0
0
0
0
0
0
0
0
0
1
4785 352
1
4786 203
0
1
4787 10
0
0
0
0
0
0
0
0
0
0
0
0
0
0
0
0
0
0
0
0
0
0
0
0
0
0
0
0
0
0
0
0
0
0
0
0
0
0
0
0
0
0
0
0
0
0
0
0
0
0
0
0
0
0
0
0
0
0
0
0
0
0
0
0
0
0
0
0
1
4788 309
0
0
0
0
0
0
0
0
0
0
0
0
0
0
0
0
0
0
0
0
0
0
0
0
0
0
0
0
0
0
0
0
0
0
0
0
0
0
0
0
0
0
0
0
0
0
0
0
0
0
0
0
0
0
0
0
0
0
0
0
0
0
0
0
0
0
0
0
0
0
0
0
0
0
0
0
0
0
0
0
0
0
0
0
0
0
0
0
0
0
0
0
0
0
0
0
0
0
0
0
0
0
0
0
0
0
0
0
0
0
0
0
0
0
0
0
0
0
0
0
0
0
0
0
0
0
0
0
0
0
0
0
0
0
0
0
0
0
0
0
0
0
0
0
0
0
0
0
0
0
0
0
0
0
0
0
0
0
0
0
0
0
0
0
0
0
0
0
0
0
0
0
0
0
0
0
0
0
0
0
0
0
0
0
0
0
0
0
0
0
0
0
0
0
0
0
0
0
0
0
0
0
0
0
0
0
0
0
0
0
0
0
0
0
0
0
0
0
0
0
0
0
0
0
0
0
0
0
0
0
0
0
0
0
0
0
0
0
0
0
0
0
0
0
0
0
0
0
0
0
0
0
0
0
0
0
0
0
0
0
0
0
0
0
0
0
0
0
0
0
0
0
0
0
0
0
0
0
0
0
0
0
0
0
0
0
0
0
0
0
0
0
0
0
0
0
0
0
0
0
0
0
0
0
0
0
0
0
0
0
0
0
0
0
0
0
0
0
0
0
0
0
0
0
0
0
0
0
0
0
0
0
0
0
0
0
0
0
0
0
0
0
0
0
0
0
0
0
0
0
0
0
0
0
0
0
0
0
0
0
0
0
0
0
0
0
0
0
0
0
0
0
0
0
0
0
0
0
0
0
0
0
0
0
0
0
0
0
0
0
0
0
0
0
0
0
0
0
0
0
0
0
0
0
0
0
0
0
0
0
0
0
0
0
0
0
0
0
0
0
0
0
0
0
0
0
0
0
0
0
0
0
0
0
0
0
0
0
0
0
0
0
0
0
0
0
0
0
0
0
0
0
0
0
0
0
0
0
0
0
0
0
0
0
0
0
0
0
0
0
0
0
0
0
0
0
0
0
0
0
0
0
0
0
0
0
0
0
0
0
0
0
0
0
0
0
0
0
0
0
0
0
0
0
0
0
0
0
0
0
0
0
0
0
0
0
0
0
0
0
0
0
0
0
0
0
0
0
0
0
0
0
0
0
0
0
0
0
0
0
0
0
0
0
0
0
0
0
0
0
0
0
0
0
0
0
0
0
0
0
0
0
0
0
0
0
0
0
0
0
0
0
0
0
0
0
0
0
0
0
0
0
0
0
0
0
0
0
0
0
0
0
0
0
0
0
0
0
0
0
0
0
0
0
0
0
0
0
0
0
0
0
0
0
0
0
0
0
0
0
0
0
0
0
0
0
