381 614
165 117 5
30 6 4
214 22 2
354 346 4
87 249 4
55 268 4
145 101 5
56 257 2
4 376 1
192 176 3
7 185 2
207 358 5
150 37 4
264 151 3
90 146 3
116 174 4
354 206 5
281 250 2
278 16 4
89 156 3
192 130 2
40 189 3
46 306 2
323 14 5
376 128 2
193 222 3
283 29 3
284 251 3
364 286 4
78 216 4
181 38 2
248 324 3
366 87 2
59 174 2
200 350 3
45 131 3
302 269 4
135 57 4
34 248 3
224 63 4
182 309 3
233 190 4
377 28 4
156 167 4
246 39 3
14 109 3
68 13 4
380 332 3
118 40 2
49 300 3
28 47 4
126 88 2
212 254 3
302 358 7
303 209 4
270 173 5
344 380 3
130 119 4
102 44 3
295 52 5
353 280 3
256 329 3
247 113 3
324 74 4
143 317 3
125 241 4
120 150 4
36 356 5
210 333 4
199 57 3
308 323 4
91 94 2
103 230 3
270 66 3
232 271 3
363 334 3
227 142 2
187 348 3
22 153 3
316 202 3
260 115 4
52 98 3
69 140 4
219 318 3
347 230 1
74 353 4
244 77 3
51 49 4
67 358 2
93 110 3
66 335 3
286 215 4
112 186 4
113 12 4
212 243 4
326 82 2
41 239 2
292 27 3
50 160 3
341 257 3
97 250 2
318 375 2
259 226 3
106 61 3
362 275 3
299 163 3
83 209 5
284 46 4
71 285 6
200 185 5
138 281 2
42 153 2
20 232 3
7 217 4
369 124 2
306 373 4
357 369 4
378 365 3
155 22 4
262 152 3
263 84 3
16 206 2
162 144 3
171 45 3
334 177 3
9 228 3
88 159 2
314 158 3
344 313 4
63 166 3
218 252 4
364 143 3
251 277 4
110 178 4
223 276 4
194 91 2
155 296 4
325 267 4
360 51 2
111 352 4
53 191 3
345 105 4
312 186 4
339 97 2
191 297 3
117 51 4
2 213 4
81 311 3
188 47 4
299 289 4
151 168 2
19 84 2
264 34 2
140 108 4
342 38 3
92 307 4
263 69 2
56 372 3
106 378 3
99 228 3
337 35 3
202 221 3
359 220 4
255 143 3
158 350 4
222 160 4
102 173 4
336 327 3
255 317 2
229 298 4
356 237 3
348 299 4
322 305 3
87 301 2
354 71 3
57 7 1
361 242 4
95 243 1
329 346 4
263 92 3
278 131 3
258 33 2
23 323 2
365 315 4
155 214 2
284 241 3
165 154 3
143 180 3
114 8 3
128 4 2
31 76 3
99 381 3
370 309 2
296 282 4
236 25 4
24 362 4
233 294 2
9 342 3
288 91 3
361 91 4
15 172 4
21 308 3
124 107 3
340 321 3
302 207 3
363 290 3
147 130 3
173 332 3
295 122 4
348 225 4
204 197 3
269 240 3
50 215 4
169 230 3
101 133 4
277 162 3
78 46 4
188 248 2
263 108 3
304 260 2
203 135 2
177 290 2
172 244 2
349 11 3
86 82 3
310 149 4
157 170 2
202 154 3
311 345 5
28 337 3
65 210 2
321 378 5
89 273 3
85 266 3
22 42 3
225 187 2
205 111 3
92 108 2
48 312 3
97 195 3
288 194 3
347 103 2
374 40 3
347 268 4
129 216 4
141 367 3
363 212 3
114 320 4
381 262 4
150 336 3
32 157 4
280 368 4
259 310 4
229 303 4
291 267 3
363 29 2
154 51 3
70 113 4
252 329 3
380 44 3
168 352 3
107 312 2
96 18 3
225 289 3
15 19 2
270 278 3
64 276 2
93 160 4
320 247 4
207 13 3
247 8 3
79 201 3
196 259 4
106 315 2
332 102 3
119 367 4
197 190 2
53 236 4
376 313 3
172 77 2
343 24 4
156 58 2
43 117 4
64 341 3
129 189 3
16 100 2
132 294 4
359 144 3
149 236 4
201 44 5
203 39 2
291 325 4
279 124 4
301 366 3
226 333 3
45 184 4
166 343 5
182 133 3
334 283 3
10 144 2
314 350 5
330 366 3
22 18 5
240 89 3
159 238 4
139 99 3
105 194 4
361 56 3
234 31 3
326 71 3
55 2 2
322 164 2
193 25 4
163 12 3
356 305 3
269 218 3
110 127 3
72 370 4
369 107 2
210 170 3
39 83 3
179 307 5
367 176 4
237 290 3
351 41 3
222 261 3
293 19 3
97 136 3
96 73 4
151 352 3
115 235 2
250 195 4
90 175 3
208 231 3
134 201 4
10 162 3
80 35 2
33 271 4
43 121 4
4 344 3
128 134 3
137 104 4
135 246 3
328 80 2
245 116 4
294 197 1
104 297 3
223 242 3
364 322 2
76 377 4
223 341 2
79 335 4
272 170 3
136 316 3
379 123 5
112 48 5
199 355 4
375 26 4
161 243 3
351 88 4
214 338 3
343 340 3
262 9 4
208 351 3
298 132 4
1 221 4
131 16 3
142 43 3
204 229 4
279 186 4
9 181 3
175 52 3
37 184 4
196 310 3
219 277 5
212 36 3
60 307 3
228 181 2
30 187 3
227 213 5
254 334 4
174 98 5
273 58 5
65 170 4
220 217 3
306 85 3
215 180 3
176 119 3
138 301 5
95 77 5
265 370 3
169 23 4
219 21 4
125 149 3
266 118 1
96 153 3
319 65 3
144 241 3
296 42 4
372 293 4
148 160 2
120 184 4
245 369 2
271 377 3
371 258 3
105 29 5
251 78 3
224 61 3
261 292 3
84 15 2
67 218 4
69 60 3
226 310 3
353 73 3
253 324 3
287 247 5
145 282 4
220 355 2
287 298 3
167 58 2
327 111 2
253 188 5
233 83 4
92 69 2
86 159 3
66 102 3
324 188 4
132 303 5
267 6 4
140 59 3
126 82 3
109 189 3
6 23 4
175 3 3
231 274 4
158 68 2
123 343 5
280 73 6
365 112 2
123 213 3
379 275 3
167 157 3
183 373 2
146 312 6
72 368 3
309 133 5
320 70 3
152 99 2
127 183 3
141 137 4
119 141 3
67 128 6
194 283 3
349 21 3
126 326 3
355 26 3
122 339 2
166 300 3
122 250 3
211 127 3
330 301 4
364 164 3
24 379 4
198 164 1
330 139 1
81 234 4
60 59 3
287 8 3
193 148 4
104 239 2
347 169 2
27 297 2
95 254 2
168 171 5
165 38 3
268 230 2
357 107 4
5 2 3
325 103 3
286 231 3
381 178 5
72 80 2
340 63 5
54 93 3
138 179 3
374 118 2
256 240 3
33 371 2
98 60 3
5 268 4
80 31 2
279 48 4
177 29 2
115 371 3
120 354 3
178 152 3
258 232 4
35 328 1
295 3 4
284 25 4
274 351 3
272 157 1
195 136 2
4 134 2
32 68 4
78 85 4
26 190 4
200 319 4
335 346 2
224 49 4
264 171 3
304 274 4
135 185 3
234 115 5
145 223 3
79 66 5
291 362 4
206 100 2
26 10 3
336 20 3
304 258 3
55 40 4
290 62 3
147 192 1
141 17 3
11 375 3
75 1 3
261 53 2
211 373 3
308 187 5
361 257 5
238 336 3
17 137 2
211 148 4
305 139 4
371 260 3
300 360 3
90 75 4
204 11 5
198 235 4
237 36 4
81 345 3
161 372 5
192 285 1
208 239 4
126 86 3
240 252 2
338 18 5
289 12 3
35 31 2
244 249 3
146 75 4
265 182 4
225 163 3
151 34 4
20 238 4
191 292 4
235 62 4
272 32 2
319 196 3
37 205 4
316 3 3
327 205 3
277 10 2
345 101 3
368 74 3
348 30 3
297 41 4
282 276 4
72 328 4
321 61 3
331 314 3
269 273 3
380 102 4
288 94 2
257 242 3
337 76 4
217 199 3
27 50 4
359 125 3
54 180 3
249 254 3
1 315 3
318 349 4
195 281 2
17 333 4
158 32 2
130 367 2
339 136 2
121 227 1
55 129 3
203 331 3
121 142 1
280 265 3
62 311 3
342 43 3
275 5 4
266 374 2
159 82 3
147 176 4
255 178 4
256 285 4
21 14 4
278 100 3
156 170 4
161 94 4
224 221 3
368 253 3
179 281 2
357 245 2
54 317 3
331 246 4
322 198 2
216 109 3
10000
0
0
0
0
0
0
0
0
0
0
0
0
0
0
0
0
0
0
0
0
0
0
0
0
0
0
0
0
0
0
0
0
0
0
0
0
0
0
0
0
0
0
0
0
0
0
0
0
0
0
0
0
0
0
0
0
0
0
0
0
0
0
0
0
0
0
0
0
0
0
0
0
0
0
0
0
0
0
0
0
0
0
0
0
0
0
0
0
0
0
0
0
0
0
0
0
0
0
0
0
0
0
0
0
0
1
1 341
0
0
0
0
0
0
0
0
0
0
0
0
0
0
0
0
0
0
0
0
0
0
0
0
0
0
0
0
0
0
0
0
0
0
0
0
0
0
0
0
0
0
0
0
0
0
0
0
0
1
2 267
0
0
0
0
0
0
0
0
0
0
0
0
0
0
0
0
0
0
0
0
0
0
0
0
0
1
3 289
1
4 9
0
0
0
0
0
0
0
0
0
0
0
0
0
0
0
0
0
0
0
0
0
0
0
0
0
0
0
0
0
0
0
0
0
0
0
0
0
0
0
0
0
0
0
0
0
0
0
0
0
0
0
0
0
0
0
0
0
0
0
1
5 259
0
0
0
0
0
0
0
0
0
0
0
0
1
6 256
0
0
0
0
0
0
0
0
0
0
0
0
0
0
0
0
0
0
0
0
0
0
0
0
0
0
0
0
0
0
0
0
0
0
1
7 346
0
0
0
0
0
0
0
0
0
0
0
0
0
0
0
0
0
0
1
8 114
0
0
0
0
0
0
0
0
0
0
0
0
0
0
0
0
1
9 133
0
0
0
0
0
0
0
0
0
0
0
0
0
0
0
0
0
0
0
0
0
1
10 31
0
0
0
0
0
0
0
1
11 278
1
12 332
0
0
0
0
0
0
0
0
0
1
13 62
0
0
0
0
0
0
0
0
0
0
0
0
1
14 281
0
0
0
0
1
15 287
0
0
0
0
0
1
16 367
1
17 222
0
0
0
0
1
18 170
0
0
0
0
0
0
0
0
0
1
19 207
0
0
0
1
20 327
0
0
0
0
0
0
0
0
0
0
0
0
0
1
21 3
0
0
0
0
0
0
0
0
0
0
0
1
22 321
0
0
0
0
0
0
0
0
0
0
0
0
0
0
0
1
23 123
1
24 152
0
0
0
0
0
0
0
1
25 328
0
0
0
0
0
0
1
26 34
0
0
0
1
27 43
0
0
0
0
0
0
0
0
1
28 203
0
0
0
0
0
0
0
0
0
0
0
1
29 47
0
0
0
0
0
0
0
0
0
0
0
1
30 18
0
0
0
0
0
0
0
0
0
0
0
0
1
31 365
0
0
0
0
0
0
0
0
0
1
32 29
0
0
0
0
0
0
0
0
0
0
0
0
0
0
0
1
33 33
0
0
1
34 377
0
0
0
0
0
0
0
0
0
0
0
1
35 79
0
0
0
0
0
0
0
0
0
0
0
0
0
0
0
0
0
0
0
0
0
0
0
0
0
0
0
0
1
36 273
1
37 222
0
0
0
0
0
0
0
0
0
0
0
0
0
0
1
38 208
1
39 57
0
0
0
0
1
40 265
0
0
0
0
0
0
0
0
0
0
0
1
41 301
0
0
1
42 356
0
0
0
0
0
0
1
43 164
0
0
0
0
0
0
0
0
1
44 41
0
0
0
0
0
0
0
0
0
0
0
1
45 265
0
0
0
1
46 157
0
1
47 47
0
0
1
48 148
0
0
0
0
0
0
0
0
0
0
0
0
0
0
0
1
49 290
0
0
1
50 313
0
0
0
1
51 223
1
52 250
0
0
1
53 303
1
54 226
1
55 264
0
0
0
0
0
0
0
0
1
56 259
0
0
0
0
0
1
57 209
1
58 179
0
0
0
1
59 108
0
0
0
1
60 254
0
0
1
61 211
0
0
1
62 380
0
0
0
0
0
1
63 289
0
1
64 8
0
1
65 232
0
0
0
0
1
66 36
0
0
1
67 239
0
0
0
0
0
0
0
1
68 379
0
1
69 192
1
70 12
0
0
0
1
71 313
0
1
72 197
1
73 26
1
74 338
0
0
0
0
0
0
1
75 143
1
76 106
0
1
77 275
0
0
0
0
1
78 217
1
79 311
0
0
0
0
0
0
1
80 343
0
1
81 3
0
0
0
1
82 296
0
0
0
1
83 96
0
0
1
84 188
1
85 346
1
86 48
0
0
1
87 378
0
0
1
88 50
0
0
0
0
0
0
0
0
0
0
0
0
0
0
0
0
0
0
0
0
0
0
0
0
0
0
0
0
0
0
0
0
0
0
0
0
0
0
0
0
1
89 21
0
0
0
0
0
0
0
0
1
90 50
0
1
91 341
0
0
0
0
0
0
0
0
0
1
92 33
0
1
93 236
0
1
94 280
1
95 21
0
1
96 362
0
0
1
97 132
1
98 297
0
0
0
0
0
0
0
1
99 344
0
1
100 273
0
0
0
0
0
0
1
101 46
0
1
102 332
0
1
103 205
1
104 262
0
0
0
1
105 371
0
0
0
0
0
0
1
106 166
0
1
107 189
0
0
0
0
0
0
0
0
1
108 213
0
0
0
1
109 73
0
0
0
0
0
0
0
0
0
0
0
0
0
0
0
0
0
0
0
1
110 315
1
111 369
0
1
112 303
0
0
0
1
113 245
0
0
1
114 200
0
0
0
0
1
115 151
0
1
116 184
1
117 129
1
118 129
0
1
119 32
0
0
0
0
1
120 196
0
0
1
121 47
1
122 234
1
123 186
0
0
0
0
0
0
1
124 14
0
0
0
0
0
0
0
1
125 318
0
1
126 344
1
127 217
0
1
128 55
0
1
129 255
0
0
0
0
0
0
0
1
130 378
1
131 113
0
0
1
132 178
1
133 373
0
0
0
0
0
1
134 217
0
1
135 316
1
136 209
0
0
0
1
137 335
0
0
0
0
0
1
138 149
1
139 241
0
0
1
140 284
0
0
0
0
0
1
141 363
1
142 267
1
143 231
1
144 38
1
145 152
0
0
0
1
146 326
0
0
0
0
0
0
0
0
1
147 344
0
0
1
148 373
0
0
0
1
149 247
0
0
1
150 171
0
1
151 76
0
0
0
0
0
1
152 40
0
0
1
153 208
1
154 24
1
155 139
0
0
0
1
156 24
0
0
0
1
157 200
0
0
0
1
158 235
1
159 62
0
1
160 201
0
0
1
161 339
1
162 105
0
0
0
0
0
0
1
163 207
0
0
1
164 333
1
165 353
0
1
166 288
0
0
0
0
0
0
0
0
1
167 298
0
0
0
1
168 256
1
169 217
0
0
1
170 27
1
171 127
0
0
0
0
1
172 67
1
173 256
1
174 276
0
0
1
175 7
1
176 344
1
177 155
0
1
178 354
0
0
1
179 243
0
1
180 136
1
181 5
0
1
182 267
1
183 119
1
184 169
1
185 65
0
0
0
0
0
0
1
186 314
1
187 71
0
1
188 28
0
0
0
0
0
0
0
0
0
1
189 270
0
1
190 364
1
191 27
0
0
1
192 62
0
0
0
0
0
1
193 5
0
0
0
0
1
194 152
0
0
0
0
1
195 294
0
1
196 63
0
1
197 201
0
0
0
0
0
1
198 237
1
199 299
0
1
200 131
0
1
201 360
0
0
0
0
0
1
202 129
0
1
203 288
1
204 316
0
0
0
0
0
0
0
1
205 154
0
0
0
1
206 342
0
0
0
0
0
1
207 305
1
208 316
0
0
0
0
0
0
0
0
0
0
0
1
209 372
1
210 148
1
211 194
1
212 207
1
213 33
1
214 287
1
215 105
0
1
216 60
1
217 285
0
0
1
218 137
1
219 356
1
220 135
0
0
0
0
1
221 323
1
222 14
1
223 175
0
1
224 339
0
0
0
0
1
225 249
0
1
226 229
0
0
0
1
227 66
0
0
0
1
228 380
0
1
229 154
0
0
0
0
1
230 147
0
0
0
0
0
0
0
0
0
1
231 133
0
1
232 321
0
1
233 239
0
0
0
1
234 350
0
0
0
0
0
0
1
235 38
0
0
0
0
0
0
1
236 39
0
0
0
1
237 28
0
0
0
0
1
238 126
0
0
0
0
0
0
0
1
239 331
0
0
0
1
240 264
0
0
0
1
241 345
0
0
0
0
0
1
242 83
1
243 50
1
244 120
0
0
0
1
245 342
0
1
246 250
0
0
1
247 238
0
0
0
0
1
248 80
1
249 269
0
0
0
0
1
250 280
0
0
1
251 16
0
1
252 50
0
0
0
0
0
0
0
1
253 380
1
254 11
0
1
255 267
1
256 175
0
1
257 320
0
0
0
0
1
258 91
0
0
1
259 247
0
1
260 266
1
261 75
0
0
0
0
0
0
0
1
262 254
1
263 126
1
264 300
0
0
0
1
265 239
0
0
0
0
0
1
266 201
0
1
267 69
0
1
268 326
1
269 195
0
0
0
0
0
0
1
270 307
1
271 100
0
0
1
272 138
1
273 24
0
1
274 92
1
275 136
0
1
276 164
0
1
277 296
0
0
1
278 197
0
0
0
0
1
279 153
0
0
0
0
1
280 215
0
0
0
0
0
1
281 23
1
282 111
0
0
0
0
0
1
283 164
1
284 201
1
285 187
0
0
0
0
1
286 325
0
1
287 374
0
0
0
1
288 352
0
0
0
0
0
1
289 261
0
0
1
290 16
0
0
0
1
291 2
0
0
0
0
1
292 54
1
293 366
1
294 338
1
295 251
1
296 18
1
297 143
1
298 39
1
299 129
0
0
0
1
300 317
0
1
301 261
0
0
0
0
0
0
0
0
0
0
0
0
0
0
0
0
0
1
302 343
0
1
303 363
1
304 61
0
1
305 250
0
1
306 314
0
0
1
307 143
0
0
0
1
308 101
1
309 4
1
310 339
1
311 32
0
0
0
0
0
1
312 38
0
0
1
313 326
0
0
0
1
314 139
1
315 292
0
0
0
1
316 201
0
0
0
1
317 351
1
318 6
1
319 243
1
320 295
0
0
1
321 67
0
1
322 217
1
323 278
0
1
324 365
0
0
0
1
325 48
1
326 305
0
0
0
1
327 210
0
0
0
0
0
0
0
1
328 311
1
329 184
0
0
0
0
0
0
0
0
1
330 289
0
0
0
0
0
0
0
0
0
1
331 114
0
0
1
332 255
0
0
0
0
1
333 179
0
0
1
334 245
0
0
1
335 380
0
1
336 62
0
0
0
0
1
337 91
0
0
1
338 308
1
339 217
0
0
1
340 317
0
0
1
341 234
1
342 329
0
1
343 202
1
344 252
1
345 28
0
1
346 300
1
347 172
1
348 27
1
349 176
0
1
350 333
1
351 307
0
0
1
352 54
1
353 74
0
0
1
354 337
1
355 357
0
1
356 328
1
357 119
0
1
358 121
0
1
359 298
1
360 232
0
0
0
1
361 321
0
1
362 208
0
0
0
0
0
0
0
0
0
1
363 52
1
364 346
1
365 297
0
1
366 102
1
367 304
1
368 140
0
1
369 305
0
1
370 10
1
371 98
0
0
0
1
372 109
0
0
1
373 93
1
374 75
0
0
0
0
1
375 217
0
0
1
376 93
0
0
1
377 31
0
1
378 357
0
0
0
1
379 203
0
1
380 243
0
0
0
0
0
1
381 53
0
1
382 332
0
1
383 360
1
384 102
0
0
0
0
0
0
1
385 234
1
386 347
1
387 173
1
388 374
1
389 230
0
1
390 151
0
0
1
391 235
0
1
392 234
1
393 329
0
1
394 177
1
395 216
1
396 71
1
397 192
0
0
0
0
1
398 364
1
399 210
0
1
400 18
0
1
401 230
1
402 179
0
0
1
403 286
0
1
404 141
1
405 319
1
406 165
0
0
1
407 45
0
1
408 77
0
1
409 215
0
0
1
410 20
1
411 33
1
412 254
1
413 143
1
414 78
0
0
1
415 115
0
0
1
416 355
0
1
417 3
1
418 261
0
0
0
0
0
1
419 59
0
1
420 232
0
1
421 119
0
0
0
0
0
1
422 330
1
423 258
0
0
1
424 317
0
0
0
1
425 352
1
426 236
1
427 69
0
1
428 97
1
429 359
0
1
430 344
1
431 195
0
1
432 209
0
0
1
433 106
1
434 310
1
435 63
1
436 205
1
437 105
1
438 261
1
439 4
0
1
440 337
0
1
441 22
1
442 53
1
443 248
1
444 208
1
445 189
1
446 110
0
1
447 107
0
1
448 236
1
449 20
0
0
0
0
1
450 329
1
451 368
0
0
0
1
452 309
0
1
453 24
1
454 371
0
0
0
0
0
0
1
455 263
1
456 343
1
457 103
0
0
0
0
0
1
458 283
1
459 224
0
1
460 377
0
1
461 48
0
1
462 59
0
1
463 235
1
464 200
1
465 377
1
466 113
1
467 232
1
468 84
1
469 363
0
1
470 56
0
0
1
471 226
0
0
0
1
472 165
1
473 63
1
474 119
1
475 87
1
476 71
0
0
1
477 146
1
478 214
0
0
1
479 120
1
480 155
0
1
481 317
1
482 46
1
483 6
1
484 268
0
0
1
485 239
0
0
0
1
486 318
1
487 351
1
488 212
1
489 260
0
0
1
490 257
0
0
1
491 227
0
1
492 101
0
1
493 255
1
494 195
0
0
0
0
0
1
495 310
0
0
0
0
0
0
0
0
1
496 266
0
0
1
497 232
0
1
498 60
0
1
499 163
1
500 169
1
501 313
1
502 173
1
503 39
0
1
504 180
1
505 315
0
0
1
506 191
1
507 64
0
0
0
1
508 294
0
1
509 341
1
510 7
0
0
0
1
511 212
0
1
512 375
1
513 93
0
1
514 168
1
515 57
1
516 5
1
517 329
0
1
518 9
1
519 263
1
520 33
1
521 221
1
522 338
0
0
1
523 305
0
0
0
0
0
0
1
524 237
1
525 234
1
526 256
1
527 376
1
528 167
0
1
529 248
0
0
0
1
530 254
1
531 142
1
532 342
0
0
0
0
1
533 257
1
534 93
1
535 224
1
536 378
0
1
537 239
1
538 39
1
539 180
0
1
540 137
1
541 100
0
0
1
542 57
0
1
543 128
1
544 159
0
1
545 192
0
1
546 106
0
1
547 143
0
0
0
1
548 248
0
0
0
0
0
0
1
549 263
0
1
550 8
0
1
551 280
0
1
552 18
1
553 101
1
554 36
1
555 136
1
556 44
1
557 237
1
558 253
1
559 20
1
560 34
0
1
561 340
1
562 25
0
1
563 305
0
0
1
564 374
0
1
565 318
0
1
566 351
1
567 252
1
568 354
1
569 38
1
570 16
1
571 296
1
572 220
0
0
1
573 305
0
0
0
0
1
574 297
1
575 21
0
0
0
0
0
1
576 310
0
0
1
577 224
0
0
0
0
1
578 33
1
579 371
0
0
0
0
0
0
0
1
580 108
0
1
581 162
0
1
582 303
1
583 35
0
0
0
0
0
1
584 198
0
1
585 104
1
586 13
0
0
1
587 191
1
588 18
1
589 158
0
0
1
590 311
0
0
1
591 70
0
0
0
1
592 166
0
1
593 187
0
0
1
594 129
0
1
595 235
1
596 296
1
597 374
0
0
1
598 193
0
1
599 253
0
1
600 367
1
601 65
0
0
1
602 364
0
0
1
603 232
0
0
0
1
604 142
0
0
0
1
605 361
0
1
606 92
0
0
1
607 236
0
1
608 47
0
0
0
1
609 133
0
0
1
610 135
1
611 63
0
0
0
0
0
1
612 113
0
1
613 204
0
1
614 325
0
1
615 19
0
1
616 2
1
617 325
0
1
618 149
1
619 121
1
620 76
0
1
621 351
1
622 215
0
0
0
0
1
623 197
0
1
624 154
1
625 208
1
626 234
1
627 21
1
628 322
1
629 245
1
630 49
1
631 44
1
632 239
1
633 238
0
0
1
634 186
0
1
635 335
1
636 192
1
637 278
1
638 315
0
0
0
1
639 306
1
640 38
1
641 34
1
642 9
0
0
1
643 339
0
0
0
1
644 67
0
1
645 208
1
646 176
1
647 160
1
648 115
0
0
1
649 215
1
650 306
1
651 179
1
652 286
1
653 175
1
654 361
1
655 33
0
1
656 381
1
657 17
0
0
1
658 216
0
1
659 194
1
660 18
0
1
661 359
0
1
662 249
1
663 208
1
664 160
1
665 217
1
666 112
1
667 181
0
0
1
668 37
1
669 185
1
670 320
1
671 269
1
672 14
0
1
673 211
0
0
1
674 125
0
0
0
1
675 67
1
676 320
1
677 198
0
1
678 280
1
679 356
1
680 345
0
0
0
0
0
0
1
681 374
1
682 74
1
683 4
1
684 9
1
685 252
0
1
686 121
0
1
687 201
1
688 290
1
689 255
0
1
690 157
1
691 111
0
0
0
1
692 188
0
1
693 90
0
0
0
0
1
694 89
0
1
695 247
0
1
696 62
1
697 100
1
698 167
1
699 205
0
1
700 137
1
701 228
0
1
702 312
0
1
703 69
1
704 128
0
0
0
1
705 101
1
706 143
1
707 268
0
1
708 306
1
709 56
1
710 348
0
0
1
711 266
1
712 197
0
1
713 342
1
714 123
1
715 327
1
716 190
1
717 78
1
718 93
0
1
719 190
1
720 320
1
721 351
0
1
722 215
0
0
1
723 248
1
724 36
0
0
1
725 122
1
726 380
0
1
727 164
0
1
728 96
1
729 23
0
0
0
1
730 119
1
731 303
1
732 8
0
0
1
733 52
1
734 50
0
0
0
0
0
0
1
735 124
0
0
0
0
0
1
736 189
1
737 67
0
0
1
738 310
1
739 113
1
740 159
1
741 234
1
742 183
1
743 272
1
744 30
0
1
745 274
1
746 87
1
747 47
0
0
0
0
1
748 243
1
749 156
1
750 373
1
751 234
1
752 27
1
753 133
1
754 110
0
1
755 104
1
756 302
0
1
757 201
1
758 110
1
759 51
1
760 320
1
761 202
1
762 103
1
763 341
1
764 215
0
1
765 111
0
1
766 312
0
1
767 22
1
768 332
1
769 313
1
770 214
0
0
1
771 106
0
1
772 286
1
773 99
0
1
774 53
0
1
775 44
1
776 357
1
777 225
1
778 48
0
1
779 121
1
780 319
0
1
781 78
0
0
1
782 29
1
783 171
1
784 349
1
785 143
1
786 43
1
787 192
1
788 5
0
1
789 128
1
790 203
0
0
1
791 317
1
792 140
0
1
793 277
0
1
794 156
1
795 380
1
796 78
1
797 284
1
798 16
1
799 122
1
800 62
1
801 376
1
802 222
1
803 16
1
804 286
1
805 12
0
1
806 281
1
807 117
0
0
0
1
808 236
1
809 115
0
0
0
0
0
1
810 216
1
811 116
1
812 304
1
813 3
0
0
1
814 160
1
815 52
1
816 283
1
817 166
1
818 118
0
1
819 127
1
820 207
0
0
1
821 193
0
0
0
0
1
822 125
1
823 179
1
824 289
1
825 101
1
826 277
1
827 341
1
828 350
0
0
0
0
0
1
829 7
1
830 269
1
831 171
1
832 121
1
833 153
0
0
0
0
0
1
834 351
1
835 232
1
836 120
0
1
837 360
0
1
838 57
1
839 301
1
840 3
1
841 178
1
842 297
1
843 77
1
844 15
0
0
1
845 53
0
1
846 343
0
0
1
847 54
1
848 190
1
849 379
1
850 231
1
851 67
0
1
852 222
1
853 23
0
1
854 291
0
0
1
855 195
1
856 52
1
857 152
0
0
1
858 297
1
859 20
0
1
860 234
1
861 159
0
0
0
1
862 331
1
863 150
0
1
864 124
0
1
865 140
1
866 41
0
0
0
1
867 184
0
1
868 357
1
869 137
1
870 118
1
871 279
1
872 311
1
873 70
1
874 376
0
1
875 305
1
876 357
0
1
877 90
1
878 164
1
879 333
1
880 121
1
881 258
1
882 352
1
883 198
1
884 92
0
0
0
1
885 318
1
886 134
0
1
887 159
1
888 326
1
889 328
1
890 290
0
1
891 5
1
892 245
1
893 52
1
894 41
1
895 249
1
896 241
1
897 303
1
898 167
1
899 19
0
0
0
1
900 313
1
901 278
1
902 197
1
903 315
0
1
904 50
1
905 156
1
906 321
1
907 193
1
908 10
0
0
1
909 297
1
910 290
0
1
911 197
1
912 49
1
913 197
0
1
914 103
0
1
915 236
1
916 182
0
1
917 143
1
918 248
1
919 255
1
920 299
1
921 206
1
922 292
0
0
1
923 7
1
924 60
1
925 162
1
926 31
0
1
927 327
1
928 221
1
929 261
1
930 89
0
1
931 41
1
932 320
1
933 64
1
934 235
1
935 298
1
936 53
1
937 254
1
938 261
0
0
0
1
939 80
1
940 252
1
941 52
1
942 90
1
943 278
1
944 256
1
945 143
1
946 116
1
947 304
0
1
948 211
0
0
1
949 371
1
950 88
1
951 224
1
952 163
1
953 185
1
954 258
0
1
955 180
1
956 38
0
1
957 125
1
958 357
1
959 20
0
1
960 357
0
1
961 285
1
962 181
1
963 177
1
964 87
1
965 179
0
1
966 235
1
967 78
1
968 39
1
969 346
1
970 336
0
1
971 364
1
972 188
0
1
973 249
0
1
974 160
1
975 298
0
1
976 12
0
1
977 325
0
1
978 266
0
1
979 294
1
980 241
1
981 328
1
982 307
0
1
983 296
1
984 7
1
985 303
1
986 122
1
987 326
0
1
988 289
1
989 258
1
990 379
1
991 276
1
992 213
1
993 292
1
994 251
1
995 243
0
1
996 236
1
997 269
1
998 363
1
999 278
1
1000 33
1
1001 78
1
1002 381
1
1003 110
1
1004 38
1
1005 222
0
1
1006 338
1
1007 65
1
1008 96
0
1
1009 299
1
1010 24
1
1011 128
1
1012 39
0
1
1013 21
0
1
1014 118
0
1
1015 55
1
1016 161
0
1
1017 53
1
1018 252
0
1
1019 101
1
1020 208
1
1021 173
0
1
1022 85
1
1023 177
1
1024 331
0
1
1025 156
1
1026 38
0
1
1027 351
1
1028 317
0
0
1
1029 141
1
1030 12
1
1031 29
0
1
1032 68
1
1033 178
1
1034 208
1
1035 44
1
1036 101
0
1
1037 165
1
1038 297
1
1039 255
0
1
1040 85
0
0
0
0
1
1041 7
1
1042 84
0
1
1043 102
1
1044 36
0
1
1045 9
1
1046 110
1
1047 3
0
1
1048 298
0
1
1049 331
1
1050 362
1
1051 146
1
1052 141
1
1053 170
1
1054 95
1
1055 206
1
1056 100
0
1
1057 61
1
1058 267
1
1059 18
0
1
1060 167
1
1061 252
1
1062 324
1
1063 259
1
1064 359
1
1065 148
1
1066 234
1
1067 179
1
1068 319
1
1069 150
1
1070 305
1
1071 210
1
1072 361
0
0
0
1
1073 252
1
1074 128
0
1
1075 84
1
1076 112
0
1
1077 306
0
1
1078 209
1
1079 210
1
1080 12
1
1081 27
1
1082 275
0
1
1083 156
1
1084 11
1
1085 306
0
0
1
1086 266
0
1
1087 173
1
1088 261
1
1089 357
0
1
1090 246
1
1091 276
1
1092 274
1
1093 110
0
1
1094 81
0
0
1
1095 19
1
1096 76
1
1097 31
1
1098 283
1
1099 50
1
1100 57
1
1101 180
1
1102 91
1
1103 178
1
1104 287
1
1105 144
1
1106 303
1
1107 246
1
1108 226
0
0
0
1
1109 355
1
1110 347
1
1111 156
0
0
1
1112 267
1
1113 160
1
1114 342
1
1115 239
1
1116 351
0
1
1117 106
1
1118 90
1
1119 265
1
1120 334
1
1121 51
1
1122 252
1
1123 233
1
1124 321
1
1125 234
1
1126 134
1
1127 316
0
0
1
1128 289
1
1129 191
1
1130 142
1
1131 315
0
1
1132 233
0
0
1
1133 18
0
1
1134 108
1
1135 311
1
1136 30
0
1
1137 331
1
1138 234
0
0
1
1139 351
1
1140 248
1
1141 318
0
1
1142 274
1
1143 291
1
1144 48
1
1145 113
1
1146 320
1
1147 41
1
1148 127
1
1149 62
0
1
1150 197
1
1151 166
1
1152 175
0
1
1153 57
1
1154 240
0
0
0
1
1155 147
0
0
0
1
1156 54
0
1
1157 202
1
1158 255
1
1159 117
1
1160 374
1
1161 291
0
1
1162 304
1
1163 291
1
1164 38
1
1165 77
0
1
1166 270
1
1167 25
1
1168 320
1
1169 88
0
1
1170 287
1
1171 5
0
1
1172 292
1
1173 46
1
1174 314
1
1175 73
1
1176 56
1
1177 266
1
1178 19
1
1179 27
1
1180 315
1
1181 60
1
1182 234
1
1183 18
1
1184 119
1
1185 218
0
1
1186 62
1
1187 282
1
1188 79
0
1
1189 109
1
1190 152
1
1191 18
1
1192 284
1
1193 152
0
1
1194 337
1
1195 370
1
1196 351
1
1197 189
1
1198 113
0
1
1199 231
1
1200 322
1
1201 211
1
1202 164
1
1203 23
1
1204 259
0
0
1
1205 231
1
1206 248
1
1207 30
1
1208 299
1
1209 86
1
1210 225
1
1211 23
0
1
1212 222
1
1213 329
0
1
1214 372
1
1215 203
1
1216 176
0
0
1
1217 322
1
1218 32
0
1
1219 202
1
1220 362
1
1221 159
0
1
1222 219
1
1223 179
0
1
1224 363
0
1
1225 352
1
1226 80
1
1227 226
0
1
1228 166
1
1229 186
1
1230 73
1
1231 222
1
1232 253
1
1233 16
0
1
1234 377
1
1235 159
0
1
1236 353
1
1237 267
1
1238 325
1
1239 310
0
1
1240 110
1
1241 298
1
1242 234
1
1243 79
1
1244 298
1
1245 371
1
1246 51
1
1247 172
1
1248 298
1
1249 160
1
1250 95
1
1251 230
1
1252 90
1
1253 148
1
1254 349
1
1255 44
0
1
1256 292
1
1257 254
1
1258 127
0
1
1259 76
1
1260 336
1
1261 111
0
1
1262 136
1
1263 62
0
1
1264 77
1
1265 50
0
0
0
0
1
1266 77
0
1
1267 234
0
1
1268 70
0
1
1269 378
1
1270 57
1
1271 276
1
1272 43
1
1273 215
1
1274 215
1
1275 299
1
1276 52
0
1
1277 335
1
1278 317
1
1279 292
0
1
1280 262
1
1281 22
1
1282 36
0
0
1
1283 130
1
1284 198
1
1285 41
1
1286 233
1
1287 29
1
1288 146
1
1289 53
1
1290 300
1
1291 81
0
0
1
1292 364
0
1
1293 209
1
1294 228
0
1
1295 263
1
1296 96
1
1297 229
1
1298 239
1
1299 56
0
0
1
1300 123
1
1301 143
1
1302 62
1
1303 267
1
1304 64
1
1305 233
1
1306 39
1
1307 23
1
1308 262
1
1309 305
1
1310 225
1
1311 113
1
1312 107
1
1313 218
1
1314 114
1
1315 319
1
1316 265
1
1317 300
1
1318 194
1
1319 173
1
1320 96
0
1
1321 157
1
1322 155
1
1323 232
1
1324 287
1
1325 162
1
1326 292
1
1327 255
0
1
1328 56
1
1329 305
0
1
1330 334
0
1
1331 85
1
1332 313
1
1333 284
0
0
1
1334 350
0
1
1335 192
0
1
1336 206
1
1337 49
1
1338 27
0
1
1339 326
1
1340 250
1
1341 18
1
1342 265
1
1343 27
1
1344 179
1
1345 289
1
1346 155
0
1
1347 39
1
1348 151
1
1349 177
1
1350 159
1
1351 110
0
0
1
1352 236
1
1353 198
1
1354 309
1
1355 5
1
1356 93
1
1357 327
1
1358 143
1
1359 113
1
1360 163
1
1361 122
1
1362 87
1
1363 199
1
1364 232
1
1365 235
1
1366 83
1
1367 158
0
0
1
1368 200
1
1369 210
0
0
1
1370 52
1
1371 305
1
1372 214
1
1373 59
1
1374 376
1
1375 59
1
1376 366
1
1377 226
0
1
1378 346
1
1379 57
1
1380 139
1
1381 96
1
1382 85
1
1383 65
0
1
1384 218
1
1385 340
1
1386 243
1
1387 75
1
1388 75
1
1389 212
0
1
1390 299
1
1391 248
1
1392 244
0
1
1393 270
0
1
1394 61
1
1395 73
1
1396 178
1
1397 360
1
1398 29
1
1399 255
1
1400 370
1
1401 74
1
1402 191
1
1403 222
1
1404 210
0
1
1405 364
0
0
1
1406 20
1
1407 255
1
1408 379
1
1409 20
1
1410 218
1
1411 112
1
1412 126
1
1413 186
1
1414 148
1
1415 22
1
1416 229
1
1417 232
0
0
1
1418 373
0
1
1419 121
1
1420 344
1
1421 70
1
1422 281
1
1423 17
1
1424 122
0
1
1425 240
1
1426 85
1
1427 322
1
1428 32
1
1429 169
1
1430 182
1
1431 198
1
1432 269
1
1433 27
1
1434 301
1
1435 194
0
1
1436 46
1
1437 371
1
1438 79
0
0
1
1439 302
1
1440 371
1
1441 135
1
1442 172
0
1
1443 152
1
1444 104
0
1
1445 15
1
1446 104
1
1447 111
0
0
1
1448 115
1
1449 65
1
1450 374
1
1451 235
1
1452 350
1
1453 375
1
1454 168
0
0
1
1455 355
1
1456 77
0
1
1457 26
1
1458 15
1
1459 150
1
1460 261
0
1
1461 260
0
1
1462 98
0
1
1463 265
1
1464 143
0
1
1465 103
1
1466 15
1
1467 271
1
1468 65
0
1
1469 103
1
1470 15
1
1471 229
1
1472 357
1
1473 166
1
1474 130
1
1475 259
1
1476 105
1
1477 175
1
1478 56
1
1479 307
1
1480 45
1
1481 249
1
1482 54
1
1483 203
1
1484 230
1
1485 87
1
1486 17
1
1487 358
1
1488 324
0
1
1489 61
1
1490 85
1
1491 126
1
1492 350
1
1493 256
1
1494 19
1
1495 276
1
1496 148
1
1497 175
1
1498 116
1
1499 86
1
1500 327
1
1501 159
1
1502 21
1
1503 14
1
1504 36
1
1505 325
1
1506 76
1
1507 152
1
1508 143
1
1509 275
1
1510 318
1
1511 17
1
1512 178
0
1
1513 257
1
1514 354
1
1515 131
1
1516 321
1
1517 87
1
1518 305
1
1519 274
1
1520 126
1
1521 352
1
1522 285
1
1523 55
1
1524 5
1
1525 26
1
1526 119
1
1527 269
1
1528 288
1
1529 304
0
1
1530 380
1
1531 110
1
1532 258
1
1533 284
1
1534 198
1
1535 212
0
1
1536 259
1
1537 237
0
0
1
1538 373
1
1539 136
1
1540 164
1
1541 100
1
1542 237
1
1543 258
1
1544 236
1
1545 353
1
1546 237
1
1547 323
1
1548 301
1
1549 50
1
1550 93
0
1
1551 99
1
1552 122
1
1553 219
1
1554 178
1
1555 318
0
1
1556 332
1
1557 333
1
1558 180
1
1559 202
1
1560 231
1
1561 342
1
1562 336
1
1563 159
1
1564 286
0
1
1565 187
1
1566 349
0
1
1567 48
1
1568 101
0
0
1
1569 358
1
1570 18
1
1571 223
1
1572 271
1
1573 84
1
1574 88
1
1575 309
1
1576 75
1
1577 132
1
1578 371
1
1579 42
1
1580 134
0
1
1581 52
1
1582 121
0
1
1583 295
1
1584 8
1
1585 207
1
1586 18
1
1587 199
1
1588 179
1
1589 220
1
1590 297
1
1591 321
0
1
1592 185
1
1593 141
1
1594 168
1
1595 100
0
1
1596 66
1
1597 303
1
1598 293
1
1599 15
0
1
1600 223
1
1601 114
1
1602 8
1
1603 196
1
1604 379
1
1605 359
1
1606 128
1
1607 298
0
1
1608 359
1
1609 64
1
1610 305
1
1611 49
1
1612 282
1
1613 106
0
1
1614 76
1
1615 62
1
1616 135
1
1617 61
1
1618 344
1
1619 78
1
1620 158
1
1621 69
1
1622 361
1
1623 180
1
1624 55
1
1625 121
1
1626 278
1
1627 86
1
1628 260
1
1629 216
1
1630 290
1
1631 357
1
1632 308
1
1633 15
1
1634 299
1
1635 127
1
1636 372
1
1637 182
1
1638 221
1
1639 223
1
1640 355
1
1641 305
1
1642 52
1
1643 12
1
1644 69
1
1645 303
0
1
1646 134
0
1
1647 49
1
1648 7
1
1649 255
1
1650 372
1
1651 357
1
1652 211
1
1653 207
1
1654 160
1
1655 270
1
1656 25
1
1657 286
1
1658 50
1
1659 43
0
1
1660 270
1
1661 32
1
1662 322
1
1663 14
0
0
1
1664 47
1
1665 233
1
1666 344
1
1667 343
1
1668 381
0
1
1669 223
1
1670 373
0
1
1671 244
1
1672 121
1
1673 5
1
1674 235
1
1675 192
1
1676 195
1
1677 314
1
1678 57
1
1679 119
1
1680 27
1
1681 377
1
1682 118
1
1683 180
1
1684 312
1
1685 47
1
1686 331
1
1687 126
1
1688 341
0
1
1689 333
1
1690 263
0
1
1691 131
1
1692 52
1
1693 211
1
1694 163
1
1695 17
1
1696 61
1
1697 123
1
1698 263
1
1699 364
1
1700 59
1
1701 237
1
1702 154
1
1703 316
0
1
1704 326
1
1705 222
1
1706 109
1
1707 132
0
1
1708 130
1
1709 48
1
1710 332
1
1711 264
1
1712 130
1
1713 273
1
1714 91
1
1715 306
1
1716 254
1
1717 134
0
1
1718 152
1
1719 252
1
1720 100
1
1721 379
1
1722 143
1
1723 355
1
1724 181
0
1
1725 160
1
1726 262
1
1727 311
1
1728 127
1
1729 43
1
1730 231
1
1731 61
1
1732 285
1
1733 191
1
1734 46
1
1735 249
1
1736 61
1
1737 131
1
1738 289
0
1
1739 178
1
1740 69
0
1
1741 353
1
1742 322
1
1743 262
1
1744 64
1
1745 103
1
1746 203
1
1747 105
1
1748 117
1
1749 222
1
1750 322
1
1751 363
0
1
1752 375
1
1753 274
1
1754 61
1
1755 106
1
1756 258
1
1757 140
1
1758 368
1
1759 318
1
1760 245
1
1761 72
1
1762 22
1
1763 50
1
1764 265
1
1765 159
1
1766 188
1
1767 297
1
1768 195
1
1769 340
1
1770 19
1
1771 266
1
1772 178
1
1773 111
1
1774 228
1
1775 317
1
1776 341
1
1777 106
1
1778 260
1
1779 374
1
1780 277
1
1781 61
1
1782 379
1
1783 143
1
1784 203
1
1785 354
1
1786 280
1
1787 292
1
1788 49
0
1
1789 333
1
1790 14
1
1791 258
1
1792 115
1
1793 215
0
1
1794 239
0
1
1795 88
1
1796 205
1
1797 218
1
1798 192
1
1799 39
0
1
1800 82
1
1801 235
0
1
1802 170
1
1803 371
1
1804 108
1
1805 369
1
1806 231
1
1807 314
1
1808 299
1
1809 258
1
1810 326
1
1811 102
1
1812 139
1
1813 352
1
1814 274
1
1815 241
1
1816 56
1
1817 169
0
1
1818 100
1
1819 290
0
1
1820 164
1
1821 121
1
1822 318
1
1823 161
1
1824 211
1
1825 216
1
1826 143
1
1827 281
1
1828 100
1
1829 260
1
1830 47
1
1831 315
1
1832 18
1
1833 77
1
1834 233
1
1835 122
1
1836 37
0
1
1837 371
1
1838 301
0
1
1839 360
1
1840 319
1
1841 246
1
1842 309
1
1843 228
1
1844 168
1
1845 53
1
1846 329
1
1847 121
1
1848 53
1
1849 201
1
1850 306
1
1851 287
1
1852 337
1
1853 355
1
1854 25
1
1855 354
1
1856 113
1
1857 239
1
1858 68
1
1859 61
1
1860 159
1
1861 184
1
1862 134
1
1863 304
1
1864 176
1
1865 260
1
1866 38
1
1867 260
1
1868 37
1
1869 142
0
1
1870 62
1
1871 148
1
1872 23
1
1873 147
1
1874 336
1
1875 35
1
1876 180
1
1877 273
1
1878 186
1
1879 27
1
1880 51
1
1881 139
1
1882 8
1
1883 241
0
1
1884 311
1
1885 148
1
1886 243
0
1
1887 207
1
1888 21
1
1889 189
1
1890 29
1
1891 33
1
1892 301
1
1893 252
1
1894 320
1
1895 143
1
1896 208
1
1897 6
1
1898 196
1
1899 83
1
1900 53
1
1901 282
1
1902 188
1
1903 208
1
1904 196
1
1905 198
1
1906 329
1
1907 49
1
1908 215
1
1909 144
0
1
1910 210
1
1911 132
0
1
1912 247
1
1913 53
1
1914 360
1
1915 220
1
1916 256
1
1917 62
1
1918 218
1
1919 184
1
1920 95
1
1921 317
1
1922 241
1
1923 140
1
1924 150
1
1925 41
1
1926 59
1
1927 329
1
1928 48
1
1929 356
1
1930 46
1
1931 266
1
1932 308
0
1
1933 378
1
1934 301
1
1935 94
1
1936 154
1
1937 305
1
1938 27
1
1939 122
1
1940 259
1
1941 302
1
1942 215
1
1943 274
1
1944 297
1
1945 359
1
1946 127
1
1947 306
1
1948 363
1
1949 41
1
1950 239
1
1951 371
1
1952 273
1
1953 381
1
1954 253
1
1955 49
0
1
1956 281
0
0
1
1957 229
1
1958 40
1
1959 274
1
1960 155
1
1961 126
1
1962 363
1
1963 360
1
1964 39
1
1965 154
1
1966 215
1
1967 113
1
1968 55
1
1969 146
1
1970 132
1
1971 110
1
1972 25
1
1973 98
1
1974 370
1
1975 22
1
1976 55
1
1977 97
0
1
1978 51
1
1979 204
1
1980 203
1
1981 149
1
1982 51
1
1983 310
1
1984 339
1
1985 253
1
1986 318
1
1987 338
1
1988 310
1
1989 207
1
1990 78
1
1991 161
1
1992 148
1
1993 150
1
1994 110
1
1995 77
1
1996 10
1
1997 287
1
1998 211
1
1999 168
1
2000 143
1
2001 365
1
2002 119
1
2003 186
1
2004 215
1
2005 13
1
2006 257
1
2007 169
1
2008 74
1
2009 53
1
2010 340
1
2011 334
1
2012 227
1
2013 110
1
2014 299
1
2015 347
1
2016 377
1
2017 285
1
2018 243
1
2019 143
1
2020 276
1
2021 43
1
2022 332
1
2023 196
1
2024 292
1
2025 154
1
2026 253
1
2027 356
1
2028 240
1
2029 36
1
2030 51
1
2031 93
1
2032 100
1
2033 53
1
2034 185
1
2035 241
1
2036 82
1
2037 258
1
2038 107
1
2039 355
1
2040 247
1
2041 286
1
2042 322
1
2043 253
1
2044 148
1
2045 333
1
2046 319
1
2047 346
1
2048 375
1
2049 332
1
2050 368
1
2051 381
1
2052 186
1
2053 69
1
2054 334
1
2055 169
1
2056 208
1
2057 164
1
2058 31
1
2059 217
1
2060 325
1
2061 248
1
2062 328
1
2063 372
1
2064 236
1
2065 72
1
2066 173
1
2067 66
1
2068 364
1
2069 123
1
2070 28
1
2071 353
1
2072 167
1
2073 375
1
2074 241
1
2075 150
1
2076 157
1
2077 41
1
2078 215
1
2079 330
1
2080 358
1
2081 167
1
2082 84
1
2083 11
1
2084 207
1
2085 256
1
2086 378
1
2087 115
1
2088 274
1
2089 196
1
2090 278
1
2091 33
1
2092 113
1
2093 284
1
2094 352
1
2095 160
1
2096 369
1
2097 152
1
2098 20
1
2099 144
1
2100 120
1
2101 343
1
2102 145
1
2103 14
1
2104 233
1
2105 201
1
2106 356
1
2107 3
1
2108 50
1
2109 168
1
2110 321
1
2111 178
1
2112 188
1
2113 107
1
2114 266
1
2115 126
1
2116 191
1
2117 203
1
2118 94
1
2119 190
1
2120 160
1
2121 222
1
2122 71
1
2123 285
1
2124 60
1
2125 150
1
2126 228
1
2127 321
1
2128 344
1
2129 302
1
2130 57
1
2131 123
1
2132 137
1
2133 222
1
2134 234
1
2135 23
1
2136 84
1
2137 298
1
2138 176
1
2139 30
1
2140 198
1
2141 292
1
2142 182
1
2143 262
1
2144 102
1
2145 260
1
2146 322
1
2147 117
1
2148 67
1
2149 152
1
2150 327
1
2151 287
1
2152 218
1
2153 263
1
2154 197
1
2155 228
1
2156 200
1
2157 33
1
2158 46
1
2159 175
1
2160 339
1
2161 189
1
2162 264
1
2163 127
1
2164 66
1
2165 263
1
2166 8
1
2167 371
1
2168 359
1
2169 49
1
2170 14
1
2171 319
1
2172 282
1
2173 322
1
2174 356
1
2175 238
1
2176 165
1
2177 251
1
2178 353
1
2179 68
1
2180 348
1
2181 246
1
2182 187
1
2183 320
1
2184 247
1
2185 79
1
2186 112
1
2187 127
1
2188 294
1
2189 126
1
2190 28
1
2191 87
1
2192 85
1
2193 239
1
2194 328
1
2195 49
1
2196 245
1
2197 298
1
2198 160
1
2199 376
1
2200 282
1
2201 30
1
2202 341
1
2203 203
1
2204 342
1
2205 11
1
2206 158
1
2207 229
1
2208 87
1
2209 306
1
2210 146
1
2211 96
1
2212 15
1
2213 12
1
2214 24
1
2215 217
1
2216 215
1
2217 139
1
2218 114
1
2219 360
1
2220 281
1
2221 353
1
2222 241
1
2223 73
1
2224 282
1
2225 280
1
2226 120
1
2227 186
1
2228 17
1
2229 161
1
2230 318
1
2231 148
1
2232 103
1
2233 77
1
2234 157
1
2235 137
1
2236 144
1
2237 210
1
2238 56
1
2239 271
1
2240 269
1
2241 255
1
2242 106
1
2243 171
1
2244 254
1
2245 138
1
2246 161
1
2247 41
1
2248 116
1
2249 286
1
2250 4
1
2251 351
1
2252 276
0
1
2253 317
1
2254 158
1
2255 255
1
2256 348
1
2257 218
0
0
0
1
2258 43
1
2259 228
1
2260 374
1
2261 22
1
2262 303
1
2263 50
1
2264 178
1
2265 164
1
2266 243
1
2267 378
1
2268 141
1
2269 96
0
1
2270 369
1
2271 124
1
2272 154
1
2273 284
1
2274 111
1
2275 27
1
2276 42
1
2277 362
1
2278 171
1
2279 94
1
2280 258
1
2281 148
1
2282 351
1
2283 222
1
2284 145
1
2285 200
1
2286 355
1
2287 368
1
2288 335
1
2289 306
1
2290 165
1
2291 238
1
2292 336
1
2293 205
1
2294 311
1
2295 107
1
2296 307
1
2297 297
1
2298 183
1
2299 42
1
2300 109
1
2301 369
1
2302 325
1
2303 196
1
2304 273
1
2305 113
1
2306 322
1
2307 53
1
2308 60
1
2309 62
1
2310 303
1
2311 200
1
2312 183
1
2313 380
1
2314 22
1
2315 280
1
2316 105
1
2317 28
1
2318 264
1
2319 185
1
2320 88
1
2321 230
1
2322 168
1
2323 132
1
2324 285
1
2325 55
1
2326 158
1
2327 261
1
2328 260
1
2329 53
1
2330 336
1
2331 44
1
2332 177
1
2333 147
1
2334 71
1
2335 145
1
2336 181
1
2337 245
1
2338 141
1
2339 369
1
2340 292
1
2341 83
1
2342 181
1
2343 160
1
2344 330
1
2345 306
1
2346 353
1
2347 135
1
2348 59
1
2349 224
1
2350 127
1
2351 107
1
2352 34
1
2353 47
1
2354 160
1
2355 40
1
2356 79
1
2357 165
1
2358 222
0
1
2359 60
1
2360 54
1
2361 369
1
2362 185
1
2363 254
1
2364 145
1
2365 276
1
2366 318
1
2367 13
1
2368 22
1
2369 128
1
2370 24
1
2371 43
1
2372 45
0
1
2373 338
1
2374 33
0
1
2375 124
1
2376 353
1
2377 221
1
2378 275
1
2379 112
1
2380 136
1
2381 211
1
2382 194
1
2383 345
1
2384 324
1
2385 196
1
2386 24
1
2387 364
0
1
2388 319
1
2389 299
1
2390 373
1
2391 36
1
2392 269
1
2393 226
1
2394 122
1
2395 163
1
2396 81
1
2397 231
1
2398 316
1
2399 112
1
2400 113
1
2401 125
1
2402 287
1
2403 67
1
2404 184
1
2405 321
1
2406 307
1
2407 262
1
2408 197
1
2409 32
1
2410 22
1
2411 252
0
1
2412 366
1
2413 144
1
2414 226
1
2415 215
1
2416 231
1
2417 48
1
2418 344
1
2419 14
1
2420 104
1
2421 141
1
2422 90
1
2423 27
1
2424 336
1
2425 160
1
2426 108
1
2427 173
1
2428 155
1
2429 42
1
2430 307
1
2431 60
1
2432 379
1
2433 142
1
2434 273
0
1
2435 292
1
2436 297
1
2437 35
0
1
2438 54
1
2439 370
1
2440 203
1
2441 321
1
2442 328
1
2443 264
1
2444 194
1
2445 178
1
2446 350
1
2447 280
1
2448 5
0
1
2449 244
1
2450 14
1
2451 140
1
2452 85
1
2453 249
1
2454 370
1
2455 312
1
2456 377
1
2457 259
1
2458 87
1
2459 352
1
2460 228
1
2461 126
1
2462 274
1
2463 96
1
2464 78
1
2465 308
1
2466 87
1
2467 52
1
2468 79
1
2469 294
1
2470 245
1
2471 206
1
2472 215
1
2473 147
1
2474 319
0
1
2475 120
1
2476 13
1
2477 169
1
2478 260
1
2479 137
1
2480 179
1
2481 127
1
2482 228
1
2483 351
1
2484 128
1
2485 12
1
2486 342
1
2487 358
1
2488 313
1
2489 317
1
2490 127
1
2491 155
1
2492 144
1
2493 363
1
2494 175
1
2495 339
1
2496 283
1
2497 178
1
2498 369
1
2499 24
1
2500 172
1
2501 7
1
2502 89
1
2503 286
1
2504 251
1
2505 103
1
2506 201
1
2507 360
1
2508 377
1
2509 375
1
2510 231
1
2511 154
1
2512 90
1
2513 180
0
1
2514 180
1
2515 281
1
2516 359
1
2517 308
1
2518 286
1
2519 290
1
2520 15
1
2521 227
1
2522 231
1
2523 34
1
2524 220
1
2525 297
1
2526 67
1
2527 66
1
2528 285
1
2529 230
1
2530 264
1
2531 160
1
2532 66
1
2533 75
1
2534 265
1
2535 257
1
2536 142
1
2537 38
1
2538 323
1
2539 100
1
2540 297
0
1
2541 151
1
2542 322
1
2543 292
1
2544 313
1
2545 304
1
2546 135
1
2547 234
1
2548 112
1
2549 379
1
2550 240
1
2551 98
1
2552 185
1
2553 130
1
2554 57
1
2555 221
1
2556 17
1
2557 161
0
1
2558 97
1
2559 286
1
2560 166
1
2561 98
1
2562 246
1
2563 132
1
2564 215
1
2565 291
1
2566 107
1
2567 245
1
2568 298
1
2569 99
1
2570 149
1
2571 227
1
2572 41
1
2573 26
1
2574 124
1
2575 51
1
2576 172
1
2577 61
1
2578 324
1
2579 104
1
2580 348
1
2581 188
1
2582 33
0
1
2583 126
1
2584 168
1
2585 112
1
2586 4
1
2587 274
1
2588 356
1
2589 51
0
1
2590 78
1
2591 347
1
2592 336
1
2593 359
1
2594 88
1
2595 20
1
2596 319
1
2597 322
1
2598 228
1
2599 101
1
2600 322
1
2601 108
1
2602 368
1
2603 166
1
2604 277
1
2605 275
1
2606 133
1
2607 56
1
2608 186
1
2609 151
1
2610 231
1
2611 279
1
2612 163
1
2613 192
1
2614 161
1
2615 232
1
2616 296
1
2617 322
1
2618 226
1
2619 369
1
2620 10
1
2621 341
0
1
2622 80
1
2623 64
1
2624 329
1
2625 205
1
2626 152
1
2627 375
1
2628 17
0
1
2629 24
1
2630 222
1
2631 30
1
2632 337
1
2633 164
1
2634 148
1
2635 299
1
2636 284
1
2637 311
1
2638 236
1
2639 197
1
2640 178
1
2641 40
1
2642 198
1
2643 82
1
2644 117
1
2645 377
1
2646 242
0
1
2647 150
0
1
2648 171
1
2649 184
1
2650 196
0
1
2651 286
1
2652 292
1
2653 297
1
2654 22
1
2655 372
1
2656 377
0
1
2657 234
1
2658 51
1
2659 118
1
2660 225
1
2661 252
1
2662 376
0
1
2663 371
0
1
2664 225
1
2665 265
1
2666 231
1
2667 36
1
2668 145
1
2669 115
1
2670 23
1
2671 361
1
2672 142
1
2673 215
1
2674 366
1
2675 321
1
2676 30
1
2677 159
1
2678 261
1
2679 266
1
2680 178
1
2681 146
0
1
2682 219
1
2683 178
1
2684 70
1
2685 260
0
1
2686 178
1
2687 133
1
2688 37
1
2689 306
1
2690 24
1
2691 229
1
2692 259
1
2693 314
1
2694 234
1
2695 228
1
2696 85
0
1
2697 70
1
2698 179
1
2699 337
1
2700 200
0
1
2701 143
1
2702 136
1
2703 287
1
2704 93
1
2705 45
1
2706 97
1
2707 2
1
2708 222
1
2709 225
1
2710 235
0
0
1
2711 41
1
2712 334
1
2713 93
1
2714 255
0
1
2715 159
1
2716 307
1
2717 5
1
2718 352
1
2719 366
1
2720 318
1
2721 204
1
2722 179
1
2723 49
1
2724 158
1
2725 202
1
2726 214
1
2727 306
1
2728 194
1
2729 60
1
2730 147
1
2731 143
1
2732 58
1
2733 251
1
2734 62
1
2735 188
1
2736 90
1
2737 132
0
1
2738 232
1
2739 15
1
2740 308
1
2741 144
1
2742 167
0
1
2743 346
1
2744 299
1
2745 219
0
1
2746 131
1
2747 222
1
2748 99
1
2749 11
1
2750 261
1
2751 203
1
2752 376
1
2753 240
1
2754 278
1
2755 158
1
2756 282
1
2757 180
1
2758 361
1
2759 36
1
2760 242
1
2761 137
1
2762 374
1
2763 260
1
2764 217
1
2765 127
1
2766 302
1
2767 46
1
2768 173
0
1
2769 262
1
2770 294
1
2771 157
1
2772 24
1
2773 375
1
2774 6
1
2775 6
1
2776 197
1
2777 364
1
2778 153
1
2779 171
1
2780 329
1
2781 91
1
2782 238
1
2783 121
1
2784 17
0
1
2785 120
1
2786 339
1
2787 118
1
2788 185
1
2789 305
0
1
2790 23
1
2791 255
1
2792 208
0
1
2793 316
1
2794 185
0
1
2795 235
1
2796 311
1
2797 146
1
2798 101
1
2799 245
1
2800 159
1
2801 102
1
2802 356
1
2803 19
1
2804 61
1
2805 103
1
2806 183
1
2807 175
1
2808 194
1
2809 5
0
1
2810 61
1
2811 289
1
2812 320
0
1
2813 169
1
2814 221
0
1
2815 107
1
2816 91
1
2817 366
1
2818 297
1
2819 160
0
1
2820 126
1
2821 74
1
2822 247
1
2823 291
0
1
2824 255
1
2825 271
1
2826 7
1
2827 146
1
2828 41
1
2829 319
1
2830 52
0
1
2831 154
1
2832 127
1
2833 64
0
1
2834 166
1
2835 184
1
2836 261
1
2837 180
1
2838 297
1
2839 126
0
1
2840 41
1
2841 157
1
2842 147
0
1
2843 303
1
2844 175
1
2845 359
1
2846 231
1
2847 213
1
2848 87
1
2849 364
1
2850 180
1
2851 300
1
2852 317
1
2853 169
1
2854 339
1
2855 306
1
2856 125
1
2857 114
1
2858 8
1
2859 15
1
2860 43
1
2861 180
0
1
2862 286
1
2863 53
0
1
2864 218
0
1
2865 207
1
2866 85
1
2867 248
1
2868 53
1
2869 174
1
2870 155
1
2871 374
1
2872 334
1
2873 232
1
2874 234
1
2875 127
0
0
1
2876 354
1
2877 55
0
0
1
2878 268
1
2879 30
1
2880 167
1
2881 56
1
2882 104
1
2883 10
1
2884 72
1
2885 263
1
2886 232
0
1
2887 70
1
2888 320
1
2889 149
1
2890 49
0
1
2891 61
1
2892 323
1
2893 334
1
2894 353
1
2895 278
1
2896 149
1
2897 251
1
2898 76
1
2899 249
1
2900 40
1
2901 154
1
2902 381
1
2903 40
1
2904 199
1
2905 338
1
2906 286
1
2907 60
1
2908 317
1
2909 283
1
2910 234
1
2911 304
1
2912 289
1
2913 64
1
2914 321
1
2915 335
1
2916 254
1
2917 264
1
2918 216
1
2919 46
0
1
2920 188
1
2921 51
1
2922 110
1
2923 45
1
2924 129
1
2925 31
1
2926 127
1
2927 97
0
1
2928 333
1
2929 140
1
2930 137
1
2931 376
1
2932 350
1
2933 97
1
2934 196
1
2935 161
1
2936 306
1
2937 352
1
2938 33
1
2939 269
1
2940 307
1
2941 364
1
2942 11
1
2943 176
1
2944 310
1
2945 177
0
1
2946 160
1
2947 43
1
2948 159
1
2949 83
1
2950 364
1
2951 115
0
0
1
2952 208
1
2953 149
1
2954 327
1
2955 301
1
2956 297
1
2957 167
1
2958 226
1
2959 147
1
2960 7
1
2961 318
1
2962 302
1
2963 136
0
1
2964 180
0
1
2965 88
0
1
2966 347
0
1
2967 223
1
2968 132
1
2969 246
0
1
2970 146
1
2971 243
1
2972 329
0
1
2973 321
1
2974 353
1
2975 41
0
1
2976 268
0
1
2977 211
1
2978 164
1
2979 29
1
2980 3
1
2981 140
1
2982 140
1
2983 145
1
2984 121
1
2985 187
1
2986 379
1
2987 270
0
1
2988 251
0
1
2989 27
1
2990 355
1
2991 244
1
2992 170
1
2993 26
1
2994 351
1
2995 93
1
2996 350
1
2997 182
1
2998 27
1
2999 251
1
3000 152
0
1
3001 52
0
1
3002 239
1
3003 87
1
3004 215
1
3005 6
1
3006 327
0
1
3007 371
1
3008 143
1
3009 371
1
3010 233
1
3011 137
1
3012 127
1
3013 284
1
3014 81
1
3015 185
1
3016 297
1
3017 211
1
3018 297
1
3019 195
0
1
3020 131
1
3021 178
1
3022 132
0
1
3023 173
1
3024 201
1
3025 234
1
3026 216
0
1
3027 305
0
1
3028 305
0
1
3029 47
0
1
3030 235
0
1
3031 360
1
3032 258
1
3033 6
1
3034 261
0
0
1
3035 150
1
3036 93
0
1
3037 160
1
3038 285
0
1
3039 54
1
3040 172
1
3041 223
1
3042 176
1
3043 305
1
3044 274
1
3045 360
1
3046 122
1
3047 371
1
3048 48
1
3049 245
1
3050 6
1
3051 286
0
1
3052 55
0
1
3053 189
0
1
3054 19
1
3055 160
0
1
3056 5
1
3057 350
1
3058 368
1
3059 235
1
3060 280
1
3061 91
1
3062 62
1
3063 20
1
3064 18
1
3065 258
1
3066 13
1
3067 106
0
1
3068 178
1
3069 159
1
3070 260
1
3071 159
1
3072 248
1
3073 146
1
3074 309
1
3075 118
1
3076 83
0
0
1
3077 98
1
3078 58
1
3079 376
1
3080 104
1
3081 164
1
3082 215
1
3083 267
1
3084 284
1
3085 299
0
0
0
1
3086 278
1
3087 187
0
1
3088 35
1
3089 33
1
3090 159
1
3091 297
1
3092 20
1
3093 62
1
3094 178
1
3095 261
1
3096 190
0
1
3097 298
1
3098 257
1
3099 136
0
1
3100 225
1
3101 128
1
3102 129
1
3103 182
1
3104 141
1
3105 141
1
3106 288
1
3107 368
1
3108 379
0
1
3109 37
1
3110 320
1
3111 160
1
3112 364
1
3113 127
0
1
3114 44
1
3115 177
0
1
3116 152
1
3117 340
1
3118 142
1
3119 180
1
3120 330
1
3121 179
1
3122 214
0
0
1
3123 291
1
3124 134
1
3125 11
1
3126 182
1
3127 261
1
3128 71
1
3129 19
0
1
3130 138
1
3131 350
0
1
3132 266
1
3133 8
0
1
3134 23
0
1
3135 295
1
3136 294
1
3137 160
1
3138 286
1
3139 37
1
3140 281
1
3141 279
1
3142 66
1
3143 314
1
3144 269
0
0
1
3145 356
1
3146 181
1
3147 253
1
3148 358
1
3149 266
0
1
3150 126
1
3151 301
1
3152 122
0
1
3153 116
1
3154 213
1
3155 154
1
3156 299
0
1
3157 366
0
1
3158 127
1
3159 271
1
3160 76
1
3161 41
1
3162 305
1
3163 281
1
3164 176
1
3165 44
0
1
3166 143
1
3167 130
1
3168 324
0
1
3169 12
1
3170 237
1
3171 335
1
3172 35
1
3173 260
1
3174 342
1
3175 192
1
3176 265
1
3177 152
1
3178 235
1
3179 232
1
3180 305
1
3181 93
0
1
3182 293
1
3183 186
1
3184 176
1
3185 87
1
3186 314
1
3187 359
1
3188 282
1
3189 235
1
3190 243
1
3191 76
1
3192 275
1
3193 156
1
3194 132
0
1
3195 52
0
1
3196 41
0
1
3197 124
0
0
1
3198 53
1
3199 186
0
0
1
3200 380
0
1
3201 164
1
3202 272
1
3203 153
1
3204 185
1
3205 38
1
3206 357
1
3207 21
1
3208 17
1
3209 272
1
3210 276
1
3211 357
1
3212 87
1
3213 180
1
3214 255
0
0
1
3215 260
1
3216 381
1
3217 120
0
1
3218 175
1
3219 201
1
3220 83
1
3221 297
1
3222 81
0
1
3223 241
1
3224 104
0
1
3225 62
0
1
3226 86
0
0
1
3227 13
1
3228 255
1
3229 222
1
3230 366
1
3231 30
0
0
1
3232 88
1
3233 366
1
3234 74
1
3235 20
0
1
3236 278
0
0
1
3237 54
1
3238 265
0
1
3239 14
1
3240 13
1
3241 106
1
3242 45
1
3243 311
1
3244 150
1
3245 162
1
3246 188
0
1
3247 73
1
3248 211
1
3249 374
1
3250 62
1
3251 328
1
3252 244
1
3253 50
0
1
3254 98
1
3255 361
1
3256 328
1
3257 341
1
3258 279
0
1
3259 292
1
3260 168
1
3261 271
1
3262 227
1
3263 243
1
3264 157
0
1
3265 103
1
3266 176
0
1
3267 51
1
3268 63
1
3269 161
1
3270 353
0
0
1
3271 322
1
3272 58
0
1
3273 286
1
3274 88
1
3275 360
1
3276 253
0
1
3277 125
1
3278 348
1
3279 313
1
3280 224
0
1
3281 345
1
3282 39
0
1
3283 232
1
3284 222
1
3285 208
0
1
3286 228
0
0
1
3287 234
0
0
0
1
3288 81
1
3289 164
1
3290 112
1
3291 165
0
0
0
0
1
3292 263
1
3293 219
1
3294 320
1
3295 9
1
3296 178
0
1
3297 180
1
3298 9
1
3299 36
0
1
3300 317
1
3301 36
1
3302 159
1
3303 142
0
1
3304 281
0
1
3305 9
1
3306 329
0
1
3307 20
1
3308 307
0
0
0
1
3309 41
1
3310 271
1
3311 267
1
3312 286
1
3313 111
1
3314 141
0
1
3315 83
0
1
3316 274
1
3317 135
1
3318 237
0
1
3319 146
1
3320 350
0
1
3321 159
0
1
3322 128
0
1
3323 83
1
3324 215
1
3325 195
0
0
1
3326 27
1
3327 271
1
3328 8
1
3329 129
1
3330 142
1
3331 316
0
1
3332 341
0
1
3333 170
1
3334 376
1
3335 222
0
1
3336 292
1
3337 166
1
3338 275
1
3339 271
0
1
3340 35
1
3341 111
0
0
1
3342 105
1
3343 380
1
3344 166
1
3345 236
1
3346 116
1
3347 259
1
3348 144
1
3349 286
1
3350 224
1
3351 241
1
3352 215
1
3353 260
0
0
1
3354 192
1
3355 44
0
0
1
3356 120
0
1
3357 352
1
3358 79
1
3359 255
1
3360 66
1
3361 201
1
3362 192
1
3363 182
1
3364 76
1
3365 228
1
3366 171
1
3367 44
1
3368 185
1
3369 3
1
3370 5
1
3371 367
1
3372 215
0
0
0
1
3373 17
0
1
3374 187
0
0
1
3375 378
1
3376 276
1
3377 184
0
1
3378 305
1
3379 52
1
3380 28
0
0
1
3381 159
1
3382 24
1
3383 317
0
1
3384 181
0
1
3385 332
0
1
3386 166
0
1
3387 46
1
3388 308
1
3389 220
1
3390 42
1
3391 54
1
3392 302
0
1
3393 242
0
0
0
1
3394 85
1
3395 351
0
1
3396 339
1
3397 114
1
3398 47
0
1
3399 4
1
3400 4
0
1
3401 204
1
3402 228
1
3403 38
0
1
3404 143
1
3405 374
1
3406 142
0
1
3407 119
0
1
3408 222
1
3409 153
0
1
3410 84
1
3411 41
0
0
1
3412 59
1
3413 245
0
1
3414 57
0
0
1
3415 36
1
3416 330
1
3417 269
1
3418 354
1
3419 362
1
3420 234
1
3421 130
1
3422 180
1
3423 93
1
3424 305
1
3425 3
0
1
3426 365
1
3427 327
1
3428 241
1
3429 185
1
3430 165
1
3431 171
1
3432 251
1
3433 62
1
3434 306
1
3435 29
0
1
3436 232
0
0
1
3437 112
0
1
3438 239
1
3439 143
1
3440 37
1
3441 353
1
3442 354
1
3443 26
1
3444 48
0
0
1
3445 110
0
0
1
3446 180
0
0
1
3447 359
1
3448 294
0
0
1
3449 286
1
3450 156
0
1
3451 78
1
3452 20
1
3453 86
1
3454 185
0
0
1
3455 133
1
3456 189
1
3457 233
1
3458 315
1
3459 150
1
3460 211
1
3461 32
1
3462 283
1
3463 80
1
3464 8
1
3465 119
0
1
3466 240
1
3467 341
0
1
3468 181
0
0
1
3469 57
1
3470 306
0
0
1
3471 297
0
1
3472 105
1
3473 19
1
3474 133
1
3475 381
1
3476 6
1
3477 134
0
1
3478 67
1
3479 78
1
3480 358
1
3481 96
1
3482 15
0
0
0
1
3483 257
0
1
3484 255
1
3485 284
1
3486 283
0
1
3487 336
0
1
3488 222
1
3489 178
1
3490 290
0
1
3491 109
1
3492 240
1
3493 26
1
3494 270
1
3495 260
1
3496 365
1
3497 321
0
1
3498 290
1
3499 328
0
1
3500 95
0
0
0
0
1
3501 82
1
3502 290
1
3503 322
0
1
3504 9
1
3505 3
0
1
3506 135
1
3507 75
1
3508 92
1
3509 325
0
0
1
3510 240
1
3511 56
1
3512 227
1
3513 79
1
3514 204
0
1
3515 42
0
1
3516 253
1
3517 36
1
3518 261
1
3519 227
1
3520 6
1
3521 154
1
3522 208
1
3523 206
1
3524 353
1
3525 9
1
3526 139
0
1
3527 69
0
1
3528 26
1
3529 210
1
3530 245
1
3531 45
1
3532 259
1
3533 20
0
1
3534 256
1
3535 59
0
1
3536 106
0
0
0
1
3537 220
0
1
3538 56
1
3539 23
1
3540 265
1
3541 46
0
1
3542 275
1
3543 84
1
3544 199
1
3545 108
0
1
3546 90
1
3547 128
1
3548 90
1
3549 120
1
3550 305
0
1
3551 262
1
3552 54
0
1
3553 238
0
0
1
3554 143
1
3555 14
0
0
1
3556 82
1
3557 30
0
1
3558 266
0
1
3559 292
0
1
3560 256
1
3561 216
1
3562 232
0
0
0
1
3563 95
0
0
1
3564 196
1
3565 75
1
3566 260
1
3567 20
0
1
3568 57
0
1
3569 367
1
3570 106
1
3571 248
1
3572 90
1
3573 98
0
1
3574 118
1
3575 258
1
3576 40
1
3577 258
1
3578 86
1
3579 319
1
3580 40
1
3581 359
1
3582 164
1
3583 63
1
3584 333
0
1
3585 67
0
1
3586 368
1
3587 381
1
3588 202
1
3589 298
1
3590 164
0
1
3591 297
0
1
3592 226
1
3593 347
1
3594 108
1
3595 270
1
3596 275
1
3597 376
0
1
3598 160
0
0
1
3599 148
1
3600 341
1
3601 280
0
0
1
3602 331
1
3603 229
0
1
3604 196
1
3605 145
1
3606 157
1
3607 134
0
1
3608 130
1
3609 325
1
3610 298
1
3611 187
1
3612 159
0
1
3613 50
0
1
3614 105
1
3615 372
1
3616 98
1
3617 332
1
3618 348
1
3619 137
1
3620 13
1
3621 22
1
3622 347
1
3623 100
0
1
3624 15
1
3625 106
0
1
3626 51
0
1
3627 190
1
3628 323
0
1
3629 122
1
3630 364
1
3631 209
0
0
1
3632 330
0
0
1
3633 107
1
3634 103
0
1
3635 304
1
3636 189
1
3637 84
1
3638 278
1
3639 123
1
3640 294
1
3641 178
1
3642 201
1
3643 5
1
3644 201
1
3645 326
1
3646 215
0
1
3647 187
1
3648 248
1
3649 144
0
1
3650 246
1
3651 242
1
3652 103
1
3653 370
0
1
3654 60
0
1
3655 143
1
3656 86
1
3657 189
0
0
0
1
3658 34
1
3659 340
1
3660 280
1
3661 204
0
1
3662 231
0
0
0
1
3663 111
1
3664 257
1
3665 376
1
3666 140
1
3667 251
0
0
0
1
3668 120
1
3669 321
1
3670 164
0
0
1
3671 335
1
3672 163
0
1
3673 89
0
0
0
1
3674 117
0
0
1
3675 69
1
3676 222
1
3677 177
0
0
0
0
1
3678 300
0
1
3679 102
0
0
1
3680 289
0
1
3681 67
1
3682 198
1
3683 2
1
3684 371
1
3685 61
0
0
1
3686 41
0
0
1
3687 309
1
3688 230
0
0
0
0
1
3689 255
0
1
3690 242
1
3691 175
0
1
3692 190
0
1
3693 297
1
3694 85
0
0
0
1
3695 286
1
3696 46
0
0
1
3697 229
0
0
1
3698 43
0
0
1
3699 181
0
1
3700 181
1
3701 6
1
3702 99
1
3703 247
1
3704 154
1
3705 231
1
3706 324
1
3707 371
1
3708 228
1
3709 106
0
0
0
0
1
3710 122
1
3711 232
1
3712 155
1
3713 197
1
3714 340
0
0
1
3715 232
0
0
1
3716 369
1
3717 219
1
3718 316
1
3719 209
0
1
3720 218
1
3721 373
1
3722 318
1
3723 258
1
3724 295
0
1
3725 241
1
3726 370
0
0
1
3727 326
1
3728 147
1
3729 113
1
3730 180
1
3731 53
0
1
3732 143
0
1
3733 275
1
3734 306
1
3735 243
0
0
0
0
1
3736 74
0
1
3737 212
1
3738 319
0
1
3739 159
0
0
1
3740 302
1
3741 56
1
3742 170
1
3743 320
1
3744 158
1
3745 141
1
3746 63
1
3747 296
1
3748 345
0
1
3749 306
1
3750 115
0
1
3751 281
0
1
3752 352
1
3753 235
0
1
3754 82
0
1
3755 21
1
3756 356
0
1
3757 85
0
0
0
0
0
0
0
1
3758 160
1
3759 241
1
3760 208
1
3761 70
1
3762 96
1
3763 50
0
1
3764 332
0
0
1
3765 29
1
3766 274
0
1
3767 231
0
0
0
0
1
3768 224
1
3769 231
1
3770 374
1
3771 38
1
3772 286
1
3773 30
1
3774 190
1
3775 19
1
3776 188
0
1
3777 125
0
1
3778 96
0
0
1
3779 203
0
1
3780 135
0
0
1
3781 231
1
3782 353
1
3783 21
0
1
3784 27
0
1
3785 153
1
3786 261
1
3787 211
0
0
0
1
3788 173
1
3789 41
1
3790 208
0
1
3791 200
0
1
3792 364
1
3793 163
1
3794 50
1
3795 20
0
0
1
3796 123
1
3797 106
0
0
1
3798 109
0
1
3799 86
0
1
3800 148
1
3801 125
1
3802 278
1
3803 180
1
3804 140
1
3805 31
1
3806 306
1
3807 372
0
0
1
3808 230
1
3809 357
1
3810 23
1
3811 130
1
3812 199
0
0
1
3813 106
1
3814 240
1
3815 13
0
1
3816 39
1
3817 178
1
3818 13
1
3819 272
0
1
3820 339
1
3821 76
1
3822 135
1
3823 59
1
3824 284
0
0
1
3825 69
0
0
0
0
1
3826 142
0
0
1
3827 347
0
0
1
3828 50
1
3829 176
0
1
3830 126
1
3831 259
1
3832 59
1
3833 265
0
1
3834 371
0
1
3835 297
1
3836 38
1
3837 259
1
3838 305
1
3839 330
0
1
3840 160
1
3841 30
1
3842 14
1
3843 9
1
3844 274
1
3845 185
1
3846 80
0
1
3847 297
0
0
1
3848 329
1
3849 60
1
3850 51
1
3851 186
0
0
0
0
0
1
3852 225
1
3853 374
1
3854 280
0
0
0
1
3855 35
1
3856 317
1
3857 232
1
3858 252
1
3859 358
0
0
1
3860 355
0
1
3861 170
1
3862 157
0
1
3863 273
1
3864 65
0
0
0
1
3865 329
0
0
1
3866 243
1
3867 42
0
1
3868 41
1
3869 103
1
3870 317
1
3871 122
0
0
1
3872 196
0
1
3873 345
1
3874 283
1
3875 10
1
3876 350
1
3877 328
0
0
1
3878 218
1
3879 325
1
3880 20
1
3881 212
1
3882 189
1
3883 253
1
3884 151
1
3885 57
0
0
1
3886 318
1
3887 319
1
3888 165
1
3889 95
0
0
1
3890 252
0
1
3891 147
0
1
3892 263
1
3893 218
1
3894 348
1
3895 371
1
3896 15
1
3897 30
1
3898 375
1
3899 30
0
1
3900 56
1
3901 101
1
3902 223
1
3903 354
1
3904 349
0
0
1
3905 379
1
3906 115
1
3907 368
1
3908 295
1
3909 370
0
1
3910 153
0
1
3911 64
1
3912 160
1
3913 28
1
3914 2
1
3915 159
1
3916 208
0
0
0
0
0
1
3917 108
0
1
3918 287
0
1
3919 157
0
1
3920 286
1
3921 250
0
1
3922 190
0
1
3923 326
1
3924 93
1
3925 43
1
3926 49
1
3927 294
0
1
3928 257
1
3929 378
1
3930 261
0
1
3931 160
1
3932 233
1
3933 211
1
3934 243
0
1
3935 146
1
3936 21
1
3937 84
1
3938 219
1
3939 291
0
1
3940 86
0
1
3941 183
0
0
1
3942 126
1
3943 9
1
3944 154
1
3945 171
1
3946 93
0
1
3947 353
1
3948 115
1
3949 107
1
3950 133
1
3951 197
1
3952 203
1
3953 205
0
0
0
1
3954 235
1
3955 249
1
3956 148
1
3957 164
0
1
3958 9
0
0
1
3959 320
0
1
3960 108
0
0
0
0
1
3961 58
1
3962 169
1
3963 91
1
3964 211
0
1
3965 137
1
3966 235
1
3967 35
1
3968 239
0
0
0
1
3969 94
1
3970 228
0
0
1
3971 12
0
1
3972 165
0
0
1
3973 116
1
3974 210
0
0
0
0
0
1
3975 381
0
1
3976 372
0
0
0
1
3977 254
0
0
0
1
3978 98
1
3979 150
0
1
3980 330
0
1
3981 223
0
0
1
3982 126
0
1
3983 58
1
3984 97
0
1
3985 292
1
3986 97
1
3987 321
1
3988 12
1
3989 38
0
1
3990 27
1
3991 139
0
1
3992 266
1
3993 59
0
0
0
0
0
1
3994 191
0
0
1
3995 286
0
1
3996 108
1
3997 351
0
0
0
1
3998 198
1
3999 24
1
4000 284
1
4001 325
0
0
1
4002 255
0
0
0
0
1
4003 212
1
4004 174
0
1
4005 211
1
4006 222
0
0
0
1
4007 154
0
1
4008 132
1
4009 96
1
4010 238
1
4011 332
1
4012 247
1
4013 212
1
4014 376
0
1
4015 178
1
4016 13
1
4017 97
0
0
0
0
0
0
0
0
1
4018 144
0
1
4019 197
1
4020 72
1
4021 247
0
1
4022 3
1
4023 78
1
4024 187
1
4025 200
0
1
4026 333
1
4027 356
1
4028 86
0
0
1
4029 360
1
4030 114
1
4031 68
0
1
4032 228
0
1
4033 233
0
1
4034 134
1
4035 199
1
4036 168
1
4037 223
0
1
4038 143
1
4039 14
0
0
1
4040 377
1
4041 55
0
0
0
0
1
4042 290
0
1
4043 143
0
1
4044 293
0
1
4045 33
1
4046 26
0
0
0
1
4047 360
1
4048 133
1
4049 159
1
4050 254
0
1
4051 309
0
1
4052 200
0
0
0
0
1
4053 252
1
4054 208
0
1
4055 94
0
0
1
4056 301
0
0
0
1
4057 305
1
4058 22
1
4059 273
1
4060 305
0
0
0
1
4061 263
1
4062 281
1
4063 73
1
4064 239
1
4065 107
1
4066 235
0
0
1
4067 95
0
0
0
1
4068 305
0
0
1
4069 156
0
0
0
1
4070 279
1
4071 185
1
4072 324
0
0
0
0
0
1
4073 10
1
4074 312
0
1
4075 129
0
0
1
4076 37
0
0
0
0
1
4077 76
1
4078 238
0
1
4079 203
0
0
0
1
4080 75
1
4081 270
0
0
0
0
0
1
4082 99
0
1
4083 269
0
1
4084 208
0
1
4085 134
0
1
4086 62
0
0
1
4087 119
0
0
0
1
4088 244
1
4089 199
0
0
1
4090 371
1
4091 181
0
1
4092 278
1
4093 280
1
4094 75
0
0
0
1
4095 69
0
0
0
1
4096 374
0
1
4097 110
1
4098 305
0
1
4099 304
0
0
1
4100 96
0
1
4101 140
1
4102 349
1
4103 371
0
0
0
1
4104 336
0
1
4105 41
0
0
0
1
4106 268
0
0
0
1
4107 69
1
4108 112
1
4109 261
1
4110 66
0
0
0
1
4111 318
1
4112 185
0
1
4113 53
0
0
0
1
4114 43
0
0
1
4115 134
0
1
4116 92
0
0
1
4117 20
1
4118 281
1
4119 232
0
1
4120 223
1
4121 218
0
0
1
4122 349
1
4123 261
0
1
4124 359
1
4125 325
1
4126 151
1
4127 374
1
4128 253
1
4129 91
1
4130 338
1
4131 196
1
4132 322
1
4133 77
1
4134 84
1
4135 19
1
4136 341
0
1
4137 218
1
4138 87
1
4139 260
0
0
1
4140 258
1
4141 39
1
4142 369
1
4143 306
1
4144 54
0
1
4145 79
0
1
4146 125
1
4147 175
0
0
0
1
4148 305
0
1
4149 194
0
1
4150 261
1
4151 228
0
0
1
4152 79
1
4153 306
0
1
4154 201
1
4155 315
1
4156 251
1
4157 41
0
0
0
1
4158 8
0
1
4159 364
1
4160 97
1
4161 308
1
4162 111
0
1
4163 305
0
0
1
4164 153
1
4165 110
1
4166 259
0
1
4167 222
0
0
1
4168 137
1
4169 246
0
0
1
4170 97
0
1
4171 143
1
4172 376
1
4173 93
0
1
4174 190
0
0
1
4175 348
0
0
1
4176 179
0
0
1
4177 319
0
1
4178 154
0
0
0
0
1
4179 136
0
1
4180 18
0
1
4181 321
0
1
4182 83
0
1
4183 363
1
4184 216
1
4185 215
0
0
1
4186 367
0
0
0
1
4187 202
1
4188 58
1
4189 67
1
4190 253
0
1
4191 168
0
1
4192 263
0
1
4193 45
0
0
1
4194 62
1
4195 28
0
0
0
1
4196 72
0
1
4197 27
0
0
1
4198 372
1
4199 185
0
1
4200 36
1
4201 16
1
4202 107
1
4203 39
0
0
0
0
1
4204 141
0
0
1
4205 164
1
4206 208
0
0
1
4207 270
1
4208 242
1
4209 311
1
4210 126
1
4211 379
0
0
0
1
4212 241
0
0
1
4213 274
0
0
0
1
4214 332
1
4215 158
1
4216 369
0
1
4217 7
1
4218 366
0
0
0
0
0
0
1
4219 85
1
4220 295
0
0
0
0
0
1
4221 100
0
0
0
0
0
1
4222 273
0
1
4223 380
0
1
4224 298
1
4225 274
1
4226 92
1
4227 258
1
4228 32
1
4229 170
1
4230 351
1
4231 256
0
1
4232 23
0
1
4233 223
0
0
0
0
0
0
1
4234 39
1
4235 279
0
0
0
1
4236 169
0
1
4237 305
0
1
4238 373
0
1
4239 351
0
0
1
4240 177
1
4241 63
0
0
0
0
0
1
4242 159
1
4243 146
1
4244 90
0
1
4245 191
0
0
0
0
0
0
1
4246 14
1
4247 161
0
1
4248 297
1
4249 173
1
4250 143
0
0
0
1
4251 203
1
4252 171
0
1
4253 317
0
0
0
0
0
0
0
0
1
4254 358
1
4255 345
0
0
0
0
0
1
4256 282
0
0
0
1
4257 161
1
4258 250
1
4259 271
1
4260 366
0
1
4261 368
0
0
0
1
4262 291
0
0
0
1
4263 115
0
0
1
4264 110
0
1
4265 213
1
4266 279
1
4267 198
1
4268 66
0
1
4269 58
1
4270 183
1
4271 77
0
0
1
4272 311
1
4273 3
0
0
1
4274 321
1
4275 32
1
4276 304
0
1
4277 259
0
1
4278 275
0
1
4279 334
1
4280 244
0
1
4281 185
1
4282 175
0
1
4283 204
0
1
4284 151
1
4285 258
1
4286 53
1
4287 7
1
4288 299
0
0
0
0
1
4289 21
0
0
1
4290 53
0
0
0
0
1
4291 302
0
0
0
0
1
4292 345
0
0
0
1
4293 28
0
0
0
1
4294 118
0
1
4295 86
1
4296 169
0
1
4297 67
0
1
4298 321
1
4299 195
0
0
1
4300 190
1
4301 239
0
0
1
4302 58
1
4303 361
1
4304 380
1
4305 311
0
0
1
4306 375
0
0
1
4307 354
0
1
4308 28
1
4309 74
0
0
0
1
4310 298
1
4311 15
1
4312 286
1
4313 255
0
1
4314 345
1
4315 33
0
0
1
4316 340
1
4317 143
1
4318 97
1
4319 354
1
4320 69
1
4321 132
0
0
0
0
0
0
0
0
0
1
4322 249
0
1
4323 200
1
4324 143
0
1
4325 157
0
0
1
4326 93
0
1
4327 306
1
4328 145
0
1
4329 41
0
0
0
1
4330 265
1
4331 278
1
4332 331
1
4333 257
0
0
0
1
4334 82
0
0
0
0
0
0
1
4335 30
1
4336 182
0
0
0
0
1
4337 253
0
0
1
4338 234
0
0
1
4339 170
1
4340 92
1
4341 178
0
0
0
0
0
1
4342 61
1
4343 18
0
0
0
0
1
4344 111
1
4345 145
0
0
1
4346 130
0
1
4347 27
0
0
1
4348 317
0
1
4349 326
0
1
4350 247
0
1
4351 309
0
1
4352 216
0
1
4353 355
1
4354 86
1
4355 40
0
1
4356 109
0
1
4357 251
0
0
0
0
0
1
4358 238
0
0
0
1
4359 88
0
1
4360 232
1
4361 12
0
0
1
4362 351
1
4363 356
0
1
4364 74
0
1
4365 34
1
4366 12
1
4367 120
1
4368 372
0
0
0
0
1
4369 258
0
1
4370 57
0
0
0
1
4371 53
1
4372 286
1
4373 330
1
4374 321
0
1
4375 173
1
4376 279
0
1
4377 282
0
0
1
4378 87
1
4379 325
0
0
0
0
1
4380 139
1
4381 2
1
4382 379
1
4383 227
0
0
1
4384 248
0
0
0
0
0
0
1
4385 127
1
4386 265
0
0
0
1
4387 331
1
4388 127
0
1
4389 240
1
4390 208
1
4391 265
0
0
1
4392 335
0
1
4393 233
0
0
1
4394 231
1
4395 95
0
0
0
0
1
4396 304
0
1
4397 67
1
4398 121
0
1
4399 183
0
0
0
0
0
0
1
4400 305
0
1
4401 219
0
1
4402 46
0
1
4403 94
1
4404 215
0
1
4405 79
1
4406 141
1
4407 374
0
0
0
0
1
4408 16
1
4409 205
0
0
1
4410 26
0
0
0
0
1
4411 118
0
0
1
4412 95
1
4413 309
1
4414 301
0
0
1
4415 152
1
4416 295
0
1
4417 375
0
0
0
0
0
0
0
0
0
1
4418 54
0
1
4419 21
0
1
4420 162
0
1
4421 101
1
4422 11
0
1
4423 184
1
4424 228
1
4425 47
0
0
1
4426 279
1
4427 61
0
1
4428 155
1
4429 306
1
4430 214
0
0
1
4431 290
0
0
0
1
4432 154
0
0
1
4433 286
0
1
4434 182
1
4435 252
0
1
4436 304
1
4437 257
0
0
0
0
1
4438 216
1
4439 258
1
4440 30
0
0
1
4441 347
0
0
0
1
4442 3
0
0
1
4443 89
0
0
1
4444 237
0
0
0
0
0
0
1
4445 134
0
0
0
0
1
4446 47
0
1
4447 232
1
4448 379
0
1
4449 317
0
0
0
1
4450 200
0
1
4451 287
0
1
4452 251
0
0
0
0
0
0
0
1
4453 31
0
0
1
4454 249
0
0
0
0
0
0
0
0
0
0
0
1
4455 143
0
0
0
0
0
0
0
1
4456 299
0
0
0
1
4457 67
0
0
0
0
0
0
1
4458 46
1
4459 17
1
4460 357
0
1
4461 258
1
4462 245
0
1
4463 222
0
0
0
1
4464 215
0
1
4465 311
1
4466 69
0
0
1
4467 164
0
1
4468 180
0
1
4469 226
0
0
0
0
1
4470 132
1
4471 123
1
4472 232
1
4473 294
0
0
0
0
1
4474 381
1
4475 378
1
4476 199
0
1
4477 208
0
0
1
4478 166
0
0
0
0
1
4479 367
1
4480 10
0
1
4481 349
1
4482 25
0
0
1
4483 280
0
0
1
4484 150
0
0
0
0
1
4485 24
1
4486 53
0
1
4487 194
1
4488 112
0
1
4489 250
1
4490 246
1
4491 220
1
4492 349
1
4493 309
0
1
4494 123
0
1
4495 333
0
0
0
0
1
4496 375
0
0
0
0
0
0
0
1
4497 369
1
4498 30
0
1
4499 53
0
1
4500 168
0
0
1
4501 50
0
0
0
1
4502 205
0
1
4503 354
0
0
0
1
4504 58
0
1
4505 107
0
1
4506 311
1
4507 283
0
0
0
0
0
1
4508 203
0
0
0
0
1
4509 210
0
0
1
4510 100
0
0
0
1
4511 294
1
4512 93
0
1
4513 378
0
0
1
4514 88
0
0
1
4515 86
0
0
0
1
4516 325
0
0
0
1
4517 38
0
0
0
1
4518 297
1
4519 23
1
4520 297
0
0
0
1
4521 262
0
0
0
1
4522 247
1
4523 267
0
0
0
0
1
4524 163
0
0
0
1
4525 321
0
0
0
1
4526 244
1
4527 147
0
1
4528 180
0
1
4529 219
0
0
0
0
1
4530 222
0
0
0
1
4531 342
0
0
0
1
4532 352
0
0
0
1
4533 287
1
4534 143
0
1
4535 308
0
1
4536 297
0
0
1
4537 148
0
0
0
0
0
0
0
1
4538 82
0
1
4539 196
0
1
4540 183
0
0
0
0
1
4541 348
1
4542 3
0
0
0
0
0
0
1
4543 30
0
0
0
0
1
4544 266
1
4545 307
1
4546 81
0
0
1
4547 53
0
1
4548 260
1
4549 86
0
0
0
1
4550 332
0
0
0
0
0
0
0
0
0
0
0
0
0
0
1
4551 297
0
0
0
1
4552 222
0
0
0
0
0
0
0
0
0
1
4553 368
0
0
0
1
4554 235
0
0
0
0
1
4555 344
0
0
0
1
4556 294
0
0
0
0
0
1
4557 208
0
0
0
0
0
1
4558 369
1
4559 360
0
0
0
1
4560 246
0
0
0
1
4561 315
0
1
4562 167
1
4563 315
0
0
0
0
0
0
0
0
1
4564 56
1
4565 80
1
4566 31
1
4567 255
1
4568 263
0
0
0
0
0
0
1
4569 210
0
0
0
1
4570 331
1
4571 98
1
4572 47
0
1
4573 323
1
4574 87
1
4575 30
0
0
0
0
1
4576 360
0
0
0
0
0
1
4577 269
0
0
0
1
4578 355
0
1
4579 113
0
0
0
0
0
0
0
0
0
1
4580 367
0
0
0
1
4581 54
0
0
0
0
0
0
0
0
0
0
0
0
0
0
0
0
0
0
0
1
4582 239
0
1
4583 233
0
1
4584 343
0
0
0
1
4585 116
0
1
4586 3
0
0
0
0
0
0
0
0
0
0
0
0
0
1
4587 289
0
0
1
4588 277
0
0
0
0
0
0
0
1
4589 194
0
1
4590 10
0
0
0
0
0
0
0
0
0
0
0
0
1
4591 145
1
4592 31
0
0
0
0
0
0
0
0
0
1
4593 126
0
0
0
1
4594 53
0
0
0
0
0
0
0
0
0
0
1
4595 36
0
0
0
0
0
0
0
0
0
0
1
4596 174
1
4597 191
0
0
0
0
0
1
4598 332
0
0
0
0
0
0
1
4599 123
0
0
0
0
0
0
1
4600 39
1
4601 77
0
0
1
4602 88
1
4603 232
1
4604 18
0
1
4605 229
1
4606 164
1
4607 189
0
0
1
4608 29
0
0
0
1
4609 323
0
1
4610 335
0
1
4611 170
1
4612 217
0
0
1
4613 191
0
0
0
0
1
4614 353
0
0
0
0
0
0
1
4615 245
0
0
0
0
0
0
1
4616 73
0
0
0
0
0
0
1
4617 300
0
0
0
1
4618 93
0
1
4619 249
1
4620 364
0
0
0
0
0
0
0
0
1
4621 354
0
0
0
1
4622 299
0
0
0
0
1
4623 122
1
4624 202
0
0
0
0
0
1
4625 274
1
4626 362
1
4627 254
1
4628 340
0
0
0
1
4629 54
0
0
0
0
1
4630 215
1
4631 286
1
4632 137
0
0
0
0
0
0
0
1
4633 147
0
0
0
0
1
4634 236
0
0
1
4635 208
0
0
1
4636 93
0
0
0
0
0
1
4637 187
0
0
0
0
0
0
0
1
4638 54
0
0
0
1
4639 155
0
0
0
0
1
4640 368
0
1
4641 150
0
0
0
0
0
0
0
0
1
4642 331
1
4643 266
0
0
1
4644 79
1
4645 116
0
0
0
0
1
4646 243
0
0
0
0
0
1
4647 365
0
0
0
0
0
1
4648 181
1
4649 110
0
0
0
0
0
0
0
0
0
0
0
0
0
0
1
4650 332
1
4651 128
0
0
0
0
1
4652 285
1
4653 340
0
0
0
0
1
4654 234
1
4655 38
0
0
0
1
4656 102
0
0
0
0
0
0
1
4657 104
0
0
1
4658 46
0
0
1
4659 134
0
0
0
0
1
4660 266
0
0
0
0
1
4661 54
0
0
0
0
0
0
0
0
0
1
4662 28
0
0
0
0
0
0
1
4663 3
0
0
0
0
1
4664 99
0
0
0
1
4665 45
0
0
0
0
0
0
0
0
1
4666 18
1
4667 273
0
0
0
0
1
4668 36
0
0
0
0
1
4669 215
0
0
0
1
4670 29
0
0
0
0
0
0
0
0
1
4671 198
1
4672 72
0
1
4673 106
1
4674 191
0
0
0
0
0
0
1
4675 149
1
4676 219
1
4677 18
1
4678 316
0
1
4679 284
0
0
0
1
4680 10
0
0
0
0
0
0
0
0
0
0
0
0
0
1
4681 274
0
0
0
0
0
0
0
0
0
1
4682 50
0
0
0
1
4683 224
0
1
4684 187
0
0
0
0
0
0
0
1
4685 381
1
4686 126
0
0
0
0
1
4687 122
1
4688 182
0
0
0
0
0
0
1
4689 273
0
0
0
1
4690 43
0
0
0
0
0
0
0
0
0
1
4691 322
0
0
0
0
0
0
1
4692 48
0
0
0
0
0
0
0
0
0
0
0
0
0
0
0
0
0
0
0
0
1
4693 163
0
0
0
0
0
0
0
0
1
4694 341
0
0
0
0
0
0
0
0
1
4695 218
0
0
0
0
0
0
0
0
0
0
0
0
0
1
4696 183
0
0
0
0
0
0
0
0
1
4697 106
0
1
4698 106
0
0
0
1
4699 27
0
0
0
0
1
4700 10
0
0
0
0
0
1
4701 297
0
0
0
1
4702 198
0
1
4703 270
0
0
0
0
0
0
0
0
0
0
0
1
4704 143
0
0
0
0
0
0
0
1
4705 334
0
0
0
0
0
0
0
0
1
4706 373
0
0
0
0
0
0
0
0
0
1
4707 224
1
4708 263
0
0
0
0
0
0
0
0
1
4709 361
0
0
0
0
0
0
0
0
0
0
1
4710 302
0
0
0
0
0
0
0
0
1
4711 241
0
0
0
0
0
0
0
0
0
0
0
0
0
0
0
0
0
0
1
4712 194
1
4713 154
0
0
0
0
0
0
0
0
0
0
0
0
0
0
1
4714 255
0
0
1
4715 288
0
0
0
0
0
0
0
0
0
0
0
0
0
0
1
4716 327
1
4717 124
0
0
0
0
0
1
4718 36
0
0
0
0
0
0
0
1
4719 345
0
1
4720 88
0
0
0
0
1
4721 52
0
0
0
1
4722 135
0
0
0
0
0
0
1
4723 104
0
0
0
1
4724 6
0
0
0
0
0
1
4725 326
0
0
0
0
0
0
0
0
1
4726 154
1
4727 298
0
0
0
0
0
0
0
0
0
0
0
0
0
0
0
0
0
0
0
0
0
1
4728 231
0
0
0
0
0
1
4729 261
0
0
0
0
0
0
0
1
4730 36
0
1
4731 37
0
0
0
1
4732 144
0
0
0
0
0
1
4733 247
1
4734 298
0
0
0
0
0
0
0
0
0
0
0
0
0
0
0
0
1
4735 96
0
0
0
0
0
0
0
1
4736 240
0
0
0
0
1
4737 110
0
0
0
0
0
0
0
0
0
1
4738 243
0
0
1
4739 251
0
0
0
0
0
0
0
0
0
0
0
0
0
0
0
1
4740 272
0
0
0
0
0
1
4741 54
1
4742 28
0
0
0
0
0
1
4743 77
0
0
1
4744 328
0
0
0
0
0
0
1
4745 311
0
0
0
0
0
0
0
0
0
0
0
0
0
0
0
0
0
0
0
0
1
4746 231
0
0
0
0
0
0
0
0
0
0
0
0
0
0
0
0
0
1
4747 341
0
0
0
0
0
0
0
0
1
4748 295
1
4749 340
0
0
0
0
0
0
1
4750 309
1
4751 188
0
0
0
0
0
0
0
0
0
0
0
0
0
0
0
0
0
0
0
0
0
0
0
0
0
0
0
0
0
0
0
1
4752 52
0
0
0
1
4753 306
0
1
4754 156
0
0
1
4755 209
0
0
0
1
4756 364
0
0
0
1
4757 214
1
4758 351
0
0
0
0
0
0
0
0
0
0
0
0
0
1
4759 284
0
0
0
0
0
0
1
4760 380
0
0
0
0
0
0
1
4761 38
0
1
4762 303
0
0
0
0
1
4763 311
0
0
0
0
0
0
0
0
0
0
0
0
0
0
0
0
0
0
0
1
4764 148
0
0
0
0
1
4765 343
0
0
0
0
0
0
0
0
0
0
0
0
1
4766 114
0
0
0
1
4767 208
0
0
0
0
0
0
0
0
0
1
4768 92
0
0
0
0
0
0
0
0
0
0
0
0
0
0
0
1
4769 235
0
0
1
4770 206
1
4771 45
0
0
0
0
0
0
0
0
0
0
0
0
0
0
0
0
0
0
0
0
0
0
0
0
0
0
1
4772 152
0
0
0
0
0
0
0
0
0
0
0
0
0
0
0
1
4773 214
0
0
0
0
0
1
4774 164
0
0
0
0
0
0
0
0
0
0
0
0
0
0
0
0
0
0
0
0
0
0
0
0
0
0
0
0
0
0
0
0
0
0
0
0
0
0
0
1
4775 72
0
0
0
0
0
0
0
0
0
0
0
0
0
0
0
0
0
0
0
0
0
0
0
0
0
0
0
0
1
4776 165
0
0
1
4777 122
0
0
0
1
4778 118
0
0
0
0
0
0
0
0
0
0
0
0
0
0
0
0
0
0
0
1
4779 321
0
0
0
0
0
0
0
0
0
0
0
0
0
0
1
4780 307
0
0
0
0
0
0
0
0
0
0
0
0
0
0
0
0
0
0
0
0
0
0
0
0
0
0
0
0
0
0
0
0
0
0
0
0
0
0
0
0
0
0
0
0
1
4781 67
0
0
0
0
0
0
0
0
0
0
0
0
0
0
0
0
0
0
0
0
0
0
0
0
0
0
0
0
1
4782 370
0
0
0
1
4783 101
0
0
0
0
0
0
0
0
0
0
0
0
0
0
0
0
0
0
0
0
0
0
0
0
0
0
0
0
0
0
0
0
0
0
0
0
0
0
0
0
0
0
0
0
0
0
0
0
0
0
0
0
0
0
0
0
0
0
0
0
0
0
0
0
0
0
0
0
0
0
0
0
0
0
0
0
0
0
0
0
0
0
0
0
0
0
0
0
0
0
0
0
0
0
0
0
0
0
0
0
0
0
0
0
0
0
0
0
0
0
0
0
0
0
0
0
0
0
0
0
0
0
0
0
0
0
0
0
0
0
0
0
0
0
0
0
0
0
0
0
0
0
0
0
0
0
0
0
0
0
0
0
0
0
0
0
0
0
0
0
0
0
0
0
0
0
0
0
0
0
0
0
0
0
0
0
0
0
0
0
0
0
0
0
0
0
0
0
0
0
0
0
0
0
0
0
0
0
0
0
0
0
0
0
0
0
0
0
0
0
0
0
0
0
0
0
0
0
0
0
0
0
0
0
0
0
0
0
0
0
0
0
0
0
0
0
0
0
0
0
0
0
0
0
0
0
0
0
0
0
0
0
0
0
0
0
0
0
0
0
0
0
0
0
0
0
0
0
0
0
0
0
0
0
0
0
0
0
0
0
0
0
0
0
0
0
0
0
0
0
0
0
0
0
0
0
0
0
0
0
0
0
0
0
0
0
0
0
0
0
0
0
0
0
0
0
0
0
0
0
0
0
0
0
0
0
0
0
0
0
0
0
0
0
0
0
0
0
0
0
0
0
0
0
0
0
0
0
0
0
0
0
0
0
0
0
0
0
0
0
0
0
0
0
0
0
0
0
0
0
0
0
0
0
0
0
0
0
0
0
0
0
0
0
0
0
0
0
0
0
0
0
0
0
0
0
0
0
0
0
0
0
0
0
0
0
0
0
0
0
0
0
0
0
0
0
0
0
0
0
0
0
0
0
0
0
0
0
0
0
0
0
0
0
0
0
0
0
0
0
0
0
0
0
0
0
0
0
0
0
0
0
0
0
0
0
0
0
0
0
0
0
0
0
0
0
0
0
0
0
0
0
0
0
0
0
0
0
0
0
0
0
0
0
0
0
0
0
0
0
0
0
0
0
0
0
0
0
0
0
0
0
0
0
0
0
0
0
0
0
0
0
0
0
0
0
0
0
0
0
0
0
0
0
0
0
0
0
0
0
0
0
0
0
0
0
0
0
0
0
0
0
0
0
0
0
0
0
0
0
0
0
0
0
0
0
0
0
0
0
0
0
0
0
0
0
0
0
0
0
0
0
0
0
0
0
0
0
0
0
0
0
0
0
0
0
0
0
0
0
0
0
0
0
0
0
0
0
0
0
0
0
0
0
0
0
0
0
0
0
0
0
0
0
0
0
0
0
0
0
0
0
0
0
0
0
0
0
0
0
0
0
0
0
0
0
0
0
0
0
0
0
0
0
0
0
0
0
0
0
0
0
0
0
0
0
0
0
0
0
0
0
0
0
0
0
0
0
0
0
